1000 1000
2233 14 8 102
1709 11 6 45
4545 15 4 45
1480 14 12 143
572 4 1 76
4813 15 4 5
1572 12 3 175
2359 7 6 111
4151 11 9 59
2563 11 8 174
3194 15 4 108
751 12 7 183
1383 15 5 86
3164 14 9 2
1294 14 6 4
1294 13 7 145
318 11 1 52
4453 7 6 108
218 12 1 180
1369 6 2 200
366 8 4 86
2092 12 11 106
3895 10 9 4
3351 14 1 85
684 12 5 164
3510 9 9 142
1267 10 9 38
4427 6 1 127
1802 12 7 195
4515 15 6 153
4470 10 2 25
4821 9 6 60
2143 12 3 70
2483 13 4 80
2497 13 8 161
3107 7 3 60
4625 13 1 10
60 15 4 3
432 13 13 84
1538 15 4 82
1801 12 10 44
383 15 5 40
3007 14 5 47
2879 12 2 167
360 6 3 14
4454 5 3 163
2229 15 6 175
2169 15 10 36
779 13 10 154
109 12 7 76
2449 14 2 92
1649 4 3 111
1342 13 3 149
1641 11 2 89
4161 9 4 180
2848 12 8 138
4390 6 3 82
581 14 2 128
2030 15 9 181
2003 14 6 49
4057 15 6 89
1888 11 7 51
1013 10 3 9
2376 11 8 96
457 8 8 10
1815 9 5 158
113 15 2 132
1095 15 1 40
2189 15 15 101
749 12 5 152
995 15 10 167
3050 7 1 8
221 11 4 68
2479 11 4 25
1465 6 2 87
2005 5 3 41
1250 12 1 167
1572 5 5 154
1810 13 1 184
4655 13 12 79
2582 15 3 76
3726 9 9 31
4014 8 4 25
1518 6 3 162
3513 8 4 170
1709 13 5 181
2544 13 1 52
1107 12 5 141
1224 7 2 101
3116 11 2 155
1681 8 7 82
433 9 6 61
4879 13 10 170
2821 14 10 4
622 13 12 195
1143 8 8 134
1967 6 3 155
804 15 12 95
3318 7 7 185
1518 15 14 72
3507 13 3 167
3316 12 5 177
3957 10 9 124
604 4 1 42
2047 10 10 146
2981 13 5 95
3384 3 1 39
2968 13 10 71
1929 10 3 128
4802 15 5 118
1100 14 11 184
3547 10 1 125
4264 11 7 193
1581 3 2 53
2868 10 4 61
1395 10 8 148
4339 15 1 13
540 14 9 35
355 11 1 1
3065 6 5 66
216 9 1 192
2999 13 7 158
3456 15 4 195
3789 13 13 64
1133 10 4 35
905 6 2 141
4149 3 2 190
4712 9 6 132
1354 15 6 143
4721 13 7 181
3089 15 13 177
101 11 9 63
201 15 10 166
2999 14 3 50
1223 15 8 128
4957 12 10 23
3784 14 3 120
2316 6 6 9
1155 11 1 65
3788 6 5 12
2231 11 8 84
1812 5 2 68
4608 9 3 40
4100 13 2 21
2151 13 3 8
4830 11 6 130
3242 10 1 43
2618 9 8 12
18 13 3 121
1449 15 15 10
3369 14 3 30
2602 14 6 167
4769 12 4 34
4796 4 2 54
1717 12 1 14
1115 11 2 5
4345 12 2 26
1095 14 9 177
3591 14 3 43
514 2 1 112
2459 12 8 63
354 13 3 29
2829 9 2 50
351 13 8 90
2336 12 4 139
4727 10 1 9
2794 14 1 44
2594 11 10 145
363 14 8 103
1437 15 10 109
2568 14 12 116
1836 12 10 85
1270 15 10 45
3261 3 2 97
483 8 6 120
1085 11 10 29
2375 12 9 67
2195 14 6 197
1271 12 1 135
723 11 3 197
2814 10 7 199
1596 14 6 59
4870 14 6 112
1460 13 7 95
3919 10 8 37
4895 2 1 124
1512 11 3 16
1762 6 5 119
2199 10 9 122
638 6 1 99
1162 11 3 11
559 11 9 45
4865 15 9 12
569 12 8 70
691 6 3 174
2680 8 4 48
2589 12 12 18
151 12 10 189
2946 2 2 168
2893 12 10 3
1208 6 5 114
257 12 2 116
3545 9 2 21
913 15 11 79
66 11 6 5
3124 15 6 185
1936 10 5 121
2603 14 13 181
4365 6 5 49
1108 8 3 199
3747 13 2 24
984 1 1 131
4503 12 10 169
3175 7 6 95
2376 7 3 38
4842 15 14 172
4913 11 8 30
946 7 6 52
2093 12 4 85
3059 9 3 71
3990 11 4 167
3117 8 6 133
1804 12 2 97
4614 14 2 191
4582 2 1 192
4992 14 8 184
789 5 1 46
3961 13 7 94
853 14 12 123
2300 6 6 106
1232 12 5 65
2361 9 2 66
752 14 2 8
2382 14 7 42
484 12 12 110
879 15 3 70
1708 13 8 18
1225 11 8 119
1388 9 7 7
2529 11 1 181
4275 8 8 33
616 7 1 8
4584 6 2 70
45 9 3 44
2809 12 5 80
1575 11 8 35
3643 9 1 42
3925 9 7 126
3079 11 8 1
1092 9 6 167
4743 12 9 47
141 14 8 144
3005 11 11 8
2729 12 6 42
4878 14 14 114
2669 14 5 190
3080 13 7 86
1477 4 1 79
1295 6 6 24
3688 15 5 30
1101 14 14 148
1696 11 8 155
827 9 8 17
2811 13 7 189
3991 2 1 15
623 8 2 10
4915 12 1 87
3548 12 4 3
2787 11 4 162
3597 15 3 22
3418 15 6 132
989 9 3 34
2591 5 2 144
2274 3 2 94
4970 3 2 130
3345 9 7 51
3821 7 2 35
2663 3 2 4
4141 15 10 104
1430 9 9 62
186 6 6 98
103 13 5 8
3722 10 1 155
2234 9 5 108
2709 11 8 89
100 13 9 105
3840 12 5 89
1281 11 1 149
3907 15 7 137
3537 4 3 185
1588 12 1 164
3318 14 4 2
3697 14 5 195
2500 13 2 112
4777 13 12 17
3138 14 1 145
938 13 2 28
97 13 6 147
3698 13 6 96
3042 8 2 152
99 14 3 40
759 14 2 9
357 13 3 166
95 11 7 158
2770 12 8 25
2533 14 11 164
4867 14 2 139
4095 3 2 179
1640 11 7 123
3372 14 1 198
2102 13 6 177
4759 15 3 112
2836 12 1 15
2681 12 2 170
3613 8 1 13
2097 15 12 76
4504 11 11 103
1841 9 8 31
1037 12 1 193
4862 14 11 178
733 12 11 166
2372 14 8 61
2834 10 10 121
2832 10 5 115
1880 15 5 52
4586 11 1 147
780 4 1 138
783 10 10 48
1164 4 3 77
4422 15 3 1
3456 13 8 115
2520 6 4 65
4443 15 12 142
747 13 8 38
4842 14 2 64
1234 6 5 137
3978 14 7 48
317 12 10 120
3596 5 1 32
3143 9 9 19
3826 13 9 129
200 9 5 169
2320 14 5 47
4954 14 2 29
267 6 3 5
2716 14 2 109
779 12 1 174
275 7 6 193
3073 15 7 61
495 13 10 145
2312 15 6 196
3317 13 9 169
2978 9 6 96
4307 9 8 166
4680 8 5 169
1238 13 8 75
1028 13 3 8
3388 14 13 19
622 8 3 150
3700 15 12 124
2269 3 2 159
464 12 9 106
3226 15 3 105
4178 14 8 173
4806 3 2 149
3497 10 1 170
283 11 7 21
1112 10 9 196
1568 8 8 32
2763 15 5 109
2685 11 8 185
1409 14 12 35
1108 10 8 198
793 11 5 194
3212 9 1 69
2736 10 4 145
991 13 2 192
1089 12 5 180
300 12 11 79
2422 4 3 135
3321 11 2 172
2073 15 12 21
1150 12 11 171
4109 13 3 72
3439 9 7 152
2026 11 10 59
1675 14 9 194
4008 12 4 194
2730 12 11 34
680 7 5 47
2158 9 6 37
3954 8 3 177
3246 7 5 29
1728 13 2 113
636 7 5 200
589 12 3 63
4548 11 11 7
880 4 3 172
4094 9 6 53
2120 12 4 28
2598 11 10 62
1511 7 4 55
638 8 2 150
1349 14 7 44
4217 11 8 121
3052 15 9 112
4478 14 1 70
1599 11 11 165
2381 7 4 122
2892 12 2 30
4090 7 4 18
1932 11 1 162
3294 12 3 123
3029 10 7 98
1451 14 13 148
4395 12 4 2
1491 13 3 199
3764 6 2 160
4786 13 7 147
4968 8 3 72
686 13 8 77
2409 10 4 43
4910 13 6 101
37 13 9 149
3524 11 3 56
2104 15 6 70
3820 11 3 1
4493 9 4 29
194 9 5 88
856 2 1 80
2753 11 8 175
4076 7 4 115
3516 15 13 169
1812 12 2 51
314 14 7 166
2600 9 8 71
2258 9 2 167
736 15 4 75
2917 13 12 21
1060 12 7 29
3887 11 3 172
1326 12 9 167
850 7 4 98
2954 13 1 8
4073 11 7 162
2898 5 4 162
3911 8 6 5
3936 10 6 145
4503 12 9 84
617 9 4 149
1333 14 1 116
2447 14 7 160
511 12 8 31
1799 6 5 195
1069 15 11 73
2031 11 11 85
1473 14 13 64
1971 14 1 12
2206 3 1 18
828 14 11 17
4588 5 4 176
482 14 3 40
3979 7 3 112
422 6 1 168
2636 15 1 51
11 15 10 84
4206 2 1 159
1972 15 11 51
3002 7 3 169
3395 10 4 161
4882 12 3 191
4607 10 5 156
938 11 11 45
2629 6 4 174
1162 11 5 58
3512 12 6 182
3813 15 9 155
836 11 10 83
2568 9 9 35
1417 8 1 103
2816 11 8 51
3142 8 2 28
1439 14 9 87
1114 14 13 91
945 15 4 64
2562 11 2 159
1042 7 2 30
2042 3 1 73
2084 15 7 94
250 9 6 91
4026 9 3 73
4555 10 3 141
3076 14 8 56
4573 9 3 132
3008 10 8 191
2506 7 2 132
449 10 8 88
785 13 11 105
3578 9 9 150
2684 14 4 110
485 12 10 172
4870 14 2 4
75 13 7 95
2019 9 7 106
2367 8 3 6
2778 13 12 159
3125 12 9 30
4419 11 6 46
353 11 5 83
2700 14 4 170
439 15 14 82
1907 10 9 128
3544 15 3 162
2564 15 3 116
3556 6 5 132
4876 8 1 95
3326 10 3 14
759 15 7 147
1014 14 9 38
1718 8 7 27
1084 6 3 157
1568 5 3 46
3216 3 1 30
1947 6 4 184
3529 8 7 69
773 12 5 42
3136 10 3 40
2520 15 1 72
522 14 3 172
4939 9 9 199
1196 7 6 177
2833 7 6 61
3019 8 3 194
2677 15 2 45
1686 14 5 195
2969 9 5 40
4371 14 6 32
2689 2 1 186
3954 9 6 159
3572 10 5 175
4780 15 13 84
3604 1 1 90
2480 8 4 24
4043 13 11 74
3749 5 2 28
3804 12 9 156
3703 12 4 127
1336 14 14 181
1523 14 3 27
4206 10 1 170
2986 8 5 88
2974 9 7 115
3941 12 8 200
4790 15 4 154
1022 15 5 155
1343 9 8 85
1759 12 4 179
3168 15 5 53
1951 14 6 125
1517 3 1 35
3637 14 3 101
2265 10 9 6
217 7 4 140
4976 4 1 171
2382 6 1 10
1696 15 15 120
2022 14 10 159
560 7 2 165
1314 9 5 11
3498 12 3 129
3718 5 2 197
293 15 1 123
4713 6 2 81
4975 11 2 150
377 8 4 199
3979 15 10 1
4237 15 7 143
4557 10 1 128
1262 11 8 125
1794 8 1 122
4229 15 6 52
3653 13 2 197
4298 15 5 4
926 15 13 149
477 12 2 123
3432 15 1 46
1995 12 2 173
677 7 7 70
3028 15 10 78
105 3 2 34
250 4 1 147
4827 14 13 75
2330 4 2 28
3175 15 7 93
4087 15 10 198
2062 14 8 51
2996 8 2 59
4650 14 5 108
3716 7 5 149
4422 6 3 10
4769 13 6 15
2816 12 11 57
3983 8 4 10
372 7 1 76
4583 7 4 156
3496 15 12 175
52 8 7 104
2727 15 14 98
31 14 4 112
510 11 8 190
1197 8 1 118
4780 10 6 191
4463 5 3 7
2290 3 1 137
2996 11 5 121
3637 2 1 58
446 6 6 197
2974 15 4 91
3464 15 12 2
280 6 5 112
4482 13 3 9
1572 15 15 141
3436 12 1 103
2904 6 4 165
2541 11 10 70
749 14 2 2
173 15 10 13
874 11 8 84
811 10 9 108
1296 13 8 70
4907 3 2 178
2664 12 8 136
4126 5 2 52
1131 8 5 87
874 12 2 189
1095 12 11 197
3788 8 8 75
1181 9 2 22
4179 5 1 85
4759 15 9 127
836 6 5 158
4083 3 1 45
4580 14 1 175
3508 12 3 155
1362 15 4 178
198 14 7 115
572 9 4 144
4435 6 2 11
3323 12 3 74
437 6 2 36
1426 14 9 192
2650 15 8 32
4416 13 6 66
169 7 5 154
1216 7 3 155
3488 10 5 80
3643 12 5 171
2897 15 4 157
2930 11 6 83
1255 15 2 183
902 15 13 138
1915 15 14 146
1972 7 3 18
3434 12 9 55
1524 14 11 168
4531 3 3 30
1477 2 2 108
3354 4 3 91
701 12 2 20
3747 8 6 152
4358 15 4 19
4427 14 8 195
4467 14 8 184
4561 13 3 187
4070 14 12 64
1867 4 1 199
4715 13 6 180
4379 5 1 6
1900 14 6 26
408 15 4 25
1673 6 1 99
4167 15 8 96
533 10 2 21
918 10 8 45
2166 11 10 145
2422 11 4 111
1692 15 8 37
2040 15 14 52
3513 7 2 22
4702 10 4 110
833 6 5 36
2023 15 6 95
2429 14 2 110
2898 14 12 74
3243 14 14 151
3243 13 12 155
4259 8 7 61
2827 5 4 44
3648 10 5 65
4485 8 1 112
1141 14 4 57
3891 5 3 31
4205 12 10 164
2652 6 3 159
1240 10 4 128
2135 13 7 25
2270 8 5 131
284 12 9 157
4001 12 8 37
1774 8 2 47
4109 11 5 194
4496 11 5 28
289 14 7 198
3409 9 2 81
1832 5 4 20
3220 3 1 3
4793 5 3 180
1751 14 13 33
2429 12 5 175
2852 10 6 12
3045 14 5 69
643 8 2 144
3133 13 10 4
767 14 8 5
2112 11 4 153
4694 12 3 124
554 5 4 199
2762 7 4 92
4232 10 3 105
1816 14 2 191
3036 13 11 141
704 14 12 143
4382 6 3 30
1334 8 5 95
1858 2 1 135
4043 14 10 29
1435 8 7 85
2968 15 13 137
2647 9 2 177
244 14 4 22
4468 12 8 77
3466 6 2 108
3433 10 8 25
3280 13 1 153
2104 14 6 121
4026 15 8 45
3669 4 3 95
713 10 7 65
2548 14 1 92
3208 8 3 98
2663 14 5 176
2031 13 11 166
3589 12 6 172
2285 14 6 5
4 6 5 173
444 3 1 125
4303 12 9 200
1814 9 8 108
2472 2 2 28
3771 10 5 7
3168 12 7 51
3741 15 14 32
2940 6 5 104
2843 14 6 191
584 10 1 107
3506 12 6 8
4337 14 14 149
2458 13 2 134
156 14 4 111
904 8 5 33
86 11 7 199
1320 7 1 13
4739 15 1 12
1143 12 4 152
219 15 3 171
2918 9 7 6
774 15 6 21
1215 6 2 86
1467 12 4 155
1854 15 11 21
2074 3 2 14
1586 15 3 157
109 11 3 114
3296 5 4 25
1283 4 3 141
550 5 3 154
2852 12 5 26
764 12 11 175
1690 14 9 36
1778 3 2 186
3832 9 2 136
2678 13 7 41
356 6 2 176
348 5 1 103
4466 15 10 169
2437 7 4 11
2480 12 9 179
2514 5 1 183
969 5 5 128
3222 12 6 155
1165 10 7 114
1438 9 8 43
3042 11 4 63
1336 6 5 69
870 14 8 180
4980 13 11 166
371 4 3 120
20 12 4 144
1629 13 2 135
3483 15 10 95
3768 12 1 46
2444 10 1 125
4376 14 7 5
4854 10 4 154
1564 5 3 59
3588 7 3 166
1055 14 7 99
627 5 2 22
112 8 4 117
3001 15 9 56
1849 2 2 175
341 12 11 19
4592 7 2 120
4132 8 5 8
2663 6 2 84
513 13 11 31
2384 13 6 79
3817 10 8 197
556 12 5 126
2658 10 6 37
3250 6 6 114
691 11 5 53
4955 14 2 140
1109 8 4 189
2506 5 4 108
4693 10 1 12
4790 15 3 18
1576 13 13 192
4727 15 2 87
4198 13 12 164
3681 10 6 112
3004 15 6 23
1994 7 3 19
3451 13 6 64
3432 14 11 137
833 15 3 37
2928 14 8 108
2368 11 9 127
2491 15 11 120
4990 14 13 10
1376 13 7 34
1084 9 2 199
1967 12 3 166
2633 7 2 18
3974 14 5 163
948 14 11 98
4867 13 6 126
562 9 1 61
2000 14 9 86
958 15 3 168
1277 9 1 103
4603 7 5 112
4187 12 2 178
3229 12 4 35
2632 8 2 103
1124 15 9 39
1141 2 1 122
1380 10 6 70
2434 15 12 70
2411 15 1 130
396 13 8 157
3922 7 5 184
54 7 3 156
2815 6 4 198
1893 12 10 190
3950 14 10 92
4982 11 2 105
2969 7 3 192
4348 10 6 184
3624 15 6 172
4615 8 1 16
1669 10 2 90
3469 8 6 158
1155 9 6 198
647 14 13 55
1162 14 3 44
1523 11 6 2
2833 5 2 192
4156 8 7 159
4981 9 8 149
2678 15 14 85
549 8 3 1
3871 12 3 122
2004 12 3 118
3850 6 3 133
4584 13 1 118
4888 9 1 12
2617 14 2 117
1712 9 8 192
3371 3 2 183
1580 11 9 148
2110 8 4 56
2454 14 1 138
1713 7 2 129
4068 10 8 22
766 15 7 40
4736 7 7 87
4758 15 12 129
1397 3 3 52
4923 9 6 183
873 12 2 89
1897 13 2 9
3178 11 4 38
2090 13 5 155
1428 7 6 146
3248 15 4 99
3500 13 3 117
1287 10 6 47
4629 14 10 37
2105 12 7 34
1168 13 4 195
2870 13 6 7
4148 13 11 139
1850 11 9 158
2975 10 6 3
2530 13 6 128
3929 14 5 18
1512 14 9 74
173 14 1 128
2305 13 12 168
2224 3 2 83
3635 12 12 82
293 15 8 155
2524 13 5 174
4524 15 1 167
3459 9 2 25
4682 11 4 187
3439 13 7 12
792 15 4 142
3054 12 11 197
3271 10 7 179
3760 3 2 62
2444 15 7 83
4209 6 6 25
1167 12 7 117
2529 15 7 92
3481 14 5 8
3736 2 1 133
1155 5 4 19
3410 3 2 132
4437 11 10 90
116 11 10 51
1730 14 3 61
135 11 1 142
433 12 11 197
2660 11 1 167
3908 15 6 71
1346 8 6 126
903 9 6 152
1047 13 10 19
2294 7 2 105
2682 7 2 3
348 10 6 186
4273 4 4 24
1276 11 4 115
693 14 9 53
2183 7 5 33
3306 15 10 48
1990 13 10 148
265 10 3 34
1837 5 4 84
2688 14 13 93
1920 8 4 190
2189 14 7 145
3913 11 1 60
3589 9 4 46
4507 13 5 187
2766 13 8 155
3920 7 3 160
2123 14 14 68
3616 15 4 73
1158 10 2 150
2616 13 11 187
4153 10 5 181
1250 6 4 166
3518 13 2 59
609 8 7 6
1628 7 1 8
2296 10 5 172
28 10 7 147
289 9 3 114
2241 14 8 51
4687 14 8 124
4844 14 1 145
2721 15 3 110
4995 10 2 107
3740 11 1 175
2977 8 5 15
3069 6 4 200
3086 6 1 83
1652 2801 705 4385 30 2864 2311 1888 3220 1562 21 3818 2539 482 1951 4563 1261 1872 3814 2268 4645 3827 4448 3002 1560 2650 1720 2925 2927 2712 539 4160 191 463 1782 4327 4661 3766 3843 4522 2196 3803 4093 4985 1561 4177 1197 4093 3920 3198 3396 1271 2645 3359 3907 690 1308 479 1156 3152 2527 3443 1613 2397 1687 3911 548 1363 227 1129 3258 2984 550 1045 4612 3258 4454 2201 644 1168 3002 27 4940 2476 680 2992 1999 1961 3414 3405 2088 3235 2261 3253 4444 2225 3021 282 1544 2433 1977 1310 4986 4931 2773 2815 464 3843 3078 399 231 3159 2280 362 132 1971 1182 685 4166 4326 4093 2298 1505 2491 4483 2633 1740 4218 550 415 1466 3126 2356 830 4796 3538 625 1522 936 2602 4632 1980 4266 3997 3051 3269 3585 1868 4153 2575 1741 589 3833 1306 403 1870 2625 389 4503 766 3993 3183 2320 4757 3228 3359 3998 962 2009 3114 2687 1001 3790 4342 2474 4744 312 1958 2956 3286 204 4178 773 840 3605 1107 99 4846 4067 3455 3675 90 2573 770 2582 1492 2222 2541 61 482 225 2565 4284 3913 4539 2897 3193 2451 876 2078 2921 151 121 2827 227 2838 1078 2371 167 1087 3938 2928 2902 1479 3229 3330 2431 2762 120 3180 2658 4440 4764 1198 3363 4961 277 314 2885 986 1619 3401 4463 584 985 2122 2048 113 1397 3501 690 3657 4278 2910 1557 531 3542 787 4912 356 4768 4542 3537 3571 3449 3299 3277 1006 3177 4374 1450 2767 3827 2484 1845 1722 574 3953 1727 1267 2035 962 1880 3778 956 4917 378 2839 3004 2206 529 2276 4736 2829 1116 2558 3267 3651 3782 2901 1346 4125 1278 202 1180 4604 643 2277 4035 2204 3351 89 1819 1084 2924 4242 3707 1834 349 4032 4035 3356 640 318 4424 4745 4066 1006 1311 1321 2006 1182 964 4068 4442 4997 2883 1412 2743 1181 1447 3799 302 272 3457 3107 1305 2048 2785 3272 4270 570 2259 3284 2278 4948 4082 1320 2973 4118 1447 1942 1783 4862 2667 1025 2943 963 524 4282 64 3841 4135 2508 196 4059 2609 66 4896 4442 17 3088 1481 1448 4789 507 4667 3436 3088 1816 3317 3571 4736 1691 2145 2275 4295 1438 4631 3298 1399 4514 4507 4504 4800 4755 4288 2490 4643 3812 702 4134 1250 2683 2882 2058 4846 549 1496 1645 3477 2617 4273 1881 4416 1036 4403 782 1196 3615 3594 1944 2611 3466 2676 1510 1966 1592 2381 168 2268 1803 1904 4428 3894 4232 317 3776 1874 4087 4467 2755 4257 4486 3588 4352 3565 1792 4292 1885 2863 2049 4284 1481 1241 1711 2554 1293 4262 3972 2410 4993 3131 2839 1692 4620 3563 712 1647 2036 4156 352 1119 2315 2940 1836 864 1926 3421 1482 4915 3075 4528 3031 1231 3068 4800 461 3439 3936 1681 408 1277 249 4029 2084 1849 62 4923 453 2917 3543 2260 2341 1754 415 1905 3712 4639 2127 57 4375 4753 826 4822 4494 3473 4108 2632 3115 3805 1966 3793 4097 3062 3294 4780 4641 688 4285 4216 1835 524 37 2099 571 157 2159 3906 2168 221 2097 3894 1256 3328 1595 4005 1272 2507 216 4338 4899 4657 4380 784 1805 3904 3733 2869 3120 3506 517 4827 4807 3039 2830 2828 1312 3289 915 3774 4081 94 33 1872 2123 1075 4174 1828 2662 2405 3574 4252 2751 119 2920 3332 2320 351 4253 4692 1318 2664 1090 804 2188 3820 3707 2927 3313 1996 3743 1227 4546 2470 469 730 2964 768 4045 3912 4762 3737 2915 2103 1703 160 1141 1463 3102 4304 4774 3562 3443 3029 4774 2871 4795 1859 3591 1409 827 97 3615 4404 4517 4161 2514 1498 3805 2837 292 4787 3317 3153 1020 135 66 4656 278 2608 2606 4747 4690 3517 430 3217 2747 1494 3211 3105 749 4663 2101 394 1378 3311 2150 3970 2326 1102 1782 2911 3900 3390 195 3985 3295 1057 1387 294 3673 4668 4734 4323 2277 730 1476 3882 3987 3812 3407 2680 1184 4677 4382 4655 1203 2243 2617 3081 1933 3882 2015 2856 4876 278 1899 3565 2815 2317 2615 1319 1807 4819 1523 276 1146 2982 1836 3136 2504 3689 3271 4740 4279 3155 2481 452 3258 4714 2747 148 1141 1239 4654 434 2885 3786 1716 359 120 4855 131 766 3753 4699 4408 713 4215 3804 3414 4984 77 1832 228 3492 548 3863 632 1297 2800 1079 2505 1191 2956 3579 1884 2361 922 1180 3786 3523 806 1352 777 4946 945 1610 1271 820 4764 192 2906 2791 3797 4447 4285 4536 3474 293 1355 70 1871 4358 2658 3606 430 3390 2528 2845 3950 4397 3163 1368 4501 1897 47 4993 2133 4580 2521 1916 2498 2818 2899 4740 2243 562 4520 3827 4435 33 4849 2261 164 4494 4243 4690 3413 2537 2944 2370 1413 4304 3060 859 3722 160 3165 2274 1639 4262 1644 1922 3292 2899 278 2829 856 3570 1743 3624 2972 1289 2219 2204 72 254 3646 4468 4759 4980 3904 1648 2906 4195 1182 982 3607 1155 4523 2591 847 2743 2147 1533 3696 858 2474 1445 3081 3201 3278 2870 3133 4775 3861 3819 720 2368 2150 2948 4248 2781 2635 3923 2328 3227 4783 3726 2934 3343 3329 4569 2184 3974 1120 4018 1503 3122 1701 3516 2508 4867 1206 3987 4586 663 2755 3448 2153 2885 3166 4072 4517 1961 156 2801 4751 3647 1681 3287 3999 2003 1008 2514 4359 3521 2167 3385 2981 366 2866 2567 2060 4816 566 1608 4699 100 4287 16 348 3215 4613 4365 1625 897 3546 4620 423 1739 3055 1157 567 4422 2539 1725 3790 3258 1763 3356 3467 4076 902 4804 2838 3804 2752 4155 2856 4923 1502 316 4255 4463 3463 1840 3337 