1000 1000
1136 2 3 27
543 7 10 138
189 14 3 153
4894 4 12 76
254 7 5 160
3389 14 3 140
2578 8 12 40
3214 13 10 116
2543 10 12 89
4510 6 2 26
4951 4 11 105
3586 6 9 64
3954 13 6 78
2907 2 12 63
2112 14 12 162
3276 6 12 27
4376 9 4 128
879 7 10 35
484 14 1 127
4425 4 15 178
4189 10 14 132
1449 7 10 73
1229 9 6 105
3134 10 3 184
1841 5 4 134
373 4 1 96
1184 2 2 77
1064 10 2 95
4452 4 7 93
1999 15 8 3
1461 11 8 43
2299 8 12 70
143 8 1 170
889 7 5 153
4581 14 14 53
877 14 2 187
3616 15 5 20
1113 6 3 101
1741 13 10 100
2435 13 6 13
3969 13 15 133
3146 9 6 46
4973 4 6 138
3780 13 10 68
2640 12 3 155
4891 10 10 100
4216 6 7 122
1321 2 15 55
2701 14 15 177
1420 5 9 36
2430 15 15 188
4614 2 13 199
914 5 5 53
2779 13 13 62
301 4 5 60
4025 8 5 138
3256 6 10 56
3329 7 9 124
3865 13 6 100
2571 11 2 4
1178 10 2 33
993 4 7 20
3412 7 9 16
3898 5 15 123
1693 4 13 17
615 3 5 45
4383 5 9 163
3990 1 3 172
2879 7 13 96
403 13 10 99
200 5 14 126
2682 11 14 180
670 1 7 55
4460 8 10 40
1235 12 4 94
3374 2 6 68
333 4 8 138
290 9 14 183
1795 3 5 21
2209 11 8 155
42 14 7 129
4641 14 1 10
1044 8 11 193
4184 2 14 19
109 10 12 78
383 4 10 56
1557 13 3 154
2786 9 7 146
1808 13 5 162
1136 10 8 57
4932 11 5 192
4553 2 5 170
2783 13 11 11
3040 9 6 55
773 15 10 103
4055 5 6 22
3884 8 12 129
4102 14 10 153
3221 12 5 57
3759 9 8 35
4121 1 9 80
2061 9 15 67
3813 11 1 22
4578 6 1 175
1372 7 7 48
2903 6 2 26
2521 2 12 81
3743 5 3 195
4712 13 9 34
2606 14 5 146
37 7 10 62
4410 15 2 64
1371 15 1 47
1867 4 5 63
2802 4 9 143
3230 1 11 95
4387 7 12 53
1910 3 7 47
2426 2 6 58
2507 3 13 110
409 11 5 143
3240 9 9 189
209 11 2 168
787 2 3 64
44 14 13 80
1254 1 1 130
1406 2 1 103
1035 14 8 183
1525 4 10 171
4009 10 12 25
3047 6 4 45
1724 10 9 26
1816 14 8 124
2164 10 11 185
3217 1 4 66
2299 4 12 34
690 12 13 194
2359 12 6 98
1647 2 2 57
4583 15 2 163
1544 8 2 10
4472 10 1 25
1499 8 3 108
1868 10 2 119
4934 12 8 132
2813 5 15 92
3872 15 4 2
622 9 7 176
3486 9 14 30
4100 13 14 79
1403 12 13 183
2395 8 5 21
4299 6 4 124
4742 1 5 145
2610 11 9 102
3512 13 3 52
3411 6 4 150
931 8 1 176
4208 11 13 120
1295 1 2 200
2839 12 12 11
2969 7 15 171
2199 6 9 144
4093 1 3 18
2259 15 11 74
4701 6 5 35
437 15 9 181
1427 1 10 30
2930 9 14 84
1379 4 4 54
1908 14 4 176
259 14 15 131
3258 6 14 81
326 6 14 97
2028 12 2 73
4180 13 1 9
1852 14 13 197
1815 5 1 37
113 4 6 43
2298 1 15 174
4698 6 2 152
2375 2 9 102
602 8 1 156
1477 8 11 115
3321 5 9 124
4561 2 5 63
3744 1 4 86
2429 3 5 43
4568 9 13 55
19 2 12 164
4323 4 5 4
3241 3 7 176
2014 14 6 111
3610 3 11 117
1314 12 9 7
352 4 11 112
1992 14 14 40
326 1 7 184
4768 10 12 105
4224 8 11 140
655 15 5 45
3988 14 15 33
4200 9 1 121
792 5 8 10
187 9 8 180
4735 9 2 170
1416 9 1 137
3585 3 2 118
2763 6 2 173
3977 4 12 66
2334 3 10 77
3029 2 3 9
1746 14 5 63
2555 8 4 152
4496 1 3 2
677 12 9 50
180 5 4 147
4736 8 10 90
1089 2 5 194
2425 7 5 127
1108 4 15 100
3290 13 5 20
659 8 11 159
4779 12 3 82
310 11 1 64
1742 11 7 67
4052 12 15 58
4017 13 7 89
4338 13 2 166
3736 15 8 110
2575 15 11 186
2157 7 12 48
2915 14 3 106
2899 11 13 83
3237 1 8 167
2670 15 10 109
3777 13 8 125
3495 13 5 31
2251 13 8 101
1462 13 5 128
765 13 6 145
3136 4 9 87
4168 5 13 77
4451 9 11 119
3131 13 15 181
3630 7 13 194
4517 7 7 106
4351 13 2 191
541 14 8 37
4132 6 11 92
4657 13 14 2
2393 15 5 77
1125 10 9 84
4568 1 7 191
643 12 10 79
2585 12 15 187
1079 8 2 16
3205 12 8 123
3378 12 8 155
4608 13 12 77
628 14 14 169
631 3 15 187
2939 4 7 94
1778 5 10 192
1294 14 12 24
4014 7 9 170
3351 8 10 33
4697 8 13 118
4534 13 11 56
4491 5 1 37
4662 4 11 59
2832 1 2 155
204 5 3 70
3646 3 12 18
4261 11 6 22
4930 13 6 187
2044 12 5 66
778 3 11 162
3329 12 3 97
4744 8 12 104
2085 13 13 46
3105 9 9 39
608 6 10 52
1609 14 6 13
4973 15 11 5
1081 1 4 54
4955 10 7 183
938 10 13 24
2747 1 5 28
1569 8 11 153
316 1 10 183
767 15 1 5
831 10 1 165
1644 9 6 64
4152 13 9 33
4462 3 12 167
1040 1 13 95
961 6 14 33
2716 1 12 146
2600 2 6 145
2373 10 1 29
4720 2 9 64
2165 6 1 18
898 3 3 119
1365 1 2 180
2805 7 13 122
2575 2 13 152
3060 12 5 92
1009 15 9 142
3726 6 15 145
1481 5 15 176
1255 5 3 12
3931 2 2 168
1682 7 7 115
4429 9 13 3
112 2 2 70
1289 1 12 191
2510 9 4 56
1928 14 7 37
178 11 4 20
1200 4 6 122
1806 8 9 184
1783 2 2 69
2951 13 1 180
3056 14 9 128
985 5 5 106
1863 6 4 69
3657 11 1 49
664 2 2 18
1286 5 4 111
2346 5 14 65
583 1 13 87
4420 14 12 78
3712 3 5 148
4657 12 11 132
4440 14 9 27
2389 3 1 156
1495 1 15 118
2334 11 14 72
3446 3 15 164
4615 2 6 134
547 5 15 11
2776 1 1 167
1801 6 11 114
4376 7 14 5
1848 13 1 173
1001 12 3 10
3460 9 4 6
853 2 12 78
349 5 1 20
3021 2 11 62
360 7 4 87
3796 9 8 87
2104 10 11 16
2979 9 8 177
3275 15 6 139
3268 5 13 116
2248 8 3 71
3219 3 9 83
3091 13 15 79
2622 11 15 43
4304 2 8 128
4105 13 3 83
3834 5 3 70
3723 1 13 27
775 12 15 116
3702 13 10 109
3646 4 6 180
1958 1 12 32
4359 8 3 135
972 9 4 72
3402 12 5 92
673 2 3 28
2454 9 15 91
189 6 12 180
2169 6 4 35
2083 2 5 20
3726 5 2 121
538 8 13 110
229 15 13 57
140 10 10 196
2462 8 8 5
4141 4 11 124
2036 13 5 73
952 9 5 70
1368 7 6 178
885 4 15 194
2747 5 13 79
4862 2 14 38
3041 8 5 136
154 13 9 197
2399 2 12 88
3380 15 13 192
4849 2 9 110
1179 8 5 114
2752 1 6 32
4232 8 14 197
4164 6 8 44
3129 15 6 176
3664 12 3 103
238 4 2 170
1397 15 14 186
2055 1 14 18
4866 2 13 120
2343 11 8 133
446 12 6 33
732 4 12 67
3750 12 6 95
2459 3 1 24
662 14 10 69
901 10 9 58
2489 12 11 99
1862 6 5 110
2260 14 2 182
2420 2 14 110
1877 13 14 96
3603 13 9 103
3406 12 15 166
2406 14 1 192
4227 6 1 72
960 11 9 196
1026 14 15 117
3918 13 14 98
706 9 7 9
2860 11 6 109
1442 2 7 138
464 15 12 112
1160 12 12 60
1969 13 4 31
895 10 2 143
3959 1 15 96
2924 9 15 113
4359 8 1 73
1192 6 1 106
728 7 8 19
1019 2 12 95
1135 10 6 174
4075 1 3 37
30 12 15 75
2624 3 4 105
2246 14 8 144
4717 3 6 15
789 15 1 124
3118 9 3 20
2346 8 8 60
4448 4 8 121
2787 4 5 30
2540 13 3 179
2432 2 13 110
1506 12 15 188
4316 2 1 90
4583 13 15 94
4410 7 1 122
3157 12 7 155
1577 2 4 34
603 14 10 27
4737 12 4 38
1664 1 12 120
2980 14 1 107
2288 8 3 124
2862 7 14 65
2337 10 6 163
3549 10 3 10
3283 6 12 58
1376 9 3 108
1344 11 9 58
1206 10 13 7
474 11 14 5
2628 10 14 47
3146 13 15 91
3449 14 6 145
3328 15 13 5
402 9 15 199
964 1 9 81
3215 15 12 119
1965 10 7 147
3364 11 6 190
496 6 2 14
990 13 9 167
1178 1 6 123
3787 5 14 193
1430 8 6 177
2354 10 13 143
1518 14 11 35
817 5 12 109
2468 15 9 36
4409 11 15 181
2113 14 2 112
689 7 14 92
990 7 1 170
3431 13 10 157
30 5 11 35
2962 9 2 166
1781 8 11 197
4982 2 10 199
596 12 15 3
2915 5 12 26
745 3 5 25
845 2 5 140
1023 14 5 38
2388 15 13 17
4398 1 14 172
4208 13 10 2
3726 1 6 104
1913 15 3 170
2427 5 5 34
609 5 10 122
577 9 6 137
4967 12 9 177
892 3 2 175
2349 15 6 26
2683 7 13 76
4012 7 2 74
970 9 11 76
783 11 3 108
2646 12 2 118
185 6 2 87
3515 9 2 30
1239 15 6 169
4683 10 12 4
2902 7 1 112
2141 3 14 176
3150 3 1 178
642 8 6 82
337 2 12 16
3164 9 10 154
1035 12 11 14
2348 15 3 14
4814 1 8 27
557 13 6 46
3595 4 3 127
833 2 9 114
546 1 5 63
3599 14 8 164
467 5 12 133
2135 6 15 83
3215 4 12 93
4054 5 15 139
68 12 14 51
3134 6 10 144
4761 3 5 99
1658 15 5 58
1180 12 6 138
2228 9 1 5
2510 12 7 44
3609 2 9 173
2857 8 12 66
881 12 7 4
83 8 11 48
3989 13 11 111
1080 4 1 85
4977 7 8 87
2561 2 8 72
3490 13 2 162
1795 15 4 32
1205 1 2 12
1264 14 2 107
723 11 9 158
4529 11 4 185
2825 12 4 42
254 5 11 166
1760 11 10 54
1332 10 11 130
154 12 15 75
4694 11 8 153
4685 6 4 157
3883 14 8 152
3479 11 8 102
2364 4 6 89
1369 3 4 195
280 4 13 73
1595 15 9 97
647 10 12 146
3353 3 3 84
3123 6 5 1
217 13 2 120
1986 10 9 134
2043 5 13 87
764 7 9 45
1343 4 15 37
1911 15 13 182
3090 11 2 35
4639 2 12 11
3620 12 4 151
339 7 15 46
4980 6 12 25
642 2 13 90
424 3 10 144
3511 7 12 145
4862 14 15 30
1774 7 2 124
4044 3 1 144
4827 11 8 75
3456 15 11 31
4520 4 15 97
2272 9 7 188
218 10 11 114
203 6 5 99
2765 2 15 15
2116 4 8 93
2576 9 8 28
4327 3 3 155
2791 11 9 188
1955 11 14 29
1753 5 15 30
2145 4 4 148
4495 10 5 103
4399 7 7 63
4746 12 12 95
3031 10 10 67
1105 10 6 83
2867 2 1 21
3923 14 13 131
1368 5 12 133
3286 6 11 200
2638 4 5 36
193 1 1 116
1837 1 11 133
1575 3 2 28
2032 8 6 179
1406 5 3 12
2552 11 14 87
4962 10 1 145
2181 15 8 192
4322 15 15 35
32 10 8 156
2782 12 4 150
835 5 7 161
4983 8 7 31
1991 15 5 191
1400 8 4 12
942 2 13 4
4266 15 1 175
3650 2 14 19
591 15 11 195
251 2 8 198
4629 11 1 111
2002 15 4 53
1135 15 10 158
2248 11 3 88
1613 12 11 152
928 14 4 198
3165 9 3 142
525 8 1 3
1 14 11 47
1313 14 2 74
4034 8 4 162
3732 11 9 40
1900 8 15 75
2249 5 6 129
1825 13 10 147
2063 7 4 11
4093 5 9 198
3452 12 1 112
4479 4 8 73
183 14 12 27
3068 4 11 152
2718 11 10 148
192 13 14 166
3194 13 7 11
2458 10 4 3
2965 12 13 117
2229 4 2 113
108 7 11 47
34 1 8 1
1745 12 10 199
2398 9 14 23
1325 3 2 30
360 8 6 167
3025 5 8 58
4880 1 7 70
1983 3 11 181
2901 10 10 124
3715 11 9 151
2165 13 3 68
4119 15 12 104
472 14 14 190
2368 6 12 111
3780 15 6 3
583 2 6 45
4407 9 5 11
4304 2 11 61
2930 14 5 131
4384 6 11 70
3269 14 4 97
3171 8 6 159
2264 2 13 153
2948 5 3 178
2520 10 9 2
4553 3 4 72
3794 12 4 177
4021 3 8 98
4114 4 2 27
3270 6 5 82
2630 15 9 46
4351 3 10 142
4756 5 13 134
4444 1 4 56
326 5 15 75
4524 12 12 136
1373 10 1 39
372 1 8 200
2749 12 4 112
3354 4 4 7
1692 1 6 40
1977 7 4 156
4378 15 7 10
2632 2 6 18
3009 7 13 173
992 9 12 58
2829 14 3 128
3759 3 14 41
2234 15 13 48
4810 3 15 91
4566 2 5 107
4801 13 1 143
4740 8 6 84
4754 14 14 10
136 15 4 57
4020 14 10 51
547 10 1 84
1271 12 3 10
3635 2 5 200
4508 6 11 64
4317 13 4 164
4424 12 13 118
3454 14 10 174
98 15 10 170
3949 5 8 186
1158 9 5 26
1226 6 2 199
210 11 9 87
1773 1 3 1
313 3 7 57
271 1 15 30
4629 4 8 190
3401 12 5 182
2608 1 15 78
640 9 2 102
4695 9 2 98
249 3 1 199
4828 10 8 98
4226 1 9 101
899 6 4 84
4631 5 9 58
1469 15 1 82
2033 9 8 7
4314 8 12 40
4853 9 3 78
3224 3 1 38
4350 12 13 57
2616 14 15 131
3321 14 2 52
2271 3 4 198
3985 5 3 121
4131 3 5 22
139 15 6 169
410 5 3 200
825 7 9 55
2384 11 1 172
1020 4 8 41
4303 9 6 106
4841 7 6 52
2237 9 1 71
2670 10 3 23
1381 13 9 157
4184 6 3 105
787 7 13 97
899 3 15 71
281 7 11 182
2715 5 5 66
3879 14 2 194
4681 8 14 113
3730 12 5 120
1855 13 3 14
4107 9 11 171
2838 6 3 136
3938 4 1 182
2610 14 2 47
2703 14 8 53
404 2 5 165
3578 4 3 187
2456 2 11 36
4216 4 14 114
1047 10 14 53
1672 8 3 168
1405 13 12 144
86 1 12 28
377 8 1 25
1051 5 15 9
916 15 9 12
826 5 13 73
77 13 14 190
827 1 8 160
1417 13 12 144
2766 10 15 13
2770 7 1 3
1528 1 11 127
4499 4 5 15
1237 7 15 3
1887 8 15 94
4377 8 2 176
842 14 12 105
309 15 6 146
2445 8 8 65
4615 8 7 169
4441 5 12 37
849 12 8 32
3522 3 11 117
1068 11 3 136
4199 15 2 145
3579 4 10 141
3193 6 12 119
3105 13 6 6
937 9 5 66
4521 14 6 83
4670 6 15 66
4093 8 8 147
509 7 4 130
4657 8 2 181
268 4 8 67
2338 9 15 150
1672 5 7 166
4068 9 10 116
2922 9 11 79
3777 4 4 21
2089 4 15 108
3253 10 14 121
3790 2 5 58
4585 1 6 177
1708 3 7 50
2429 14 1 48
1912 10 9 165
2008 2 14 99
3777 5 1 179
4710 13 2 43
680 7 8 101
3515 6 14 56
2410 6 4 156
1868 6 14 85
4717 12 11 71
1900 6 8 128
4783 5 8 148
1292 9 15 117
4686 8 11 63
3957 9 5 4
4773 13 14 111
160 6 1 130
3233 14 15 160
2081 12 2 148
3375 12 4 134
1821 9 8 70
1050 10 8 65
4075 15 14 99
3284 10 9 44
1719 2 7 86
661 15 2 40
56 10 6 197
2931 12 1 147
485 4 14 98
2862 1 13 95
1322 15 11 21
1562 4 5 105
2978 6 6 123
1325 13 2 13
3552 13 10 16
4924 13 3 133
834 14 7 156
2213 11 13 175
1228 15 12 55
1178 13 9 47
16 6 2 189
948 15 8 102
3636 7 7 180
4711 14 14 25
239 8 4 162
3028 14 12 96
3281 10 4 73
2229 8 15 9
3436 3 15 181
2247 7 13 140
887 12 12 124
2178 4 11 51
2690 11 6 143
923 6 4 7
4658 9 14 33
3647 1 7 91
3540 1 6 177
3900 15 14 178
3029 3 10 4
138 10 2 172
990 1 14 109
2009 2 6 74
4778 12 4 134
1769 2 6 183
215 7 1 117
437 1 12 68
1685 10 1 96
931 15 12 53
1877 5 14 180
4315 3 1 44
1309 13 15 7
1345 9 12 191
4436 1 4 200
2149 14 12 182
1614 15 3 141
4385 11 5 140
1464 4 12 57
748 8 5 139
2976 1 7 129
3212 4 15 90
4934 9 4 10
2600 11 1 97
448 10 10 130
1708 9 14 115
1851 2 15 112
2257 9 11 165
4282 14 9 197
290 1 2 72
1115 14 10 43
2924 5 1 143
2235 4 7 107
4478 1 1 24
4243 9 15 93
2939 13 11 137
4576 4 12 163
1533 12 2 94
1619 8 4 197
1955 3 3 13
1527 3 1 116
3671 2 5 129
1741 2 12 105
850 5 13 15
1989 5 5 40
4815 13 13 11
3251 1 8 175
3563 8 8 196
3261 6 10 179
4399 1 10 111
4849 10 13 83
2173 14 15 12
3822 4 7 135
4346 14 11 184
4867 12 12 73
2380 10 3 134
4097 10 10 158
1815 1 8 126
3352 10 3 60
2857 10 14 29
2965 11 1 57
2264 15 11 127
1870 2 7 44
2245 4 3 62
1162 2 7 189
2620 13 12 153
1344 15 10 6
2987 3 10 40
3416 2 7 172
2917 4 14 40
4532 3 5 123
3742 8 14 158
2935 1 2 152
1437 10 9 3
4130 13 4 20
2591 13 7 184
4456 6 1 78
4583 8 11 36
4706 7 11 13
1298 13 9 2
884 3 4 2
1919 14 15 72
909 10 14 68
1590 4 10 10
1233 8 14 147
1117 8 4 87
3986 7 10 147
1519 14 2 112
678 7 2 61
2456 8 7 34
842 1 10 78
2976 13 12 61
3687 8 5 147
276 14 8 91
4594 6 9 16
4990 12 10 53
3382 2 15 187
362 9 1 84
903 7 8 97
1131 2 8 191
1571 4 1 150
1830 3 7 173
2257 14 14 111
3120 15 13 51
2142 14 15 23
2503 12 12 73
353 8 12 79
614 3 15 46
4903 7 13 147
4396 8 9 124
3907 3 11 151
4206 4069 2192 3777 3449 2675 2024 1538 4041 2811 1651 1821 3469 4214 3973 440 1093 3866 3920 1020 2178 1657 1631 2033 4885 2341 351 29 4000 2303 553 2750 483 816 1789 992 2266 2133 1734 4596 4547 2828 4957 4997 1333 3247 1377 2315 1406 4685 550 2638 3925 173 2667 3819 2703 1931 2784 4391 1568 4070 963 2448 861 2424 4823 3214 3508 3631 3648 296 2401 4187 2629 2278 4403 899 1785 4485 1229 659 4414 2811 4242 1540 1852 4744 4320 2322 2375 1829 1270 3110 3141 398 851 401 1068 591 4015 4408 4448 2259 662 3022 2738 313 1344 3132 4724 4263 4804 3567 3597 3242 2731 4644 2746 103 922 5 3813 4945 2332 3196 4234 2662 1980 1027 2284 3481 4672 1730 4499 3639 685 3964 908 4545 2973 2829 4355 989 1525 1701 2959 3962 4199 248 4813 3673 2992 3656 1646 3593 1164 1268 3716 1441 1747 4155 4370 2178 1561 4225 4639 3106 2568 3609 2332 1815 820 1413 1479 3988 1602 2632 1395 4308 3609 880 128 2947 3210 470 803 2467 2269 2405 4366 1188 3924 76 1293 2278 1541 3279 1710 3443 916 4350 2556 2619 213 4555 2020 4782 1895 2154 4122 2203 4277 4798 1593 3830 2127 921 324 1169 17 421 2407 1369 2819 3675 97 4456 953 4266 2637 1290 3413 678 4442 1417 3374 2709 3451 3591 4967 1327 3102 3018 4688 1111 267 1372 2718 2198 334 1792 4576 4574 3199 4504 3873 4366 4375 2728 4236 3623 943 1457 4128 2090 1789 3007 3345 1924 3304 3288 523 1492 4732 2591 517 2506 1868 2780 2290 4109 2130 3671 2686 4191 3451 2042 1294 2200 4000 4470 3341 4805 3090 896 614 1318 4712 3082 1884 3935 4550 4999 493 2998 316 3552 1207 1610 4327 429 242 3688 2263 105 4901 678 1500 1447 3477 1656 3854 4178 4125 511 3877 2615 3074 2780 1298 2418 2152 2366 2342 2326 3420 1011 2640 3798 3145 3418 3900 2615 2588 4793 3116 1994 1250 2426 247 3854 1981 2160 3243 175 1098 3879 3725 4480 1880 867 480 473 4722 4056 1494 1443 3294 3799 4519 1169 1695 2715 3235 594 2489 2413 3305 3860 2283 1767 2864 3352 4022 533 307 4608 869 981 4181 843 231 4675 3380 1404 4120 1757 3483 41 4682 1725 3395 2955 2449 2753 4614 1895 4377 4181 2747 2399 2866 1451 821 4351 939 1937 2025 26 205 3826 3994 722 2782 3013 638 1752 848 4173 1042 536 2593 962 1012 2579 2906 3398 1751 224 429 4022 3164 4511 4411 4511 146 1702 2321 3564 4564 4405 3545 948 3963 4256 3822 1422 4700 2477 4973 156 3415 937 2173 1508 3362 1589 925 162 1203 3098 4032 2604 1583 2801 861 1686 1658 4178 2508 1428 4962 4413 1267 3978 4351 263 114 25 4940 4042 4078 2588 2198 1428 1709 4650 2381 4926 4324 3169 3930 4770 4273 2068 4516 2290 19 819 4225 4707 3230 4142 1970 3095 3315 1931 417 3933 395 1093 1055 2876 201 4947 509 2344 495 1627 874 4295 2629 4928 625 1989 361 1718 1510 2739 380 726 433 3734 3994 4604 4745 3428 3107 537 578 2272 2784 3923 1134 2873 3124 3761 1057 4108 443 2033 2079 1342 3768 4245 2433 2606 3778 4202 3810 2566 2645 3390 4117 3889 4450 4880 4484 2936 1170 3547 117 2795 896 1741 3016 558 2752 2353 2089 85 4025 603 1177 2403 311 1604 966 4863 2573 1776 2975 2129 1208 2879 3749 229 2189 2452 3800 4378 862 2472 674 3092 1628 4844 155 469 3286 4709 2391 650 4383 3384 1544 3306 588 2701 2402 3383 1942 1741 2777 1092 1823 1016 1070 4420 4650 2281 1331 700 658 126 2018 3923 3147 291 3758 2443 2536 1143 909 1666 2068 3677 2716 3584 3476 3898 668 2807 2791 4596 1728 286 178 881 97 3769 2096 4798 4250 3720 4617 1185 1874 2612 4881 3518 2031 3954 1731 3209 3858 1782 4696 422 1199 3411 1507 2999 2115 3400 207 50 3125 1467 4157 1350 4303 223 3413 1673 3055 2459 3979 3227 1485 4488 1201 1726 4112 81 330 3302 1706 3031 1794 273 2623 4429 3912 964 4034 411 2387 4014 4474 1694 4105 4201 2551 3237 2003 3372 3221 4621 706 4122 2751 3111 3395 484 4691 3184 2597 3305 3054 4594 1471 4555 2431 1190 4377 384 396 1345 228 4225 4387 964 110 3219 2610 4635 1081 674 4586 1955 3464 2519 4011 1600 1379 3873 1740 4967 3271 3609 3428 3175 932 302 4067 48 1383 126 1656 744 689 2811 4715 2490 3451 3608 3384 320 2517 4100 4959 3384 4344 1949 826 4146 4731 438 3771 4125 276 1287 777 2774 516 4855 3163 1390 4754 1570 4345 2126 2134 4317 4851 840 1010 2143 1340 2450 2730 2013 32 2046 2197 1185 3944 1393 1774 1877 3567 4587 432 3222 4141 4344 1504 592 1135 2213 2865 849 317 1673 1795 398 3947 3530 1213 4646 4646 1514 260 30 3801 4377 2371 4088 3229 1800 4071 80 2977 1625 2219 4991 777 2951 3410 3228 2233 3492 4443 1949 5000 971 656 4354 2048 1059 4648 2682 4183 4513 3751 1799 4233 1599 3128 671 3069 4041 4246 3650 890 1858 4183 2881 3224 3400 2523 3075 2987 2493 3472 1619 3692 2457 3243 766 2435 3417 2916 1380 4923 317 4907 3694 943 3386 2341 4164 2289 4007 4051 1742 2457 861 3471 1866 1692 3633 116 2915 3288 4967 3820 1185 4390 2632 4533 2451 4582 3163 4351 2725 475 653 1304 3734 2148 344 1772 1045 2881 3888 2973 747 2764 1817 3352 3123 3827 1837 2568 1108 34 3272 3577 781 1002 3753 3769 978 512 2168 1761 3615 1987 3201 3410 3424 4792 3560 992 71 4726 762 