1000 1000
2657 10 5 11
4054 3 8 141
628 1 6 118
3787 4 1 42
1954 4 14 2
4670 3 14 19
2532 12 8 58
4027 3 5 199
2950 7 4 17
2512 8 15 167
2291 14 8 88
1449 7 4 38
3406 1 5 178
3241 15 3 71
142 10 13 144
3389 2 4 103
488 11 15 21
4871 10 4 159
2825 2 1 36
1020 4 15 121
404 11 8 155
2485 12 1 116
3103 11 8 34
2614 8 15 50
2058 13 7 41
1123 13 10 17
3124 11 6 17
2042 12 2 184
1731 10 11 80
2693 5 6 82
4109 11 10 34
4650 1 3 146
2097 10 12 128
1494 15 12 99
2304 9 13 176
2386 9 9 120
968 9 1 179
3722 10 11 169
67 8 2 199
3373 2 2 154
394 12 9 175
13 1 12 41
254 5 1 124
3740 4 5 134
2796 8 5 117
1085 9 14 105
2110 14 8 173
2088 11 1 140
2480 15 9 51
4046 7 6 156
1632 7 10 40
3653 6 3 91
881 3 12 162
3269 6 13 59
2084 9 9 177
1887 15 3 179
4696 14 15 76
4699 7 13 114
662 14 14 30
1079 4 5 143
2740 2 3 164
3997 5 7 143
3716 13 14 179
1029 10 6 121
3596 8 14 121
1201 14 1 138
1840 2 6 187
786 6 3 113
1208 5 2 19
4300 2 14 139
4124 1 13 153
1874 9 3 171
4741 5 4 153
306 8 12 15
4317 3 15 7
860 3 13 183
3581 1 7 133
4835 11 14 90
3360 1 12 131
862 2 2 147
2887 12 10 105
2243 15 13 79
758 7 8 154
4405 8 12 160
2295 6 1 72
1257 11 13 19
1473 1 6 105
2777 7 14 43
2389 7 1 130
3881 5 15 18
2925 3 10 180
2599 6 11 34
2554 12 1 200
3983 8 8 39
4198 2 11 67
2457 2 11 65
3379 14 1 125
1617 6 13 67
3773 8 12 91
4430 11 15 179
3196 8 15 103
4832 1 12 174
749 15 6 163
3357 6 7 63
1355 11 1 158
846 2 11 117
1709 11 13 50
1272 9 6 31
3733 15 2 148
1429 15 7 105
3920 3 11 51
4963 4 2 162
1165 11 12 101
1743 4 13 111
1815 7 3 61
4474 4 14 64
3229 14 8 60
3450 6 7 159
653 11 6 60
1833 3 10 141
3213 15 12 138
3456 10 6 24
3230 11 1 104
3795 3 4 49
2727 13 12 128
3991 3 4 73
2091 15 2 130
345 1 7 104
4456 7 7 151
3125 15 10 69
1551 12 12 113
88 9 6 56
979 13 14 115
1815 8 11 19
4751 12 4 165
2681 3 3 32
2906 7 11 3
2619 10 14 124
2321 11 1 59
522 13 14 170
3053 3 9 132
2866 1 12 71
4162 15 1 73
4417 9 11 6
2219 1 9 191
1448 12 1 182
815 7 8 151
2809 12 7 143
4995 1 9 146
618 15 11 97
4482 1 13 95
3817 11 2 40
2547 7 1 89
4600 3 2 70
4767 4 5 17
257 12 3 75
55 2 15 145
3545 8 2 18
1133 6 10 158
4610 1 1 5
874 1 15 60
2264 2 8 9
3436 2 12 190
2721 2 8 131
620 4 8 194
3953 4 12 66
4240 15 15 82
4058 8 11 158
2585 5 8 77
2007 5 5 141
2582 11 9 40
1543 11 12 20
4223 13 14 199
3728 5 13 191
1440 14 4 79
4774 14 4 79
1868 7 7 172
2465 13 8 143
3845 11 3 69
519 9 1 36
3395 5 8 98
3329 1 6 117
1516 4 12 2
4784 12 1 137
3113 11 5 52
3606 1 14 132
4033 15 10 180
1052 7 11 5
4903 11 12 37
1014 12 1 5
181 15 6 166
4581 3 10 105
2559 6 14 72
3990 3 9 83
4650 14 9 99
943 14 9 70
4740 5 12 164
4055 11 12 117
1041 14 9 143
755 2 10 47
4724 6 9 141
3299 13 10 9
4589 4 15 169
4121 5 1 193
1368 2 8 155
658 11 13 112
855 2 2 87
2173 14 2 185
4788 13 12 42
289 3 3 167
4416 5 5 28
666 10 8 114
2819 6 8 172
4178 15 6 7
149 2 2 2
4015 1 7 83
4961 9 8 148
3062 11 9 129
1893 5 7 76
4761 5 7 72
2561 10 15 155
92 12 12 83
4672 11 3 166
1956 13 2 55
1800 11 3 100
3977 2 9 191
2940 4 10 111
1484 12 10 168
475 11 9 39
2145 14 8 142
2712 7 13 158
1489 12 12 60
2822 11 14 171
2778 7 6 7
3652 5 10 102
3721 3 10 95
4284 6 9 63
4742 5 8 130
3782 8 5 38
1177 8 12 120
4510 11 11 144
4232 11 5 2
4831 10 13 42
3151 3 11 102
3613 5 3 130
290 1 11 65
2501 12 12 52
1465 2 14 28
4524 2 14 167
2780 7 10 141
196 12 6 19
2366 3 12 189
4213 8 7 166
2420 2 7 187
4008 3 1 139
3654 12 7 100
4821 15 1 172
4263 1 4 27
4798 14 14 191
1723 11 12 31
31 13 11 144
231 14 10 72
270 12 12 128
2731 6 11 169
2771 14 8 121
2645 15 7 156
4149 9 12 52
1853 1 5 164
4580 8 5 63
4463 4 2 8
4622 8 9 138
193 13 6 156
2383 7 3 153
2864 1 5 139
496 9 8 97
3288 14 7 1
330 6 8 45
4701 3 2 105
4307 6 6 45
1272 5 7 146
1235 5 9 116
1961 9 13 167
1265 2 4 117
4943 7 13 40
2475 13 10 100
4485 7 15 62
1871 2 15 95
3773 15 12 57
3644 13 3 173
624 7 13 55
3462 13 12 44
4678 8 2 163
451 15 4 41
2890 10 12 186
4962 11 7 64
519 2 5 147
3426 8 11 4
1674 10 15 187
3807 2 14 21
4739 10 7 37
293 13 9 85
3074 7 2 161
1344 15 8 159
3321 12 4 71
4823 8 3 10
2896 2 3 109
33 5 3 138
1396 12 1 85
1314 1 5 114
2066 8 1 109
1203 7 15 139
2597 5 12 176
152 9 9 122
4101 3 6 192
3848 11 1 110
2439 15 10 122
3666 6 9 22
535 4 8 161
847 3 14 200
4587 9 1 72
718 8 11 141
4808 10 13 93
1241 4 7 5
39 3 5 14
953 7 8 68
4597 13 6 64
2451 13 8 30
4796 14 15 104
3344 6 5 157
836 7 15 51
3924 8 1 199
1315 9 3 15
2173 4 9 102
171 5 6 10
1124 3 9 171
4381 2 15 21
4987 14 8 128
3691 13 9 172
183 6 13 79
1385 8 13 28
21 9 7 137
408 2 9 172
3147 10 6 112
2707 14 11 90
1884 13 12 59
976 7 3 161
4877 4 11 116
1633 6 10 93
3725 3 5 127
1027 12 9 199
4331 4 7 149
526 11 2 179
3895 13 10 52
4062 13 2 24
859 5 9 182
3664 12 14 25
3595 8 12 194
3497 1 1 48
481 9 14 53
3168 9 1 89
4281 7 9 162
238 8 5 108
3964 13 9 143
2455 11 7 54
4019 15 5 25
974 3 8 132
1708 13 4 18
658 12 8 144
2585 3 5 10
4818 13 3 108
2741 3 9 62
2714 12 2 99
1587 12 7 33
2556 1 1 120
392 3 1 17
1445 8 2 177
1352 10 15 72
4027 11 7 172
4598 15 10 194
3278 8 13 13
439 10 11 21
3424 11 3 76
2255 6 8 12
2209 1 14 71
2096 5 8 123
889 15 12 155
4106 2 1 86
3578 2 10 151
2794 6 1 123
1293 12 11 58
3678 4 5 199
4424 10 2 71
1725 15 1 121
586 10 2 172
1840 1 9 53
3572 14 14 82
1705 15 5 87
2552 4 8 194
1409 12 2 32
3208 1 5 157
916 4 6 74
3646 3 6 161
4843 10 15 16
3887 2 14 34
2588 12 14 50
4364 14 2 107
642 13 6 162
373 1 15 15
3024 2 8 131
2839 8 4 120
515 6 3 105
2314 3 4 58
1748 13 11 5
976 15 8 17
1817 3 1 95
3251 9 12 180
32 8 12 147
3774 12 3 153
1831 12 5 145
3328 15 7 9
3968 10 11 115
2723 13 2 78
3131 12 7 138
3661 15 14 51
4999 2 10 189
1552 3 3 181
1419 10 10 183
2704 11 1 139
3483 5 8 59
2343 2 5 92
312 6 1 166
160 6 14 87
3521 14 14 127
4380 3 8 184
603 5 10 105
2631 10 1 2
4508 1 1 70
936 3 5 91
2729 9 9 100
3269 15 4 190
3723 6 4 155
4103 3 14 156
761 15 4 38
2502 15 3 139
4848 3 10 68
1373 1 2 131
1698 9 3 129
3811 6 3 28
1660 9 15 142
4424 14 4 195
4555 3 10 144
4474 8 15 26
3796 11 4 157
4714 13 3 23
4928 14 14 93
3707 11 8 121
168 14 7 82
2773 9 11 25
4789 5 14 66
3813 14 13 95
1608 2 10 174
3366 6 9 49
1820 8 14 181
4706 14 11 198
2459 10 9 157
4789 14 9 28
1697 10 10 42
4159 9 12 162
1359 4 15 148
852 13 8 95
417 4 9 187
3737 6 10 36
3971 8 5 129
740 1 8 82
1207 12 15 154
2595 3 13 153
2377 7 8 67
3526 13 8 169
3022 7 8 137
4587 1 3 138
1931 2 1 16
3643 10 5 126
1292 12 9 55
778 12 3 167
3195 11 11 137
1635 7 7 2
4273 7 5 109
562 1 12 59
1419 12 12 14
3518 6 13 172
1245 12 9 103
491 10 12 109
4801 11 9 112
1177 12 12 42
3216 6 4 165
1654 1 15 192
3709 3 7 47
4840 4 2 56
3905 5 4 29
2725 14 2 181
4467 12 7 111
2003 3 14 85
1926 11 2 148
1460 5 10 143
4293 7 7 118
2402 7 7 124
3568 10 11 16
3284 10 3 108
3341 13 11 2
2559 8 9 120
326 3 14 111
3248 1 5 42
4658 14 14 197
37 10 13 10
4533 2 9 2
1928 2 13 123
3861 15 9 196
489 12 5 144
2867 8 2 190
3198 15 4 118
3244 1 3 124
1682 6 10 73
2503 12 3 154
937 13 7 184
1198 4 8 55
1498 2 6 198
769 12 12 165
561 6 5 9
4920 6 15 49
1296 13 15 116
1875 2 15 183
409 15 12 130
3437 14 9 117
488 9 9 54
746 2 15 15
4479 11 5 117
4066 12 10 48
4823 13 4 150
824 5 14 25
3379 5 6 39
3626 1 15 133
4520 8 13 163
1527 7 15 141
902 14 12 165
208 6 1 169
626 13 9 84
2328 4 2 38
4822 2 1 96
3541 1 4 162
3544 9 6 134
4928 7 7 27
4081 1 8 11
2581 10 14 110
2680 15 6 154
4862 4 14 154
2143 14 1 178
545 15 8 149
2153 9 11 21
3315 11 7 38
3408 13 8 14
402 3 2 199
3842 11 7 75
4175 14 2 144
4265 7 4 120
4744 5 14 114
3211 1 2 124
1720 1 12 181
4553 12 12 102
1569 3 1 63
3507 15 4 102
1873 14 7 188
2302 10 15 178
1017 8 3 120
76 14 3 71
374 5 12 198
3968 11 10 153
2088 14 4 112
3900 15 15 20
2590 4 12 32
4965 8 10 75
2448 12 3 27
4282 2 1 109
2576 15 1 99
415 3 4 188
78 12 15 145
3963 2 8 91
1710 7 12 46
2115 5 10 27
3898 3 9 105
3294 12 13 90
3841 5 14 142
71 1 10 174
3227 9 4 132
589 9 14 64
864 12 13 193
1303 15 6 42
906 11 4 30
1235 14 9 174
1871 9 7 65
2365 11 11 166
131 15 5 137
2401 10 4 15
2821 7 7 77
3384 1 3 17
3384 13 14 170
2835 3 14 7
3456 5 14 101
1927 10 8 162
1057 1 11 117
2911 13 10 139
609 15 12 150
3427 9 15 52
733 7 9 162
2851 13 12 200
111 2 2 34
502 14 1 78
4228 9 7 133
721 15 4 4
884 5 3 106
964 2 2 188
4944 13 13 12
2187 6 15 54
2305 1 14 176
4785 10 13 137
1765 1 10 187
3348 8 11 54
2644 7 4 78
2504 7 3 39
2106 1 7 13
4561 5 5 188
526 11 5 200
2315 5 7 49
2417 8 4 89
771 15 14 7
2298 3 11 153
1216 4 8 72
897 15 8 77
1193 13 11 111
1704 5 8 147
3897 5 15 70
4578 1 6 5
1267 4 4 76
3635 6 3 75
3582 5 14 101
808 9 6 135
4567 4 8 137
501 10 5 198
3930 4 11 78
2106 12 14 113
4844 1 13 189
3521 15 1 193
877 7 8 82
3586 4 11 2
3924 10 8 152
1949 9 1 57
1408 14 7 198
1828 10 2 182
4847 7 9 109
1166 15 13 166
3104 15 1 109
851 1 13 47
4477 13 7 80
2500 4 10 191
3415 3 7 181
2102 5 11 56
4682 9 9 83
642 13 11 75
43 14 13 58
1050 5 8 9
3096 2 9 46
4126 3 2 5
4456 1 11 91
3785 4 2 137
2393 15 8 24
1244 15 13 169
2858 1 15 67
4258 13 11 82
1823 7 6 194
1369 15 14 88
320 15 14 30
4376 5 8 117
4109 5 3 62
3727 2 12 137
4901 11 10 141
4901 2 13 75
798 12 14 195
3891 14 15 72
3390 2 8 165
1864 6 8 85
1781 15 10 47
3524 2 9 174
1319 12 13 78
2360 4 7 113
3870 13 3 76
3511 7 9 41
3744 2 2 177
2552 10 5 40
4425 15 5 52
4948 11 11 175
3649 14 12 179
3004 13 4 110
449 14 9 2
3597 2 8 38
2635 14 12 109
3126 1 10 52
3724 12 14 170
4608 5 8 180
1115 4 11 122
4278 6 10 106
1023 14 4 154
3852 15 4 183
386 8 10 84
2407 1 2 123
4892 12 3 190
4091 3 12 51
4439 6 3 156
213 1 7 154
4430 11 14 67
2656 15 8 103
3528 2 1 102
3442 9 9 136
3691 2 13 78
509 5 11 82
1972 3 10 177
2147 13 14 62
22 4 9 86
543 8 8 152
2352 14 1 195
2942 15 14 149
4944 8 11 31
3665 3 9 132
1882 7 3 4
2524 15 6 95
1293 13 4 48
592 3 1 38
1111 12 4 67
2759 3 10 187
3526 6 3 140
3256 3 6 183
43 15 10 107
4466 13 2 107
3104 6 5 13
3203 9 2 188
192 11 13 61
985 4 2 10
4722 13 1 20
211 2 13 192
2132 10 5 4
1068 3 2 115
4796 13 11 23
4218 11 13 26
4457 14 9 192
3835 7 11 24
3957 9 7 100
1983 15 15 189
2673 9 15 161
412 6 11 134
2289 11 11 9
823 11 2 76
2605 9 2 113
4855 10 13 79
2602 12 15 20
4002 14 1 148
2757 3 8 101
4988 12 6 86
4960 4 4 130
2634 6 12 17
1371 6 11 159
4574 12 2 129
3065 5 1 86
3536 14 6 138
2104 5 15 124
1421 13 7 145
288 10 3 79
3174 11 1 13
3689 15 3 29
4502 9 1 194
3474 14 11 41
109 11 5 176
3860 7 4 177
4183 9 9 140
4743 7 7 94
2998 2 1 112
4404 9 10 177
2146 12 15 148
1505 13 11 145
4982 9 2 69
860 5 1 12
3323 9 4 159
3837 11 7 188
1484 5 1 147
1606 13 2 100
4993 15 2 15
3382 2 7 46
874 9 11 26
2214 12 6 31
3312 2 14 17
4574 15 13 172
525 9 11 168
2760 13 14 177
1206 7 12 90
2950 9 13 79
4488 2 8 54
4953 7 8 36
100 7 8 17
834 13 9 149
3674 13 5 114
2628 2 6 91
4323 3 10 28
4017 1 7 177
4645 5 6 200
1093 1 14 72
2567 12 3 151
3104 14 2 177
432 14 2 156
4863 4 10 135
668 7 15 196
2262 13 9 65
3491 14 12 79
3417 9 7 152
959 6 11 184
2636 11 12 162
4686 3 5 2
3625 11 13 97
3477 11 13 142
4096 14 8 187
4098 10 1 93
4885 2 8 59
671 8 13 80
250 10 13 148
4208 8 10 183
1848 14 5 75
2481 7 7 81
3862 6 14 92
1990 4 5 9
4550 15 15 91
818 14 8 109
1723 14 3 101
3598 5 8 37
110 12 8 98
2940 3 7 131
3136 10 7 129
331 14 14 98
3691 7 11 194
4137 9 14 79
3933 11 4 54
2979 9 4 179
1466 11 7 160
1154 14 11 61
1603 4 4 47
822 6 14 134
1692 4 15 28
1459 2 15 152
442 9 8 76
3122 13 4 153
872 12 12 55
4281 11 1 133
4155 14 5 161
395 13 4 149
696 3 11 176
3326 10 15 16
3350 1 1 128
305 7 7 42
4104 10 5 77
3377 14 10 164
1261 12 4 35
2086 2 4 92
3222 14 14 131
4857 5 4 26
1539 5 11 111
917 7 2 91
1161 11 6 3
849 2 12 161
3803 2 14 76
526 3 12 30
18 1 6 42
1938 1 8 61
2885 3 7 20
2427 7 13 190
1082 11 12 184
596 15 15 33
3312 14 14 33
2618 10 11 93
4730 7 14 38
879 14 10 162
1297 4 13 129
1967 11 2 147
98 11 9 55
2040 2 2 144
4816 5 5 60
983 12 8 154
1053 11 14 22
4077 12 8 88
3675 12 2 106
3411 7 15 24
170 9 5 167
4798 15 5 130
3508 15 3 124
2409 8 8 164
1766 14 6 146
2795 12 8 71
2513 9 14 48
3812 2 7 175
4327 9 5 47
2968 6 4 197
2833 14 13 187
496 11 2 130
4226 9 9 139
4708 4 3 48
1176 6 3 135
2452 14 6 47
902 4 11 29
994 12 12 101
153 14 15 5
1976 5 11 23
2129 12 8 30
748 14 2 189
1484 13 6 188
2495 13 14 117
1663 7 2 76
2119 13 2 74
417 7 13 132
238 11 11 119
2162 4 15 26
571 4 11 61
2350 6 3 146
3659 14 9 200
4403 12 2 30
1429 11 10 4
765 10 2 63
1368 12 10 111
3748 9 5 123
1793 8 7 52
425 8 14 33
4938 4 6 88
1672 15 6 38
2547 10 11 179
2542 8 8 1
3668 4 12 45
2098 1 12 38
1838 9 10 10
2267 8 12 1
3592 5 5 23
3711 11 12 111
3142 2 13 65
2663 6 4 69
166 12 6 41
725 11 6 57
98 9 12 42
112 11 6 135
841 5 7 161
467 13 13 35
3278 5 3 13
1518 8 1 22
1201 15 15 169
2407 4 8 115
180 7 13 52
2986 9 9 113
399 7 15 41
1194 3 3 108
453 15 1 9
4023 8 8 193
313 10 6 168
436 3 5 182
4232 4 6 159
1277 4 11 180
5 13 5 11
3216 1 3 116
2504 8 10 67
174 1 6 190
2635 7 3 158
2302 10 9 58
910 4 1 187
4568 2 13 32
4585 12 11 61
395 4 11 89
4252 11 10 94
1565 12 11 165
3963 10 14 141
3621 14 4 173
418 12 11 108
1295 6 2 193
261 13 1 94
32 6 7 79
4531 5 14 131
3448 3 11 189
3424 14 14 172
451 10 15 50
4534 3 9 72
1923 9 2 134
1528 15 1 64
1949 2 5 119
4794 14 13 146
61 11 4 58
978 12 9 160
3721 3 14 191
2989 12 9 106
1655 3 2 18
979 13 9 38
1306 2 13 33
4424 2686 4283 4136 1431 2092 4747 2298 2324 552 4948 2576 1442 3589 3885 2250 1802 760 3085 526 1972 3815 2689 4021 977 3459 4174 982 932 3937 4799 1513 2235 3693 2293 2745 85 3669 3420 2082 3686 4061 3328 3941 4940 781 2934 4990 135 3296 1395 2824 757 892 645 158 953 1982 2303 3031 1584 4162 419 28 894 2130 352 429 2253 4779 2708 2253 4288 4252 3776 4322 4485 4123 3012 4464 1645 4901 3062 4406 336 1495 2431 1064 351 4977 3682 4855 2969 4508 4048 451 4509 2262 1556 2109 4685 191 1485 539 4460 4132 2018 1107 2882 3374 2523 2284 1991 2261 369 2821 785 2680 1501 4353 1342 4277 2775 3414 3986 3919 2801 826 4276 3679 4727 3772 3649 1956 328 745 3083 1209 2845 3472 826 4495 3427 4905 292 2685 1843 4854 186 673 3745 2581 2709 3416 2285 2828 374 2625 1909 4393 273 1707 1377 2221 3193 818 4559 511 3255 115 3 1211 971 89 4866 395 112 815 3646 2342 342 3279 4017 1796 3413 114 3830 920 4339 1041 45 4633 61 2633 191 4411 4126 4328 1578 3742 607 3899 3663 4913 2469 4401 2463 1963 3368 2987 1187 1279 2535 1071 3680 949 1412 2888 3942 3771 3549 4279 531 3575 2897 1235 3624 4083 2947 85 858 1408 2201 2265 3593 3416 4872 4652 4222 504 4297 282 1327 1297 1298 1181 2297 4720 2987 198 3122 1589 997 715 1424 3112 1703 1494 3779 205 2898 1704 257 4639 4305 4170 3472 3426 326 3229 4664 3894 3541 615 2937 2379 651 2335 779 3045 1988 3673 2122 3011 4643 4493 2173 2055 2640 1935 2296 2575 2965 3728 1859 3262 3269 4284 2725 237 3166 3873 3294 1393 68 1868 1505 2503 1395 159 2589 1009 3660 3750 1119 385 1704 1212 2528 3527 3897 2295 3543 203 1528 3075 2258 3903 3864 3163 792 1444 3398 1349 4274 3814 1990 1473 1291 300 2955 364 3017 4208 1463 4260 4273 4176 3173 4856 947 1646 2720 4477 4425 1470 1543 932 1477 4573 1395 2119 990 4943 4019 3078 2870 442 1204 3560 2440 4087 4743 2008 1776 301 4021 2679 2044 4822 4364 4900 3441 911 1705 3349 3929 4156 2187 4500 1702 2954 4996 2845 2241 182 4851 3086 4508 575 3249 1350 4796 3951 545 1643 1430 4691 2090 1524 1060 1018 1350 4768 4807 3667 1417 3175 2455 4 2156 4979 737 2735 2664 1316 2744 3453 425 3809 2364 2899 4708 4386 424 3006 4891 4285 1124 1330 4658 463 2217 4862 4025 3163 538 2420 3144 3921 3068 3829 718 2547 2734 1004 901 3823 3471 1362 3824 563 2172 1680 1847 819 1387 3883 1814 958 3208 2990 3470 4105 2474 3256 2076 1250 3299 1538 4257 2783 1091 3657 3246 2263 2722 1925 1326 2390 2256 797 4370 4631 4749 3283 988 2555 3312 1656 3639 758 390 4432 4355 2306 2140 2078 833 103 3811 4521 4062 553 903 3768 1831 74 2031 1201 3777 4395 2638 4095 525 4490 3266 4338 3400 4435 3922 3230 266 1518 1763 2047 2915 1603 290 3051 4115 1524 3313 4033 2531 2379 4523 440 79 754 439 3274 1229 1739 1337 2642 930 723 970 4582 3493 835 2598 4159 2906 3427 632 51 2582 1771 525 867 3432 825 2828 2892 3255 464 285 3415 1697 3669 418 617 537 834 3556 3840 4550 4191 2464 525 2681 4950 683 291 3656 4853 3640 782 1049 889 2487 4378 3692 2134 3738 533 3186 4782 769 3844 1133 3660 4715 468 3249 283 2840 878 347 4617 4490 382 1414 4340 1343 945 2250 2703 2758 368 4705 204 1034 1010 4512 1825 305 4118 587 2012 3921 770 3117 3917 1379 1030 4810 1038 1527 4226 4304 1304 3319 2327 3111 544 1028 4357 2786 3889 3831 1197 3936 1810 532 2357 2123 4071 1533 355 3635 1392 790 4063 2009 1017 4680 225 85 2206 1755 2370 3907 4132 4500 1892 1333 2868 169 2915 3166 691 556 4740 3422 1046 870 473 1576 676 2036 3717 4669 1542 4057 555 2695 4409 642 258 4055 4791 3007 1680 4374 58 357 2405 2399 4397 1977 3501 2655 560 1893 4428 1154 4759 1319 903 914 4254 2945 1571 3264 1153 3734 745 1282 4381 2298 4854 3480 4082 4508 4372 3598 3110 3047 737 2017 4788 1497 4819 4738 131 1473 1097 1197 2648 1153 831 921 3403 1301 420 771 2040 1429 3462 789 1493 3546 3660 729 1804 1924 3215 2968 2857 800 4784 4445 1645 1192 2049 140 600 1264 2635 4891 4925 2073 1967 174 4223 178 4506 663 3141 4167 2762 1513 168 2567 4248 3242 1817 2028 2695 1814 2901 4123 1220 4102 1787 1439 4312 2517 1495 4927 2684 2823 2395 3478 1241 2298 4145 1672 2138 332 670 1746 4725 4353 692 3918 991 2957 725 2995 4308 392 2340 2246 1765 3325 339 873 1456 2613 621 2069 2287 1536 3781 382 2443 759 1140 4504 4420 1448 3721 1264 3679 2148 2401 3319 1342 866 4600 393 3084 675 3071 1535 4050 3162 1839 267 1539 2723 1077 82 1448 326 869 331 2848 2366 1282 1200 3581 4184 3726 2448 2613 4456 4678 255 1741 330 2596 1684 1459 1596 1130 2976 251 3712 234 1824 2197 3020 2824 1008 2618 4406 1087 2400 2679 4337 2524 877 413 657 3632 4179 1101 710 4603 1718 2724 4424 1584 2527 928 2678 611 3932 860 83 2108 254 2927 2554 694 3857 624 3768 4387 1362 3873 2671 2353 1732 2927 4407 3162 2467 3558 2917 4997 3514 788 3981 31 1900 4929 2180 3479 4405 157 572 4178 5 4242 2345 349 3649 2184 3436 3952 3912 3194 2852 878 4767 391 4456 4418 3047 3608 3361 2069 356 2022 