1000 1000
66 3 2 16
3941 15 2 14
1265 13 9 128
2377 14 13 112
1089 3 2 186
1233 11 2 190
4861 14 2 125
84 12 5 107
162 10 3 22
4794 15 14 173
887 15 14 37
3234 6 2 148
3624 13 1 107
2737 12 3 67
4342 9 5 81
2044 8 5 126
3445 9 7 147
4163 11 10 23
1203 13 4 185
3883 15 15 50
4915 14 11 91
2881 7 5 169
4259 15 8 26
4620 13 7 89
2397 13 4 49
2798 10 3 185
27 13 5 191
2552 15 4 109
1350 11 4 198
2674 13 2 2
662 11 11 177
1620 13 5 35
2824 10 6 97
4316 7 6 65
1981 11 1 89
2119 3 1 83
69 14 13 198
3096 9 4 70
2125 12 3 48
3443 14 9 33
1125 2 1 190
2930 12 11 107
676 14 9 60
3446 12 2 60
1212 6 3 95
4257 4 1 12
1234 13 2 16
2472 11 10 114
1408 5 4 79
1179 15 8 172
153 15 13 174
2322 14 7 140
1504 5 4 11
3682 15 11 23
1140 5 3 66
453 15 10 181
3306 9 8 147
4218 6 2 80
4384 14 2 200
4174 7 4 101
2832 15 4 171
672 12 1 55
382 2 2 102
1131 8 5 175
1035 13 5 7
4050 13 4 155
1259 8 5 32
1791 9 5 14
3496 10 9 29
175 10 2 42
1232 12 5 42
4590 14 10 138
1138 11 1 145
1343 14 11 179
151 8 2 41
1180 13 7 146
2201 13 6 172
2643 9 4 93
1911 2 1 14
4165 15 12 13
1275 14 2 53
1397 15 14 196
284 4 1 91
4275 12 8 199
3595 9 5 34
3280 10 10 157
4384 4 1 16
4616 15 12 177
2278 6 5 189
3067 12 2 58
932 11 6 47
3636 13 11 88
3815 12 10 72
4954 6 5 168
2474 15 7 78
4739 8 4 34
3439 15 9 156
665 13 2 83
538 15 6 89
1901 3 3 124
707 4 3 199
4702 13 3 96
1495 10 2 79
4239 9 8 184
186 2 2 173
4200 9 8 109
3822 14 1 173
1428 3 1 162
860 5 1 31
3495 11 1 143
4085 12 1 114
2405 14 2 157
2312 14 11 5
932 6 6 19
2323 15 3 187
4823 15 3 166
884 12 8 175
1004 13 9 115
3701 9 7 185
2515 11 8 99
690 14 2 151
3883 8 4 179
1355 15 1 122
2910 10 9 175
3522 14 11 116
1767 12 3 147
3258 13 9 63
1157 12 1 12
330 14 9 1
3131 10 4 81
206 8 4 134
3619 7 7 118
3281 11 2 9
3236 13 10 100
4046 9 3 130
1843 13 12 148
3147 6 3 11
3882 8 4 23
1340 14 10 61
3044 15 15 173
766 10 3 48
3274 13 2 143
4695 7 5 43
4393 10 1 179
205 11 3 135
4771 11 1 195
1268 14 6 173
527 10 2 178
2860 11 7 152
1807 11 3 88
1858 10 4 87
2789 4 4 108
3574 5 4 4
1514 9 7 181
4166 4 2 94
4990 14 13 149
1851 9 5 118
3388 15 5 72
59 13 1 65
118 7 1 61
3648 9 3 170
2296 14 14 48
101 10 1 80
4385 6 2 118
1665 8 3 25
1566 6 2 17
1410 14 4 182
2986 3 3 95
4214 11 3 179
3950 12 4 171
882 11 8 120
554 8 6 143
896 15 7 66
3864 9 2 64
983 5 1 114
4635 6 2 62
477 9 6 112
4345 15 13 178
1699 11 1 137
3005 14 11 59
4209 12 8 195
4109 12 7 155
4053 11 5 77
2937 1 1 180
1891 7 3 113
4818 14 12 49
430 12 2 147
564 11 1 155
2239 13 11 64
645 14 6 173
3391 15 9 17
3179 14 7 11
2365 15 11 185
1994 9 7 62
2653 11 3 178
4491 6 4 97
327 7 1 93
3147 12 5 91
1933 10 3 62
2598 2 1 31
2552 14 6 80
600 13 7 145
4125 5 2 148
869 5 1 145
4630 4 3 145
1449 4 2 167
3767 6 3 116
4532 14 7 122
4412 8 5 185
4229 14 1 140
4692 13 1 40
645 12 3 58
3613 6 6 99
3790 15 14 171
2430 7 2 148
3992 8 4 103
1211 13 9 16
2159 2 1 117
4526 11 6 189
3993 13 11 198
215 15 9 160
4994 14 14 62
2677 6 1 16
3601 7 4 43
2925 5 5 15
2121 11 4 199
460 12 4 94
1172 13 10 25
4070 13 8 40
3880 13 11 11
2149 7 5 57
4846 15 8 111
2787 11 2 139
1045 14 13 184
3171 12 2 194
3166 15 8 199
2499 2 2 176
1332 13 7 93
2723 7 3 93
4597 14 3 116
164 14 8 46
4388 4 3 200
3464 5 1 157
2898 9 4 29
1982 8 5 86
2224 11 7 22
944 7 3 55
1103 2 2 15
8 11 2 88
2627 6 6 135
682 14 8 170
690 10 4 86
4128 13 9 93
3853 13 10 21
4258 7 6 46
1887 15 2 180
2764 11 11 124
316 12 9 177
3713 10 2 62
3424 8 5 33
2594 13 5 129
651 12 8 185
1287 8 1 153
3154 4 3 176
3192 4 3 178
3888 8 5 113
4061 15 8 164
4716 14 8 154
531 11 9 150
4861 5 4 170
759 13 12 107
3246 8 1 176
3311 14 6 2
2770 15 8 75
4402 7 1 193
3841 9 4 164
2155 15 10 176
4054 3 2 152
4113 13 13 135
1846 2 1 192
1555 13 13 29
2006 4 3 94
4015 12 10 139
1188 12 7 108
1875 10 5 127
2455 6 4 148
3535 10 4 53
2780 10 9 191
2033 13 10 60
1604 13 2 75
3329 9 4 188
3711 12 7 116
3550 7 5 40
3261 14 12 41
3171 13 6 84
4129 14 13 8
4222 15 2 172
3121 14 7 170
419 8 1 89
3549 13 10 28
3567 15 7 130
1265 15 9 68
1222 13 2 6
2281 11 10 150
3953 12 11 17
4033 11 6 147
1575 15 2 167
783 14 4 69
2754 6 3 184
3496 12 3 144
1491 8 1 34
2610 13 4 114
1294 10 4 2
911 7 3 184
1102 4 4 25
562 6 5 138
4205 14 5 72
2777 13 2 185
4150 10 7 164
3916 14 11 157
1178 6 3 165
1938 15 2 126
4303 12 11 164
1946 14 4 194
1502 11 8 159
2848 8 3 145
3382 3 2 56
415 14 12 165
720 10 6 176
1046 2 1 15
760 7 4 115
4596 15 12 85
569 13 12 71
4067 12 6 86
2637 15 11 182
2772 14 1 66
1533 15 5 21
3241 11 10 84
4742 5 5 26
3007 8 1 13
2605 11 1 107
4608 14 9 31
2380 15 13 57
3871 10 4 144
3890 8 6 20
3614 13 4 22
1701 15 12 20
4844 9 9 134
4130 15 10 83
3372 10 8 115
2140 4 4 164
2793 15 3 90
1082 12 7 139
3839 8 2 112
2 10 10 36
3812 15 3 14
3808 7 2 153
2754 15 1 158
2910 7 1 195
568 12 5 174
4988 7 5 59
680 8 7 116
3180 4 2 29
1886 14 1 27
4845 9 4 185
3975 11 7 13
3942 14 6 146
3367 12 7 138
602 12 5 90
3247 6 2 34
1238 4 2 117
1617 11 8 90
1748 8 2 32
2778 12 3 166
664 7 5 172
277 8 3 16
1451 14 11 158
1633 7 1 183
3988 9 3 45
4984 6 1 22
4968 15 1 120
2670 15 7 130
2160 8 8 152
2522 13 1 160
3958 10 6 153
448 12 2 140
4843 5 1 24
4140 15 6 54
530 14 5 118
2344 8 2 16
4228 9 8 178
520 9 4 124
3695 13 1 149
3045 4 3 117
2941 10 6 86
2294 8 2 48
1158 13 8 174
1675 12 2 115
3453 11 10 27
3519 7 1 69
3326 10 6 7
3266 9 1 130
2866 10 4 72
1862 12 9 10
1946 2 1 142
2963 7 2 11
3504 11 3 147
2396 8 7 190
1223 15 4 2
3313 5 1 22
2378 1 1 147
4737 13 10 98
457 6 6 110
268 9 8 152
4261 4 1 129
1101 14 6 67
3580 4 2 104
4198 7 7 60
693 9 5 143
4826 9 8 24
1810 7 3 64
309 9 3 175
4333 13 1 6
1151 4 2 12
1785 6 3 188
3851 15 9 127
2237 8 3 140
1540 11 5 199
296 8 7 116
4552 11 9 178
3074 10 3 117
2206 9 9 150
340 6 3 188
2679 4 1 39
1017 15 3 54
4059 7 4 163
2933 14 6 60
998 8 5 78
1528 13 9 100
24 6 1 94
3071 9 5 87
4427 6 4 88
2810 15 4 178
2472 7 1 171
171 7 1 11
2984 3 1 181
2141 14 1 180
4292 8 2 42
2317 10 1 71
4685 12 10 85
4030 8 5 12
4338 14 5 144
4779 8 2 66
2215 12 11 96
3851 6 1 185
2610 15 7 24
124 6 1 152
1277 13 4 57
3396 12 2 118
1572 9 2 87
3792 5 5 160
3869 2 1 69
3064 12 9 144
984 11 6 118
1933 9 9 66
3631 4 1 3
2469 15 1 141
2120 12 4 46
2488 15 14 49
241 13 9 157
741 14 1 18
1985 7 6 64
4198 9 7 47
3142 10 4 137
2719 14 5 91
2855 15 5 3
1987 13 10 182
2316 6 5 192
4846 6 5 75
772 15 6 34
2037 13 4 76
374 15 13 1
1712 3 1 199
2141 8 1 198
623 10 1 88
379 12 9 72
3326 9 1 63
2117 8 5 158
898 13 6 199
4889 7 7 93
5 7 4 180
2250 13 2 166
1287 8 5 48
367 2 1 138
1292 12 1 66
4472 10 9 189
224 6 6 106
3960 8 7 147
321 10 8 82
345 6 1 29
4322 14 2 107
1747 7 5 164
1729 6 4 196
3199 12 9 181
828 15 11 61
4104 14 13 77
1639 1 1 30
4014 15 6 192
337 10 6 183
4626 3 2 34
467 10 5 175
2784 12 2 1
19 12 6 41
2891 15 5 69
4554 15 11 91
4662 11 1 9
974 12 10 111
3870 15 1 32
3491 13 10 182
1424 2 2 142
1595 8 3 107
4425 13 3 59
3596 6 4 21
407 10 5 98
3769 8 4 30
1609 15 7 99
332 15 3 85
1627 6 1 161
1034 12 11 90
1895 12 4 151
1363 15 2 2
3058 3 2 60
3581 9 3 114
597 13 10 50
2680 8 6 18
1608 9 4 170
587 10 10 150
4736 13 10 170
565 14 1 197
3716 8 5 185
1696 11 10 88
4508 11 9 113
3806 14 12 115
798 12 6 36
1560 9 5 1
1134 11 5 79
2862 9 8 136
2138 10 8 83
3384 5 3 174
4347 10 6 177
3161 14 12 120
3618 11 8 117
1283 11 10 9
2599 10 7 175
2989 13 7 33
3693 13 2 185
1839 8 7 82
4704 7 7 46
1273 14 10 113
3242 4 1 130
2612 12 11 89
4814 15 8 28
4615 10 10 50
3767 14 11 34
1860 11 8 10
4306 15 9 11
527 15 11 35
4983 1 1 108
3923 15 11 11
1158 14 11 99
1730 11 10 86
662 15 8 87
24 14 9 66
2873 6 5 8
2623 12 3 104
2207 12 8 155
1934 8 1 174
1866 12 12 14
2435 14 4 33
2875 10 9 44
3125 7 3 194
847 8 6 197
440 14 11 29
3793 5 4 26
3064 14 6 42
1148 8 3 59
3028 7 4 172
633 2 1 116
3146 11 8 186
1153 15 6 29
4282 14 8 43
3212 13 2 91
3349 15 8 114
3871 6 2 129
990 4 3 75
1694 4 2 90
2036 4 1 154
1187 13 3 3
3916 4 4 143
3392 9 8 98
382 5 2 52
4467 13 1 117
3575 13 2 1
84 14 13 120
2786 15 10 184
3881 13 1 50
3326 5 2 64
4598 9 3 7
1308 7 1 159
1567 3 1 32
417 10 9 111
221 15 9 86
466 15 6 177
1401 12 7 90
3011 7 2 181
3717 8 5 2
3328 8 4 106
1568 4 1 195
1799 15 13 88
865 15 11 88
2668 10 7 182
732 9 1 25
4606 11 9 199
3667 2 2 106
3819 4 1 15
1458 14 2 69
638 12 5 11
3057 12 12 174
3777 8 2 63
1073 8 1 92
4161 5 4 70
1563 15 2 34
587 10 4 32
780 14 13 9
1736 13 3 24
4708 12 3 90
1242 13 1 29
1573 14 3 89
4312 8 3 27
2370 9 4 158
1390 15 11 67
2831 14 13 150
4489 8 3 159
1494 14 10 45
727 8 2 171
386 15 5 11
4255 13 3 137
3490 10 7 123
236 13 2 36
2688 4 1 138
2816 6 2 93
2923 8 2 55
1490 14 3 52
470 4 4 68
3308 15 7 82
1438 14 3 136
2601 9 5 168
213 11 10 88
73 8 6 15
4748 11 7 94
1423 11 6 171
1731 14 14 178
1031 10 4 97
4545 8 5 107
1148 10 9 42
2437 13 12 160
130 7 6 138
3920 3 1 81
1193 12 7 71
180 11 7 198
1142 8 3 115
2363 3 2 67
3252 7 5 83
2782 9 1 67
1169 7 5 30
1645 9 1 6
3147 9 3 151
1513 6 3 25
3299 11 2 183
2900 7 3 15
2738 10 1 113
2690 15 8 21
3334 14 11 59
3017 8 8 76
4637 8 4 112
3905 14 11 86
3140 13 5 18
2852 14 14 12
43 12 6 157
44 14 11 32
4686 12 3 50
2971 7 4 99
4658 15 5 17
2788 3 1 72
3381 10 6 67
3925 8 4 109
4403 10 6 77
104 13 7 147
807 15 10 65
3646 15 5 185
4698 13 10 190
4601 15 3 91
841 8 8 153
3880 5 3 2
1118 10 7 178
1876 9 3 143
1352 12 3 199
1719 10 2 118
2087 8 5 62
1244 5 3 118
186 9 1 86
329 15 4 155
758 15 7 81
819 15 5 171
42 15 8 21
2773 11 5 193
2249 3 2 47
3138 15 6 29
1422 4 4 111
1436 6 2 87
2006 15 6 108
2431 8 3 86
4351 11 3 102
2419 13 2 20
3233 11 2 189
1974 14 10 187
952 7 7 159
2773 8 6 35
1535 14 2 66
704 11 7 98
4017 14 1 105
4734 10 8 91
695 15 6 200
4087 6 5 13
184 14 13 7
4814 8 5 18
2574 8 5 23
1324 8 2 187
3720 10 10 193
4222 6 4 181
1622 9 8 89
3049 9 1 166
1194 15 13 5
1974 12 9 101
1613 9 8 195
2312 8 4 102
3391 12 9 180
2615 14 8 44
2776 15 10 36
777 10 8 169
3715 15 10 94
39 14 10 127
1217 9 4 128
2563 13 10 70
2199 14 5 13
3411 2 2 75
372 6 2 185
3304 12 6 195
4665 14 4 107
706 11 1 6
4314 12 4 49
1168 14 7 129
1758 10 7 26
3228 13 5 130
3789 15 8 158
1701 5 3 33
3487 13 1 68
1537 5 2 155
944 10 3 44
4411 8 3 112
960 14 1 173
764 11 1 119
4179 14 1 77
2500 6 6 61
1466 9 7 143
1263 13 1 118
2131 7 2 98
996 13 1 99
1314 13 4 172
1070 6 6 152
3607 13 5 93
779 8 7 9
4029 14 3 42
3950 11 1 68
3213 10 6 39
3832 11 9 16
4942 10 4 51
4263 9 4 161
640 7 5 4
2736 13 8 143
4025 12 11 156
3649 11 8 32
4117 8 5 199
3660 8 3 134
1209 5 4 70
730 6 5 16
1309 6 1 95
141 11 3 81
1131 7 1 47
4028 15 2 64
2219 15 7 58
3004 15 7 17
1564 10 3 131
4189 5 5 78
4283 14 11 182
2594 11 4 179
1970 5 3 119
4932 15 14 95
4538 10 1 69
1362 14 1 167
4168 10 2 106
3206 14 10 18
3047 15 12 187
1024 5 3 120
923 11 9 135
916 12 4 108
4441 11 3 30
219 13 11 109
4493 5 4 142
4966 5 5 154
1149 7 6 171
2828 15 14 28
4822 10 4 21
3807 5 3 37
3410 4 4 91
3147 8 5 11
4882 9 2 149
2040 15 5 40
3105 4 2 93
2314 15 2 4
764 5 3 156
2296 15 7 120
4738 15 9 177
316 8 7 27
4720 7 6 153
1677 4 4 120
2473 10 7 38
2885 12 9 32
2179 9 6 157
211 14 9 54
3474 9 2 3
2058 13 4 152
4932 10 10 129
1510 10 3 119
98 15 11 120
1454 15 10 134
2886 13 11 9
3867 14 2 83
2531 15 13 47
592 14 9 191
2831 12 1 24
4159 15 8 39
614 13 1 84
2301 6 4 75
3485 15 8 41
2725 15 1 48
905 8 5 153
1170 9 5 127
3691 15 12 65
847 14 3 94
1174 14 10 198
3821 15 7 86
3751 11 3 91
4487 15 4 1
1280 13 9 102
2429 12 1 110
285 10 8 124
2680 7 3 150
3055 5 2 69
4159 14 7 16
1790 3 1 71
766 13 2 132
3119 7 2 173
822 12 9 166
4926 8 7 98
1076 8 7 171
673 9 7 193
4335 11 4 141
1595 12 11 114
1760 15 5 114
2262 15 7 17
3734 15 14 191
1341 12 8 92
2548 15 6 53
3418 11 10 123
4236 14 5 75
1824 11 8 142
3166 14 10 186
3920 11 1 146
658 10 5 146
3808 9 3 108
4197 12 9 111
2408 13 4 70
3587 11 3 1
928 6 2 33
68 11 6 4
284 8 3 42
1323 9 4 116
3410 10 4 119
682 6 5 82
576 12 1 125
3647 13 8 150
4939 14 1 141
2327 12 11 192
962 12 8 119
263 11 7 106
3469 15 12 51
1410 6 5 125
460 10 2 118
749 13 2 115
3673 6 5 189
4481 8 6 46
2856 14 12 44
4496 10 7 67
4225 9 8 115
3590 3 1 39
4581 5 4 82
2189 10 8 134
2144 14 11 167
2604 7 3 14
4945 5 5 40
2546 7 1 56
456 11 11 174
718 11 6 19
3515 13 1 178
4245 11 4 65
3509 14 12 160
1496 3 2 159
2165 8 8 9
37 5 3 171
3508 14 13 77
2704 15 11 127
4532 11 7 35
4047 14 9 22
1869 6 1 115
1705 15 11 72
2604 6 1 29
2806 14 5 159
266 11 1 138
4316 6 1 125
2755 15 12 30
1480 11 2 140
2964 5 1 176
4616 11 5 193
4612 10 8 27
3730 9 5 187
4048 13 7 77
4582 13 12 20
47 12 8 192
987 13 10 92
1213 12 2 172
2346 10 8 159
1885 10 2 18
1182 15 10 119
1578 8 1 36
1527 13 3 97
4883 5 1 18
2945 4 3 158
3860 13 3 166
638 15 11 109
553 11 3 149
4267 6 6 134
2227 11 4 91
693 10 1 187
2914 6 1 105
496 11 2 120
4349 10 6 140
1004 15 4 111
1513 10 10 110
3293 13 5 13
2057 6 6 102
1661 14 3 89
2828 7 4 150
832 9 5 61
3279 12 9 34
2661 12 3 99
2493 6 4 40
1311 15 12 21
991 13 1 139
3396 8 8 84
3833 15 1 62
298 12 2 4
1583 12 4 133
2336 7 1 156
2625 12 11 104
4958 14 3 91
3769 2 1 117
3066 8 1 147
3232 9 2 10
4072 15 6 105
4121 13 10 83
1276 5 2 1
4985 3 2 13
3161 9 3 76
312 15 10 63
3622 14 6 191
1879 7 4 142
4513 13 3 93
2945 12 7 4
3543 14 5 76
2839 2823 4088 635 4183 1920 2111 362 4297 1959 415 4870 638 3901 4605 1302 951 1187 764 1371 2599 1112 822 1693 3771 861 4267 498 4943 1538 4389 461 575 4461 2735 4403 4306 3029 2522 1412 962 498 2481 1947 1447 3094 244 4105 4283 168 2631 842 7 4044 2073 3838 338 3240 1827 775 1403 450 297 4095 3473 1731 1079 4109 159 416 3396 3706 4374 3547 1852 3448 3429 3546 1912 3597 2852 1898 2613 2598 3991 2237 4374 3886 1338 2986 1237 3476 3921 1329 82 2860 81 1020 1548 3631 2526 4265 2584 2721 117 2225 1748 3869 3580 2004 1885 1448 3792 164 61 3838 3245 2333 4020 620 1620 399 3766 261 3755 2176 4659 4974 1831 3903 3144 2767 3039 1053 3820 2879 1363 2452 4639 1812 928 2955 4714 1087 479 2924 2049 431 755 4022 3905 2297 3588 3767 4592 1327 3054 1019 2831 581 769 3588 17 3265 1630 1657 2363 1228 1775 4131 4725 4274 746 2387 4408 1862 2101 278 3957 3101 3389 3421 1152 898 3074 2783 2361 4600 3196 1883 2966 2567 2518 980 3867 3125 3653 2774 1109 4213 1199 1671 4701 2140 3566 1132 2461 1694 3824 3114 2958 1497 4450 988 272 684 3061 3055 1768 3795 2865 1635 4558 3221 4744 4849 634 3933 4531 4067 3398 2181 4231 3302 1747 792 1908 2928 1522 2574 387 4988 4869 1099 3635 141 4506 3742 1964 184 2216 533 1776 3336 2195 4901 4788 1476 1965 3926 2068 4197 3454 4319 937 2631 4708 3370 1463 2484 4084 1673 2433 1791 4990 3480 3477 381 3327 3489 1263 3087 1505 4866 298 324 1036 1327 2672 1855 3592 704 4202 355 2730 221 1714 3904 2318 3264 4811 1287 1298 1329 93 1979 3207 4551 4469 4643 4451 2054 3045 1068 3042 1834 700 1881 678 2004 4725 864 4209 557 638 1051 853 4072 2005 2578 3496 1066 4600 639 1016 1395 4474 464 1639 3521 3685 1927 1291 1959 1287 628 1802 3899 1884 4011 1478 1503 2274 4811 4964 3893 2098 2615 3043 2117 333 1813 2540 4439 3548 2970 3417 192 817 414 233 4037 3288 3135 1701 3174 2548 3070 2030 2210 3440 3719 2205 1496 3820 2742 156 2864 4838 1153 607 2510 255 3558 3223 2832 2485 4878 3878 2470 2208 3716 4034 4238 2676 2615 713 271 1850 78 789 3776 1819 329 759 2549 3331 1424 4233 2100 1955 3737 4456 2436 2792 2659 987 1066 4541 2152 1301 3260 1063 4108 2123 4119 4161 164 1064 117 2958 638 3604 4156 958 2916 2764 4884 2762 3901 4305 3842 3059 1152 4061 2702 38 2801 364 960 2305 727 1553 1252 4302 918 3910 4705 503 2056 3589 2715 1050 2791 1709 4616 108 3513 1870 4064 2963 4087 2397 3604 1983 3114 1231 2498 2409 3242 802 1054 370 2490 4862 4673 3089 1709 1179 1240 623 4031 3906 4670 1576 2620 3580 342 3044 3733 3670 2649 1768 4931 4498 22 4365 2715 2814 4449 3850 2141 4752 886 3405 2389 189 483 1097 4073 1213 1317 2131 2941 4176 2385 978 2291 1760 1216 4280 2591 4140 482 1742 2455 4755 3888 2960 1789 4055 2356 1245 4313 3111 1990 2629 2096 3302 336 4858 1731 2302 3243 605 1434 79 3427 4170 551 1042 4673 3863 4547 1644 4738 831 3890 1113 86 494 3554 1263 1322 3863 969 664 2651 1508 1017 3068 3068 3091 2008 2391 2788 1095 4784 1110 3410 880 405 3712 1077 4624 2290 3146 2893 3556 3356 4730 1704 1235 4263 2059 1998 4229 2149 512 4469 4573 1698 4679 3304 2365 521 930 1804 3573 465 2300 1199 4785 2527 912 3195 1394 765 1744 1142 4912 3723 3471 519 563 3260 960 1746 1017 345 3486 114 2254 3946 227 939 4818 4562 3996 3326 1936 2058 865 962 4935 1274 3662 3438 719 4018 476 2268 720 1881 2952 4471 278 1887 4169 646 3306 2316 3439 2604 1700 4289 1514 3211 4035 3965 2694 3513 2897 1022 2188 2799 247 4037 2342 2454 2775 1710 2395 2659 4734 3719 4245 1778 751 4123 2173 1012 814 3390 4897 4174 167 50 2792 2575 1504 470 542 629 1683 584 1777 4007 3927 618 4232 564 908 3035 3609 2028 2791 4055 1930 544 1191 3026 4815 3345 4319 3685 3231 3001 4378 2310 4821 4973 1363 810 4587 4139 2054 4325 1926 1363 2089 3719 2561 2545 2451 499 904 4940 4679 2739 940 3203 3271 3144 3843 94 2450 2459 4146 4376 369 2352 2310 3920 3144 156 2687 3905 2961 4648 4040 263 1537 2008 2913 2652 3346 4841 3020 1455 1124 1219 3469 1097 4872 4384 3345 696 633 865 2540 678 106 3459 1437 2421 2023 4102 4891 3889 4713 3884 3084 80 1752 4298 3772 4113 1528 673 1263 2914 3655 2567 3612 2938 37 2669 4910 681 3512 813 4761 524 1851 3196 816 4134 1721 1285 275 2043 3181 232 949 2564 4826 2430 1899 1310 2385 969 3115 2270 3391 1647 1773 2232 1463 2532 3990 425 1534 458 4476 1079 4144 1552 3668 4485 1811 2768 3525 2972 2099 1538 241 4304 854 399 4829 3601 2600 1892 3384 870 250 3506 3547 1075 3145 3346 778 3302 2834 242 2217 3457 2432 4560 73 3733 4295 1323 4627 1189 2383 4100 668 1815 621 1332 3547 1461 4582 2412 2780 2462 2416 229 3871 25 927 1376 3635 4689 4511 4869 2680 3844 1751 3168 737 1728 327 1119 1675 1955 1945 3018 2809 2876 528 3553 1035 2937 1596 6 4277 3782 3248 3603 2911 1492 2919 1861 30 1172 66 82 2351 1310 2878 4275 3593 2184 1278 1020 4746 3910 921 2573 1792 4395 1642 1052 2867 3665 1702 2474 4591 535 1919 3761 2970 3824 1700 2484 3024 169 