1000 1000
4206 15 3 19
3362 3 2 46
915 12 5 43
2424 13 10 184
2057 5 12 13
2112 11 8 153
2086 5 7 35
3658 4 7 147
1108 3 14 101
3761 12 6 20
3482 14 4 192
637 5 15 139
2293 10 5 56
4683 8 11 87
4023 9 7 67
4632 11 3 162
2967 11 7 71
240 12 9 100
1493 6 4 25
3280 10 8 3
2453 7 3 158
4337 15 15 176
2050 3 12 136
766 1 3 138
4519 15 9 145
4631 13 13 60
2397 5 6 74
4522 2 10 127
811 4 1 91
3441 7 5 55
4453 8 14 18
4098 5 14 12
1208 12 3 171
872 4 1 58
3762 12 10 187
647 2 9 141
1703 1 4 4
4965 7 7 45
2980 15 7 134
2480 10 12 72
1811 11 6 67
1362 6 3 39
29 1 8 197
3964 1 4 87
4315 4 14 178
4594 10 13 67
3186 2 12 10
4692 4 5 54
1724 15 6 97
1921 15 2 139
3034 14 12 34
4442 3 2 180
4584 9 2 185
3821 11 15 41
4997 5 11 80
2181 13 15 23
4701 6 1 38
857 2 3 147
3985 4 7 155
2616 9 12 4
2155 5 11 172
2091 6 12 151
2571 9 4 37
1084 14 14 173
438 14 4 134
3198 1 2 199
2641 9 9 69
3530 5 8 168
2118 12 8 157
369 12 8 150
3734 11 14 80
2077 6 10 41
2032 9 3 16
4822 10 10 31
2191 2 8 35
1671 14 2 48
3105 5 12 180
816 12 12 160
1709 13 5 176
2513 5 14 84
2710 9 14 92
4356 5 7 109
626 14 6 45
173 2 12 46
845 10 9 162
4241 11 13 68
3562 10 5 48
4396 12 12 53
1787 9 6 113
1318 4 2 58
3084 13 9 116
2014 13 1 37
3047 3 7 55
4099 12 1 63
3353 13 6 79
3594 8 11 16
737 8 9 164
1199 13 9 75
1947 7 11 117
760 10 6 38
1930 12 7 168
1014 5 14 82
727 11 3 37
2991 4 1 107
889 2 13 68
3289 12 2 152
1504 13 9 161
27 5 6 78
1622 12 4 39
1696 4 2 86
1835 3 15 8
3108 15 15 5
3645 3 14 152
4680 2 4 178
1555 5 6 123
2639 8 4 6
2504 8 1 98
4917 13 7 57
3813 15 15 65
481 12 4 123
2049 6 3 190
1301 10 13 43
3200 6 15 172
4315 2 6 51
20 1 6 92
3451 11 8 79
896 6 13 136
1616 8 3 153
4454 8 13 142
218 1 3 11
4241 9 3 150
2992 13 6 33
3164 14 13 11
4542 9 7 95
811 13 2 191
2444 13 5 64
4738 5 3 140
4253 6 12 103
3450 6 3 60
3928 5 8 73
1269 12 1 74
4240 2 5 117
424 11 15 128
137 6 5 129
1311 12 2 120
3624 11 1 75
722 4 15 76
1721 6 11 58
1649 13 13 56
1813 15 11 70
3849 15 10 159
3898 1 9 15
1303 11 3 168
1940 5 5 87
3395 10 6 62
4102 1 10 129
319 13 7 123
59 4 11 86
3928 15 15 181
4356 4 15 197
124 3 5 34
4626 15 10 69
4187 9 6 96
1609 3 1 173
3983 1 5 139
1258 15 6 119
151 15 11 177
270 1 7 7
3 8 14 156
1029 7 6 8
666 15 2 13
3460 1 8 141
1509 11 12 163
2674 13 11 116
4759 7 2 111
1556 3 6 79
4719 12 10 75
3844 6 10 100
3719 1 5 59
3302 3 8 34
2449 10 2 124
2207 6 13 19
2216 8 5 55
3482 13 15 3
1566 5 13 58
615 11 1 133
1338 9 4 49
227 15 13 65
3626 10 11 137
2947 13 7 140
752 5 13 95
4414 2 3 32
4426 1 5 196
932 14 14 39
4166 2 3 27
37 2 13 14
1924 11 11 145
2279 1 14 65
664 10 1 2
2444 12 8 189
4283 13 13 2
4455 7 14 68
1438 11 9 18
2055 14 10 154
1578 3 9 103
3156 9 9 132
1690 11 1 147
3743 9 6 149
3354 11 1 182
3949 1 1 44
1480 13 3 141
3027 10 2 154
4241 6 1 179
4907 12 8 12
2185 14 11 28
461 11 12 138
3012 8 7 151
1438 10 14 118
3696 8 15 143
3717 9 14 86
3921 13 1 22
1040 6 8 123
1614 8 6 135
1697 4 2 4
4808 2 9 16
4967 14 14 65
3909 12 12 188
1349 9 10 13
4562 5 7 88
4694 4 7 189
3949 12 14 178
3945 3 4 167
2140 8 12 10
2494 15 8 17
2638 3 10 156
3631 13 7 83
688 6 4 55
3264 7 14 195
4607 13 1 98
1077 6 2 147
3971 5 5 191
4673 8 13 184
4668 10 9 182
2165 11 9 82
4975 4 11 24
1998 13 11 155
4435 13 13 194
1411 1 9 175
1420 15 5 145
2103 11 10 149
2185 8 4 157
4484 3 11 165
3231 15 10 132
2775 14 5 125
2290 2 4 47
4730 14 9 115
639 5 10 46
497 8 4 74
3872 14 8 60
2248 3 5 136
1420 8 5 175
253 8 9 83
386 13 10 138
3084 1 2 45
1665 7 2 164
581 4 13 174
4737 6 9 35
728 6 12 156
3308 2 9 122
1450 5 2 66
304 5 14 170
1815 9 14 90
3237 2 14 19
2631 3 10 185
2021 12 3 18
4967 1 14 196
1299 5 11 16
4975 5 6 113
4083 10 6 81
4776 8 1 17
981 2 6 77
1005 6 2 103
4487 1 4 122
3338 12 15 44
4051 13 9 169
1616 12 10 198
775 5 3 35
3728 13 2 164
409 14 8 59
902 13 2 41
1578 4 10 96
3149 2 15 112
4817 2 11 171
4470 14 3 40
3325 2 5 199
98 1 8 60
2268 3 6 7
2564 13 13 52
831 15 15 138
2608 4 11 158
88 5 8 139
2640 5 12 68
1153 9 3 162
4180 6 11 63
3359 11 12 74
663 6 15 111
460 3 14 95
2647 3 4 9
3280 9 14 165
2858 2 2 88
131 9 8 48
1665 2 6 79
3216 12 10 68
2991 6 2 125
3748 15 8 98
1622 7 14 90
3380 5 7 148
301 2 8 111
1119 11 6 3
1173 5 11 26
562 3 12 122
2052 7 13 133
683 11 6 169
1507 2 7 108
2458 4 6 116
1693 5 6 183
2652 10 9 143
2145 9 9 94
2331 15 9 81
2618 14 11 131
1573 10 5 49
1066 1 12 6
443 15 9 149
2591 3 9 133
3817 8 7 4
759 13 7 107
3230 9 15 149
1579 9 13 175
2398 15 3 167
2691 6 2 126
4296 7 1 54
2225 6 5 65
776 11 15 184
150 13 6 77
1487 3 11 147
4698 15 14 148
1066 10 6 66
1784 7 10 142
4017 15 6 91
840 6 13 116
4253 8 6 55
4624 7 3 21
3731 9 10 70
113 11 8 27
1856 7 3 53
190 13 1 10
3353 5 14 37
1677 10 13 43
3491 2 12 9
3898 14 4 41
887 7 1 130
1978 3 3 194
3020 10 9 52
3655 8 2 171
1655 10 3 80
2603 2 2 49
4357 8 9 48
3199 6 6 127
1829 7 5 76
1272 1 12 115
2036 3 8 75
3078 2 3 125
4594 9 9 128
287 10 9 149
1002 10 3 11
1625 3 7 91
611 15 5 16
2437 7 5 134
3509 10 2 147
2884 7 8 84
833 6 6 27
4166 2 6 56
4458 15 15 151
3240 14 3 123
66 5 11 19
2171 4 5 85
856 4 10 62
3557 7 13 75
4918 13 12 41
2224 1 3 34
2322 2 4 126
2166 14 4 189
2149 15 3 162
4605 2 15 4
1731 9 7 151
3765 5 11 78
3076 8 11 136
1859 15 10 19
355 4 5 45
1420 12 2 192
590 4 3 37
1569 4 3 68
3478 3 4 3
4103 9 10 152
245 8 8 75
125 9 4 61
4997 14 5 13
1593 5 13 82
402 11 5 59
1266 10 3 147
4955 10 15 177
2474 5 15 72
3775 12 12 126
4894 15 2 67
727 4 14 96
3859 10 5 173
290 11 5 191
3634 6 11 115
2890 10 7 39
2990 5 8 32
3043 6 3 36
1501 5 6 44
994 7 4 147
4100 8 1 27
2633 6 3 156
307 10 11 108
3197 15 4 56
3439 7 5 85
4956 8 11 144
579 7 13 108
2366 9 2 85
1245 9 10 42
1628 4 9 108
152 14 8 145
4828 3 14 9
698 2 8 194
2690 4 1 186
2638 15 9 41
805 9 13 87
1761 7 11 1
2358 4 15 14
4584 14 13 34
305 6 4 10
4280 11 14 106
761 12 12 183
2420 3 2 150
4465 4 4 150
3 9 6 66
3257 3 5 46
4148 10 12 6
4622 8 6 168
575 4 6 151
135 4 7 175
728 7 10 108
3169 1 12 121
2995 1 13 137
2196 15 5 97
3191 9 4 66
2726 4 8 103
2665 5 1 35
1044 15 1 129
2278 5 1 112
3565 7 1 145
4592 15 13 32
3571 2 6 12
3747 7 10 54
637 10 8 168
1167 14 10 92
2330 5 4 94
2691 5 5 59
3139 4 2 40
2665 5 11 1
2088 1 9 132
4178 11 7 93
3450 9 5 106
2371 3 13 154
1390 3 1 83
717 8 12 113
2737 7 12 174
4691 10 7 117
129 14 11 15
277 9 7 104
2282 14 11 17
2369 5 12 81
2845 7 1 91
4393 15 8 106
1955 9 10 134
1046 8 15 171
81 2 4 186
1568 10 14 123
4309 10 8 177
4905 1 6 199
2205 3 6 61
1971 4 12 156
3350 1 6 11
3799 11 4 56
3944 14 4 107
4290 9 10 36
3801 6 6 119
2537 3 5 129
3522 3 9 104
19 1 11 139
3931 15 6 47
3418 9 1 106
2990 7 5 117
1750 14 12 62
51 14 2 56
1577 10 12 162
3527 15 11 86
2240 4 2 18
1702 9 3 149
3844 4 4 185
557 14 10 93
2961 15 1 138
3376 2 3 120
4434 12 12 16
4749 6 8 127
1863 2 11 116
3846 9 14 83
1649 12 14 22
1346 2 13 154
1227 10 15 167
1068 2 6 126
4685 12 12 3
4099 3 3 177
2216 6 5 125
1874 12 5 4
131 13 12 196
2603 3 9 104
877 5 1 165
4622 3 7 200
848 2 4 77
2146 1 6 56
868 9 9 115
831 7 11 171
4173 3 9 199
2598 11 3 22
2217 13 6 8
722 4 9 182
2282 8 4 90
4951 9 15 127
3792 12 9 155
2660 13 3 36
377 4 8 9
2840 1 5 41
724 4 14 81
2896 8 5 131
3164 14 15 99
1897 9 3 6
2843 9 4 72
185 6 1 194
4426 2 14 6
3339 3 11 10
432 14 5 61
4201 8 11 36
4264 7 8 113
1782 15 4 127
94 9 15 96
4715 7 12 144
3668 2 11 50
2641 2 6 100
735 2 5 42
3901 3 3 21
429 10 2 54
924 10 3 2
1242 12 11 151
621 12 9 197
2021 11 7 9
2104 6 12 15
3038 11 8 81
194 6 6 146
453 8 5 175
4564 9 2 108
1880 15 3 132
927 9 6 6
3110 7 13 70
929 8 14 7
2834 14 12 28
1362 15 14 70
1372 8 9 73
4146 1 15 21
4336 5 6 152
3339 5 11 138
3434 11 4 69
252 11 10 117
3680 15 10 104
2669 8 6 137
3423 6 1 17
4532 8 14 82
2532 11 12 40
4650 11 8 33
2981 12 10 145
4245 9 5 64
2498 3 5 35
1448 7 3 51
4637 5 8 70
2781 3 3 5
3920 10 2 185
4243 8 10 124
4687 11 9 147
3004 2 10 120
4686 3 10 113
102 11 14 1
2259 7 7 169
1112 12 4 24
374 9 5 108
4614 7 4 180
2437 7 9 38
3352 2 3 81
2874 4 5 91
4335 6 12 3
948 9 1 80
4527 9 2 34
390 3 3 190
331 14 9 85
1657 11 2 38
3341 3 1 12
700 5 15 195
1944 9 14 45
1804 9 3 57
1627 7 9 95
4848 9 13 68
4564 14 2 32
413 9 9 198
4384 12 10 101
858 5 1 157
2988 7 1 20
2986 4 5 134
4040 14 6 50
4315 4 1 174
2853 5 3 170
1411 3 3 98
4799 5 1 70
4457 13 5 13
63 15 9 127
644 13 14 76
2532 4 6 70
4710 13 10 27
4056 12 15 113
3304 11 8 161
4356 10 8 153
1954 14 8 25
2384 4 11 4
4961 13 13 49
448 9 14 124
660 11 15 103
4368 6 10 73
1011 11 9 35
4866 7 8 40
4709 11 9 83
4535 7 1 155
4105 9 3 89
1819 10 15 156
978 4 10 120
4843 2 8 144
2097 3 10 30
282 5 8 109
2589 2 6 18
2022 15 2 164
1047 13 14 199
453 11 12 184
1827 3 9 3
1223 6 14 192
3772 12 11 32
290 12 7 193
4273 11 3 49
3107 4 14 132
87 9 7 174
4092 9 8 157
4394 3 9 35
4681 15 9 31
3733 3 15 54
798 13 1 46
699 15 4 14
4554 5 11 85
4676 12 4 113
993 1 9 105
3393 15 8 78
4955 4 10 62
573 12 6 96
1681 2 10 170
17 13 9 129
3930 4 12 80
3377 8 13 57
2477 9 8 106
3302 12 7 92
4864 8 1 87
181 14 8 4
935 14 10 60
3390 12 2 67
4228 5 6 137
4323 14 8 43
539 12 10 84
4188 11 4 169
2675 6 15 5
754 14 4 200
3930 9 15 21
1155 12 9 198
2489 3 15 99
1548 15 12 31
492 12 6 15
3931 11 3 199
1457 10 13 165
76 5 11 156
1464 13 2 10
4363 7 9 173
1531 7 9 103
2949 2 3 62
565 14 8 37
3315 14 4 89
3326 13 1 167
338 12 10 57
4840 12 14 114
422 5 12 90
2902 6 3 188
2408 10 9 6
2761 1 12 53
4103 3 4 75
808 11 9 132
1691 2 5 70
444 9 9 120
3876 14 5 42
1900 14 8 89
4441 5 13 12
417 10 8 177
4001 7 7 185
2874 7 11 78
4902 3 9 161
1028 15 14 19
2317 2 11 139
2157 7 12 142
3734 4 6 68
2413 10 13 164
2536 7 9 40
3164 13 12 52
2456 8 13 53
3520 3 4 49
242 7 6 92
4585 5 2 7
2341 4 9 25
1351 7 14 178
665 2 10 171
2558 3 14 91
3035 3 5 75
1516 8 2 38
3266 14 9 97
1390 2 1 183
4253 12 7 115
971 1 6 173
4514 1 10 189
824 10 2 55
3725 9 3 147
2917 3 1 111
55 2 1 45
2161 3 1 103
248 12 11 180
3142 11 1 34
678 10 15 50
163 8 7 192
4696 6 13 116
2569 13 8 51
4030 13 9 128
861 10 8 198
3547 4 13 144
3605 4 4 161
704 3 1 129
2784 5 6 188
3186 4 4 169
4564 4 6 30
582 5 11 182
4191 7 7 14
4563 14 2 144
2475 2 3 198
1078 15 11 42
4199 6 2 145
1473 7 10 46
1306 15 3 191
4004 11 2 53
3409 4 7 29
2983 7 11 37
4734 15 1 16
841 6 15 134
594 10 2 181
2359 6 13 120
2648 7 6 113
4426 10 3 124
4498 2 7 98
2865 12 14 73
1443 4 7 140
1122 13 6 118
1188 14 15 61
738 10 5 18
2268 3 1 4
105 7 8 158
3031 12 3 143
3667 10 9 43
1973 14 2 14
4883 3 9 123
1333 2 2 147
2429 8 11 57
2819 14 9 168
272 6 5 15
2830 14 10 132
4634 13 2 191
1164 8 1 36
624 5 14 136
345 2 14 26
2842 8 5 180
3640 11 1 73
4718 13 11 157
1014 14 7 26
3388 9 15 88
1656 8 11 18
1488 7 5 72
4161 11 10 110
1543 5 12 1
4867 2 13 32
1320 15 14 14
1351 3 13 83
4845 5 11 48
1975 13 9 24
2426 3 1 132
4961 15 6 99
174 12 10 124
488 10 6 78
411 7 2 186
4569 4 15 94
964 2 8 156
2493 14 12 37
2413 4 4 199
3403 15 9 36
4006 11 4 186
414 14 6 149
3713 12 11 91
1398 7 11 13
794 9 3 81
3494 11 6 108
897 15 14 59
647 15 6 65
4737 12 11 49
1563 9 6 162
977 6 4 158
3017 15 8 187
4304 1 6 72
1418 8 13 134
2535 12 7 118
2920 13 10 45
2570 6 7 21
1896 6 10 178
572 12 15 24
1939 10 3 113
551 7 6 198
4908 2 8 55
2884 2 4 171
2985 9 11 140
1928 12 11 137
3074 11 13 132
2893 9 8 2
3680 4 12 20
4618 6 1 195
831 8 14 99
4106 11 15 116
3256 14 12 174
2123 6 1 200
3756 1 14 103
3414 9 9 141
3338 7 7 101
1502 12 3 71
2841 5 10 181
3149 10 4 147
4125 13 7 85
4379 12 6 167
1089 6 12 86
3639 10 15 68
212 3 10 51
3398 2 1 143
2454 8 13 153
4040 13 13 188
3019 12 11 37
4307 3 9 136
3571 15 12 168
3486 11 4 186
3361 13 14 99
1090 9 6 141
1843 1 2 68
3795 14 6 47
3698 1 5 156
4824 1 1 44
530 8 7 20
1964 5 8 36
1398 10 15 147
4281 14 6 26
3141 11 11 105
2850 9 5 78
4696 7 4 70
4546 3 15 186
58 13 1 178
1300 8 7 38
4424 11 9 193
3363 10 5 96
3175 14 1 129
3156 1 2 154
1278 7 3 64
3518 9 8 4
1798 14 2 96
2122 7 9 186
743 12 6 65
380 5 10 99
4160 15 9 186
2406 12 1 41
1634 12 14 2
110 3 3 43
2725 4 3 172
2428 1 8 26
2893 11 4 73
2744 15 6 38
2125 6 2 76
3049 3 5 182
2326 14 15 109
875 14 14 39
1933 15 8 129
4231 13 15 20
3054 12 8 99
1257 7 14 179
2508 4 4 159
3751 2 11 32
2770 3 3 118
3897 3 10 200
1100 11 15 135
4031 10 1 29
3188 11 11 190
3316 12 15 129
2973 9 1 190
4501 1 6 33
2824 10 2 78
4702 12 8 99
1349 7 13 22
2229 15 12 134
206 14 3 125
2921 6 1 19
488 1 14 146
1890 2 7 13
1905 7 15 167
3563 11 3 173
1477 2 9 9
3060 12 8 83
3075 6 15 175
2391 8 8 86
839 5 9 178
1842 9 8 56
3920 1 13 14
2598 5 6 54
3266 13 15 121
2184 2 15 24
4320 4 2 38
3709 6 8 70
4378 4 14 60
250 5 14 199
257 5 7 155
2439 15 13 6
2651 13 3 150
4430 8 13 154
2709 13 5 119
151 10 10 193
3182 12 3 180
2749 14 5 71
7 6 9 67
1365 5 10 180
3364 10 11 103
4993 5 13 84
916 15 14 15
4846 7 15 81
4536 12 4 146
370 1 6 8
3348 8 1 127
240 4 15 58
3122 8 5 165
4571 6 11 142
4190 14 2 14
998 11 15 40
3498 12 5 83
4996 11 10 69
3604 5 7 30
2469 7 11 75
280 4 5 167
4341 14 9 162
2904 5 7 173
4542 14 6 25
2730 3 8 109
992 10 13 39
1426 14 8 118
4336 6 10 40
122 7 6 25
3555 1 9 197
571 3 8 75
1480 5 7 44
2737 14 2 12
1137 12 12 186
4390 14 15 200
2118 7 11 89
3705 1969 3418 4060 970 4800 3731 3336 4214 2176 1709 643 3142 405 4826 3854 10 4448 1140 2867 4328 2872 2671 2863 1418 1855 2661 3555 1062 35 4420 3321 2099 1209 3922 207 2984 2929 3301 2559 3817 25 363 2951 4311 4963 883 743 3809 3732 4098 106 43 3399 4490 2823 3344 270 3908 1932 2411 4444 1559 290 4611 3451 1316 647 1657 2849 3708 3489 4328 670 1931 3038 423 4366 552 4537 4366 3566 1469 3208 2481 3832 4628 4087 2866 4300 1868 4994 4830 4838 19 1813 2775 814 2730 3043 2034 4166 2807 546 2583 3204 4219 2711 2426 3076 4699 1039 3280 1091 420 183 3518 2365 2304 3874 2369 365 3259 1969 3083 1530 1213 3630 1354 2080 3169 233 2810 3064 4377 2123 4871 421 4415 2555 2969 4701 3855 906 4907 4181 3781 3951 238 2458 1512 4767 4654 33 3771 1849 4383 3331 3543 4142 3338 2134 3787 3469 4118 4245 4393 3861 2911 2659 3041 4545 1520 1031 1956 1841 302 3562 4467 3493 513 1921 3812 1914 4700 4178 2123 3025 4614 2376 740 2192 2727 1273 3761 3445 1148 4825 2711 2582 2090 2123 1009 4191 4773 4210 529 1948 2441 4699 297 2748 181 2748 1796 2201 2590 2750 2878 1389 3386 3227 2220 1912 4355 4643 890 2486 2288 738 613 2358 2983 1565 2476 1422 4673 1499 831 3884 471 2490 3614 1123 1444 775 1528 3880 307 3973 1951 2551 4761 1555 2922 195 2721 153 3176 3472 1110 4880 588 4361 352 2979 704 2170 2302 998 2794 281 4439 4390 4458 695 2134 2378 342 2717 2754 1204 2340 1561 2669 2969 2363 1749 3778 194 3639 4577 1248 4160 4642 2942 248 223 2690 4112 359 414 3266 2493 2190 1639 1344 1151 2844 1109 2396 4742 1715 4051 486 546 4476 3549 4090 4683 4727 1349 1100 880 2732 3107 1123 4544 397 4177 904 1255 2683 3977 1803 1786 4908 3961 2120 1344 3302 979 2401 3645 4527 4084 2031 3107 4782 3795 4185 3899 554 1848 3006 3708 1038 2300 4271 4917 4017 3011 331 2814 3324 3283 3130 2060 745 2986 2531 2037 3786 1136 3458 4699 1095 4844 1720 3249 3913 2168 2682 123 3277 2043 3228 3473 2849 4490 1689 2392 81 4742 2106 2702 613 676 4272 3219 349 1994 1888 3003 1095 738 2813 1997 1188 2847 4624 2219 2245 2435 4057 1865 111 3792 2346 2196 2801 2339 1781 120 2297 4689 2212 1403 372 2900 1926 3473 2791 214 4982 2479 2078 3412 2893 4051 2572 3929 1729 1609 2643 349 3720 1066 2415 2990 3549 3449 2542 692 450 3406 3254 615 2492 3059 3114 3813 1296 514 2858 1028 701 910 730 4531 3883 2298 4156 2344 3377 2385 1271 3981 4081 252 1833 3044 1189 507 1267 1515 108 10 2 4654 1812 1269 1184 4286 935 1401 434 501 3109 2441 1573 4246 3616 2218 2275 1853 3104 608 1610 1697 3132 1575 70 4025 4552 4984 1846 4801 4249 3191 2963 511 4634 2090 3608 2815 791 1368 4099 819 1512 1312 3787 4925 153 4195 4364 4843 2508 798 897 2276 1487 387 4608 2548 3111 995 121 2589 67 3692 4570 2304 2699 531 2482 714 4701 4862 2262 1956 4961 4064 1033 1455 1551 2536 3951 166 3416 3120 3725 1134 3192 1608 4811 4005 3111 255 607 1414 3709 1085 23 4835 739 3029 2014 1247 3134 1651 3959 4269 3901 2718 4929 748 717 4368 667 3690 2861 2983 2333 4913 826 951 355 3972 304 96 1234 149 2100 2044 2705 1373 3772 2218 4499 457 2668 1076 1973 238 2541 4010 1482 2933 2197 711 722 3384 3166 688 2664 469 3043 1520 1627 1093 4057 4756 3833 4709 1095 1566 3915 1737 1391 158 2750 984 4678 2931 740 4195 2130 703 1986 3162 3909 1301 1765 1291 790 1411 3372 142 2498 3953 715 2504 1836 3219 4126 865 4905 3577 3675 1242 1908 412 1235 749 3922 3805 3762 267 1807 3103 67 2022 3455 2061 371 2224 4446 4025 415 3894 2992 1179 1298 3972 2831 1433 1400 703 1491 2413 768 2204 440 935 2169 248 1081 2328 4175 2656 1015 4715 2501 4989 586 31 2472 4614 3191 728 3925 4325 4751 3455 1759 2919 3873 3104 1795 1237 3217 995 4990 2779 4728 4784 4778 2160 2211 1364 2066 592 3179 4803 4672 4025 4593 1978 4511 4009 315 682 3979 2577 3345 3576 109 2087 3085 4375 1507 4900 1832 2042 3981 3138 2773 874 3132 4021 4768 4942 132 4899 3353 1097 4641 1468 617 3197 1579 4259 3394 1668 4437 4321 2026 343 3159 26 2493 3920 3145 552 1910 1129 1936 1256 1888 2703 1517 4345 1451 1541 1125 3869 2394 784 3538 1903 1051 4476 3290 1255 790 3163 4158 2018 4418 411 2317 4872 1741 525 1755 4348 3204 2685 4947 3893 3003 1354 3399 4588 4077 4288 38 1079 3596 1192 142 3934 1326 1692 2716 293 1080 3315 3818 4281 268 1077 4589 4196 4625 3663 1490 3096 923 2955 4866 2114 3661 3243 1685 1728 4184 554 953 2165 1337 4845 3194 422 2455 2774 4602 2197 484 2657 1024 1693 1876 3706 4681 1364 2709 3263 2232 255 1637 1479 2301 4781 861 1276 4830 1344 4010 4356 4489 4491 3176 38 1914 135 4587 2268 698 465 1905 2476 395 4583 2670 3749 2179 1786 2652 678 3279 2501 4395 988 3381 2212 250 4690 3657 1610 3896 478 4110 2145 4323 3729 4480 2935 2031 378 2514 4391 4069 4321 4703 2320 1146 4820 3485 626 4642 1369 3906 1662 967 3966 1530 416 1190 607 1119 4209 1017 2507 4503 96 2343 17 1832 3667 4708 4746 2322 851 2849 4076 2744 1001 2670 1656 1893 2218 3709 54 1739 1653 2105 4689 