1000 1000
3685 1 5 15
2571 1 11 143
4910 2 8 123
4793 4 8 58
2377 1 11 3
3229 1 14 159
3852 12 15 120
1207 4 13 179
2553 3 14 53
2812 5 7 102
3659 12 13 99
3117 6 12 160
3616 6 15 156
1153 5 11 189
4659 5 7 197
3973 7 11 128
760 6 11 99
540 10 14 198
45 4 14 141
4090 1 3 7
254 1 13 113
4683 8 12 165
3417 3 9 64
1364 3 8 8
4497 3 15 70
2122 2 4 155
1901 2 13 94
1280 3 11 191
2048 7 13 44
2170 3 15 97
1308 1 7 64
1444 3 15 95
4655 1 8 140
4388 10 12 50
1956 5 10 73
3227 9 14 5
4255 13 14 65
3180 1 4 192
2733 5 14 28
4035 8 8 179
3201 5 6 195
2165 5 10 197
2387 8 11 194
4469 1 9 179
2505 3 4 186
3698 3 11 150
3963 3 10 42
2138 2 14 192
2516 8 12 154
3375 3 10 115
4840 4 11 64
1436 5 7 188
3086 1 10 41
1111 5 7 31
771 7 10 4
4621 4 5 32
2373 4 14 59
3738 11 14 178
4698 2 4 165
3719 11 13 192
3231 1 8 62
1794 6 11 157
230 10 12 117
3668 6 12 197
1496 6 10 91
634 4 14 118
993 7 13 170
2887 13 14 95
4647 2 12 163
4028 5 7 99
2406 9 9 36
4044 8 10 17
2465 1 8 5
2968 7 14 129
1400 5 14 120
4651 8 15 98
2276 2 10 160
4697 8 9 46
3080 4 7 173
3936 11 12 146
1933 4 12 13
3318 2 8 146
3078 2 8 38
4567 2 8 75
4808 7 7 92
2908 2 13 174
865 4 14 50
1164 2 15 34
3500 9 13 80
323 1 13 196
2972 5 15 4
919 9 14 18
1270 2 12 50
1139 13 15 6
1330 14 14 134
4969 4 10 146
3246 2 12 193
4003 6 13 19
3700 6 10 49
970 2 13 156
4031 6 13 129
4546 10 14 103
1573 7 9 74
1523 2 2 107
3900 5 8 195
4016 2 15 49
707 9 14 17
4763 6 6 2
76 8 11 133
3885 8 9 176
463 10 15 95
2309 10 11 157
208 1 2 16
732 11 15 179
3122 4 6 197
237 15 15 76
1111 2 3 55
914 5 7 142
1870 8 10 57
3206 3 7 98
491 4 13 111
721 3 3 99
2322 5 6 99
2304 11 11 45
2292 8 10 83
2152 4 11 197
2295 3 7 58
2910 8 14 132
2331 5 6 13
3972 5 6 36
1552 3 11 139
995 12 13 154
109 1 4 179
2103 12 12 183
642 8 10 16
948 5 15 27
249 7 8 7
4898 7 7 145
4289 1 11 184
2271 1 13 23
2569 12 13 164
3799 6 14 144
598 10 11 178
4894 5 10 104
3152 2 4 56
4635 4 6 128
2823 1 15 47
832 6 11 22
4853 13 15 42
4536 12 15 191
2497 1 1 80
1530 9 13 9
341 9 14 76
4063 6 13 66
2950 2 10 183
325 3 14 80
98 6 10 106
3673 3 13 131
4432 5 11 54
2759 1 7 12
3245 6 10 88
3428 2 9 185
4632 5 7 79
1323 1 14 79
891 4 8 192
1682 7 15 200
3861 10 15 167
2673 3 14 197
3662 2 5 65
1328 6 9 102
3844 3 9 171
3444 4 10 158
766 5 8 38
2951 10 11 3
944 4 7 19
3866 5 7 73
2330 10 12 10
4606 5 12 76
1629 3 13 5
1175 2 5 196
177 1 4 142
1827 1 6 125
2840 1 7 59
2024 1 13 31
4587 4 12 200
4183 12 13 30
1697 8 14 7
334 10 11 38
1181 6 8 110
1232 12 13 96
2985 2 7 161
3207 5 14 173
1103 4 8 170
2222 10 12 162
4655 12 14 80
1083 2 11 87
2192 5 7 178
4651 9 15 18
4429 4 10 168
2034 1 13 60
5000 4 5 146
3257 3 7 124
2545 13 14 180
379 8 11 65
1584 3 8 175
2943 5 10 94
560 2 8 54
946 2 10 88
2428 2 7 89
1558 3 9 156
4314 6 13 157
2320 3 12 14
867 1 10 19
571 5 10 28
3364 6 7 117
3839 3 14 21
3240 7 14 181
2208 7 11 138
2012 11 12 63
942 6 9 165
4685 4 14 143
3290 1 5 9
4403 2 11 159
361 1 6 52
4607 3 14 123
3672 1 14 30
4755 1 6 85
3009 13 13 47
3788 4 10 109
242 6 12 1
3745 1 15 195
4638 3 10 25
4764 1 10 78
598 3 8 79
2338 2 8 192
3764 7 9 177
4411 3 9 196
4428 2 8 191
2094 6 8 136
3072 2 3 68
1532 2 12 102
2867 6 9 147
432 2 15 148
3655 8 9 185
4826 3 5 8
3289 9 14 56
644 11 15 27
2462 6 15 137
3108 2 13 17
1630 2 13 69
4241 8 14 180
1989 5 10 93
452 1 9 129
211 6 13 47
4722 7 14 25
4996 13 15 78
1734 14 15 72
3181 3 10 21
909 2 13 165
2030 8 10 93
2746 4 9 87
2727 14 15 42
3980 4 6 171
3355 9 10 59
3866 2 4 13
3287 3 7 139
3679 4 14 153
2238 6 15 7
2607 8 10 145
979 6 13 105
2440 9 15 63
1899 1 3 21
2705 14 14 74
4560 10 15 67
4509 4 14 192
2409 3 15 27
2568 6 11 167
932 12 15 82
1220 1 2 56
1317 10 12 193
4602 7 10 15
800 13 15 56
484 4 14 182
830 3 6 91
1008 6 12 85
3407 11 14 179
332 7 10 187
799 6 15 118
2648 7 11 44
4268 10 10 101
751 5 6 124
706 10 11 176
3254 7 11 97
2193 9 15 94
4267 7 13 103
4978 8 15 25
540 2 7 47
2321 11 14 194
1895 5 15 145
4532 12 14 117
2227 8 15 119
1583 9 10 167
3025 6 6 99
309 4 13 73
2553 7 15 58
221 4 9 58
3551 2 12 132
4880 8 13 197
3348 1 2 90
2960 12 13 194
956 5 8 169
4156 4 8 56
400 5 6 186
3296 5 15 84
3184 7 15 27
1046 13 15 198
2423 11 12 67
2738 6 14 78
3727 3 12 192
384 4 4 185
3500 6 14 15
3580 1 5 103
3463 1 15 70
4797 2 7 147
290 3 5 149
2279 1 5 33
1133 4 8 25
1249 4 14 177
1029 2 15 109
3621 2 12 180
540 5 8 192
2077 1 2 17
702 11 11 49
3818 4 7 131
2087 6 9 136
1868 3 5 124
3706 13 13 115
2820 10 11 30
3362 10 12 25
4753 3 13 116
3287 11 15 197
3813 10 12 155
3500 4 7 184
1512 9 11 192
3460 13 13 124
2335 2 11 4
4480 9 10 131
1280 1 3 100
2903 2 6 114
3430 4 7 35
2090 5 10 6
2487 5 13 65
2532 9 13 65
4797 9 15 90
3749 5 5 103
4784 11 12 199
3081 3 7 19
3410 10 14 159
3036 1 4 147
3014 7 10 76
1526 2 14 182
4688 9 12 94
2634 9 13 142
3195 2 4 175
995 4 8 69
3688 5 15 73
2932 4 9 64
1122 3 4 65
1858 10 11 24
4362 2 11 113
1324 1 4 130
284 9 10 117
3481 12 14 190
3819 9 15 131
2161 1 8 153
3401 2 10 106
4067 12 14 130
895 4 15 184
2988 2 9 54
346 1 4 197
3325 3 9 22
2182 13 15 97
4528 8 14 25
1683 5 14 184
3370 12 15 126
1807 2 13 126
3664 6 13 128
3354 6 15 25
3060 3 6 114
3535 9 12 55
4108 1 2 68
4245 11 14 29
429 11 13 118
2156 1 6 170
4936 14 15 175
2172 1 6 189
2814 1 14 28
2352 7 8 113
967 7 11 89
4398 3 5 188
83 3 4 19
3024 9 11 119
2298 7 8 97
2027 7 13 195
2937 7 10 31
3482 1 11 35
3942 8 10 121
2467 6 9 65
872 1 5 152
1796 7 11 37
3982 1 5 101
3549 7 15 143
4878 14 15 117
1639 2 2 193
2226 9 14 193
3727 4 4 12
341 4 13 138
3546 4 10 14
2394 4 7 150
3394 9 13 117
2531 4 14 196
1062 10 15 52
1411 2 4 182
1458 7 8 130
2446 9 11 178
2766 10 12 89
747 8 12 44
2666 3 15 159
2033 4 8 11
611 2 14 59
2133 7 14 127
4160 8 13 128
2279 11 13 59
1354 4 10 121
4820 4 9 80
783 6 12 196
3126 1 12 197
4506 2 4 175
3767 12 12 40
2253 1 12 61
4126 3 4 137
1287 7 12 196
907 1 6 43
1363 1 12 93
2913 11 14 187
2791 2 11 17
2218 13 15 38
4245 12 13 44
1046 9 10 10
3325 5 12 86
3391 11 14 151
2051 5 6 153
3318 3 10 88
64 1 13 53
2122 3 8 39
4409 2 4 100
878 11 14 24
2346 4 12 54
4300 2 14 64
4390 9 14 49
1923 2 13 29
1991 7 12 59
1364 2 14 4
2569 3 13 188
3515 13 15 190
804 14 14 133
3673 1 3 79
3399 4 6 177
3276 6 15 116
1660 6 13 153
487 5 13 117
4446 1 15 198
2492 1 1 164
344 6 6 171
2491 7 9 53
4544 8 9 110
4265 7 8 77
3176 3 10 117
885 4 14 4
737 10 11 69
2081 10 11 28
451 8 15 194
2802 4 4 77
2125 14 15 189
4550 5 11 183
2009 1 7 13
1147 6 10 13
4115 4 8 137
198 9 10 95
1604 4 15 183
2363 7 12 166
1524 2 9 200
414 3 12 77
4445 7 15 103
4770 4 11 198
2667 2 4 82
2460 12 15 105
715 6 8 23
2972 9 9 195
2286 4 10 131
477 3 8 176
2148 5 13 146
3716 6 14 4
4769 2 8 81
1766 4 11 12
4315 6 14 132
676 9 13 25
3755 3 6 184
4403 7 8 6
3839 5 11 51
4679 1 6 137
742 9 13 64
2631 1 7 185
2625 2 7 79
4411 1 3 183
471 2 8 121
3404 2 13 166
905 6 12 177
237 8 12 44
3818 5 6 137
192 2 9 140
4377 10 14 90
2562 8 11 62
1988 9 13 57
1067 9 12 172
490 7 8 13
356 4 11 18
2673 2 4 157
4375 2 10 181
1766 8 14 121
4319 4 4 192
1307 7 14 137
4764 3 9 164
3968 7 13 120
4783 5 14 117
1776 6 13 180
424 7 10 52
1545 7 7 188
487 6 13 11
3472 7 8 35
2108 1 4 179
2926 2 14 130
1086 6 11 158
668 2 15 107
1850 12 13 54
4234 6 14 74
1594 4 7 33
3428 5 10 79
1677 1 2 37
844 5 10 72
936 4 10 22
1287 2 3 74
2328 1 9 40
892 11 11 43
835 7 15 64
2181 1 9 89
1322 8 8 61
554 9 15 42
2216 6 11 125
428 2 5 12
2823 2 10 170
299 4 12 108
3672 5 10 105
1532 4 10 7
3201 7 11 52
1295 7 12 129
2330 8 12 86
3779 4 12 79
2434 4 15 157
2427 3 8 82
3508 7 13 133
356 3 6 96
4782 3 12 145
1830 7 11 155
4047 13 13 166
3315 10 14 6
122 3 14 96
3209 2 3 72
453 11 15 137
2236 4 12 3
473 1 12 65
4517 2 15 183
1016 2 15 3
2495 1 6 174
4923 2 14 105
68 7 8 151
510 6 12 148
1165 9 10 88
3443 3 12 111
1729 4 12 111
2170 2 13 137
4508 2 15 74
2926 6 6 133
4700 2 3 191
4305 3 4 183
3447 6 15 77
4287 8 8 30
1736 3 4 47
1769 7 10 156
270 8 12 158
2727 2 8 180
1639 1 5 78
2092 5 7 67
3425 4 4 89
4472 3 6 79
4100 6 15 25
487 6 15 134
4418 8 8 65
3426 2 14 186
4752 4 8 1
2960 1 11 199
1043 4 12 160
953 11 15 55
972 9 13 56
4090 1 8 189
1204 1 2 41
2303 1 3 2
3147 1 4 25
3393 4 13 188
4034 11 12 168
1646 7 10 147
15 4 15 118
3807 4 14 189
1452 1 11 5
173 3 13 165
3856 1 11 28
4815 3 15 33
3717 4 11 161
4973 2 12 30
3481 13 13 9
1817 1 13 164
1580 1 2 54
3695 9 11 39
3472 5 11 194
1923 11 15 193
2457 9 11 17
642 3 7 178
4230 3 13 199
3025 4 13 19
2971 1 9 147
4104 7 13 197
3949 5 12 29
1068 9 9 153
2282 3 5 23
4273 5 8 132
4771 10 11 97
878 2 2 15
1256 3 4 57
4507 8 12 118
3664 2 12 152
1467 7 11 139
3589 1 10 157
2367 9 13 147
173 10 13 25
4286 3 12 10
4502 3 14 156
1345 1 2 191
4469 1 13 19
4645 7 11 82
3264 5 14 171
30 13 15 192
1576 1 1 149
4560 5 13 100
2400 10 11 159
2268 5 10 38
4173 7 8 105
447 7 14 184
4884 9 13 100
2485 3 14 58
277 2 8 33
2745 1 14 13
936 10 12 107
2155 5 12 39
3257 9 10 77
2885 11 14 184
2772 4 11 92
3921 5 15 17
3962 8 9 29
2799 2 6 117
134 12 15 55
3792 11 12 152
2606 5 12 80
1712 7 12 199
2274 1 2 54
4062 6 8 58
4305 1 9 112
1024 5 14 171
4916 6 8 81
4087 11 15 30
3056 6 12 74
1400 13 15 89
1285 6 13 116
3175 8 9 55
3245 5 11 71
33 1 6 117
1373 10 14 98
1378 11 14 74
3267 6 11 11
925 9 14 28
3310 9 10 73
3627 5 13 188
4438 1 11 61
1153 1 3 113
96 5 13 100
3368 1 8 64
413 1 4 44
1295 5 6 88
1512 9 12 36
2231 1 11 76
1420 2 14 99
4119 4 5 179
1563 5 12 6
4911 1 15 21
506 1 14 150
3993 3 7 169
3931 2 4 37
350 7 8 103
2056 3 5 49
3255 7 9 58
2518 3 10 107
3198 11 12 97
1073 9 10 12
2476 4 6 7
3075 7 8 77
4639 13 14 16
3137 3 7 83
3176 2 9 55
2811 5 7 95
4242 8 12 140
3123 1 9 154
3360 9 12 197
1439 6 8 194
405 4 7 157
3662 3 4 130
1669 1 1 189
4328 10 10 58
1780 11 11 169
2772 1 11 152
267 1 3 131
3501 3 8 94
2243 12 14 108
1464 1 12 149
4967 12 14 91
707 8 8 58
1737 10 13 119
3895 1 15 191
4963 7 10 182
4114 3 13 16
3450 4 9 99
1848 4 9 71
4002 10 11 132
1492 9 14 94
1780 6 12 139
2189 8 13 162
1274 5 15 170
3589 1 8 138
456 4 13 119
2217 6 10 113
441 1 4 113
1514 6 11 9
307 5 5 173
2487 7 11 146
295 3 12 103
480 7 11 95
3700 3 5 137
1852 8 8 41
4988 11 15 153
4623 7 15 104
4208 7 15 79
3370 5 14 159
2512 6 6 86
732 1 7 132
2384 2 12 80
4673 4 8 54
3233 4 6 94
3546 3 12 179
2104 6 9 138
446 8 14 171
2373 3 13 110
1646 2 7 168
4613 10 12 138
3489 2 4 190
581 11 14 155
2822 8 13 129
2055 10 12 2
1501 8 11 74
2735 2 9 35
2382 1 5 11
2137 13 15 3
1576 4 15 16
4435 5 15 8
3907 7 12 48
4233 6 11 166
2083 8 9 31
2169 7 11 151
3595 2 11 103
4500 5 5 86
4348 1 11 35
477 1 7 123
910 2 8 137
206 9 15 200
3299 5 15 158
475 13 15 105
1352 6 15 57
20 3 9 66
1464 4 10 11
3222 5 11 16
4206 9 13 123
1806 1 4 34
4566 3 13 193
789 2 4 53
1463 5 7 190
1281 4 9 162
2126 14 15 64
3147 12 14 83
225 4 6 43
2443 4 12 35
2664 3 9 94
4525 7 15 184
1500 10 12 72
2440 7 14 178
2541 6 13 15
4523 10 11 148
4456 9 13 173
1751 11 13 191
2022 8 11 46
1001 10 13 184
3259 1 11 97
2989 4 15 66
4963 4 13 71
3947 4 12 182
1631 2 6 64
845 3 13 49
233 1 14 27
4631 8 8 92
2289 8 11 29
288 2 3 20
2708 7 14 157
4496 1 4 91
4289 2 10 1
2913 1 6 102
3169 10 10 35
4057 1 8 175
4780 7 12 104
925 10 13 6
124 1 2 170
167 5 13 181
621 1 2 63
3457 9 14 115
1332 6 14 142
1983 10 13 64
3204 13 15 143
1220 8 12 187
4485 2 5 174
2204 2 4 144
4047 8 15 52
303 12 14 193
3135 6 10 47
4833 1 12 191
1525 2 12 172
1635 2 7 33
391 6 7 44
1997 3 12 44
1473 8 15 176
2496 10 10 63
2145 2 9 168
4425 5 13 76
3404 3 9 120
980 10 11 4
700 1 5 18
1602 4 6 55
941 1 13 172
2848 4 4 65
3332 7 13 48
2626 2 8 130
4442 3 7 162
1508 5 10 8
4940 9 14 182
2404 6 9 103
1868 6 8 125
2344 3 14 60
2041 1 9 185
259 2 11 136
3917 1 10 170
3858 12 13 112
1359 2 12 169
4993 2 7 3
4289 5 13 50
1158 3 4 94
3982 13 15 48
4510 1 11 29
1222 6 9 32
1769 8 13 62
2970 1 6 133
4660 1 6 108
4051 6 11 106
3171 8 11 110
1728 4 12 177
4221 10 10 150
3141 5 8 12
3949 13 14 128
4641 1 7 144
2724 1 14 31
3918 14 14 190
4091 3 6 90
3427 11 13 164
3298 3 13 150
2016 1 14 145
1177 5 14 69
1087 4 11 92
3715 11 12 156
3273 11 12 9
1374 4 10 107
1879 9 15 26
2499 4 12 103
2824 10 12 118
1938 3 13 63
3780 10 10 132
570 4 13 163
3608 5 15 190
2031 7 11 143
3581 1 12 156
4027 4 7 115
2156 3 5 140
1343 1 12 137
4099 11 13 56
1264 8 14 16
3444 8 15 167
4465 14 15 6
4333 2 4 4
1394 9 11 17
1762 3 7 110
3341 2 14 173
2290 8 12 175
4076 4 9 33
476 11 14 157
1246 10 15 101
413 1 15 163
4280 3 12 110
4964 9 12 140
1322 1 12 75
3710 3 5 175
2948 5 6 87
743 4 14 187
3351 1 15 41
2364 1 15 141
2190 7 8 21
3286 3 6 50
3579 9 12 175
81 8 8 96
778 7 9 150
4424 6 12 160
684 2 2 137
2486 2 2 172
2667 7 14 15
1810 7 14 146
4490 6 11 118
4304 14 15 145
3114 8 12 80
3724 9 12 155
3315 6 11 95
4329 1 4 22
2033 3 9 54
1096 1 13 153
1914 6 10 93
730 10 14 141
4329 7 13 86
988 3 14 114
3179 4 5 160
3793 7 8 67
3582 5 15 179
249 3 8 136
4152 3 6 103
3935 1 15 58
1972 6 7 191
834 10 13 75
4417 5 5 32
3028 2 7 184
426 10 11 98
3406 7 12 39
3113 12 15 145
4736 9 15 122
2660 3 5 174
122 1 4 144
4737 9 9 180
3309 5 14 114
722 5 11 21
2764 5 7 53
1085 8 13 55
909 2 11 75
971 4 10 121
1788 2 8 189
1382 14 15 81
3078 11 12 145
4965 6 11 80
2975 5 8 7
66 2 2 36
1369 14 15 171
984 6 14 164
2972 3 10 76
1541 3994 144 4416 288 966 1136 1819 1246 3311 4417 3087 1638 1836 304 4759 3957 3778 323 241 1508 2447 2103 185 3947 3602 1967 2632 3821 946 2299 4210 1190 2007 3612 2834 1284 2406 2057 24 1125 1834 3586 3091 4864 4558 3496 869 726 2408 1392 747 4412 4347 2893 1917 4526 4727 1418 2361 118 2195 1967 3322 3839 113 989 4587 3100 2898 4184 1126 1796 2103 2384 2571 4806 4254 159 2234 1236 3639 3368 2309 3706 3771 3334 2301 4247 752 4519 65 1875 2761 2999 4228 2366 530 2911 929 428 2026 4193 1241 1934 2216 6 4648 4190 253 1991 3939 2145 4237 1658 2787 1906 2601 4430 3428 4993 3648 2920 639 1810 1990 2058 2869 637 2312 1437 2520 827 711 4686 1067 1114 1723 3611 3012 4575 1236 1926 4903 889 3155 1975 439 23 3363 4861 2414 2881 2177 570 4262 3451 3395 1439 2471 1899 2454 4932 4671 3734 4373 4904 2573 687 111 3680 690 2596 1716 1905 378 1978 4433 4327 3681 1051 4237 4563 3017 3949 1997 2450 4277 208 4697 3260 1885 4415 486 4954 1430 2127 1435 429 4175 4743 230 667 4785 2377 4364 1073 903 1410 1446 1695 4328 266 2339 314 1464 3654 4407 4524 4088 2894 1708 3068 2400 2151 1153 3377 597 2686 2470 2805 2172 1422 985 3273 4037 159 565 4426 581 467 3588 2796 1345 523 2508 2294 3796 426 4456 3510 4171 4429 1041 4971 3707 965 3274 1318 2762 4412 856 1276 1971 2104 3191 902 388 319 93 1687 4565 3627 4059 1128 1648 281 588 301 4352 674 930 4291 4061 1114 1948 4372 2629 3434 3983 224 2445 157 4493 1840 1381 2053 4180 2664 2466 1435 478 509 3128 2220 494 761 1244 317 2190 3419 3436 2562 3919 2335 1137 4760 2565 2041 4011 4973 1275 1386 945 248 4126 3241 2698 491 1011 1164 4611 4397 3540 1409 661 2020 689 3924 972 759 502 2900 1590 1374 4412 1040 19 4805 1289 4268 3663 4975 4511 598 558 3531 4322 1275 2839 2816 3175 3160 4352 2364 1833 3191 2063 4762 4909 3224 87 3442 4405 4718 3013 2133 1644 2019 4824 4174 2323 3203 658 3485 3465 2503 4077 107 3024 4763 4709 4005 2052 2479 1904 4980 1346 370 993 3500 4097 4944 3827 1128 2897 1334 1267 4475 2862 3647 593 315 4521 3194 368 1585 180 1454 3031 2733 4918 1866 2893 3809 95 1960 2093 2260 3359 1622 2862 1647 4152 2152 2785 733 1649 1994 1190 3833 4661 1041 4814 2229 3015 129 4842 3338 2786 2428 2781 3111 171 427 3807 4294 4602 3580 2055 39 98 2236 2640 3679 126 540 819 3187 618 1373 3629 3053 1274 3788 619 3451 4590 2596 89 1043 3023 281 1860 3077 3446 230 3175 1492 2107 3809 908 2982 3678 3124 4517 1981 4882 2982 860 4224 4888 507 918 4076 3490 1397 4193 2730 2936 557 3993 310 276 1118 1187 1784 1836 1488 3372 3231 3362 2091 1479 3769 3738 4095 532 1212 2728 1453 1310 1219 1068 3991 4859 891 1119 4842 4823 2573 1909 3480 3960 3138 3292 63 4803 4220 1824 4782 3531 2367 4217 2548 4028 3418 3682 249 2316 139 1868 2957 4178 2427 762 4316 2436 2934 2282 1611 797 2603 4805 1056 4084 3814 3728 470 3181 4315 3320 2328 2109 4900 2067 726 3912 4350 766 4496 2686 2259 1279 4010 506 1629 3645 2402 2543 1703 1443 4939 2150 4480 3096 2762 1885 489 3321 1441 995 4269 4722 3700 504 3756 4557 387 1284 886 1271 3214 4713 4146 2682 3770 3981 2878 1746 4969 1737 222 1524 1658 2514 2137 3694 4103 923 1433 1757 2060 4043 4581 4676 1325 4688 2878 3538 4636 4897 2679 3258 4162 4503 3064 4514 1298 3159 4506 1417 3340 267 2451 4014 2814 4856 2782 912 271 4069 2607 2279 2041 4577 4875 1156 2413 2379 452 1090 3828 4595 3791 97 4420 2926 2368 4090 2288 4353 4729 3187 1632 572 4329 339 1882 3361 2654 1054 4856 4500 2348 1481 2185 1561 3014 3980 879 2575 2617 1375 3522 2757 2960 722 3459 2938 2286 2830 4834 3875 4839 4556 3435 4317 1933 4432 2992 1975 492 3159 1074 1067 3998 2349 949 2092 148 2369 2815 2253 901 1924 1895 149 4985 2965 1557 1277 2227 3087 824 4570 4538 1387 2051 257 3541 3155 3091 2831 1107 1903 4097 4407 346 1678 2308 1204 4980 1848 794 3096 4839 4053 4409 4254 654 4708 1796 222 3810 482 1006 2244 4620 238 169 2901 2548 98 3398 618 1788 3127 3543 3310 4256 4182 3433 3041 3986 2513 737 3285 1227 1153 1687 605 3952 4240 3769 1014 4439 2883 1838 2975 4627 1170 110 1458 2722 646 4507 850 2876 4692 3160 1214 1792 71 1793 4293 4696 4497 3698 4134 3619 141 1321 3047 3722 2884 1800 4825 2039 2084 815 3172 3897 4059 2993 533 2328 3056 3868 482 4406 477 3531 3953 712 1966 2811 3723 2114 4241 305 4671 2471 520 1265 697 2698 3265 4711 1862 2240 548 236 1288 1739 1565 1020 3783 2885 597 4832 627 3979 4452 435 3417 117 3121 3238 2696 3674 4103 419 763 4600 3069 3619 4195 1223 1551 449 3885 1170 2287 1279 3015 2818 2560 4004 3949 3765 1046 2142 2128 3255 489 2036 4042 526 3088 1484 2017 834 267 3401 2554 4004 2137 3824 4839 4694 1980 3552 4701 1141 1068 325 1149 3825 1596 4056 4717 123 2475 650 1343 2071 1213 1286 2281 3347 4350 3150 3916 1622 4030 303 3321 3668 2883 2983 3365 117 2702 835 3626 4644 191 398 2615 3115 2650 348 3644 1218 1400 786 930 1300 2516 3126 1089 1833 3544 4507 2181 2909 2406 4445 4985 