1000 1000
1837 3 14 128
4626 6 13 41
2330 5 9 128
427 2 7 103
2568 10 10 71
2051 4 14 183
3908 7 14 86
2755 11 12 90
2631 6 15 54
50 11 13 192
895 6 8 8
1312 6 8 5
230 3 3 90
2856 7 11 161
3387 1 14 95
3819 3 12 21
4188 4 8 151
3549 2 8 107
4690 2 2 77
356 4 6 180
2764 4 8 102
4175 5 8 38
873 4 15 144
1274 9 15 172
1972 5 5 8
1875 12 13 187
4284 6 15 74
734 1 14 199
4055 5 5 134
4900 6 10 13
4889 8 10 130
2021 3 11 33
1282 5 8 189
1660 12 14 99
1859 3 12 88
4750 2 13 109
2371 3 7 187
3857 1 15 174
1543 7 9 94
2756 5 11 105
1939 6 10 137
3530 6 15 13
252 1 6 19
2332 3 7 143
4282 1 7 30
2382 6 7 9
3184 4 11 11
500 5 10 57
2865 3 10 47
1840 3 10 97
1880 10 15 156
2822 4 11 109
4116 3 12 8
3907 6 12 68
2013 7 13 149
1762 9 15 85
1583 5 5 182
4737 2 12 48
4186 13 14 22
2741 7 12 20
817 3 5 96
1683 1 15 94
1883 9 12 176
1592 12 12 111
3209 10 14 107
4020 3 6 118
2189 1 5 161
1158 2 9 30
1132 1 4 50
103 4 11 7
4475 3 4 151
3823 2 10 145
4659 5 9 86
3201 13 14 34
2340 7 8 75
361 13 14 59
2545 8 9 158
4240 4 4 36
1061 7 12 130
735 14 14 69
3614 1 2 41
4078 12 15 106
1699 5 6 4
4565 8 8 61
2062 5 13 78
968 1 7 157
40 7 15 177
334 6 6 94
66 1 11 39
81 10 11 176
3148 10 11 7
4383 12 13 20
4226 10 14 183
2185 3 12 34
1796 10 11 104
2313 1 3 70
1372 1 3 72
3213 1 2 165
1430 9 10 94
3225 7 9 118
488 6 10 65
1715 3 14 121
1804 7 15 89
736 2 3 178
3787 3 11 54
1674 12 14 148
4184 13 14 18
2466 8 11 184
1654 2 13 80
510 11 12 99
1101 6 6 142
1828 4 13 150
245 7 9 177
4579 3 12 17
3691 5 7 183
3729 1 7 156
1806 5 6 62
2417 3 10 62
1240 8 15 71
1142 10 10 20
2302 3 4 11
2681 1 9 179
525 2 5 143
3678 10 13 195
3426 7 8 198
4314 9 13 38
106 1 15 90
3744 1 5 113
4456 4 8 2
569 2 5 92
793 2 15 163
2606 8 10 116
3100 7 15 1
2173 7 9 77
4984 2 13 25
1222 7 7 55
293 6 9 86
3130 7 12 61
58 4 13 112
2735 6 11 46
1614 1 15 32
3829 4 5 100
1554 4 9 75
1314 10 12 88
1608 5 12 148
1750 5 10 160
2190 1 6 191
219 3 13 115
2045 5 14 118
495 2 11 27
1167 2 15 28
1428 11 13 90
4667 11 12 159
4499 9 15 98
1902 4 10 97
780 1 3 39
3901 1 10 161
2453 8 9 9
3557 2 7 66
2236 3 5 154
3044 10 13 72
2734 4 10 143
2165 1 10 27
1458 9 15 94
1079 6 14 13
1982 5 8 171
3803 9 14 9
4986 9 10 109
2830 7 12 146
1853 1 2 41
1978 4 7 116
1550 4 15 172
2165 10 15 67
518 12 13 190
522 1 12 86
1286 8 9 101
4354 13 14 100
1273 8 9 83
619 13 15 39
4874 2 2 135
143 8 11 94
441 4 15 124
1112 8 9 24
4056 2 5 108
302 1 10 92
3636 1 10 39
4382 6 14 74
1929 1 15 147
2227 1 8 183
2140 3 5 109
2075 3 14 170
3331 9 13 114
162 8 12 10
3120 11 12 23
4356 7 10 163
2939 3 7 83
3495 8 14 52
1664 4 4 91
3506 4 14 51
795 5 12 165
1268 1 14 34
3205 7 9 110
1397 2 7 42
4566 4 13 54
1661 5 13 150
3254 7 10 66
4963 12 14 137
2748 10 11 46
4202 2 2 58
2368 1 4 9
2196 7 9 87
1492 1 5 64
3659 3 6 84
4423 7 12 156
4846 11 15 111
4183 11 11 157
3122 9 15 51
3625 4 10 28
3204 4 14 98
1203 5 10 57
3724 3 15 10
2670 5 9 100
1495 5 14 60
2126 8 15 47
600 9 14 107
2343 7 9 47
1776 3 15 77
1176 1 2 22
3880 12 13 168
2683 10 14 195
2987 5 10 44
4784 3 15 94
1688 10 13 8
1189 3 11 103
4425 2 7 132
109 5 8 44
2825 1 5 24
2182 9 12 158
1122 5 7 90
773 4 15 174
3007 9 12 64
2553 3 11 76
4729 6 15 155
684 10 15 35
1961 11 15 108
3965 10 14 1
3739 6 12 133
1481 9 15 18
4041 5 12 23
210 3 10 115
1582 3 14 62
709 1 10 184
1930 1 12 165
1105 6 10 138
4410 5 11 25
4170 5 13 150
3708 7 14 187
2990 3 7 153
394 6 14 29
4364 8 13 85
558 1 11 146
295 1 14 6
3557 9 11 65
2398 6 11 80
4436 1 10 131
1675 10 10 181
249 4 4 54
2289 8 13 184
3260 12 12 189
3602 4 10 40
1449 3 15 181
1640 14 15 128
4136 8 14 54
3114 4 8 63
3269 5 8 28
1753 7 11 91
3924 4 6 83
1450 1 13 92
4931 5 8 95
1999 12 12 63
1928 2 13 149
4123 1 15 1
3445 3 15 86
4098 2 15 108
2490 11 15 130
177 13 15 51
4052 2 3 18
679 3 7 30
1343 12 13 180
2399 2 5 45
1803 9 10 177
2223 3 8 162
4748 4 13 115
3735 3 15 140
1612 13 15 47
519 3 7 55
4588 4 10 89
2079 11 14 113
4597 10 15 134
2692 5 9 100
2892 8 14 9
3062 1 8 102
507 12 12 154
4437 10 13 143
3725 12 15 181
218 7 9 73
4574 1 4 42
421 1 12 141
3600 1 5 64
1577 2 8 46
400 2 8 141
476 6 9 88
3685 3 15 94
4674 7 9 56
2673 7 12 186
1163 6 11 23
4793 9 15 86
2468 11 13 109
3472 6 11 98
3276 3 7 135
3505 1 3 148
1622 2 15 172
876 1 4 169
2855 7 14 67
4547 3 15 168
4278 3 13 29
3052 1 12 133
2356 10 14 35
2553 8 15 195
4039 12 14 95
3987 8 10 34
1828 3 7 110
3874 3 9 94
1015 7 11 174
4384 11 11 86
2096 5 14 98
1797 10 11 39
1277 2 2 13
165 3 6 11
4141 4 9 78
1584 9 12 118
1315 4 13 112
2867 11 14 25
810 1 7 41
79 6 7 177
1844 1 11 156
3037 3 7 175
3070 1 13 34
2451 3 4 83
3645 5 11 107
1117 2 8 124
804 6 10 37
646 3 5 81
1132 1 4 5
4266 8 15 98
1699 5 15 53
2305 10 15 119
4965 4 13 84
1998 11 15 10
77 13 15 17
4070 13 14 183
3760 2 7 131
502 6 11 59
2801 2 9 61
2574 2 14 186
2257 4 12 84
3242 2 15 35
3710 1 9 58
803 8 10 157
4877 2 2 81
1629 7 13 154
825 4 4 129
4888 2 4 155
2217 8 12 95
593 12 14 78
1113 3 15 96
796 7 13 30
616 11 13 106
1342 3 4 28
4232 2 7 182
4661 8 10 7
4377 2 13 156
2152 2 3 65
227 3 11 32
1612 2 3 135
3453 1 6 196
4132 5 8 86
1904 5 7 29
4251 8 11 108
4384 9 11 7
64 2 14 199
3710 10 15 199
4490 6 10 69
3060 1 5 152
4386 4 15 10
4976 3 12 96
1179 4 15 145
2879 8 14 34
1436 10 14 192
1862 7 12 190
1460 1 5 47
4190 2 10 137
645 2 13 171
900 1 14 174
4320 4 5 7
201 11 13 37
461 7 14 200
3213 12 15 67
605 6 12 64
2733 7 10 18
3362 4 6 196
1345 1 2 54
1011 3 3 70
4969 8 11 1
777 4 10 175
3127 2 14 18
1969 2 6 92
1682 11 14 157
1648 4 12 158
66 9 12 51
1869 4 12 157
1002 1 7 128
2149 6 9 65
1991 2 12 107
3422 9 14 41
1806 2 8 136
3762 2 10 167
3254 4 7 142
2876 3 6 167
3669 6 13 124
985 1 4 15
3985 2 3 174
1375 2 11 179
3497 11 15 5
4160 9 15 53
1529 11 12 68
4487 10 13 130
357 3 5 131
129 8 10 173
3739 6 15 24
3192 6 7 197
2228 9 11 182
2555 1 11 120
422 2 13 98
2669 2 10 200
1445 5 12 71
3535 1 10 150
2299 1 13 77
1676 3 7 14
2266 11 12 105
3905 2 3 153
4679 9 14 42
1963 10 15 127
4012 4 11 94
3114 8 14 135
2829 4 9 149
2102 4 8 18
4386 13 14 30
1393 9 10 145
116 3 7 43
3814 1 15 185
1257 2 5 176
1409 2 10 91
4817 2 4 154
4870 8 13 150
1214 6 12 84
2099 4 6 85
322 11 15 7
4098 2 14 86
1495 1 15 185
940 6 9 109
2031 4 15 140
801 2 14 178
325 3 15 161
2933 10 15 156
1398 7 14 182
618 2 14 47
237 6 7 42
2695 3 3 2
4268 1 11 2
4341 9 12 11
4649 5 8 200
3744 12 15 129
3785 7 8 66
2217 8 11 63
1649 5 7 80
597 2 15 87
3223 4 6 19
3537 8 12 9
1458 5 14 6
2031 10 14 181
3116 1 10 71
4350 7 14 101
3823 14 15 183
2227 6 7 33
4472 8 10 92
3751 8 9 74
4063 13 15 46
769 1 8 31
1048 8 14 135
632 2 13 178
1541 7 12 180
1243 13 15 18
3811 9 10 110
3336 10 15 151
3429 1 4 158
4336 2 8 76
3024 13 14 80
3149 14 15 19
170 7 11 32
2899 8 14 83
4946 1 14 147
4427 9 10 130
4627 3 15 156
1568 1 4 70
3379 1 15 77
1318 8 12 136
3750 4 13 197
1423 5 14 130
4923 2 9 12
1400 5 13 51
4511 2 13 159
1357 6 7 157
4022 2 12 121
1061 12 14 81
2877 4 12 150
2596 10 12 200
4753 1 13 71
4377 3 13 70
2819 8 10 39
3443 1 8 100
4518 4 14 73
4861 6 8 139
4318 4 14 51
4879 6 14 142
1759 4 12 26
3640 8 9 10
2380 2 4 106
3069 5 14 98
1280 4 12 117
3074 6 12 50
1496 8 10 170
1911 9 9 141
1821 2 6 42
2094 13 14 160
1503 12 13 68
4922 7 12 135
2003 10 13 155
1190 3 12 12
1551 6 9 174
892 8 14 24
2700 1 3 81
2041 8 10 169
3654 3 11 3
2851 1 2 138
1671 3 13 153
4975 2 10 38
3268 8 9 10
614 6 12 59
3190 9 12 90
1166 2 2 99
3741 7 12 167
2729 7 15 8
655 4 15 25
2414 7 12 20
4969 1 8 7
3579 4 15 121
2870 9 15 138
4390 2 9 188
2327 3 6 133
3456 3 10 28
247 7 15 130
2979 2 11 112
142 1 11 52
243 2 3 98
500 3 3 46
289 6 13 33
4226 4 6 59
358 6 12 125
3663 3 15 115
3291 3 13 169
260 8 14 138
331 3 15 20
871 4 13 10
2946 7 7 141
575 3 5 59
1050 11 13 94
2924 7 8 23
339 6 13 153
4433 4 10 183
2075 5 13 171
3242 9 11 4
3527 1 6 57
1180 8 12 164
238 2 13 1
3096 4 10 156
2727 14 15 120
1600 4 14 139
4146 13 14 141
4756 6 12 77
1669 10 10 145
541 6 10 112
1745 8 8 106
1543 5 8 39
2402 6 7 95
1596 7 11 197
3784 4 12 84
4949 3 9 162
459 7 8 164
4743 7 13 37
2681 5 13 25
2343 3 11 113
105 10 15 41
3484 6 14 44
1100 1 11 7
941 1 4 146
3784 8 8 177
2182 1 9 109
4194 1 11 189
3115 4 6 188
569 4 13 174
2084 2 9 69
4268 11 12 135
680 3 11 11
264 4 7 21
47 2 5 9
3193 14 15 86
1069 1 5 162
2169 13 13 110
3547 9 10 193
1158 4 15 190
3120 5 15 2
4130 3 7 33
1310 8 13 188
2770 8 11 154
554 3 12 31
1130 1 4 54
2012 12 13 120
2855 8 13 132
31 6 15 159
2463 5 7 46
4439 2 10 100
558 8 8 38
4528 4 12 99
1502 1 2 76
3343 8 11 55
3611 6 9 177
3880 7 12 156
1617 9 14 4
3979 5 15 66
4254 1 2 116
893 3 15 190
1284 1 10 173
1361 10 12 91
3612 6 14 192
2923 4 7 83
3668 2 2 79
4043 6 15 80
210 9 13 71
3880 6 8 133
12 2 13 147
1455 5 9 178
2546 6 8 50
4115 4 14 85
2272 7 12 142
3612 13 13 125
3229 1 4 159
2780 3 9 149
4129 1 3 162
4430 4 11 187
1925 8 13 186
1856 2 11 50
3404 4 12 17
3208 5 10 107
348 1 7 97
2730 6 14 66
683 9 12 199
4341 2 7 11
3203 3 5 42
4540 1 4 46
4124 8 8 26
4487 8 14 43
2849 3 5 54
1178 2 8 94
4845 1 14 197
1487 1 11 148
1762 3 11 151
4401 5 9 89
1213 4 13 114
351 1 7 122
4197 4 11 111
2442 3 14 2
2753 4 9 15
3039 2 5 89
642 14 15 150
824 13 14 62
4751 11 14 140
1817 3 4 27
4980 6 12 186
755 4 15 155
4644 10 14 174
2315 10 11 68
3953 3 8 138
1171 4 14 138
3537 11 12 47
1616 13 15 151
1754 4 6 195
888 5 10 193
1729 7 12 97
2822 11 11 177
2021 2 9 121
727 3 9 84
2173 3 7 37
1741 5 13 26
2583 14 15 163
4266 8 13 43
4957 6 13 93
1868 12 14 54
455 2 4 22
2732 2 14 63
1091 2 3 84
1405 8 10 165
3419 3 10 87
151 8 15 142
1736 1 13 82
1883 9 15 38
1062 6 15 12
3404 4 9 27
2569 9 12 148
2188 6 10 129
580 2 12 194
3647 2 11 146
3966 3 12 17
1187 1 6 114
3471 4 5 88
4130 2 5 35
2485 5 10 135
4376 4 10 75
4937 5 12 28
3148 5 8 74
939 9 13 189
2595 4 11 97
2212 13 14 72
4368 7 9 154
3807 9 9 68
4392 9 15 78
3189 2 2 109
2718 11 11 85
3125 2 3 113
4838 3 4 165
404 13 15 155
165 4 14 169
2737 7 11 126
2372 2 15 57
3444 1 4 51
1592 4 12 67
4171 1 2 75
904 10 11 42
3761 14 15 63
2606 6 7 182
2548 4 8 119
1571 3 15 3
2069 11 12 38
965 4 7 80
2969 1 9 86
2359 7 15 25
3130 10 14 17
1133 8 15 113
1720 1 12 152
4596 2 9 162
237 6 10 23
4617 6 6 42
1367 5 7 37
1876 10 11 185
4456 5 7 122
1395 5 12 167
1043 1 5 20
2140 13 15 42
2224 8 15 143
3964 11 14 110
3955 15 15 47
4407 7 10 55
50 6 10 130
1398 12 12 71
4511 4 15 85
2987 5 7 26
4857 9 15 119
2229 3 6 108
188 7 9 59
4488 4 10 56
4558 5 15 107
2088 7 12 36
137 13 14 86
3124 7 8 72
3259 2 9 182
4673 9 14 193
1141 5 13 56
738 9 11 141
4900 1 3 67
3374 1 9 142
477 8 13 23
3323 2 8 140
241 10 11 61
1843 1 11 182
1642 2 12 36
1975 7 7 23
4998 3 9 79
4355 2 9 156
4339 4 5 143
3766 2 9 81
3544 10 11 126
2859 5 9 195
3023 4 6 182
4415 12 14 119
1927 2 10 44
269 8 12 43
4490 7 14 58
4636 8 9 124
1341 5 12 95
3420 8 13 15
3569 10 14 178
4025 6 9 140
58 6 15 139
3985 12 13 81
3097 2 14 145
819 11 15 102
3902 2 6 148
232 1 5 126
1973 11 14 182
3754 10 12 169
2549 6 7 171
30 10 11 53
3146 6 11 116
356 4 5 110
3323 4 5 148
2868 4 15 1
2429 11 11 191
4605 9 15 180
3999 2 13 36
1376 2 13 45
4153 9 12 92
2508 7 9 46
4566 2 5 33
4546 1 1 87
4223 12 13 178
4630 4 13 92
1218 6 13 189
3118 5 15 41
17 5 15 132
3732 1 15 34
1887 4 14 166
4835 3 13 4
1461 6 7 4
4152 3 9 139
4886 10 15 148
3138 1 6 79
2472 11 13 189
3824 6 8 59
4798 8 13 115
3602 8 10 95
3344 3 3 157
1588 5 15 155
4419 2 10 81
677 8 11 16
288 5 12 190
2114 1 10 48
4912 1 15 62
3223 10 14 75
1773 10 11 101
4690 4 8 90
875 2 9 48
3879 1 6 30
880 13 15 176
1376 4 10 169
4882 12 13 184
43 1 3 24
715 5 14 136
3612 7 10 41
4160 3 9 45
73 3 15 55
1885 8 9 171
4552 8 9 6
1308 10 11 98
3511 3 13 141
55 14 15 120
670 2 13 172
464 4 13 128
1317 3 15 138
947 9 10 87
2258 8 8 18
3666 15 15 78
548 6 15 7
4400 6 9 171
255 5 13 142
1943 2 13 198
3973 7 8 4
4917 3 4 6
1760 6 10 156
2145 7 9 88
3620 3 15 38
1075 9 9 161
3195 4 12 110
3231 1 4 121
4394 5 9 31
3300 1 6 83
1744 5 14 184
2196 1 7 65
2084 6 13 184
4129 7 8 111
794 2 7 126
3230 9 13 37
1199 10 10 34
3235 2 8 12
3292 7 13 76
1131 2 15 135
3600 7 9 3
1854 9 15 17
4979 4 14 160
4955 2 4 152
2265 6 14 194
4822 6 8 78
3952 7 12 117
3757 7 11 113
3734 2 7 82
2510 3 14 73
4364 1 10 79
1053 1 2 163
3431 4 4 192
4537 2 14 22
2015 4 10 4
4069 5 12 147
3674 9 15 113
4787 6 12 50
4480 5 12 191
4669 2 13 9
1125 1 3 40
3914 1 6 103
479 7 12 154
3987 7 11 74
4252 7 9 75
2427 12 14 29
4347 1 5 91
3605 7 10 188
544 8 9 122
3830 7 13 197
68 5 10 18
655 2 12 100
2811 4 5 126
3064 8 10 195
4239 4 11 159
4332 8 8 40
4737 7 15 199
2808 3 5 78
2202 4 12 5
4607 5 6 96
1636 6 13 124
4809 10 15 155
4906 5 14 122
1683 9 12 104
3571 9 12 175
1646 5 10 152
1036 2 9 91
4340 13 14 93
2490 1 9 39
2877 6 9 61
2295 7 10 9
2916 3 9 110
1705 1 10 144
2508 7 12 185
4108 6 15 122
2378 3 10 171
4928 10 11 87
45 6 12 69
2601 12 13 197
624 6 12 145
988 5 12 156
1313 2 3 156
4376 12 14 39
5000 7 14 68
3719 1 15 71
4480 1 12 156
600 2 12 154
3991 8 15 37
1019 4 10 173
1682 9 14 178
3141 6 11 155
3460 8 12 100
1416 1 13 131
4386 13 14 67
2072 11 13 194
257 6 8 110
1850 1 14 151
4720 2 12 173
4468 2 11 29
579 1 3 184
3524 12 15 42
3263 6 11 35
4210 4 7 56
4039 2 6 177
3178 2 9 166
4539 3539 3657 4545 2523 4060 1138 4572 1837 2777 813 3712 667 904 1452 2077 4164 2804 817 2396 1010 2976 2598 1597 1451 3055 4910 3271 3166 3995 859 3320 3011 2175 4210 963 1208 987 4762 3473 935 4693 4491 3514 4533 524 4881 4805 4813 3197 5000 2964 1787 1166 3222 3328 4105 172 4959 2972 2414 2232 3028 1139 2805 147 2797 1701 1830 4389 4260 1041 3671 4576 3654 4636 662 772 4650 878 4354 3533 4540 2389 2943 2295 4750 4612 1193 4453 2304 1713 2517 3286 2541 4869 1818 2690 1766 2051 2389 888 3009 1065 2235 1932 2414 4130 1612 1141 3776 4416 3270 1607 4728 2113 4267 3936 1830 1494 2173 790 3238 2741 92 2497 3182 1114 497 1135 2822 2215 1903 1043 846 2644 4896 3957 2335 2200 4857 1956 4339 2898 1658 1004 591 2097 3177 4096 4323 4510 3628 2761 1752 598 170 2905 4252 530 2049 3013 3013 1840 129 2367 2353 3284 1628 1816 2635 2138 1332 3375 4372 1834 2884 1170 656 3299 757 3423 2090 3020 3752 3683 1056 1182 1648 220 2531 1860 4542 1513 4868 3005 4059 2364 867 388 1679 4737 3423 3117 3694 2779 1576 3400 4931 2283 1119 1639 4719 561 134 2185 408 4602 4456 4211 926 4052 2678 4904 4462 2335 1142 3418 1157 2801 1345 3105 2630 32 835 4500 714 1003 2307 1954 2866 2263 1098 3922 436 1401 1575 2459 2566 220 489 2014 4259 812 2593 449 4989 1954 85 3532 1161 1805 962 3455 2437 4980 178 2713 3738 2739 3463 1999 3059 2993 3375 4314 3290 4069 2124 357 1408 1302 496 1339 1083 836 3800 4775 3432 4911 2995 4720 3565 4223 3454 3341 2090 4601 2395 4657 3261 3348 2025 2670 162 3481 211 4882 1267 1553 1170 1301 4338 4251 1701 4723 4334 4535 1182 652 3640 2338 4504 255 3721 1742 4558 1258 4836 1932 717 2425 1520 968 2260 1247 2044 2879 1076 2759 2875 745 3200 2195 4438 2373 4932 458 373 1321 2674 3152 4787 1015 4007 1756 2165 3619 4333 4612 3861 4343 4472 1805 3442 741 4232 4895 763 4899 1848 2768 4899 1817 1311 4385 745 1861 1887 1780 4290 1587 2777 3930 4371 3074 2745 1348 3909 970 3343 3516 1942 4037 1932 4674 3961 94 3124 1833 1753 468 1864 493 4540 1227 90 4835 4778 269 2314 4168 2226 3553 1224 1065 1988 4902 4512 2323 4068 2960 309 3909 2221 1885 1530 542 3891 2980 1090 4686 2950 3910 3725 3971 4131 4274 3710 4715 384 853 2150 3383 945 2873 3929 1685 2392 980 672 4521 566 4505 441 2497 4233 2266 3634 4274 794 4526 1588 3681 2536 2469 2074 4957 600 720 1909 3160 1188 1937 314 2130 3125 4786 538 2357 2476 1737 2902 4636 21 688 2462 112 3090 776 3616 3605 1808 4709 3646 870 2606 4578 4805 3527 2843 444 3346 837 1428 3012 4973 732 2335 925 3340 2467 4287 3828 838 2754 212 1755 2715 4003 4729 4714 3622 1974 180 2986 4460 2371 1818 1356 2386 504 3886 1481 2061 1513 4497 2409 157 2152 2474 4358 2226 4065 2494 1649 2028 4645 3629 255 2762 4165 2225 620 4363 88 1679 1092 3977 3836 232 2422 264 1646 3097 4789 1700 2955 3428 2190 2775 1951 3071 935 3173 1396 4731 3996 1947 4673 2803 217 4911 3424 943 1972 1559 1329 1706 4976 1898 3038 2322 4388 4193 3406 4275 2158 5 3299 2917 3175 64 2882 2688 2188 348 3775 3343 1295 2503 136 4114 281 1296 3298 4385 2433 3453 3246 3645 405 4122 3672 644 4773 257 944 4429 2667 193 3979 3088 4302 3042 2288 2697 3141 17 2870 99 4284 933 4532 3400 3478 3497 1799 4796 1352 3296 2545 1035 1331 1270 2060 4416 1955 4818 1386 3645 716 1286 3702 789 1925 2493 4918 3442 1609 4460 3923 337 3989 1772 3307 1590 231 4705 3635 4207 271 2715 1973 504 3872 4915 98 4148 171 3606 4428 4898 1331 907 2972 3055 3278 489 799 852 4036 3254 4493 4604 1230 1230 4922 2347 3059 3264 341 4297 2536 597 4141 2326 3161 4082 3904 4129 672 3684 1862 3273 4510 847 2314 183 967 2898 3647 3557 69 676 30 4050 1151 4330 4256 632 315 4079 4309 249 2190 2465 2814 3901 3029 4376 3621 2449 470 4868 1562 2747 3150 2233 114 4588 2521 542 4582 147 4717 3258 4459 4629 11 3540 4287 4478 3488 4783 2660 3104 3664 406 1564 2248 3357 2351 2417 1000 2914 4946 4869 4549 4889 4039 1904 3101 2968 1926 4898 2037 185 1902 3507 3743 4962 3049 4554 4300 2074 1137 4576 1792 807 567 761 679 3612 3971 4556 2639 4195 4806 580 3214 2125 1115 4110 3488 2573 666 530 1932 4811 467 3798 4947 4780 3476 2493 2436 4433 4262 1179 20 4972 654 1838 4648 4619 1226 4071 462 2979 167 121 496 43 3274 1827 2312 2340 4947 975 4495 3013 4578 4101 2614 4780 1790 3633 1779 1618 3118 2766 43 3587 3191 2921 4205 2654 982 4802 1254 3573 2196 3436 244 1389 1169 1912 1303 1796 4710 2593 840 3397 3297 4327 768 1078 212 4965 648 159 2205 2244 3524 613 625 2639 1653 4811 3956 4049 454 3817 1649 2240 1954 10 4729 1944 2479 2299 3332 4917 3187 345 1953 889 4413 2767 1380 3582 2451 2386 930 2507 4408 2066 4473 1562 2953 347 3100 4791 1540 666 1037 1195 2030 2512 1679 563 2682 1620 1815 1574 4478 4050 3512 2153 4075 467 3513 3565 1094 1394 1353 4158 4085 3698 4388 4196 2251 2646 1240 3920 3630 4302 3832 2598 2497 3916 1370 1713 1300 3485 499 2333 1365 409 2914 2689 4311 1642 3485 3987 2124 2934 1278 4110 