1000 1000
1201 6 13 170
3107 9 10 10
913 4 11 142
849 4 4 134
4440 14 5 133
756 12 6 167
130 12 15 46
4839 15 4 166
3203 12 12 108
3655 1 1 3
3503 5 9 183
3251 5 8 28
4750 8 12 179
2030 8 6 59
1124 13 8 87
3506 14 9 89
4742 8 12 69
4216 15 14 198
87 5 1 24
4662 4 12 166
2196 1 2 45
2096 1 6 53
4230 7 7 63
237 15 2 174
2893 4 14 28
1881 10 13 93
3814 8 13 11
3881 1 7 197
1395 8 5 71
543 9 3 157
1817 12 14 56
4149 4 2 89
1810 12 14 140
1214 3 14 186
1146 11 9 158
2308 5 6 91
555 9 2 103
3428 6 12 83
1568 8 13 10
3094 10 14 176
4826 15 13 194
3269 6 13 155
825 8 11 91
4331 14 7 151
681 10 11 189
1305 8 14 95
3208 12 12 70
4385 14 9 165
4987 5 13 195
1348 14 15 194
1904 2 14 148
1715 7 10 55
4920 8 4 134
1375 3 13 119
3708 12 13 183
3442 7 6 24
4008 11 5 98
168 10 15 113
3698 11 6 104
2712 5 10 116
2859 10 8 25
1057 4 3 19
1100 1 3 161
1429 9 15 50
4117 11 11 42
1241 15 3 20
4081 4 12 57
2686 10 10 145
4461 5 7 174
4742 2 14 79
4770 11 12 43
2544 8 13 161
2283 8 1 83
4062 15 8 70
2226 11 4 18
1675 11 7 154
3315 7 10 122
2145 12 5 33
2652 8 13 133
988 2 8 151
3561 6 8 68
1624 11 5 32
2579 15 9 177
891 1 10 126
4245 6 9 41
2952 7 4 177
3342 6 8 196
2492 7 1 14
2256 13 4 128
2970 12 7 172
2815 10 6 73
2872 5 15 143
2923 15 14 68
2350 5 7 121
2918 10 11 108
1756 1 14 101
4308 5 3 11
944 15 8 89
935 11 1 56
3391 4 3 112
3330 14 11 137
4628 14 15 64
2472 15 15 88
3926 6 7 92
1837 14 15 37
3767 1 7 115
2568 11 3 193
99 5 3 197
3715 9 8 60
4982 12 8 54
4120 8 5 190
2350 10 5 163
2826 11 1 139
4514 14 1 119
1749 5 11 29
3533 13 11 193
4520 9 12 15
4410 1 6 106
1716 3 1 36
993 6 2 185
378 8 7 132
1429 11 6 170
3736 3 3 20
741 3 8 88
694 12 15 173
4642 5 14 29
2087 15 12 190
3358 14 4 31
4280 13 6 104
2062 2 6 154
3474 11 1 73
3007 10 12 29
3107 6 8 4
3974 4 11 66
3420 7 10 11
2924 4 10 21
2438 13 9 114
628 15 15 171
700 3 13 137
1349 4 2 77
1610 3 8 100
169 9 13 24
2143 7 4 16
1392 10 7 116
1068 9 15 176
2246 14 2 55
360 2 9 55
785 3 3 179
4882 4 5 144
1771 1 6 57
614 14 8 194
2493 6 6 70
4746 8 4 160
1518 7 7 95
1418 5 7 115
2790 3 3 60
2267 15 2 187
4088 14 14 103
1117 13 15 146
2513 8 1 118
2229 13 5 56
4503 8 14 164
3000 12 13 135
3061 1 9 128
1810 13 4 120
3320 6 11 91
459 3 2 119
1625 5 12 109
1383 2 6 71
4837 4 1 14
2728 6 1 21
2715 12 4 142
2740 9 3 193
3074 14 14 84
3354 1 6 1
1839 2 6 39
2740 9 10 183
763 14 14 123
4362 11 8 102
3335 9 7 40
3779 3 7 61
1656 8 9 78
613 11 15 175
4522 12 4 15
2905 13 9 167
898 12 13 98
3949 15 12 151
1133 1 14 2
3332 14 8 75
1364 1 8 138
3111 2 12 6
724 12 13 39
4836 11 8 150
1350 7 11 79
1482 1 14 146
254 2 11 54
4840 6 1 198
1167 4 13 84
1859 1 2 159
1348 10 8 91
2058 7 7 83
4987 3 3 72
3399 4 1 154
4997 3 3 87
2174 11 10 84
4444 10 9 109
1249 2 9 10
1163 1 1 42
3543 3 10 73
4720 7 1 182
2616 4 5 11
1912 13 11 45
60 9 14 64
3582 7 2 60
3238 13 6 106
343 3 2 152
1820 14 12 1
147 7 1 89
1622 15 9 59
121 3 4 14
349 15 8 119
1106 11 1 125
4962 2 15 120
2274 2 10 57
2165 2 9 28
1181 11 7 35
1898 10 5 199
242 13 10 79
2226 11 4 28
4642 5 11 96
464 13 5 85
4113 10 5 118
1788 6 10 41
2003 12 10 185
2646 14 5 193
3138 6 7 163
1422 7 8 6
3044 2 12 73
3226 6 13 96
4858 1 7 53
1600 8 8 113
4928 3 11 167
4194 14 14 64
3267 9 10 145
2403 6 8 99
306 15 14 162
2782 4 2 189
1291 6 5 59
3794 13 1 74
4693 5 4 128
4903 10 11 31
223 9 8 198
4329 4 13 62
325 12 10 91
640 7 12 179
2678 8 8 145
807 5 9 6
2330 5 3 20
296 11 1 199
1317 11 11 63
663 12 15 48
4694 12 9 58
4961 9 2 147
3890 5 2 25
1149 4 14 148
728 1 7 110
2884 7 11 160
1602 14 2 127
3805 13 6 145
2068 7 10 52
4079 6 3 46
2103 13 4 152
1166 6 10 73
1113 7 8 84
4784 15 3 152
2701 7 15 26
148 9 6 146
3487 3 3 118
4249 15 14 128
632 8 13 185
2960 6 3 70
4725 1 7 163
1842 15 5 104
717 4 11 145
3176 9 2 62
3533 13 10 125
3905 14 2 20
4377 7 8 134
4118 12 12 194
871 8 2 19
384 9 12 71
873 14 10 42
1132 7 14 158
3697 9 6 191
1098 15 6 142
1900 3 14 66
290 10 15 167
360 9 14 24
964 8 7 62
1311 9 14 40
976 11 10 87
1857 5 10 160
1422 13 14 89
1183 4 7 91
1676 12 5 28
1573 8 8 19
3605 8 12 42
3534 9 14 57
1958 2 5 94
1099 6 10 22
3065 5 10 115
3278 11 6 42
3656 13 13 165
245 3 11 74
655 8 10 148
1685 13 15 139
4037 6 8 128
772 6 13 10
4217 7 6 167
3941 4 11 101
4802 4 10 78
4024 11 5 26
4864 11 4 163
2628 9 10 159
4225 6 13 18
2727 4 14 61
3360 14 1 6
2959 2 13 18
1899 6 7 36
1451 2 4 156
3205 14 3 90
4704 13 14 200
4153 7 7 82
256 3 5 186
408 15 5 55
1429 2 11 191
1725 5 3 40
1635 13 12 52
3322 12 15 194
2489 11 11 164
210 10 9 39
3179 9 12 119
3248 2 14 128
2796 4 12 104
9 11 8 3
3141 9 5 142
4757 13 11 169
3238 10 7 56
303 9 14 183
4406 15 10 189
918 7 7 97
1456 5 9 145
294 1 8 185
2691 7 9 200
4668 14 7 137
2315 14 2 118
3568 14 4 114
635 13 6 66
150 10 10 10
4684 6 9 103
2537 2 7 15
3933 7 7 64
551 3 2 22
278 15 9 85
1616 3 2 74
3679 14 12 189
117 7 12 59
3857 8 4 162
4937 3 1 141
2211 4 5 21
2976 1 13 159
1756 6 10 165
1709 4 10 180
3816 10 12 136
2066 7 2 126
3683 2 13 89
2649 2 3 34
4134 9 10 149
3511 6 14 103
1591 10 12 43
3274 14 4 53
3901 14 12 162
2752 2 11 192
2947 6 7 17
1172 4 14 64
1717 8 7 160
2522 15 10 149
2624 11 3 95
2055 5 15 43
2386 7 3 43
2579 2 1 193
4741 15 15 96
4249 13 12 47
3715 7 14 4
2611 14 5 149
2451 5 2 183
56 12 12 82
2977 4 2 148
1174 5 1 102
4301 5 1 55
4454 5 7 154
1828 4 9 190
4988 3 11 154
2388 10 6 164
4752 6 5 66
1175 9 8 14
1257 14 12 197
1589 11 3 152
208 14 11 194
1055 4 6 101
1899 3 10 127
454 14 8 74
1576 11 14 50
3386 11 2 100
4418 2 2 139
3991 14 12 8
4984 9 10 142
2092 6 11 102
4830 3 8 112
2060 10 5 90
1429 12 3 73
4807 7 10 114
2866 10 3 31
2021 7 7 123
1170 11 10 139
1184 9 10 171
1744 9 5 144
237 11 1 8
2034 4 14 13
2254 6 3 166
1205 15 4 19
3446 1 10 92
1166 2 12 90
1739 5 9 184
3676 2 11 76
3293 4 12 20
1937 13 10 30
2458 10 7 102
3598 9 6 105
4602 10 15 136
1522 13 8 43
885 15 5 192
2545 15 3 36
918 3 12 73
3103 11 10 121
70 6 9 10
932 11 3 91
4239 11 13 31
4649 15 14 7
177 5 4 164
574 3 15 77
1619 13 15 165
3398 10 1 181
4163 10 6 31
4323 7 3 52
2300 14 13 177
2062 1 1 173
451 1 5 123
4359 14 1 142
3629 4 5 71
3449 2 8 153
3519 9 9 52
4529 2 9 61
324 1 8 73
2467 8 4 135
2881 10 7 39
4086 1 6 194
1981 5 3 187
3527 2 11 36
161 13 4 191
3909 14 6 3
909 3 14 119
985 14 9 53
2604 13 12 38
2451 12 7 35
1619 6 10 51
1131 10 10 115
1415 4 3 117
583 4 13 29
4015 15 7 60
4833 10 14 163
4164 9 10 133
1926 14 7 146
3524 1 15 95
991 13 9 61
2847 7 12 42
1616 9 3 55
1377 11 9 72
4928 1 6 180
3160 9 7 140
2604 6 15 146
2529 3 13 105
2346 1 1 48
2656 15 11 104
3519 7 1 25
4246 6 14 199
2601 5 15 60
4434 8 14 155
3605 12 9 53
3631 14 2 192
1423 2 2 12
2804 11 13 109
990 1 6 21
2524 2 1 125
3302 5 5 32
4408 1 10 64
1647 15 6 22
784 3 15 10
858 7 9 90
2410 11 11 74
2206 3 7 124
4121 5 4 181
4777 3 6 192
4418 11 9 58
3401 9 12 55
3021 11 8 25
4412 10 6 97
3424 2 11 172
1785 15 11 108
2252 14 14 186
4427 15 9 103
4185 1 7 168
2827 3 15 26
4298 15 12 98
3531 14 2 170
4849 3 1 177
4892 10 10 154
945 7 1 122
1619 15 2 61
1991 7 9 117
430 14 11 193
4045 15 12 195
1968 10 3 38
108 3 14 80
996 5 13 36
4616 12 8 34
3651 12 11 77
959 11 6 81
2413 9 10 79
1407 4 2 71
261 10 11 162
1573 7 14 64
2373 5 10 43
850 3 9 132
893 8 1 73
1235 13 14 96
3662 8 13 3
2818 5 13 164
54 3 11 61
623 14 2 65
4814 12 8 197
780 3 8 35
729 11 7 126
3659 3 14 42
4246 14 9 134
3559 7 5 111
1721 3 13 94
4639 5 4 195
3274 12 10 150
4435 8 6 167
3743 2 10 120
1491 15 2 157
4537 8 11 165
781 7 10 18
2590 2 4 164
208 15 4 94
2049 4 3 12
736 1 11 57
3091 3 14 161
715 10 8 98
1379 12 2 81
1800 5 9 183
4844 14 7 51
2373 14 15 74
3064 1 9 3
654 4 14 85
1243 14 4 32
217 5 7 95
3132 6 9 43
4030 12 11 132
2687 13 9 131
4881 7 4 133
2788 11 11 19
3853 8 5 47
510 14 13 169
663 2 6 115
630 1 7 179
2477 11 9 70
2669 4 3 147
778 4 8 174
4222 9 5 51
181 1 6 185
3116 11 6 26
889 9 1 79
793 13 3 78
953 12 2 99
3221 3 13 91
1519 9 13 90
1622 2 15 158
1486 10 5 145
1965 15 3 110
3717 12 8 89
4593 2 12 162
648 8 14 73
2686 1 7 140
2939 6 12 98
1983 5 8 81
2665 3 11 12
1395 11 5 86
2298 12 12 134
1399 5 6 183
1373 9 5 96
75 10 11 197
1136 12 10 116
2836 3 12 192
1014 11 11 23
2203 15 1 17
707 2 12 42
4016 9 2 109
3727 13 13 188
1346 10 10 144
1936 5 12 8
3232 4 7 150
1004 8 1 180
960 1 9 103
4406 11 14 196
2324 10 9 193
3241 2 4 86
3580 4 2 22
1808 12 13 181
2955 5 3 29
2255 6 4 151
1186 10 12 55
4015 8 6 173
4446 13 5 198
2791 10 3 74
1095 13 7 104
2312 8 7 119
4085 4 9 175
1585 2 4 14
20 7 12 129
4977 3 3 105
2228 14 4 130
637 3 12 82
510 9 9 135
1849 5 7 148
4655 6 6 52
4344 4 7 144
1619 2 15 90
4711 9 13 123
1996 10 9 193
2475 11 6 168
3879 10 4 142
4446 4 7 123
4868 1 3 165
2667 8 1 108
419 3 4 108
4474 10 10 59
1174 14 13 131
536 14 7 91
2063 10 9 143
1960 13 4 111
237 9 10 180
1995 7 15 182
2870 3 12 90
3377 15 1 45
4608 14 8 59
1948 6 5 199
3460 10 12 74
1973 15 9 43
1712 13 9 43
4613 10 2 172
3733 1 4 65
4934 7 11 39
1251 10 14 178
3119 14 4 79
713 6 12 140
4585 12 4 142
1155 10 11 177
1587 7 4 81
2303 13 3 52
249 8 11 175
2317 13 15 184
2416 14 1 106
3531 11 7 181
822 7 6 153
2222 11 5 199
1628 2 7 180
3833 9 15 44
4865 9 8 122
4600 3 6 42
1048 9 13 162
2827 15 15 5
2206 5 1 162
4835 4 12 170
4826 15 4 193
3176 14 8 136
1071 11 10 6
2705 12 9 41
4767 13 14 83
4851 3 10 163
4992 6 9 135
242 10 1 76
737 4 12 146
2918 13 8 83
715 5 6 115
4048 8 15 190
806 14 15 33
4569 11 10 187
389 14 7 173
1230 2 1 125
1225 3 2 101
3752 7 11 31
3868 13 4 146
73 9 14 145
2700 4 3 65
3656 13 6 140
2530 14 14 97
2769 9 11 84
1575 14 13 34
23 11 7 157
1344 6 2 169
2864 12 11 9
4785 14 9 94
2511 8 15 187
1342 12 15 69
4080 5 15 18
1917 15 14 29
2138 1 5 73
175 2 15 191
2800 3 2 175
3571 3 4 102
4500 5 1 32
1344 2 10 70
2277 14 10 190
1630 9 2 43
3835 1 10 85
713 7 12 66
4163 6 1 33
2455 13 4 30
392 9 13 5
2658 9 1 22
1284 3 5 133
730 4 1 27
1237 7 1 8
3915 4 2 61
1410 12 1 152
3691 3 13 112
2493 4 2 55
429 3 2 185
1555 15 15 62
4883 11 9 123
184 1 13 37
3473 14 13 70
4814 15 3 35
3919 1 15 33
3281 12 12 40
3267 15 8 116
3992 4 2 150
194 11 3 127
2123 3 1 125
2166 2 10 35
1589 13 5 66
1272 11 4 98
1906 10 8 141
1321 6 5 167
3610 9 15 67
3060 8 8 162
1972 5 2 77
803 7 13 4
319 2 15 119
1569 12 10 136
2913 9 1 121
341 5 15 15
2272 3 15 21
2549 1 3 100
2726 7 11 178
2076 3 11 121
780 11 9 51
4886 1 9 4
5000 3 2 67
2412 3 9 58
4694 15 3 196
1495 15 4 199
1071 11 14 52
2658 7 1 113
1678 6 12 144
4105 3 9 74
2752 11 2 7
2258 10 11 12
226 15 12 84
2508 8 5 91
655 12 8 128
2723 8 15 107
1621 6 12 169
1279 9 7 22
2614 2 6 181
4835 3 13 136
2393 11 5 167
930 14 10 63
138 5 4 141
4844 10 4 50
4008 6 5 121
1226 13 15 40
3720 14 6 200
30 9 15 160
602 2 10 110
770 5 15 167
1453 12 8 118
2861 12 13 125
2869 9 2 126
3434 15 12 149
2 15 2 45
1026 8 9 149
3422 8 3 24
670 13 4 101
684 11 1 90
4910 15 13 148
1350 11 15 170
4315 5 5 42
567 3 6 5
792 5 15 199
4209 12 10 177
860 4 6 184
4464 11 15 157
2603 2 14 50
3766 3 7 133
3483 8 14 130
1285 3 6 162
2435 7 14 121
2199 8 5 132
577 15 1 99
2534 6 5 121
4177 10 10 119
4221 14 5 170
2523 12 2 86
925 1 12 176
2841 8 5 13
3210 9 14 32
1426 6 2 51
2300 9 5 137
3336 13 8 14
3058 7 10 36
3302 1 7 64
982 1 5 36
3517 14 10 139
3011 14 11 8
4943 3 3 171
4463 12 15 117
4378 7 9 158
4487 12 4 172
2073 1 13 21
4954 6 10 135
4699 2 3 191
3232 14 3 15
2468 15 7 91
2416 9 11 100
4073 1 6 21
2820 10 13 142
440 7 15 37
2438 5 1 33
4822 6 11 63
3746 15 6 179
2350 14 11 38
1633 13 12 27
3987 2 1 102
2370 7 14 114
1726 5 10 58
3690 1 15 151
1419 4 1 115
3077 3 14 81
4084 15 8 162
1184 9 2 49
4901 5 4 13
3020 8 3 178
279 3 2 52
1527 9 10 137
3381 4 11 28
2535 4 1 9
3864 15 4 25
4680 8 7 33
2249 11 8 9
3985 8 11 124
4174 10 13 60
3183 13 4 137
4966 13 10 19
2923 1 15 119
2701 13 10 99
996 2 3 196
768 4 2 111
2733 2 11 90
2529 4 4 170
4462 5 14 56
3984 8 3 66
3780 15 11 118
3415 11 5 158
4543 14 11 23
4895 1 8 123
2915 7 2 114
956 1 4 124
381 13 8 110
3375 5 13 27
1604 9 5 85
956 4 8 16
1202 14 8 68
845 11 4 104
4714 7 6 111
4155 3 2 175
259 4 6 149
1648 2 11 156
2143 15 14 160
2822 14 4 61
1718 14 6 80
1791 7 11 30
2275 13 6 63
2977 7 9 160
3382 1 5 144
2888 11 2 11
4997 8 3 14
731 2 3 30
3297 9 9 188
3968 11 3 41
44 4 8 163
3141 14 10 70
2057 5 13 69
3407 10 2 71
2568 12 10 63
1310 5 4 3
1960 12 3 168
371 7 7 198
2593 1 7 134
2032 7 10 97
2399 2 12 180
645 11 4 85
3833 12 13 146
270 10 14 200
4372 8 8 73
2667 13 15 12
4452 11 4 29
246 15 1 142
1028 1 5 68
3077 8 6 198
3528 1 6 112
3910 14 6 25
421 5 14 6
3316 2 13 2
3290 3 11 185
578 15 9 134
4806 14 4 46
183 2 13 148
4245 7 1 45
4138 1 13 43
1406 9 3 68
847 5 14 174
3196 6 9 182
854 14 11 150
2014 6 10 166
1836 9 11 149
2042 10 9 186
2919 1 15 132
2056 10 4 57
2740 10 3 192
3603 5 2 144
3271 2 11 73
3312 7 6 43
2160 5 6 200
2632 12 10 124
3125 2 11 4
4205 8 2 24
699 10 9 21
4250 6 14 15
3706 3 15 47
1761 14 5 198
3110 3 6 68
4244 12 12 77
4165 4 12 6
1251 14 1 184
4909 7 10 193
2429 14 6 165
1591 10 7 8
3851 8 4 155
361 7 1 173
3661 13 14 5
4781 15 11 43
3484 14 7 15
698 2 1 59
809 2 3 104
243 4 6 50
1408 4 2 187
2623 4 15 161
1838 11 11 52
518 7 8 79
2971 6 2 143
4055 9 14 167
4031 7 2 185
3069 8 3 166
374 7 12 144
2490 4 1 89
1591 3 1 85
82 4 5 98
1845 4887 2065 3705 4897 1075 2270 3347 1384 1880 1503 4074 4460 3058 4076 4295 3661 4236 4053 388 2315 3759 4403 2826 17 1625 2670 3584 1089 4530 634 258 1372 2144 3990 4098 1243 3239 2446 1330 739 1907 2256 3737 3189 3670 2677 138 1191 266 1281 949 319 3961 811 1954 1134 2516 765 3660 4726 1062 630 2194 147 1339 2814 2548 696 3312 4460 4785 4794 2412 4993 1056 2838 3523 1920 3202 2312 849 1913 1966 2917 2516 4008 1453 1438 2627 430 2186 153 1809 77 3733 3835 608 1408 3527 2120 4889 2121 76 540 3402 3275 4517 390 3866 1940 2212 3956 1323 2728 3184 411 1965 500 3849 1751 3315 2775 1743 2287 4505 2487 2036 2671 3375 3619 2281 64 1840 881 3516 3668 3819 3083 4472 1756 4139 2166 398 2946 165 1711 3631 1243 3189 3544 2118 2328 3434 1623 4225 2129 1267 4516 1904 251 1788 1731 1928 77 4758 3783 4323 616 3993 3096 3918 2930 2857 2894 643 2855 4437 1718 1891 1155 3490 2250 2943 594 489 4660 1276 3903 4883 1553 1179 4161 3549 4238 2762 4854 3998 2515 4184 4802 1060 1008 3632 405 773 3883 4313 4255 1841 3415 4133 232 2123 3792 219 3694 3413 247 560 4433 2246 1952 815 891 896 2503 4732 2891 3070 2037 66 373 3101 372 1731 4641 2328 4910 950 4809 2681 1804 2728 4515 311 3625 4447 134 1800 1073 4120 3481 2238 3340 1976 1085 2328 1488 4375 1218 4635 3517 3466 3922 1490 3297 1834 427 2910 3807 1794 4216 4790 2743 2413 411 3670 1056 404 1768 354 163 3714 1611 4114 3159 152 1585 230 4271 1213 2574 882 4812 1546 3690 3061 2338 199 4131 967 2992 759 290 3639 4723 2673 2059 248 4108 3340 2930 769 2460 4204 3582 2784 2975 288 2608 2443 394 861 514 1625 165 3513 2745 4681 1773 289 1959 1918 374 2291 4174 3041 1040 1765 4135 4816 2719 4773 469 3477 485 3984 1839 129 1130 4234 1361 1480 1794 2271 1240 4925 4756 3679 1653 4054 3793 3563 3702 3758 713 927 99 2729 2011 4108 2726 3460 2833 1330 3333 3363 1919 3855 1814 3189 1674 84 3504 2047 4251 2111 2502 3003 2539 1724 2155 4766 4246 3939 938 3446 1973 3287 4441 2966 4369 411 2278 4221 3144 1034 3172 4401 2991 4960 872 831 310 2067 3523 700 3617 4611 2841 1571 157 479 4779 1847 3673 832 2387 772 4913 1051 723 512 4234 2683 3600 2342 1541 2865 873 4535 3204 3461 4774 3183 3043 486 79 308 583 2178 1508 3082 4758 2262 1786 212 3037 2960 2828 1584 4253 1191 4467 2967 3425 3449 4705 3284 2156 1181 2008 336 1345 2908 4624 149 2304 2795 821 4353 706 1438 4862 2715 4967 1498 3989 2747 2541 4696 222 1406 1131 1249 452 15 1531 3088 4186 551 1988 4075 3136 3625 1109 3252 2243 776 3427 3163 4761 4796 3407 4481 989 2391 1852 2503 1108 1556 4230 3644 3582 4210 4071 2324 2717 3052 3463 1378 4497 2142 84 169 2879 4128 3355 2722 2204 3049 4874 4678 1316 13 2185 946 3368 4669 368 28 1895 1570 4391 991 2026 1851 777 3979 2924 1706 3259 1550 397 3807 1183 3373 1080 2933 1915 193 2432 1471 1802 2000 2016 4344 1425 1812 52 3424 4040 3294 3910 1503 772 921 3029 2718 4681 4629 3424 3881 2209 1903 811 1049 2910 4691 2278 2540 3606 1158 1455 3668 1200 928 991 4863 4781 1038 1635 4517 1473 3689 2520 4960 4635 4293 3337 3200 932 3999 2792 1626 1024 3316 254 2736 2511 4350 4065 2410 694 4222 144 2876 2881 4429 1523 400 3635 896 2108 3013 3910 4954 810 3206 1060 4972 3457 3727 3385 4118 228 3210 3514 3195 3530 2046 3907 3634 1123 1076 4498 1484 3002 2043 3237 4258 2631 2309 2727 1561 1793 2849 4446 4112 348 1173 2066 2252 2548 2146 1199 2737 4324 1164 1832 3877 4699 3757 3849 1545 1814 1224 2618 2420 825 3809 96 935 4036 3246 3419 1176 4564 2599 1984 3929 2971 3676 3385 3507 4078 2962 3184 2716 77 1115 1710 783 4774 2197 4376 1674 3309 3805 244 1668 989 2763 3561 4694 1958 1413 2024 4557 2816 3969 1325 4319 2789 2597 3457 3213 2240 146 4741 3223 4663 3017 372 3599 389 2398 3187 1903 4973 4844 4305 2047 891 2341 2241 3888 3833 4311 2600 246 2667 1877 3892 2541 4440 4970 3394 1460 3694 4824 4219 106 4 4701 4471 1655 1544 864 1849 3611 4463 1984 3223 2853 2490 375 1079 4149 3318 4410 4606 592 3526 4247 3510 1282 1820 4331 1335 1086 2730 4685 2164 103 3587 4366 4565 328 1211 1607 4299 2807 1850 2315 647 4030 2800 3966 3897 170 2068 1927 4223 3742 517 1185 1505 3812 2210 3896 115 1811 181 2639 2181 1206 4090 1364 3194 4534 4019 989 172 1323 1171 1996 1580 1032 2819 3578 584 3073 4321 4264 4123 385 995 87 4161 1366 3089 3493 4576 3512 3747 147 2615 592 4998 4560 4461 3381 134 4290 2807 698 2987 4963 1558 3231 310 51 2596 4107 3918 2922 203 2008 3460 1149 1476 3360 3013 3651 1204 3366 1223 2369 3383 1498 3765 311 4851 2981 127 3734 3132 431 2584 4184 4841 3755 1954 791 3253 3458 4266 4577 4572 2661 916 2155 1363 3967 378 3099 610 2498 39 4976 139 4596 2546 4798 3644 2743 1154 1937 4088 3909 4144 3646 2039 4219 3005 3199 3795 3900 4368 152 1532 290 4867 4147 2803 2926 439 590 4150 3842 2029 2823 2267 2397 1329 3478 2898 3536 824 4010 1527 4070 825 2116 1578 1588 3366 338 2084 778 3008 705 505 4059 3119 4489 1947 4976 