1000 1000
1620 1 1 196
934 3 3 160
1467 1 1 187
1601 1 1 175
3672 7 7 118
3576 6 6 73
3998 11 11 103
741 15 15 138
3608 12 12 109
2154 8 8 88
33 9 9 20
2538 6 6 144
1632 5 5 103
1603 14 14 163
1347 1 1 83
3263 15 15 12
1019 11 11 24
812 12 12 96
3683 11 11 9
2413 6 6 101
2904 12 12 153
1033 4 4 180
2390 5 5 151
1848 4 4 192
1900 15 15 69
3976 8 8 40
1887 1 1 188
2674 10 10 114
780 6 6 136
4023 2 2 43
331 1 1 165
2299 1 1 139
3206 13 13 196
4232 3 3 128
4746 11 11 159
2277 2 2 52
600 9 9 116
1178 15 15 172
1740 10 10 117
3758 2 2 130
3043 12 12 136
190 15 15 25
2472 15 15 88
1669 9 9 62
3812 5 5 93
4373 4 4 181
1422 5 5 16
2982 2 2 196
3771 13 13 158
145 4 4 158
1176 7 7 76
2356 15 15 105
3237 3 3 146
3274 4 4 36
468 13 13 171
4786 7 7 116
1120 4 4 165
1856 7 7 137
1015 12 12 19
2052 12 12 8
2940 8 8 76
3538 8 8 145
3276 10 10 15
4053 5 5 108
194 4 4 117
3030 4 4 171
3902 9 9 161
4525 2 2 134
2073 2 2 145
1398 5 5 38
4011 5 5 196
1520 3 3 107
450 15 15 156
4625 5 5 109
3365 12 12 126
758 13 13 96
4274 6 6 104
2283 8 8 29
2919 9 9 133
1474 13 13 71
504 13 13 98
1127 11 11 50
1769 7 7 156
4204 11 11 200
3015 7 7 140
2254 9 9 122
2939 15 15 167
2067 13 13 35
155 12 12 3
1522 9 9 12
1720 12 12 134
1454 13 13 32
365 2 2 170
687 1 1 100
4061 13 13 111
2600 4 4 161
3990 10 10 126
3467 11 11 62
2206 15 15 50
1552 8 8 194
1888 9 9 175
4547 7 7 94
4282 2 2 24
2684 11 11 153
3701 1 1 171
213 9 9 55
538 4 4 63
1123 8 8 66
2983 8 8 136
4263 3 3 100
197 3 3 45
253 14 14 163
4717 3 3 191
1974 1 1 153
1151 9 9 195
3925 13 13 157
643 4 4 96
3681 5 5 70
4477 9 9 16
3962 2 2 90
843 8 8 20
4743 14 14 196
2144 13 13 86
3026 6 6 49
3242 6 6 187
2122 9 9 172
4746 8 8 36
2166 12 12 116
264 11 11 188
2887 10 10 130
338 12 12 42
1215 13 13 74
1350 13 13 42
4005 15 15 141
1453 14 14 85
4906 12 12 25
4377 6 6 27
2557 1 1 18
1012 2 2 20
3553 11 11 98
2000 7 7 143
4760 10 10 193
957 1 1 200
4878 10 10 183
4244 7 7 190
588 13 13 200
3828 2 2 116
4436 1 1 160
318 13 13 127
4520 15 15 176
96 4 4 87
3194 14 14 102
4176 12 12 104
4712 15 15 188
181 13 13 197
1420 6 6 138
1052 9 9 143
1764 10 10 197
4230 2 2 134
69 4 4 47
2968 8 8 10
3873 2 2 189
973 15 15 166
2043 11 11 45
2342 8 8 30
3643 5 5 146
4913 14 14 42
3589 3 3 176
2353 12 12 45
803 11 11 82
4591 14 14 60
3269 14 14 155
2475 9 9 81
3705 12 12 89
3846 7 7 28
1175 10 10 131
4831 8 8 10
4508 8 8 152
1031 6 6 27
1987 9 9 91
2132 8 8 145
1031 1 1 113
92 4 4 54
1627 13 13 140
853 7 7 105
1881 14 14 178
4381 10 10 98
2726 1 1 174
1751 14 14 176
3018 11 11 123
3185 10 10 130
2094 1 1 188
3231 7 7 127
2674 11 11 90
2394 7 7 68
2381 2 2 134
248 9 9 78
4513 10 10 146
2838 8 8 104
3914 9 9 173
2376 3 3 165
30 8 8 173
2468 9 9 77
400 15 15 9
858 6 6 110
1152 9 9 21
3508 6 6 80
945 10 10 37
1707 7 7 122
2524 4 4 36
544 12 12 96
399 11 11 128
4510 4 4 78
4287 14 14 191
16 5 5 110
2200 14 14 109
2123 2 2 187
2356 12 12 177
1756 8 8 182
2898 13 13 158
79 13 13 9
1095 8 8 78
2432 3 3 138
471 1 1 174
1548 6 6 121
4830 7 7 196
4643 4 4 5
2747 13 13 49
2650 13 13 199
2541 6 6 46
3957 4 4 107
2171 11 11 125
289 5 5 69
3122 13 13 79
3677 11 11 9
3520 11 11 11
1590 10 10 153
1699 2 2 96
855 12 12 191
1885 3 3 57
3800 15 15 51
4824 5 5 64
4256 15 15 140
3435 13 13 175
2953 5 5 98
4048 3 3 137
2055 15 15 3
4976 11 11 2
4266 7 7 19
3235 8 8 174
3620 7 7 174
4309 10 10 199
1981 3 3 191
4691 13 13 66
2401 14 14 48
4979 6 6 45
4933 10 10 128
4712 13 13 105
4143 12 12 136
2164 4 4 47
1178 11 11 161
2768 1 1 69
1769 15 15 84
3208 15 15 144
2447 5 5 111
4431 4 4 162
3113 1 1 60
3900 12 12 52
2215 12 12 125
3631 2 2 196
4116 3 3 37
1058 9 9 193
4289 12 12 4
4324 5 5 200
953 11 11 94
802 11 11 120
494 9 9 22
4348 8 8 96
4841 6 6 33
425 7 7 18
4761 5 5 103
247 10 10 174
4071 10 10 141
2368 8 8 76
63 7 7 144
2479 4 4 124
1242 6 6 52
4444 12 12 33
4754 1 1 8
3388 1 1 45
1736 3 3 20
3412 7 7 41
4650 1 1 153
3740 7 7 156
2993 15 15 127
3272 12 12 123
2441 11 11 81
672 15 15 170
2621 3 3 14
829 2 2 87
2765 6 6 59
471 14 14 116
3672 8 8 90
2401 8 8 29
485 7 7 158
683 9 9 11
4364 7 7 5
1158 2 2 13
1023 1 1 191
927 2 2 42
1642 2 2 56
2575 6 6 174
3043 10 10 145
4902 5 5 153
3755 9 9 72
3281 2 2 39
1173 3 3 141
574 11 11 33
3336 2 2 84
1493 8 8 133
3439 9 9 66
197 10 10 56
2066 9 9 112
149 11 11 118
2195 10 10 63
2498 11 11 170
1339 3 3 26
1671 4 4 56
4606 11 11 34
2102 6 6 36
2522 3 3 81
4456 13 13 21
3898 9 9 147
3996 15 15 37
4610 4 4 102
3383 12 12 175
1616 1 1 56
153 4 4 128
2969 10 10 128
2872 13 13 151
2218 13 13 36
3940 8 8 159
3498 1 1 131
1580 1 1 62
2488 9 9 7
4242 4 4 191
1265 9 9 94
2670 4 4 106
28 14 14 64
2472 8 8 162
628 9 9 91
4247 6 6 167
4635 6 6 143
4179 3 3 200
3917 7 7 65
206 1 1 199
4054 1 1 191
791 10 10 161
242 6 6 197
2682 13 13 126
2579 14 14 182
3793 12 12 99
1676 12 12 78
4571 5 5 157
3968 11 11 170
2620 6 6 27
1991 7 7 69
3114 15 15 66
2181 1 1 182
3020 12 12 173
2144 8 8 81
155 12 12 173
4754 3 3 89
3044 11 11 52
3925 9 9 35
2063 11 11 185
12 14 14 158
1719 11 11 183
893 5 5 132
215 14 14 110
1782 8 8 122
4561 4 4 184
2481 13 13 25
807 9 9 131
3035 13 13 55
2625 1 1 21
1058 8 8 69
3808 15 15 161
4689 11 11 147
1475 7 7 123
1257 4 4 37
2822 9 9 122
703 2 2 176
185 1 1 74
4257 8 8 129
3565 11 11 157
4689 13 13 93
3036 6 6 63
4684 9 9 82
2147 4 4 50
4571 14 14 58
3965 1 1 152
3526 6 6 138
4692 4 4 21
475 9 9 47
1542 3 3 61
4800 3 3 109
1469 6 6 98
1957 5 5 92
2183 3 3 131
2646 15 15 57
2020 7 7 124
267 2 2 63
1484 12 12 178
4537 13 13 155
3309 15 15 153
2107 7 7 101
4636 9 9 40
767 6 6 184
3063 10 10 91
342 5 5 132
3665 13 13 50
3767 1 1 185
3478 13 13 18
2199 15 15 195
85 15 15 133
3643 7 7 65
2756 2 2 13
896 9 9 88
2556 7 7 134
2517 2 2 41
1607 7 7 106
3202 9 9 165
1702 15 15 122
3817 5 5 187
1589 7 7 17
4383 2 2 147
785 13 13 12
1517 8 8 151
4416 8 8 82
2952 8 8 75
3124 10 10 148
293 7 7 53
4373 10 10 40
2043 10 10 192
2351 4 4 165
3881 2 2 46
4584 2 2 180
2392 8 8 20
4238 8 8 52
186 4 4 120
2329 13 13 155
3763 3 3 95
1457 1 1 154
1291 3 3 154
2611 14 14 47
1235 14 14 167
3777 3 3 142
3027 4 4 152
573 9 9 38
3407 12 12 162
4540 6 6 120
3464 11 11 164
1266 12 12 68
3580 3 3 74
647 9 9 89
4913 9 9 21
2474 4 4 132
4054 2 2 5
4660 8 8 19
876 9 9 181
282 3 3 28
1650 2 2 147
1855 3 3 71
4409 12 12 122
48 3 3 48
473 8 8 34
1920 2 2 192
3637 13 13 132
2533 6 6 189
4836 5 5 3
4667 3 3 113
4860 7 7 98
3142 6 6 107
1226 14 14 84
1316 11 11 171
361 15 15 62
1359 9 9 13
1268 3 3 91
1753 11 11 56
4732 9 9 115
3930 2 2 135
293 14 14 110
3063 11 11 24
4024 12 12 161
3351 14 14 143
3383 12 12 40
2189 12 12 33
1441 9 9 186
3165 3 3 112
4134 15 15 21
1605 5 5 89
1433 12 12 156
2377 4 4 62
4943 2 2 107
1772 12 12 4
4197 14 14 49
2117 7 7 72
1785 9 9 24
1075 6 6 121
3879 8 8 137
4964 9 9 147
2765 9 9 80
1451 7 7 189
1949 2 2 131
4620 3 3 33
3981 4 4 88
693 5 5 42
1968 12 12 25
4077 2 2 113
1614 3 3 138
2557 14 14 121
2227 12 12 70
843 6 6 70
2959 1 1 71
98 13 13 15
233 1 1 42
4805 10 10 114
4759 8 8 126
3922 15 15 111
976 14 14 192
2203 14 14 118
1815 5 5 170
1134 4 4 45
639 1 1 156
304 6 6 158
1848 12 12 22
80 2 2 19
4871 14 14 31
788 15 15 55
3896 15 15 189
2812 5 5 118
2160 5 5 175
3518 11 11 27
4923 14 14 144
3984 13 13 168
759 12 12 43
2051 10 10 162
3850 7 7 58
2479 1 1 6
2223 11 11 84
2246 14 14 43
2650 5 5 144
648 15 15 45
3970 5 5 27
874 11 11 113
2030 15 15 86
2014 14 14 60
535 12 12 55
2379 2 2 191
2058 9 9 28
569 12 12 153
1071 14 14 151
3883 15 15 76
826 7 7 171
3167 4 4 102
954 3 3 61
1702 10 10 31
4902 9 9 78
845 6 6 200
4128 2 2 145
4662 6 6 162
919 2 2 30
2405 13 13 31
1908 7 7 32
1365 15 15 10
443 4 4 42
1098 13 13 6
4660 9 9 99
3531 6 6 130
3752 15 15 54
4987 13 13 131
3398 5 5 44
2495 4 4 10
2810 14 14 86
3502 6 6 8
4068 4 4 130
123 13 13 160
1671 13 13 63
3939 8 8 168
1779 10 10 44
1866 4 4 44
2118 14 14 107
553 12 12 180
1620 1 1 162
4184 12 12 131
2496 3 3 129
74 3 3 109
98 10 10 76
340 1 1 48
575 5 5 20
728 14 14 113
3783 7 7 14
1642 1 1 158
3455 8 8 156
1625 10 10 160
932 11 11 102
1517 11 11 167
777 7 7 100
3470 7 7 150
1410 7 7 170
4443 8 8 36
1054 5 5 70
2326 4 4 12
3448 13 13 82
2703 12 12 176
1492 13 13 54
3516 8 8 15
3834 12 12 30
4694 15 15 45
4816 9 9 90
359 3 3 115
1408 7 7 161
120 15 15 87
4560 12 12 4
1426 1 1 67
2611 2 2 93
1349 2 2 48
2666 10 10 171
2417 11 11 56
2715 5 5 4
3466 4 4 147
561 15 15 48
2607 3 3 113
4206 3 3 69
4938 3 3 113
1232 15 15 167
670 8 8 51
2184 8 8 26
2312 13 13 186
150 6 6 19
4685 9 9 66
4001 1 1 17
1634 15 15 73
4863 5 5 124
3216 6 6 97
2028 9 9 47
1420 7 7 122
3466 15 15 171
430 13 13 110
2981 8 8 1
1693 4 4 129
1279 7 7 108
2081 7 7 110
971 9 9 191
4122 13 13 23
320 10 10 160
4134 7 7 192
1318 8 8 36
4908 13 13 66
882 13 13 181
3628 3 3 176
4143 3 3 64
2931 8 8 152
1262 5 5 181
2699 2 2 191
2554 6 6 200
1879 9 9 190
1531 13 13 157
3955 2 2 35
4128 10 10 91
2756 7 7 1
3155 3 3 20
4850 7 7 73
1797 2 2 48
2102 11 11 180
4886 13 13 180
2296 3 3 171
873 3 3 33
335 12 12 59
2746 10 10 141
1201 15 15 5
2054 14 14 129
916 10 10 153
1939 7 7 59
1068 3 3 19
1393 9 9 76
3429 12 12 64
2276 5 5 4
3872 12 12 42
4779 7 7 126
557 5 5 38
2766 12 12 169
3278 6 6 72
4558 2 2 146
3736 4 4 71
1280 14 14 136
1558 14 14 15
3576 10 10 68
3610 8 8 197
3067 9 9 188
3536 5 5 160
2850 13 13 166
3961 6 6 197
1772 5 5 82
2306 10 10 159
2553 7 7 58
4590 9 9 34
1727 11 11 116
3035 15 15 170
3629 7 7 52
2092 3 3 126
1221 13 13 155
2077 5 5 24
3045 8 8 91
842 9 9 18
3573 9 9 101
28 14 14 145
3425 13 13 139
4159 10 10 2
4077 2 2 101
661 10 10 42
503 4 4 141
1212 2 2 31
4777 11 11 129
1634 7 7 181
3616 3 3 50
2971 6 6 48
4149 13 13 131
4061 6 6 118
1713 4 4 110
2622 11 11 44
496 1 1 151
2405 10 10 120
2234 6 6 86
1108 5 5 89
4487 6 6 1
2296 6 6 116
3454 15 15 140
4234 8 8 79
2599 7 7 194
1452 4 4 199
1439 11 11 57
2743 15 15 147
556 14 14 71
1127 5 5 125
3522 1 1 72
119 4 4 163
4503 10 10 189
2879 10 10 70
4520 10 10 96
814 11 11 166
4383 10 10 157
3101 12 12 97
2344 12 12 21
1452 2 2 125
754 5 5 39
2831 11 11 155
3823 4 4 41
2059 13 13 88
3734 5 5 158
4889 15 15 112
4797 3 3 199
3828 7 7 49
687 8 8 83
4361 3 3 27
4076 11 11 86
4139 14 14 28
3764 10 10 114
2603 13 13 83
4734 4 4 158
1029 5 5 74
4916 13 13 187
4758 6 6 34
2670 7 7 50
1987 8 8 32
4525 12 12 169
4573 10 10 106
1588 11 11 71
1975 11 11 46
4004 11 11 160
321 2 2 187
3711 8 8 179
2587 2 2 105
54 11 11 95
1169 9 9 150
4312 6 6 34
31 7 7 33
4638 4 4 56
1152 4 4 27
3905 12 12 84
1257 4 4 97
76 3 3 68
3578 10 10 117
3844 4 4 173
4552 11 11 69
1442 11 11 49
1560 12 12 158
3224 7 7 9
2387 11 11 5
4239 5 5 118
1433 5 5 94
3517 13 13 102
174 7 7 51
4824 15 15 75
2388 9 9 167
3300 5 5 55
2055 5 5 56
4669 7 7 163
4580 14 14 16
4067 14 14 128
21 2 2 72
3418 12 12 141
707 9 9 82
2484 14 14 61
3431 10 10 43
1702 3 3 103
1994 6 6 126
1087 3 3 169
2655 11 11 59
4751 13 13 11
2798 2 2 145
2115 10 10 94
2350 7 7 177
3481 9 9 154
3303 3 3 178
4247 5 5 124
822 4 4 99
352 11 11 181
3048 15 15 150
3626 11 11 134
1732 5 5 181
798 6 6 193
4076 13 13 41
3227 3 3 75
3344 11 11 88
1229 4 4 175
24 6 6 6
1734 9 9 44
1551 12 12 184
3128 1 1 2
4082 10 10 101
3002 9 9 71
1155 12 12 131
4765 10 10 160
270 7 7 188
484 9 9 190
1561 11 11 118
3765 5 5 133
883 14 14 30
4522 8 8 95
1748 9 9 9
1239 4 4 92
4987 4 4 121
3756 5 5 182
2625 6 6 9
1126 6 6 170
4807 7 7 15
4277 2 2 65
2908 7 7 181
333 1 1 143
1659 10 10 39
2492 13 13 80
4004 8 8 100
256 13 13 66
2590 14 14 21
510 4 4 23
1876 12 12 63
465 12 12 147
4642 10 10 116
9 7 7 54
827 3 3 128
1816 7 7 71
62 3 3 55
1955 11 11 137
3933 2 2 139
4963 5 5 78
2771 15 15 89
1604 13 13 58
2317 9 9 14
1652 8 8 137
3251 10 10 151
2316 5 5 187
3829 6 6 6
3923 15 15 84
2628 12 12 10
4789 6 6 182
1712 15 15 198
2402 6 6 72
2703 10 10 13
2293 5 5 119
546 11 11 29
3828 3 3 126
1538 13 13 22
1039 5 5 172
62 13 13 97
1 4 4 181
4965 2 2 56
2288 1 1 15
2264 1 1 169
2362 3 3 108
4852 12 12 169
1426 3 3 158
1954 10 10 61
2270 14 14 85
3488 9 9 166
3441 8 8 27
4668 13 13 116
4616 15 15 107
1379 1 1 34
3559 15 15 81
1240 13 13 133
4413 12 12 35
297 9 9 180
377 12 12 4
2606 1 1 135
3745 9 9 70
36 10 10 39
4249 2 2 141
303 4 4 21
3112 6 6 104
4384 4 4 190
1121 15 15 112
1355 7 7 77
3401 4 4 148
1867 8 8 151
2512 9 9 64
4563 4 4 51
4061 5 5 154
4724 12 12 21
3767 1 1 142
3749 1 1 147
3204 15 15 18
3251 8 8 98
2177 7 7 196
2024 11 11 123
472 3 3 132
430 12 12 125
3900 14 14 53
4096 14 14 42
3114 8 8 185
1101 11 11 144
334 14 14 178
2400 12 12 88
590 15 15 26
1368 4 4 132
3477 1 1 81
3451 11 11 88
1858 15 15 128
408 6 6 128
2642 3 3 61
1161 6 6 175
2395 4 4 187
2339 11 11 111
104 14 14 177
171 5 5 106
3586 15 15 105
527 4 4 137
3497 14 14 111
3328 13 13 154
3299 1 1 31
246 8 8 68
1626 10 10 109
3232 14 14 112
2521 13 13 8
4509 1 1 175
153 5 5 106
3332 6 6 171
1339 3 3 77
412 9 9 124
717 12 12 70
2525 9 9 19
4851 7 7 37
3563 8 8 140
3139 6 6 136
1506 2 2 46
1831 15 15 34
1348 13 13 105
14 7 7 117
2099 6 6 148
1440 15 15 46
3857 6 6 138
3692 11 11 103
2948 10 10 106
4688 7 7 8
2506 11 11 61
1089 13 13 22
2763 10 10 104
629 7 7 89
580 2 2 37
4309 10 10 59
3490 3 3 30
2387 2 2 70
3150 10 10 53
1028 3 3 130
3673 9 9 122
4149 5 5 50
2194 10 10 115
4861 13 13 86
1202 12 12 93
3844 2893 1557 2993 2561 1314 4776 989 4008 4059 4176 3919 3322 4802 1663 3007 3527 772 3482 804 3846 1194 327 977 4053 1623 1091 2190 4666 2583 2637 354 1495 25 758 12 2081 119 601 1565 4260 2825 1623 4118 625 3223 1851 2448 30 1574 2850 3668 3262 59 345 3328 315 1546 1897 3194 4367 1824 2851 3166 3914 2914 362 1200 579 245 2377 2076 1517 805 4213 1996 2267 4272 825 1855 1203 2370 2131 408 4824 3984 236 1691 4100 786 911 500 4824 4589 2059 1247 3042 3902 3232 846 3939 4107 1943 272 1339 2018 1300 656 1560 2161 954 3139 3393 367 1032 4862 4201 1229 2519 2340 180 4194 3368 241 4942 3369 2322 4331 4999 144 1695 2316 658 1635 1468 4772 4014 2661 3079 4973 2728 4746 3444 988 1104 4500 985 974 1863 3889 4601 3588 4146 4050 615 2768 598 1260 4168 3521 4154 893 732 1912 2335 284 1253 3742 2059 1124 4927 1691 3232 1156 1848 3676 2851 3640 518 1865 223 2174 4924 3302 2951 3293 2136 1669 4262 3533 4267 2838 898 2939 4463 4530 3101 311 3106 1144 4787 3369 1017 1792 1923 2146 1989 465 1623 27 447 1950 620 1986 2108 1546 2399 1705 951 8 3831 2715 415 3746 3849 2441 2954 4588 4700 748 1298 1184 1588 1450 4129 1568 1838 282 2391 637 4611 861 272 647 4265 1255 2684 290 394 3446 887 4532 1358 519 4762 3750 3466 4614 2082 894 4035 4647 731 959 4505 2809 4754 799 4187 1015 1190 3053 2905 3863 4239 4492 967 1417 3959 443 3518 2799 967 137 4621 4540 4394 2936 83 1418 3770 2831 1548 2638 1766 435 1554 4036 1289 4711 2493 664 4684 4788 14 3676 4282 4492 3642 3351 4799 668 63 4959 3002 3118 4025 1019 2271 3024 2197 2150 4692 4345 3315 3274 90 365 3871 860 4925 2931 146 3911 4438 519 3990 2789 942 114 2622 2320 1830 3580 4700 715 96 218 2395 4195 2075 25 3436 3455 2432 4825 2669 2116 73 1936 1137 3805 2286 425 175 3022 4400 3070 4926 2855 1552 1020 3334 1848 1773 3191 1574 2196 2591 4322 2539 361 4716 2565 700 2432 4638 805 1213 3377 3146 1736 4274 829 2191 4963 3301 4768 3144 2392 2524 4594 2662 4051 3546 3412 1484 2273 4959 2833 2100 3341 1542 277 3266 4622 1980 323 865 2916 398 4848 4451 936 3556 3633 3807 3422 2170 4322 1615 3580 231 2862 4158 4625 3006 3027 3910 1185 4808 638 118 3316 1365 1664 2145 340 728 1707 793 4895 2371 3319 1676 4911 1113 4300 4805 2085 4190 1689 2478 1608 4079 4204 2807 693 4843 2053 425 1060 2532 597 826 2427 3172 4075 1344 4931 2339 81 1852 1085 4891 2301 3314 763 3150 687 4452 2775 4618 1335 1027 3354 826 3161 2263 1907 4030 2878 186 3591 59 2757 4586 1806 3209 2362 3265 1280 2490 468 31 4100 3889 4046 4292 4745 3517 2448 405 1927 4543 775 1852 1787 3231 4658 3180 3341 2697 1679 2982 2946 1676 2485 3483 4060 4892 1863 466 381 1243 522 1340 3610 1193 1108 1462 407 4202 3526 3709 4484 2700 1824 2129 1221 1534 1372 3934 3284 1646 2057 2805 3581 2317 3055 505 4832 731 4837 492 3125 2946 1524 2566 448 71 4988 4353 4240 1563 1484 2667 4243 2797 1423 4360 138 1654 959 2795 4106 1018 570 3156 4376 1187 3489 2365 1461 2229 940 4322 3993 4355 2492 1127 2485 568 4474 3701 3023 1837 285 2033 3334 3625 1721 2458 4371 4086 605 4315 3421 1402 2630 4739 4469 3334 2247 1575 1141 1263 2023 871 1350 454 3395 2694 346 1477 3208 1506 1119 4141 1754 3068 2574 4409 1634 941 1598 4705 1352 2672 2289 4108 4245 4116 4105 95 4381 2774 3715 1880 1527 4331 4883 4018 2354 4802 4663 1839 1478 2690 1681 2890 3154 4833 1885 3768 3579 1580 2819 2856 1964 489 641 3344 3757 1136 3888 720 428 3901 4321 1292 4021 1397 4111 3644 2698 570 3356 3442 3559 2549 1789 439 3334 885 835 4879 4012 366 4838 3312 421 1941 2563 154 2139 3799 493 4842 3766 2018 2983 2137 38 2147 2296 3942 505 2178 1314 1279 4772 4704 2529 2944 2892 1020 3562 28 4695 4919 2338 4129 4633 625 2214 170 538 4439 2540 3922 3970 2955 728 1602 2674 3889 1347 2872 2911 437 3201 1576 3085 1255 2240 3816 3368 1033 721 2846 2633 1848 3620 2257 783 3100 792 4591 1494 2847 1444 3404 31 234 765 3126 2950 1957 1476 1779 498 2217 4753 4478 2908 2713 2588 218 2532 2578 4691 1103 562 3768 4749 3462 2159 443 709 3145 3209 3993 964 732 4780 3549 149 464 3059 2245 527 3459 2691 3586 3932 2666 463 3346 4391 2543 152 1403 1166 75 2363 4856 4821 3571 2108 4261 4985 2299 3824 2421 377 4038 1359 1344 3467 4263 3413 1324 2379 2098 4667 3431 3759 2756 2726 3250 2254 2717 3277 3571 299 3676 4424 1049 177 2010 2552 4824 3241 1805 1394 3365 4005 226 3952 3269 2590 3229 4525 4739 1668 2047 4513 364 2676 700 487 2023 1758 2912 379 4443 3177 145 2962 2115 2865 1730 459 2648 3263 3038 2745 3021 1136 3983 2976 3243 4262 2932 2606 1411 426 1199 4169 4973 2185 2384 3107 1839 2736 4203 1328 2385 1787 4870 1638 362 3171 2475 3495 3255 1815 4512 3454 1024 4709 2523 1178 3933 911 1554 3819 38 2629 335 3836 1492 577 922 4688 3357 2775 1931 251 2463 3456 125 3334 4983 3561 4398 1984 2279 3802 4483 2820 435 323 3984 516 4863 4276 1935 4907 149 4911 4987 1936 2102 3450 552 1309 1743 436 