923 897 801
45 701
314 337
22 62
11 158
293 358
78 105
12 75
225 310
556 695
132 766
151 311
169 425
271 556
291 306
117 235
628 743
287 643
219 323
110 576
51 420
213 237
41 886
419 785
23 66
10 868
314 360
182 299
1 619
413 837
130 208
129 186
352 699
96 116
49 123
680 867
477 499
22 72
229 309
16 185
633 907
105 554
21 698
16 361
526 852
13 99
182 677
714 805
367 749
71 659
130 842
219 486
290 371
121 636
106 369
88 446
105 194
19 247
345 749
19 250
474 621
153 158
167 667
149 224
316 605
44 615
244 665
238 422
260 355
264 349
137 822
451 913
607 858
230 639
69 462
248 677
285 323
85 565
598 639
491 602
194 764
281 380
542 749
515 700
274 287
172 206
406 438
85 284
61 406
26 445
266 603
337 828
237 290
58 109
225 386
400 550
414 823
36 69
130 482
146 494
36 147
6 401
560 572
160 906
274 386
23 56
122 268
165 737
680 683
51 582
362 896
15 520
105 803
197 351
491 655
683 739
373 846
513 873
8 10
338 604
480 668
345 441
167 171
446 495
60 269
276 558
156 179
424 830
62 713
499 606
142 285
7 15
325 499
619 834
14 32
505 922
222 248
583 668
429 652
2 4
642 676
8 331
515 885
78 178
403 696
22 226
32 176
96 204
160 531
524 805
384 393
20 326
88 213
378 399
16 834
17 88
823 919
627 920
493 570
522 703
439 514
172 780
72 101
698 782
368 396
49 86
683 740
194 321
2 305
497 629
81 147
112 209
68 94
218 236
234 548
212 677
261 268
155 185
363 784
88 287
30 785
36 100
4 62
199 379
172 255
116 238
164 175
408 566
243 619
264 648
58 149
293 420
31 217
678 897
297 655
176 918
83 97
459 639
20 45
473 586
270 786
347 500
525 862
40 95
384 769
218 407
195 303
217 843
108 552
33 131
6 12
54 185
50 196
37 55
101 264
467 520
33 836
212 397
40 202
74 309
202 565
72 368
128 427
53 859
492 687
460 869
139 177
370 786
150 440
18 176
90 138
281 716
526 552
448 547
513 740
112 844
66 141
244 576
37 154
30 206
25 286
97 186
246 273
44 76
71 787
113 221
170 625
230 265
14 72
122 909
483 601
574 711
178 695
166 411
129 400
66 92
721 833
183 281
148 445
528 535
379 501
150 438
22 374
227 469
40 107
471 709
223 525
239 841
110 130
15 718
87 100
143 266
174 285
363 736
21 134
251 685
591 922
179 670
311 492
595 861
137 880
9 348
122 156
183 215
600 829
189 607
92 355
77 136
305 394
14 152
623 744
196 206
409 774
198 392
237 415
23 33
86 646
472 720
551 618
31 51
20 100
372 588
49 203
295 837
4 21
61 787
255 339
2 8
248 296
47 729
143 526
20 498
148 391
392 750
282 330
781 908
55 74
74 75
446 614
117 661
76 100
747 845
50 275
624 757
220 269
199 719
247 531
44 168
74 595
185 618
644 867
52 505
107 148
98 665
798 828
173 323
602 605
41 365
8 148
430 454
52 535
252 621
6 898
381 567
316 454
118 792
220 274
261 649
230 496
774 778
75 109
100 528
53 164
430 523
213 372
54 578
57 247
429 791
275 429
544 848
98 396
413 907
653 832
27 87
6 190
141 267
93 108
33 791
18 551
115 284
609 740
258 880
285 553
394 437
54 158
405 564
156 219
99 237
53 77
9 98
719 849
89 166
413 559
7 144
122 207
146 280
87 409
392 742
239 725
553 870
32 262
239 594
482 735
314 444
567 846
159 342
196 693
96 420
396 638
63 144
375 447
166 332
7 42
117 246
431 504
43 63
440 761
536 709
467 654
722 787
460 555
19 213
283 888
86 899
317 690
187 828
760 776
230 342
231 238
414 569
461 923
324 403
331 383
200 364
537 758
98 276
92 307
245 630
57 187
1 20
493 759
223 296
95 103
383 694
54 245
263 518
352 667
30 63
149 703
261 770
705 788
139 302
6 434
44 55
306 474
165 627
53 447
420 567
9 89
344 804
64 780
272 543
193 705
223 626
466 513
9 801
126 205
27 29
29 75
157 516
732 800
58 560
580 832
527 800
15 137
55 731
368 510
281 371
219 864
681 696
289 529
289 583
649 777
16 49
312 858
140 194
487 540
117 200
382 467
112 385
401 727
73 835
68 667
352 389
518 723
21 87
33 189
4 616
393 534
308 436
452 649
109 889
129 462
345 409
25 198
406 504
160 377
1 97
484 728
268 589
204 838
337 747
513 516
546 817
267 403
647 711
90 603
10 23
124 184
484 818
162 704
490 862
839 904
121 363
25 63
516 584
156 160
37 139
253 655
283 485
99 120
4 161
285 403
725 766
187 728
264 572
121 570
375 664
36 380
7 38
374 561
832 836
19 166
26 241
254 893
169 344
531 786
232 416
152 170
299 568
57 414
29 573
20 142
292 347
560 837
210 729
182 770
425 436
23 26
125 890
616 749
23 283
19 97
33 775
672 846
26 60
213 414
93 94
15 18
96 453
348 382
10 266
39 473
74 300
12 13
426 541
256 364
170 235
60 67
118 347
666 700
41 155
184 238
369 707
7 12
11 847
402 743
113 459
12 53
135 352
31 886
44 653
423 823
1 18
355 836
15 418
102 209
552 602
110 193
182 866
100 255
73 855
105 183
98 283
327 512
368 743
17 258
73 571
403 740
216 338
8 357
212 401
8 12
436 573
252 269
373 537
750 868
1 27
14 96
297 377
510 568
635 819
162 209
321 420
503 627
762 852
387 653
97 365
158 373
138 343
129 769
86 249
513 662
192 444
148 257
1 848
205 210
95 502
776 821
213 590
194 294
481 572
365 763
19 316
159 468
641 898
107 119
360 361
427 843
29 419
224 363
13 259
24 740
12 437
342 418
433 475
324 915
181 466
363 760
6 103
28 85
288 755
59 122
23 66
290 668
305 699
10 799
790 896
245 323
571 701
367 468
728 885
7 85
593 899
5 112
414 537
385 460
551 630
704 782
3 39
219 300
127 629
266 498
119 362
211 634
269 605
171 373
90 519
155 703
330 341
730 853
116 878
544 731
103 446
239 700
705 806
165 661
659 893
489 538
237 586
56 651
123 636
521 692
48 119
8 17
347 442
91 412
148 270
94 442
158 207
118 920
231 259
189 366
265 269
608 873
281 457
154 665
133 624
81 179
267 866
650 671
582 653
508 904
171 279
370 381
314 461
499 745
141 556
202 251
52 339
329 894
45 538
183 473
243 315
304 470
92 826
83 217
44 248
104 166
539 612
123 613
390 897
218 472
94 502
120 879
267 618
8 29
235 321
232 514
386 655
43 96
148 428
679 707
316 891
357 421
21 36
484 587
234 378
328 539
22 116
42 145
33 141
354 427
14 479
10 87
41 69
342 415
3 31
65 318
536 853
242 671
244 616
28 79
713 739
38 777
314 500
218 443
193 906
16 27
60 116
99 222
47 164
199 289
113 421
27 40
11 37
706 780
209 335
109 198
498 878
582 757
29 839
105 383
412 464
254 361
7 584
530 790
84 100
80 194
513 875
132 140
94 530
559 640
35 390
407 615
79 178
25 251
70 786
183 337
263 415
213 668
280 599
31 318
129 270
484 780
87 311
46 201
5 770
360 845
353 514
292 460
834 862
215 276
792 861
357 739
94 154
668 903
177 598
334 729
217 600
383 435
318 696
281 655
38 881
188 612
211 512
455 596
511 531
205 842
503 792
297 589
13 26
8 27
220 597
229 641
381 614
57 291
91 156
12 85
233 517
96 471
493 728
183 828
300 623
421 522
110 310
532 691
428 477
31 768
539 748
386 453
49 171
61 540
77 316
230 302
439 443
149 415
544 667
180 194
279 291
538 782
72 76
200 358
684 884
456 459
8 178
651 852
11 135
585 607
171 773
168 272
375 575
169 342
468 892
319 348
119 195
111 187
532 746
126 288
187 265
755 871
343 601
354 365
109 477
529 586
433 625
332 563
209 256
340 780
84 889
536 829
120 139
180 549
64 698
422 489
41 50
311 404
174 497
