970 129 557
357 462
43 48
505 875
196 249
706 927
127 261
149 462
25 155
563 705
109 150
1 4
280 412
129 193
468 939
288 921
416 715
467 527
392 921
8 161
398 423
408 572
326 730
1 3
194 502
164 246
190 476
440 678
106 165
303 547
161 326
334 383
84 397
549 737
118 139
120 178
148 904
131 932
26 114
10 47
419 814
357 929
181 884
136 166
95 413
299 553
70 209
144 225
85 243
185 427
266 739
219 244
52 812
42 62
450 691
431 748
615 749
221 846
616 655
239 557
355 491
58 318
303 640
197 277
387 961
63 340
60 939
667 789
49 278
615 835
13 47
285 952
156 330
88 180
52 74
178 395
7 10
109 188
91 832
48 64
513 885
145 179
64 188
405 709
454 914
82 185
380 577
11 24
59 128
9 26
41 82
157 824
2 28
74 765
287 493
564 928
650 822
191 435
191 426
791 948
34 257
543 875
474 650
234 347
624 734
224 528
868 912
500 872
64 578
13 40
29 693
31 580
245 383
441 515
12 200
402 501
332 543
149 360
15 56
321 328
122 252
53 91
20 23
422 756
222 393
12 526
43 46
581 594
117 195
82 433
