394 357 277
338 207
58 83
5 108
50 313
72 382
31 140
254 293
48 121
148 168
156 377
17 102
11 344
45 336
342 383
102 304
134 154
66 202
276 289
299 387
327 388
275 278
53 204
38 49
121 160
261 285
16 42
169 351
177 225
198 221
197 365
36 219
35 43
4 87
32 179
9 41
83 376
262 297
17 125
193 246
42 84
64 72
150 209
152 299
2 121
46 211
96 132
10 23
18 129
31 41
26 229
23 32
8 19
233 343
125 163
33 93
12 183
71 241
6 69
202 209
35 110
54 295
58 132
303 353
134 138
13 71
85 371
45 212
8 330
118 282
149 299
40 111
52 147
61 75
123 391
53 59
46 342
83 90
89 363
152 339
215 274
162 222
54 205
107 135
108 187
138 339
136 266
318 352
32 38
6 96
60 78
52 191
29 109
28 29
122 197
16 28
214 361
257 303
27 35
24 26
26 186
127 243
18 101
113 238
36 103
8 221
23 52
19 21
237 367
119 316
275 393
44 231
161 234
9 67
58 185
38 97
9 13
8 37
331 347
210 247
271 274
37 137
40 362
27 166
36 58
224 253
90 190
79 109
14 208
67 72
286 371
50 159
203 388
32 44
4 190
61 233
3 4
39 134
11 59
145 209
83 167
34 96
93 346
215 244
16 30
46 207
87 120
45 357
10 157
14 20
99 289
29 68
177 351
238 344
173 176
36 58
304 309
34 128
15 20
56 94
108 297
30 337
69 127
122 162
24 158
172 230
137 303
26 94
158 255
235 379
208 357
130 162
34 38
16 44
29 252
137 266
76 279
344 384
30 66
154 292
83 144
346 347
2 36
190 207
88 161
80 238
29 187
5 14
198 359
135 267
6 92
27 33
125 139
80 120
173 192
69 123
5 273
69 150
106 279
36 261
1 15
15 253
100 275
86 322
76 294
1 4
275 327
23 49
252 325
212 237
78 79
108 136
122 157
17 78
313 337
179 278
251 294
298 370
112 227
171 265
157 250
106 144
75 114
142 236
2 4
168 325
51 218
142 342
46 128
27 33
40 41
67 232
75 187
21 26
50 121
9 129
153 247
19 38
265 322
175 301
46 102
202 302
78 354
106 129
15 33
149 307
14 15
11 69
9 70
25 76
66 97
94 126
203 313
137 180
20 72
8 129
143 224
46 267
142 173
182 301
96 291
69 155
25 305
156 273
52 93
141 154
129 330
153 205
77 84
17 294
14 17
3 8
97 375
54 148
200 290
15 32
95 156
117 212
41 167
184 189
195 374
36 170
4 38
89 391
68 128
150 252
251 384
118 162
11 39
14 41
6 34
62 77
17 30
19 105
256 390
186 191
210 321
143 269
30 61
24 34
83 98
135 340
66 101
29 93
235 335
87 136
20 33
134 218
352 356
10 303
52 56
95 167
240 379
49 263
20 198
49 285
4 8
132 318
127 142
41 45
8 41
129 239
226 231
147 343
289 317
58 62
206 282
93 98
137 235
117 150
97 176
69 217
79 97
8 42
114 127
97 371
26 211
69 143
20 110
176 317
80 354
99 361
76 141
76 235
52 89
43 267
77 237
121 162
133 266
11 20
23 184
91 141
215 287
47 171
83 118
59 140
25 298
8 17
