251 90 111
35 25
120 236
14 33
107 185
32 56
5 141
111 117
22 172
11 28
62 80
56 67
38 44
7 14
110 204
39 65
40 136
49 150
67 141
24 31
133 162
171 247
62 192
193 249
50 69
11 61
8 74
177 199
90 135
202 206
57 151
11 16
161 204
124 219
141 202
2 29
48 148
54 77
108 193
10 200
35 118
67 242
113 244
113 165
21 203
11 59
172 249
39 44
1 59
11 15
194 200
24 85
26 157
58 115
102 110
1 16
184 185
182 248
12 211
48 60
50 85
50 180
7 26
19 111
45 230
97 135
57 242
123 142
93 154
55 61
43 65
5 26
48 104
42 179
40 100
34 156
20 75
80 140
94 164
104 234
2 3
110 140
22 47
174 181
96 220
41 44
17 88
16 55
74 149
182 231
70 123
