60 160 11
1 2
1 3
1 4
1 5
2 6
3 6
4 6
5 6
6 7
6 8
6 9
6 10
7 11
8 11
9 11
10 11
11 12
11 13
11 14
11 15
12 16
13 16
14 16
15 16
16 17
16 18
16 19
16 20
17 21
17 22
17 23
17 24
18 25
18 26
18 27
18 28
19 29
19 30
19 31
19 32
20 33
20 34
20 35
20 36
21 37
22 37
23 37
24 37
25 37
26 37
27 37
28 37
29 37
30 37
31 37
32 37
33 37
34 37
35 37
36 37
37 38
37 39
37 40
37 41
37 42
37 43
37 44
37 45
37 46
37 47
37 48
37 49
37 50
38 39
38 40
38 41
38 42
38 43
38 44
38 45
38 46
38 47
38 48
38 49
38 50
39 41
39 42
39 43
39 44
39 45
39 46
39 47
39 48
39 49
39 50
40 41
40 42
40 43
40 44
40 45
40 46
40 47
40 48
40 49
40 50
41 42
41 43
41 44
41 45
41 46
41 47
41 48
41 49
41 50
42 43
42 44
42 45
42 46
42 47
42 48
42 49
42 50
43 44
43 45
43 46
43 47
43 48
43 49
43 50
44 45
44 46
44 47
44 48
44 49
44 50
45 46
45 47
45 48
45 49
45 50
46 47
46 48
46 49
46 50
47 48
47 49
47 50
48 49
48 50
49 50
50 51
50 52
50 53
50 54
50 55
50 56
50 57
50 58
50 59
50 60
