212 85
329 129
142 42
179 174
112 344
338 249
81 382
16 264
50 343
131 216
59 224
377 135
184 183
130 117
163 198
306 368
323 399
127 229
271 230
391 164
397 376
94 136
145 331
84 283
418 350
156 290
300 389
91 103
316 412
261 393
36 217
394 404
57 54
361 177
102 337
38 189
423 413
310 289
218 330
49 341
143 78
33 374
95 277
334 378
204 168
7 89
400 222
419 272
34 281
113 8
244 182
348 308
409 200
342 322
358 220
4 111
66 396
301 165
121 260
318 302
406 101
284 58
132 215
41 73
349 63
336 280
276 357
172 250
345 267
252 116
155 279
71 157
240 119
395 414
242 26
15 248
207 326
140 133
415 339
175 194
332 265
366 17
40 144
29 203
254 225
20 401
47 255
321 223
232 286
124 231
201 247
13 76
87 120
190 27
325 296
166 192
269 213
262 226
256 251
22 305
126 134
351 234
68 161
407 30
64 206
9 181
39 110
37 80
72 388
383 32
405 2
291 3
363 25
410 417
28 420
309 107
347 150
12 233
375 88
98 371
139 5
243 178
196 295
195 327
128 369
275 324
125 169
159 44
238 90
353 307
65 270
235 313
70 115
43 52
288 85
74 170
370 328
18 294
384 303
46 208
365 402
75 1
312 86
311 151
100 99
186 298
147 293
299 10
205 287
202 53
408 237
31 314
97 356
35 373
212 193
236 153
83 282
191 180
297 149
137 285
61 352
273 355
257 340
241 154
24 268
197 367
14 398
390 138
304 109
23 354
188 385
386 274
67 82
315 45
219 79
55 228
62 104
210 69
319 411
379 171
146 211
239 263
92 292
21 364
258 176
392 158
152 335
77 346
185 122
19 96
6 162
372 278
333 199
141 105
380 422
320 93
123 114
60 11
214 259
360 424
421 51
167 160
148 416
221 362
173 56
48 245
403 359
381 118
246 108
227 387
209 317
187 106
266 253
