196 370
168 26
331 356
382 184
299 334
234 43
285 145
284 322
59 316
60 253
58 363
307 366
289 108
53 154
320 71
38 61
205 77
247 44
126 367
300 279
195 265
31 97
266 301
329 12
368 308
312 288
282 105
218 225
364 229
380 256
35 336
120 240
181 146
155 2
385 249
326 371
180 162
80 46
39 257
151 144
14 375
55 100
37 386
235 231
248 378
196 170
390 40
106 206
310 122
271 21
164 321
338 96
392 387
295 83
314 79
203 25
65 166
9 389
73 259
296 66
98 67
54 138
236 215
131 135
244 63
191 193
303 208
175 384
223 309
317 294
68 280
339 28
220 217
75 128
88 107
228 388
110 149
158 330
11 365
327 239
16 276
290 116
359 297
143 192
277 4
34 52
171 287
47 121
270 260
160 286
281 111
1 148
353 370
242 238
233 124
90 347
86 64
33 45
42 188
176 115
198 337
214 165
345 99
360 72
354 201
51 123
222 221
174 173
179 383
24 381
194 369
355 185
245 136
250 150
48 333
113 269
315 81
134 102
291 204
161 41
262 182
213 78
27 243
352 29
172 137
377 15
156 5
127 305
273 210
230 91
62 341
212 268
346 197
104 328
32 94
199 319
69 163
178 374
70 219
30 101
157 350
92 85
226 153
267 36
376 114
325 183
50 147
323 17
379 10
13 335
132 251
293 358
357 264
89 56
209 278
237 224
255 130
292 302
261 57
189 190
372 84
283 125
272 343
169 129
82 349
340 344
227 76
159 263
74 133
95 6
93 342
274 103
391 275
140 200
361 232
8 216
142 202
187 373
112 207
7 298
141 22
258 167
211 117
119 20
177 362
139 118
304 254
87 23
18 19
313 152
186 318
324 311
3 246
351 306
252 348
109 332
241 49
