77 145
90 83
59 108
119 41
55 102
95 154
123 60
46 85
146 122
99 65
5 7
70 115
31 136
2 48
111 13
21 67
98 103
23 124
20 25
9 38
26 33
116 30
96 35
62 134
52 6
72 77
57 130
139 118
131 34
153 105
135 28
53 112
125 93
107 150
75 126
114 110
50 144
140 40
58 68
151 39
49 12
88 73
78 89
79 117
133 66
18 100
10 104
43 92
29 27
11 143
137 64
8 149
132 24
81 127
129 47
22 141
14 63
1 37
145 91
17 80
138 45
42 32
3 86
106 74
15 87
147 16
44 4
121 71
120 69
56 82
148 94
101 84
19 113
97 61
76 54
51 128
36 142
152 109
