194 400
193 154
366 104
216 145
236 175
219 354
360 253
146 138
25 150
179 21
380 1
302 248
317 151
300 152
229 271
23 30
241 388
274 50
22 337
191 211
123 353
235 131
153 110
27 362
192 7
217 210
121 320
134 314
291 239
250 39
74 159
19 72
11 231
237 311
136 182
252 200
386 105
213 91
197 155
339 315
18 233
310 49
338 164
90 375
176 277
60 184
140 319
17 116
208 278
245 371
99 334
266 206
220 218
267 161
169 55
117 308
66 256
126 331
101 273
342 221
352 128
172 15
333 188
263 113
171 297
87 107
76 84
385 323
328 108
318 292
124 268
293 111
156 290
321 62
289 61
29 127
378 157
194 63
214 24
259 180
46 109
97 96
167 336
186 280
26 81
288 215
170 183
313 195
79 98
51 59
356 295
67 68
163 69
187 75
71 129
348 240
82 367
279 106
199 47
365 307
298 190
364 102
8 258
265 92
363 325
139 322
174 357
344 286
383 202
4 255
112 224
148 238
372 165
80 335
88 45
306 83
149 100
173 32
264 6
31 166
276 41
355 205
381 125
299 14
28 282
3 141
135 85
122 48
305 162
34 249
43 376
12 254
377 52
244 270
223 368
103 272
118 73
143 16
281 198
44 54
341 373
330 232
312 350
316 370
387 243
42 294
119 204
94 327
58 2
38 137
269 346
332 20
114 261
257 285
53 351
262 78
115 158
212 144
40 304
160 37
284 130
226 178
207 359
358 10
189 70
168 56
86 242
296 230
303 246
234 349
13 36
57 326
147 275
196 324
329 228
33 177
185 343
361 384
133 65
251 287
379 225
89 120
132 64
260 35
347 247
201 309
301 340
227 222
369 203
374 382
283 5
95 77
181 345
142 9
93 209
