286 13
67 302
92 478
60 59
488 216
366 66
281 57
22 164
123 83
62 503
311 442
84 543
279 446
81 452
115 386
185 16
228 26
144 207
403 308
271 336
470 89
272 287
120 382
198 71
220 421
195 129
161 269
477 165
387 547
130 247
356 389
225 243
11 188
301 487
245 507
455 37
200 534
409 324
183 15
345 490
46 404
466 19
419 360
119 10
121 383
351 411
307 82
274 474
343 492
135 270
199 197
546 44
321 276
291 262
232 30
361 104
12 182
226 370
212 542
157 521
51 239
156 435
4 47
384 472
476 391
454 179
437 566
397 540
136 230
253 100
27 418
131 432
471 264
556 150
463 5
535 565
20 250
557 568
541 334
194 420
275 246
353 229
458 425
517 335
461 61
109 170
126 460
555 137
65 342
192 298
221 329
545 23
40 231
570 280
306 426
430 494
314 457
58 178
310 31
562 189
406 155
181 377
166 467
341 551
355 369
13 349
304 433
479 70
469 451
367 77
567 498
483 544
204 116
500 172
6 149
528 398
153 91
376 273
224 290
222 238
322 196
524 72
510 509
313 80
134 9
252 43
484 128
7 422
79 249
412 278
372 514
323 309
485 76
522 32
73 339
285 36
340 105
205 186
375 208
53 569
330 379
515 350
86 439
572 240
169 348
38 2
502 292
380 374
29 481
93 401
49 299
193 548
148 139
468 532
328 215
359 122
554 78
146 480
55 363
138 21
206 151
277 106
158 486
443 265
450 414
352 176
320 132
255 385
266 48
519 297
429 154
223 242
410 203
171 187
289 453
520 315
561 317
293 303
288 405
529 526
234 539
449 396
124 559
393 191
527 417
550 145
94 560
125 173
333 444
390 42
518 39
497 296
428 219
98 33
563 416
201 284
142 373
69 558
263 24
112 496
217 445
362 174
399 162
110 552
90 489
64 381
354 227
25 295
111 102
331 286
85 34
256 294
462 506
358 475
553 326
96 505
473 177
117 8
50 114
513 190
257 168
436 332
118 400
258 327
133 423
254 538
141 87
236 283
371 268
14 3
415 459
530 41
441 305
318 282
388 213
17 175
147 413
237 202
365 143
338 167
501 531
312 344
160 516
447 260
35 495
211 248
107 337
261 378
28 63
319 74
456 357
52 68
241 214
440 499
97 159
325 244
346 464
508 235
448 259
218 394
45 525
493 438
209 300
392 101
571 127
511 427
316 108
56 424
267 431
364 434
233 408
103 533
210 180
537 482
491 251
75 95
140 184
99 407
113 1
465 536
163 18
512 564
152 368
54 395
347 523
402 504
549 88
