2683 89739
2340 3032
1881 2857
4134 3506
5326 1209
2403 4975
138 5046
4960 3322
5008 2463
1261 2089
5296 3349
2712 107
576 2334
2805 1238
5120 1239
2361 4834
460 3986
4997 935
1357 2855
5314 3369
4234 1882
4330 1594
1445 3148
1324 1227
3869 3074
3799 3307
2799 402
3420 1542
1802 4987
918 3688
5042 5179
4525 1577
810 858
4776 4522
3585 2835
3752 4562
4415 651
611 1988
2357 2541
3455 278
4285 2926
3997 2867
4354 4339
4007 4039
3574 2657
997 1401
1150 426
564 978
5241 760
2739 670
4988 4592
3105 322
3399 1026
3534 598
662 2431
2984 1082
4280 1450
3606 3720
3843 5122
1755 1590
82 3057
1749 3952
396 4896
4553 3098
1873 3231
4911 4236
1656 300
4301 4757
1437 2715
2725 881
3555 4492
603 4491
2792 2184
3913 747
3897 2863
2441 3393
4899 3789
1733 211
3538 500
4851 1610
314 4282
4513 979
1065 387
2363 4343
4259 2592
1573 4480
382 3258
3157 4493
4340 2784
1010 4964
2142 3508
2806 3714
227 4137
3243 4561
4618 5294
3294 3127
373 946
509 10
5193 954
738 1417
3050 2849
3888 1956
5268 1168
3975 2140
3013 1210
2098 2760
4038 4726
53 2864
4360 4631
1502 3915
4387 504
2242 2711
1788 3411
2167 2598
1387 350
2762 2175
1090 184
1248 4479
348 609
5051 1473
855 5244
791 4496
247 3795
758 3158
3749 1855
4694 665
1762 5183
2373 2243
3106 756
3793 1258
4706 2779
4782 1539
718 3859
371 835
2033 4601
2494 3184
5107 30
4858 3930
3200 2704
1264 4025
435 5292
3066 2282
4061 4669
1420 1000
1403 3282
4675 4699
1063 202
789 886
4783 1728
4698 636
4098 3791
449 152
2240 4568
212 3553
3125 980
1734 2974
3128 1325
1589 74
4003 2367
2319 5017
5002 3694
1241 4993
1398 4308
1107 3520
2742 2880
1507 947
3564 4256
2811 5209
3830 5079
1997 5032
3739 123
1202 1347
2743 4606
2257 2686
1945 1143
3519 1092
3114 4229
581 3551
1692 4944
958 4060
1266 100
2384 239
4191 1753
5313 439
4743 4260
1099 3591
4411 5006
711 2002
3073 1413
5027 2451
2669 3515
2049 2925
1557 4198
4719 4868
4874 4212
3367 2648
296 1411
2038 2945
4913 440
146 1
1629 5201
1355 171
580 967
5205 2981
1888 557
2858 1800
3558 2275
763 3968
48 5281
4929 5253
1136 1792
3268 2534
2636 1890
5364 4605
1407 1462
2731 4670
682 5239
1053 647
1051 3441
78 3906
2908 2946
4602 3649
1840 279
3566 2390
4196 4578
3394 1605
2962 5286
1039 3646
4153 3758
2448 3951
409 701
2688 1312
2672 3075
1432 5102
280 3936
2213 1982
4406 5271
313 4296
4907 3907
2480 2885
1174 2095
189 2135
2317 2790
2687 736
3494 178
3239 198
4926 432
4120 118
64 3417
2532 1431
2423 5082
375 1522
4595 3048
612 4329
4575 4040
1187 1180
4528 3121
3009 4101
1640 4121
1391 3900
3186 5340
1326 1903
5019 4326
5094 96
1287 2770
3836 4486
4029 1942
4200 767
2419 1918
3071 2681
3565 1319
3689 497
4300 2296
648 629
3561 3642
1740 356
325 1849
4002 4731
2787 4358
4239 5318
994 2591
4908 2076
3463 4560
3193 3191
3209 4403
2462 3499
1902 391
44 3368
4042 4795
1476 4521
3278 3722
5333 919
5080 4027
3095 1874
681 2160
5317 1794
1449 1203
331 4194
185 4250
4807 5250
324 4764
923 4303
3556 5338
4468 2624
4813 3735
3535 1130
2372 555
2086 2413
474 3377
1487 4845
2921 656
4428 3977
4518 2447
4526 3625
5263 1232
3812 4780
695 1216
430 1155
19 4857
3817 1517
817 912
2013 716
2818 800
2383 4692
3691 1034
3661 3848
4053 5154
3208 973
879 2549
3249 2106
4740 3493
2395 119
1257 2830
834 2084
5249 4862
4924 142
4021 3347
4271 3092
990 4820
4994 2661
2897 5174
4408 21
2928 3378
593 1191
2649 3501
4265 5043
2828 2831
4652 468
4761 888
5024 4332
5301 723
3768 4545
5196 1736
2878 3176
39 4853
124 15
3747 4386
2214 1998
2568 3816
1194 3021
1443 3360
2973 645
3152 1456
3474 65
5355 1737
4041 3388
1208 1984
2631 1781
3737 5366
2185 865
3994 2146
3020 1777
3781 5305
275 5223
3693 5119
2443 1215
2847 2411
216 2252
4089 2193
797 4456
3740 2434
3134 2924
596 290
2528 5010
4637 2602
3459 1259
1182 3845
58 385
4649 2507
4723 3446
4812 3038
972 3947
425 5323
4932 709
2477 4523
4136 1691
2228 4876
793 3599
3549 4730
2473 1113
4915 4123
1958 3709
4881 234
2881 2564
105 942
2593 3736
3408 197
2735 3093
784 3572
2325 3674
4118 1527
4741 2260
4237 3087
4571 928
496 5068
2673 2913
3402 3084
2123 4245
1560 3178
42 578
4356 4697
1294 1207
304 73
1686 2754
1774 5343
3702 3159
3956 5073
3883 3972
4277 2736
1339 213
4732 3180
3853 1930
3109 2274
1156 524
3199 822
4650 1362
4836 2780
2172 3583
4159 1820
3356 61
5058 4100
114 1702
1193 4935
2386 3790
1668 2671
2547 5198
3530 4398
4608 2999
550 4934
3435 3160
222 1138
2584 1745
577 344
2178 4187
3954 2036
1805 2546
2332 2132
3531 3097
4632 3138
1447 3434
1713 2850
599 4342
492 4451
526 5011
684 845
2551 101
2021 4157
3211 131
3624 4916
2886 3622
1318 4214
392 18
4164 3272
762 4801
2067 2487
2934 5054
4888 2449
4302 4048
3775 5129
728 892
2454 126
3721 2516
963 3466
2187 922
1587 5140
2552 2305
3410 2927
4552 1455
4445 3700
2896 4211
1665 4370
1995 1171
4639 2531
706 5177
4645 3909
3188 273
2208 667
2150 4414
4288 2444
2815 5288
3696 965
4412 4634
4593 288
2868 2503
1819 3681
1599 5176
5069 3064
1344 333
412 4255
2789 891
4796 1314
4933 86
1364 4928
3813 3291
5083 4663
4520 2586
2070 3827
1183 1081
38 1939
1511 2666
543 1683
1229 3610
750 2339
5059 1409
3079 2668
5309 5365
3067 2268
3548 4304
3436 5001
2947 3072
113 2775
2376 3763
3201 1779
1328 4430
112 1787
2056 2544
1127 2238
675 2904
2733 3000
3206 1436
4410 1321
1173 1679
3838 1758
3099 3788
5259 5330
4151 1282
4707 917
4019 1351
2764 2554
3116 2166
3140 4681
1776 2118
4471 3326
4759 1036
2820 128
1096 4544
613 4327
5164 1947
3948 2397
3170 4656
169 1454
2176 5098
1242 437
761 3595
567 1142
2066 689
3979 3698
5170 3003
5261 2949
505 1017
4919 2522
5123 5076
3941 1406
4917 3407
4349 244
5137 2914
1303 3292
1833 901
2989 3724
3077 5078
2101 1703
1586 3893
2587 4262
3613 1137
3685 2145
1841 4086
1775 220
3955 3842
301 945
3680 831
4577 2836
1700 5212
5026 1680
2452 3776
4765 252
422 4609
49 5086
2786 4030
1553 4660
1414 327
3219 5276
3644 734
1469 2204
2667 464
820 2660
1996 405
5206 850
1497 3386
3507 4307
120 4207
3358 1624
4416 5186
277 3659
4345 1379
910 2499
2225 2848
3832 2939
4712 5016
4540 976
31 1295
4815 1561
3802 4124
1556 1378
2734 4864
1374 1442
4106 1730
3523 3717
2022 2348
1028 2892
1581 414
884 461
2635 579
499 5178
4514 1125
1659 89
5322 2869
4781 253
4095 5347
795 1175
1940 4828
2879 3335
3161 4830
2072 714
705 2996
4657 696
1638 224
2258 3786
1741 2703
2027 251
1612 1222
1492 3060
1971 2015
2192 4557
4704 4382
3754 4097
332 3465
3677 1297
4817 2265
5300 4174
3629 1576
2767 1614
150 3943
1566 3611
4377 3405
1963 3976
783 5234
1880 3488
1677 231
4814 5202
4248 1922
3147 1141
1272 3179
2902 173
2723 1481
1701 166
2941 1520
2710 931
419 588
3608 3281
26 4746
1050 2400
1218 1388
5061 2284
811 915
2407 1085
4116 3769
4906 4927
41 2625
1074 3598
3255 4335
2164 1358
4446 2629
1422 1515
1512 2229
4470 1824
5219 2960
3914 764
434 3760
5036 248
3439 3477
2959 2524
3143 2360
3540 2963
948 5267
5251 5337
4963 2133
163 5264
3875 4808
4972 4189
2536 4665
639 765
424 3443
3039 2633
2374 5269
2121 1118
3536 363
4365 3111
5021 4144
1682 1943
825 1540
1898 2700
828 4617
2321 309
1032 1591
4011 4673
4586 1031
5168 4203
2191 713
298 1395
1672 4009
3780 4325
1466 4691
4738 1955
4088 4338
2535 4951
2233 4628
3651 148
4715 3055
4443 2842
2189 4846
4620 5324
4261 4771
3959 725
1219 2137
551 4625
2227 1857
4613 2774
4984 4752
2190 4197
1402 2860
2920 2311
5039 1068
4381 3902
103 3958
338 4503
897 1329
3311 4788
514 334
1844 3245
4531 4276
4419 2456
4688 5247
1129 441
2573 2297
1678 2246
3480 5125
907 2154
4079 3224
3277 5240
4890 4901
395 3640
2294 2424
3615 4393
538 5197
998 3880
2110 2539
729 3169
4923 971
877 5217
1516 2128
5231 2388
258 1178
5222 5090
4576 2575
4962 1622
1655 1592
3678 4824
2581 3803
3773 3149
2833 1980
4998 2540
3119 2609
24 537
2269 235
1568 4739
1073 3719
4435 1806
1784 1071
1131 1707
2576 2052
5213 91
2603 769
1780 413
4973 2845
5035 1979
1397 5056
3065 4093
2338 3052
88 1404
4494 1664
3500 2966
3310 295
3910 2910
1938 4914
476 5112
591 1313
4515 1960
5165 1235
3361 583
2884 4678
2776 4353
5162 180
5071 3743
3962 1084
995 4546
573 3117
1009 5161
659 3124
2326 5063
3242 2408
351 2280
179 390
3794 4966
312 1972
4434 243
1386 4407
1533 47
4056 1399
4705 1426
5167 3264
1076 478
1145 5348
3814 4219
3908 1018
2814 1821
1554 1721
3088 1230
3708 3223
4230 2529
4615 3325
368 5158
3027 408
4215 4936
4404 16
1093 4081
98 2157
4566 1524
2299 3770
1389 342
4758 503
1816 1154
3800 3491
3082 1165
2127 4305
5160 2800
563 5345
1634 5105
2560 1752
4 2402
3920 1863
1424 3600
1661 2219
455 1834
3398 666
3008 1580
4133 549
2117 1236
3569 1905
690 3103
3049 4702
1928 5092
174 1519
1042 4502
3174 1271
3063 1471
1331 5361
996 1350
673 3970
2262 4162
1813 4110
3783 2466
5275 2286
2476 272
2120 2392
1562 4316
477 3867
4222 1769
4749 3787
4442 3727
1994 3905
3616 4058
554 1335
956 2048
4684 4238
5114 3715
2278 4278
1602 943
3442 4720
1278 3824
454 2371
1195 3762
315 1166
1565 1226
801 255
3568 4478
1381 2292
1305 3643
3233 3796
3978 1467
4786 4539
2234 5187
2519 204
1627 2181
4378 1615
2839 3070
3190 1828
4072 3576
2119 3683
1196 1046
3695 2773
4747 618
3733 4708
3605 1948
940 3704
2961 3047
4894 4614
3744 2433
264 2097
4865 1851
1791 357
4034 4756
2197 1505
2932 686
3269 77
3137 2196
5274 5353
602 1200
3058 3541
302 3426
1900 624
2935 744
1186 2025
1262 5153
2333 2871
345 4945
5018 1559
2389 677
808 1140
1147 4361
859 2627
2677 2559
633 3452
2583 3343
2394 5221
1933 2605
1030 1770
4664 1274
22 3811
1914 3286
878 355
3882 4991
2844 3933
205 5346
4959 4985
3422 134
4063 3596
3460 5315
2385 1913
3818 133
631 3510
3849 5254
1490 2585
4790 740
4199 4166
2251 1015
3135 2064
1535 3929
755 5278
1221 531
3641 3525
1773 5256
4426 2810
4315 1598
1508 4013
162 2080
5356 5233
3874 4223
4313 3120
4324 2270
5110 882
4671 2893
2619 1709
2090 3139
679 2918
5204 3054
4763 9
4249 286
3203 4373
187 3960
726 40
4572 3925
2004 1205
1256 386
2198 1698
3122 4844
854 4290
2741 3826
1798 2147
2349 4444
4871 1033
1981 4172
5015 604
646 1915
1983 1765
510 94
1616 183
1572 167
4314 2496
5097 2387
193 115
5109 985
1198 2470
1967 790
1457 584
676 1742
759 5289
467 2116
4044 3917
3831 3602
2151 2432
2001 1836
4177 423
143 2088
2420 1461
2901 2148
5236 989
397 2163
4784 2368
2977 5106
3275 2644
84 2272
1866 4797
2216 2567
1188 802
4596 4690
4695 4909
1475 4802
3404 4937
399 451
4254 5044
1759 2647
2018 3145
1989 1574
2224 2241
1685 4109
2094 2816
4624 2486
4754 1751
2732 5237
5004 2138
2031 4427
2158 2100
1897 4348
644 3141
3421 1474
1625 1190
2391 2488
4167 51
4311 5023
270 4733
1110 2377
4722 1286
1538 285
3198 1804
1052 4363
4122 1315
3926 1564
46 3505
4128 1162
1621 12
864 3982
3544 944
2936 1394
3004 400
1563 3352
3475 4477
3384 3155
3419 4401
490 2563
4948 2722
1959 1392
151 1500
177 3532
1964 4453
3726 1708
3389 2692
2809 3129
1045 2748
420 1868
3580 1169
1911 1003
4218 4737
208 4778
2978 4558
799 3964
5007 3879
2874 4084
1601 3877
721 872
4835 4448
1251 2200
658 3267
3820 1807
3784 3375
257 4955
443 1530
129 4621
68 2356
2511 1298
2958 4220
2091 2781
3524 4687
5033 4685
3579 1101
5075 2761
4773 3484
4240 1628
3374 3329
1043 3594
1811 3868
5297 2894
637 2035
1875 2882
3238 3471
481 4583
5328 2992
1494 2718
1921 751
2903 3620
233 4847
3771 724
4010 99
364 3609
236 2907
2727 3123
566 2684
359 3046
3246 925
1786 3303
4424 3438
3777 3648
3096 3481
365 893
3809 4461
4155 605
1338 1771
2986 3514
991 4420
206 5339
4569 4506
4099 1393
1308 5121
2891 3655
4388 2082
1861 4208
3427 657
552 495
1778 1332
4292 1723
377 3473
833 780
4884 2026
5290 2737
4627 3266
3647 3546
2807 839
141 2662
109 3884
3668 2276
1249 1673
2912 1569
136 2724
5359 803
1639 3639
683 3589
4633 3309
2518 512
2599 2967
4078 1832
4872 966
8 4958
1630 2230
2250 4135
4839 1695
4995 2801
428 3723
4016 2457
1054 4045
1501 228
5332 1654
1514 3344
210 3192
4115 2199
2215 4119
1808 4235
5320 2589
4457 2495
4032 3718
4074 1192
4950 462
1100 3712
1075 521
5208 4169
2650 229
5057 5351
2832 1623
715 1049
2382 4057
2659 3767
4389 700
1470 2954
4460 707
2994 594
5266 4555
3423 4149
274 2643
4337 4662
4724 2653
1059 4538
1910 861
4067 2950
4376 3263
45 2652
4441 1551
3935 2890
2766 1024
4246 3331
1645 2640
513 3732
2694 585
794 4672
2782 2940
2058 860
3670 1934
1341 981
3705 4785
982 908
4437 1429
3341 4775
465 3312
2381 3247
1460 2756
4744 3482
3950 1304
1479 2427
473 2500
4806 4228
2298 2005
2537 4818
553 3829
2337 4059
3746 719
3316 2569
836 1547
807 104
4736 4646
1650 691
1478 4947
2944 2965
3854 3774
772 702
2000 1760
3993 1281
4980 4113
1061 72
5047 933
4400 3391
2177 523
4542 779
929 4912
3101 5215
4509 1729
4640 3847
1006 3053
2695 2239
5012 1772
4968 909
1001 1066
1796 2416
993 2152
1631 672
1233 2929
2235 1860
4789 5070
2856 703
1212 3319
2244 2987
1738 3252
1083 5099
4942 3699
4369 5020
3227 448
3069 1418
1300 2442
4490 1744
3716 3359
3251 2565
3173 3537
2957 2726
329 2055
3042 1886
4816 453
2042 5282
1681 2618
1899 1243
401 3844
2875 5147
1669 3033
2053 267
5299 2212
1163 685
102 3765
506 1170
1869 4066
863 3650
3396 1757
2483 4769
1377 5022
4651 3453
1268 4336
1662 623
4893 2068
3280 2802
4718 3392
3017 214
1637 3467
1962 4317
3638 226
1069 837
452 4766
2279 2771
137 1646
1427 4399
1859 2050
3631 2526
544 4321
4875 4693
268 4768
3305 4270
5287 221
840 3118
3512 2355
106 3418
739 2804
5085 203
250 1029
480 1048
2542 2059
4210 2009
4700 2509
4004 4703
4182 4183
2144 4481
4350 3447
776 4889
1858 5142
5045 3887
2273 469
5354 444
3586 4584
349 5181
2045 2520
628 470
1597 4930
1719 330
4125 4050
2813 2306
1626 1969
1430 1293
1252 4682
2113 2923
2226 1146
4094 782
147 3195
1506 60
5291 2517
155 4062
936 291
3100 3298
139 4983
1007 4064
4392 2841
1789 3005
3837 1748
4849 4073
339 920
3235 2209
4725 5184
527 3274
3785 1148
1694 1675
1548 4792
4181 3250
5262 1247
4604 3686
3018 1217
2838 3560
4170 3489
529 2851
1603 321
1267 1117
2808 5031
1380 1408
4175 3400
1973 4391
634 3742
652 1369
3996 2335
1644 2414
4965 816
1372 5277
5243 984
2301 3428
1767 4283
4982 4015
4243 5335
3626 3751
746 2415
2046 3454
4464 3126
5136 3007
4996 2751
4755 418
4636 4971
5150 518
3279 1870
4504 4854
486 3112
32 3110
5014 2364
1323 2623
1415 336
2324 1172
3522 4940
5258 1887
287 959
1499 117
4989 3559
3855 1521
548 4275
3871 3164
4140 186
265 3302
2991 361
5284 1571
3425 1847
2346 219
847 3348
2316 4941
1488 3464
3156 4585
3108 3080
2365 1453
2693 3037
3981 1754
5128 4257
4269 4852
4320 176
4745 536
3490 3713
5100 5321
1894 1797
2083 1523
3385 2578
3395 370
1926 3872
4020 1877
5060 3146
4031 4588
5192 3276
516 4957
1016 4091
372 4216
11 4126
2556 2108
27 3562
1993 3896
5166 2628
172 2440
1633 849
4087 1366
2041 4822
3928 952
2259 962
4567 1120
5245 5117
1999 2793
3923 562
4623 2610
2352 4244
533 3940
3215 4877
5229 2769
4904 517
1706 586
1419 1306
3618 2069
1438 2330
4981 3261
2096 4850
2291 3492
3497 1688
4794 2510
2153 1558
1097 3822
1795 3957
2634 5273
5334 4351
2136 1317
447 3212
404 218
232 1950
5188 3177
1845 20
735 2328
3653 5025
1575 4867
4612 3866
2141 2777
110 1510
260 3022
727 3345
1839 848
2502 5148
4035 328
4217 1181
3924 875
590 3327
2788 2951
2063 1486
1893 3858
283 2697
4611 4920
1908 3989
3061 1038
2621 5349
4939 2729
37 3971
3379 4635
4855 4152
5214 1458
2203 3633
2039 2174
752 3828
2696 383
2757 1020
4549 3450
2071 2087
2572 1636
4979 1663
1022 2112
2561 2037
4594 951
4346 4439
680 1731
1853 890
4742 3808
570 1782
781 3091
1872 1284
4291 1684
3750 615
281 627
230 433
3289 4429
5118 3864
4879 3539
2445 4366
484 5144
450 5064
2664 2853
1410 2401
4192 2803
1055 785
3373 1057
857 547
3931 4168
4856 2
1091 388
4498 3010
1309 2474
1620 3861
3912 1276
2149 2266
2421 704
2379 4767
1058 2475
1496 381
1892 3755
4409 5115
2590 653
3876 4970
4466 4811
1119 660
4535 488
1823 3669
2595 1907
4591 4713
2883 4787
4158 3969
3632 1263
2716 4028
5146 4516
5005 3652
1865 4319
1704 3023
2550 1722
4202 2182
3216 2717
4610 4188
4925 4510
4141 4331
1891 927
2641 787
4482 1199
271 2283
3612 5191
5009 92
4085 4201
841 466
2990 4051
5182 1425
2689 4083
1810 3006
2159 5304
4458 1884
4185 3334
1240 2783
4452 2277
3806 4484
2485 1790
3230 2439
3807 2888
975 4274
3181 5000
4753 3217
2489 4882
4163 4362
3183 1444
5220 4227
1671 5127
3172 720
4344 2588
4264 4992
4423 2104
842 4507
955 5180
3363 1290
5131 4385
2675 108
4910 5203
1044 1064
870 1433
3963 237
50 4146
3856 261
1712 2964
4483 2553
4590 1585
303 1270
768 3833
5171 1978
4589 2302
2267 4898
2492 829
542 3244
687 3370
4668 4659
2859 1970
1498 2574
3024 2115
2318 4892
3350 1726
2061 4379
2538 3372
2877 2468
1459 1596
694 3044
259 2738
4974 2051
2911 4364
4374 3262
1014 913
4696 712
1280 1546
2207 2458
3889 4047
2065 911
4517 14
3840 1717
1087 4476
906 407
2497 3881
4279 2827
1608 90
3710 4519
2464 3382
1273 1213
3317 4603
1817 2202
3036 4563
3068 3228
2465 3604
2654 2183
1609 2905
4580 33
5195 1975
5260 4508
2545 337
246 1643
4156 1334
67 1657
4402 1750
3895 4728
1949 3273
1468 1161
2014 3403
2366 457
2047 5087
4619 4328
487 4323
1931 2685
968 245
2171 607
458 5270
4616 317
3397 2690
335 1917
844 2601
2375 5132
1079 4384
815 130
3451 2343
4082 4570
1440 4310
2980 2504
57 867
4054 5143
1465 1102
1876 2917
3011 2646
743 4878
532 1482
1056 3601
3376 3001
1153 76
970 3592
606 1337
3654 3241
2887 2103
904 2130
3472 3478
2105 378
121 1246
4946 1916
3974 2745
3805 2471
28 2970
1965 5327
4390 5149
4347 4318
3297 3587
2085 3757
1077 4131
2922 1201
2709 1831
1815 3293
896 217
1296 3189
483 3852
384 2245
2218 1705
1299 4213
3634 5280
2600 297
2740 1579
5038 442
1158 4096
4529 411
3834 1528
3703 571
1151 116
5173 1725
4954 125
5295 2919
4438 2023
2336 5232
3295 939
2429 1635
354 3953
814 3165
4008 429
2570 1961
2674 2139
4017 813
159 3445
610 753
2682 1549
2044 621
2744 5363
5088 5360
3236 1094
5130 3104
158 3664
4536 1588
311 692
4352 5145
2406 4900
1848 1269
1509 3966
2620 5093
5113 3214
2398 4709
3364 2345
1283 4204
3290 1567
1320 3778
192 23
3287 1441
3355 4779
2614 826
4969 3511
899 749
4068 4462
2057 3313
4587 1108
2008 3637
3676 5285
1134 215
2617 3509
2768 4800
5248 191
1333 2612
3448 4489
3707 3998
5124 4952
3202 1089
2347 502
3672 2484
556 3413
2969 3513
4931 4076
4861 289
240 2794
2953 1330
582 4065
1977 572
4071 1005
558 4014
5189 225
515 4799
889 366
1464 3353
2608 3346
4819 4036
3810 3938
1103 3675
622 2982
4469 2344
4938 2261
4735 511
2156 2571
4281 4267
1617 1951
3892 1265
1936 2211
5163 846
1582 306
3582 3617
1122 1255
3029 1322
722 5331
3557 4829
2796 3851
4472 4805
493 4357
1690 1531
522 2491
1360 1361
4648 3666
5169 4299
1008 3220
1526 2109
664 4686
5200 1801
1439 1619
5048 4622
4803 3240
2866 2706
266 2329
2870 168
4512 83
1541 4454
988 843
568 2995
2616 369
3999 2821
1352 2785
2030 1123
4431 3248
1871 1037
898 4297
4395 3256
360 1909
2410 3873
1641 2256
2824 2304
5341 4473
3406 3462
969 4848
5350 4859
2513 1116
5272 3496
4641 3131
748 4626
669 3237
1354 852
4225 3570
2493 3662
2309 1493
223 1477
1764 3456
626 4359
415 157
2223 66
2822 3306
663 2289
4272 2985
2303 403
5303 4251
1021 1648
2606 4976
4999 2455
883 1985
2638 2012
4145 4661
2315 3182
4022 170
4810 4154
1990 1371
5101 3990
3946 5255
3518 164
59 4190
2607 4729
992 1652
6 1228
1291 3554
2759 87
819 902
2293 3991
85 4495
3412 4689
3614 3761
2915 4798
2658 1946
771 1327
1275 2698
2498 445
4139 4827
3299 2232
4943 3133
2010 2533
1106 1829
3144 1013
4921 674
1002 4114
2683 1532
1197 1525
254 1004
1503 3205
1214 4978
2758 4405
3094 2988
1495 3779
2691 1253
1783 491
1292 2195
1121 3741
2107 4488
4176 3083
3483 1072
353 1346
561 2596
1670 2093
2206 926
668 2933
823 1986
3381 2079
1826 5310
2221 2823
1632 2580
3043 3711
63 742
2210 5040
1385 3528
5224 4721
775 55
4286 4052
1647 3089
1822 1676
4748 2236
1126 5030
1086 3725
654 1747
3899 4372
974 2579
389 2582
1133 393
5052 1011
3543 2812
2525 4837
1739 4252
4630 1711
3429 2124
1047 4108
3469 3323
5316 2613
2997 545
1504 2728
4105 5111
1862 3409
3665 5041
4173 2795
635 1400
2755 1062
2125 2436
2327 2708
5065 2162
4838 153
3213 5074
5257 1027
2765 4643
1600 1289
3086 3627
4231 310
2548 3336
2837 3321
1674 4092
4247 1906
4956 1231
3332 4680
2512 3911
3945 43
4949 3865
3823 1809
3324 4294
809 3271
3921 2134
3891 2819
661 1088
1375 528
2720 3449
1416 3863
2428 1842
1179 3340
5151 1225
1448 3304
4866 2752
678 4716
207 4205
182 2630
3701 3458
3764 2308
2287 1376
3260 3577
4075 924
1932 431
3457 3621
3232 347
3967 1189
3031 3265
525 1543
1353 1348
145 4485
4422 688
4127 4885
4112 3839
3738 2129
5141 4436
3590 698
3485 3387
3196 3107
479 1699
1716 2938
2220 569
1250 4500
1484 5319
3988 417
1211 1472
2062 3798
5329 3563
1316 1550
3706 3328
2626 3175
4160 643
1879 1651
1732 1613
4581 1390
3995 3470
3383 3932
4543 3150
4953 3040
3204 2380
2017 2478
697 3916
2846 710
4467 5134
777 650
3431 1078
2906 1035
5199 2909
4143 717
1578 3254
4023 3517
887 987
1838 3076
196 2604
1607 1987
5037 3354
2312 4751
5352 4537
1718 773
873 1727
2663 693
4295 2310
2126 1135
2075 1224
5096 3028
374 3090
4653 4033
1846 5133
3468 3162
632 4104
821 4012
806 307
830 1653
4554 5302
1288 5312
4165 4258
1220 2543
489 2562
2521 4129
1937 4232
4501 4551
2011 3002
1254 5029
1864 2281
2676 1896
4132 4018
2263 960
3679 2007
4674 3440
2825 3015
3671 4873
3432 4550
3870 1976
4895 5067
2418 1095
1363 2341
3194 1715
3296 5050
2976 953
299 1929
3588 4380
4677 80
2527 2852
2393 2460
436 2024
2632 2369
1618 2378
70 2358
3187 5246
5028 3102
2165 595
340 79
2247 3151
1666 1925
3581 1966
1544 3753
2169 2747
4463 1825
1642 2351
5034 376
5298 456
5152 140
4394 4505
2566 3225
3357 3498
2290 1463
4582 318
546 1365
2594 3922
1878 4499
4080 282
320 4026
1895 2916
4886 3628
4869 4242
2435 1446
1513 950
832 2417
3078 2699
3944 2481
2161 876
638 3401
1383 2353
2285 2170
1307 4961
1382 2404
2006 2937
2173 2322
2102 731
4418 3314
3846 640
4556 135
2642 2555
2180 3257
201 3667
5159 1919
4791 3085
71 3623
4727 1957
1164 5235
132 4599
2899 5084
792 4883
880 4193
1176 3437
4459 2637
1611 2943
2971 3690
4253 3415
4368 3578
1793 1606
5116 4447
2656 1139
2222 1489
2862 1867
3573 1144
559 421
4055 3797
3259 2425
2707 256
2930 1835
2746 3903
1761 3365
5138 3171
343 871
3949 438
4375 5185
2459 2506
3136 3300
427 2889
3730 5306
530 4421
1889 2834
2430 3745
2255 446
4209 3476
3487 2523
5325 3026
3687 2186
1518 4902
614 3636
4770 3315
2645 1157
398 977
2678 1843
3552 3862
3390 4226
4647 293
3253 358
601 812
199 2323
3782 2713
4986 1830
3416 941
3819 3270
4541 5049
4046 2396
2952 3645
3756 3380
2817 1483
4977 642
5265 1766
2003 1941
4887 592
3503 766
730 4683
2651 1954
284 2342
4840 4474
5055 292
2081 930
1763 4530
4306 3433
69 156
3167 3351
2032 2719
4268 4750
3059 2314
4922 1724
4397 4564
3697 2655
1128 1452
3283 5053
308 630
4842 472
541 4629
903 1234
4826 5211
3527 262
2514 5210
2900 25
4597 3927
2558 2829
4049 1570
4579 4309
2680 459
1421 1968
4891 1649
2670 5226
2054 5252
895 3894
482 1658
1098 5013
4654 1105
2615 4142
5062 3835
2490 4823
4762 1041
2028 1301
379 2362
2437 5172
1799 3444
788 5362
3366 154
4832 3584
4990 874
2972 2354
1067 2194
508 520
2077 367
2501 175
1852 3961
1285 4863
3850 2798
3337 1132
1952 2763
4298 3218
4809 2898
539 4371
519 2422
4273 1697
2508 1349
2968 394
2249 5357
52 471
13 2248
2753 4312
4777 195
619 2043
34 574
4793 894
914 4905
732 2931
2948 5238
964 3728
200 3841
5228 3939
2998 1428
3051 3197
406 4532
160 949
1245 1012
93 2264
3937 575
2231 1070
1696 3
3330 2861
5227 3759
1152 4967
2060 4090
534 3547
3804 1115
3115 620
4658 1423
2370 2412
3635 1735
4138 641
2295 3992
2461 501
4069 3207
4184 2114
4287 649
905 1595
856 5207
866 1944
2797 2482
3857 62
2254 587
346 1019
961 4006
708 3918
144 2702
3567 1953
2074 1367
2721 1302
2092 241
4150 2843
4831 3942
4107 4710
3673 3630
1534 608
2205 5358
2350 4111
2143 75
81 3342
323 4333
4037 1279
4774 1040
4455 3985
3575 2942
3792 1785
862 1714
3597 3821
2409 5307
2034 2331
4440 983
4341 4224
1023 97
4825 2479
4413 5072
3221 2073
188 1114
2122 2772
1435 1901
1992 3045
161 5103
2679 3226
671 597
3414 5175
5156 2438
4573 7
4600 263
1693 4841
1850 2611
485 3168
1604 1373
1356 824
5242 5190
2665 4233
1451 4548
4511 4195
4897 5230
1660 1768
2873 3030
4870 1974
17 868
294 3825
1746 3521
4860 326
3113 2016
2865 3333
937 4180
2179 827
1920 3886
122 1854
3502 2446
380 4475
1359 4266
3663 3081
565 1927
3285 35
2426 3320
2307 938
2078 560
699 1204
986 1405
4289 805
2730 3430
4533 4638
341 2505
3041 3772
2705 416
181 3288
2320 4001
2872 4450
3229 4903
4206 770
305 4024
316 3526
3898 1667
4465 4000
165 1080
4534 900
238 3529
56 1480
3461 4918
3019 4241
3885 786
2876 4433
798 4284
4117 1912
2020 4833
2515 4666
4043 625
921 475
2791 934
2467 3479
4598 535
1412 127
1160 1111
3619 276
4679 3234
1904 1584
3163 4711
5003 2826
5139 2453
1159 4843
5 1924
1803 1814
1545 1384
600 1260
3486 1206
5344 3142
3516 5283
5095 2399
4804 2359
4607 4102
804 754
1529 796
4559 3603
5218 4179
2313 3684
1149 737
5225 3362
4005 5157
2979 3132
3014 1104
1710 149
4644 4821
2597 3593
2237 194
3154 957
2983 2155
1689 4701
1368 5126
4221 29
2300 818
2701 1537
1184 54
757 1720
2854 1370
4396 4574
4263 2099
3660 410
1060 209
5081 3424
1991 2778
2472 5077
2217 5279
5336 2450
1593 5155
5091 3542
741 2168
1185 498
774 4130
1812 3338
2749 4103
3748 2029
4186 1491
2405 2469
3682 851
3062 319
999 3984
3016 2993
2639 3973
616 4667
3731 249
5311 885
3934 2557
3656 3495
589 1555
1177 4527
4734 1167
352 1935
3904 3222
4383 4425
540 2201
3987 4355
463 4070
3657 362
3550 853
3318 2622
2253 1112
3658 3734
733 3983
778 190
745 1756
3878 5216
2840 4147
3034 3035
3729 869
3766 5194
2895 2577
3901 3012
3571 1343
5135 4717
2714 4367
494 4178
1310 3308
4334 1237
2750 1818
111 1827
3371 3166
3692 1223
4449 3185
3210 1883
269 4432
36 2530
2271 2111
95 3533
3056 3860
5108 1109
5089 3890
2955 3545
1485 3980
3339 1244
3919 2188
1277 5066
4642 4497
4655 3153
4077 4714
1552 1025
617 1837
4148 1687
2040 932
1311 1340
5104 3815
655 3284
2975 4772
242 1923
4417 4547
4322 4565
1583 1434
916 1536
5308 1342
4487 1885
4171 3801
3504 1856
5342 4161
4524 2131
1743 1336
1396 4880
3025 1345
2288 4293
4760 2956
838 3130
1124 507
4676 2019
3607 3965
3301 5293
