1000 1000
129 129 129 129 129 129 129 129 129 129 129 129 129 129 129 129 129 129 129 129 129 129 129 129 129 129 129 129 129 129 129 129 129 129 129 129 129 129 129 129 129 129 129 129 129 129 129 129 129 129 129 129 129 129 129 129 129 129 129 129 129 129 129 129 129 129 129 129 129 129 129 129 129 129 129 129 129 129 129 129 129 129 129 129 129 129 129 129 129 129 129 129 129 129 129 129 129 129 129 129 129 129 129 129 129 129 129 129 129 129 129 129 129 129 129 129 129 129 129 129 129 129 129 129 129 129 129 129 129 129 129 129 129 129 129 129 129 129 129 129 129 129 129 129 129 129 129 129 129 129 129 129 129 129 129 129 129 129 129 129 129 129 129 129 129 129 129 129 129 129 129 129 129 129 129 129 129 129 129 129 129 129 129 129 129 129 129 129 129 129 129 129 129 129 129 129 129 129 129 129 129 129 129 129 129 129 129 129 129 129 129 129 129 129 129 129 129 129 129 129 129 129 129 129 129 129 129 129 129 129 129 129 129 129 129 129 129 129 129 129 129 129 129 129 129 129 129 129 129 129 129 129 129 129 129 129 129 129 129 129 129 129 129 129 129 129 129 129 129 129 129 129 129 129 129 129 129 129 129 129 129 129 129 129 129 129 129 129 129 129 129 129 129 129 129 129 129 129 129 129 129 129 129 129 129 129 129 129 129 129 129 129 129 129 129 129 129 129 129 129 129 129 129 129 129 129 129 129 129 129 129 129 129 129 129 129 129 129 129 129 129 129 129 129 129 129 129 129 129 129 129 129 129 129 129 129 129 129 129 129 129 129 129 129 129 129 129 129 129 129 129 129 129 129 129 129 129 129 129 129 129 129 129 129 129 129 129 129 129 129 129 129 129 129 129 129 129 129 129 129 129 129 129 129 129 129 129 129 129 129 129 129 129 129 129 129 129 129 129 129 129 129 129 129 129 129 129 129 129 129 129 129 129 129 129 129 129 129 129 129 129 129 129 129 129 129 129 129 129 129 129 129 129 129 129 129 129 129 129 129 129 129 129 129 129 129 129 129 129 129 129 129 129 129 129 129 129 129 129 129 129 129 129 129 129 129 129 129 129 129 129 129 129 129 129 129 129 129 129 129 129 129 129 129 129 129 129 129 129 129 129 129 129 129 129 129 129 129 129 129 129 129 129 129 129 129 129 129 129 129 129 129 129 129 129 129 129 129 129 129 129 129 129 129 129 129 129 129 129 129 129 129 129 129 129 129 129 129 129 129 129 129 129 129 129 129 129 129 129 129 129 129 129 129 129 129 129 129 129 129 129 129 129 129 129 129 129 129 129 129 129 129 129 129 129 129 129 129 129 129 129 129 129 129 129 129 129 129 129 129 129 129 129 129 129 129 129 129 129 129 129 129 129 129 129 129 129 129 129 129 129 129 129 129 129 129 129 129 129 129 129 129 129 129 129 129 129 129 129 129 129 129 129 129 129 129 129 129 129 129 129 129 129 129 129 129 129 129 129 129 129 129 129 129 129 129 129 129 129 129 129 129 129 129 129 129 129 129 129 129 129 129 129 129 129 129 129 129 129 129 129 129 129 129 129 129 129 129 129 129 129 129 129 129 129 129 129 129 129 129 129 129 129 129 129 129 129 129 129 129 129 129 129 129 129 129 129 129 129 129 129 129 129 129 129 129 129 129 129 129 129 129 129 129 129 129 129 129 129 129 129 129 129 129 129 129 129 129 129 129 129 129 129 129 129 129 129 129 129 129 129 129 129 129 129 129 129 129 129 129 129 129 129 129 129 129 129 129 129 129 129 129 129 129 129 129 129 129 129 129 129 129 129 129 129 129 129 129 129 129 129 129 129 129 129 129 129 129 129 129 129 129 129 129 129 129 129 129 129 129 129 129 129 129 129 129 129 129 129 129 129 129 129 129 129 129 129 129 129 129 129 129 129 129 129 129 129 129 129 129 129 129 129 129 129 129 129 129 129 129 129 129 129 129 129 129 129 129 129 129 129 129 129 129 129 129 129 129 129 129 129 129 129 129 129 129 129 129 129 129 129 129 129 129 129 129 129 129 129 129 129 129 129 129 129 129 129 129 129 129 129 129 129 129 129 129 129 129 129 129 129 129 129 129 129 129 129 129 129 129 129 129 129 129 129 129 129 129 129 129 129 129 129 129 129 129 129 129 129 129 129 129 129 129 129 129 129 129 129 129 129 129 129 129 129 129 129 129 129 129 129 129 129 129 129 129 129 129 129 129
327 328
440 441
148 150
408 848
336 652
49 348
129 591
185 432
61 203
42 486
93 244
840 860
567 579
534 622
398 914
52 394
430 740
123 420
354 622
561 600
221 586
480 711
530 537
213 713
697 751
461 677
14 867
9 452
524 879
104 156
905 953
524 835
298 690
255 422
528 785
477 798
127 479
426 595
491 700
85 696
318 335
491 836
209 275
33 264
43 448
770 900
215 844
647 767
213 248
364 471
6 854
4 536
292 436
8 991
323 956
454 613
238 554
58 985
553 635
385 851
213 335
313 753
24 414
686 740
633 984
386 584
399 859
54 701
601 717
19 746
95 598
75 585
308 435
22 238
191 721
406 687
326 918
16 943
338 630
33 698
122 258
724 971
339 477
102 216
695 990
712 948
306 361
21 67
119 584
262 337
45 394
395 514
549 799
32 749
527 583
682 860
388 486
284 815
175 386
458 939
333 353
162 399
87 918
215 859
348 705
403 663
630 726
220 440
310 626
133 291
171 666
81 708
43 167
85 354
121 484
178 505
389 981
98 186
555 733
524 970
304 357
94 934
539 691
939 981
525 851
272 948
127 560
334 674
277 647
725 745
178 247
251 842
333 923
419 556
65 820
316 980
846 954
323 837
434 444
211 699
45 256
122 593
258 720
201 560
586 919
737 994
182 358
445 759
239 427
417 994
155 530
857 947
462 668
66 925
722 938
590 631
548 972
375 687
474 489
37 356
780 828
6 379
440 759
158 391
283 299
189 199
214 399
631 693
381 582
437 673
182 990
284 566
274 930
935 964
488 989
401 540
332 775
688 941
344 981
72 340
193 692
138 575
69 447
390 521
755 939
111 356
421 940
396 482
178 296
177 395
184 658
112 251
338 893
485 784
627 781
837 919
191 224
103 811
226 531
448 510
119 896
583 992
722 862
347 701
480 805
246 487
842 932
491 608
301 800
803 942
49 68
336 757
68 674
520 808
271 572
721 916
543 568
580 725
169 243
310 636
262 330
714 817
335 479
399 530
58 212
205 728
274 725
262 896
854 876
108 357
88 190
857 885
324 337
251 679
209 345
52 891
498 775
76 801
131 972
520 897
104 506
575 687
177 971
335 351
24 403
189 406
444 965
514 892
558 930
16 617
152 596
354 686
517 994
365 880
244 815
15 868
799 971
233 423
249 576
5 317
657 663
74 401
78 269
161 439
113 127
312 689
49 849
725 804
545 759
96 124
98 231
456 698
361 891
433 755
90 879
407 865
398 586
267 709
273 433
715 811
797 937
58 981
11 165
883 935
770 830
487 648
435 513
448 966
589 885
287 973
392 697
37 889
511 622
119 769
302 411
267 643
337 862
371 706
753 914
364 408
210 989
349 568
311 634
530 678
475 509
573 809
161 903
393 746
668 818
17 604
211 666
263 675
235 750
21 810
165 830
350 921
345 453
52 157
78 767
14 417
598 807
456 494
82 984
23 728
328 380
540 975
57 106
401 612
179 383
138 672
223 889
113 761
338 742
118 527
297 878
741 783
230 370
805 917
699 838
730 758
404 423
149 588
543 945
439 606
298 868
675 948
42 901
313 676
745 991
713 805
685 953
274 796
322 515
266 287
96 987
389 978
111 740
112 642
61 74
171 375
576 603
483 739
932 959
510 750
386 594
16 138
618 928
247 880
280 828
709 788
371 932
135 193
99 313
242 459
145 780
375 632
641 984
200 832
482 758
68 904
362 932
38 983
663 765
181 188
696 759
323 789
782 884
554 961
389 442
116 423
392 522
169 582
109 788
38 146
151 944
676 935
344 437
308 596
406 438
109 993
449 680
40 447
274 691
85 697
268 925
295 504
213 326
18 378
792 918
106 769
115 133
320 493
255 888
428 651
80 257
54 101
707 997
210 401
51 146
588 640
8 30
432 911
200 423
61 387
221 904
395 703
657 757
735 976
216 761
236 407
174 981
141 331
95 451
560 739
419 443
367 807
169 325
110 547
317 671
465 979
576 881
748 901
658 997
908 935
221 304
188 773
487 612
558 836
464 587
336 768
239 318
324 361
380 825
651 871
12 29
308 344
296 370
372 453
280 797
106 853
169 551
201 461
354 443
322 765
18 299
108 854
167 953
901 998
517 993
3 395
80 113
567 656
834 898
310 697
238 462
672 779
88 811
714 914
9 317
125 222
642 984
273 411
716 869
53 516
732 882
27 975
214 651
329 772
313 922
92 518
466 699
418 759
74 653
347 851
639 750
282 492
19 850
250 481
295 541
662 720
361 433
194 559
618 698
196 686
697 699
90 978
10 336
606 685
559 652
607 631
35 512
419 699
861 963
66 244
66 760
469 722
28 644
84 198
56 917
312 916
182 876
450 746
716 975
344 998
253 408
239 740
214 831
193 234
605 795
11 295
807 955
519 696
183 953
79 610
166 409
359 702
527 695
588 789
231 959
496 994
324 824
127 410
313 914
314 973
292 826
185 757
348 715
441 558
47 187
379 940
86 155
699 770
135 366
630 704
930 972
19 281
350 781
764 964
497 605
21 191
294 377
146 224
329 913
37 270
402 561
440 821
456 534
226 754
86 154
129 895
528 829
284 986
53 795
630 856
504 761
225 978
15 197
304 506
618 874
221 527
38 349
480 873
227 351
339 722
12 413
104 842
33 946
475 531
95 877
264 691
19 731
492 872
713 851
207 229
571 653
427 809
598 624
286 876
356 642
243 667
497 679
179 394
137 619
31 426
410 882
285 808
197 273
231 367
251 779
115 985
282 729
153 698
607 910
156 840
621 890
32 716
191 844
125 376
831 971
314 492
606 935
276 297
12 944
740 822
51 901
212 522
766 820
4 390
152 357
85 245
87 89
328 792
469 644
521 618
344 700
41 681
715 982
271 745
228 950
275 494
905 965
1 739
370 575
90 978
181 914
39 889
86 944
742 845
65 752
154 449
41 413
296 686
114 613
543 749
749 811
344 982
284 356
396 857
309 924
654 681
159 895
275 509
133 358
537 810
572 841
300 852
526 836
857 981
264 673
16 938
193 480
492 895
274 980
209 229
136 640
245 526
196 405
114 463
362 752
355 572
149 572
5 402
620 749
562 979
251 553
313 515
500 897
436 803
368 861
848 940
136 386
29 165
445 555
184 731
438 732
77 479
8 670
133 712
484 985
365 647
496 555
150 711
173 188
235 354
853 883
130 231
13 16
570 789
92 307
491 552
460 714
96 788
88 128
66 378
194 899
469 773
6 809
135 721
232 976
27 902
197 857
463 696
44 608
12 111
325 359
79 1000
467 952
402 568
549 961
781 856
536 645
62 711
220 473
92 783
22 469
4 147
270 670
89 360
27 396
481 760
265 865
589 593
244 750
548 808
520 614
138 876
29 353
589 858
128 462
608 866
62 104
502 558
473 576
65 424
573 940
217 845
216 802
28 285
164 983
364 368
436 883
441 981
343 912
346 568
351 564
301 432
85 663
844 968
524 734
302 523
433 566
111 542
514 695
150 183
133 626
42 46
748 811
715 899
708 857
403 455
711 743
804 903
395 834
294 441
166 701
653 713
180 485
6 424
81 828
724 961
485 916
51 776
479 647
37 365
38 887
4 757
12 22
578 907
369 476
500 953
3 218
467 904
322 621
207 425
156 385
510 754
102 354
354 541
255 559
819 888
623 915
429 796
130 553
539 705
233 501
652 962
310 529
279 334
159 662
186 191
280 429
519 836
554 667
229 272
178 495
72 106
210 240
419 960
15 179
80 985
185 490
196 902
91 437
164 499
679 686
33 366
521 694
311 772
223 947
62 705
796 915
711 932
7 397
622 734
189 541
760 966
320 325
226 629
166 615
352 769
475 652
508 960
331 350
42 799
21 368
196 553
148 417
93 377
106 631
659 756
423 770
237 612
449 786
119 931
295 814
13 485
285 457
100 954
493 961
270 575
524 990
98 857
88 504
4 317
908 980
607 936
87 165
174 577
318 954
87 793
58 519
32 109
118 695
152 845
268 996
118 196
318 866
126 967
377 677
58 234
174 794
99 254
637 675
69 679
385 779
640 738
697 762
343 664
258 301
376 606
110 513
111 139
17 642
129 336
291 684
103 292
404 871
224 797
652 881
120 954
532 864
508 980
737 741
202 985
47 811
169 964
601 935
680 748
893 984
567 924
148 272
129 457
115 224
174 636
154 901
34 997
350 459
80 145
24 511
216 278
11 472
278 644
734 966
65 475
319 862
456 457
319 917
179 586
467 682
352 423
226 607
83 201
550 799
40 655
772 961
178 267
50 108
519 644
307 949
313 435
270 409
702 781
131 693
203 381
223 310
182 823
569 999
24 377
543 958
252 932
414 924
602 964
235 978
384 988
129 269
794 937
21 237
350 731
99 468
714 846
17 312
440 789
54 733
275 962
131 751
562 954
186 735
288 781
50 750
107 721
120 925
299 956
169 631
83 478
180 693
777 867
69 263
532 702
710 984
11 240
745 811
206 358
377 707
295 751
141 142
247 862
356 638
457 612
279 946
829 916
