650 581
429054 655976 630370 453011 835024 452354 945404 361481 586791 379164 872740 81537 152145 749360 989235 693088 3974 713586 591599 999618 832312 527068 861957 453636 168684 506461 998818 790029 205568 16593 88275 197740 445998 843507 686237 773675 452782 898986 964827 859954 35127 906876 358265 132028 388407 468397 910834 767993 102811 866891 755865 337572 982825 593682 583838 741305 473326 428362 419849 429398 324053 181542 644627 474761 382980 55679 288376 795751 681602 385592 80956 105058 365227 110970 250585 63914 404817 151055 840310 492023 779868 684562 796985 349271 68867 20039 17425 343131 766231 869701 21902 515936 658914 774361 87396 149522 887447 635812 372446 965205 41298 838316 106095 687882 624191 647039 358711 712015 452160 84210 84394 57034 435083 229980 112151 974126 520619 413104 674539 114496 168371 920426 750532 709819 344882 254364 738587 878342 411640 308479 502616 46405 796416 994237 505083 344052 505843 617141 359652 159961 36163 759600 418454 277379 36512 537790 622671 371885 798741 81112 715239 151729 347920 866738 80045 72400 374236 384870 61196 853159 872649 16798 522102 181183 821344 89634 53995 417880 665726 864900 136813 516093 976474 77960 783130 773608 84277 139388 529266 572857 490888 502714 257214 59694 652485 155150 150479 103104 756833 316033 408861 830570 662759 399260 176805 828792 495758 42679 945911 15624 345445 174731 127465 719217 48677 511231 312003 453210 269782 715136 636252 364422 598518 843794 278977 361504 837773 92650 323191 781605 377596 178196 743804 888467 254137 176580 317610 226482 346443 327129 294852 901489 627549 810793 844005 102314 990477 918804 587398 816950 833929 586193 611477 376263 334849 423167 24488 355734 294629 435099 447579 529768 89345 816758 787843 46476 644768 535084 460871 240972 496707 824668 559258 604150 428832 126586 249910 345743 605815 50770 652651 412813 741815 44455 989965 10801 369841 927982 579926 527576 798515 15159 318575 71732 935629 991860 300592 735818 144213 740980 659461 662137 693566 114445 328189 740027 931923 242796 642462 899760 83867 644670 899670 431572 474628 152018 967553 112635 108000 324730 204492 965436 896620 392118 668369 421757 422241 240270 975437 451619 877559 223707 701144 60940 757035 922681 780721 619409 529939 408050 38971 372114 496256 395277 243851 835022 689082 372004 19853 443530 683195 342812 926696 38349 20942 143580 260760 795596 526077 272494 843465 900636 429945 720656 321626 413925 779746 455633 175377 188405 972210 948741 841557 953088 246812 908121 341760 632667 945484 426875 684687 444101 180853 604457 523464 386589 681141 744383 906207 511110 89512 68596 971835 708334 755546 805538 241963 612327 88319 278048 775193 744898 766491 143621 712222 634251 331596 980735 441142 897042 154994 549735 675655 513277 287702 942501 578717 96871 650980 152293 67244 119109 944509 559152 57983 84317 835867 109288 689183 701721 235225 27859 988312 693061 841432 475750 641157 923195 710132 812808 117643 451943 390361 723861 620715 862476 528803 48480 320759 365465 818735 328059 258227 15171 54007 793657 771470 464198 636851 994700 937666 965328 700390 499048 829275 192843 98491 418659 798548 522816 447703 69526 57245 841091 617936 238581 644843 324231 603435 493713 218122 909406 270309 140995 102361 384165 214096 38471 391679 518080 693797 725210 696259 285100 601266 991457 32856 908030 469318 864189 746690 401294 102631 185802 601524 601619 33727 171632 185246 189926 824902 73554 494546 136583 210588 79484 713557 711099 496927 437345 418919 814820 899593 599569 728708 258123 371841 611354 391911 93893 500346 15187 343262 835186 433960 136345 379823 363623 867323 93180 672936 256570 832710 194319 409281 976368 77363 281886 808486 290095 679463 321102 979774 953599 624502 713746 179459 435911 486029 600333 133783 453548 989253 222040 728240 930656 520510 558126 510784 246609 464479 212862 356484 59257 860412 812855 920034 961794 775601 411786 674579 591822 349400 153823 90221 819701 303746 570581 706372 243539 317854 12265 564224 291630 604326 2774 271079 725392 323839 169821 482458 940620 680015 404038 479500 217974 22227 385627 583203 333498 980443 761162 676859 508289 833754 460023 740323 686899 782008 300096 747166 971171 256167 665766 657980 637897 133314 104124 414901 211659 39921 345325 989490 545577 915056 641693 12921 140323 482867 17077 172481 182670 96822 700103 589229 111790 676056 612804 508952 757423 878873 643360 261767 461989 995759 952471 569843 707540 717735 349763
16 296
51 584
445 620
463 577
286 398
486 639
112 114
425 578
371 503
462 480
463 533
292 474
23 379
186 626
209 625
14 416
156 644
530 532
275 290
104 564
140 328
426 443
468 503
76 156
408 502
127 148
247 325
27 240
212 469
138 263
176 376
347 473
321 361
265 596
338 498
174 644
16 293
78 181
153 387
75 233
378 379
166 294
66 437
135 607
112 578
203 396
11 280
106 198
239 256
191 395
158 233
70 267
136 324
22 592
30 147
8 430
75 548
219 246
385 590
588 636
13 49
14 367
468 636
361 397
14 647
474 573
151 646
124 585
105 520
19 219
306 524
561 581
135 547
216 520
35 624
215 538
143 570
277 457
419 616
265 592
107 129
91 540
129 201
463 646
295 614
108 242
22 571
21 103
275 502
364 533
245 595
290 595
29 404
410 537
20 334
195 480
51 137
23 42
82 174
342 478
94 156
230 419
149 333
76 426
152 225
335 447
110 594
354 527
131 238
95 412
6 308
198 386
329 534
545 590
61 500
44 499
168 627
126 456
380 473
173 363
41 333
87 597
274 591
16 608
117 461
20 117
305 488
105 453
214 584
154 530
1 124
94 354
139 440
182 210
521 522
136 598
223 264
187 610
223 626
223 375
248 361
242 392
365 620
159 203
55 144
631 650
109 245
267 639
6 436
4 593
372 439
358 539
167 557
244 513
298 361
110 217
315 634
386 647
102 562
156 502
288 363
575 612
543 592
99 361
333 523
71 93
290 425
199 508
129 199
202 569
436 490
521 646
153 373
4 14
332 404
87 546
11 257
64 279
66 484
506 631
41 580
50 58
59 476
211 242
61 593
313 584
218 376
419 627
398 599
66 194
8 222
269 570
336 488
148 547
64 222
227 376
235 354
373 445
69 113
100 307
97 316
67 609
163 541
320 558
418 645
170 387
410 581
373 534
240 345
428 460
172 360
72 357
140 397
235 510
526 616
324 496
67 120
221 316
263 407
64 529
239 501
610 631
480 631
418 551
528 558
562 645
431 635
7 158
467 586
331 455
35 90
78 417
242 303
443 649
100 303
140 612
66 333
370 447
24 475
157 308
179 413
70 522
202 491
265 357
162 596
140 316
149 294
292 617
354 557
211 299
159 607
449 642
183 414
210 617
122 189
103 293
61 445
252 641
54 382
213 412
215 613
536 620
191 347
521 605
154 412
387 521
485 580
214 391
413 573
367 416
52 219
176 593
95 148
28 380
119 243
26 561
405 650
134 345
160 475
189 624
336 358
152 524
65 327
214 537
85 581
282 613
19 279
351 577
284 291
106 205
17 293
122 323
44 283
415 618
237 383
11 549
157 637
250 638
17 618
392 515
47 476
315 514
489 599
241 393
76 450
61 132
143 595
216 597
135 154
330 649
52 448
89 223
252 303
319 461
310 369
186 349
11 628
207 228
382 573
59 98
1 524
235 543
254 584
86 580
78 236
165 648
188 301
79 277
95 645
421 439
184 386
441 542
24 314
265 413
138 364
265 369
403 490
45 147
372 626
46 555
513 626
66 179
218 256
189 607
332 372
80 176
277 390
105 212
79 243
178 345
310 490
310 418
26 235
44 463
340 646
141 248
167 298
322 531
172 650
24 264
88 101
428 436
45 174
484 626
35 598
102 565
507 529
297 650
99 165
379 648
255 371
24 239
413 518
314 417
283 405
192 545
148 313
103 161
43 209
111 385
357 608
157 179
236 498
314 408
167 182
457 623
248 451
56 217
125 142
251 426
421 509
137 490
230 524
455 582
409 533
372 454
540 629
72 465
406 551
96 609
101 407
186 531
115 238
65 455
147 283
381 403
419 578
174 382
121 454
323 608
64 509
560 613
572 580
336 356
201 548
355 414
400 427
206 282
149 237
87 545
5 614
401 418
28 579
184 372
152 463
59 196
8 218
228 420
542 646
204 252
257 283
270 336
359 537
66 116
207 564
371 422
208 328
245 412
18 129
26 339
81 247
359 411
96 273
363 448
7 115
51 463
94 165
402 617
135 405
194 376
510 609
79 540
151 600
35 622
89 509
176 212
369 516
378 575
202 317
252 387
96 408
3 173
189 269
100 514
19 494
59 543
383 426
473 521
305 584
42 57
159 320
157 251
476 642
415 533
28 223
239 389
25 279
94 119
226 388
536 590
93 411
149 583
577 602
38 616
374 375
211 301
86 514
264 527
427 626
152 494
172 213
555 603
193 437
411 414
4 169
147 296
304 508
482 561
220 457
226 575
129 189
388 439
97 597
300 327
197 535
331 504
357 647
321 561
61 392
225 235
9 128
450 635
11 634
19 84
22 553
84 624
440 592
277 435
42 265
175 335
88 310
82 521
304 314
232 457
246 372
248 467
349 630
90 363
3 284
133 397
356 529
396 582
275 391
222 404
276 626
337 513
379 610
75 253
238 534
608 613
237 425
120 565
344 401
99 254
376 620
217 289
167 410
291 420
431 526
167 448
186 432
91 495
85 515
586 649
515 576
184 292
174 280
449 513
329 633
93 321
14 577
71 448
470 516
70 462
157 622
31 388
284 417
190 276
48 603
17 143
420 517
332 518
27 550
116 341
365 590
47 363
228 414
569 599
304 486
195 230
478 529
