1 1000 301 500
1 0
1 6 8 9 12 17 25 28 32 35 36 40 45 47 48 50 59 60 70 71 73 76 81 85 88 89 96 99 104 105 116 117 119 131 132 136 140 146 152 153 156 159 162 164 167 171 174 179 183 184 186 188 190 196 197 198 199 202 208 215 219 222 224 226 229 233 234 237 239 241 245 251 252 268 272 273 274 275 277 281 284 287 291 293 296 303 310 311 313 316 318 320 321 326 328 330 332 333 335 343 344 346 347 349 353 356 358 359 362 363 367 368 369 372 373 374 380 382 391 397 402 403 408 415 421 422 424 426 427 432 433 435 438 439 443 444 445 447 454 463 464 465 466 469 470 472 473 478 479 481 485 489 496 497 499 504 507 509 510 516 522 524 529 531 532 534 535 541 543 545 546 549 553 560 562 563 568 570 572 578 579 580 581 583 588 589 590 602 605 607 609 611 615 616 623 628 633 635 636 638 645 646 647 652 653 655 657 662 664 665 667 671 673 676 678 683 684 685 686 687 689 690 691 694 697 700 717 720 721 723 733 740 741 747 748 749 750 753 763 766 769 772 774 775 781 786 791 793 797 799 805 808 813 817 829 834 835 838 839 849 850 851 859 860 863 874 875 881 882 887 893 894 895 896 897 898 905 910 911 913 916 924 925 934 940 944 945 947 949 953 960 974 975 978 980 982 985 987 991 999 1000 
1 95
2 109
4 91
5 115
12 95
13 95
14 102
15 107
16 94
18 101
19 101
23 100
24 116
27 105
28 87
29 96
30 99
31 121
33 115
37 85
38 96
42 104
45 103
46 101
48 103
50 106
52 98
53 104
54 97
55 80
59 103
60 104
61 95
66 96
68 111
72 116
73 93
78 118
79 95
82 100
84 95
86 103
88 86
89 97
90 94
94 108
103 110
104 105
106 109
108 93
113 110
114 94
116 104
117 110
120 108
121 103
124 94
126 98
128 97
130 99
131 95
132 86
133 101
136 85
137 100
138 104
139 98
140 110
141 97
142 97
143 97
145 98
146 93
147 119
148 89
149 105
151 95
152 102
153 105
154 103
156 102
157 95
160 100
162 103
165 99
169 92
170 100
171 104
172 97
175 101
176 94
181 92
182 106
184 105
186 119
187 121
189 115
193 101
194 108
195 89
197 116
198 108
200 78
201 98
202 114
204 94
207 100
208 74
210 98
214 101
215 97
217 96
218 100
219 120
221 104
222 91
227 107
230 92
231 110
232 97
233 85
234 127
235 105
236 93
237 90
238 116
240 110
241 112
242 111
245 115
254 93
256 92
257 108
259 107
260 104
263 80
264 98
265 88
266 90
267 80
268 108
271 86
272 104
274 99
276 102
277 97
278 88
280 87
283 97
285 108
288 112
290 96
294 93
296 102
298 118
299 92
302 104
308 84
312 108
314 97
315 111
316 112
317 122
321 104
322 88
325 92
329 105
330 116
332 108
333 95
335 108
342 87
345 91
346 100
347 112
350 102
352 94
353 128
355 113
357 102
361 88
365 98
368 88
369 100
370 109
372 97
376 101
378 110
379 102
380 91
384 91
385 101
387 106
389 90
390 87
393 89
395 114
396 90
398 88
399 97
400 90
402 104
403 94
406 89
408 104
409 123
412 103
417 89
418 104
419 105
422 98
425 96
426 94
429 89
433 86
435 98
438 83
439 111
440 90
441 112
444 107
447 95
448 98
449 96
452 118
453 89
455 96
456 110
459 112
460 100
462 96
467 96
468 97
469 103
470 95
471 89
472 120
473 121
474 103
475 98
476 92
480 109
481 108
484 97
485 84
489 109
494 90
495 96
501 113
505 97
506 114
507 129
508 120
509 95
510 101
511 108
514 93
516 119
517 101
518 86
519 84
521 89
522 95
529 95
533 125
534 108
535 98
536 102
539 111
543 98
544 102
549 94
550 93
551 98
552 94
556 89
559 98
565 98
567 102
569 106
571 111
572 103
573 79
575 103
576 115
577 103
578 106
580 101
581 102
584 88
585 105
590 84
591 98
594 121
595 78
597 101
598 99
599 109
600 104
602 75
607 90
608 99
609 91
611 107
612 127
613 99
615 90
616 82
618 98
620 105
632 81
634 102
637 85
638 105
639 96
640 108
641 142
642 99
643 95
649 77
653 99
654 95
655 84
658 90
659 87
662 111
663 98
665 101
668 83
670 109
671 96
672 90
673 77
674 98
675 99
676 96
678 98
683 114
684 104
685 80
686 84
689 92
690 105
691 100
693 87
697 90
698 106
700 91
703 93
706 100
707 107
709 103
710 99
712 93
713 102
714 82
716 92
718 107
719 89
721 89
725 92
726 86
729 102
730 107
731 91
732 89
734 104
735 117
736 94
737 111
738 107
742 110
744 82
746 91
748 105
749 103
750 91
751 112
752 100
755 98
758 93
759 97
764 109
765 100
766 103
769 106
772 105
773 99
776 95
777 107
779 89
780 106
781 107
782 91
785 101
787 108
791 96
793 119
794 105
804 99
805 100
806 111
807 125
809 93
811 101
812 98
816 97
820 104
823 104
825 108
827 101
828 102
829 104
831 110
834 102
838 92
841 94
842 113
843 112
845 108
846 99
849 110
852 102
854 95
856 83
862 90
863 100
864 91
868 115
871 85
872 96
875 91
876 102
877 95
878 101
880 109
881 113
882 88
884 100
885 107
887 90
888 113
895 99
896 115
897 98
899 121
900 89
903 92
906 90
908 100
909 108
914 98
915 100
917 109
920 83
921 95
922 106
923 92
924 86
927 98
928 103
929 84
931 75
932 89
935 96
936 102
937 97
938 100
939 93
940 113
941 115
942 100
943 108
944 127
945 104
946 97
947 95
951 88
955 97
956 104
958 99
960 112
963 95
965 95
966 96
968 101
970 90
971 111
975 109
976 116
977 117
980 106
982 91
983 94
984 105
993 97
995 79
997 119
998 96
999 102
