1 1000 3 784
2 0
1 250 1000 
7 863
10 993
13 1018
15 1027
17 944
21 975
30 940
36 981
40 936
42 859
47 877
51 888
53 911
56 845
57 791
59 809
63 829
69 797
70 702
74 733
76 703
78 675
82 633
88 633
91 555
92 541
94 559
95 538
97 495
102 499
105 476
107 410
112 436
113 418
117 349
118 346
121 296
122 293
126 272
128 265
136 245
137 232
138 238
140 183
142 186
143 187
147 155
150 163
153 138
158 120
159 106
160 103
161 108
166 86
168 73
171 51
172 71
173 60
180 57
183 43
184 42
187 32
188 37
189 24
191 12
197 21
199 19
201 10
203 13
204 12
205 2
206 10
210 8
211 16
212 6
213 6
216 5
219 3
223 1
226 1
228 2
233 1
247 1
248 1
250 99
251 100
252 88
253 124
254 123
255 106
256 82
257 97
258 107
259 86
260 107
261 112
262 97
263 102
264 95
265 102
266 92
267 90
268 92
269 101
270 107
271 99
272 91
273 130
274 97
276 104
277 83
278 82
279 106
280 104
281 108
282 101
283 99
284 98
285 105
286 93
287 100
288 105
289 104
290 107
291 96
292 103
293 102
295 81
296 110
297 100
298 101
299 77
300 105
301 106
302 82
303 106
304 108
305 90
306 108
307 103
308 112
309 102
310 95
311 98
312 103
313 101
314 106
315 84
316 111
317 111
318 99
319 90
320 118
321 96
322 95
323 108
324 88
325 91
326 113
327 112
328 101
329 118
330 109
332 126
333 101
334 104
335 99
336 99
337 102
338 104
339 112
340 99
342 90
343 112
344 82
345 94
346 105
347 99
348 129
349 105
350 106
351 81
353 91
354 95
355 82
356 85
357 107
358 97
359 97
360 122
361 97
362 80
363 93
364 86
366 104
367 95
368 112
369 81
371 105
372 103
373 104
374 89
375 98
376 100
377 99
378 98
379 112
380 90
381 95
382 87
383 97
384 93
385 108
386 103
387 110
388 105
389 112
390 110
391 98
392 106
393 85
394 72
395 90
396 127
397 113
398 111
399 89
400 120
401 95
402 98
403 91
404 97
405 88
406 100
407 86
408 102
410 90
413 121
414 118
415 111
417 119
418 103
420 87
421 86
422 106
423 94
424 105
425 105
426 117
427 97
428 112
429 101
430 98
431 106
432 119
433 91
434 94
435 89
436 92
437 109
438 83
439 93
440 104
441 105
442 97
443 99
444 96
445 98
446 96
447 116
448 107
449 101
450 100
451 101
452 93
453 89
454 86
455 95
456 116
457 82
458 90
459 103
461 86
462 114
463 99
464 94
465 96
466 100
467 125
468 110
469 120
470 102
471 117
472 101
473 102
474 84
475 116
476 93
477 117
479 98
480 99
481 94
482 89
483 119
484 86
485 112
486 122
487 78
488 113
489 84
490 86
491 92
492 91
493 94
495 96
496 112
497 85
498 98
499 125
500 104
501 95
502 117
503 84
504 97
505 95
506 90
508 107
509 92
510 98
511 97
512 102
513 111
514 114
515 99
516 116
517 88
518 106
519 99
520 100
521 95
522 101
523 111
524 107
525 98
526 106
527 110
530 94
532 98
533 105
534 94
535 108
536 97
537 90
539 104
540 101
541 111
543 94
544 104
545 79
546 94
547 106
548 96
549 105
550 114
551 89
552 106
553 101
554 87
555 89
556 115
557 102
558 91
559 91
560 100
561 101
562 98
563 90
564 85
565 112
566 106
567 105
568 99
569 91
570 114
571 83
572 95
573 103
574 102
575 104
576 89
577 96
578 107
579 91
580 109
581 84
582 102
583 100
584 101
585 107
586 87
587 92
588 91
589 95
590 102
592 91
593 93
594 82
595 97
596 94
597 88
598 112
599 96
600 100
601 77
602 85
603 105
604 112
605 100
606 105
607 108
608 100
609 101
610 97
611 94
612 81
613 91
614 90
615 111
616 107
617 96
618 109
619 101
620 93
621 94
622 103
623 81
624 101
625 100
626 106
627 121
628 116
629 100
630 101
631 110
632 106
633 101
634 99
635 104
636 103
637 118
638 103
639 104
641 100
643 114
644 75
645 97
646 103
647 90
648 94
649 104
650 114
651 123
652 108
653 97
654 91
655 77
656 103
657 105
658 116
659 88
661 89
662 100
663 104
664 92
665 86
667 113
668 109
669 95
670 104
672 93
673 106
674 85
675 105
676 103
677 97
678 96
680 107
681 103
682 101
685 94
686 116
687 91
688 105
689 103
690 96
691 110
692 110
693 88
694 112
695 106
696 99
697 98
698 101
700 92
701 91
702 107
703 103
704 99
705 105
706 98
707 109
708 132
709 101
710 97
711 101
712 110
713 109
714 103
715 90
716 90
717 109
718 86
719 94
720 86
721 109
722 92
723 90
724 95
725 93
726 107
727 114
728 102
729 107
730 97
731 118
733 113
734 85
735 97
736 99
738 98
739 84
740 96
741 96
742 118
743 103
744 89
745 92
746 91
747 85
748 107
749 99
750 102
751 104
752 101
753 94
754 100
755 111
756 95
757 99
758 102
760 115
762 104
763 79
764 107
765 94
766 90
767 92
769 94
770 99
771 93
772 96
773 95
774 118
775 104
776 98
777 91
778 109
779 118
780 103
781 95
782 85
783 90
784 90
785 102
786 106
787 87
788 100
791 114
792 85
793 101
794 95
795 101
796 96
797 88
798 108
799 98
800 82
801 103
802 84
803 101
804 110
805 108
806 82
807 95
808 113
809 101
810 101
811 83
812 122
813 102
814 105
815 108
816 107
817 105
818 98
819 116
820 98
821 118
822 89
823 91
825 99
826 92
827 103
828 96
829 81
830 92
831 102
832 99
833 99
834 127
835 110
836 104
837 108
838 85
839 89
840 89
841 98
842 110
843 89
844 113
845 99
846 94
847 109
848 119
849 104
850 97
851 108
852 92
853 104
854 89
855 97
856 86
857 83
858 94
859 90
860 106
861 106
863 91
864 107
865 96
866 102
867 96
868 105
869 87
870 78
871 95
872 104
873 100
874 95
875 96
876 110
877 95
878 93
879 95
881 101
882 99
883 117
884 84
885 104
886 99
887 94
888 90
889 94
890 105
891 93
892 82
893 101
894 114
895 105
896 92
897 105
899 130
900 108
901 104
902 100
904 89
905 113
906 94
907 103
908 101
909 110
911 103
913 88
914 82
915 115
916 101
917 111
918 96
919 108
920 117
921 92
922 103
923 93
924 105
925 111
926 106
927 101
928 95
929 101
930 100
931 103
932 90
933 112
934 101
935 111
936 97
937 88
938 92
939 84
940 97
941 95
942 97
943 96
944 102
945 103
946 114
947 102
948 103
949 119
950 99
951 94
952 97
953 106
954 98
955 105
956 98
957 103
958 128
959 105
960 90
961 93
962 106
963 107
964 96
965 102
966 92
967 118
968 100
971 99
972 97
973 102
974 107
975 91
976 89
978 93
979 77
980 106
981 104
982 104
984 112
985 99
986 113
987 84
988 113
989 80
990 102
992 111
993 96
994 105
995 101
996 101
997 103
998 119
999 85
