1 1000 3 998
2 0
1 500 1000 
1 145
2 163
3 164
4 166
5 170
6 140
7 158
8 156
9 170
10 169
11 155
12 152
13 163
14 141
15 163
16 161
17 157
18 173
19 181
20 167
21 161
22 168
23 152
24 155
25 177
26 169
27 186
28 153
29 164
30 170
31 140
32 161
33 164
34 141
35 149
36 158
37 159
38 167
39 160
40 162
41 150
42 161
43 148
44 167
45 165
46 165
47 162
48 139
49 149
50 147
51 149
52 138
53 158
54 158
55 153
56 135
57 128
58 158
59 146
60 152
61 136
62 140
63 148
64 148
65 150
66 132
67 150
68 127
69 133
70 149
71 147
72 128
73 148
74 139
75 159
76 145
77 118
78 127
79 133
80 117
81 126
82 141
83 138
84 122
85 123
86 161
87 130
88 142
89 134
90 103
91 135
92 108
93 137
94 138
95 141
96 127
97 109
98 133
99 114
100 121
101 117
102 100
103 124
104 127
105 126
106 110
107 108
108 108
109 107
110 116
111 134
112 117
113 109
114 85
115 121
116 106
117 103
118 112
119 117
120 96
121 96
122 95
123 110
124 114
125 84
126 90
127 109
128 94
129 108
130 114
131 100
132 73
133 68
134 90
135 72
136 106
137 89
138 110
139 95
140 86
141 85
142 87
143 85
144 91
145 76
146 75
147 82
148 87
149 78
150 76
151 83
152 74
153 90
154 64
155 87
156 82
157 67
158 86
159 82
160 72
161 75
162 74
163 71
164 67
165 73
166 78
167 82
168 52
169 55
170 57
171 70
172 48
173 62
174 56
175 83
176 56
177 52
178 66
179 63
180 67
181 67
182 52
183 63
184 59
185 43
186 67
187 55
188 50
189 64
190 57
191 47
192 51
193 38
194 50
195 49
196 52
197 54
198 48
199 45
200 37
201 43
202 46
203 41
204 50
205 45
206 47
207 41
208 46
209 49
210 38
211 45
212 42
213 48
214 44
215 51
216 49
217 44
218 36
219 48
220 46
221 39
222 38
223 48
224 44
225 46
226 47
227 44
228 49
229 40
230 45
231 40
232 34
233 37
234 27
235 45
236 31
237 44
238 38
239 42
240 33
241 27
242 40
243 43
244 44
245 44
246 39
247 36
248 36
249 42
250 35
251 41
252 40
253 34
254 49
255 43
256 37
257 42
258 45
259 39
260 52
261 35
262 40
263 39
264 36
265 36
266 39
267 56
268 30
269 44
270 30
271 43
272 46
273 45
274 48
275 38
276 29
277 43
278 34
279 44
280 41
281 41
282 51
283 32
284 41
285 46
286 33
287 40
288 42
289 54
290 48
291 41
292 41
293 33
294 43
295 51
296 50
297 44
298 46
299 46
300 46
301 49
302 46
303 58
304 60
305 58
306 55
307 58
308 50
309 48
310 61
311 55
312 66
313 59
314 53
315 64
316 58
317 63
318 48
319 58
320 65
321 59
322 57
323 52
324 48
325 74
326 65
327 61
328 64
329 71
330 68
331 68
332 60
333 71
334 72
335 79
336 72
337 83
338 57
339 75
340 82
341 87
342 76
343 63
344 77
345 80
346 79
347 90
348 101
349 69
350 84
351 76
352 86
353 77
354 69
355 80
356 86
357 80
358 91
359 79
360 69
361 87
362 88
363 93
364 97
365 83
366 76
367 90
368 87
369 99
370 98
371 94
372 95
373 103
374 95
375 98
376 93
377 86
378 91
379 94
380 97
381 87
382 86
383 112
384 104
385 95
386 106
387 98
388 114
389 106
390 132
391 115
392 101
393 109
394 110
395 116
396 127
397 122
398 119
399 133
400 107
401 118
402 120
403 124
404 110
405 127
406 112
407 149
408 119
409 119
410 119
411 136
412 99
413 116
414 152
415 156
416 119
417 139
418 126
419 152
420 124
421 129
422 128
423 129
424 142
425 144
426 121
427 129
428 120
429 147
430 129
431 140
432 144
433 142
434 133
435 140
436 167
437 140
438 144
439 162
440 150
441 140
442 137
443 153
444 140
445 148
446 138
447 153
448 180
449 164
450 121
451 161
452 142
453 129
454 158
455 139
456 159
457 165
458 154
459 157
460 173
461 147
462 157
463 155
464 155
465 148
466 173
467 182
468 156
469 178
470 153
471 150
472 161
473 161
474 189
475 162
476 150
477 161
478 154
479 165
480 175
481 147
482 181
483 187
484 143
485 174
486 159
487 160
488 150
489 156
490 162
491 164
492 160
493 158
494 155
495 171
496 167
497 150
498 187
499 157
501 142
502 168
503 166
504 182
505 180
506 155
507 166
508 170
509 153
510 166
511 152
512 150
513 179
514 141
515 146
516 168
517 152
518 151
519 163
520 168
521 142
522 170
523 165
524 146
525 148
526 172
527 164
528 155
529 160
530 168
531 166
532 149
533 159
534 143
535 160
536 168
537 164
538 171
539 153
540 161
541 165
542 156
543 152
544 134
545 138
546 169
547 148
548 166
549 166
550 161
551 154
552 135
553 181
554 136
555 159
556 164
557 147
558 141
559 155
560 154
561 158
562 140
563 147
564 156
565 140
566 146
567 136
568 150
569 139
570 137
571 158
572 127
573 130
574 132
575 124
576 117
577 133
578 145
579 129
580 129
581 133
582 113
583 134
584 137
585 147
586 142
587 139
588 134
589 130
590 114
591 119
592 121
593 125
594 124
595 123
596 124
597 108
598 103
599 109
600 120
601 116
602 104
603 126
604 120
605 109
606 134
607 105
608 116
609 93
610 111
611 100
612 110
613 111
614 116
615 103
616 110
617 107
618 105
619 111
620 98
621 105
622 84
623 113
624 99
625 116
626 99
627 91
628 89
629 96
630 94
631 91
632 102
633 101
634 92
635 90
636 85
637 76
638 95
639 115
640 86
641 71
642 93
643 80
644 79
645 86
646 99
647 88
648 84
649 72
650 77
651 84
652 70
653 72
654 90
655 70
656 69
657 65
658 66
659 59
660 73
661 80
662 88
663 65
664 70
665 66
666 77
667 66
668 62
669 66
670 73
671 62
672 61
673 75
674 44
675 69
676 54
677 58
678 56
679 62
680 60
681 68
682 72
683 69
684 49
685 51
686 55
687 61
688 67
689 55
690 35
691 45
692 69
693 56
694 59
695 63
696 52
697 51
698 49
699 47
700 54
701 42
702 57
703 46
704 49
705 54
706 52
707 47
708 43
709 43
710 54
711 61
712 40
713 49
714 42
715 41
716 36
717 46
718 40
719 44
720 41
721 46
722 45
723 38
724 39
725 49
726 42
727 39
728 37
729 34
730 34
731 45
732 28
733 38
734 29
735 41
736 38
737 26
738 47
739 49
740 39
741 35
742 22
743 34
744 44
745 34
746 37
747 34
748 35
749 36
750 46
751 37
752 41
753 36
754 39
755 39
756 43
757 19
758 40
759 50
760 40
761 28
762 34
763 31
764 25
765 43
766 52
767 30
768 38
769 45
770 30
771 43
772 36
773 34
774 39
775 39
776 46
777 32
778 42
779 50
780 51
781 39
782 45
783 40
784 36
785 40
786 55
787 48
788 39
789 42
790 57
791 48
792 47
793 35
794 39
795 45
796 52
797 45
798 49
799 46
800 44
801 54
802 55
803 46
804 35
805 45
806 42
807 43
808 37
809 62
810 51
811 52
812 50
813 63
814 53
815 68
816 42
817 56
818 61
819 64
820 70
821 61
822 61
823 60
824 66
825 68
826 57
827 71
828 67
829 65
830 58
831 79
832 59
833 73
834 67
835 75
836 87
837 62
838 79
839 77
840 67
841 70
842 72
843 77
844 84
845 79
846 73
847 76
848 71
849 68
850 68
851 81
852 87
853 83
854 99
855 71
856 88
857 92
858 67
859 93
860 106
861 87
862 90
863 101
864 100
865 85
866 68
867 98
868 95
869 97
870 113
871 92
872 101
873 89
874 113
875 96
876 117
877 106
878 108
879 97
880 95
881 112
882 91
883 109
884 115
885 115
886 88
887 106
888 114
889 94
890 109
891 107
892 109
893 116
894 138
895 127
896 103
897 110
898 120
899 158
900 108
901 106
902 129
903 128
904 116
905 102
906 136
907 122
908 124
909 123
910 125
911 137
912 132
913 145
914 125
915 128
916 137
917 124
918 136
919 153
920 141
921 150
922 128
923 119
924 129
925 139
926 139
927 123
928 144
929 139
930 128
931 150
932 158
933 126
934 138
935 142
936 143
937 137
938 132
939 145
940 138
941 138
942 155
943 141
944 146
945 171
946 147
947 137
948 142
949 147
950 155
951 137
952 147
953 137
954 146
955 144
956 156
957 139
958 160
959 150
960 167
961 152
962 173
963 153
964 142
965 156
966 166
967 166
968 155
969 168
970 161
971 188
972 153
973 158
974 171
975 154
976 184
977 152
978 170
979 180
980 172
981 159
982 177
983 154
984 160
985 142
986 161
987 158
988 164
989 165
990 187
991 158
992 173
993 149
994 191
995 186
996 159
997 180
998 178
999 160
