1 1000 3 1000
2 0
50 500 900 
1 6
2 7
3 7
4 14
5 14
6 14
7 14
8 13
9 21
10 21
11 21
12 20
13 21
14 21
15 21
16 27
17 28
18 28
19 27
20 28
21 28
22 27
23 28
24 28
25 34
26 35
27 35
28 34
29 35
30 34
31 35
32 35
33 34
34 35
35 34
36 42
37 41
38 42
39 41
40 42
41 41
42 42
43 41
44 42
45 41
46 42
47 41
48 42
49 48
50 49
51 48
52 49
53 48
54 49
55 48
56 48
57 49
58 48
59 49
60 48
61 49
62 48
63 48
64 56
65 55
66 55
67 56
68 55
69 55
70 56
71 55
72 56
73 55
74 55
75 56
76 55
77 55
78 56
79 55
80 55
81 63
82 62
83 62
84 62
85 63
86 62
87 62
88 62
89 63
90 62
91 62
92 63
93 62
94 62
95 62
96 63
97 62
98 62
99 62
100 70
101 69
102 69
103 69
104 69
105 69
106 70
107 69
108 69
109 69
110 69
111 70
112 69
113 69
114 69
115 69
116 70
117 69
118 69
119 69
120 69
121 76
122 76
123 77
124 76
125 76
126 76
127 76
128 76
129 76
130 76
131 76
132 77
133 76
134 76
135 76
136 76
137 76
138 76
139 76
140 76
141 76
142 77
143 76
144 83
145 83
146 83
147 83
148 83
149 83
150 83
151 83
152 83
153 83
154 83
155 83
156 83
157 83
158 83
159 83
160 83
161 83
162 83
163 83
164 83
165 83
166 83
167 83
168 83
169 90
170 90
171 90
172 90
173 90
174 90
175 90
176 90
177 90
178 90
179 90
180 89
181 90
182 90
183 90
184 90
185 90
186 90
187 90
188 90
189 90
190 90
191 90
192 90
193 90
194 90
195 90
196 96
197 97
198 97
199 97
200 97
201 97
202 97
203 96
204 97
205 97
206 97
207 97
208 97
209 97
210 96
211 97
212 97
213 97
214 97
215 97
216 97
217 96
218 97
219 97
220 97
221 97
222 97
223 97
224 96
225 104
226 104
227 104
228 104
229 103
230 104
231 104
232 104
233 103
234 104
235 104
236 104
237 104
238 103
239 104
240 104
241 104
242 103
243 104
244 104
245 104
246 104
247 103
248 104
249 104
250 104
251 103
252 104
253 104
254 104
255 104
256 110
257 111
258 111
259 110
260 111
261 111
262 110
263 111
264 111
265 111
266 110
267 111
268 111
269 110
270 111
271 111
272 110
273 111
274 111
275 111
276 110
277 111
278 111
279 110
280 111
281 111
282 110
283 111
284 111
285 110
286 111
287 111
288 111
289 117
290 118
291 117
292 118
293 118
294 117
295 118
296 117
297 118
298 118
299 117
300 118
301 118
302 117
303 118
304 117
305 118
306 118
307 117
308 118
309 117
310 118
311 118
312 117
313 118
314 118
315 117
316 118
317 117
318 118
319 118
320 117
321 118
322 117
323 118
324 125
325 124
326 125
327 124
328 125
329 124
330 125
331 124
332 125
333 124
334 125
335 124
336 125
337 125
338 124
339 125
340 124
341 125
342 124
343 125
344 124
345 125
346 124
347 125
348 124
349 125
350 124
351 125
352 125
353 124
354 125
355 124
356 125
357 124
358 125
359 124
360 125
361 131
362 132
363 131
364 132
365 131
366 132
367 131
368 131
369 132
370 131
371 132
372 131
373 132
374 131
375 132
376 131
377 131
378 132
379 131
380 132
381 131
382 132
383 131
384 132
385 131
386 132
387 131
388 131
389 132
390 131
391 132
392 131
393 132
394 131
395 132
396 131
397 132
398 131
399 131
400 139
401 138
402 139
403 138
404 138
405 139
406 138
407 138
408 139
409 138
410 138
411 139
412 138
413 139
414 138
415 138
416 139
417 138
418 138
419 139
420 138
421 139
422 138
423 138
424 139
425 138
426 138
427 139
428 138
429 139
430 138
431 138
432 139
433 138
434 138
435 139
436 138
437 138
438 139
439 138
440 139
441 145
442 145
443 145
444 146
445 145
446 145
447 146
448 145
449 145
450 145
451 146
452 145
453 145
454 146
455 145
456 145
457 145
458 146
459 145
460 145
461 146
462 145
463 145
464 145
465 146
466 145
467 145
468 146
469 145
470 145
471 146
472 145
473 145
474 145
475 146
476 145
477 145
478 146
479 145
480 145
481 145
482 146
483 145
484 152
485 152
486 153
487 152
488 152
489 152
490 152
491 153
492 152
493 152
494 152
495 152
496 153
497 152
498 152
499 152
500 153
501 6
502 7
503 7
504 14
505 14
506 14
507 14
508 13
509 21
510 21
511 21
512 20
513 21
514 21
515 21
516 27
517 28
518 28
519 27
520 28
521 28
522 27
523 28
524 28
525 34
526 35
527 35
528 34
529 35
530 34
531 35
532 35
533 34
534 35
535 34
536 42
537 41
538 42
539 41
540 42
541 41
542 42
543 41
544 42
545 41
546 42
547 41
548 42
549 48
550 49
551 48
552 49
553 48
554 49
555 48
556 48
557 49
558 48
559 49
560 48
561 49
562 48
563 48
564 56
565 55
566 55
567 56
568 55
569 55
570 56
571 55
572 56
573 55
574 55
575 56
576 55
577 55
578 56
579 55
580 55
581 63
582 62
583 62
584 62
585 63
586 62
587 62
588 62
589 63
590 62
591 62
592 63
593 62
594 62
595 62
596 63
597 62
598 62
599 62
600 70
601 69
602 69
603 69
604 69
605 69
606 70
607 69
608 69
609 69
610 69
611 70
612 69
613 69
614 69
615 69
616 70
617 69
618 69
619 69
620 69
621 76
622 76
623 77
624 76
625 76
626 76
627 76
628 76
629 76
630 76
631 76
632 77
633 76
634 76
635 76
636 76
637 76
638 76
639 76
640 76
641 76
642 77
643 76
644 83
645 83
646 83
647 83
648 83
649 83
650 83
651 83
652 83
653 83
654 83
655 83
656 83
657 83
658 83
659 83
660 83
661 83
662 83
663 83
664 83
665 83
666 83
667 83
668 83
669 90
670 90
671 90
672 90
673 90
674 90
675 90
676 90
677 90
678 90
679 90
680 89
681 90
682 90
683 90
684 90
685 90
686 90
687 90
688 90
689 90
690 90
691 90
692 90
693 90
694 90
695 90
696 96
697 97
698 97
699 97
700 97
701 97
702 97
703 96
704 97
705 97
706 97
707 97
708 97
709 97
710 96
711 97
712 97
713 97
714 97
715 97
716 97
717 96
718 97
719 97
720 97
721 97
722 97
723 97
724 96
725 104
726 104
727 104
728 104
729 103
730 104
731 104
732 104
733 103
734 104
735 104
736 104
737 104
738 103
739 104
740 104
741 104
742 103
743 104
744 104
745 104
746 104
747 103
748 104
749 104
750 104
751 103
752 104
753 104
754 104
755 104
756 110
757 111
758 111
759 110
760 111
761 111
762 110
763 111
764 111
765 111
766 110
767 111
768 111
769 110
770 111
771 111
772 110
773 111
774 111
775 111
776 110
777 111
778 111
779 110
780 111
781 111
782 110
783 111
784 111
785 110
786 111
787 111
788 111
789 117
790 118
791 117
792 118
793 118
794 117
795 118
796 117
797 118
798 118
799 117
800 118
801 118
802 117
803 118
804 117
805 118
806 118
807 117
808 118
809 117
810 118
811 118
812 117
813 118
814 118
815 117
816 118
817 117
818 118
819 118
820 117
821 118
822 117
823 118
824 125
825 124
826 125
827 124
828 125
829 124
830 125
831 124
832 125
833 124
834 125
835 124
836 125
837 125
838 124
839 125
840 124
841 125
842 124
843 125
844 124
845 125
846 124
847 125
848 124
849 125
850 124
851 125
852 125
853 124
854 125
855 124
856 125
857 124
858 125
859 124
860 125
861 131
862 132
863 131
864 132
865 131
866 132
867 131
868 131
869 132
870 131
871 132
872 131
873 132
874 131
875 132
876 131
877 131
878 132
879 131
880 132
881 131
882 132
883 131
884 132
885 131
886 132
887 131
888 131
889 132
890 131
891 132
892 131
893 132
894 131
895 132
896 131
897 132
898 131
899 131
900 139
901 138
902 139
903 138
904 138
905 139
906 138
907 138
908 139
909 138
910 138
911 139
912 138
913 139
914 138
915 138
916 139
917 138
918 138
919 139
920 138
921 139
922 138
923 138
924 139
925 138
926 138
927 139
928 138
929 139
930 138
931 138
932 139
933 138
934 138
935 139
936 138
937 138
938 139
939 138
940 139
941 145
942 145
943 145
944 146
945 145
946 145
947 146
948 145
949 145
950 145
951 146
952 145
953 145
954 146
955 145
956 145
957 145
958 146
959 145
960 145
961 146
962 145
963 145
964 145
965 146
966 145
967 145
968 146
969 145
970 145
971 146
972 145
973 145
974 145
975 146
976 145
977 145
978 146
979 145
980 145
981 145
982 146
983 145
984 152
985 152
986 153
987 152
988 152
989 152
990 152
991 153
992 152
993 152
994 152
995 152
996 153
997 152
998 152
999 152
1000 154
