752 464
33JJ66YYMM33BBKKOOZZIIMM11YYKKHHQQNNXXSSQQSSUUIIPP99KKMM0088QQGGBB55AAMM77VVKKIIZZYYOO88IIYY11EE4433GGRRWW66662222SSVV9999HHLLUU88IIYYPP99RRLL0099RR3333WWFF66JJXXLLFFZZGGHHCCRR22KKVVBBNNGGLLIIBB22EESSKKEEDDQQUURRDDPPFF22QQ6622ZZXXOO77CCWWCCZZZZSS22YY33MMJJ33AAJJCCWWEEDDAAGGTTQQAA9900LLJJEEQQ33PP88DDSSHHMMMMTTLLJJZZ77SS6688UULL004422EETTZZNNAA33HHQQII113366HH55UU44ZZRR88YY55JJEE77UULLVVIIZZXXAAII22XXLLPPLL1177SSUUPP77WWXXWWSSQQ11UUXX77LLZZ88SSZZEE33NNXX00RRQQKKBBJJFFVVVV661144MMWW00XXXX55XXIIJJUUYYRRHHRRWWMMPP00XXPPNNGG22QQUUSSYY8866JJ88HH9944PPSS9900MMWWEEWWSSFF66HH77HH77TT11FF66DDBBQQ6666ZZCCVVWWGG66KK11VV4466AAUUKK3366JJWWOO11DD66IIHHII00AAMMLL2277ZZ88ZZ77KKCCSSLLMM99UUEEOO33HH8899FFBB2288UUIIGG6611QQLL773311CC0077LLHHIIHHYY44ZZWWEE22YYYYRR
147 635
443 751
623 742
86 390
732 734
425 656
345 652
168 525
594 659
696 711
524 688
470 536
521 583
48 437
245 716
207 354
705 720
250 359
677 744
8 288
180 594
127 274
665 724
273 451
273 472
721 730
325 721
330 489
277 740
486 658
511 616
144 281
170 290
42 523
581 691
747 747
361 562
67 441
335 672
277 568
580 730
356 570
465 581
184 717
375 504
481 508
117 274
343 415
579 719
16 383
143 639
314 687
111 543
203 721
557 569
594 597
508 549
602 621
430 595
42 747
472 748
491 591
391 680
239 653
37 94
271 435
568 616
351 638
192 685
258 432
270 288
322 619
537 722
290 339
311 451
324 339
312 425
524 645
51 148
296 407
749 749
30 601
68 488
457 742
629 732
156 240
398 618
210 371
90 502
3 261
246 512
627 721
278 545
242 700
609 638
704 752
137 463
387 743
576 619
671 681
605 742
114 419
18 532
445 661
229 611
425 723
196 228
252 342
56 433
482 547
440 546
220 572
31 577
494 729
711 745
397 440
528 543
383 661
2 609
60 287
465 742
702 746
384 628
612 690
8 409
438 466
338 502
192 448
166 191
161 532
526 693
219 365
272 325
134 441
101 569
722 731
379 542
383 636
227 645
44 580
524 717
540 628
167 212
140 665
414 639
565 615
640 651
211 656
393 685
85 481
654 666
723 736
485 750
711 742
305 574
495 652
678 706
598 607
589 601
78 598
686 688
485 561
271 314
655 662
78 640
431 653
716 752
303 473
139 563
439 670
451 640
15 402
570 738
149 453
231 555
641 736
517 682
53 620
440 446
667 705
350 616
405 743
607 618
453 542
737 738
118 697
437 549
595 640
606 649
173 509
290 385
377 629
283 326
474 627
396 498
434 681
734 742
380 424
312 555
204 361
689 743
503 688
695 710
532 591
462 463
651 726
380 552
609 665
226 739
226 555
588 747
67 397
713 726
141 405
375 426
283 545
676 736
46 677
676 741
390 477
439 735
280 539
90 437
60 228
567 649
242 247
177 485
366 546
96 694
275 518
402 407
306 415
298 408
645 708
467 677
697 726
409 462
459 483
559 735
344 711
451 595
260 468
455 639
470 750
244 290
487 551
420 638
727 727
6 671
172 379
549 672
121 365
78 482
98 507
571 571
434 580
130 212
743 747
404 720
416 741
290 618
116 221
647 679
74 576
341 391
362 508
500 740
123 129
618 646
140 158
70 101
635 698
162 403
136 206
289 378
407 547
255 264
499 661
319 379
623 717
302 542
542 551
672 690
332 577
6 85
201 306
383 423
373 457
44 389
230 249
314 472
387 560
267 674
537 620
513 716
731 742
518 654
244 501
404 621
359 450
87 123
218 587
177 317
266 571
519 608
285 671
677 729
269 628
217 338
359 488
660 681
109 522
509 684
638 732
450 601
182 541
527 579
450 525
361 506
511 600
410 563
107 436
440 733
636 699
310 660
505 592
477 526
363 638
566 635
554 727
96 534
68 655
5 668
380 736
161 520
493 530
712 724
680 730
655 747
615 703
280 654
444 696
434 598
642 698
610 727
65 288
67 286
675 704
352 471
643 660
291 618
4 152
369 677
405 656
433 650
522 545
134 539
217 284
556 573
693 741
365 739
47 561
171 200
728 745
289 498
409 428
84 286
269 375
152 281
112 292
495 522
91 178
607 746
706 706
441 618
61 184
189 453
270 664
663 699
677 713
626 742
568 698
541 597
148 652
26 525
225 698
694 695
479 650
231 514
678 709
399 714
703 747
616 617
246 361
390 701
574 595
392 737
678 752
646 655
599 645
363 506
212 564
525 627
706 745
223 748
125 620
31 654
177 465
86 317
492 598
738 745
414 705
604 617
151 398
568 629
654 688
126 359
710 718
395 711
583 620
203 265
236 606
524 682
155 460
161 233
360 554
277 368
13 218
145 422
83 629
124 504
619 692
152 585
264 557
371 702
260 532
465 670
466 500
131 221
410 411
80 308
100 505
680 689
684 731
638 647
202 335
639 650
575 624
262 424
72 386
238 401
50 335
172 420
105 397
2 519
471 719
173 715
378 675
555 578
243 465
348 616
492 547
98 282
612 640
