28 125
333333ZZZ3UUE00000JHHHHHHH2S
7 26
10 18
3 11
10 23
17 21
5 27
11 17
22 28
8 13
12 27
27 27
19 21
11 15
24 28
11 24
27 27
22 25
21 24
17 24
14 26
16 23
7 21
16 26
18 24
2 5
18 20
28 28
13 15
26 28
16 17
14 17
4 20
12 20
16 16
7 25
15 23
23 23
3 16
16 28
12 12
18 18
15 16
14 20
26 27
20 24
20 25
4 8
8 21
20 23
12 22
23 26
7 27
1 7
16 26
26 27
12 15
18 21
28 28
18 18
18 28
13 15
10 14
7 18
19 25
2 25
1 22
16 26
8 27
1 14
13 13
1 18
10 11
4 27
28 28
11 19
3 18
18 28
2 24
2 9
18 23
27 28
28 28
7 10
26 26
7 14
11 22
25 26
17 18
18 19
24 26
9 15
22 27
21 24
11 28
3 14
25 28
20 26
1 22
28 28
18 25
26 28
2 27
27 27
14 14
13 18
2 12
1 23
25 28
20 23
23 23
17 20
11 14
21 25
21 28
21 25
16 25
2 16
24 25
16 25
27 27
13 19
8 10
13 20
4 24
7 11
