835 299
7777UQQGLLLL622EE77II6444TTT99WZZZZ444400HHHEEECCCC66ZZZZUUU3UUUEQAAXXXXRRRRTT8SSSSXCDDJN999966RRRRNNNNM4444NNQQQ0008EEE8888FFBBIII5555000007PPMBBBBFFFMMPVVSSSGR000YYYYNNNPP6XX11144N55XXXXNNJFMMMMVAAAABB888JJJAAAAMMMM1111YYYZFXPNNNZBUUUFFFFQQXXXXMJJHHWPPPAASSS99995555816666MMKKM000DDDDJ7NEEIDDDDOOPPAABBBBVVVVMMMMDDRRR332222ZZWWIIIIIIIG1KK666KKK88888BBB33OO77OIIII9BBBBRRHHHHH444Q1111GY77TTTT225XS8888BBMMMVVVVJDCCCSSSFFFFSSBB5555MMRRDDDSSS44NNN88HHHHXXXORSS9MMMMVVGGGG9UUUU99SSII44VVVVFFMMQQTTTT111122X0000666W88AAAA222GGGGUMMMC9999EEEE555IQHHFFZKKKUUU0CCYYYYGG33WCMMVVVUU444000NNNFFFFGGFFFOOOOYYYGGGOOXVVSSS4HHHHZZZPPKRRRR99XXXXW66TCCCCIIIAAAVVVVYYYV7MMMMUUUU000LWWVEFFFFWCF66CHH6F666CSSSSSSSR1111CDDD111IIIHCCCNNNNSSS000FFF000GNEEEEVVVVNOOOO6666OEEEMMGGFFFFWWWWOOOOJAAAA88DDDDARRR0000G1111222JJJLL8888SRLGGGGJJBBBJHHHHUUSSCCCCIIIM0
30 632
753 793
414 786
293 759
246 660
34 722
75 195
664 694
753 808
833 835
146 682
346 749
805 828
565 778
244 494
403 541
825 831
639 647
781 822
57 98
195 642
30 208
473 595
751 778
371 563
793 793
633 687
458 617
313 834
146 431
40 690
170 183
22 368
661 667
798 824
444 552
700 722
680 695
166 660
319 503
678 714
62 422
814 827
744 800
276 490
399 747
418 433
689 692
620 828
450 463
455 587
559 635
701 798
619 744
737 756
598 689
230 655
475 669
664 738
587 682
124 170
361 562
122 462
62 685
54 602
639 682
113 209
396 710
354 827
2 250
649 674
317 465
669 750
123 459
226 699
237 523
463 646
753 763
717 787
166 354
637 816
137 321
751 800
547 713
4 762
645 831
709 743
583 625
416 567
191 309
213 800
463 788
97 309
137 342
221 316
501 835
535 594
226 270
636 790
819 835
110 133
373 679
495 531
423 476
737 760
788 790
770 821
378 608
552 728
377 447
746 803
811 832
164 500
552 612
584 828
805 835
502 658
206 431
369 576
69 559
263 613
214 650
577 693
516 832
670 789
545 704
219 305
579 704
203 236
774 810
692 782
834 835
498 678
536 659
723 805
766 828
826 830
407 739
59 799
202 284
361 755
557 672
739 749
135 743
653 807
127 260
646 662
728 798
156 714
270 817
479 690
532 739
212 619
557 647
31 402
339 621
770 816
381 565
70 478
173 716
631 681
545 677
626 739
720 779
710 824
541 620
4 463
640 711
400 546
496 521
533 640
752 806
52 133
341 512
590 655
268 684
623 802
611 808
461 557
346 622
614 787
49 98
785 820
622 794
651 652
285 788
342 636
454 488
767 811
39 425
787 817
437 508
14 292
636 720
665 745
88 797
145 688
458 821
828 828
488 822
298 573
235 453
699 819
796 812
164 633
399 741
752 824
403 781
101 138
714 723
473 630
123 628
491 539
761 800
5 732
308 701
658 814
95 338
835 835
242 585
337 487
313 739
213 480
138 310
398 698
376 457
581 709
748 790
62 279
132 443
189 833
421 571
492 652
45 127
392 397
225 419
290 493
92 715
594 692
723 743
746 763
75 281
223 532
474 586
252 550
792 831
617 662
58 287
830 835
282 450
180 723
74 137
35 675
8 462
47 615
209 588
286 495
651 794
75 441
14 262
450 461
649 679
707 816
552 830
306 428
8 126
340 736
178 433
429 456
481 813
118 583
619 643
479 581
783 809
604 750
216 251
625 820
199 298
825 826
678 715
301 632
795 809
734 776
12 168
420 500
63 570
8 131
615 800
688 787
501 732
576 705
331 383
389 807
349 548
631 809
808 826
341 559
110 500
57 89
