246 235 4
0000000000001000000000000000000100000000000000000000000000000000000000000010100000000000000000000010000000001000000000111000000000000000000000000000000000100100000000000000000001000000000000010000000000000010001100000000001000100010000
0010000100000000000000000010000000000000000000000000000000000000000000000001000000000010000000000010000000000010001001000000000010100001000010100000000000100011000000000000000000100100000000000000000001001000001000000001000000000001000
0000010000000000000000100000000010000000000000001001001100100000010000000000001100000000000000000000000000010001000001000100000000000000000010010010000000000000000000000001000000000000000000000100000000000000000101000001000000000000000
0000000000000000000000000000100000001001100000001000100000000000000000000000100000000000000000100110010000000100000010000000000000000000100000010100000000010000000000100000000010000000000001000000000010000100000000000100000010000001010
0000100000110001000010000000000001000110001000000000000000000010000000001000001100100000000000000000100100000000000010000000000011001001000000000001000000000100000001000000000000100000001000001000000000000000000000000000000000010100000
0000000000000100000101100000100000000000000000000010100000010000000100010000000000000000000000000100101001000000000000000000000000101001010000000000010000000000000001100000000001101000000000000000100000000100000010000000000010000010000
0000000000000000000000000000000000000100011000000100000000000000000000000000100000100000000000000000000000000000001000010001100000000000001000000000000000000000000000110000000000000000000010000000000000000000100000000000000000000000000
0000000000000000000000000000110010000100000000000000000000000000000000000001000000000000000000000000100000000000010000010000010000010000000000000000000000000000100100000000001000010100000000000000000010000000000000000000000000010000000
1000000001000000000000001000000000000010010000000000000000000000000000000000000000100100000000011010100000000000000000001000000001000100000001010000000000000000010000000000000010001100000000000000000001000000000000100001000001000010000
0000000101000000000100001001000000000000000000000000000000000000100000000000000000000000000000000100000001010000010001000100001010000000100100000000000000000000000000000000010010000000000000000000010001000100000000100000001010000000001
0000110000001000001000000000000000000000000000000000010000110100000000000000000000000000010000000001000000000101000000000100010000000001000000000101010000000000000000000010000100000001000000010000000000000000001000010000000000000000000
0000000000000001000001100001100000000000000010000000000000010000000000100000000000000000000000000100000010000010100001000000000000100000000100000000000000000000000010100000000000000000000000000000000010010100000000000000000000000010010
0000010000001000001001100000000000100010000000000000001000000000000000000000000000000100000000001000000000000010000000000000000000001010001000010000101000010000000000000000000000100000001000010000001010000000001011000000000000000000000
0000000000000000000000000000000000000000000000000000000001000100000000000000000000111100000000000000000001000000010000000000000000000000100000001000000000010000001100000000010000000100000000000000000001000000100010000000000000000000000
0000000000000001010000000000000001000000000000000000000001000000000000000000010000000100100000000000000000100100000010000000000001010101000010000000100000000010100010001001000000000000000000011000000000000000000000000100000010001000000
0000000000000000010001100000000010000000001100000000010000000001010000000001000100001010100001001010001000000110000000000000000000000001000000001000010000000000100010000010000000000000000000000000000000000000000000000000000000001000100
0000000010000000000000000000000000000000000000000010001000000000000010000100000000000000100000000100001100010000000000000000000000000000000000011000000010000000000000000100001000001010000000010000000010000000000110110000000000001000000
0000000100000000000011001000001000010000000010000000100000000000000000000001000000100000000000000010000001000000100000000000010010000010001000000100000000001001000000000000000000000110010001011100000000000000000000000000001000000000000
0000000000000000000000000010000000001010000000000000000010000000000001000000000000000000000000000000000000010000100000010000000010010100000001000000000000000000000000000100000000000000000000001001000000000000000100000000000000001000000
1100100000000000001000100000000000000000000100000010000100000000000000000000000000000000010000000000100000000000000000000000001000000001000000000010000000000001000000000000000000000001000000000000100000000000000000000101000000010000000
0010000000000110000000000010000110100000000111000000000000000000000001010000000000000000000010000000000000000000001010001000000010000010000000001000000000000000000000000000100000001000001000000000000000000010000100010010000000000000000
1000101000000000010000000000000000000000000000001000000000000100010000000000000001000000000000001001001000000000000010000000000000000000100101000001000000000000000011000000000001011000010000000010000000000000001000000000000101100001000
0000000000000000000000000000000001000000000000000000000000000000010000000000010000000000000000000110000000000000000001000000000001000000000000000000000000000100000000000000000100000000000000000000000000010000001001000100000000000000000
0000100000000000000010000000000000000000000000010000000000000000000000000000010010000000000000000000000000000000001000000010000000000000100000100001000000000000000000000010010010000010000000000000000000000000001000100000010000000000000
0001010000010000000000001000000000100000000010010001100001000000000000000101000000000000001011000000100000000000010000000000010001000000001001000000000000100000000100001000000001000000000000000100000000100000010000000000000000000000000
0001001000000001000010000010001000000000000010010000000000001000000000000000001000000000000000000001000100010001000000000000000001000000000000000000000000000010000000000000000000001000000000000100001000000000100001000001100000000000000
0000000100011000110000001000000000000000001000010000010000000000001000010000000000000000000000010000000000000000010000000000000001000000100000001000000001000000000000001000100000000000000010000000000001000001000001010000000000000000000
0010000000000000001001000000101000000000000000000000000000000000000000000000001000000000000010000000010000000000010000000000000100100000000001000000000000000000000000000010110100000000000000000001000000000010000010100000000000000000001
1010000101000000000010000000000010000000000000000000000000000101000000001000001000010000000010000000000000010000100000100000001000011000010000010000001000000000000000010011000000000110001000011000000010000000000000000100100101000000100
0000000100001000000000000000000000000000100010010000000001001000000000100000001000000000000000000001001010000000000001000001000000000000100001001000000000000000000010000010010010000000000000000000000100000100000000000000000011100000000
0000000000001010000101000000000000001100000001000000000000110000100000000000000000000000000000000000100000100000000000000000000000000000000000010001000000100000000000000000100000000000000000000001001000000000000000000000000000000001000
0000000000010010000000001000000000010001000000001000000000000000000000000010000000001000000000000000100000000001000000000000000000000000000000001000000000000100000000000000000000110000000000011000000000000000000000000000010001000000000
0000000000110000000000100000100000000000000000010000000000000010000000000100000000010010000000000100001000000101000010000000000000000000000000000000001101100000000000000000001001000000000100000010000000101100000000001000000001000000000
0000101000000001000001000000000000000000000000000000000000000010000100000000010100000000100101000000011001000000000000000000000000001000000000000000000000000000000001000100000001000000000000000000000000000000001000001000000000100000000
0010000001001000000001001000000000000010000000000101000000000000010100100000000000000000000000010000000000000000100000000001000000000000000000000000000000000000000100000100000010010000000001000010100000000000000100000000001000000000010
0000000000100000000000011001000000000000000000000000010000001010011000000000000000100000000000000000000000000000000000000000000000000000000000000000000001000010000000000010000000000001001000000010101000000000000000000101100000010000000
0001000000000100000000000010000000000100111011010100000000000100000000000000100000000010010000010010000000100000100000110000001000000001010000000000000000000000000101000000000100000000100000000000100000000000100000100010000000000000000
0000000001000010000000000001000000000000000010000100000100000000000001000001001000000000000001100000000000000000110000110100000000000100000100000000000000000000000000000000000000000001001000000000010000000000000000100000100000000000100
1010000000000100000000000000000000000000000001000010000000000000110000001000001001000011011000000000000000000000000000000000000000000001000000000100000000000000000000100100010000000000100000000010000000000001000000000000000000001000000
0000000000000100000000000100000110000000000000010000000010000000000000100000000000000000000000100000000000000000100000000100000000000001101000001000101000000000001000000000000000000000100000100000000010000000000000000000000000100000001
0001000000000001000101001000000001000000000010100001000000000000000100000100000000000000000000000000000101010000000010000000010011000000000000000000010000000000000000110000001000010010000010000000000001000000010000110000000001000100000
1000000000010000000000000000001000000000000000001001100000000010100000000000000010010000000000000100000000000000000011100000000000000000000000000000000010000000000100010000000000000010010000000101000000000000000000000000011000010000000
0000000000000000000100000000010000010000000001000100000000000001100110000000000000000000000000000000001000000001000000000000001000001000100100000000000000000000000000000001000000000000000000000001000000010000000000000010000000000100000
0101000000000010000000000000100000000000001000000010000000000000000000000000000001000000000000000000010000010010000101000000000000001000000001000000100000000010000000010000000000000000001000000011000000000000000000000000000000100100000
0000000000000110000000000100000100010000000000000000000000000000000000000001000110000000000000000000000000000000000000001000010001000001000000000010000000000001100000000000011000100000000000010000010000000000110100000000000100000100000
0000100010000000000000000000001000000000000000010000000000000000000000000010001000010000000000000000000000000000000000001000000100000101000001000000010000000000000000000100000000000001010000000000000100001000010000000101000000000000000
0000000100000000000100000000100000000001010000000000000001010100000000000010000000100000010000100101000000000000110001001010010100000000000100000010000000000000000000000000000000000100101000000100000000000110000010000000000000000000000
0000010000000000000001000000000000100000000000001000000000010000000000000000000000100000000000010000001000000000000000100100001010000000000110000000000000000100000000000000000001000000000000000101000100010000000000000000010000100000000
0000000000001000000000000100000010100000000000000000000000000000000100000000000010000000000001000000000100000000000100000001000000000100000000000100000000000000000010100000000000000000000000000000000010000000000000000000000000000010000
0000000000000000011000110100010000010000010000000100000010000000000010001001001010010000000000000000100000000000000000100000010000010000000000000100000000000000000000000011000000000000000000000000000000000001000000010000000000000100000
1100000000000000001000000000000000000010000000000000100011000000000000100000000000000001001000000011100000000010000000010000001000000000101000000000001000000010000000000000000000000000000000000000000000000000000000000000000000000000000
0000000010010000000000000000000010000010000000000001000000000000000000000001000000001000000000010000000000000100000010000000000000000000000000000000010000000000000000000000000000000000000001000010000000000100010000100000000000000100100
0100000000000010000000000000000000001010000000110000000000000000000000000001000100000000000000000000010000000000000000000010001000000000000010000000001000100100000000101000000100000000000000000000000000000000010000000001000010000000001
1010001000000000000000000000000100000000010001000000010000001010001000000000000000000000000000000000000000000011000010000000010000000000000000000001000001000000000010000000001001000000000001000000000000001100000000000000000000001000000
0000000001000000000000000000000100000000000000010000000010000010000000010000100101000000001001100000000000010000000000000000000000001100000000000000000000000000001000000000000000000000000000000000001000000001100000000000000010010000000
0100010000000000001001000000001000000000000100000000000000000000010000000000000011000000000000000000000000000000000000000000000001000000000000000000001001000000010001100000100000000000010001000010000000001000000010000010000000000000000
0010100000000010000110000001000000010000000000000100100000001100000100000000000000000010000000000000000001010000000000001000000000000000001000000000000000010000000000000000000000000000000001000100000000000000000000000000100100000000000
0000000001000001000000000100000010000000000000000000000010000000000000001000000000001010000000000000000010000100000010000000000000011110000000000000000001000000001010000000000000001000000000000000000000000000000000000100000000000000000
0000000000000000000000000000000000000100000000010000001000001000001000110000000000000000100000100000000000000001000000000000000000000001101000000100000000000000010000000000001000100000000000000000000000100000000000000001100111000001000
0000000000000000000000000000001001000000011000000100000000000001010010000000000100000000010000011010001100000000000000000100000000000000010000000100000000100010000000000001000000000000000011000100000100010000000000001000000000100000100
0000000000000000001000000000000010000000000010000000000000000000000001000000000000000000000000000001000000000000000000000000000000000000001000000010000100010000000000100000000000000000100001000000000100000000000000000000000000000100100
0000000000000000000000000000100100000000000000000100000000010000000000000000000000000000000000000000000100000011000000000000000000001100000000000010000100010000000000000000000000000000000000100001000000000000100000000010000100000010000
0010000000000000001000010000000000000000100000000010010010000010001000000000000101000000000000000000000100101000000000000010000000000000000000000100000000000000000000000000000100000000101000000000000000000000000000001000000000000100000
0000000000000000000000000100001000000000000001000000000000000000100000101010010000000100000000000000000000001000000000000000000000000000000010000000000000000000000001100000000000000010000000000001000000000000000000001000000000000000000
0100000000010100000010000001000000000000000000000000000000011001000000000000000001000000000000000000000000100001000100000010000000000100000000000000000001000000000100000000000000100100000010000010000000000000000000100000000000000000000
0000000001000000000000000000011000010000000010010010000000000000000001000000000010000011000000000100000000001000000100000000000000000000010000000000000010000001000000001000100010000000001000001010000000000000000000000000000010000010000
0000000000000000100100000000000000000100000000000001000001000011000010000000000001100010000100010000001000000000001000010000100000000000000000010000000000001000000000010000000000100000000000000000100000000000001001000000000000000000000
0000000000000001000000000000000000100000000000000000000000000000000000000000010100000000000000000100000000000000000000000101000000000000000000000000001000000000000000000000000000000000001000000000000000000100001000000000000000010001000
0000000010000100000010000010000000100000000001001000000000000111000000000000000010000000000000000000000000000000000010000000000011000000000000000000000001000000010000000000000000000000001000000000000000000000000000000000110100000000001
1001000010000000010000000010000000011000000000100000000011001000000000000001000001010000000000001000000000000100000000100000000000000000000000000000100000000000000000000100000000000000000000000101000000000000001000000000100000000000100
0000000010000001000000000000000001000000000100000000000000100000100000100000000000000000000000110000000100000000000000000010000000010000000000010001001000000000000100000000000010000000000000000000000000000000010000100000000000000000000
0000000001000000000000011000100000000001000000000010000000000001000000000000000001000000000100100000000000000000100000000000100100000000000010100000100000100100000000010000000000000000000000001000000100000000000000000000001000000000000
0000000000000100001000000000000000100000000000000000100001000000000010000001010100000101000000000100000000100000000001100000000000000000010000000000001000000000000000000000000000000000000000011000000001000000000000000100000000000000000
1000000000000001001000001000000100000000010000000000000000000000001000000000010000001000000000000000000100000000000000000000000001000000000000000010000100100000000000001000000100000100000000000001100000100010000000000000000010100001000
0000000001000000001010000000000000000000001000000000001010000000000000000000000000000000000000001000000000000000000000100010000000011100000000000010000000001000000000010100010001000000100000010110001000000000000001000000000000000001000
0100000000000000000000000001000100010000000001000010000000000000000001101100000000000000001101000001010110000000001000000001000000000000010000111001011000000000000000000100000001000000000000100000000000000000000000000000000000000000000
0001101000000000000010110000000010010000011000000000001000000000000000000010000000010000001010000000000000000010000000011000000000000000000000000010001000000000000000000100000000000100000000000100011000000000000000000001000010000000000
0000001100111000010000000000000001000000000000000000000000000000000000000000000000000000000000001000000010000000000000001001001000000000000000001000000000100000000000000000100100000000000100000000001000000001000000100000001001000000000
0010010100000100010010000000000001100000000101000000010000100000000000000000000000000100000000000000000100000000000000000000000011000000000000000000010000000000000010100000000000101000000000000000010010000000000001010100001000000000000
0010101000000000000001000000000011000000001000000000000001000110000100000000000000000000000010000001100000000000000000000000000000000000000000001001000000000101010000000000000000000000000000101000000000000000000000001000000000100001000
0010000000000000000000000100000000000000000000010000000000000000001000000101000000100000000000000101000011000000000000000000000000000000000000000000000001000000010000000000000000100000000000000010100000000000000000000010000000000000100
0010000000000000001000000010010000100000000010011000001000000000000000001000000010000000000100000000000000000000000000000000000000000100000000001000000010000101000000000001000000001010000000000100000000010001000001010010000100000000100
0000000000000000001000001000000000000000001000000100000000010000000001001001101000000000100010000100000000000100000000000000000010000000001000000000100000010000100001000000000000000000010000000000000000000001001100000000000000000000000
1000000000000000000100000000000001000000010000000010101000101010000001010000000000010000100000000000000000010000000000000000001000000000000001001000000110000000000100000111000000100000000000010000000000001000000000000010000010000100000
1000000000100000000000000000000010000000000000000010000000000000000000000101000000000000000001001010000000000000000000000000100000000010101000000000000000000000000000000000100000000000000000000100000000110000000000010000000000000000000
1000000001100000000100000000000000000000001000000000000000000000000000000000000000000000000000000000000000000000010000000100000000010000001010000001000000000000000000000000001000000000000000000010000000000000000000000100011000000000000
0000000000001010000000000001000000011000000000000000000010000000000000000010000000000000000000000000000100000000000000001000100000011000001000000001000000000000000000010000000010010000000000000000000001000001000000000000100000000000010
0000000000000001100000000000010000010000000010000000000001000100000000000100101000000000000000000000100000000100000000000000000010000010000000100000000001000000001000000000000001000000000001000000000000000000000110000000000000000000000
0000100001000100000000000010000000000000000110000000000000000000000001000000010100000000000000001000000000000000000000000000000000001000000001000000000010000000000000000000000000000000000000000000100000000011000000000010000000000000000
0000000000000000010000000000000000000000000000000000001000000000000000000000000000000000000100000001000010000000000001010000000000000000000001000000010000000100000000000000000100000001000000000010000100000000000001010100110000000000100
0000100000000000000001000010000000000000000000100001001000001000000000000000000100000000000000001000000000000001100000000010000000000000000000000000001100100000010000000001000000000000100100010000000000001000000000001000000000000000000
0000000000000000001000000010000000000001000000000001000000000000000000010000000000000000011000000100000001000001000000100000000000000001010110010010000000000000000000001000000000000000000000000000100000000000000000000000000100001000000
0000000000000001100000101100000000000100000001000000000000000000001100000000000000001000000000000000010000000000000100000000000000000000100001000000001001000100000000000000000000000000000001000000100000010000000000010000000000000000001
0000000000000000000000000000010010000000000101010000000000000000000000000000000000000110000000000000000000000000000000000000100101000000000000001000000000000000000000000010001000100010000000000000000000000000000100000000000001000010100
0000000000000000001000000000000010000011000000000001100000100000010011001000100000000000000000000000000010000010000000100000100000000010000011100000000000000000000000000000000000101000000000100000000000010011000000000000100110100000000
0101000100000000000000000000000101010010100001000100000000000000000100000000000000001001000000000000000001100000000000000000000000100000000010000000000001000100000000000011000011000100000100000000000000000000000000000000010000000001100
1000000001000000000001001000000000000101010000000000000000000100000001100000000000000100000000000100000000000000001000000010000100000000000000000100000000000000000000100000000000011001000000000001000001000000000000000100000000000010100
0001000000000000000000110000000000001001000100001000000110010010000000000001000000000000000100000000000000000000000000000000000010000000000000000001000000000000001000000000001101000001000000000000000100000000100000000000000000000000000
0000011000101000001000000000001000000100000000000000000001000000000001000000000000000000000000000000000010000000001000100000000010000001100000000001001100000000100000000100000000000010000000000000000001000010000000000000000000000010000
0000001000000000000101100100000000000000000000000000000000000000000100000000010000000000000000000000000000000000100000000000000000000000100000000000000000000000100001001110000000000001010000000000000000000000100000010000000000010000001
0010000000000000000010000000000010000000100000001000000000000000000000010000000000010000000000010000001001000011000000000000000000000000000000100011000100000000000000000001001000010000000010000010000000001001000000000010000000000000000
0000000010010000000000000000000000000000000000100000000000000100000000000100000000010000000000100000000000000000000000000000000000000000000000100000011001000000000000000000101000000000000000001101000000000001001010010000000110000010000
1000000000000000000000000000000000000000000000001000000000000000000000000000001000000000100001000000000010000100000100000000000010000100100001000000000000000000000010000000000000100000000000000000000010000100000001000000000000000000001
0100001000000000000000000000000000000001000001001000000000000000000010000100000000001000000000000000000010000000000001000100010000000000000000000000000000000000000000000000000000000100010100001001100000000010000000000000000000000000000
0000010000000000000000000000001011001000000000100000010000000000110000000100010000100000010001000000000000000010010001000000000000000000000000000010000010000100000000000000000000000010000000001000000000000010000000000000000010000000000
0010001000000000000000000010001000000000000000000000000000000000101000100001000000000000000001000000001001010000000110000100000000010000000000000000000000000001001000000000000000001000001000000000000000100000000000010001000000000000001
0000000000000000010000001000000010000000000000000000000100000000000000001000000000000000000000000001001100001001000000100010000000000000000000100000000000000000000000000000000000010000000000010000100000000000000000000010100010000000100
0001100010000000000000000000000000000000100000000100001000110010010000000000000001000010000000000000010000000010010000000000000000000000010000000000000100000100000000000001000010100001000000100000000000110010000000000100000000000000000
0000000000000000000000000000100000000000100000001000000000000000000000000000010000000100000000000010000000001001100001010001000100001000000100000000000000000000001100000000000000000010000000000000000000000000000000000010000000010000001
0000000000001010000000010000101000001000100000000000010000000000000000000000000000000001001000000001000000010000000000000001000000000000000000000010000000001001000100000000001001001010011000001100000000001000000100000010000000000100000
0000000001000000000001000000000100000010010000000000000001000000000000000000000100100001000000000010000000101000000000000100000100011000001000000011000000000000000000000001000000001000000000000010000010000000100000000000000100000000000
0000001000000000010000010000000000000101000000000000010100000000000000000010000000000000000000000000000000000100100000010000000000000000011000000000001000000110000000001000010000000100001000000101000100000000110000000000010000000000000
0000000000000000000000000010010000010000000000000100011000000000100000000000000000000001000000100000000000000000000000000000000000000000000000000010000001100000100010000100000000000000010000011000000010000000000000000000001000000000001
1000000000000001000000000001000001000000000000000001000000001000000000000000000100100001000000000000000000101100000000010000000000000001000000000001000000000000001010000010000001000000000000000000000000000001001001000000000000000000000
0000000100000010000000000000000001000000010000000001000000000000000000000000000000000000000000000000000000000000000000001010000000000010000000000100000000000000001000000100000000000000000000000001000000001000000000001000000010001000100
1001000000000000000000010000000000000000010000000000000000000010001010000100000010100000000110010000010100101010001000010000000000000000000000010000000100100000000000000010000000001000100100110000000000000000100000010000000000000000010
0100000000000100000000000000000001000001000000000000000110100010000001001010000000000000000000100010000000100000000000010000000000000000010000000000000000001000000000000000000000000000000001000000000000100000000000000000000000100100010
0011100000000000000001110000000000000000000000000000101000000000000000000100000000000001000001000000000000000010001000000000000100000000000000000000010000100000100000000100000100001000010100001000010010000000010001010000000000011000001
1000000000000010000000000000010000000000000000001000001010000000000000000100010000000011000010000000000000000000000000100000110000000000000000000000010010000100000001001000000000000000000001000000000000000010000000000100000000000010000
0000000000000000001000000000000000000000000000000100000000000000000000000000001000100000000010000000000000000000000000000000000000000000000000000000001000000000000010000000000110000000011000010000000000000001000001000100100000000110000
0011001000000000110000000000000000000000000100000100000000000000000000100000100001000001000000000000000000000000100100010000011000100000000000010000001110001100000000000000000100000000000000001000000000010001000000000000000000100000010
0000000000000000000000000000000000110010000000010010000000001000100000100000100000001000100001101001010000000000010100100000001000000100000000000010000000000000000000100001000100000000000000000001000000000000100001000000000100000001100
0000001000000000000000000000000000000010000100000000001000000000000000000000000010100000000000000000000000010000000000000000000001000000000000001001000000000000000000000100010000000000000000001010000000010001000100000000000000000000010
0001100010000100000000000000000001000100000000000000000000000000100100000000000100000000000000010000000000100010000000001010000000010000000010010000000001000000000000100000000000000000000000000001000000001000000010000000000101100000000
0000000000000000000000000000010000001000000000000000000000100001001000010000000000000000000000000100001000010000000000000000000000000100100000101000000000000001000000100000000010100000000000000000000000000000000010000000000000000000000
0000000010000000000000000001000010000000000000000000011000000000000000010011000010001000000000000000000000100000001000000000000001000000000000100000000000010000000000000001100000000101000000001010001000011000010001000001000000000101000
0001000000000000000000000000000010100000000010000000000000000001000000001100000000000000000000111000000010000000000010000000000000000000010000000000000000000000100000000000000001000000000000000010001100001000000000000000101001000000000
0000000001100000100000010010000000000000000000100010000000001000000000000000000011000001000000100100000000000000000001010000000000010000000000000000000000011101000000000000000000010000000000000000100000000000000000001000001000000010000
0000010000000000000000100000000000000100000010000000000000000000010000000010010000000000000010000110010000000000000010000010000010000000000000000000001000000000000000000000000000100100000000000000000001000000000010000000000100000101000
0000001000000000000000000100010000010000000001001100000000000001000100001000000000001000001001000000000000000000000000000000000000000000001000000000000001000000001000000000000001000010100000000000000001000000000001000000000000000000000
0000000001000000010011000100000000100000000000000000000000000000000000000000000100000000000000000000000000000000010010000000001100100001000000000101000000000000000001000000010010000000010000000000000000000100001000100000000011000000000
0100010000110001000000000000000001000000000000000000100000000000000001001000000000000000000010001000010000010100000100000101000100000000000000001010000000000000101000000000000001000100001001000000100010000000000000000000000001001000000
0000000000000000000000000000000000000000000000000010001000010000000000000000000000000000000001000000000000100000000000001000000000000000000000000000001000000000010000000100110000000000000000000001000000000000010000010000000000010000000
0000000001000000000000000000001000000000010000000001010000000000000000000000000000100000010000000000000011010001000000001000000101000000000000000010000001000000000000000000000000000000010000000000000001000000000000000000000100000000010
1000100000100000001000000000010001000000000000000100010000000100000000100000000000000000110000100000000000000000001011000000000000000100000000000000000000100000100000000000100000000000000000000000000000100010000000000000000100000000000
0100000001000000000000101000100000000010000000000101010000000001000011000000001000100001100000010001000000000010000010000000000000000000000101100000000000000100010000000010010100000000010000000000000000000000000000000000000000010100000
1000101000001000000000000000000000000000010010001000000011000000000000000000000000000000000000000001000000001100100000000001000010100110000000000000000000100100000001010000000000000000000000101000000010000000000001010000000000000000000
0100100000000000010000000000000000001000010000000000000000000000000001000000000011000000000001000000101000000010000000000000000000000000010000000000010000000000000000010010001001010000000000000010001000000000100000010100010000000000000
0000000010000000000000100000000000000000000000000000000000000000000000000000000000000000000000000000100001000000000000000000000010010000000001000001000000000001100000000000000000000000000000000000000000010000010000000100000000000000000
0000000000000000000000000001000001000000010001000100000000000000000001000100100010000000000000001101110010000000000000000010001000010000000000010000000010000000000000001000000000010000000000000000000000010110000000000000000000000000001
0000000001010000000000000000000000000000000001000000000010010010000010000000001100000100000001000100000000001000100000000000000100000000000000000000000000100000000010000000000000000000011000010001000000000000001000001000000000100000010
0000000000000000000000000000000000000011010000000000000000000010100000100000000000000000000001010000000000000010010100010010000010001000100000000000001000000000000000001000000100000000000110000000000000000001000000000000000000100000100
0000010101100000000110000000000000110000000000000000000111000000000011000000000000010000101000000000000000000000000000000000100000000000000000100000000000000000000001000000000000000000000000000000000000000000001000010000000000000100000
0000000000001000001001000000000000000000000000000000000000000000000000000000000000000000001010000000000000000000000000000000010000001000000000001000000100000000000000000000000000000000010000000100000001100001000000000000100000100001000
0100000000000000000000000010000000000000000000000000000000000000000000000000000000000000001000000000000000000000010000000000100000000000000000000000000000000100000000000000000000100001000000000000000000000000000000000010000000101000000
0000000001000000000000000100000000010000000000000000000010010000000000000001000000100000000100001000000000000010000000001000000000000010000000000000000010000000000000000000000100000000000001000000000000000000000000000000100000100000000
0000000100100000000000000100000000100100010000000000000000000000100000000000000000000000000000000001000000000101000000000000000000100000001000000000000000010000000110000000000001000000000010000000000000001000000000000000000000000011000
0000001000001000000000000000000000000000000000000101000000000000000000000010100000001000000000000000000100000000000000000100010000010000000000000000000010000000000000000000010000000100000001001000100000000000100100000000000000000000000
0000000001000000000000000000000110000000000001100001010000000000000000001001010001000000100000000000010000001101001000000000000000000001000000000000000110001000000000000000000000000000000000000001000000010000000001000000000000000000000
0100010001000000000000000010000000010000101000100000100000000000000000000000000000000000000000001010000100000000000000000000000000000000010000000000010010000000000000000001000100000000000000010000000000000000100001000000100000001000000
0010000000001011000000000000000000000000001000000100000000000100000000000000010100000000000100000000000000010000010000000000000010000000010000000000000001010010000000000000100000000000000001000000000000000000000000000000100100000000001
0100010010000000001000000000010000000000000000000000000000000000100000000000000000001000000000000001000000000000100000100000100110001000000000000000010000000000000000000000000000000000000000000100000000010000000010000000000000000000000
0000000000000000000000000000000010100100000011000000000000000000000000000000000000000000000000100100000000001001000000000000000000000000000000000000010000001000000000000000100000000000000000000000010000000000000000000000001000000000000
0000000000100000000000000000000000000000000000000010000000010000000000000000100000000000000000001000000000000000010001010000000000010100001000000000010000001000100000000000100011000000101000000100000000000000000000000000000000000000000
0001000010000000000000001000000000100001000000100100000100000000001000010000000000000000000000000000000000001000000011000000000000000000000000000000000010000000000000000000100000000010000000100000010010000110000000010000000000100000010
0100001000000000010000000010000000100000000010000000111000101000110101000010000010000011000100100101000010000010000000000010000000000000100000000000000000000000001000000000000100110001000000000100000000000000000010000000000000000000000
1000000010000000000010000000011100000000000000010000000010000100001000000000000000000010001000000000000000000000000000100000010000100000000001100000100000000000000000000000000100000000100000001000001000000000000000000010010010100000000
0001000100000000000000000000000000010000000000001010000100000100001000000010000001010000010000000000000000010000000000000000000101000001000010001000110001000000000000000010011010010000000000000000010001100010000000000000001000000000000
0000000000000000000000000100010000000000000100000010000000000000000000000101000000000000000100000000101000000000000000000000100000000100000000000000000000000000010100000000000100000001000000000000000001000010010100001000000001000000000
0100000000100001000000000000000000000000001000000000000000010000100000000000101000010000000000000000000000000000000000010000010010000100000010000000000100010000000000000001001000000000000000000000110000000000000000000000010000010001000
0000000100001000100000010000001000000000000000010000001000000000000000000001101100000001000001000000000001001000100000000000000000100000000100000000000001000000000010000000010000100100000000010000000000100000000010000001000000000000001
0000101000000000001000001001000000001000000000000000000000000000000000001000000000000001000000000000010000000000001000000111000000000000000001100000000000000000000000000001000001000001000000000000000000000101000000000010000000000000000
1100001000000000000000000100000000010000000010001000000000000001000000000010101010001000000000000101000000000000000000000010000000000000001100100100000100100000000010100000000000100000000100110000000000001100000010000000000100100110000
0000000000000000000000000000100000000000001000100001010000000001000000000000000000000000000000000000000000000000000000000000000000000000001100000000000000000000010000000100000101100000000000000001011000000000000100000000001000000000000
0000000000000000010000010000000000000000000000000001000000000100000000000000000000000000000000000001000000000001010100000000000000100100000100000000010000000000010010000010000000000000000000001010000100000100100000000100000000000010100
0000000000101010000000011100010000000000100000000000000000000000010100000000000000000000001000000000000000000000011000000000010000000000000000000010000000000000000000100000000100000000000000000000000000000000000000000000000000000000001
0100000000000000000000100000100000000000001000010000000000000000000000000000000000001000000001000000000000010011000000000000000000000000000000000010011000000000000001000001001010000000001100000000000000000000010000000000000010000000000
0010000010000000010000001000000000000011100011000000000000101101000000100000000000000000000000100011000000000000000000000000000000000100000001000000001100000000000000000000000000000000001000000000000000101000000000010010010001000100000
0001100100000000000000010000000000000000000110000010000000000000001000000000000010101000000010100000000000000000000010000000000000011000010000000000000000001000100000000000000100000010000000000010000000000000000000000001000000000100001
0010100000000100000000000100000001000010010000000000000000000000000000000001100000000000000000000000000100010000000000000000000000000100001000001000000001000000000000010000001010000000000000000000000001010000000100100000000000000000000
0000001000101101000000100000000000000000000000000000100000100100000000000011100010000000001000010000000000001010000101000000000010000000000000000100010100000001010000100010000000010000000000000001100000010000000000000000000000000000000
0110000000100000000010000000000000001010001000000000000000010000001000000000000000000000000000000000000100100000000000000010000000001000000000000100000000000000101000000000000000000000000000000000000000000010010010000010000000001000000
0010000000000000000000000111010000000000000001000000010000000000100000010100000000000100000000000000001000000000000001001001000000000010000000000010000000001001000000001000100001000000000000000000110000000001000000000000000100000000000
0000100000000000010010000000000000100000000000000000000000010100001000100000000000100100000000000000000001100000011000000010000000000010001000000100000000000000000010000001000000110000000000000000000101000000000000000000000000000010000
0000001001000000100000000000001000010000001000100010100000000100000000001000000000000000010001000000000110100000000000110000000000000000000000000100000000000110010000000000010000000001100000000000000000000000000000000000110000000000000
0000000010000000000000100000000100100000000000100000000100100011000000000000000000000000000000000100000010000000100000010000000000000000000000000000000001000000100000000000001000000000000000000000000000000000010000010000000110010100000
0000000000000010001011000001000000001000010000000000000010100000000000000000000000000010000100000000000000000000000000000000010010000000000000000000001000000100000000000000000000000001100000000000000000000000000000000000010000100100000
0000000000000001000001001011000000000100000000000000000100000000000110000000000000000000001100000000000000000000000000000001000100100000000000000000000000100100000000000100000000000010000000010000000000000000000001000001000001000010000
1000100000000000000001000000010000000000101000000000000000000000001010000000000101010100100000000000000000000000010000000000100000010000000000000000000010000001100010001000000000000000000000000000000001000001110100000000000001000000000
0001000100000100000000000000000000010000000000000000000000000000000010010000100000010100000000000000000000000000000101100000010000000000000100000100000000000000000000000000000000000000000100000000000000000000100000000101000000000010011
0000010000100100000000001000000000000000000001000010000000000001000000010000000001000000000001000100000010010000000100100010000000000000100000000000000000000000101000000000010100000111010000000011000101000000000100010000001000000100001
0000100000000000000000100000001100000000000010000000000000000000000000010000001010000000001000000000000000000000000000000000000101001100000000000010000100000001000000010000000100000010000001100000000000000000000000100000000100000100000
0000000000000000000000100000100010000010000010010000000000000000000000000000000000000001000000001000000000000000000000000000000000000010000000100000100110000000000000000010100000000001001000000000001000100000000000001000000000100000010
0000000000000000000000001000100000010000000000000000000000000000000000000000001000000000000000000000010000000000000010000000000001000000000001000000010010000000001011100000100000000000000100000100000000100000000000000000010010000000000
0001100000001000010000000000000000001000100000000000100010110001000000000000110000000000000000000000000000000001010001000011000000000100000100000000000000000000000000100000000000000000000000000000000000000000001000001010000000000010000
0000000000000000000000000000000000000000000000010000000000000110001000000000000000000000100010000000000001100000000000011000000000000000000010000000000000000000000000001010000010000000000010000010100000000000000000010000100010001000000
0000100010000000000000100000000000000000000000000000000000001000000101000000000000000000000000000010000000000100000000000000001000000000000000010000000000000000000000001000100000000000000000000000000000000000000000010000000000000000000
0000000000001000000000000000000001000000000000000000001000000000010000000000000000000000000100000000001100000000000100001000000010001100000000010000000000000000000100000000000001000000000111000001000100000010010000000000011110000000010
0001000000000000001000000000000000000000001001000000010001000100000001000000000000000000000000000001000000001000100001000000000000000000000001000000000010000001000000000001000000100000001000000000000000000000000000011100100000000000000
0000000001000000000100100000000000100000000100000000000000000000000000000001000000100000000001100000010000000000000000110000000000000000000010000000000000010000000000000000000000000001100000000000010100000100000000010000101100000000000
0100011000000000000000010000110100000000000000001010000001000000110001000001000000001000000000000000010000000000000000000000000000000010000000000000000000000000100000000000100000000000000000000100000000000010000000001000010000000010000
1000100000000000000000001000000000000100100000000000000000000000000100000000011000000000000100000000000000000101000000000000001000000000000000010000100000000000000001000000010111001000010000000000000000000001000000011000000110010000000
1000000000000000000010000000000000000000000000000010100000001000000000000000000000000000000000010000011000000000000000000000000000000000000000000001010000010000011101000000000000000000000000000000000010000010010000000000000000000000000
0000000000000000000000000000001100000000000001000000000000000000100000000000000000000001000000010000000000000000001000000000000001000000000000000000000000000100000000001000000000000000000000000110000010000000001001000000011000000010001
0000001000011000010000000101000000101000000010100001000000010100000000000100001000000100010000110000100000000000000110000001001000000000000000000000000000010000000000000000000000010000001000000100000100000000000000000000010100000010001
0000000110000001000010000000010000100000000000010001100001001001000011001010000000000010000110010000000000000000000000000000000000010000000000010000000100000000000000000000000000000000000000000000000000010000000000000000001000000000000
0000010000000000000000000000000000000000010000000010000000000000100000000101000000000000000000000000000000000000000000011000010000001000001000100000000000101110000000010000000000000000000000000000000000000000000000000000000000000000000
0100001000000001000000000000000100000000001000000000000011100000000000001000000100000001000000000000000000000001100000001001000000011010000000010000000000000000000001000100000000000000000000000000000001000000000111000000000000000000100
0000000000100001000000000000000000000010000000010000000000000000010000010000000000000000100000000000010000010010000000010010000000000000001000001000010000000000000000000000000001000000000010001000000010000000000000100000000100000001010
0100100100000010000000000000000000000000000000000001000000000000000000001010000000001000000000000000000000001000000001010000100100100100000000010000000100001000011000000000000000000000000000000000000001000000000000001000000000000000010
0000100000000000000000010000010000000000000001010000000100001001000000000000000000000000000000100010100000000000010000000100000000000000000010100000001000010100000100010000000000000000000000000000000000000010000000001000000000000000000
1000000000100000010010000000000000000000000000000000000000000000000000000000100001100000000011100000000000001000000010000000000100000000000010000010100100000100010000000000000010000000000000000000000100010000000000000001000010001000000
0010000000000000100000000000100000010000000100101010000000000000000100000000100000000000000000100100000000001000010000000100000100000000000000100000000000000000001000000000000000000001000000000000000000111000000000000000000000000100001
0100100000000000000000000000000010000000010000001100000000000000000000000100000000000000100000000000100000001010010000000000010000000000000000000000000000000000000000000000000100000000000000000000000000000000000000000000000000000100000
1010001000000000000000101000000000000010001001100000000001000000000000000000000000000000000000000000000000001000100001010000000000000000000000000000000100000000000001110111000000100000001000000000010100000000000000000000000000000001000
0000000010000000000000000000000100100000000000000000000000000001100000000001100000000000000100000000000000000010000100000000000000000001000000000000000000000000000101000000010000000010100000110000000000110000000001000000000000000000000
0000000000000010100000000000000100000010000100000000000000001000000010000000000000100000100000000000000000000000000000000000100000000000000000000000010000001000000000000000100000100000000000000001001000000010000000001000000000010000100
0110110000000000000000000000000000000001000000000000000001000000000000000000000000010000000100000000000000000000010010000000000000000000000000000000100000000000000000000001000010000000000000000100010000010000100000000000000010010000000
0000010000000000010000000001000000000000000000000000001000001100000000000000000100000010001001000000001000000010000101000000000000000000000000000001000000000001000010010110000000000000100000000001000001000000000000000000000000100000100
0000000000000000100001001000010000110000000000000000001100000010010000000000000000100100000000000000000000011000000000000000000000010010000000000000000000000000000000010000000000000000000100000000000000000000000000000001000000011000000
0000000000000000010000110000100011000100001000000010000000000000100110000000001000000000001000000000000110000000000000100100011000000010000000010000000100000000000000100001000000000000000000000000000010000000000000000100000100000000000
0000110000100000000000000000000000000000000000100100100000000000000000000001000010001000101000000000000000000000000000000001000000000010010001000000110000000010000100000011000010000000100000000000000000000000000001000000000000000000000
0101000000000001000000100000011010000000110000011000000000000000001000000000000011000000000000000000001000000001000001000100000000000001000010000000100000000000000001000100010100000000100000000100000000010010000100010000000000100000000
0000000010000000100000000000000000000000000000000000000000100000000000000011011000000000000000000000101000000000000000001001000101110001010000000010000000000000000000000000001000000001000000000000001000000000100000011000000000000001000
1100000001010000000000100000000000000000000000000100000000101100000000000000000000000000000000000000000000000000000100010000000000000100100000000000000000010100000000000001000000000001000001000000100010010000000000000010000001000000000
0001000000010000000000010000000000000000000001000010000001000000000000000000010000100100000000000001000001010000000000000000100000000000000000000000000000000000000000000000000000000000000100000010000000001100010100000000000000000000010
0000000000010000000011000010100010000000000000000000000000000000000000001000000000000010000000000000100000000000000000000001110000100000000000000000000000100001000001010000000000000000010000000001000000000000000000000100000000010000001
0000000000000000000000010000010000000000010011010000000001000000001000100000000000001011000000000000000010001000000000000000000001000000000000000000000000000010000000000000001000000000100000000000000000000000001000000000000000000000100
0000001000000000000000000000001000000000000000000000001100000001000000010000100000000000000000000100010000000000010000000000010000010001000000000000000000000000001000000000100000000000010000000000000000000001000000000000000010000000000
0000000000000000000100000010100000000011000001000000000000100000001000000000000000010000010000000000000100000000000000000100100010001000010000000000000000000000000010000000100000000000000000000000000000000000100000000000000000000100000
0000001000000010000000000000000100000000000000000000000000000000000000001000000000000000000000000100000000000000111100000100000000001000100010100000001000000001000000000100010000001010100000000000000010010000000000010110000010010000100
0110000000000000000000011000100000000000000100000000000000000000100000100100000000000000000010000000000010000000000010000100100000000000000000000000000010000000000000000000000000100000000000000000000000000100000000000000000110100001000
0000000000000000000000000000000011000000001001000000000000000000000000000000001010000000010000000100011001000000000101000000000000000000000010000000000000000000000000000000100000000000000001001001000000000000000000000000000100001000000
0000000000000000110000000000000000001000000000001001100000000001000000000000000001101010000000100000000000000000000000000000100000000000000000001001000000000000000001000000000000100000000000000000100000000000000100000000000000000000001
1000000000100001100000000000000000000000100000000000010100010000000000000000000000000000010000000101100110000000000000000000010000000000000000100000000000000000100000000000001000001000000000000000000000000001000000001000000010000001100
0000000101000000000000000000101000000100110100000010000000000000000000000000000000000000000000000000000000000000001100000000010000000000000000000010001001001000000000000000000000000000100000000000000000000000000000000100000000001000000
0000000000000100000000100011000000000000000000100000000000000000000000000000000000000000000000010100000000000000000010000000010101000000000001000000010010000000001000000000000100000000000100000000001000000000000000000000000010000000000
1010000000000100010000000010000000000000010000000000000000100000100001010000000100000000000000000000000000000000000000000010110000000000010000010000000100010001000000000001000000000000001000000000000110010000000000100000000000000010000
0000000000000000000000000000010000100000000000001000010001100001000000000000011000000000100000000000000010000000010110000000000000000000000010100000001000000000000000000001000000000001000000000101100000000000010000010000011000000000000
0010000000000010000000000000000000000000000000000000000010010000010000010000000000100000000000000000010010000000010000000000001000010000000000000000000000001000000000000001000000000001000000000000000000000000000010000010000000000010000
0000000000000000000010000100000000000000000000000010000000000000000000001000000000000000000000100001000000000000000000000000000010000000000010000000101010000000000000110001000000000000010000000000000000000000000000000000000010000100100
0000001000000000000000000001001000000100000000000000000101000000000000010000000000100000000001000000000000000000000000000000000000100011000100000000001010000000000000001000100000100000000000110010000100000000000000011000001000000000000
0000000000100001000000000000001000000000010000000000101000000000000000001000100000001000100000010100100000010010100000000000010000000000000001000000101000000000100000000000001010000010000000010000000011000000000000000001001000000100001
0001000000000010010000000000000000000000001001000100000001001000000000010000001001000000000000000000000000000000000000000010000000000000000000000000010000100010000000000100000000000000000000110000000000000000000000101000000100000000000
0000100000000000000001000000000100000010001010000000000000000100000100000000110000011000000000000100000000000000110000000000010000000100001000000000001001000010000000000000000000000000100000100010100000000000000000000000010000000100000
0000000000100001100000010000000000011001000000000000000000010000000000100000010000000100000000000000000000000100000000000000000000000000000000000000000000001000000000000100000000001000000000000010000000000000000100000000000000010000000
0000000001000100000100000000100000101010100000010000000000000000000100100000000000100000000000000000000110000100100010001000001100000000000000000000000000000000001000011000000010000000001100000000000000110000000000000000000000000000000
1000010000000000000000000000011000000000000000000000010000000010000000000001000000000000000000000010000000010010100000000000000000100101000000000000000000100000000000001000010000001000010000000000000001001000000000000000000000000000000
0000000000000000000100010100000000000000000000000000100000000001000000000000000000100100001000000100000000010000000100001000000000010000000100000000001000000000000000000000000100000000000000000000000001000000100000000000001000100000110
0000000011000000010000000000000100000000110000000100000000110000010000000010100001000000001000000000000001100000000000000010100001100000000100000000000001000000000000000000000000000000001010000000000000000000000001100000000010011000100
0010000000000000000100010100000001000100000000010000001000010000000010000000010000100000000000000000100001010000000000010000000000000010000000000000011000000000000000000010000000000000000010010101000001000000011010100000000000000000001
0001000000000000000000001000000010100000001000000000000010100000001000001011000011000001010000000000000000000001001000110000010000100000000000000000100000000000100000000010000001010110000000000000000000010001000000000000000000110000000
0000000001000011000010000000010000000000010100110000001000010001000000000100000010000000010000000000000000100000000010010001000000000000000100000100011010000000000000001000000011000001001100000000000000000000000000000000100000100100010
0000000000000000000000000000100000000000000000000100000000000100010000000000000000000000100000000000000001000000000000010000000000100000000000000000000000000000000100000000010000000100000000000000100000110000000110000000000000001100100
0000100100000101100000100010000000001000010000000000010010100000000101000010000010100000000000000001000010000001100001001000000000000000000010010000000000100000100000000000000000000000000000000010100010000000000100000000001000000000000
0001000000000000000000000000000100001000000010000001110000000110000001000110001100000000000000000001000000000000000000100100001000000000110011000000100000000000000000001000000000000000000101000000000000000000000000000000001000000000000
