250 250 5
0000000000000000000000000000000000000000000000000000000000000000000000000000000000000000000000000000000001000000000000000000000010000000000000000000000000000000000000000000000000000000000000000000001000000000000000000000000000000000001000000000000000
0000000000000000000010000000000000000000000000000000000000010000000000000000000000000000000000000000000000000000000000000000000000000000000000000000000000000000000000000000000000000000000000000000001000000000000000000000000000000000000000000000000000
0000000000000000000000000000000000000000000000000000000000000000000000000000000010000000001000000000000000010000000000000000000000000000010000000000000000000000000000000000000000000000000000000000000000000000000000000000000000000000000000100000000000
0000000000000000000000000000000000000000000000000000000000000000000000000000000000000000000000000000000000000000000000000000000000000000000000000000000000000000000000000000000010100100000000000000000000000000000000000000000000000000000000000000000000
0000000000000000000010000100000000000000000000000000000000000000000000000000000000000000000000000000000000000000000000000000000000000000000000000000000000000000000000000000000000000000100000000000000000100000000000000000000000000000000000000000000000
0001000000000000000000100000000000000000000000010000000000000000000000000000000000000000000000000000000000000001000000000000000000101000000000000000000010000000000000000000000000000000000000000000000000010000000000010000000000000000000000000000000000
0000000000000000000000000000000000000000000000000000000000000001001000000000000000000000010100100000000000000000000000000000000000000000000100000000000000000000000000000000000000000000001010000000000000000000000000010000000000000000000000000000000000
0000000000000000000100000000000000100000000000000000000000100000000000000000000000000100000000000000000000000000000000000000000000000000000000000000000000000000000000000000000000000000000000000000010000000000000000000000000000000000000000000000000000
0100000000000000000000000010000000000000000000000001000000000000000000000000000000000000000010000000000100000000000000000000000000000000000000000000000000000000000000000000000000000000000000000000000000000000000000000000000000000000000000000000000000
0000000100000000000000000000000000000000000000000000000000000000010000000000000000000000000000000000000000000100000000000000000000000000000000000000000000000000000000000000000000000000010000000000000000000000000000000000000000000000000000011000001000
0000000000000000000000000000000110000000000000000000000000000000000000000000000000010000000000000000000000000000000000000000000000000000000000000000000000000000000001000000000000000000001000000000000000000000000000000000000000000000000000000000000000
0000000000000000000100000000000000000000000000000000000000000000000000000000000000000000000000000000000000000000000000000000000000000000010010000000000000000000000000000000000000000000000000000000000000000000000000000000000001000000000000000000000000
0000000000000000000000000000000000001000000000010000000000000000000010000100000000000000000000000000000000000001000000000000000000000100000000000000000000000000000000000000000000000000000000000000000000000001000000000000000000000000000000000000000000
1000000000000000000000000000000000000000000000000000000000000001000000000010000000000000000000000000000000000000000000000000000000000000000000000000000000000000000000000000000000000000000000001000000000000000001000000000000000000000000000000000000100
0000000000000000000000000000000000000000000000000000000000000000000000000000000000000000000000000000000000000000001000010000000000000000000000000000000000000000000010000000000000000000000000000000100000000100000000000000000000000000000000000000000000
0000000100000000000000000000000000000000000000001000010000000000000000000000000000000001001000000000000010000000000000000000000000000000000000000000000000010000000000000000000100000000000000000000000000000000001000000000000000000000000000000000000000
0000000001000000000000000000000000000000000000000000100000100000000000000000000000000000000000000000000000000000000000000000000000000000000000010000000000000000000000000000000100000000000000000000000000000000000000000000000000000000000000000000000000
0000000000000000000000000000000000000000000000000000000000000000000100000000010000000100000000000000000000000000000000001000000000000000000000000000000000000000000000000000010000000000000000000001000000000000000000000000000000000000000000000000000000
0000000000000000000000000000000000000000000000000000000000000000000000000001010000000000000000000000000000000000000000000010100000000000000000000000000000000000000000000000000010000000000000000000000000010000000000000000000000000000000010000000000000
0000000000000000001000000000000000000000000000000000000000000010000000100000000000000000000000000000001000000000010000000000000000000000000000001000010000000000010000000000000001000100000000000000000000010000000000000000000000000000000000000000000000
0000000000000000000000001000000000000100000000000000000000000000000000100000000000000000000000000000000000000000000000000000000000000000000000000000000000000000000000000000100001000100000000000000000010000000000000000000000000001000000000000000000000
0100000000010000000000000000000000000000000000000000000000000000000000000000000000000000000000000000000000000000000001000000000000000000000000000000100000000000000000000000000000000000000000000000000000000000000000000000000000000100000000000000000000
0000000000000000000000000000000000000000000000000000000000000000000000000000100000000000000000000000000000000000000000000000000000000000000000000000000100000000000010000000000000000000000000000000000000000000000000000000000000000000000000000000100000
0000000100000000000000010000000000000000000000000000000000000000000000000010000000000000000000000000000000000000001000000000000000000000000000000000000000000000000000000000000000000000000000000000000000000000000000000000000000000000000000000000000000
0000000000000000000000000000000000000000000000000000000000000000000000000000000000000000000000000001000000000000000000000000000000000000000000000000000000000000000000000000001000000000000000000000000000000000001000000000000000000000000000000000000000
0000000000000000000000000000000001000000000000000000000000100000000000000000000000000000000000000000000000000000000000000000000000100000000000000000000000000000000000000000000000000000000000000000000000000000000000000000000000000000000000000000000000
0000010000000010000000001000000000000000000000000000000000000000000000000000000000000000000000000000000000000000000000000000000000000000000000000000000000000000000000000000000000000010000100000000000000000000000000000000000000000000000000000000000000
0010000000000000000000000000100000000000000000000000000000000000010000000000000100100000000000000000000000000000000000000000000000000000000000000000000000000000000000000000000000000000000100000000000000000000000000000000000000100000000000000000000000
0000000000000000000000000000000000000000000000000000000000000000000000000000000000000000000000000000000000000000000000000000000000000000000000000000000000000000000000000000000000000000000000000000000000000000000000000000000000000000000000000001000000
0000000000000000000100000000000000000000000000000000000000000000001000000000000000000000000000000000000000000000000010000000000000000000000000000000000000001000000000000000000000000000010000000000001000000000000000000000000000000000000000000010000000
0000000000000000000000000000000000000000000000000000000000000000000000000000000000000000000000000000000000010000000000000000000000000000000000000000000000000000000000000000000000000000000010000100000100000000100000001000000000000000000000001000000000
0000000000000000000000000000000000000000000000000001000000100000000000000000000001000000000000000000000000000000000000000000000000000000000000000000000000000000000000000000000000000000000000000000000000000000000000000000000000000000000000000000000001
0000000000000000000000000000000000000000000000000000000000000000001000000000000000000000000000000000000000000000000000000100000000000000000000000000000000000000000000000000000000000000000000010000000000000000000001000000000000000000000000000000000000
0000000000100000000000000000000000000000000000000000000000000000000000000000000000000000000000010010000000000000100000000000000000000000000000000000000000000000000000000000000000000000000000000000000000000000000000001000000000000000000000000000000000
0000000000000001000000000000000000011000000000000000000000000000000000000000000000000000000000000000000100000000000000000000000000000000000000000000000000000000000000000000000100000000000000000000000000000000000000000000000000000000000000000000000000
0000000000000000000000000000010000000000000000000000000000000000000000000000000000000000000000000000000000000000000000000000000000000000000010000000000000000000000000000000000000000000000000000000000000000001010000000000000000000000000000000000000000
0000000000000000000000000001000000000000000000000000000000000000000000000000000000000000000000000000000000000000000000000000000000000000000000000000000000000000000100000000000000000000000000000000000010000000000000000000000000000000001000000000000010
0000000000000000000000000000000000000000000000000000000000000000000000000000000000000000100000000000000000001000000000000000000000000000000000000010001000000000000000000000000000000000000000001000010000000000000000000000000000000000000000000000000000
0000000000000000000001000000100000100000000000000000000000000000000000010000000000000000000000000000000000000000000000000000000000000000000000000000000000000000000000000000000000000000000000000000000000000000000000000000000000000000000000000000000000
0000000000000100000000000000000000000000000000000000000000000000000000000000000000000000000000000110000000000000000000000000000000000000000000000000000000000000000000000000000000000000000000000010000000000000000000000000000000000000000000000000000100
0000000000000000000000000000000000000100000000000000000000000000000000000000000000000010001000000000000000000000000000000000000000000000000000000000000000000000010000000000000000000000000000000010000000000000000000000000000000000000000000000000000000
0000000000000000000000000000000000000000000001000000000000000000000100000000000000000000000000101000000000000000000000000000000001000000000000000000000000000000000000000000010000000000000000000100000000000001000000010000000000000000000000000000000000
0000000000000000000000000000100000000000010000000000000000000000000000001000000000000000000000000000000000001000000000000000000000000000000000100000000000000000000000000000000000000000000000000100000000000000100000000000000000000000000000000001000000
0000000000100000000000000000100000000000001000000000000000000000000000000000000000000000000000000000000010000000000000000000000000000000000000000000000000000000000000010000000000000000000000001000000000000000000000000000000000000000000000000100000000
0000000000001000000000000000000000000000000000000000000001000000000000000000000000000000000000000000000000000000000000000000000000000010000000000000000001000000000000000000000000000000000000000000000000000000000000000000000000000000000000000000000000
0000000000000000000000000000000000000000000000000001000000000000100000000000000000000000100000000000000000000000000000000000000000000000000000000000000000000000000000000000000000000000000000000000000000000000100000000000000000000000000000000001000100
1000100000000000000000000000000000000000000000000000000000000000000000000000000000000001000001000000000000000000000000000000000000000000000000000000000000000000000000000000000000000000000000000000000000000000000000000000000000000000000000000000000000
0000001000000000000000000000000000000000000000000000000000100000000000000000000000100000000000000000000000000000000000000000000001000000000000000000000000000000000001000000000000000000000000000000000000000000000000000000000000100000000000010000000000
0000000000000000000000000000001000000000000000000000000000000000010000000000000000000000001000000000000000000000000000000000000000000000000000000000001000000000000000000000100000000000000000000000000000000000000000000000000000000000000000000000000000
1000000000000000000000000000000000000000000000000000000000000000000000000000100000000000100000000000000000000000001000000000010000000000000000000000000000000000000000000000000000000000000000000000000000000100000000000000000000000000000000000000000000
0000000010000000000000000000000100000000000000000000000000000000000000000000010000000000000000001000000000000000000000000000000000000000100000000000000000000000000000000000000000000000000000000000100000000000000000000000000000000000000000000000000000
0000000000100000000000000000000100000000000000000000000000000000000000000000000000000000000000000000000000000000100000000000000010000000000000000000000000000000000000000000000000000000000000000000000000000000000000000000000000000000000000000000000000
0000000000000000000000000000000000000000000000000000000000000000000000000000000000000000000000000000000000000000000000000000000000000000000000000000000001000000000001000000000000000000000000000000000000000000000000000000000000000000000000000001000000
1000000000000000000000010000000000000000000000000000000000000000000100000000000000000000000000000000000000000000000000000000000000000000000000000000000000000000010000000000000000000000000000000000000010000000000000000000000000000000000000000000000000
0000000000000000010000000000000000000000000000000000000000000000000000000000000000000000000000000000000000000000000000000000000000000000000000000000000110000000000000000000000000000000100000000000000000000000000000000000000000000000000000000000000000
0000000000000000000000000000000000000000000001000000000000000000000000000000001000000001000000000000000000000000100000000000000000000000000000000000000000000000000100000000000000000000000000000000000000000000000000000000000000000000000000000000000000
0000000000001000000000000000000000000000000000000000000000000000000000000000000000000000000000000000000000000000000000000000000000000000000000000000000000000000000000000000000000100000000000000000000000000000000000000000000000000000000000000000000000
0000000000000000000000000000000000000000000000000000000000000000000000000000000000000000000000000000000100000000000000000000000000000000000000000000000000010000000000000000000000000000000000000000000000000000000000000000000000000000000000000010000000
0000000000000000000000000000000000000010000000000000100000000000000000000000000000000000000000010000000000000000000000000000000000000000000000000000000000000000000000000000000000000000000000000000000000010100010000000000000000000000010000000000000000
0000000000000000000010000000000000000000000000000000000000010000000000000000000010000000000000000000000000000000000000000000000000000000000000000000000000000000000000000000000000000000000000000000000000000000000000000000100000000000000000000000000000
0000000000000000000000000000000000000000000000000000000000010000000000000000000000000000000000000000000000000000000000000000000000000000000000000000000000000000000000000000000000000000000000000000000000000000000000100000000000000000000000000000000000
0000000000000000000000000000000000000000000000000000001000000000000010000000000000000000000100000000000000000000000000000000000000000000000000000010000000000000000000000000000000000000000000010000000000000000000000100001000000000000000000000000000000
0000000000000000000000010000000000000000000000000000000000000000000000000001000000000000000000000000000000000000000000000000000000000000000000000000000000000000000001000000000000000000000000000000000000000000000000000100000000000000000000000000000000
0010000000000000010000000000000000000000000000000000000000000000000001000000000000000000000000000000000000000000000000000000000000001000000000000000000000000000000000000100000000000000000000000001000000000000000000000000000000000000000000100000000000
0000000000000000000000000000000000000000000000000000000000000000000000000000000000000000000010000000000000001000000000000000000000000000000000000000000000000000000000000100000000000000000000000000000000000000000000000000000000000100000000000000000001
0000000000000000000010000000000000000000000000000000000000010010000000100000000000000000000000000000000000000000000000000000000000000000000000000000000000000000000000000000000001000000000000010000000010000000000000000000000001000000000000000000000000
0000000000000000000000000100000000000000000000000000000000000000000000000000000000000000000000000000000000000000000000000000000000000000000000000000000000001100000000000000000000000000000000000000000000001000000000000000000000000000000010000000000000
0000000000000000000000010000000000000000000000000000000000000000000000000000000000000000000000000000000000000000000000000000000000000000000000000000000000000000000000000000000000000000000000000000000000000000000000000000000000100000000000000000000000
0000000000000000000000000010000000000000100000000000000000000000000000000000000000100000000000000000000000000000010000000000000000000000000000000000000000000000001000000000000000000000000000000000000000000000000000000000000000000000000000000010010000
0000000000000000010000000000000000000000000000000000000000000000100000000000000000000000000000000100000001000000000000000000000100000000000000000100000000000000000000000000000000000000000000000010000000000000000000000000000000000000000000000000000000
0000001000000000000000000000000000000000000000000000000000000010000000000000000001000000000000000000000000000000000000000000000000010000000000000010000000000000000000000000000000000000000000000000000000000000000000000000000000000000000000000000000000
0000000000000000000000000000000000000000000000000000000000000000000000000000000001000000000000000000000000000000000010000010000000000000000000000000000010000000000100000000000000000000000000000000000000000100000000000000000000000000000100000000000000
0000000000000000000000000000000000000000000000000000000000000000000000000000000000000001000000000000000000000000000000000000000000000000000000000000000000000000000000000000000000000000000000000000000000000000000000000000000000000000000000000000000000
0000000000000000000000000000000000000000000000000000000000000000000000000000000000000000000000000000000000000000000000000000000000000000000000000000000000010000000000000000000000000000000000000000000000000000000000000000000000100000000000000000000000
0000000000000000000000000000000000000000000000000010000000000000000000000000000000000000000110000000000000000000000000000000000000000000000000000000000000000000000000000000000000000000101000000000000000000010000000000000001000000000000000000000000000
0000000000001001000000000000000000000000000000000000001000000000000000000000000000000000000000000000000000000000000000000000010000000000000000000000000000000000000000000000000000000000100000000000000001000000000000000001000000000000000000000001000000
0000000000000000000000000000000000000010000000010000000000000000000000000000000000000000000000000100000000000000000000000100000100000000000000000000000000000000000000000000000000000000000000000000000000010000000001000000000000000000000000000000000000
0000000000000000000000000000000000000001000000000000000000000000000000000000010000000000000000000000000000000000000000000000000000000000000000000000000000000000000000000000100000000000000000000000000000000000000000000000000000000000000000000100000100
0000000000000000000000000000000000000000000000000001000000000000000000000000000000000000000000000001000000000000000000100000000000000000000001000000000000000000000000000000000000000000000000000000000000000010000000000000000000100000000000000000000000
0000000000000000000000000000000000000000000000000000000000000000000000000000000000000100000000000000000000000000000000000000000000000000000000000000000000000000000000000000000000000000000000000000000000000000000000000000000000000000000000000000000000
0000000000000000000000000000000000000000000000000000000000000000000000000000000000000000000000000000000010000000000000000000000000000000000000000000000000000001000000100000000000000000000001000000000000000100000000000000000000000100000000000000000000
0100100000000000000100000000000000000001000000000000000000000011000000100010010000000000000000000000000000000000000000000000000000000001010000000000000000000000000000000000000000000000000000000000001000000000000000000000000001000001000001000000000000
0000000000000000100000000000000000000000000000000000001000000000000000000000000000000000000000000000000000000000000000000000000000000000000000000000000000000000000000000000010000000000000000000000000000000000000000000000000000000000000000100000000000
0000100000010000000000000000000000000000000000000000000000000000000000000100000000000000000010000000000000000000000010000000000000000000000001000000000000000000000000001000000000000000000000001000000000000000000010000000000000000000000010000000100000
0000000000000000000000000000000000001000000000000000000000000000000000000000000000001000000100000000100000000001000000000000000000000000000000000100000000000000000000000000000000000000000000100000000000000000000000000000110000000000000000000000000000
0100000000000000000000000000000000000000000000000000000000000000000000000000000000000000001000000000000000000000000000000000000000000000000000000000010000000000000000000010000000000000000000000000001000000000000001000000000000000000000000000000000000
0000000000000000000000000000000000000000000000000000000000000000000000000000000000000000000000000000001000000000000000000000000000000000000000000000000000000000000000000000000000000000000000000000000000000000000000000000000000000000000000000000000000
0000000010000000000000100000000000000110000000000000000000000000000000000000000000000000000000000000000010000000000000000000000000000000000000000000000000000001000000000000000000000100000001010000000000000000000000000000000000000000000000000000000000
0000000000000000000000000000000000000000000000010000000000000000000000000000000000100000000000000000000000000000000000000000000000000000000000000000000000000000000000000000000000000000000001000000000000000000000000000000000000000000000000100100000000
1000000000000000000000000000000000000000000010000000000000100000000000000000000000000000000000000000000000001000000000000000000000000000010000000000000100000000000000000000000000001000000000000000000000000100000000000000000000000000000000000000000000
0000000000000000000000000000000000000000000100000000000000000000000000000000000000000000000000000000000000000000000000000000000000000000000000000000000100010000000000000000000000000000000000000000000000000000000000000000000000000000000000000000000000
0000000000000000000000000000100000000000000000000000000000000000001000000000000000000010000000000000000000000000000000000000000000000000000000000000000000000000000000000000000000000000000000000000000000000000000000000000000000000000000000000000000000
0010100000000000000000000000000000000000000000000000000000000000001000001000000000000000000000000000000000000000000000000000000000000000000000000000000000000001000000000000001000000000000100000001000000000000000000000000001000000000000000000000000000
0100000000000000000000001000000000000000000000000000000000000000000000000000000000000000000000000000000001000000000000001000000000000000000000000010010000000000000000000000000000000000000000000000000000000000000000000000000000000000000000000000000000
0000000000001010000000000000000000100000000000000000000000000001000010000000000000001000000000000000000000000000000000000000000000100100000000000000000000000000000000000000000000000000000000000000000000000000000000000000000000000000000000000000000000
0000000000000000000000000000000000000000000000000000000000000000100000000000000100000000000000000000100000000000000000000000000000001000000000000000000000000000000000000010000000000000000000000000000000000100000000000000000010000000000000000000000000
0000000000000000000000000000000000000000000000000000000000000000000000000000000000000000100000000000000000000000000000000100000000000000000000000000000000000000000000000010000000000000000000001000000000000000000000000000000000000000000000000000100000
0000000000000000000000000000000000000000000000000000000001000000000000000000000000000000000000000000000000000000000000000000000000000000000000000000000000000000000000000000000000000000000000000000000000000000000000000000000000000000000000000000000000
0000000000000000000000000000000000000000000000000000000000000000000000000000000000000000000000010001000000000000000000000000000000000000000000000000000000000000000000000000000000000000000000000000000000000000000000000000000000010000000000000000100000
0000000000000000000000000000000000000000000001000000000000000000000010000000001000000000000000000000000000000000000100000000000000000000000000000000000000000000000000010000000000000000000010000000000000000000000000000000000000000000000000000000000000
0000000000000000000000000000000000000000000000000000000000000000010000000000000000100000010000000000000000000000000000000000000000000000000000000000000000000000000000000000000000000000000000000000000000000000000000000000000000000000000000000000100000
0000000000000000000000000000000000000000000000000000000001000000000000000100000000000000000000000000000000000000000000000000000000000000000000000000000000000000000000000000000100000000000001000000000000000000000000000000000000000000010000000000000000
0000000000000000000000100000000000000000000100000000000000000000000000000000000000000000000000001000000100000000000000000000000000010001000000000000000000000000000000000000000000000000000000000000000000000000000000000000000000000000000000000000000000
0000000000000000000000000000000000000000000000000000000000000000000000000000000000000000000000000000000000000000000000000000000000000000000000000000000000000000000000000000000000000000000000000000000000000000000000000000000100000000000000000000000000
0000000000000000000001000000000000000100000010000000000000000010000000000100000000000000001000000010000000000000000000000000000000000000000000000000000000000000000000000000000000000000000000000000000000000000100000000000000000000000000000000000000000
0000000000000000000000000000000000000000000000000000101000000000000000000000001000000000000000000010000000000000000000000000000000000001000000100000000000000000000000000000100000000000000000000000000100000000000000000000000000000000000000000000000000
0000000100000000000000000000000000000010000000000000000000000000000000000000000000000000000000000000000100000000000000000000000000000000000010000000000000010000000000000000000000000000000000000000000000000000000000000000000000010000000000000000000000
0000000001000000000000000000000000000000000000000000000010000000000000000000000000000000000000000000000000000000000000000000000000000000000000000001000000000000000000001000000000000000000000000000000000000000100000000000000000000000000000000000000001
0000000000000000000000000000000000000000000100000000000000000000000000000000000000000000000000000010000100000000000000000000000000000000000000000000000000000000000000000000000000000000000000000000000000000000000000001000000100001000000000000000000000
0000000000000000000000000000000000000000000010000000000000000000000000000010000000001000000000000010000000000000001000000000000000000000000000000000000000000000000000000000000000000000000000000000000100000000000000000000000000000000000000000000000000
0000000000000000100000000000000000000000000000000000000000000000100000100000010100000000010000000000000000000000001000000000000000000000000000000000000000000000000000010000100000000000000000000000000000000000000000001000000000000000000000001000000000
0000000000000000000000000000000000000000000000000000000000000000000000000000000100000000000000000000000000000000000000000000000000000000000000000000000000000000000000000000000000000000000000000000000000000000000000000000010000000000000000001000000000
0000000000100000000000000000000000000010000000000000000000000000000000000000000000000000000000000000000000000000000000000000000000010000000000000000000000000000000000000000000000000000000000000000000000000000000000000000000000000000001000000000000100
0000000000000000000000000000000000000000000000000000000100000000000000000000000100000000000000000000000000000000000000000100000000000000000000000001000000000000000000000001000000000000000000000000000000000000000000000000000011000000000000000000000000
0000000000000000000000000000000000000000000000000000000000000000000000000000000000000000000000000001000000000000000000000000000000000000000000000000000000000000000000000000000000000000000000000000000000000100000000000000000000000000000000000000000000
0000000000000000000100000000000000000000000000000000000000000000000000000000000000000000000000000000000000000010010000000000000100000000010000000000000000000000000010000000000000000000000000000000001000000000000000000000000000000000000000000000000000
0000000000000000000000000010000000000000000000000000000000000000000000000000000000000000000000000000000000000000000000000000000000000000000000000000000000000000000000000000000000000010000000000000000000000000000000000000000000000000000000000000000000
0000000000000000000000000000000000000000000000000000000000000000000010000000000000000000000000000000100000000000000000000000000000000000000000000000001000000000000000000000000000000000000000000000000000000000000000000000000000000000000000000000000000
0000000000010000000000000000001000000100000000000000000000000000000000000000000010000000000000100000000010000000010000000000000001000000000000000000000000000000000000000000000000000000000000000000000000000000000000000000011000000000000000000000010100
0000000000000010000000000001000000000000000000000000000000000000000000000000000000000000000000000000000000000000000000000001000000000000000000000000000000000000000000000000000000000000000000000000000000000000100000000000000000000000000000000000000000
0000000000000000000000010000000000000000000000000000000000000000000000000000000000000000000000000000000000000000000000000000100000000000000000000000000000000000000000000000000000000000000000000000000000000000000000000000000000000000000000000000000000
0000000000000000000000000000000000100000001100000000000000000000000000100000000000000000000000000000010000000000001000010000000000000001000000000000000000000000000000000000000000000000000000000001000000000000000000000000000000000000000000000000000000
0000000000000000000000000000000000000000000000000000000000000000000000000000000000000000000000000000000000000000000000000000000000000000000000000000000000000000000000000000000000000000000000000000000000010000000000100000000000000100000000000000000000
0000000000000000000000000000000000000000001000000000000000000000000000000000000000000000000000000000000000000000000000000000000000000000000000000000000000000000000000000000000101000000000000000000000000000000000000000010000100000000000000010000000000
0000000100000000000000000000000000000000000000000000000000000000000000000000000000000000000000000000000000000000000000000000000000000000000000000000000000000000000000000000000000000000000000000000000001000000000000000000000000000000000000000000000000
0000000000000000000000000000000000000000000000000000000000000000000000000000000000000000000000100000000000000000000000010000010000000000000000000000000000000000000000000000000000000000000000000000000000000000000000000000000000000000000000000000000000
0000000000000000000000000000000000000000000000000000000000000000000000000000000000000000000000000000000100000000000000000000000000000000000000000000000000000000000000000000000000000000000000000010000000000010000000001000000000000000000100000000000000
0000000000000010000000000000000000000000000000000000000000000000000000000000000000000000000000000000100000000000000000000000000000000100000000000000000000000000000000000000000000000000000001100100000000000000000000000000000000000000000010000000010000
0000000000000000000000000000000000000000000010000000000000000000000000000000000001000000000000001000000000000000000000000000000000000000001000000000000000000000000000000000000000000010000000000000000000000000000000001001000000000000000000000000000000
0000000000010000100000000000000000000000000000000000000000000000000000000000000000000000000000000000000000000000000000000000000000000000000000000000000000000010000000000000000000100000000000000000000000000000000100000000000000000000000000000000001010
0000000000000001000000000000000000000000000000000000000000000000000000000000000000000000000000000001010000000000000000000000000000000000000000000001000000010000000001000000000001000000000000000000000000000000000000000000000000000000010000000000000000
0000000000000000000100000000000000000000000000000000000000000000000000000000000000010000000000000000000000000000000000000000000000000000000000000000000000000000000000000000000000000000000000000000000000000000000000000000000000010000000000000001000000
0000000000000000000100000000000000001000100000000000000000000000000000000000010000000000000000000000000000000000000000000000001000000000000010000000000000000000000000000000000000000000000000000001000000000000000010100000000000000000000000000000000000
0000000000010000000010000000000000001000000000000000000000100000000000000000000000000000000000000000000000010000000000000000000000000000000000000000001000000000000000000000000000000000001000000000000000000000000000000000000000000000000000000000000000
0000000000000000000000000000000000000000000000000000000100000000000000000000000000000000000000000000010000000000000000000000000000010000000000000100000000000000000000000000000100000000010000000000000000000000000000000000000000000000000000000000000000
0000000000000000000000000000000000000000000000000000000000000000000000000000000000000000000000000000000000000000000000000000000000000000000000000000000000000000000000000000000000000000000000000010000000000000000000000000000000000000000000000000000000
0000000000000000000000000100000000000000000000000100000000000000000000000000000000000000000000000000000000000000000000000000000000000000000000000000000000001000000000000000000000000000000000000000000000000000000000000000000100000000000000000000000000
0000000000000000000000000010000000000001100000000000000000000100000000000000000010000000000000000000000000000000001000000000000000000000000000000000000000010000000000000000000000000000000100000000000000000000000000000000000000000000000000000000010000
0000000000100000000000000000000000000000000000100000000000000000000000100000000000000000000000000000000000000000000000000000000010000000000000000000000000000000000000000000000000100000000000000000000000000000000000000000000000000000000000000000000000
0000000000001000010000000000000000000000001000000000000000000000000000000000000000000000000000000000000000000000000000000000000000000000000000000000000000010000000000010000000000000000000000000000000000000000000000000000000000000000000000000000000000
0000000000000001000000000000000000000000000000000000000000000000000000000000000000000000000000000000000000000000000000000000000000000000000000000000000100000000000000000000000000000000000000000000000000010000000000000000000000000000000000000000000000
0000000000000000000000001000000000000000000000000000001000000000000000000000000000000000000000000000000000000000000000000000000000000000000000000000000000000010000000000000010000000000000000000000000000000000000000000000000000000000000000000000000000
0000000000000000000000000000000000000000000000000000000000000000000000000000000000000000000001000000000000000000000000000000000000000000000011000000000000000000000000000000000000000000000000000000000001000000000000000000000000000000000000000000000000
0000000000000000000000000000000000001000000000000000000000000000000000000000000000000000000000000000000001000000000000000000000000000000000000000000000000000000000000000000000000000000000000000000000000000000000000000000000000000000000000000000000000
0000000000000000000000000000000000000000000000000000000000000000001000000000000000000000000000000000000000000000000100000000000000000001000000000000000000000000000000000000000000000000000000000000000000000000000000000000000000000000100000000000000001
0000000000000000000000000000000000000000000000000000000000000000000000000000000000000000000000001000000000000000000000000000000000000000001000000000000000000000000000000000000000000001000000000000000000000000000001000000000000000000010000000000000000
0000000000000100000000000000000000000000000000000000000000000100000000000000000000000000000000000000000000000000000000000000000000100000000000000000010000000000000000000000000000000000000000000000000100000000000000000010000000000000000000000000000000
0000000000000000000000000000000000000001100000000000000000000000000000000010000000000000000000000000000000000001000000000000000000000000000000000000000000000000000000000000000000000000000010000000000000000000000000000001000000000000000000000000000000
0000000000001000000000000000000000000000100000000000000000000000000000000000000000000000000000000000000000000000000100100000000000000000000000000000000000000000000000000000100000000000010000000000000000000000000010000000000000000000000000000000000000
0000000000000000000000000000000000000000000000000000000001000000000000010000000000010000000000000000000010000000000000000000000000000000000000000000000000000000000010000000000000000000000000000000000000000000000000000000000000000000000000000000000000
0001000000000000000000000000000000000000000000010001000000000000001000000000000000000000000000000000000000000000000000000000000000000000000000000000000000000000000000000000000000000000000000000000000000000100000000010000000000000100000000000000000000
0000000000000000000010000000000000000000000000000000000010000000000000000000000000000000000000000000000000000000000100000001000000000000000000000101000000000000000000000000000000000000000000000000000000000000000000000000000000100000000000000000000000
0000000000000000000000000000000000000000000000000000000000000000000000000000000000000000000000000000000000000000000000000000000000000010000000000000000000000000000000000000000000000000000000000000000000000000000000000000000000000000000000000000000000
0100000000000100000000001000000000000000000000000000000000000000000000000000000000000100000000000000000000000000000000010000000000100000000000000000000000000000000101000000000000000000000000000001000000000000000000000000000000000000000000000000000000
0000000000000000000000000000000000000000000000000000000000000000000000000000000000000000000000000000000000001000000000000000000000000010000000000000000000000000000000000001000010000000000000000000000000000000000000000000000000010000000000000000000000
0000000000000000000000000000000000000000000000000000000000000000000000001100000000000000000000000000000000000100000000000000101000000000000000000000000000000000100000000000000000000000000000000000000000000000000000000000000000000000000100000000000000
0000000000000000000000000000000000000000000000000000001000000100000000000000000000000000000000000000000000000000000000000000000000000000000000000000000000000000000000100000000000000000000000100000000000000000000000000100000000000000000000000000000000
0000000000000000010000000000000000000000000000000000000000000000100000000000000000000000000000001000000000000000000000000000000000000000000000000000100000000000100000000000000010000100000000100000000000000100000000000000000000000010000000000000000000
0000000000101000000000000000000100000000000000000000000000000010000000000000000000000000000000000000000000000000000000000000000000100000000010000000000000000000010100000010000000000000000000000000000000000000000000000100000000000000000000000000000000
0000000000000000000000000000000000000000000000000000100000000000000000000000001000000000000000000000000000000000000000000000000000000000000000001000000000000000000000000000000000000000000000000000000000000000000000000000000000100000000000000000000000
0000000000000000000000000000000000000000000010000000000000000000000000000000000000000000000000000000000000000000000000000000000000000000000000000010000000000000000000000000000000000000000000000000000000000000000000011000000000000000000000001000000000
0000000000000000000000000000000000000000000000000000000000000000000000000000000000000000000000000000000000000000000000000000000000000000000000000000000000000000000100000000000000000000000001000000000000000000000000000010000000000000000000000000000000
0000000000000010000000000000000000000000000000000000000000000000000000000000000000000000000000001000000000000000000000000000000000000000000000000000000000000000000000000000000000000000000000000000000000000000000000000000000000000000000000000000000000
0000001000000000000000000000000000000000000000000000000000010000000000001000000000000000100010000000000000000000000000000000000000001000000000000000000000000000000000000000000000000000000000000000000001000000000000000000000000000000000000000000000000
0000000000000000000000000000000000000000000001000000000000000000000000000000000000000000000000000000000000000000000000000000000100000000000000000000000000000000000000000000000000000000000000000100000000000000000010000000000000000000000000000001000000
0000000000000000000000000000000000000000000000000000000000000000010000000000000000000000000000000000000000000000000000000000000000000000000000000000000000000000000000000000000000000000000000000000000000000000000000000000000000000000000000000000000000
0000000000000000000000000010000000000000000000000000000000000000000000000000000000000000000000000000000000000001000000000000000000000000000000000000000000000000010000000000000000000000000000000000000000000000000000000000000000000000000000000100000000
0000100000000000000000000000000000000000000000000000000000000000100000000000001000000000000000000000000000000000000000000000000000000000000000110000000000000000000001000000000000000000010000000000000000000000000000000000000000000000000000000000000000
0010000000000000000000000000000000000000000000000000000000000000000000001000000000000000000000000000000000000000000000000000000000000000000000000000000000000000000000000000010000000000000010000000000000000000000000000000000000000000000000000000000000
0000000000000000000000000000000000000000000000000000000000000000000000000000000001000000000000000000000000000000000000000000000000000000000000000000000000000000000000000000000000000000000100000000000000010000000000000000000000000000000000000000000000
0000000000000000000000000000000000000000000000000000000000000000000000000000000000000010000000100000000000101000000000000000000000000000000000000000000000000000000010000000010000100000000000000000000000000000000000000000000000000000100000000000000000
0000000000000000001000000010000000000000000000000000000000000000000000000000000000000000000000000000000000000000000000000000000000000000000000000000000100000000000000000000000000000000000000000000000000000000000000000000000000001000000000000000000000
0000000000000010000000000000000000000000000000000000000000100000000000000000000000000000000000000000000000000000000000000000000000000000000000000010000000000000000000000000000000000000000000000000000000000000000000000000000000000000000000000000000000
0000000000000000000000000000000000010000000000000000000010000000000001000010000000000000000000000000000000000000000000000000000000000000000000000000011000000000000000100000000000000001000000000000000000000000000000000000000100000000000000000000000000
0000000000000000000000000000000001000000000000000000010000000000000000000000000000000000000000000000000000000000100000000000000000000000000000000000000000000000000000000000000000000000000000000000000100000000000000000000000000000000000000000000000000
0000000000000000000000000000000000000000100000000000000000000000000000000001000000000000000000001000000000000000000000000000000000000000000000000000000000000000000000000000000000100000000000100000000000000000000010000000000000000000000000000000000000
0000000000000000000000000000000000000000000000000000000000000000000000000000000000000000000000000000000000000000000000000000000000000000000000000000000010000000000000000000000000000000100000000000000000000000000000000000000000000000000001100000000000
0000000000000000000000000000000000000000000000000000000000000000000000000000000000000000000000000000000000000000000000000000000000000000000000000000000000000010000000000000000000000000000000000000000000000000000000000000000000000000000000000000000000
0001000000000100000000000000000000000000000000000000000000000000000000000000000000000000001000000000000000000000000000000000000000000000000000000000000000000000000000000000000000000000000000000000000000000000100000000001000000000000000000000000000000
0000000000000000000000000000001000000000000000000000000000000000000000000000000000000000000000000000000001000000000000000000000000000000001000000000000000100000001000000000000000000000000100000000000000000000000000000000000000000000000000000000000000
0000000000000000000000000000000000000000000000000000000000000000010100000000000000000000000000000000000000000000000000001000000000000000000000000000000000000000000000000000000000000000000000000000000000000000000000000010000000100000000000000000000000
0000000000000100000000000000000000000000000000000000000000000000000000000000000000000000000000000000000000000000000000000001000000000000000000000100000000000000000000000000000000000000000000000000000010000000000000000000000000000000000000000000000000
0000100000000000000000000000100000000000000000000000000000000000000000000000000000000000000000000000000000000000000000000000000000000000000000000000000000000000000000000000000000000000000000000000000000100000000000000000000000000000000000000000000000
0000000000000000000000000000000000000000000000000000000000001000000000000000000000000000000000000000000010000000000000000000000000000000000000100000000000000000000000000000000000000000000000000000000000000000000000000000000000000000000000001000000000
0000000000000000000000000000000000000000000000000000100000000000000000000100000000000000000000000000000000000000000000000001000000000000000000000000000000000000000000000000000000000000000000000000100000000000000000000000000000000000000001000000000000
0000000000000000000000000000000000000000000000000000000000000000000000100000000000000001000000000000000000000000000000000000000000000100000000000001000000000000000000000000000000000100000000000000100000000000000000000000000000000000000000000000000000
0000000000010000000000000000000000000000000000000000000000000000000000000000000000000000000000000000000000000000000000000000000000000000000000000000000000000000000000000000000000000000000000000000000100000000000000000000100000000000000000000000000000
0000000000000000000000000000000000000000000000000000000000000000000100000000000000000000000000000000000000000000000000000000001000000000010000000000000000000000000000000000000000000000000000000000000000000000000000000000001000000000000000000000000000
0000000000001000000000000000000000000000000000000000000000000000000000000000000000000000000000000000000000000000000000000000000000000000010000000000000000000000001000000000000001001000000000000000000000000000000000000000100000000000000000000000000000
0000000000000000000000000000000000000000000000000000000000000000000000000010000000000000000000000000000000000000000000000000000000000000000000000000010000000000000000000000000000000000000000000000010000000000000000000000000000000000000000000000000000
0000000000000000000000000000000000000000000000000000000000000010000000000001000000000000000000000000000000000000000000000000000000000000000000000000001000000000000000000000000000000000000000000000000000000000000000000000000000000000000000000000000000
0000000000000000000000000000000000000000000000000000000000000000000000000000000000000000000000000000000000001000000000000000000010000001000000000000000000001000000000000000000100001000000000000001000000000001000000000000000000000000000000000100000100
0000000000000000000000000000001000000000010000000010000000000000000000000000000000000000000000000000000000000000000000000000000000000000000000000000100010000000000000000000000000000000000000000000000000000000001000000000000000000000000000000000010000
0000010000000000000000000000000000000000000000000000000000000000000000000000000000000000000000000010001000000000000000001000000000000000000000000000000001000000000000000000000000000000000000000000000000000000000000000000000000000000000000000000000000
0000000000000000000000000010000000000000000000000000000000000000000000000000000000000000000000000000100000000000000000000000000000000000000000000100000000000000000000000000000000000000000000000000000000000000000000000000000000010000000000000000000000
0000000000000000000000000000000000000000100000000000000000000000000000000000000000100000000000000000000000000000000000000010000000110010000000000000000000000000100000000000000000100000000000000000000000000000000000000000001000000000000000000000000000
0000000000000000000000000000000000000000000000000000000000000000000000000000000000000000000000000000000000000000000000000000000000000000000000000000000000000000000000000010001000000000000000000000000000000000000000000000000000000000000000000000000000
0000000000000000000000000000000000000000000000000000000000000000010000001000000000000000000000000000000000000000000000000000000001000000000000000000000000000000000000000000000000000000000000000000000001000000000000000000000000000000000000000000001000
0000000000000000000000000000000000000000000000000000000000000000000000000000000000000010000000000010001000000000000000000000000000000000000000000000000100000000000000000000000000000000000000000000000000000000000000000000000000000000000000000000000100
0000000000000000000000000000000000000000001000000000000010000000000000000000000000000000000000000100000000100010000000000000000000000000000000000000000000000000000000000000000000000000000000100000000000000000000000000000000000000000000000000001000000
1000000000000000000000001000000000000000000000000000000000000000000000000000000000000000000000000000000000000000000000000000010000000000000000000000000000000000000000001000000000000000000000000000000000000000000000000001000000000000000000000100000100
0000000000000000000000000000010000000000000000000000000000000000000000000001000000000000000000000000000000000000001000000000000100000000000100000000000000000000000000000000000000000010000000000000000000000000000000000000000000000000000000000000000000
0000000000000000000000000000000000000000000100000000000000000000000000000000000000000000000000000000010000000000000000000000000000000000000001000000000100000000000000000000000000000000000000000000000000000000000000000000000000000000000000000000000000
0000000000000000000000000000000000000000000000000000000000000010000000000000000000000000000000000000000000000000100000000000000000000000010000000000000000000000000000000000000000000000000000000000001000000000000000000000000000000000000100000000000000
0000000000000000000000000010000000000001000000000000010000000000000000000000000000000000000000000000000000000000000000000000000000000000000000000000000000000000000000000000000000000000000000000000000000010000000000000000001000000000000000000000000000
0000000000000000000000000000000000000000000000000000000000000000000000000000000000010000000000001010000000000100000000000000001000000000000000000000000000000000000010000000000001000000000000000000000000000100000000000000000000000000000000000000000000
0000000000000000000000000000000000000000000000000000000000000000000000000000000000000000000010000000000000000000000000000000000000000000000000001000000000000000000000000000000000000001000000000000000000000000000000000000000000000000000000000000000000
0000000001000000000000000000000000000000000000000000000000000000000000000000000000000000000000000000000001000000000000000000000000000000000000000000001000000000000000000000000000000000000000000000000000000000000000000000000000000000000000000000000000
0000000100000000000000000000000000000000000000000000000000000000000000000000000010000000100000000000000000000000000000000000000000000000000000000000000000000000000000000000000000000000000000000000000000000000000000000000000000000000000000100000000010
0000000000000000001000000000000000000000000100000001000000000001000000000000000000000000000000000000000000000000000000000000000000000000000000000000000000000000000000000000000000000000000000000000000000000000000000000000000000000000000000000000000000
0000000000000000000000000000010000000000010000000000000000000000000000000000000100000000000000000000000000000000000000000100000000000000001000000000000000000000000000000000000000000000000000000000000000000000100000000000000000000000000000000000000000
0000000000000000000001000000000000000000000010100000000000001000000000000000001000000000000000000000000000000000000000000000000000000000000000000000000000000000001000000000000000000000000000000000000000000000000000000000000000000000000000000000000000
0000000000000011000000000000000000000000000000000000000000000000000000000000000000100010000000000000000000000000000000000000000000000000000000000000000000000000000000000000000000000000100000000000000000000000000000001000000000000000010000000000000000
0000000000000000000000000000000000000000000000000000000000000000000000000000000000000000000000000010000000000000000000000000000000000000000000000000000010000000000000000000000000000000000000000000000000100000000000000000000000000001000000000000000000
0000000000000000000000000000000010000000000000000000000000000000000000000000000100000000000000000000000000000000000000000000000000000000000000000000000000000000000000000000000000000000000000000100000000000000000000000000000000000001000000000000000000
0000000000000000000000000000000000000000000000100000000000000000000000000000000000000000000000001000000000000000000000000000000100010000000000000000000000000000100000000000000000100000000000000000000000000000000000000000000000000000000000000000000000
0000000000000000000000010000000010000000000000000000000000000000000000000000000000001000000000000000000100010000000000100000000000000000000000000100000000000000000000000000000000000000000000000000000000000000001000000001000000000000000000000000000000
0000000000000000000000000000000000000000000000001000000000000000000000000000000000000000000000000000000000000000000000000000000000000000000000000000000000000000000000000000000000000000000000000000000000000000000000000000100000000000000000000000000000
0000000100000000000010000000000000000000000000000000000000010000000000000010000000000000000000000000000000000000000000000000000001000000000000000000000000000000000000000000000000000000000000000000000000000000000000000000000000000000000000000000000010
0000000000000000000000000000000000000000000000000000000000000010000001000000000000000100000000000000001000000000000000000100000000000100000000000000000000001000000000000000000000000000000000000000000000000000000000000000000000000000000000000000000000
0000000000000000000000000000000000000000000000000000000000000000000000000000000000000000000000000000000000000001100000000000000000000000000000000000000000000000000000000000001000000000000000000000000000000000000000000000000001100000000000000000000000
0000000000000000000000000000000000000000000000000000000000000000000000001000000010000000000000000000000000000000000000000000000000000000000000000000000000000000000000000000000000000000000000000000000000000000000000000000000000000000000000000000000000
0000000000000000000000000000000000001000000100000010000000000000000000000000000000000000000000000000000000000000000000000000010000000000000000000000000000000000000000000000000000000000000000000000000000000000000000000000000000000000000000000000000000
0000000000000000000000000010000000000000000000000000000000000000000000000000000000000000100000000000001000000000000000000000001000000000000000000000000000000000000000000010000000000000000001000000000000000000000000000000000000000000000000000000000000
0000000000000000000000000000000000000000000000000000000000000000000000000000000000000000000000000001000000000000000000000000000000000000000010000000000100000000000000000000000000000000000000000000000000000000000000000000000000000000000000001000000000
0000000000000000000000000001000000000000000010000000000000000000000000000000000000000000000000000000000000000000000000000000000000000000000000000000000000000000000000000000000000000000000000000000000000000000000000000000010000000000000000000000000000
0000000000000000000000100000000000000000000000000000000010000000000000000110000000000000000000000000000000000000000000000000000000000001000000100000000000000000000000000000100000000000000000000000000000100000000000000100000000000000000000000000000000
0000000000000000000000000010000000010000000000000000000000000100000000000000000000000000000000000001000000000000000000000000000000000000000000000100000000000000000000000000000000000000000000000000000000000000000000000000000000000000000000000000000000
0001000000000000000000000000000000000000000000000000000000000000000000100000000000000000000000000000000000000000000000000000000000000000000000000000000000000100001000000000000000000000000000000000000000000000000000000000000000000000000000000000000000
0000000000000000000000000000000000000000000000000000000000000000000000000000000000000000000000100000000000000000000000000000000000000000000000000000000000000000000000000000000000000000000000000000000000000000000000000001000000000000000000000000000000
0000000000000000000000000000000000000000000000000001000000000000010000000000000000000000000000000000000000000000000000000000000000000010000000000000000000000000000000000000000000000000000000000000000000000000000000000000000010000000000001000000000000
0000000000000000000000000000000000000000000100000000000000000000000000000000000000000000000000000000000000000000000000000000000000000000000000000000010000000000000000000000000000000000000000000000000000000000000000000010000000000001000000000000000000
0000000000000000000000000000000000000000000000000000000000000000000010000000100000000000000000000000000000000000000000000000000000000000000000000000000000001000000000000000000000000000000000000000000000000000000000000000000000000000000000000000000000
0000000000000000100000000000000000000000000000000000000000000000000010000000000000000000000000000000000001000000010001000000000100000000000000000000100000000000000000000000000000000000000000000000000000000000000000000000000000000000000000000000000000
0000000000000000000000000000000000000000000100000000000000000000000000000000000000000000000000000000000000000000000000000000000000000000000000000000000000000000000000000000000000100000000000000000000000000000000000000000000000000000000000000010000000
0000000000000000000000000000000001000000000000000000000000000000000000000010000000000000000000000000000000000000000000000000000000100000000000000000000000000000000000000000000000000000000000000000000000000000000000001000000000000000000000000000000000
0000000000000000000000000000000000000000000010000000000000000000000000000000000000000000000000000000000000000000000000000000000100000000000000010100000000000000000000000000000000000000000000000000000000000000000001000000000000000000000000000000000000
0000000000000000000000000000000100000000000000000000000000000000000000000000000000000000000000000000000000000010000000000000000000000000000000000000000000000000000000000000000000000100000000000000000000000000000000000000000000000000000000000010000000
0000000001000000000000000000000100000000000000000000000000000000000000000000000000000000000000000000000000000000000001000000000000000000000000000000000000000000000000000000000000000000000000000000000000000000000000001000000000000000000000000000001000
0000000000000000000000000000000011000000000000000000000000000000001000000000000000010101000000000000000000000000000000000000000000000000000000000000000000000000000000000000000101000000000000000000000000000000000000000010001000000000000000000000000000
0100000010000000000000000000000000000000000000000000000000000000000000000000000000000000000000100000000000010000000000000010000000000000000000000000000000000000000000000000000001000000000000000000000010000000000000100000000000000000000000000000000000
0000000000000000000000000000000100000000000000000000000000000000000000000000000000000000000100000000000000000000000000000000000000000000000000000000000000000000000000000000000000000000000000000000000000000000000000000000000000000000000000000000000000
0100000000000000000000000010000000000000000000000000000000000000000001000000000000000000000000000000000000000000000000000000100000000000000000000000000000000000000000000001000000000000000000000000000000000000000001000000000000000000000000000000000001
0000000000000000000000010000000000000000000000000000000000000000000000000000000000000000000100000000000000010000000000000000000000000000000000000000000000000000000000000000000000010000000000000000000000000000000000000000000000000000000000000000000000
0001000000000000000000000000000000000000000000000000000000000000000000000000000000000000000000000000000000000001000000010000000000000110000000000000000100000000000000000000000001000000000000000000000000000000000000001000000000000000000000000100000000
0001000000001000000000000000000000000001000000000000000000000000000000000000000000000000000000000000000000000010000000000000000000000000000000000000001000000000010010000000000000000000000000000000000000000000000000000000000000000000000000000000010000
0000000000000000000000000000100000100000000000000000000000000000000000000000000000000000000000000000000000000000010000000000000000000000000000000000000000000000000000000100000000000000000000000010000000000000100000000000000000000011000000000000000000
0000000000000000000000000000000000000000000000000000100000000000000000000000000000000000000000010000000000000000000000000000000000010000000000000000000000000000000000000001000000000000000001000001000000000100000000000000000000000000000000000000000000
0000000000000000000000000000100000000000000000000000000000000000000000000000000000000000000000000000000000000001000000000000000000000000000000000000000000000000000100000000000000000000000000000000000010000000010000010000000000000000000000000000010000
0000000000000000000000000000000000000000000000000000000000000000000000000000000000000000000000000000000010000000000000000000000000000000000000000000000000000010000000000000000100000000000000000000000000000000000000000000000000000000000000000000000000
