20 30
000000000000100000000000000100
000000000100000000000000000000
000000000000000000000000000000
000000000000000000000000000000
000000000000000000000000000000
000000000000000000000000000010
000000000010000001100000000001
000000000000000000000000000000
000000000000000000010000000000
000000000000000000000000000000
000000010000000000000000000000
001000000001000000000000010000
000000000000000000000000000000
000000100000000100000010000000
100000000000000000000000000000
000000001000000000000000000000
000000000000000000000000100000
000000000000000000000000001000
010000000000010000000000000000
000010000000000000000000000000

