50 50
00000000000000000000000000000000000000000000000000
00000000000000000000000000000000000000000000000000
00000000000000000000000000000000000000000000000000
00000000000000000000000000000000000000001000000000
00000000000000000000000000000000000000000000000000
00000000000000000000000000000000000010000000000000
00000000000000000000000000000000000000000000000001
00000000000000000000000000000000000000000000000000
00000001000000000000000001000000000000000000000000
00000000000000000000000000000000000000000000000000
00000000000000000000000000000000000000000000000000
00000000000000000000000000000000000000000000000000
00000000000000000000000000000000000000010000000000
00000000000000000000000000000000000000000000000000
00000000000000000000000000000000000000000000000000
00000000000000100000000000000000000000000000000100
00000000000000010000000000000000000000000010000000
00000000000000000000000000000000000000000000000000
00000000000000000000000000000000000000000000000000
00000000000000000000000000000100000000000000000000
00000000000000001000000000000000000000000000000000
00000000000000000000000000000000000000000000000000
00000000000000000000000000100000000000000000000000
00000000000000000000100000000000000000000000000000
00000000100000000000000000000001000000000000000010
00000000000000000000000000000000000000000000000000
00000000000001000000000000000000000000000000000000
00000000000000000000000000000000100000000000000000
00000000000000000100000000001000000000000000000000
00000000000000000000000000000000000000000000000000
00000000000000000000000000000000001000000000000000
00000000000000000000000000000000000000000000000000
00000000010000000000000000000000000000000000000000
00000000000000000000000000000000000000000000000000
00000000000000000010000000000000000000000000000000
00100010000000000000000000000000000000000000000000
00000000000000000000000000000000000000000000000000
00000000000000000000000000000000000000000000000000
00000000000000000000010000000000000000000000000000
00000000000000000000000000000010000000000000001000
00000000000000000000000000000000000000000000000000
00000000000100000000000000010000000100000001000000
00000000000000000000000000000000000000000000000000
00000000000000000000000000000000000000000000000000
00000000000000000000000000000000000000000000000000
00000000000000000000000000000000000000000000000000
10000000000000000000000000000000000000000000000000
00000000000000000000000000000000000000000000000000
00000000000000000000000010000000000000000000000000
00000000000000000000000000000000000000000000000000

