27 31
0000000000000000000001000000000
0000000001000000000000000000000
0000000000000000000000000000000
0000000010000000000000000000000
0000000000000000001000000000000
0000000000000000100000000000000
0000000000000000000000000000000
0000000000000000000000000000000
0000000000000000000000000000000
0000100000000010000000000000000
0000000000000000000000000000000
0000000000000000000100000000000
1000000000000000000010000000000
0000000000101000000000000000000
0100000000000000000000000000000
0000000000000000000000100000000
0000000000000000000000000000000
0000000000000000000000000000000
0000000000000000000000000000000
0001000000000000000000010000000
0000000000000001000000000100000
0000000000000000000000000000001
0000000000000000000000000000000
0010000000000100000000000000010
0000000000000000000000000001100
0000000000000000000000000000000
0000000000000000000000000010000

