33 49
0000000000000000000000000000000000000001000000000
0000000000000000000000000000000000000000000000000
0000000000000010000000000000100000000000000000000
0000000000000000000000000000000000000000100000000
0000000000000000000000000000000000000000000000000
0000000000000000100000100000000000000000000000000
0100000000000001000000000000000000000000000000000
0010000000000000000000000010000010000000010000000
0000000000000000000000000000000000000000000000000
0000000000000000011001000000000000000000000000000
0000000000000000000000000000001000000000000000000
0000000000000000000000000000000100000000000000000
0000000000000000000000000000000000000010000000000
0000000000000000000000000000000000000000000000000
0000000000000000000010000000000000010000000000000
0000000000000000000000000000000000001000000000000
0000000000000000000000000000000000000000000000000
0000000000000000000000000000000000000000000000000
0000000000000100000000000000000000000100000001000
0000000000000000000000000000000000000000000000000
0000000010000000000000010000000000000000000000000
0000000000000000000000000000000000000000000000000
0000111000000000000000000000000000000000000000000
0000000000000000000000000000000001000000000000000
0000000000000000000000000000000000000000000000000
0000000000000000000000000100000000000000000000000
0000000000100000000000000000000000000000000000000
0000000000001000000000000000000000000000000000000
0000000000000000000000000000000000100000001000000
0000000000000000000000000000000000000000000000000
0000000001000000000000000000000000000000000000000
0000000000000000000000000000000000000000000000010
1000000000000000000000000000000000000000000000000

