40 59 121
1 2 3 4 5 6 7 8 9 10 11 12 13 14 15 16 17 18 19 20 21 22 23 24 25 26 27 28 29 30 31 32 33 34 35 36 37 38 39 40 41 42 43 44 45 46 47 48 49 50 51 52 53 54 55 56 57 58 59
2 3 4 5 6 7 8 9 10 11 12 13 14 15 16 17 18 19 20 21 22 23 24 25 26 27 28 29 30 31 32 33 34 35 36 37 38 39 40 41 42 43 44 45 46 47 48 49 50 51 52 53 54 55 56 57 58 59 60
3 4 5 6 7 8 9 10 11 12 13 14 15 16 17 18 19 20 21 22 23 24 25 26 27 28 29 30 31 32 33 34 35 36 37 38 39 40 41 42 43 44 45 46 47 48 49 50 51 52 53 54 55 56 57 58 59 60 61
4 5 6 7 8 9 10 11 12 13 14 15 16 17 18 19 20 21 22 23 24 25 26 27 28 29 30 31 32 33 34 35 36 37 38 39 40 41 42 43 44 45 46 47 48 49 50 51 52 53 54 55 56 57 58 59 60 61 62
5 6 7 8 9 10 11 12 13 14 15 16 17 18 19 20 21 22 23 24 25 26 27 28 29 30 31 32 33 34 35 36 37 38 39 40 41 42 43 44 45 46 47 48 49 50 51 52 53 54 55 56 57 58 59 60 61 62 63
6 7 8 9 10 11 12 13 14 15 16 17 18 19 20 21 22 23 24 25 26 27 28 29 30 31 32 33 34 35 36 37 38 39 40 41 42 43 44 45 46 47 48 49 50 51 52 53 54 55 56 57 58 59 60 61 62 63 64
7 8 9 10 11 12 13 14 15 16 17 18 19 20 21 22 23 24 25 26 27 28 29 30 31 32 33 34 35 36 37 38 39 40 41 42 43 44 45 46 47 48 49 50 51 52 53 54 55 56 57 58 59 60 61 62 63 64 65
8 9 10 11 12 13 14 15 16 17 18 19 20 21 22 23 24 25 26 27 28 29 30 31 32 33 34 35 36 37 38 39 40 41 42 43 44 45 46 47 48 49 50 51 52 53 54 55 56 57 58 59 60 61 62 63 64 65 66
9 10 11 12 13 14 15 16 17 18 19 20 21 22 23 24 25 26 27 28 29 30 31 32 33 34 35 36 37 38 39 40 41 42 43 44 45 46 47 48 49 50 51 52 53 54 55 56 57 58 59 60 61 62 63 64 65 66 67
10 11 12 13 14 15 16 17 18 19 20 21 22 23 24 25 26 27 28 29 30 31 32 33 34 35 36 37 38 39 40 41 42 43 44 45 46 47 48 49 50 51 52 53 54 55 56 57 58 59 60 61 62 63 64 65 66 67 68
11 12 13 14 15 16 17 18 19 20 21 22 23 24 25 26 27 28 29 30 31 32 33 34 35 36 37 38 39 40 41 42 43 44 45 46 47 48 49 50 51 52 53 54 55 56 57 58 59 60 61 62 63 64 65 66 67 68 69
12 13 14 15 16 17 18 19 20 21 22 23 24 25 26 27 28 29 30 31 32 33 34 35 36 37 38 39 40 41 42 43 44 45 46 47 48 49 50 51 52 53 54 55 56 57 58 59 60 61 62 63 64 65 66 67 68 69 70
13 14 15 16 17 18 19 20 21 22 23 24 25 26 27 28 29 30 31 32 33 34 35 36 37 38 39 40 41 42 43 44 45 46 47 48 49 50 51 52 53 54 55 56 57 58 59 60 61 62 63 64 65 66 67 68 69 70 71
14 15 16 17 18 19 20 21 22 23 24 25 26 27 28 29 30 31 32 33 34 35 36 37 38 39 40 41 42 43 44 45 46 47 48 49 50 51 52 53 54 55 56 57 58 59 60 61 62 63 64 65 66 67 68 69 70 71 72
15 16 17 18 19 20 21 22 23 24 25 26 27 28 29 30 31 32 33 34 35 36 37 38 39 40 41 42 43 44 45 46 47 48 49 50 51 52 53 54 55 56 57 58 59 60 61 62 63 64 65 66 67 68 69 70 71 72 73
16 17 18 19 20 21 22 23 24 25 26 27 28 29 30 31 32 33 34 35 36 37 38 39 40 41 42 43 44 45 46 47 48 49 50 51 52 53 54 55 56 57 58 59 60 61 62 63 64 65 66 67 68 69 70 71 72 73 74
17 18 19 20 21 22 23 24 25 26 27 28 29 30 31 32 33 34 35 36 37 38 39 40 41 42 43 44 45 46 47 48 49 50 51 52 53 54 55 56 57 58 59 60 61 62 63 64 65 66 67 68 69 70 71 72 73 74 75
18 19 20 21 22 23 24 25 26 27 28 29 30 31 32 33 34 35 36 37 38 39 40 41 42 43 44 45 46 47 48 49 50 51 52 53 54 55 56 57 58 59 60 61 62 63 64 65 66 67 68 69 70 71 72 73 74 75 76
19 20 21 22 23 24 25 26 27 28 29 30 31 32 33 34 35 36 37 38 39 40 41 42 43 44 45 46 47 48 49 50 51 52 53 54 55 56 57 58 59 60 61 62 63 64 65 66 67 68 69 70 71 72 73 74 75 76 77
20 21 22 23 24 25 26 27 28 29 30 31 32 33 34 35 36 37 38 39 40 41 42 43 44 45 46 47 48 49 50 51 52 53 54 55 56 57 58 59 60 61 62 63 64 65 66 67 68 69 70 71 72 73 74 75 76 77 78
21 22 23 24 25 26 27 28 29 30 31 32 33 34 35 36 37 38 39 40 41 42 43 44 45 46 47 48 49 50 51 52 53 54 55 56 57 58 59 60 61 62 63 64 65 66 67 68 69 70 71 72 73 74 75 76 77 78 79
22 23 24 25 26 27 28 29 30 31 32 33 34 35 36 37 38 39 40 41 42 43 44 45 46 47 48 49 50 51 52 53 54 55 56 57 58 59 60 61 62 63 64 65 66 67 68 69 70 71 72 73 74 75 76 77 78 79 80
23 24 25 26 27 28 29 30 31 32 33 34 35 36 37 38 39 40 41 42 43 44 45 46 47 48 49 50 51 52 53 54 55 56 57 58 59 60 61 62 63 64 65 66 67 68 69 70 71 72 73 74 75 76 77 78 79 80 81
24 25 26 27 28 29 30 31 32 33 34 35 36 37 38 39 40 41 42 43 44 45 46 47 48 49 50 51 52 53 54 55 56 57 58 59 60 61 62 63 64 65 66 67 68 69 70 71 72 73 74 75 76 77 78 79 80 81 82
25 26 27 28 29 30 31 32 33 34 35 36 37 38 39 40 41 42 43 44 45 46 47 48 49 50 51 52 53 54 55 56 57 58 59 60 61 62 63 64 65 66 67 68 69 70 71 72 73 74 75 76 77 78 79 80 81 82 83
26 27 28 29 30 31 32 33 34 35 36 37 38 39 40 41 42 43 44 45 46 47 48 49 50 51 52 53 54 55 56 57 58 59 60 61 62 63 64 65 66 67 68 69 70 71 72 73 74 75 76 77 78 79 80 81 82 83 84
27 28 29 30 31 32 33 34 35 36 37 38 39 40 41 42 43 44 45 46 47 48 49 50 51 52 53 54 55 56 57 58 59 60 61 62 63 64 65 66 67 68 69 70 71 72 73 74 75 76 77 78 79 80 81 82 83 84 85
28 29 30 31 32 33 34 35 36 37 38 39 40 41 42 43 44 45 46 47 48 49 50 51 52 53 54 55 56 57 58 59 60 61 62 63 64 65 66 67 68 69 70 71 72 73 74 75 76 77 78 79 80 81 82 83 84 85 86
29 30 31 32 33 34 35 36 37 38 39 40 41 42 43 44 45 46 47 48 49 50 51 52 53 54 55 56 57 58 59 60 61 62 63 64 65 66 67 68 69 70 71 72 73 74 75 76 77 78 79 80 81 82 83 84 85 86 87
30 31 32 33 34 35 36 37 38 39 40 41 42 43 44 45 46 47 48 49 50 51 52 53 54 55 56 57 58 59 60 61 62 63 64 65 66 67 68 69 70 71 72 73 74 75 76 77 78 79 80 81 82 83 84 85 86 87 88
31 32 33 34 35 36 37 38 39 40 41 42 43 44 45 46 47 48 49 50 51 52 53 54 55 56 57 58 59 60 61 62 63 64 65 66 67 68 69 70 71 72 73 74 75 76 77 78 79 80 81 82 83 84 85 86 87 88 89
32 33 34 35 36 37 38 39 40 41 42 43 44 45 46 47 48 49 50 51 52 53 54 55 56 57 58 59 60 61 62 63 64 65 66 67 68 69 70 71 72 73 74 75 76 77 78 79 80 81 82 83 84 85 86 87 88 89 90
33 34 35 36 37 38 39 40 41 42 43 44 45 46 47 48 49 50 51 52 53 54 55 56 57 58 59 60 61 62 63 64 65 66 67 68 69 70 71 72 73 74 75 76 77 78 79 80 81 82 83 84 85 86 87 88 89 90 91
34 35 36 37 38 39 40 41 42 43 44 45 46 47 48 49 50 51 52 53 54 55 56 57 58 59 60 61 62 63 64 65 66 67 68 69 70 71 72 73 74 75 76 77 78 79 80 81 82 83 84 85 86 87 88 89 90 91 92
35 36 37 38 39 40 41 42 43 44 45 46 47 48 49 50 51 52 53 54 55 56 57 58 59 60 61 62 63 64 65 66 67 68 69 70 71 72 73 74 75 76 77 78 79 80 81 82 83 84 85 86 87 88 89 90 91 92 93
36 37 38 39 40 41 42 43 44 45 46 47 48 49 50 51 52 53 54 55 56 57 58 59 60 61 62 63 64 65 66 67 68 69 70 71 72 73 74 75 76 77 78 79 80 81 82 83 84 85 86 87 88 89 90 91 92 93 94
37 38 39 40 41 42 43 44 45 46 47 48 49 50 51 52 53 54 55 56 57 58 59 60 61 62 63 64 65 66 67 68 69 70 71 72 73 74 75 76 77 78 79 80 81 82 83 84 85 86 87 88 89 90 91 92 93 94 95
38 39 40 41 42 43 44 45 46 47 48 49 50 51 52 53 54 55 56 57 58 59 60 61 62 63 64 65 66 67 68 69 70 71 72 73 74 75 76 77 78 79 80 81 82 83 84 85 86 87 88 89 90 91 92 93 94 95 96
39 40 41 42 43 44 45 46 47 48 49 50 51 52 53 54 55 56 57 58 59 60 61 62 63 64 65 66 67 68 69 70 71 72 73 74 75 76 77 78 79 80 81 82 83 84 85 86 87 88 89 90 91 92 93 94 95 96 97
40 41 42 43 44 45 46 47 48 49 50 51 52 53 54 55 56 57 58 59 60 61 62 63 64 65 66 67 68 69 70 71 72 73 74 75 76 77 78 79 80 81 82 83 84 85 86 87 88 89 90 91 92 93 94 95 96 97 98
121 121 121 121 121 121 121 121 121 121 121 121 121 121 121 121 121 121 121 121 121 121 121 121 121 121 121 121 121 121 121 121 121 121 121 121 121 121 121 121 121 121 121 121 121 121 121 121 121 121 121 121 121 121 121 121 121 121 121
121 121 121 121 121 121 121 121 121 121 121 121 121 121 121 121 121 121 121 121 121 121 121 121 121 121 121 121 121 121 121 121 121 121 121 121 121 121 121 121 121 121 121 121 121 121 121 121 121 121 121 121 121 121 121 121 121 121 121
121 121 121 121 121 121 121 121 121 121 121 121 121 121 121 121 121 121 121 121 121 121 121 121 121 121 121 121 121 121 121 121 121 121 121 121 121 121 121 121 121 121 121 121 121 121 121 121 121 121 121 121 121 121 121 121 121 121 121
121 121 121 121 121 121 121 121 121 121 121 121 121 121 121 121 121 121 121 121 121 121 121 121 121 121 121 121 121 121 121 121 121 121 121 121 121 121 121 121 121 121 121 121 121 121 121 121 121 121 121 121 121 121 121 121 121 121 121
121 121 121 121 121 121 121 121 121 121 121 121 121 121 121 121 121 121 121 121 121 121 121 121 121 121 121 121 121 121 121 121 121 121 121 121 121 121 121 121 121 121 121 121 121 121 121 121 121 121 121 121 121 121 121 121 121 121 121
121 121 121 121 121 121 121 121 121 121 121 121 121 121 121 121 121 121 121 121 121 121 121 121 121 121 121 121 121 121 121 121 121 121 121 121 121 121 121 121 121 121 121 121 121 121 121 121 121 121 121 121 121 121 121 121 121 121 121
121 121 121 121 121 121 121 121 121 121 121 121 121 121 121 121 121 121 121 121 121 121 121 121 121 121 121 121 121 121 121 121 121 121 121 121 121 121 121 121 121 121 121 121 121 121 121 121 121 121 121 121 121 121 121 121 121 121 121
121 121 121 121 121 121 121 121 121 121 121 121 121 121 121 121 121 121 121 121 121 121 121 121 121 121 121 121 121 121 121 121 121 121 121 121 121 121 121 121 121 121 121 121 121 121 121 121 121 121 121 121 121 121 121 121 121 121 121
121 121 121 121 121 121 121 121 121 121 121 121 121 121 121 121 121 121 121 121 121 121 121 121 121 121 121 121 121 121 121 121 121 121 121 121 121 121 121 121 121 121 121 121 121 121 121 121 121 121 121 121 121 121 121 121 121 121 121
121 121 121 121 121 121 121 121 121 121 121 121 121 121 121 121 121 121 121 121 121 121 121 121 121 121 121 121 121 121 121 121 121 121 121 121 121 121 121 121 121 121 121 121 121 121 121 121 121 121 121 121 121 121 121 121 121 121 121
121 121 121 121 121 121 121 121 121 121 121 121 121 121 121 121 121 121 121 121 121 121 121 121 121 121 121 121 121 121 121 121 121 121 121 121 121 121 121 121 121 121 121 121 121 121 121 121 121 121 121 121 121 121 121 121 121 121 121
121 121 121 121 121 121 121 121 121 121 121 121 121 121 121 121 121 121 121 121 121 121 121 121 121 121 121 121 121 121 121 121 121 121 121 121 121 121 121 121 121 121 121 121 121 121 121 121 121 121 121 121 121 121 121 121 121 121 121
121 121 121 121 121 121 121 121 121 121 121 121 121 121 121 121 121 121 121 121 121 121 121 121 121 121 121 121 121 121 121 121 121 121 121 121 121 121 121 121 121 121 121 121 121 121 121 121 121 121 121 121 121 121 121 121 121 121 121
121 121 121 121 121 121 121 121 121 121 121 121 121 121 121 121 121 121 121 121 121 121 121 121 121 121 121 121 121 121 121 121 121 121 121 121 121 121 121 121 121 121 121 121 121 121 121 121 121 121 121 121 121 121 121 121 121 121 121
121 121 121 121 121 121 121 121 121 121 121 121 121 121 121 121 121 121 121 121 121 121 121 121 121 121 121 121 121 121 121 121 121 121 121 121 121 121 121 121 121 121 121 121 121 121 121 121 121 121 121 121 121 121 121 121 121 121 121
121 121 121 121 121 121 121 121 121 121 121 121 121 121 121 121 121 121 121 121 121 121 121 121 121 121 121 121 121 121 121 121 121 121 121 121 121 121 121 121 121 121 121 121 121 121 121 121 121 121 121 121 121 121 121 121 121 121 121
121 121 121 121 121 121 121 121 121 121 121 121 121 121 121 121 121 121 121 121 121 121 121 121 121 121 121 121 121 121 121 121 121 121 121 121 121 121 121 121 121 121 121 121 121 121 121 121 121 121 121 121 121 121 121 121 121 121 121
121 121 121 121 121 121 121 121 121 121 121 121 121 121 121 121 121 121 121 121 121 121 121 121 121 121 121 121 121 121 121 121 121 121 121 121 121 121 121 121 121 121 121 121 121 121 121 121 121 121 121 121 121 121 121 121 121 121 121
121 121 121 121 121 121 121 121 121 121 121 121 121 121 121 121 121 121 121 121 121 121 121 121 121 121 121 121 121 121 121 121 121 121 121 121 121 121 121 121 121 121 121 121 121 121 121 121 121 121 121 121 121 121 121 121 121 121 121
121 121 121 121 121 121 121 121 121 121 121 121 121 121 121 121 121 121 121 121 121 121 121 121 121 121 121 121 121 121 121 121 121 121 121 121 121 121 121 121 121 121 121 121 121 121 121 121 121 121 121 121 121 121 121 121 121 121 121
121 121 121 121 121 121 121 121 121 121 121 121 121 121 121 121 121 121 121 121 121 121 121 121 121 121 121 121 121 121 121 121 121 121 121 121 121 121 121 121 121 121 121 121 121 121 121 121 121 121 121 121 121 121 121 121 121 121 121
121 121 121 121 121 121 121 121 121 121 121 121 121 121 121 121 121 121 121 121 121 121 121 121 121 121 121 121 121 121 121 121 121 121 121 121 121 121 121 121 121 121 121 121 121 121 121 121 121 121 121 121 121 121 121 121 121 121 121
121 121 121 121 121 121 121 121 121 121 121 121 121 121 121 121 121 121 121 121 121 121 121 121 121 121 121 121 121 121 121 121 121 121 121 121 121 121 121 121 121 121 121 121 121 121 121 121 121 121 121 121 121 121 121 121 121 121 121
121 121 121 121 121 121 121 121 121 121 121 121 121 121 121 121 121 121 121 121 121 121 121 121 121 121 121 121 121 121 121 121 121 121 121 121 121 121 121 121 121 121 121 121 121 121 121 121 121 121 121 121 121 121 121 121 121 121 121
121 121 121 121 121 121 121 121 121 121 121 121 121 121 121 121 121 121 121 121 121 121 121 121 121 121 121 121 121 121 121 121 121 121 121 121 121 121 121 121 121 121 121 121 121 121 121 121 121 121 121 121 121 121 121 121 121 121 121
121 121 121 121 121 121 121 121 121 121 121 121 121 121 121 121 121 121 121 121 121 121 121 121 121 121 121 121 121 121 121 121 121 121 121 121 121 121 121 121 121 121 121 121 121 121 121 121 121 121 121 121 121 121 121 121 121 121 121
121 121 121 121 121 121 121 121 121 121 121 121 121 121 121 121 121 121 121 121 121 121 121 121 121 121 121 121 121 121 121 121 121 121 121 121 121 121 121 121 121 121 121 121 121 121 121 121 121 121 121 121 121 121 121 121 121 121 121
121 121 121 121 121 121 121 121 121 121 121 121 121 121 121 121 121 121 121 121 121 121 121 121 121 121 121 121 121 121 121 121 121 121 121 121 121 121 121 121 121 121 121 121 121 121 121 121 121 121 121 121 121 121 121 121 121 121 121
121 121 121 121 121 121 121 121 121 121 121 121 121 121 121 121 121 121 121 121 121 121 121 121 121 121 121 121 121 121 121 121 121 121 121 121 121 121 121 121 121 121 121 121 121 121 121 121 121 121 121 121 121 121 121 121 121 121 121
121 121 121 121 121 121 121 121 121 121 121 121 121 121 121 121 121 121 121 121 121 121 121 121 121 121 121 121 121 121 121 121 121 121 121 121 121 121 121 121 121 121 121 121 121 121 121 121 121 121 121 121 121 121 121 121 121 121 121
121 121 121 121 121 121 121 121 121 121 121 121 121 121 121 121 121 121 121 121 121 121 121 121 121 121 121 121 121 121 121 121 121 121 121 121 121 121 121 121 121 121 121 121 121 121 121 121 121 121 121 121 121 121 121 121 121 121 121
121 121 121 121 121 121 121 121 121 121 121 121 121 121 121 121 121 121 121 121 121 121 121 121 121 121 121 121 121 121 121 121 121 121 121 121 121 121 121 121 121 121 121 121 121 121 121 121 121 121 121 121 121 121 121 121 121 121 121
121 121 121 121 121 121 121 121 121 121 121 121 121 121 121 121 121 121 121 121 121 121 121 121 121 121 121 121 121 121 121 121 121 121 121 121 121 121 121 121 121 121 121 121 121 121 121 121 121 121 121 121 121 121 121 121 121 121 121
121 121 121 121 121 121 121 121 121 121 121 121 121 121 121 121 121 121 121 121 121 121 121 121 121 121 121 121 121 121 121 121 121 121 121 121 121 121 121 121 121 121 121 121 121 121 121 121 121 121 121 121 121 121 121 121 121 121 121
121 121 121 121 121 121 121 121 121 121 121 121 121 121 121 121 121 121 121 121 121 121 121 121 121 121 121 121 121 121 121 121 121 121 121 121 121 121 121 121 121 121 121 121 121 121 121 121 121 121 121 121 121 121 121 121 121 121 121
121 121 121 121 121 121 121 121 121 121 121 121 121 121 121 121 121 121 121 121 121 121 121 121 121 121 121 121 121 121 121 121 121 121 121 121 121 121 121 121 121 121 121 121 121 121 121 121 121 121 121 121 121 121 121 121 121 121 121
121 121 121 121 121 121 121 121 121 121 121 121 121 121 121 121 121 121 121 121 121 121 121 121 121 121 121 121 121 121 121 121 121 121 121 121 121 121 121 121 121 121 121 121 121 121 121 121 121 121 121 121 121 121 121 121 121 121 121
121 121 121 121 121 121 121 121 121 121 121 121 121 121 121 121 121 121 121 121 121 121 121 121 121 121 121 121 121 121 121 121 121 121 121 121 121 121 121 121 121 121 121 121 121 121 121 121 121 121 121 121 121 121 121 121 121 121 121
121 121 121 121 121 121 121 121 121 121 121 121 121 121 121 121 121 121 121 121 121 121 121 121 121 121 121 121 121 121 121 121 121 121 121 121 121 121 121 121 121 121 121 121 121 121 121 121 121 121 121 121 121 121 121 121 121 121 121
121 121 121 121 121 121 121 121 121 121 121 121 121 121 121 121 121 121 121 121 121 121 121 121 121 121 121 121 121 121 121 121 121 121 121 121 121 121 121 121 121 121 121 121 121 121 121 121 121 121 121 121 121 121 121 121 121 121 121
32288 25752 13989 20755 11576 16106 24095 28561 27191 14528 28514 2998 16704 24452 27842 24278 1379 31950 28932 29167 20409 26922 18198 9867 29873 31771 10749 18152 25509 15712 16654 24919 9393 15221 11361 29410 26820 11101 13699 9521 24567 13727 30827 9135 18974 5263 6319 19432 30109 26574 22264 15669 8318 24852 6836 2972 28608 11821 17418
6642 28913 17474 23059 24386 23039 28762 26951 7027 31563 20768 9781 16164 6143 7655 10360 2779 6306 24299 20966 10591 19433 31450 13834 18786 10704 15763 5589 31331 19690 15405 17296 20691 5621 14907 789 5495 11698 29774 14911 1037 22772 29628 1439 23858 21238 20384 1392 20355 8689 32546 30413 31747 6638 8441 27938 6589 473 23598
16353 31914 3800 15906 118 980 10715 14802 3196 12988 13171 11354 4145 31225 14823 2744 3367 29475 21893 7379 14653 5103 7990 27068 18894 7323 30037 14643 32552 17805 705 20077 1088 28727 15409 16404 30372 24381 18376 4496 10928 14810 746 29061 5 24192 6733 16796 23095 18622 26707 19335 4550 3687 3479 18239 29008 14321 30661
5776 4868 30747 19120 23000 12890 1746 24478 16908 17921 9046 20198 17403 30233 409 14270 4311 17059 9960 14926 30705 28214 31180 22537 5572 243 2355 11836 29749 30651 20171 16103 25 29599 28847 15309 30712 32151 17989 1991 14352 12919 9318 25181 1949 27424 13504 29079 19288 13555 23673 7697 16702 11916 30229 30030 10642 7340 25242
1614 293 19318 13810 27747 12501 4063 656 31808 22100 32096 2135 18259 2603 9197 19127 26965 18174 27179 21017 21535 22033 22494 7293 3519 25867 25760 353 5323 10490 7897 3301 24309 12952 16107 5678 9696 22477 31405 5384 30258 22132 11547 31439 13547 5218 9804 4751 3829 8356 14244 11370 1787 23049 20554 6202 5503 24289 15836
13176 3879 10755 25954 3677 17752 277 2177 27718 5382 6151 27378 9053 22475 3553 27698 8054 27446 9919 27002 3127 16997 26393 31729 27260 13782 29768 26401 5369 1402 24134 19367 30754 16651 14006 29231 327 2720 6436 17056 2308 26495 2189 15252 15576 4914 17954 32267 19476 2269 1353 16736 23543 14030 8421 17276 1815 4182 13783
2377 27650 29143 18117 873 3878 2847 19737 27433 5102 17396 23373 27568 4398 20208 13415 27517 1217 24208 31935 2576 10865 12423 26632 9702 14870 25432 2190 32427 20738 18979 9149 18348 2717 12991 12259 16011 3149 21002 24375 6710 2201 19069 23577 26137 32141 260 6811 7571 12896 13324 25409 7079 14420 2269 31493 13045 29406 810
3230 488 27399 6886 14082 22320 29202 25690 25898 14963 22367 32373 21269 27967 13711 15203 25615 30788 6889 14177 11827 6336 4348 20943 24367 8762 18310 15494 24135 10355 26261 5485 20381 1434 19436 15943 23727 4287 14248 26319 26145 6282 11300 32007 701 30253 1305 30669 28600 19607 2570 12207 22070 18410 32735 14848 2577 28976 32208
31275 9686 27210 2436 23880 10257 9768 15994 29677 30155 28992 1193 24135 26192 24120 6755 15977 15414 27366 30079 9443 12186 29051 16311 11159 28077 14843 29263 13000 12656 16369 21752 29812 22971 96 25587 25060 8324 25596 24953 32641 22366 6554 5723 13033 19776 29926 1510 14146 16776 9556 6409 11215 2111 22873 1210 28864 17311 8666
28565 17999 22226 10725 6854 25096 30205 5791 4650 28264 30589 9085 10161 10410 19057 20151 15879 4318 13944 10746 9843 24635 18620 9054 5631 14774 4655 23191 30169 18644 6932 22127 4857 17084 12226 11892 28932 32144 27300 31981 17520 4605 8069 11539 22506 15121 3082 31102 24820 26701 29056 11998 2003 13820 31704 1771 9896 16323 6640
12191 989 376 11029 21154 3010 14903 9669 12550 19832 1459 7097 10036 16143 8139 16163 11558 3307 1630 19764 9943 30828 27999 481 6392 2510 14636 30951 5605 6477 29467 8204 30423 29581 27734 7848 13659 7482 746 22117 30979 31211 15642 24899 11611 23117 12025 12511 13342 13693 24120 13044 1962 4533 6204 7970 25010 24619 28275
20974 14899 20534 19689 22795 12969 23987 24342 5336 16770 7847 14075 4905 12755 5158 27245 1866 19274 627 6832 833 13924 5224 6727 22100 28895 19992 9483 13515 26227 4788 24187 3319 445 16811 2643 11635 18812 12053 13152 8362 24063 31570 13458 24985 27358 3566 22611 19927 24809 14280 535 30930 3166 16500 5684 17499 23391 25309
5109 25189 26786 32047 5609 9225 7787 30708 11393 14798 1463 10365 18138 18728 5562 12931 7640 31550 6028 11534 21876 26864 29216 3734 18519 2073 29301 9320 12711 32273 25616 6476 10529 31607 3497 20325 9576 1325 26149 4440 30876 20131 5572 24241 31535 2393 6044 22402 22772 19871 3910 2892 13433 160 9943 12067 5271 23454 2321
32526 20551 30847 19419 20141 27831 1929 24303 3358 8606 4714 21203 16416 30668 28795 3082 14969 13829 20549 13963 4502 4111 31301 3442 5746 19466 12524 19190 21945 20992 20970 21659 25388 22973 7340 30632 29767 10977 16931 18908 3617 9011 8648 605 19093 30520 22493 24305 30879 24837 245 26992 7176 12625 22198 12666 4166 30414 2526
20069 21150 12218 32132 15737 14219 14768 18337 28768 3939 29637 6862 8152 32312 18128 32079 13995 2812 2057 29009 26849 10729 27094 29296 19252 17952 28385 27772 32452 3729 4974 3965 17676 2586 8428 9460 4117 14067 24521 19044 25321 14665 7051 13585 5707 23849 11549 25352 21925 28576 32614 23903 26690 13089 16928 28606 6845 29478 16104
31007 23738 31514 1169 14801 26323 29815 23742 17091 31958 28716 16304 27135 8237 8001 14940 26741 18077 32445 31425 1274 26932 31432 30328 28816 32636 19725 24461 14312 15093 6754 23437 28197 5826 5035 12512 29923 4003 7675 24153 1400 6179 17917 20748 24441 7443 659 11360 16513 11830 2748 22629 2349 7998 17083 19047 13163 13559 1142
15299 32245 12995 18204 17145 28952 23622 27146 771 8378 16226 9968 25829 20379 23142 28463 3974 22491 29314 14470 4542 31933 11903 31982 29360 2474 18860 29122 7258 25209 29468 14883 21610 26861 11534 6299 14163 23423 16557 25600 27041 4446 6650 17308 29577 14261 8198 30346 31429 29740 23908 10851 20127 4273 3294 9499 31307 5240 24167
17957 20857 28224 2129 8926 11051 5081 30912 16936 16068 15075 15199 15189 22370 3800 26449 15432 20846 2125 10603 15062 5746 18804 16032 21874 2858 9190 29372 9994 9181 11167 30550 4652 4845 31562 9983 18285 17838 3520 2240 2827 9076 20683 10180 32209 17136 21807 4945 27963 2492 16363 6909 28379 27188 24764 6942 19195 13192 4579
28034 31364 10255 17704 21088 15391 19934 25119 25999 1177 11674 22954 29686 20108 29578 4799 17732 3388 9968 5227 11745 18111 27546 4375 32036 6497 436 14091 7110 12358 30688 27184 28310 27473 17289 19226 20847 15941 13171 12101 15975 2858 28823 28319 30026 31731 303 10823 14151 8029 525 28821 27368 19738 2608 25178 15432 5423 27801
15721 3456 16027 19547 28758 19298 6457 14066 7037 31338 9959 14549 9030 4081 24552 8271 14248 27556 5767 25226 29932 1333 15869 22253 436 8784 6293 15527 20027 10449 4366 16012 22750 24884 17217 26913 7132 15692 30724 18162 2138 30520 6221 5932 12970 7316 23451 21095 5068 23020 13713 29124 1077 6774 18148 11320 21456 20480 21880
7719 9027 30503 4038 3893 25203 11210 8065 19033 6218 25022 20345 15411 22456 5571 18623 19359 1527 2743 11018 8330 22036 26378 1113 19716 7595 18034 27610 3223 26354 5088 17419 3543 25592 16306 26655 31291 10031 9770 18595 12331 17705 14879 15201 25434 17311 18418 645 5974 31159 25796 20222 10334 17798 24038 16935 22131 15060 15505
12967 1713 12064 12760 14486 12000 18148 32474 17633 8007 26651 11580 18415 7872 13823 11223 11140 3346 31255 9133 9190 32634 7793 6434 7231 2955 7469 11625 16963 13369 2363 5180 29970 11568 5220 4560 7008 26730 13967 5384 9427 8704 23101 16873 15020 24128 12887 78 25514 3585 7465 25308 7979 19763 14510 31289 15253 28602 3086
26745 27636 20605 27237 18649 24805 5817 29382 16304 26802 26012 20864 18082 23230 10767 9887 2327 21028 31443 13750 25835 31643 16079 17116 25448 31389 3496 16629 15985 10696 32403 13619 17919 14980 22887 29660 14802 30694 24055 6733 27488 12500 5534 27199 15378 3434 25371 27209 19375 21405 17567 28582 27416 24350 31781 30009 10039 20609 4610
25550 50 14239 26045 12195 8420 15673 16672 28455 10893 4062 8591 20225 26824 6158 11161 1876 446 14239 31949 13889 30362 6240 20431 17326 2109 19965 9899 12870 21554 20258 28520 449 15844 2531 22241 1638 30734 5980 15824 22990 17012 21140 1068 18666 12241 22184 7861 25416 2064 10277 10957 3985 6846 3509 29833 18775 5568 23550
8968 27661 13377 14535 32515 12119 23023 6492 1958 14469 28263 52 18846 25945 3309 15826 11380 13329 23649 14569 10777 27809 9070 451 9410 28481 27909 13539 20213 19495 20746 28906 23012 2198 13645 25527 24059 13591 6843 13010 12725 14599 19158 17163 8883 30545 31074 9054 17679 12413 11873 7962 19694 17898 3138 15171 9812 16983 18006
9012 16189 19368 23427 18568 14313 25063 26940 14907 28023 3978 10928 30477 4789 28404 30786 16167 19255 10558 23354 10497 31910 21046 2490 32131 19035 17832 24307 8043 28460 27101 9112 494 27014 31586 14995 29346 11709 17930 1528 15003 21151 28470 6199 23252 27727 13652 1429 26577 2385 18598 27101 18563 1505 8517 30290 23660 10633 30309
7145 19716 17138 15066 9653 3674 13819 17116 22435 21246 12296 30471 25959 30495 30364 14501 21942 9969 1067 23344 9654 17489 26409 22291 16563 20396 5991 6577 8211 22557 13727 5800 10124 14037 26958 32343 4500 6592 20673 15774 25 8550 14195 10980 1395 5647 1686 1119 14743 30762 9200 9103 12173 28655 13032 2572 24356 24644 27617
11138 22244 8413 32198 6394 19012 9128 11750 29019 20509 2408 10755 15152 25951 27039 16549 2987 2051 20914 29620 7914 32320 16200 6470 17786 7682 6643 32438 19226 10392 28690 16886 15041 3756 31478 21798 9186 12409 11843 24677 17646 28216 22169 30183 16155 7387 2932 19527 14180 13054 30801 29471 2256 16923 16659 13783 27640 4093 1444
8378 14275 25719 18655 23631 8053 24405 16046 21222 4584 27283 17775 21617 7704 7373 3741 11413 230 8183 15020 24321 16405 28750 27700 32255 30361 1934 5714 20296 13841 18534 2636 13085 8594 15913 2163 403 9638 1222 22606 21039 29076 27898 11252 25010 5602 12484 21178 2614 27673 19482 32526 378 11208 19930 9123 20859 20683 13571
11215 16196 14029 11813 4913 5126 3596 17686 8342 31851 3420 24295 18461 29224 1391 4118 30874 25554 14675 8965 22585 3826 8252 25259 13412 16475 29828 32138 10470 28347 13296 5345 16976 25457 30005 19490 8091 26014 14011 27814 22288 7039 2720 29088 8805 5626 17408 4176 5673 14966 2420 4217 26722 32496 28888 2324 2676 11339 2130
21830 6724 6888 28815 21904 28318 7543 27728 20806 17108 3597 2342 3138 17832 12662 17785 25817 3948 25804 22479 3598 17256 18760 31563 14854 24700 25177 25972 18620 1287 23027 18745 20214 10759 24362 2865 2424 6529 21247 2855 4215 9251 14202 9941 24400 23080 5369 23024 1146 19324 18887 8037 3513 4896 30704 30691 1173 12753 1364
14745 3851 31716 25083 3393 2178 7797 2216 15453 9985 32704 28081 13504 158 32463 20493 25937 1338 22102 8367 22540 16491 9947 29714 11593 30650 27673 12822 23617 30991 24999 30730 23758 11625 6869 24842 7794 17362 20951 10379 28827 2195 12837 23348 16421 15524 8737 2544 20001 358 20474 13121 17365 11412 1489 22231 18435 6263 2331
26465 31087 17498 2375 3747 29339 22846 24992 30664 15061 26319 12916 5114 18547 27798 5494 3377 30814 879 29025 23368 7885 15166 12510 12118 5459 222 24744 10555 27164 8282 30958 2937 5236 14176 22009 24902 21128 11250 9230 19167 5233 31583 17046 25630 6254 30066 25212 31055 7281 14313 25559 32320 18654 32296 14025 31639 14479 6447
17318 26216 16923 9162 7769 5639 26200 18183 2308 19483 2078 8941 2535 756 20814 12139 6275 30239 26899 10639 9727 6455 24424 24825 1226 28925 29147 31118 29570 683 3472 30065 20245 19846 12936 6959 12326 691 7203 3129 30642 28491 21220 8088 3827 19634 2933 21724 24196 27428 30443 29525 16583 27280 26698 10630 29572 30122 29516
16599 19666 13116 26718 14730 14139 25020 20972 25328 14619 20772 22238 17373 2889 12030 9827 26457 761 22718 20717 24984 21217 10325 12925 8493 26523 28419 21024 24698 25419 4717 23225 19307 31873 32751 4354 11620 17505 27187 27342 15223 6145 1283 11153 20187 16658 13147 10785 9113 2499 23491 9150 28553 18402 22235 16465 25981 9028 11320
11249 30908 7016 4462 27051 29874 4183 24430 17283 15589 21198 29203 31670 18731 32671 9719 9026 12827 10837 26763 14760 25025 6935 3687 31217 15510 9167 25566 30959 22190 20619 11222 30917 2356 30499 214 5546 31764 27164 19553 12265 30711 21196 18563 14124 5236 30399 16297 15099 5764 27738 32438 25728 4919 702 11602 15757 10918 24815
133 26848 28457 8246 31622 12197 19658 26051 13005 2108 1273 16279 17775 31293 4737 18593 171 953 2490 22567 25024 25539 18688 16488 27138 28207 3429 24704 31021 19610 16291 3467 8697 20651 3413 5901 11503 15255 8806 27282 15738 7915 5833 6801 19777 14982 25706 19606 29108 31716 31077 21152 8165 675 14967 29640 25242 20031 2481
10276 13984 31009 9588 19435 354 9432 29593 3546 21946 31654 3312 7382 31494 27454 7404 22738 27263 31948 27036 2803 14022 28214 6109 26866 4544 28833 32719 26563 25764 12344 9605 8564 11858 2344 10753 21079 7143 3567 18527 12643 3982 17111 13136 10200 2457 12989 26314 11298 10192 16663 16894 17408 12040 23862 32139 29157 21240 31432
20977 4511 12361 29600 25160 26678 11500 14010 16178 27415 12976 26745 5646 625 30740 22580 24686 19168 19289 28401 10187 6729 5084 31600 12664 19461 32163 32620 9941 6209 822 25117 3525 31396 18864 11265 9570 27699 789 12252 31471 29810 19174 17662 19213 21964 12531 30404 818 22837 26225 19809 30552 32014 16716 5086 8178 2889 2495
16224 29732 23245 17953 23466 13363 16412 30978 8418 14395 28979 1398 5784 5920 24754 11697 26628 14790 21564 24532 19855 11909 14881 17671 12182 20695 570 18120 26218 6484 32277 32386 15259 10721 3154 17250 4214 27172 4941 19046 19916 18491 3838 3255 245 29101 13853 26680 18965 6304 31369 11871 32670 6477 26858 5444 11030 5042 11157
