86 35 96
89 4 4 24 39 13 32 81 1 8 10 5 18 35 7 10 1 22 66 19 20 13 31 38 11 22 13 39 66 22 11 2 6 18 16
35 2 10 16 6 22 1 1 33 3 36 22 2 71 15 3 27 2 12 49 1 86 17 6 5 2 38 20 12 13 26 9 38 27 53
39 20 39 8 1 21 35 12 54 23 18 38 8 48 48 19 3 11 45 7 18 37 34 24 44 3 51 14 49 2 2 48 3 35 19
60 8 3 12 10 23 1 53 46 4 19 1 9 41 39 10 18 2 30 38 20 26 5 3 7 12 51 13 9 5 9 12 19 14 22
41 3 23 26 8 15 17 78 6 58 13 41 10 15 5 9 28 43 8 15 5 69 32 18 23 9 18 17 8 11 14 14 2 9 24
41 18 64 15 3 2 7 37 65 62 10 53 20 48 2 11 5 1 6 7 75 28 32 24 4 30 24 9 29 9 28 4 10 27 7
2 11 4 12 39 29 19 31 2 67 13 4 10 31 29 10 53 1 10 75 20 9 7 43 5 17 9 17 21 9 41 2 8 1 68
7 12 82 32 27 14 65 7 45 49 21 16 2 3 32 10 22 3 6 86 7 22 56 56 14 5 4 2 11 18 1 17 47 18 37
24 4 30 24 9 39 24 13 32 13 5 4 4 9 6 18 7 15 23 4 11 43 11 8 10 20 18 17 4 36 3 39 15 56 64
4 68 11 24 42 38 52 37 1 24 48 7 20 6 2 4 32 16 49 72 1 35 13 33 35 6 37 16 6 61 1 15 43 18 5
4 7 20 6 52 3 1 3 12 25 68 64 3 14 11 1 29 65 41 34 19 15 3 13 2 10 35 1 60 39 31 29 25 12 16
32 48 44 21 73 33 40 1 6 60 38 73 15 10 19 3 4 8 29 58 5 1 1 39 31 13 44 24 28 1 16 52 47 6 74
70 26 19 4 86 12 42 41 27 14 3 11 74 11 55 3 7 35 1 14 19 13 12 2 17 17 1 68 15 87 20 38 10 12 11
2 15 34 1 1 28 2 35 6 29 12 2 35 26 33 35 28 28 9 3 27 11 29 54 4 42 11 4 44 37 16 8 4 19 1
1 4 12 61 31 8 51 25 42 26 46 1 34 67 12 14 9 4 3 23 9 6 27 12 70 40 81 19 21 2 1 3 64 4 8
48 12 21 33 4 58 22 10 32 5 41 24 10 43 52 17 22 44 59 34 25 3 47 10 5 53 15 4 6 23 5 6 38 1 41
11 45 15 18 21 28 63 59 46 5 36 53 12 8 8 1 39 29 3 6 12 30 40 3 10 37 13 33 7 1 17 14 3 53 9
4 10 11 54 89 3 6 45 9 39 21 5 22 20 15 36 12 24 14 41 5 1 5 5 23 24 6 1 37 10 30 21 7 9 10
15 23 35 33 34 27 24 43 5 4 11 19 11 2 5 53 11 18 70 12 74 6 43 10 37 8 35 11 29 31 30 8 7 29 67
50 4 20 13 1 25 42 59 6 19 5 35 37 29 29 44 9 20 22 3 1 30 22 8 23 25 15 11 2 7 47 7 31 12 10
78 1 47 35 20 17 3 3 56 20 20 19 1 26 28 70 5 55 10 29 3 19 10 1 16 19 40 46 31 3 5 29 12 2 12
46 4 32 55 33 23 33 45 3 9 52 10 15 5 22 8 5 1 6 44 28 18 3 7 26 16 3 4 40 58 12 12 1 73 21
4 15 5 48 4 50 13 9 20 38 25 60 37 51 4 3 57 49 3 4 3 17 25 27 11 7 1 10 36 21 30 28 33 39 13
3 36 68 13 45 89 41 18 2 13 3 10 51 9 11 15 22 20 21 5 40 22 39 13 88 34 3 64 1 2 21 40 16 7 10
14 25 32 35 17 41 42 11 44 11 59 23 6 24 13 4 16 2 19 14 8 6 12 31 33 28 17 2 3 5 2 49 1 68 5
79 2 11 7 51 18 45 11 3 14 17 12 3 20 3 3 49 7 9 65 15 6 3 1 5 60 28 33 1 2 27 23 36 71 4
78 87 20 7 66 75 44 6 41 24 46 42 34 12 11 2 16 37 12 38 43 70 2 75 75 2 53 57 1 19 26 22 9 49 12
24 53 14 3 38 46 18 1 78 13 11 39 62 4 20 5 7 33 56 1 23 73 43 12 2 21 80 37 6 6 11 17 46 17 2
6 18 9 23 31 79 8 73 44 36 1 35 24 2 40 19 5 46 27 2 3 43 2 59 2 8 36 19 7 14 11 42 9 6 8
6 14 34 7 56 6 43 2 52 8 64 23 14 10 62 65 30 11 21 1 67 34 32 70 3 83 11 10 29 60 3 1 5 1 20
2 65 6 70 35 3 14 28 13 2 26 24 2 5 4 12 1 14 8 67 5 35 16 14 8 2 3 3 3 20 1 4 8 6 1
7 10 7 6 14 8 22 28 9 50 94 3 3 5 44 16 1 40 44 2 18 71 15 12 5 21 32 8 3 40 40 87 22 37 46
42 81 67 4 24 36 2 29 13 16 3 20 41 11 3 16 51 52 27 17 2 18 9 26 1 13 5 31 60 47 5 52 14 19 10
1 8 59 28 18 12 15 5 4 8 4 36 28 16 40 38 14 1 6 47 59 4 3 46 32 71 29 16 3 5 63 17 18 6 13
6 12 86 30 73 7 73 71 13 10 5 20 5 2 3 30 14 33 47 12 10 4 8 3 11 6 21 15 14 7 25 11 25 1 6
9 16 5 5 1 7 39 37 11 15 3 78 32 25 43 58 2 10 18 2 62 2 17 17 29 5 5 86 11 9 28 59 62 3 14
74 86 25 4 4 30 8 3 48 32 6 38 43 5 26 18 5 1 10 2 3 85 50 7 7 63 14 68 13 65 43 16 6 11 36
1 2 8 3 3 15 62 15 4 69 19 46 47 30 11 3 26 24 6 2 61 24 13 63 17 3 6 2 48 2 2 35 76 16 74
23 13 56 8 13 4 8 51 4 64 3 6 1 24 16 18 14 16 11 57 5 25 1 19 3 4 1 3 12 5 14 27 18 35 7
6 82 7 62 11 35 2 76 13 24 9 19 29 15 27 6 15 42 48 43 48 23 1 16 70 3 5 1 8 6 5 44 83 11 9
23 37 57 62 13 14 63 1 82 63 33 32 13 3 3 26 18 29 37 12 4 11 31 55 10 8 9 7 69 2 13 15 13 15 14
28 7 22 15 7 11 39 42 8 3 2 79 5 50 46 15 88 25 3 31 51 10 7 51 32 2 4 27 40 33 16 6 1 33 18
11 19 8 6 78 10 4 3 2 1 1 1 72 5 5 3 5 29 51 25 17 27 19 87 44 11 12 48 12 6 23 38 54 35 2
4 19 23 25 9 26 8 6 33 1 2 45 9 17 18 55 20 13 47 5 10 74 4 12 52 22 52 4 12 29 48 22 21 20 89
17 46 7 1 23 20 7 27 55 13 4 3 1 14 4 8 8 6 19 48 14 14 67 3 31 1 4 58 6 1 30 3 2 19 3
48 12 4 14 56 19 85 5 9 35 7 13 2 39 32 23 8 1 64 65 1 66 6 2 30 19 1 8 10 16 16 6 20 27 41
22 8 4 11 2 56 37 21 11 59 3 6 5 32 1 24 78 36 7 11 11 61 80 4 48 1 27 26 25 8 19 14 8 15 9
44 32 1 21 23 79 28 20 5 25 5 3 3 42 40 2 18 2 73 30 8 5 47 5 3 3 25 65 50 17 5 30 16 11 32
5 39 9 73 13 3 17 27 34 16 15 11 14 11 9 17 26 4 2 1 9 57 23 2 14 8 13 16 17 30 19 10 4 4 4
5 17 9 36 6 71 55 65 22 2 31 83 22 6 44 2 23 68 13 48 28 23 55 17 40 1 9 52 52 20 19 16 25 9 71
2 23 2 10 21 13 5 20 8 14 37 10 39 17 5 53 28 25 1 10 5 72 40 17 27 38 13 34 18 18 44 83 29 8 14
9 2 11 5 12 4 5 27 11 4 4 2 14 25 8 45 61 46 13 17 74 16 4 21 29 27 3 63 9 5 5 5 15 10 4
32 26 16 9 1 47 4 4 4 14 3 1 1 24 12 1 6 30 14 60 13 21 5 41 15 38 9 1 3 21 20 26 1 7 55
44 6 13 54 69 3 9 52 2 19 2 8 18 45 93 18 28 8 28 45 8 14 17 13 1 35 2 13 43 18 66 29 3 49 5
21 9 66 1 34 3 65 6 20 20 26 22 17 21 7 58 26 12 45 7 16 56 5 72 9 11 45 64 13 26 19 6 18 38 30
11 17 51 13 44 27 10 28 47 34 1 2 40 5 5 33 10 11 23 18 5 12 11 1 20 3 1 49 49 22 1 18 2 31 45
4 85 19 41 1 9 35 7 25 6 25 57 2 35 16 67 13 40 16 21 10 24 9 8 24 41 16 36 2 66 17 14 49 8 40
75 16 60 26 43 43 2 17 7 47 1 13 55 40 15 32 5 10 10 2 13 34 5 28 22 10 2 4 23 67 27 33 12 16 4
11 6 57 42 4 42 4 4 19 5 14 69 5 41 6 14 25 2 54 24 11 16 9 10 19 31 20 17 9 55 74 3 2 50 41
33 3 48 72 48 32 60 39 4 52 19 3 11 6 5 1 12 3 5 26 37 8 4 18 59 18 5 27 51 59 2 45 16 4 3
21 64 56 45 10 38 26 5 16 7 26 2 5 85 27 5 36 13 1 25 12 12 11 8 9 2 18 44 41 74 17 21 33 33 93
26 5 5 48 91 13 1 5 15 53 12 40 32 3 4 45 10 10 32 11 40 20 62 21 43 12 9 42 25 9 3 6 3 39 41
18 3 20 11 50 27 13 15 14 42 2 15 31 7 68 65 79 17 12 44 15 6 29 11 4 18 10 16 66 41 20 1 4 16 24
3 31 20 96 8 14 18 2 77 23 2 22 11 38 16 46 32 7 58 36 19 5 1 13 2 1 14 3 2 43 30 1 11 35 39
3 43 16 22 1 8 57 4 9 1 25 83 3 2 67 77 12 35 29 7 44 42 1 15 15 1 2 10 6 56 7 15 44 3 3
28 17 14 3 19 10 4 4 37 3 26 16 73 3 6 31 11 2 9 18 33 3 45 3 29 43 1 4 53 20 3 47 4 11 9
25 28 27 11 43 41 22 29 9 61 32 3 2 17 42 21 78 72 3 4 79 68 8 1 56 48 2 2 1 2 4 5 5 34 1
17 19 60 3 21 8 8 8 10 14 6 72 16 3 13 5 15 29 19 16 12 21 25 44 13 30 51 2 4 3 3 30 9 7 42
6 12 4 5 39 31 41 52 3 66 19 12 10 12 19 5 25 2 44 8 4 63 18 30 13 39 37 58 1 23 3 63 13 38 48
18 4 53 3 8 63 42 7 17 23 30 45 34 14 1 11 31 38 3 28 21 23 2 28 66 35 23 4 2 34 11 19 3 17 2
2 10 1 1 82 20 4 76 11 11 2 28 5 56 16 5 51 8 15 1 82 5 24 5 26 8 16 1 2 47 60 28 25 31 13
2 4 36 33 86 66 10 26 21 14 13 17 6 36 7 7 11 25 59 16 2 20 24 6 36 2 25 1 57 5 25 55 39 1 6
23 5 9 12 26 35 7 39 4 55 15 1 5 22 43 76 23 7 44 45 11 2 19 17 27 21 21 70 2 5 25 3 6 5 1
5 27 9 23 24 73 20 32 3 80 24 10 13 12 6 11 45 18 1 26 14 41 54 40 1 11 43 5 59 20 8 29 48 25 43
8 13 33 16 34 22 50 12 7 1 22 13 26 54 30 44 1 2 9 14 8 15 9 31 13 2 74 18 8 27 30 5 47 24 66
6 10 38 19 33 5 9 10 24 4 27 4 10 37 19 9 17 42 29 42 8 11 1 16 8 1 4 19 8 41 14 82 5 12 3
6 31 36 86 18 23 27 1 26 26 24 3 9 18 24 27 6 9 19 3 60 10 20 2 5 17 15 1 33 36 6 15 88 44 1
64 18 10 1 30 3 43 81 2 6 35 12 44 21 23 2 22 57 57 9 5 8 1 62 41 1 40 1 1 32 35 51 24 29 18
16 86 21 27 28 12 71 29 2 30 1 25 67 24 15 2 1 2 26 36 1 44 4 19 3 76 1 1 85 24 14 1 9 4 34
77 6 8 4 4 39 60 8 30 49 24 12 52 2 10 5 62 10 27 10 18 81 45 4 52 55 8 11 23 14 59 24 21 26 12
57 9 16 62 36 3 78 9 35 28 9 5 6 25 1 52 25 19 1 18 5 2 80 17 19 31 10 8 36 6 2 57 24 2 15
29 16 2 34 43 34 9 14 36 10 3 26 1 60 13 1 8 10 44 1 10 54 43 4 1 25 81 12 4 18 28 81 10 52 8
21 32 7 37 33 46 64 21 18 10 17 13 33 19 6 5 7 2 14 11 23 4 47 24 17 5 37 33 61 17 46 40 74 30 19
41 4 14 13 33 15 5 21 16 4 3 13 4 16 5 4 13 63 6 12 8 4 46 18 45 66 24 2 8 49 2 15 25 18 24
19 57 51 7 31 7 65 23 4 35 9 40 51 14 51 41 7 57 56 36 17 31 62 28 88 10 18 49 23 20 3 25 18 3 2
27 37 12 34 17 16 4 60 5 18 19 35 4 16 25 5 31 11 81 19 3 89 7 51 34 28 5 20 21 33 39 15 23 81 16
2 21 2 5 83 3 1 10 24 68 42 1 33 10 6 4 6 1 7 11 5 25 57 8 24 2 4 8 67 74 18 34 2 40 14
9 3 9 41 38 4 1 43 21 4 50 22 20 28 21 3 63 8 19 11 6 6 21 93 19 34 36 28 72 23 6 19 23 2 20
9 2 1 81 23 20 21 12 23 43 25 18 18 40 14 40 9 1 82 8 1 10 31 23 9 37 4 35 10 1 11 9 32 1 3
26 29 36 23 37 36 4 1 17 12 12 21 12 22 1 2 2 19 50 21 2 19 1 18 27 5 7 27 52 24 12 7 5 23 57
37 14 19 66 2 1 1 31 16 4 20 58 12 49 40 3 11 1 20 4 70 53 2 23 3 55 2 5 11 2 12 25 19 29 6
10 51 24 24 7 2 19 33 30 22 12 28 7 5 25 20 15 3 33 7 89 9 31 45 8 12 24 1 18 7 5 9 60 40 12
1 5 27 28 19 2 23 8 22 87 79 19 20 10 1 14 60 3 35 5 9 30 8 26 1 57 42 59 3 14 8 26 22 4 13
6 11 9 37 30 89 42 8 6 3 1 16 14 72 78 4 25 3 3 15 10 5 2 68 7 4 26 20 25 12 76 25 68 53 5
15 24 24 1 14 7 24 8 15 61 60 28 7 1 35 16 27 35 29 15 8 4 5 40 78 49 11 40 3 6 1 65 7 13 45
5 24 1 4 6 9 5 22 6 58 32 19 28 41 23 37 55 40 2 42 51 1 24 11 43 25 22 63 16 89 18 26 1 15 77
53 13 81 9 1 7 10 11 4 6 4 34 2 86 3 9 20 20 35 6 1 35 2 13 12 11 72 14 12 9 1 29 64 69 8
30 13 24 7 71 20 9 10 16 25 4 23 3 5 55 24 33 2 7 40 63 3 1 5 36 30 73 2 54 4 9 32 41 1 4
2 53 12 2 27 6 78 7 30 66 11 9 7 39 9 61 3 12 10 62 40 60 44 37 1 38 2 55 22 23 4 31 7 22 5
26 84 9 17 8 3 6 12 13 28 2 4 75 10 89 59 3 73 16 9 20 4 25 7 4 4 22 51 22 49 11 16 6 2 57
28 8 40 12 40 39 6 10 3 18 48 37 13 24 8 12 4 39 14 16 6 2 35 1 38 26 61 7 6 14 27 52 13 41 2
9 66 2 3 21 2 6 5 13 4 20 21 6 29 81 6 29 1 16 69 6 6 6 39 20 14 37 3 45 3 1 21 7 29 34
14 26 54 22 2 73 47 18 18 17 73 62 8 48 33 26 5 34 1 88 54 11 15 6 26 42 2 23 12 2 50 6 51 9 5
20 1 60 32 5 26 1 66 37 10 14 17 21 42 12 18 14 53 1 31 50 6 15 20 11 91 30 8 21 65 65 4 57 3 32
3 2 11 14 2 15 54 21 67 53 24 6 14 35 25 35 34 48 1 3 17 70 22 22 2 74 7 82 20 16 1 2 18 18 1
4 28 4 4 6 2 22 22 4 20 66 15 11 40 43 31 3 13 26 1 3 16 2 4 29 11 2 83 8 38 12 5 3 5 4
9 16 3 22 3 3 40 7 7 6 62 17 9 5 8 12 8 14 88 56 17 4 58 8 50 44 1 5 25 6 63 1 58 12 2
24 26 14 10 19 6 19 4 8 5 11 2 2 8 29 15 25 33 8 2 19 70 36 20 4 5 27 83 14 21 24 7 21 73 5
10 9 76 22 25 23 55 6 2 11 18 21 29 10 11 6 1 25 1 23 15 1 3 52 4 10 68 42 41 1 23 20 5 13 14
1 5 1 7 9 77 12 30 11 4 35 64 7 53 24 26 4 23 2 45 5 2 22 28 12 19 6 38 4 3 18 6 24 19 40
1 7 9 6 16 3 32 3 54 37 1 11 47 15 8 35 64 1 12 22 80 44 20 54 14 1 79 12 4 8 37 1 24 10 6
47 26 4 6 35 5 8 6 57 1 6 66 17 3 28 49 20 1 28 39 2 3 13 66 34 1 27 1 12 5 4 23 7 3 32
35 7 33 9 15 42 90 14 20 2 74 43 72 8 15 12 17 9 2 3 2 12 13 17 27 6 28 74 30 55 4 7 32 6 52
10 7 16 40 31 9 2 48 83 17 48 6 66 14 2 50 8 21 7 38 69 34 1 40 20 5 41 75 7 9 25 5 8 2 31
5 24 12 3 57 13 20 89 7 18 38 22 29 19 6 64 37 7 71 30 29 28 20 82 17 2 3 3 7 11 30 39 48 50 11
70 9 4 3 20 13 1 18 6 23 15 13 7 36 63 3 9 3 76 16 36 46 4 27 9 19 10 3 14 34 4 40 80 71 28
51 30 1 30 7 65 3 1 51 22 16 18 31 1 11 13 74 2 38 5 2 1 4 47 18 59 20 5 28 36 1 17 32 13 28
14 23 10 10 57 45 54 19 5 2 78 21 4 25 30 73 10 26 13 28 63 30 15 83 34 18 15 4 43 13 11 35 71 29 55
60 35 3 11 70 19 90 8 10 27 8 35 3 6 13 22 54 12 1 31 1 2 69 9 9 61 10 24 19 61 24 2 3 9 34
36 22 27 61 13 44 8 4 12 8 3 4 40 23 47 8 1 18 55 8 32 12 43 16 60 66 6 17 29 15 30 20 4 9 30
78 2 10 15 1 20 55 7 1 1 28 62 15 4 15 78 3 50 56 5 16 8 34 24 26 3 7 7 48 2 1 70 3 19 16
38 6 2 6 37 55 8 2 2 10 15 34 75 5 1 1 19 3 21 50 6 3 15 54 68 5 11 7 5 7 17 39 43 53 25
48 29 6 8 19 15 58 7 8 86 37 15 12 17 20 9 21 6 2 1 8 4 6 14 21 25 3 15 1 2 4 8 23 15 4
51 43 9 10 75 57 5 6 63 40 29 23 6 27 82 15 6 28 11 20 90 28 39 30 89 1 17 37 2 6 6 57 9 13 76
32 60 14 4 6 54 3 2 46 28 15 7 6 5 31 1 14 4 40 3 2 3 63 16 30 9 31 17 26 36 54 43 30 17 7
59 27 40 12 35 9 8 16 10 25 7 22 10 10 1 67 36 2 1 71 19 23 16 15 4 19 2 11 22 12 43 19 52 10 34
19 13 19 14 10 6 43 23 62 77 3 20 23 32 40 53 64 39 39 5 21 1 16 71 9 2 8 23 76 35 14 14 24 3 20
44 10 31 6 28 1 42 5 3 9 22 25 26 7 69 42 18 11 14 23 11 20 3 19 17 32 81 28 31 1 19 40 4 25 12
1 3 26 13 2 24 7 11 73 22 14 36 24 61 13 29 11 7 33 29 6 6 36 93 3 9 54 17 16 1 11 43 16 10 22
3 41 16 67 1 47 5 61 26 5 21 31 9 57 18 13 71 14 14 16 5 11 85 1 46 24 6 5 24 2 13 82 9 4 1
38 42 56 84 46 35 16 12 72 70 16 15 46 18 6 43 36 12 20 27 13 27 8 18 3 20 41 5 4 41 10 59 53 15 60
23 23 44 4 13 29 16 5 4 1 4 4 43 3 1 32 81 18 55 33 6 2 13 4 9 4 55 25 25 68 33 43 75 20 69
17 19 24 24 10 4 50 5 36 13 7 8 8 3 2 6 2 2 16 7 3 26 10 40 7 25 60 4 66 1 20 26 43 4 7
10 55 28 1 1 8 19 38 5 32 24 73 46 17 15 22 1 1 19 5 77 9 21 10 4 20 18 9 21 24 32 3 24 4 34
15 1 51 23 89 2 13 11 74 32 8 16 18 16 16 39 3 26 16 37 28 15 31 37 38 18 19 18 9 20 2 3 5 25 5
38 20 6 37 39 38 80 7 8 33 4 11 48 1 8 9 3 15 14 59 15 1 12 16 4 1 47 4 46 30 5 25 31 13 15
21 68 1 43 3 7 57 26 5 25 21 30 3 20 45 4 17 40 12 3 11 14 7 16 37 3 13 2 2 68 10 11 36 13 33
82 16 29 45 3 3 40 72 27 4 15 30 5 18 68 7 4 4 9 44 7 2 22 31 23 2 3 24 27 1 32 3 6 26 5
12 2 54 81 15 4 14 10 24 43 73 11 28 3 13 10 14 32 1 2 11 10 6 13 25 6 85 11 24 13 23 25 23 17 34
1 14 64 10 11 6 31 11 9 20 9 1 2 18 7 20 34 82 56 2 5 12 12 28 1 9 39 6 51 34 10 18 76 32 73
13 11 21 27 13 4 16 5 17 2 23 1 28 44 15 4 23 9 17 11 24 2 23 71 8 4 36 12 4 35 6 35 22 9 2
5 51 13 1 60 9 23 23 38 20 33 1 8 29 30 8 5 21 55 12 6 1 1 22 27 3 87 7 58 2 71 2 62 38 3
3 8 6 12 24 51 6 9 30 22 14 22 16 6 41 39 10 16 68 68 11 5 42 16 25 44 5 1 49 2 16 26 82 23 73
2 29 7 19 14 1 6 20 4 63 36 27 22 15 24 3 48 52 9 8 7 15 24 6 41 6 43 57 8 5 6 3 56 7 1
1 17 30 9 26 4 10 8 6 10 32 48 10 13 25 38 14 28 7 8 6 10 7 26 34 39 17 32 5 62 24 34 12 2 7
52 46 32 11 6 67 4 17 40 37 8 14 65 11 15 13 11 52 25 61 29 32 8 18 14 1 30 43 14 12 12 20 32 6 8
12 8 8 7 21 73 1 7 17 45 53 55 6 49 12 5 14 7 12 27 34 9 12 37 51 7 11 26 42 14 12 5 28 40 31
12 2 1 9 34 3 2 10 4 34 45 42 1 13 19 2 25 28 21 45 26 7 38 72 42 23 10 32 12 9 18 10 62 10 9
86 2 23 2 36 11 21 19 19 14 14 9 25 63 4 24 41 26 22 5 5 43 19 7 12 44 2 2 22 36 19 10 2 38 14
7 56 12 3 9 2 7 7 3 4 50 15 4 1 14 33 38 14 16 74 12 1 27 53 67 1 36 1 12 6 21 9 15 11 2
96 16 16 30 27 5 70 13 19 2 2 1 33 75 2 11 22 36 5 3 51 35 9 8 72 2 12 3 10 9 2 68 36 3 43
1 2 11 20 32 12 55 2 62 2 7 22 34 45 27 6 32 57 7 5 63 7 12 15 8 9 16 14 4 1 10 25 9 63 1
71 31 13 37 7 48 36 43 44 10 6 44 47 42 2 27 32 6 8 7 14 43 18 8 64 16 4 9 35 29 16 45 18 83 9
33 1 53 22 12 50 10 73 6 8 34 8 4 2 23 9 46 6 48 44 11 3 13 58 14 15 3 5 18 12 19 1 56 13 22
2 22 19 55 25 24 34 27 4 4 11 62 4 48 17 15 7 3 5 1 10 59 5 1 2 8 25 24 7 46 81 8 2 58 71
28 7 11 31 9 56 5 4 14 31 12 33 34 54 68 13 37 26 6 18 11 63 20 3 35 23 16 19 34 76 79 11 5 7 15
21 2 17 5 19 20 29 3 64 10 16 21 6 38 5 10 6 37 43 3 34 20 3 12 1 5 6 78 47 9 38 2 69 5 77
6 8 54 5 60 26 6 13 17 16 26 28 31 1 14 9 37 18 12 16 48 19 1 13 7 2 19 3 20 18 14 6 22 34 62
1 47 8 39 88 86 5 18 36 10 67 7 14 56 27 75 18 11 2 5 8 20 39 5 28 1 23 6 23 20 23 15 2 25 15
7 11 27 9 28 32 26 3 26 44 7 23 13 1 22 19 9 16 3 8 15 8 44 22 3 3 45 7 35 8 21 2 49 1 85
1 28 15 1 1 39 72 7 1 84 40 5 20 6 35 5 1 21 10 11 8 1 4 5 20 12 22 13 7 25 4 13 32 30 11
31 15 5 37 1 17 29 38 7 24 4 22 7 31 6 9 4 9 21 3 15 10 31 28 36 8 3 48 12 2 14 37 14 9 29
15 40 14 79 7 6 51 1 24 11 17 10 9 45 8 46 1 18 53 34 64 7 2 58 80 3 22 11 30 37 11 29 79 4 8
55 63 17 21 17 48 6 22 17 1 17 52 25 28 2 11 12 44 26 13 39 5 17 45 20 50 43 1 1 25 32 30 19 86 1
4 7 6 15 14 11 26 74 58 55 35 20 10 7 21 44 41 14 26 6 34 7 45 2 13 42 51 33 37 21 22 4 9 87 28
25 27 64 24 70 1 16 6 12 6 40 35 8 11 38 36 22 45 1 39 40 28 12 12 3 64 11 40 28 2 33 24 26 2 8
9 2 1 47 2 31 3 6 1 2 29 21 31 46 2 16 28 7 4 37 7 6 2 61 10 22 40 1 5 24 3 30 35 4 38
4 24 16 11 32 39 25 36 5 78 25 11 51 5 3 35 7 12 2 6 33 42 3 12 16 15 57 11 5 12 19 1 50 3 7
13 3 21 10 92 3 3 6 2 10 86 21 5 24 25 5 29 13 7 39 2 63 13 11 14 14 46 18 14 40 23 21 19 2 88
5 4 3 1 29 4 81 18 21 24 40 25 15 36 41 6 30 3 4 29 2 15 1 11 28 1 1 41 21 12 63 19 4 14 10
80 26 72 3 29 1 21 53 35 21 22 1 45 4 10 67 2 17 52 41 40 54 12 6 2 75 27 7 77 18 51 47 20 32 9
78 4 28 3 12 45 7 37 6 5 17 9 35 4 2 12 22 32 7 64 56 86 25 82 27 4 42 13 50 38 33 2 20 14 29
36690 90 -39 60 -4682 3268033 204 132 7792491 -43 -21793 -21971 -260046 -1300035 311 -38343 -19753 -3280 470 4 38172 6228 118 -3042166 255001 -34195 1 1978287 -18884 -5895 -116 15 81251158 -315 -5
-194 -16836 1905 151263 45878 7983412 -24158 -273 95007 -160 355 -338 -38809 -197 -151 14 -26 -6544432 -9393 -58025 0 1 36 -368 5708 -1446556 -186179 88009 -1247413 -233 -49054 1798 39 -130957 -1
12644 24658 3342 14148535 334 30019 -385 7054302 36 50828 -320774 1224465 -2165 -5546 846724 -54546 -98 1290 -74819 18743 -3 -346 4867 4981 -100 1484210 -20671 -8697 2354 -1390 878032 2393445 1780 -14384425 86257
2603 -6 733510 3355410 236 -31518 41314 -8750 -8184 -29923 122 8749841 -1 210 5877 -5818 191 115 309271 6586462 942954 -25 -21596614 21699881 -7716 8538032 276 -3338576 116846 -12292 5052 70 -801 -11663 -1254599
23604934 -848081 -5 -14741 1278100 -1239761 -2969307 139679 4577736 -18895734 2110681 -6032122 -55233 37 -27844 44 -244 581504 96213 -1862123 61342 1022 1016 16054065 57 -103752 -32749 -158472 5118 4411 24 -23909 -747 77 1
-21958 58797 -1849 -33118999 86 315 774048 47572 25 12897637 -9493344 -7318 63 -49011 4 705168 -6908 10 7294 1741 -32607 -69857 -161509 54 -1497845 12089 -33 3202387 91 -4589542 1949 226 -2395 28670 20246
96 1419340 1263 1 -169 11150708 -81 -25 16475 2359 30221 -1550 -259 953966 -21052 -88 -579429 -143 1811 -772705 72 36937631 58911 3375 -10986384 368 6298 -10270 -2374 13 7990 5889 238 63226 59
18225 56 -1134103 115 1477547 -35 159 -8959 -1020040 1240 657 1517677 195 178 3314174 203 27267071 -4865 -6 -76 -66 -104334 3044187 171733 1575857 -791074 223 146 60624 -21557 17908 893657 -1 -19786 174558
-334277 -2 1074 -1246403 3 173 6720 905109 112 -50 -122 -8998 808 0 270 -26010 2447 -2632870 1263 -120 -94 478368 -343 -153 -2 -2264 -16781 11 -120 -12652236 -9650299 -2008230 -43 13890 -426
-7220 2737553 -2288 87468 -53635 -497236 -357 2852 12553 26088 -1837507 -13306768 52063 25288869 -25476 -45446 25 -1978669 -1602 -3216552 -65522 -25 121 4130274 -525851 -29198910 -67 144312 -568 3 -1707 1340 -39495 473 -48
13874955 291 -156 -974921 89 -50726 331 34084 6931 -97303 -560005 126 22992 -17657793 24978 7 19 -6141 26024 -4072756 -1927 -110 63321 -10704 -4372 469965 61978787 -8606 -540128 -177 -557730 59 927344 200445 303262
-6331 82 258 -402 6 64322 -52 42242 1999813 2948975 -14155 60 -62 2143999 -41 47 12502 11671491 108355 4 -10231323 -191 514171 172 29 -1410325 40 -177 -318 -3571 -15706426 -333287 113503 80 -160
-324 198 239 -1887475 31580 -7195713 -2411366 -2319644 -22384375 -16 3657 5646377 -265 12 12755 -191 12156 -6757969 1956696 -1778 -128268 -4297326 70 15631431 0 281 -137747 -324894 39301 12037003 6671681 5619562 -15 -22847320 -21
-2339233 22725 169692 1326298 -23 398 -2 -19562010 138 7922965 -1242 -4725478 -8308734 109 -166 125763 -18 -17357 81282 -10373548 -36984 -1491 200433 -54 -1052 -841409 24153419 250 -14734 -2879541 -438581 -116 29473 20733191 -59532
-3087295 27 -5018 -372 32 244871 107 194 0 -227 29 106 -388 55847 18904 192 50342 -22 2702794 -368653 -614677 134 -325493 141 4 177 10226330 17189 1699 -102 37710 139 181 42 -5791
42477 -28901 -39 -6372 -670012 -498 -88 -14 86 -40964 18 -92136 -90747 -87 190572 -16 -8080505 6208343 59413 -21340 3997 9206225 -29948160 14792563 779571 218142 -238 -5852 -7 -382118 -27 -78622 -1025888 -5881755 564862
1162 -7463198 266 51166 -8116972 -6810010 6200829 11425432 -45325091 -3856394 94011 -355196 575841 -518333 -746 45863 804973 -46077 -80947 -215003 -2658060 -1873718 5 -834710 27023 -1975 -39001 9423950 2684340 46795 -3243829 -20 -32345 -121 -72
-12951 -227 34207239 -5936322 43204959 -1 8540 -22090 -32324 9733530 -48750 -5078505 10898686 32 -337 -122628 5617 17088087 478551 -55 606679 -6031131 -206 -4104 -5616080 -48 3207178 301 -28723 2053 0 -4516 83 -3961364 194538
19938279 94702 79 -60311 21172123 -4929 -9739 -30112 2024204 -2289 -32572 4109831 -65 -843 -2604 98 -18825223 -8646719 22362 -31829 6188 8598 16 771 222 -122 -406 15044 -160 -26453605 -9110717 27576 5611283 -11080 113
106 12 3329073 -37 81 57 -58 -18518719 38 138 89064 -13529877 -11060 5586711 -4593051 4592 46 125 52 -174 -43247 26541 304 -200 196 29730985 -1241245 -8868 -402909 -334574 5343 -28567 2987219 26544885 8
3189322 -14 24714 0 -13 -10755378 -49691 -2839 -294 67622863 8084 46972 631 28625 -158 42 -21139609 -63017 -10361389 76 6240939 2961 69375 7346 30 -71448 65753 11540 -34536 -28 9715869 -7707 34 -1660277 202
-151 -3661 -2218986 -12 4514 -9995 8806800 -52699913 116143 -30539 0 -10 -78 307 -8646773 -5560460 38 273 161346 -20209409 7947345 -190 243903 -2 22002 -238 -14305 0 716773 15 288777 39755053 -69028 -4616 -9005
0 -1647032 2478 -325 11908 -310743 885 -11847 -127328 298 9104392 755 24 -1433865 -277569 -63 159 82663 -12987 -103986 29129 62 3644 222965 90815 6 -2155195 365 -167522 -180 203 69892 -135 -326 1943336
2 -1055646 3242627 897 -19313 1155 -249 1713 47254 253063 -73 -5224 -14286045 -109712 278 28024613 -18161 1862548 -15 -273 2490 3975 717449 1 -1872307 -109544 5 16143 -44 366830 362 -2 -1309037 -28279 -13549
-50915 4935 1552 1971 -29049423 66 5825 1 4851 240 47 -16933 -18 -5721 -40 5204 29606 5409 999520 -336 -22 57 -4575 173 220 -82 9696 206178 3698574 62 -153 -4 7407 -18207 147
23627763 -3078 -390 199672 -39605 -98659 -418142 211762 -15347 -866 21721 -270 4281172 3 83 254 29022767 19060 -337 -42 245 -6 85 309038 112 -1862300 -129 -13899 -46 558 26456 -13467557 2966 -192 -394702
-54 34099 144 -65874 4346545 -20116 -27745227 84410 32 -907445 -201043 44763 -1111773 -687100 -28189 -65 3850972 45584 -28672 10910 482 -13 -223966 -154475 -27143768 -166627 -10551776 516550 -94505 -15 -164677 20 465250 -531893 -823
-11378 9601 78 -14 26 16587 -222791 -238 -4779 187272 -54191 -48 -16703630 -4416 76 -74973 -1436 11 -21 -3553923 2998 -8380 94 -6700842 123440 -50 -148706 -3 480 4321 -15209 -180 84 4806274 -63699
-19742376 224 345 -7315 -121299 96 -279 2 -29 162 -64 -279 3598103 311583 -179 44050 -55939 107830 -4010 -1427 -57035 -27138 -34 80 925995 81 17413040 21 87 4 11731518 4781 -25007 -102 1116964
55 0 -15202 -5239 398324 -2591747 -6251823 1472495 1275568 -1 2143361 -57961 1280155 -267 79 -38 334 3163115 -23803 -95595 44801 5757358 -16182 -453 18127 4046750 -4274210 2269424 -277 258205 1989564 6 -97 -133590 85
-18 -7 164 -212 43921 -210585 -91 178 748 -281 -3401 -25 45416 211 1339621 -61972 301 27719 8774121 5967 -45036 -40718 457 2255076 -493615 81 -23928 -1675 -6624575 1185046 -9 -100 7 -8593 -66
-207 266022 -864715 -162420 -5072 868 -37081 17701 142 -293 1221889 53400 -5449 39 5006427 -135819 41 -399001 7808111 -3408776 -2466 -23685 -20257 -8633883 -225556 654623 -274 5229 -793352 -34 -133 12649 180 96 55965
-156 25606 3019557 -204 -19371798 42 -129 -11275996 -2942009 -927537 -18987 -37469 -3229604 -495711 -1410 11235 -992191 -17627906 -136787 -44304 67 6 -22121 -1892 8546 -6929 1698 -5559280 -3288 153390 -2395 2815 -282 -40338 -316
1347047 26234 578 5390816 4934511 228944 10897087 -3 2929493 450662 40 -45 904 2 -20962829 -24 126547 -278 -7 -160 -409 49940828 193832 258 19066 -3326918 -3907 157126 -1 3725 1202814 -441 2646 -198 -149
1303 12845340 -380057 210243 392940 -283 612776 -10759029 204054 124238 145 15047 113 3 871 -62 -8294054 -161 -1209 -228 -865 118 -29241944 59139 605 2884509 -19047253 19005867 8027908 -19823964 49111 -738017 -20108 79 108
801230 110 -14607 -2069032 -5827 -3103 -4742 9235 429719 -59185 -524330 519536 -263 0 -55 233 -2059 -949300 -12186781 2408 5822351 -59638 3385322 -365 -3191 -177915 -2065705 -55280130 646407 15039 36106 188 -185 -4154935 -167763
-1427 303 -253 14809541 41288 6919 -123 3531458 14928 -1356067 32386 -7090 141 -406 11373 -5040176 3440 -47 18640 -838 -16699346 38989483 -10648 -9051986 14158 -17 -185 -775 -144590 133 443 -496 2261817 -10 20615
-24446 63 -6792 51443 963787 20 21313 -14541 -20514 -45318146 -43690 69 -131 -2538072 -313 33 172 -40 -65512 149405 75 -21 -1036 632990 -27803 -23 154 -24 -182593 -212 -234 -46 -13028 35913 661317
-84312 4268655 35922 5010753 88 9901541 -597519 9338 15593 -44 187341 -141 -1090758 732472 -121263 -123421 -6 -701 -3 31 1408733 -16735531 318241 102 8147 -26378 -10721 -4934520 26493 55 10621 -1595463 122 -9340244 1597510
-59 655198 -97 -1089509 -2678 -19873565 398741 5 -92 -40338 4290006 15324 -81 -1205259 -45 141 -905760 -20 7606 -160 -15756 -48 -9556 29 -305320 854 16962 -200 16120 -168438 13 595 2626 19 -3304342
5372 32836500 22953 -27907 -3781 128774 93 4903255 -3463 24752 287201 443187 -43097 322 2192 -34402 203155 -6689 304877 -292 -86 -908 -151 -325 -4661 66 -120566 431 172 19236 -8228 10863535 2430929 47 12
-19005 78 -23639328 52 -1560663 -83482 101 48415 -3 871792 -192 -10 50488 82 455468 52866 -87868 350587 378 -2806 -788350 -47 63 62006 -18062 33 -352 3469924 130277 411687 382061 -259 0 127147 -770128
-1368793 -43 -19474 5831665 -258 -11094 5724 -208001 -44826 -6 -5145693 38 -346158 2272 -2988414 -87 -109 -1563587 -55 19785865 -1098767 1018941 70382 2380757 83 5612176 -72326 59 2779 -419431 229 -3886070 164 10341 -132272
123 -353 91282 -24460340 60 -216 -115927 -1160504 282 -6347 -3 -1629007 32 -57808855 56 0 3 -3822 416671 70385 59 694406 27631007 10732 -29697 24218755 107 8324 -1142883 299 477407 -5332670 92895 -32716330 87
3 2321653 -1251982 19 -60 2217874 -374 11035 -10202 18 -5064 -1630 -53632 23721325 -73 -26 -35310 -28 -358 -4663343 -9995393 -357 400 -6425819 568168 -88 -210 1 1642535 -47 -706155 -12 199 -64613 1619080
44 3901 -24374 -7902642 -14565700 508 -4985773 -29 -6532 -656 11222 -945 1500721 -330 -173629 -7867026 -35187 79 45 -354 -221 27001 -478124 -63 -4 -31258 -263 -2723 -26856 -28 -5635 39 3050 -900 8058658
-8208229 73315009 0 134 72 -1808912 42 23012 19070 -216 -655730 2228575 -1058 -3553974 -65986 -60 -42991 3031 392851 -20962380 -82600 18 -245 -42 -9743767 4164101 -1481101 -1687 6275272 -281444 -1 -21710 -129324 -1332984 -205
-90598 9 -65 -2450 111983 79 6907245 -1536070 51367 20054 -83 240 -9360833 4489572 13726131 146028 -6887 2644348 -80 364 34310 4908591 89 64 7052 22687 119213 24003 35959127 -13096 50044 -94 83 -489 1581
0 -307 -28 51453 5062 1819947 5085988 -369 232 -10422 -90 1239502 0 47 3410997 -59 -102 184 -350 -39 79 -5466 514 1103980 -194 165 1531 -6261876 7502924 8656 3306 -5569407 14686 -464 104
-8423725 275282 1253 -453 -50881 921604 -17309 -72330 67 7305838 8 195 -15 -152 -2344 -45937 7505 -7 42231 11 9500732 63750 6104 7987 -38845 -2998933 -50 -16 -42245 806466 1071 -32 932182 4839 23288216
-261 -20 1727 -10189092 8 25949 -352079 152 40 709485 -788136 -1081 2 -128742 -2306964 -82 -183971 -4 2393115 -4 -3238595 -5930 -261 -1427 -8 -154 133 -16 117 254 376 139 1 -17025 -34430622
3304001 141014 -5012 7 144 10698 -67371 -1432720 -92 155 -9606787 -21515 7587 567 -182 -2552 54498 -290915 124 64 142117 28916623 77 61226 -1697219 19306 68828 139711 21234 -14234 -65 -110 102 161 37104968
-5202 -320 13 19617 -1309589 820 -28115 0 8016437 2473 -290367 -6824259 2293797 -25 -285510 -8620956 -8 30 1052172 49 80 -4173 3714 -21358 -229 -152 922988 -32644 3463716 5899151 -694309 -572159 4468392 -157 3085140
2954481 34 8201 400 59 -4226 -60096 33073557 -325510 24080 -22990054 106285 10789 -11919 236 84 -134737 1785311 -200 -1003118 0 1368702 37569 45476 8987142 -1260539 -59 -615090 2730 -20639 10848029 14 -79 -3053 -818824
6353 -4422 32 9169 -188 14132 5762 -4048218 -1 -2885483 47094 288582 3485426 -1522882 -6539893 35343 98 -45313 85 -96 12 -39 26803 -125 2350023 4 -5064882 -180 -299 36896 1308 158 68 -17700 -3560
-15115 -5120 -140 306 -73111 -4 30 -198 -104 -1141 198 0 27069 -171 -985577 1008479 4 15086847 -15 7692093 -2 -6377 -37800479 345 92 0 1425301 -3342 -48 -21 25 14 -710158 -33177 5071326
1424 -22230 -39962 108 16395 -1379582 -155454 -12680056 -2157 -610605 9795 46 1866414 121814 -5480408 -6976 6 -232 489426 -25734 492 -12 758499 -1299 -50936662 -128261 7502163 -261 -567 -38 -283778 -7379 -403797 -224 39253
-106 248 -8741 214 -11227 -21783 2113271 5640 -24324548 30677772 35483 19 243352 11 84617 128 21549 32287 5254 96 -1 2850 -272 -86 -7456 6804 -4 -136648 0 -2398322 -439832 -2079828 13171157 -192 -393
-676545 -171 29392 28538306 30444 -6566 191 -38414132 -99 18461 -200 29 -167 -41286 -54 14453897 -12498 7 237021 -5805173 -1541 -11389 248 -15733 2152001 -165 -19 2416628 -73867 -298 -11041 7467 -15153487 46 7893179
5 -9341 27786 0 65616 -20001 2 5121271 2080497 -2567191 -10771 -2451 858 -11660729 -81230 -140 -258145 -7405 301 221830 -10 -1868 83 -5447 -208 -71516 335 -456479 -2406334 11 28175032 -182 51937 16169 119
4592712 258467 128 30 -89605 -6 267 164 -42 364 442380 -60246 0 -31819838 -216 -13249 -13185 51573 520518 -121 -138519 -24671880 6197355 -2175 -168 -110 24833 -334 154283 -56492 -178696 16366 1 -13454952 50
-400 8 19408 15116 -93 33196696 137 -24673300 -16 266 32162 -31071 -8776 6221 11491991 -139538 -44 -15902 79 5724 687450 -655403 4730147 -20657193 2732940 36 -98031 810 -198733 -56497 -6045108 1 -4092 -859 2344005
2285388 51 -1 13207 -388556 -909355 15289622 -5789 62 15000369 -39892 377 149 3441 84 151865 28112 23818 1654078 64 499575 8560836 73 -184494 3731 70 4120 4150056 120 -2082 10 0 307327 -968150 27
3504314 1695475 -32047 -51760 3100396 -5 -9963 -1259 -4661 1486 -103 20251 91 52 0 9 11462 -115334 -67 581592 -31001 24 -109 -22462412 43000 7941732 -18831 -225 -18089 66627 47 -128 25097 5 5649
-3915 0 99 1636 17 -5178 289 -157 -8705418 -125 -878786 -18146714 431 7 -143 -2877529 266088 -13221035 -83 16198 6050 -21468 -45056 -2039 -1786463 -188 -223 -4840306 9959799 -26119114 -7825913 1859246 20012 -42 -28980914
43 -23379 -318 -137971 12875112 -1245621 -48 7865 -1404278 6200 5 42355 7700605 11596243 -325069 9890683 -2472 13 -33863 -30860 4419 33 -98282 2913629 2390367 -21647 24410 -103800 -58103678 11820096 12365975 34493 13061 9924308 -206
1021 -33117 48113 57 22 -45917 325 112 17074232 -10266 4890 -22714 147 -17 2836 694 -104086 -9815 2116376 148173 4044544 -9766 -184 -100818 -5 6340 5086 8932539 70 358 -990676 -28152 -2581028 -1402 8684916
943 8142 6480281 324 9811 -122 5 -3082526 -675 -3801327 -1046 -210 42 16851 3875 147 -256 -35169227 -58076 -6423 -82 82 554462 35339 4790 -102 105789 11368290 205 3516191 98 162212 662 37078 4832
-18150 1960 -6150 160 357 -9419 94 -2366 -4 354093 -404119 884439 -154 12048360 -141 -16 -9459 -142853 -65514 149591 -15724679 -838 76 38 230 -191 131917 -1709 -3322055 -321 -195 4124530 6637608 -4789502 131
-5065938 15422531 822575 370935 -5566581 -543459 -9276 -91 28533469 38074 91 34528 -35 24 1465 2754899 -17864 9795 4600795 92977 6 -23563 7 58364 352 -291 -5736012 -395 567339 -7262 4632 11434 -1724442 368 13447
10109138 0 -113497 18605 85661 -2812679 -582205 41186 -610692 -72564 -1653 -524697 -2463614 -3575404 -1466670 5 215960 -124 -37 -823318 -40160 64439 2714059 28809636 37448 -138 -71 -5614881 2674 -47 -186 5419436 14758 -672 142
-15628 0 28388 5458186 33386214 234 33959446 -160 29174 -1325987 71 -2407 -32454 4429 -17 -12065 -1832713 7585 -246 18246129 108 75 640641 0 -1 350 5600 -1652228 -366740 -13274834 1 1177 -4352119 -29022 -2740604
12 451 -223 2204769 -28 24206 -764 -75797 -1088325 -16990 -61046 407 82 161465 1057683 -12210 4565725 430 19125 331 -8 14265255 9651436 7 75465 -2451908 -74 74 -12227 10 215 3811 0 -75415 88
90 12823 -57714 36292 -7 -12904126 780 -40333 -1 54803 3510 -81713 -4347183 -12514 1148992 16425585 0 3091622 1271424 -7915 -77 108 -148663 -53 -369192 331 -32910 -650 -162795 -142896 483019 -23 60 217363 363
1512485 804 3694077 -1772 45445 7160 -510774 -14 124 -634488 331986 162752 79 2073525 256 -16742202 209 2 -646 -14 -78 -251 -165326 -7996403 45 96 4660870 460 14 -5307541 -30746367 -10368625 319 -2503589 -819
-505983 -25272 3224714 11130766 -127 23500 -145568 24 -3006035 -35503 1 -22324 -14332001 2249075 14058 -260 -2 -31 359745 23699 9677 -2 -25205748 72332 -1174 523 276 4256405 -29273359 -156372 2245 2396391 -14325 7 140113
-10134 -5029 -77652 -90 385940 -26299 140 60089 2 -36921478 43465 -364618 12388 -7517 -6 -11901443 10574 -8823 -105 -1247623 -378 -60931 5709159 -23172 -1836482 208 23019 15085135 -77 90536 -127 1977521 -12 -11504 569566
-66919 3933 27803 214 56253 -7055 974 -246904 -66578 14700287 -1477527 -11888 17798 -130 -3143 7552433 47904 -74 -72 43 -12712 -11 -61 -19843 -2251059 36 5478123 63474 -4004 18972127 -95713 -217 -77889 -11876 -14905
2385 -25498 -1 -25980 -7390 18956 -77 -42 -1653 2431 -179 2 45791 -49 90 -1933968 61940 -84 -9 -2468499 -34682 1834756 -8648013 243 -7498 -35 6 -11 -1138559 20113 -10 44016 1349517 -21127 1214270
-196 -291 -73 -35398 -359421 -137 20374691 -39512 -15341377 -40 7685683 759351 574756 1473962 -12895655 2575142 -1251839 146 -4438468 -7983337 -17063 18296717 -4091 -261848 -105 -7830 289 348 -3131368 30035 -147305 49829 66147 11228886 -282
-441 15497299 -35 39259 -62 -11863770 -836 4436 275776 6489212 169 -4655797 -322 115 412 -165 -2830383 -157 2 -54067 146404 20647 332631 -7423 1551825 47543 -11551 -14274 4099230 117 5732215 -20122 10 -55221 19561857
-301 -1662 124988 717884 -43 -994348 208 -3581 100533 1552632 -309 -16 41 120 -10173 20 1355742 601288 43405 -223 -86 104095 7122 -3359507 -129 -2903249 -544 235650 91226 0 265612 16499 1810 -204 -3890143
-52389 -108594 19122 -7465524 -15121560 9398397 -1 49723 236 -34510029 485394 -7649 -38089 92 -27 3082055 -61156 -4 212 30516667 5143546 -6683797 -1252 -163 -292 56 -9706 6190526 -163 -32 1 43414 14694157 -741 -1
30763 3434 0 28783 49490 158 -799615 9625 814 -81 -891 -100763 -17938 -487256 -573371 93 -13132 24631250 10049888 -4023 21169 -24014 70 -1890 -1240878 3145532 -10528036 -51 -149 38 -198 -288 -27 -283 -1587
7 -2048928 -106792 -1838 1990166 -6 249 -92319 -3551 121 -487848 -7056 13 23181 467 -343176 9078 2312809 901849 5882 -9046 -119 198905 3 120 -264 -68 11890211 399 -348 -79 -28920 6 2120 42323281
21427 1644067 25 1977500 3530353 69530 -4507 33047654 -10657 -247 58 -25 -247610 -716606 -126 6211 22939 -155 -2739105 -18 -1603 123 424119 -537216 37701 -47 111479 -238 -51 28890 9693120 -10 -59576 -67 37
