57 65 138
1 2 3 4 5 6 7 8 9 10 11 12 13 14 15 16 17 18 19 20 21 22 23 24 25 26 27 28 29 30 31 32 33 34 35 36 37 38 39 40 41 42 43 44 45 46 47 48 49 50 51 52 53 54 55 56 57 58 59 60 61 62 63 64 65
2 3 4 5 6 7 8 9 10 11 12 13 14 15 16 17 18 19 20 21 22 23 24 25 26 27 28 29 30 31 32 33 34 35 36 37 38 39 40 41 42 43 44 45 46 47 48 49 50 51 52 53 54 55 56 57 58 59 60 61 62 63 64 65 66
3 4 5 6 7 8 9 10 11 12 13 14 15 16 17 18 19 20 21 22 23 24 25 26 27 28 29 30 31 32 33 34 35 36 37 38 39 40 41 42 43 44 45 46 47 48 49 50 51 52 53 54 55 56 57 58 59 60 61 62 63 64 65 66 67
4 5 6 7 8 9 10 11 12 13 14 15 16 17 18 19 20 21 22 23 24 25 26 27 28 29 30 31 32 33 34 35 36 37 38 39 40 41 42 43 44 45 46 47 48 49 50 51 52 53 54 55 56 57 58 59 60 61 62 63 64 65 66 67 68
5 6 7 8 9 10 11 12 13 14 15 16 17 18 19 20 21 22 23 24 25 26 27 28 29 30 31 32 33 34 35 36 37 38 39 40 41 42 43 44 45 46 47 48 49 50 51 52 53 54 55 56 57 58 59 60 61 62 63 64 65 66 67 68 69
6 7 8 9 10 11 12 13 14 15 16 17 18 19 20 21 22 23 24 25 26 27 28 29 30 31 32 33 34 35 36 37 38 39 40 41 42 43 44 45 46 47 48 49 50 51 52 53 54 55 56 57 58 59 60 61 62 63 64 65 66 67 68 69 70
7 8 9 10 11 12 13 14 15 16 17 18 19 20 21 22 23 24 25 26 27 28 29 30 31 32 33 34 35 36 37 38 39 40 41 42 43 44 45 46 47 48 49 50 51 52 53 54 55 56 57 58 59 60 61 62 63 64 65 66 67 68 69 70 71
8 9 10 11 12 13 14 15 16 17 18 19 20 21 22 23 24 25 26 27 28 29 30 31 32 33 34 35 36 37 38 39 40 41 42 43 44 45 46 47 48 49 50 51 52 53 54 55 56 57 58 59 60 61 62 63 64 65 66 67 68 69 70 71 72
9 10 11 12 13 14 15 16 17 18 19 20 21 22 23 24 25 26 27 28 29 30 31 32 33 34 35 36 37 38 39 40 41 42 43 44 45 46 47 48 49 50 51 52 53 54 55 56 57 58 59 60 61 62 63 64 65 66 67 68 69 70 71 72 73
10 11 12 13 14 15 16 17 18 19 20 21 22 23 24 25 26 27 28 29 30 31 32 33 34 35 36 37 38 39 40 41 42 43 44 45 46 47 48 49 50 51 52 53 54 55 56 57 58 59 60 61 62 63 64 65 66 67 68 69 70 71 72 73 74
11 12 13 14 15 16 17 18 19 20 21 22 23 24 25 26 27 28 29 30 31 32 33 34 35 36 37 38 39 40 41 42 43 44 45 46 47 48 49 50 51 52 53 54 55 56 57 58 59 60 61 62 63 64 65 66 67 68 69 70 71 72 73 74 75
12 13 14 15 16 17 18 19 20 21 22 23 24 25 26 27 28 29 30 31 32 33 34 35 36 37 38 39 40 41 42 43 44 45 46 47 48 49 50 51 52 53 54 55 56 57 58 59 60 61 62 63 64 65 66 67 68 69 70 71 72 73 74 75 76
13 14 15 16 17 18 19 20 21 22 23 24 25 26 27 28 29 30 31 32 33 34 35 36 37 38 39 40 41 42 43 44 45 46 47 48 49 50 51 52 53 54 55 56 57 58 59 60 61 62 63 64 65 66 67 68 69 70 71 72 73 74 75 76 77
14 15 16 17 18 19 20 21 22 23 24 25 26 27 28 29 30 31 32 33 34 35 36 37 38 39 40 41 42 43 44 45 46 47 48 49 50 51 52 53 54 55 56 57 58 59 60 61 62 63 64 65 66 67 68 69 70 71 72 73 74 75 76 77 78
15 16 17 18 19 20 21 22 23 24 25 26 27 28 29 30 31 32 33 34 35 36 37 38 39 40 41 42 43 44 45 46 47 48 49 50 51 52 53 54 55 56 57 58 59 60 61 62 63 64 65 66 67 68 69 70 71 72 73 74 75 76 77 78 79
16 17 18 19 20 21 22 23 24 25 26 27 28 29 30 31 32 33 34 35 36 37 38 39 40 41 42 43 44 45 46 47 48 49 50 51 52 53 54 55 56 57 58 59 60 61 62 63 64 65 66 67 68 69 70 71 72 73 74 75 76 77 78 79 80
17 18 19 20 21 22 23 24 25 26 27 28 29 30 31 32 33 34 35 36 37 38 39 40 41 42 43 44 45 46 47 48 49 50 51 52 53 54 55 56 57 58 59 60 61 62 63 64 65 66 67 68 69 70 71 72 73 74 75 76 77 78 79 80 81
18 19 20 21 22 23 24 25 26 27 28 29 30 31 32 33 34 35 36 37 38 39 40 41 42 43 44 45 46 47 48 49 50 51 52 53 54 55 56 57 58 59 60 61 62 63 64 65 66 67 68 69 70 71 72 73 74 75 76 77 78 79 80 81 82
19 20 21 22 23 24 25 26 27 28 29 30 31 32 33 34 35 36 37 38 39 40 41 42 43 44 45 46 47 48 49 50 51 52 53 54 55 56 57 58 59 60 61 62 63 64 65 66 67 68 69 70 71 72 73 74 75 76 77 78 79 80 81 82 83
20 21 22 23 24 25 26 27 28 29 30 31 32 33 34 35 36 37 38 39 40 41 42 43 44 45 46 47 48 49 50 51 52 53 54 55 56 57 58 59 60 61 62 63 64 65 66 67 68 69 70 71 72 73 74 75 76 77 78 79 80 81 82 83 84
21 22 23 24 25 26 27 28 29 30 31 32 33 34 35 36 37 38 39 40 41 42 43 44 45 46 47 48 49 50 51 52 53 54 55 56 57 58 59 60 61 62 63 64 65 66 67 68 69 70 71 72 73 74 75 76 77 78 79 80 81 82 83 84 85
22 23 24 25 26 27 28 29 30 31 32 33 34 35 36 37 38 39 40 41 42 43 44 45 46 47 48 49 50 51 52 53 54 55 56 57 58 59 60 61 62 63 64 65 66 67 68 69 70 71 72 73 74 75 76 77 78 79 80 81 82 83 84 85 86
23 24 25 26 27 28 29 30 31 32 33 34 35 36 37 38 39 40 41 42 43 44 45 46 47 48 49 50 51 52 53 54 55 56 57 58 59 60 61 62 63 64 65 66 67 68 69 70 71 72 73 74 75 76 77 78 79 80 81 82 83 84 85 86 87
24 25 26 27 28 29 30 31 32 33 34 35 36 37 38 39 40 41 42 43 44 45 46 47 48 49 50 51 52 53 54 55 56 57 58 59 60 61 62 63 64 65 66 67 68 69 70 71 72 73 74 75 76 77 78 79 80 81 82 83 84 85 86 87 88
25 26 27 28 29 30 31 32 33 34 35 36 37 38 39 40 41 42 43 44 45 46 47 48 49 50 51 52 53 54 55 56 57 58 59 60 61 62 63 64 65 66 67 68 69 70 71 72 73 74 75 76 77 78 79 80 81 82 83 84 85 86 87 88 89
26 27 28 29 30 31 32 33 34 35 36 37 38 39 40 41 42 43 44 45 46 47 48 49 50 51 52 53 54 55 56 57 58 59 60 61 62 63 64 65 66 67 68 69 70 71 72 73 74 75 76 77 78 79 80 81 82 83 84 85 86 87 88 89 90
27 28 29 30 31 32 33 34 35 36 37 38 39 40 41 42 43 44 45 46 47 48 49 50 51 52 53 54 55 56 57 58 59 60 61 62 63 64 65 66 67 68 69 70 71 72 73 74 75 76 77 78 79 80 81 82 83 84 85 86 87 88 89 90 91
28 29 30 31 32 33 34 35 36 37 38 39 40 41 42 43 44 45 46 47 48 49 50 51 52 53 54 55 56 57 58 59 60 61 62 63 64 65 66 67 68 69 70 71 72 73 74 75 76 77 78 79 80 81 82 83 84 85 86 87 88 89 90 91 92
29 30 31 32 33 34 35 36 37 38 39 40 41 42 43 44 45 46 47 48 49 50 51 52 53 54 55 56 57 58 59 60 61 62 63 64 65 66 67 68 69 70 71 72 73 74 75 76 77 78 79 80 81 82 83 84 85 86 87 88 89 90 91 92 93
30 31 32 33 34 35 36 37 38 39 40 41 42 43 44 45 46 47 48 49 50 51 52 53 54 55 56 57 58 59 60 61 62 63 64 65 66 67 68 69 70 71 72 73 74 75 76 77 78 79 80 81 82 83 84 85 86 87 88 89 90 91 92 93 94
31 32 33 34 35 36 37 38 39 40 41 42 43 44 45 46 47 48 49 50 51 52 53 54 55 56 57 58 59 60 61 62 63 64 65 66 67 68 69 70 71 72 73 74 75 76 77 78 79 80 81 82 83 84 85 86 87 88 89 90 91 92 93 94 95
32 33 34 35 36 37 38 39 40 41 42 43 44 45 46 47 48 49 50 51 52 53 54 55 56 57 58 59 60 61 62 63 64 65 66 67 68 69 70 71 72 73 74 75 76 77 78 79 80 81 82 83 84 85 86 87 88 89 90 91 92 93 94 95 96
33 34 35 36 37 38 39 40 41 42 43 44 45 46 47 48 49 50 51 52 53 54 55 56 57 58 59 60 61 62 63 64 65 66 67 68 69 70 71 72 73 74 75 76 77 78 79 80 81 82 83 84 85 86 87 88 89 90 91 92 93 94 95 96 97
34 35 36 37 38 39 40 41 42 43 44 45 46 47 48 49 50 51 52 53 54 55 56 57 58 59 60 61 62 63 64 65 66 67 68 69 70 71 72 73 74 75 76 77 78 79 80 81 82 83 84 85 86 87 88 89 90 91 92 93 94 95 96 97 98
35 36 37 38 39 40 41 42 43 44 45 46 47 48 49 50 51 52 53 54 55 56 57 58 59 60 61 62 63 64 65 66 67 68 69 70 71 72 73 74 75 76 77 78 79 80 81 82 83 84 85 86 87 88 89 90 91 92 93 94 95 96 97 98 99
36 37 38 39 40 41 42 43 44 45 46 47 48 49 50 51 52 53 54 55 56 57 58 59 60 61 62 63 64 65 66 67 68 69 70 71 72 73 74 75 76 77 78 79 80 81 82 83 84 85 86 87 88 89 90 91 92 93 94 95 96 97 98 99 100
37 38 39 40 41 42 43 44 45 46 47 48 49 50 51 52 53 54 55 56 57 58 59 60 61 62 63 64 65 66 67 68 69 70 71 72 73 74 75 76 77 78 79 80 81 82 83 84 85 86 87 88 89 90 91 92 93 94 95 96 97 98 99 100 101
38 39 40 41 42 43 44 45 46 47 48 49 50 51 52 53 54 55 56 57 58 59 60 61 62 63 64 65 66 67 68 69 70 71 72 73 74 75 76 77 78 79 80 81 82 83 84 85 86 87 88 89 90 91 92 93 94 95 96 97 98 99 100 101 102
39 40 41 42 43 44 45 46 47 48 49 50 51 52 53 54 55 56 57 58 59 60 61 62 63 64 65 66 67 68 69 70 71 72 73 74 75 76 77 78 79 80 81 82 83 84 85 86 87 88 89 90 91 92 93 94 95 96 97 98 99 100 101 102 103
40 41 42 43 44 45 46 47 48 49 50 51 52 53 54 55 56 57 58 59 60 61 62 63 64 65 66 67 68 69 70 71 72 73 74 75 76 77 78 79 80 81 82 83 84 85 86 87 88 89 90 91 92 93 94 95 96 97 98 99 100 101 102 103 104
41 42 43 44 45 46 47 48 49 50 51 52 53 54 55 56 57 58 59 60 61 62 63 64 65 66 67 68 69 70 71 72 73 74 75 76 77 78 79 80 81 82 83 84 85 86 87 88 89 90 91 92 93 94 95 96 97 98 99 100 101 102 103 104 105
42 43 44 45 46 47 48 49 50 51 52 53 54 55 56 57 58 59 60 61 62 63 64 65 66 67 68 69 70 71 72 73 74 75 76 77 78 79 80 81 82 83 84 85 86 87 88 89 90 91 92 93 94 95 96 97 98 99 100 101 102 103 104 105 106
43 44 45 46 47 48 49 50 51 52 53 54 55 56 57 58 59 60 61 62 63 64 65 66 67 68 69 70 71 72 73 74 75 76 77 78 79 80 81 82 83 84 85 86 87 88 89 90 91 92 93 94 95 96 97 98 99 100 101 102 103 104 105 106 107
44 45 46 47 48 49 50 51 52 53 54 55 56 57 58 59 60 61 62 63 64 65 66 67 68 69 70 71 72 73 74 75 76 77 78 79 80 81 82 83 84 85 86 87 88 89 90 91 92 93 94 95 96 97 98 99 100 101 102 103 104 105 106 107 108
45 46 47 48 49 50 51 52 53 54 55 56 57 58 59 60 61 62 63 64 65 66 67 68 69 70 71 72 73 74 75 76 77 78 79 80 81 82 83 84 85 86 87 88 89 90 91 92 93 94 95 96 97 98 99 100 101 102 103 104 105 106 107 108 109
46 47 48 49 50 51 52 53 54 55 56 57 58 59 60 61 62 63 64 65 66 67 68 69 70 71 72 73 74 75 76 77 78 79 80 81 82 83 84 85 86 87 88 89 90 91 92 93 94 95 96 97 98 99 100 101 102 103 104 105 106 107 108 109 110
47 48 49 50 51 52 53 54 55 56 57 58 59 60 61 62 63 64 65 66 67 68 69 70 71 72 73 74 75 76 77 78 79 80 81 82 83 84 85 86 87 88 89 90 91 92 93 94 95 96 97 98 99 100 101 102 103 104 105 106 107 108 109 110 111
48 49 50 51 52 53 54 55 56 57 58 59 60 61 62 63 64 65 66 67 68 69 70 71 72 73 74 75 76 77 78 79 80 81 82 83 84 85 86 87 88 89 90 91 92 93 94 95 96 97 98 99 100 101 102 103 104 105 106 107 108 109 110 111 112
49 50 51 52 53 54 55 56 57 58 59 60 61 62 63 64 65 66 67 68 69 70 71 72 73 74 75 76 77 78 79 80 81 82 83 84 85 86 87 88 89 90 91 92 93 94 95 96 97 98 99 100 101 102 103 104 105 106 107 108 109 110 111 112 113
50 51 52 53 54 55 56 57 58 59 60 61 62 63 64 65 66 67 68 69 70 71 72 73 74 75 76 77 78 79 80 81 82 83 84 85 86 87 88 89 90 91 92 93 94 95 96 97 98 99 100 101 102 103 104 105 106 107 108 109 110 111 112 113 114
51 52 53 54 55 56 57 58 59 60 61 62 63 64 65 66 67 68 69 70 71 72 73 74 75 76 77 78 79 80 81 82 83 84 85 86 87 88 89 90 91 92 93 94 95 96 97 98 99 100 101 102 103 104 105 106 107 108 109 110 111 112 113 114 115
52 53 54 55 56 57 58 59 60 61 62 63 64 65 66 67 68 69 70 71 72 73 74 75 76 77 78 79 80 81 82 83 84 85 86 87 88 89 90 91 92 93 94 95 96 97 98 99 100 101 102 103 104 105 106 107 108 109 110 111 112 113 114 115 116
53 54 55 56 57 58 59 60 61 62 63 64 65 66 67 68 69 70 71 72 73 74 75 76 77 78 79 80 81 82 83 84 85 86 87 88 89 90 91 92 93 94 95 96 97 98 99 100 101 102 103 104 105 106 107 108 109 110 111 112 113 114 115 116 117
54 55 56 57 58 59 60 61 62 63 64 65 66 67 68 69 70 71 72 73 74 75 76 77 78 79 80 81 82 83 84 85 86 87 88 89 90 91 92 93 94 95 96 97 98 99 100 101 102 103 104 105 106 107 108 109 110 111 112 113 114 115 116 117 118
55 56 57 58 59 60 61 62 63 64 65 66 67 68 69 70 71 72 73 74 75 76 77 78 79 80 81 82 83 84 85 86 87 88 89 90 91 92 93 94 95 96 97 98 99 100 101 102 103 104 105 106 107 108 109 110 111 112 113 114 115 116 117 118 119
56 57 58 59 60 61 62 63 64 65 66 67 68 69 70 71 72 73 74 75 76 77 78 79 80 81 82 83 84 85 86 87 88 89 90 91 92 93 94 95 96 97 98 99 100 101 102 103 104 105 106 107 108 109 110 111 112 113 114 115 116 117 118 119 120
57 58 59 60 61 62 63 64 65 66 67 68 69 70 71 72 73 74 75 76 77 78 79 80 81 82 83 84 85 86 87 88 89 90 91 92 93 94 95 96 97 98 99 100 101 102 103 104 105 106 107 108 109 110 111 112 113 114 115 116 117 118 119 120 121
138 138 138 138 138 138 138 138 138 138 138 138 138 138 138 138 138 138 138 138 138 138 138 138 138 138 138 138 138 138 138 138 138 138 138 138 138 138 138 138 138 138 138 138 138 138 138 138 138 138 138 138 138 138 138 138 138 138 138 138 138 138 138 138 138
138 138 138 138 138 138 138 138 138 138 138 138 138 138 138 138 138 138 138 138 138 138 138 138 138 138 138 138 138 138 138 138 138 138 138 138 138 138 138 138 138 138 138 138 138 138 138 138 138 138 138 138 138 138 138 138 138 138 138 138 138 138 138 138 138
138 138 138 138 138 138 138 138 138 138 138 138 138 138 138 138 138 138 138 138 138 138 138 138 138 138 138 138 138 138 138 138 138 138 138 138 138 138 138 138 138 138 138 138 138 138 138 138 138 138 138 138 138 138 138 138 138 138 138 138 138 138 138 138 138
138 138 138 138 138 138 138 138 138 138 138 138 138 138 138 138 138 138 138 138 138 138 138 138 138 138 138 138 138 138 138 138 138 138 138 138 138 138 138 138 138 138 138 138 138 138 138 138 138 138 138 138 138 138 138 138 138 138 138 138 138 138 138 138 138
138 138 138 138 138 138 138 138 138 138 138 138 138 138 138 138 138 138 138 138 138 138 138 138 138 138 138 138 138 138 138 138 138 138 138 138 138 138 138 138 138 138 138 138 138 138 138 138 138 138 138 138 138 138 138 138 138 138 138 138 138 138 138 138 138
138 138 138 138 138 138 138 138 138 138 138 138 138 138 138 138 138 138 138 138 138 138 138 138 138 138 138 138 138 138 138 138 138 138 138 138 138 138 138 138 138 138 138 138 138 138 138 138 138 138 138 138 138 138 138 138 138 138 138 138 138 138 138 138 138
138 138 138 138 138 138 138 138 138 138 138 138 138 138 138 138 138 138 138 138 138 138 138 138 138 138 138 138 138 138 138 138 138 138 138 138 138 138 138 138 138 138 138 138 138 138 138 138 138 138 138 138 138 138 138 138 138 138 138 138 138 138 138 138 138
138 138 138 138 138 138 138 138 138 138 138 138 138 138 138 138 138 138 138 138 138 138 138 138 138 138 138 138 138 138 138 138 138 138 138 138 138 138 138 138 138 138 138 138 138 138 138 138 138 138 138 138 138 138 138 138 138 138 138 138 138 138 138 138 138
138 138 138 138 138 138 138 138 138 138 138 138 138 138 138 138 138 138 138 138 138 138 138 138 138 138 138 138 138 138 138 138 138 138 138 138 138 138 138 138 138 138 138 138 138 138 138 138 138 138 138 138 138 138 138 138 138 138 138 138 138 138 138 138 138
138 138 138 138 138 138 138 138 138 138 138 138 138 138 138 138 138 138 138 138 138 138 138 138 138 138 138 138 138 138 138 138 138 138 138 138 138 138 138 138 138 138 138 138 138 138 138 138 138 138 138 138 138 138 138 138 138 138 138 138 138 138 138 138 138
138 138 138 138 138 138 138 138 138 138 138 138 138 138 138 138 138 138 138 138 138 138 138 138 138 138 138 138 138 138 138 138 138 138 138 138 138 138 138 138 138 138 138 138 138 138 138 138 138 138 138 138 138 138 138 138 138 138 138 138 138 138 138 138 138
138 138 138 138 138 138 138 138 138 138 138 138 138 138 138 138 138 138 138 138 138 138 138 138 138 138 138 138 138 138 138 138 138 138 138 138 138 138 138 138 138 138 138 138 138 138 138 138 138 138 138 138 138 138 138 138 138 138 138 138 138 138 138 138 138
138 138 138 138 138 138 138 138 138 138 138 138 138 138 138 138 138 138 138 138 138 138 138 138 138 138 138 138 138 138 138 138 138 138 138 138 138 138 138 138 138 138 138 138 138 138 138 138 138 138 138 138 138 138 138 138 138 138 138 138 138 138 138 138 138
138 138 138 138 138 138 138 138 138 138 138 138 138 138 138 138 138 138 138 138 138 138 138 138 138 138 138 138 138 138 138 138 138 138 138 138 138 138 138 138 138 138 138 138 138 138 138 138 138 138 138 138 138 138 138 138 138 138 138 138 138 138 138 138 138
138 138 138 138 138 138 138 138 138 138 138 138 138 138 138 138 138 138 138 138 138 138 138 138 138 138 138 138 138 138 138 138 138 138 138 138 138 138 138 138 138 138 138 138 138 138 138 138 138 138 138 138 138 138 138 138 138 138 138 138 138 138 138 138 138
138 138 138 138 138 138 138 138 138 138 138 138 138 138 138 138 138 138 138 138 138 138 138 138 138 138 138 138 138 138 138 138 138 138 138 138 138 138 138 138 138 138 138 138 138 138 138 138 138 138 138 138 138 138 138 138 138 138 138 138 138 138 138 138 138
138 138 138 138 138 138 138 138 138 138 138 138 138 138 138 138 138 138 138 138 138 138 138 138 138 138 138 138 138 138 138 138 138 138 138 138 138 138 138 138 138 138 138 138 138 138 138 138 138 138 138 138 138 138 138 138 138 138 138 138 138 138 138 138 138
138 138 138 138 138 138 138 138 138 138 138 138 138 138 138 138 138 138 138 138 138 138 138 138 138 138 138 138 138 138 138 138 138 138 138 138 138 138 138 138 138 138 138 138 138 138 138 138 138 138 138 138 138 138 138 138 138 138 138 138 138 138 138 138 138
138 138 138 138 138 138 138 138 138 138 138 138 138 138 138 138 138 138 138 138 138 138 138 138 138 138 138 138 138 138 138 138 138 138 138 138 138 138 138 138 138 138 138 138 138 138 138 138 138 138 138 138 138 138 138 138 138 138 138 138 138 138 138 138 138
138 138 138 138 138 138 138 138 138 138 138 138 138 138 138 138 138 138 138 138 138 138 138 138 138 138 138 138 138 138 138 138 138 138 138 138 138 138 138 138 138 138 138 138 138 138 138 138 138 138 138 138 138 138 138 138 138 138 138 138 138 138 138 138 138
138 138 138 138 138 138 138 138 138 138 138 138 138 138 138 138 138 138 138 138 138 138 138 138 138 138 138 138 138 138 138 138 138 138 138 138 138 138 138 138 138 138 138 138 138 138 138 138 138 138 138 138 138 138 138 138 138 138 138 138 138 138 138 138 138
138 138 138 138 138 138 138 138 138 138 138 138 138 138 138 138 138 138 138 138 138 138 138 138 138 138 138 138 138 138 138 138 138 138 138 138 138 138 138 138 138 138 138 138 138 138 138 138 138 138 138 138 138 138 138 138 138 138 138 138 138 138 138 138 138
138 138 138 138 138 138 138 138 138 138 138 138 138 138 138 138 138 138 138 138 138 138 138 138 138 138 138 138 138 138 138 138 138 138 138 138 138 138 138 138 138 138 138 138 138 138 138 138 138 138 138 138 138 138 138 138 138 138 138 138 138 138 138 138 138
138 138 138 138 138 138 138 138 138 138 138 138 138 138 138 138 138 138 138 138 138 138 138 138 138 138 138 138 138 138 138 138 138 138 138 138 138 138 138 138 138 138 138 138 138 138 138 138 138 138 138 138 138 138 138 138 138 138 138 138 138 138 138 138 138
138 138 138 138 138 138 138 138 138 138 138 138 138 138 138 138 138 138 138 138 138 138 138 138 138 138 138 138 138 138 138 138 138 138 138 138 138 138 138 138 138 138 138 138 138 138 138 138 138 138 138 138 138 138 138 138 138 138 138 138 138 138 138 138 138
138 138 138 138 138 138 138 138 138 138 138 138 138 138 138 138 138 138 138 138 138 138 138 138 138 138 138 138 138 138 138 138 138 138 138 138 138 138 138 138 138 138 138 138 138 138 138 138 138 138 138 138 138 138 138 138 138 138 138 138 138 138 138 138 138
138 138 138 138 138 138 138 138 138 138 138 138 138 138 138 138 138 138 138 138 138 138 138 138 138 138 138 138 138 138 138 138 138 138 138 138 138 138 138 138 138 138 138 138 138 138 138 138 138 138 138 138 138 138 138 138 138 138 138 138 138 138 138 138 138
138 138 138 138 138 138 138 138 138 138 138 138 138 138 138 138 138 138 138 138 138 138 138 138 138 138 138 138 138 138 138 138 138 138 138 138 138 138 138 138 138 138 138 138 138 138 138 138 138 138 138 138 138 138 138 138 138 138 138 138 138 138 138 138 138
138 138 138 138 138 138 138 138 138 138 138 138 138 138 138 138 138 138 138 138 138 138 138 138 138 138 138 138 138 138 138 138 138 138 138 138 138 138 138 138 138 138 138 138 138 138 138 138 138 138 138 138 138 138 138 138 138 138 138 138 138 138 138 138 138
138 138 138 138 138 138 138 138 138 138 138 138 138 138 138 138 138 138 138 138 138 138 138 138 138 138 138 138 138 138 138 138 138 138 138 138 138 138 138 138 138 138 138 138 138 138 138 138 138 138 138 138 138 138 138 138 138 138 138 138 138 138 138 138 138
138 138 138 138 138 138 138 138 138 138 138 138 138 138 138 138 138 138 138 138 138 138 138 138 138 138 138 138 138 138 138 138 138 138 138 138 138 138 138 138 138 138 138 138 138 138 138 138 138 138 138 138 138 138 138 138 138 138 138 138 138 138 138 138 138
138 138 138 138 138 138 138 138 138 138 138 138 138 138 138 138 138 138 138 138 138 138 138 138 138 138 138 138 138 138 138 138 138 138 138 138 138 138 138 138 138 138 138 138 138 138 138 138 138 138 138 138 138 138 138 138 138 138 138 138 138 138 138 138 138
138 138 138 138 138 138 138 138 138 138 138 138 138 138 138 138 138 138 138 138 138 138 138 138 138 138 138 138 138 138 138 138 138 138 138 138 138 138 138 138 138 138 138 138 138 138 138 138 138 138 138 138 138 138 138 138 138 138 138 138 138 138 138 138 138
138 138 138 138 138 138 138 138 138 138 138 138 138 138 138 138 138 138 138 138 138 138 138 138 138 138 138 138 138 138 138 138 138 138 138 138 138 138 138 138 138 138 138 138 138 138 138 138 138 138 138 138 138 138 138 138 138 138 138 138 138 138 138 138 138
138 138 138 138 138 138 138 138 138 138 138 138 138 138 138 138 138 138 138 138 138 138 138 138 138 138 138 138 138 138 138 138 138 138 138 138 138 138 138 138 138 138 138 138 138 138 138 138 138 138 138 138 138 138 138 138 138 138 138 138 138 138 138 138 138
138 138 138 138 138 138 138 138 138 138 138 138 138 138 138 138 138 138 138 138 138 138 138 138 138 138 138 138 138 138 138 138 138 138 138 138 138 138 138 138 138 138 138 138 138 138 138 138 138 138 138 138 138 138 138 138 138 138 138 138 138 138 138 138 138
138 138 138 138 138 138 138 138 138 138 138 138 138 138 138 138 138 138 138 138 138 138 138 138 138 138 138 138 138 138 138 138 138 138 138 138 138 138 138 138 138 138 138 138 138 138 138 138 138 138 138 138 138 138 138 138 138 138 138 138 138 138 138 138 138
138 138 138 138 138 138 138 138 138 138 138 138 138 138 138 138 138 138 138 138 138 138 138 138 138 138 138 138 138 138 138 138 138 138 138 138 138 138 138 138 138 138 138 138 138 138 138 138 138 138 138 138 138 138 138 138 138 138 138 138 138 138 138 138 138
138 138 138 138 138 138 138 138 138 138 138 138 138 138 138 138 138 138 138 138 138 138 138 138 138 138 138 138 138 138 138 138 138 138 138 138 138 138 138 138 138 138 138 138 138 138 138 138 138 138 138 138 138 138 138 138 138 138 138 138 138 138 138 138 138
138 138 138 138 138 138 138 138 138 138 138 138 138 138 138 138 138 138 138 138 138 138 138 138 138 138 138 138 138 138 138 138 138 138 138 138 138 138 138 138 138 138 138 138 138 138 138 138 138 138 138 138 138 138 138 138 138 138 138 138 138 138 138 138 138
138 138 138 138 138 138 138 138 138 138 138 138 138 138 138 138 138 138 138 138 138 138 138 138 138 138 138 138 138 138 138 138 138 138 138 138 138 138 138 138 138 138 138 138 138 138 138 138 138 138 138 138 138 138 138 138 138 138 138 138 138 138 138 138 138
138 138 138 138 138 138 138 138 138 138 138 138 138 138 138 138 138 138 138 138 138 138 138 138 138 138 138 138 138 138 138 138 138 138 138 138 138 138 138 138 138 138 138 138 138 138 138 138 138 138 138 138 138 138 138 138 138 138 138 138 138 138 138 138 138
138 138 138 138 138 138 138 138 138 138 138 138 138 138 138 138 138 138 138 138 138 138 138 138 138 138 138 138 138 138 138 138 138 138 138 138 138 138 138 138 138 138 138 138 138 138 138 138 138 138 138 138 138 138 138 138 138 138 138 138 138 138 138 138 138
138 138 138 138 138 138 138 138 138 138 138 138 138 138 138 138 138 138 138 138 138 138 138 138 138 138 138 138 138 138 138 138 138 138 138 138 138 138 138 138 138 138 138 138 138 138 138 138 138 138 138 138 138 138 138 138 138 138 138 138 138 138 138 138 138
138 138 138 138 138 138 138 138 138 138 138 138 138 138 138 138 138 138 138 138 138 138 138 138 138 138 138 138 138 138 138 138 138 138 138 138 138 138 138 138 138 138 138 138 138 138 138 138 138 138 138 138 138 138 138 138 138 138 138 138 138 138 138 138 138
138 138 138 138 138 138 138 138 138 138 138 138 138 138 138 138 138 138 138 138 138 138 138 138 138 138 138 138 138 138 138 138 138 138 138 138 138 138 138 138 138 138 138 138 138 138 138 138 138 138 138 138 138 138 138 138 138 138 138 138 138 138 138 138 138
138 138 138 138 138 138 138 138 138 138 138 138 138 138 138 138 138 138 138 138 138 138 138 138 138 138 138 138 138 138 138 138 138 138 138 138 138 138 138 138 138 138 138 138 138 138 138 138 138 138 138 138 138 138 138 138 138 138 138 138 138 138 138 138 138
138 138 138 138 138 138 138 138 138 138 138 138 138 138 138 138 138 138 138 138 138 138 138 138 138 138 138 138 138 138 138 138 138 138 138 138 138 138 138 138 138 138 138 138 138 138 138 138 138 138 138 138 138 138 138 138 138 138 138 138 138 138 138 138 138
138 138 138 138 138 138 138 138 138 138 138 138 138 138 138 138 138 138 138 138 138 138 138 138 138 138 138 138 138 138 138 138 138 138 138 138 138 138 138 138 138 138 138 138 138 138 138 138 138 138 138 138 138 138 138 138 138 138 138 138 138 138 138 138 138
138 138 138 138 138 138 138 138 138 138 138 138 138 138 138 138 138 138 138 138 138 138 138 138 138 138 138 138 138 138 138 138 138 138 138 138 138 138 138 138 138 138 138 138 138 138 138 138 138 138 138 138 138 138 138 138 138 138 138 138 138 138 138 138 138
138 138 138 138 138 138 138 138 138 138 138 138 138 138 138 138 138 138 138 138 138 138 138 138 138 138 138 138 138 138 138 138 138 138 138 138 138 138 138 138 138 138 138 138 138 138 138 138 138 138 138 138 138 138 138 138 138 138 138 138 138 138 138 138 138
138 138 138 138 138 138 138 138 138 138 138 138 138 138 138 138 138 138 138 138 138 138 138 138 138 138 138 138 138 138 138 138 138 138 138 138 138 138 138 138 138 138 138 138 138 138 138 138 138 138 138 138 138 138 138 138 138 138 138 138 138 138 138 138 138
138 138 138 138 138 138 138 138 138 138 138 138 138 138 138 138 138 138 138 138 138 138 138 138 138 138 138 138 138 138 138 138 138 138 138 138 138 138 138 138 138 138 138 138 138 138 138 138 138 138 138 138 138 138 138 138 138 138 138 138 138 138 138 138 138
138 138 138 138 138 138 138 138 138 138 138 138 138 138 138 138 138 138 138 138 138 138 138 138 138 138 138 138 138 138 138 138 138 138 138 138 138 138 138 138 138 138 138 138 138 138 138 138 138 138 138 138 138 138 138 138 138 138 138 138 138 138 138 138 138
138 138 138 138 138 138 138 138 138 138 138 138 138 138 138 138 138 138 138 138 138 138 138 138 138 138 138 138 138 138 138 138 138 138 138 138 138 138 138 138 138 138 138 138 138 138 138 138 138 138 138 138 138 138 138 138 138 138 138 138 138 138 138 138 138
138 138 138 138 138 138 138 138 138 138 138 138 138 138 138 138 138 138 138 138 138 138 138 138 138 138 138 138 138 138 138 138 138 138 138 138 138 138 138 138 138 138 138 138 138 138 138 138 138 138 138 138 138 138 138 138 138 138 138 138 138 138 138 138 138
138 138 138 138 138 138 138 138 138 138 138 138 138 138 138 138 138 138 138 138 138 138 138 138 138 138 138 138 138 138 138 138 138 138 138 138 138 138 138 138 138 138 138 138 138 138 138 138 138 138 138 138 138 138 138 138 138 138 138 138 138 138 138 138 138
21533 11789 855 3549 29708 360 26123 27822 27412 26919 12942 15655 5090 27470 21664 663 20699 23492 8033 5937 22714 1633 7955 18106 13947 16200 14370 389 121 19831 14177 15265 2771 25500 14231 19537 6419 6954 58 25020 21266 9645 16762 23782 278 10331 20866 10719 21310 30187 20218 26683 14368 6826 19664 30657 1712 28363 27448 15720 32612 8958 497 13439 26773
31557 16330 8235 18985 11267 25446 28950 3183 3414 28988 13158 32330 6311 2785 6380 1682 25728 19338 29598 1207 4765 19917 13384 9383 25669 16039 16766 10738 26843 8643 15061 30252 31408 11001 31827 20116 32283 20758 30243 9458 5836 32219 11405 26566 18269 32584 29734 7582 12074 7706 15940 20424 23139 32146 2485 2089 22623 10360 19377 26221 3123 28512 25868 4193 27524
31788 30640 412 8089 16082 12363 32357 15540 5983 22597 11729 931 24892 17397 7980 24978 17328 28948 16026 8739 27559 26994 31998 1985 4786 15847 12059 15921 30542 11661 26618 23401 10857 19756 21131 25254 22050 17142 20110 32185 25041 27253 21684 24737 5959 29889 26114 2911 11607 22774 2679 24070 23445 10469 8942 13074 23389 7690 4678 29690 31255 29375 447 23561 8378
23470 17575 23913 29839 13708 7991 23681 30008 15109 29880 13697 15344 22258 8425 16442 16404 26322 165 17972 17635 376 28097 7930 21634 5633 12852 26297 27714 30473 13946 777 15910 9759 28474 27147 11168 29557 20006 24500 23964 17884 14882 7528 7615 7920 21161 6091 21745 12176 621 22228 21273 4242 9534 5155 17447 29620 17709 5012 30296 24789 13041 27156 21941 21349
32138 9907 16606 19482 3364 4603 6917 10980 25917 30592 16189 25892 21002 11705 14581 27673 1303 20494 26047 22426 25903 24370 25687 10507 5499 15283 29920 14986 30701 11984 11888 11881 12000 30090 11727 29409 25080 510 8572 11780 19024 26353 22257 9716 18900 8621 11560 31059 4587 13836 4190 15354 7514 20690 25367 19438 357 25663 30818 29327 23094 29413 862 9747 22147
31928 8189 32563 9836 16996 22792 14116 20898 21219 20324 16841 14542 5966 26259 22567 17969 20723 6781 1817 4487 15785 25201 5701 31538 22112 17767 23374 660 23548 904 19788 23485 9828 30960 27769 2118 27093 7602 21036 30588 26237 18204 32012 29122 13893 3645 11645 21296 11502 32677 26207 22912 32351 30828 26104 2347 7997 21622 11054 28111 5053 20980 23290 14804 8374
20014 6681 2383 4859 16257 12037 19494 4327 4259 35 7030 10809 16687 16958 32305 6690 28509 27444 24844 28573 12048 15599 17816 4095 21015 31895 27822 18383 1452 10758 17 24023 26945 19325 32591 23675 637 8597 29672 1354 12929 22392 12466 8915 4207 848 8316 11450 19757 2816 26610 29195 1126 16659 24257 15821 7890 19953 9211 10715 10680 14681 20924 5103 18353
10251 5134 26880 7854 8645 9994 15054 26428 29553 64 21435 263 413 10073 15580 12445 7979 507 27216 27253 15434 5869 464 20272 421 3196 28552 15646 11226 26141 15653 6916 15149 17747 24368 16413 19326 12755 27802 7518 10360 11495 29848 3070 29196 5136 26289 25910 25885 5871 16660 18246 7293 17509 31024 11192 24089 29434 21119 13032 18544 2171 6050 18628 29770
25831 27059 1745 24230 29837 6615 30575 12020 11630 16658 7773 11652 31720 2656 27263 32319 25238 25345 29919 29589 20850 1300 12531 3510 30780 4199 29214 31237 6176 9614 27256 9929 6291 14130 1746 16166 25470 1452 19445 9037 19614 30930 6443 12527 2090 19473 29697 28663 29879 16573 16714 30584 15450 19108 3943 7908 4364 27369 21958 20352 2130 11536 19881 2580 23069
31317 18473 29927 1774 14146 9594 1514 10559 24448 20848 7476 30239 5102 26946 9134 12572 20208 28303 528 5989 13066 11166 1036 1584 10157 11498 31688 24666 14416 29662 14738 30541 27075 18141 11216 31527 31168 17029 15157 13849 15556 4149 14139 5900 3612 26060 26317 20363 1603 12980 4419 2269 27499 7712 5012 29809 4186 14993 21959 15232 5495 4767 13483 4589 16421
29430 13256 28784 23631 5535 2965 14835 23620 4737 26604 20540 10950 14631 27322 23501 25437 14275 18171 19208 25842 13171 2022 19607 29336 13764 22628 18699 22189 4981 24263 8131 15394 12413 185 11024 12823 17742 9074 20374 3499 2396 15407 6902 7698 26329 17631 13738 26344 7107 26911 11312 21700 27681 32616 21354 8209 18826 8839 19525 21017 5094 32590 27289 8291 22393
10890 848 4671 11293 4917 26059 9375 6606 25836 1153 24616 9836 28323 4329 5513 28861 24983 3739 13324 31922 31876 8626 28266 5355 30488 7284 8676 25980 16808 4149 13199 13298 27939 25976 22512 22673 20292 16216 30920 23776 14091 11814 11569 25448 17773 30036 30698 15544 15947 26769 16368 19884 26017 9270 14158 10991 15616 9441 9269 3519 13630 607 16463 1520 10348
20944 8785 3380 12296 29445 26064 24473 11124 19757 1365 15699 2727 16049 6835 31164 12579 17500 31128 31641 1318 7103 22627 4767 32549 25812 31541 17974 19830 1761 5451 380 24653 23711 21643 16525 29161 27548 19292 8962 24335 10974 11451 1975 25528 7369 3724 5586 4103 16451 9773 22272 2429 7445 13137 18178 27760 28564 3340 31849 25017 14210 1322 20125 15534 11823
5573 7460 13648 26595 3351 7201 4805 9344 11148 18971 23048 4964 26651 29440 21727 3725 20183 25706 1293 4352 11713 14112 22473 27755 993 20960 11632 521 26261 2396 2423 710 20776 386 32419 31396 4774 13312 11132 11101 19951 16392 23295 31306 16395 26448 7571 30083 16573 23646 28222 13384 12635 17922 14361 5791 19932 7204 20481 10303 5171 16831 13968 10925 13788
46 13899 2725 18356 18343 12829 17595 9229 22789 14341 32066 13058 15562 11275 20333 3336 11108 8056 6068 11206 19119 10310 15737 7463 25788 19670 16364 27821 31697 22497 2604 14088 24496 10417 21167 7143 10268 21393 2531 526 14490 9858 7189 25000 12661 26159 2707 2271 29188 22307 8205 3755 4143 26426 17473 26599 26928 2901 13016 21162 12183 9554 6538 3028 6801
1596 24969 743 6761 24766 10269 25 13903 16350 10891 28839 30553 21992 10556 19819 1223 14247 1563 20401 21899 22491 8767 26695 6921 22248 16074 11475 18715 31436 25873 12137 24408 25427 6653 29789 22422 20110 24753 31318 23981 385 20588 2212 13438 10524 16817 14292 27700 18285 22182 26753 19914 275 25275 7277 8142 24310 30091 26064 10340 22581 3335 24815 4237 14432
13009 27633 3241 13800 2278 4334 28219 19667 2432 22090 749 12724 32315 26945 25812 28891 29302 22210 8180 3529 9468 18049 20743 14055 15588 27720 8570 24951 17845 9101 17593 25034 14030 26954 23212 21427 2565 10249 23425 26429 9615 2622 28845 26009 7456 18138 24365 602 3666 7197 26386 19685 7243 27820 15420 22050 20122 13027 31846 24184 22371 15980 18019 8185 1212
28689 22182 2265 24918 26574 19720 31269 18528 22827 32710 24241 28840 31177 32713 11859 13060 15930 12843 12622 4080 22805 8950 6161 14456 12362 29999 15138 7769 15540 5139 5973 20323 2029 2464 23105 8225 15462 7767 4852 27068 31671 9793 23270 24349 28467 7984 2860 15698 18112 1095 20974 23347 6630 31420 15387 23621 24357 15325 1883 2782 28044 24657 20550 7562 15495
28833 28883 27566 22009 24311 8979 21867 11914 20005 15391 25285 22595 18920 4943 24069 17240 21614 27052 27995 324 27927 26024 28616 15899 29817 30477 8507 25628 4518 14132 18939 7558 31921 6519 32068 10414 21102 32744 11061 12877 21882 2116 2538 10782 16507 9506 6629 17833 3497 22384 18866 9561 22414 7200 31946 20437 14089 25119 31161 30605 17049 7303 892 16019 4824
17685 8749 27821 28742 25309 24290 19368 3656 26940 30418 7663 30577 783 18873 25436 3839 7714 1918 24653 19369 19180 24851 6907 3992 17529 16542 17159 16819 13479 19670 14166 3103 2197 15279 7711 25606 26969 14393 17218 16024 11505 24517 12508 5968 21372 6731 13848 11129 25771 21000 20552 3824 16754 20075 10804 32299 15875 13874 9649 4474 6140 31953 9078 13709 7391
16147 32044 3383 5316 21251 26052 8305 17738 3853 9229 31906 8403 3169 23430 10782 30193 26776 22385 6892 13083 19098 3112 30412 4773 11967 17076 26744 17135 15924 8860 20523 24284 13729 3579 32608 19077 7944 981 25052 18479 25329 31915 14318 22907 29892 30029 17910 16605 7798 7152 7460 14159 12135 21376 24962 10823 4747 312 12597 5606 4041 22639 4352 20338 15520
6325 521 21510 24592 29214 9440 28552 19896 990 3517 20444 31804 10518 11785 22615 23273 2030 30496 18807 10908 5860 6742 4305 24031 3172 2616 21834 17494 27800 8468 5002 1370 10625 4283 24238 11747 2375 32645 6461 21931 18125 30358 14942 8080 8329 1376 29512 6458 18835 15977 18681 15871 28923 29006 30251 8451 21344 17929 10628 676 2750 7535 29709 21781 4232
23292 31717 29768 9719 31699 18231 5394 5793 7937 13161 12170 2381 25346 27798 26802 21254 15494 31039 16217 110 10869 11837 63 2389 27440 7930 17787 25226 5914 24033 1306 25073 17495 8467 29449 10454 6099 8028 14901 2177 26502 14693 20720 5387 20983 17195 27799 23152 28415 431 22641 26596 32208 12528 13275 9579 13365 9750 23458 10148 4892 25072 689 30181 25681
10144 15852 30349 17804 27541 1883 30102 25774 11962 31883 31082 20808 6637 23601 23032 1885 28083 1809 19974 5993 6698 2078 25289 4001 4927 26595 4531 2685 13600 20257 26764 1652 19701 15546 30660 27398 6603 21197 31496 24320 22992 32547 28691 21500 14278 714 4039 27431 11442 7423 23932 5959 10708 23890 16536 8188 7900 24836 23647 27205 12379 32692 6669 10823 12920
11066 6434 25162 15332 1748 31230 21253 25872 31104 13997 16667 1949 16296 32260 13285 4628 16388 17645 4466 17367 10173 511 15308 25943 4558 18258 4989 20616 15792 11921 850 23954 6454 19280 31071 1994 8630 6048 28995 24288 24681 3809 29614 6233 1556 27352 12064 21824 27112 14082 3571 28697 28583 11815 28059 26391 6409 5681 23341 13967 18014 3647 31006 14251 27252
758 29261 22371 13755 15639 7748 14761 31911 15959 15035 7396 23894 24683 24158 4512 26739 27234 2257 23172 20826 4151 29680 2180 27005 4263 2651 10072 27398 25920 10034 3628 22206 14523 797 10393 26925 6027 29328 19412 27395 3766 22861 27685 24758 11492 30506 18075 23917 6581 29204 21247 32029 14168 16724 4614 18929 602 24081 3018 4336 9147 23830 4731 27098 26951
21974 7506 30290 6179 15021 20423 7234 19879 1641 260 16252 25195 25353 22425 16029 933 11717 19825 14135 30386 31822 12293 21807 15090 1878 28879 12643 32217 7763 23042 912 5443 2176 31608 11124 29704 30501 25580 21807 19665 27929 31337 15599 22314 16261 3074 21964 27352 5098 25028 22513 25964 32614 29417 31229 3608 11059 1870 22953 27586 8816 24104 22442 16727 11556
11506 27353 9314 23680 2730 11921 25053 11364 6972 12376 9542 24101 3903 16578 5622 28814 19423 19347 24239 22820 20250 31524 21364 25262 9264 11016 10653 21749 31828 28142 30250 18889 16296 10953 26200 21316 10856 5423 26226 22355 19045 1279 10986 17521 28854 28999 20392 950 27562 4709 418 19473 7425 28524 26285 15058 16475 23241 14226 21867 30192 8742 16485 22647 25986
30094 15122 30715 3472 18898 14393 29932 4813 14892 2620 11250 9168 11555 26262 364 17677 16558 12654 20148 6404 16796 10091 13476 30904 12851 22987 30553 28771 9240 12463 18230 29800 26991 26553 6956 25225 24898 14553 57 9050 25383 10596 559 32757 3613 11623 4535 32752 32440 5434 2965 25484 12414 31064 17710 3631 3728 6253 16967 29973 30605 23473 30735 26178 14515
30069 16736 15291 17479 19963 26690 20213 10039 12939 26801 16526 511 31427 20640 26683 2249 6191 24893 258 20184 17434 21879 26025 24870 16291 29117 29038 29772 23059 16649 22776 10659 12653 8990 3982 12201 24903 4110 3207 16806 5081 13566 1281 19087 10580 20013 28118 12074 26997 25139 22988 883 29529 17031 2060 12095 24467 30020 14038 17951 18556 27693 3698 5767 11466
11502 14442 13359 24676 20133 30454 442 32629 28832 20664 32150 6079 3688 9385 22051 31795 21759 14932 2327 30398 23911 8770 4641 19557 28771 31413 27852 18324 14210 27801 28071 15539 32600 29879 13987 15611 28431 19756 19132 27528 22815 2841 1243 10415 2393 17565 30203 1937 13354 21248 28299 16880 27422 1329 14100 7746 15011 22131 15388 31748 21776 32083 12618 31313 28389
26333 28619 27827 12372 29199 5107 4665 24577 32654 7720 17098 11015 10648 6908 1720 11835 14394 5785 19608 9396 9667 24418 12626 24459 18296 23511 3700 27359 28297 30649 17100 1052 5444 27759 26933 17789 27785 26793 29105 10960 23934 23363 20664 21370 21379 25964 14544 9658 25193 14343 4702 14130 7390 24657 9660 7843 12076 18373 11147 4856 4644 27453 14155 31622 27220
3417 12329 21906 26497 26660 19479 4883 14417 8693 16674 22202 26183 2452 8448 12592 11764 23966 4841 17311 10092 9003 24489 27507 21240 20397 1010 23394 24074 18972 15606 17833 13430 1872 17205 31641 12766 17838 10132 9811 1902 11270 1712 31952 10698 20412 1649 6948 23365 26150 20962 24323 9812 9526 1856 28036 23618 5977 19537 17957 27685 26270 31990 1807 9744 25371
10244 18076 16010 18573 20048 9751 9791 1854 6153 451 2550 5164 29771 25118 3779 1127 22256 4710 7806 30651 2218 93 22643 5775 15695 18762 31323 9997 25715 6208 21900 32131 26684 14754 9324 19465 20082 2023 21547 5477 28630 5531 5810 18219 14773 14502 20694 16169 11708 23249 14546 16385 5134 13190 14580 6424 5012 20183 27286 1455 9364 1475 15696 1872 4486
19380 7788 16236 31267 30027 13466 3138 3262 23648 997 27906 27095 1349 3558 28979 26094 10571 16952 14162 7573 19080 21292 16060 4041 13527 17085 4302 12930 4127 15302 1354 13705 26585 2930 9724 26506 19404 20212 30110 29034 28187 10617 7674 23514 25218 5723 18766 4909 25309 11160 10996 23910 15594 24706 31554 30358 19791 11448 27312 18277 11231 4948 20536 27118 27929
28262 5891 28880 7409 3746 12097 9345 22228 853 1625 10982 7910 7838 19010 19745 24718 2522 31792 20395 13876 32352 5748 4258 24137 30319 18845 24676 392 27236 5348 18524 11900 28208 15815 13340 11843 17162 27379 12460 5777 12641 26215 13858 15608 16149 19159 12147 28518 5606 8270 13449 5615 11821 11288 10902 8652 4554 30687 16039 28068 19293 21524 28284 29451 21945
22929 5015 31049 8085 11900 9363 8540 30597 4718 8375 29504 29737 30164 22987 20589 11428 8342 4138 28578 21840 11255 5401 17889 5297 21437 26455 186 9383 25233 32246 30157 5095 15784 13672 11147 15275 21411 4829 24380 15785 29364 20941 11334 7746 18947 28624 14508 20221 6736 10934 2773 15667 23001 9428 27791 14604 20350 9116 32595 18602 26915 7281 26059 15267 20822
953 9873 4789 2097 4659 11322 4021 898 29834 1683 457 6698 6443 20778 8663 16067 4180 25360 4925 19846 12910 11230 23747 29035 157 25078 28109 25745 29589 26123 982 4065 11439 32740 1049 19951 15676 22620 7569 21792 30745 21678 18212 3346 388 14063 28188 21304 4397 10204 26838 29381 6800 3542 446 21452 20355 21803 11899 9637 12555 3479 18278 2194 8820
267 21313 31394 12961 10156 15142 3030 4000 7455 31421 7555 22657 31492 8370 12535 16745 15552 13158 2399 15842 4224 19941 9449 9589 14715 2329 20773 1659 26487 1341 24241 6960 10126 10131 14357 5385 21042 24666 24556 12872 6767 3323 6725 20941 8816 19075 17736 31023 14661 19541 9501 267 9699 2849 9993 23452 9068 24592 24538 10636 29361 24641 18822 4362 9462
3193 1039 2845 1013 10518 7593 6968 15141 21061 9759 9486 9787 8309 4467 21671 26865 28940 11717 19636 13319 10072 12405 3872 23432 31176 7820 21479 8783 8028 5208 16939 24265 29018 12375 16261 23805 21827 9559 18841 8649 773 14298 3565 29550 31602 10943 13307 19279 17137 24351 3460 5365 13427 11126 8488 24151 169 11779 17204 23896 11637 7793 12475 28306 10654
25270 24808 29010 18631 27452 146 9443 15266 6718 19473 27408 22625 14966 15184 5092 18285 18677 13348 5812 26715 5714 14044 23648 796 774 14618 32469 6515 23319 8929 8662 27820 5364 8686 18685 2956 30624 18252 20220 31876 27667 8995 25129 22569 32222 21201 10810 26601 20237 13627 31564 7414 849 14693 14891 29575 26207 31553 21965 5696 20883 8901 31263 21998 5337
14656 24581 18808 26317 26862 24219 10771 8225 23242 8642 16308 17983 9891 10712 29131 10544 2418 30918 20526 6333 21995 4160 10323 29908 21330 9544 31427 7469 32400 11508 25803 1068 24966 9842 21109 26890 29857 17993 3255 32048 16047 26337 30697 30947 9969 25158 5756 25382 11633 14633 9194 4316 32149 11048 23529 7982 3829 9295 16868 27948 18538 9182 31915 22711 22887
76 6762 17054 15757 11405 20696 7687 7801 25233 3504 3857 2017 22285 27493 23735 8671 23165 24082 14840 25996 2922 11439 10804 32721 32232 2699 1242 22138 31844 25846 23616 25484 17820 14654 19410 23257 27631 1758 29039 19921 14807 12785 5648 16795 16308 27117 18859 27493 28363 26765 30295 1784 25998 7439 11952 31631 20766 6048 15229 17129 2062 18709 11408 18077 17002
27355 28910 10158 4855 9009 14896 9311 1469 14740 12073 4168 1987 28539 12745 4778 31770 20805 15425 7936 8732 4976 6504 23510 12534 20491 31838 27614 19556 14446 15215 19777 14012 3880 12858 17203 25646 32313 3858 32202 21322 7554 4004 29712 20162 15737 28890 9303 31858 18977 5632 11980 23965 23098 11046 32335 9338 16052 18117 29570 751 9834 20133 17952 22172 10765
9213 4241 22043 21598 23261 14779 9094 31393 201 12570 26682 31054 13990 12563 24027 10505 8667 31621 26777 8148 30896 17570 9905 4740 11769 16381 6454 27249 32761 995 18961 25458 28289 14063 4935 17929 23640 15321 27514 4570 24543 20367 23475 11362 1781 19847 606 26597 4633 3667 18326 30376 27342 5238 9891 7777 22852 31606 12481 16364 15668 23858 11555 1855 19980
8566 31288 22432 9804 27597 5165 18454 7728 7062 25779 17437 14735 4698 16386 9373 11523 13405 13086 21789 15946 22387 1881 22836 1004 5141 7961 17985 18462 11444 4059 1372 4839 32589 7544 29069 8065 13630 31399 9787 16642 9560 29380 4583 31292 7221 24784 8474 19681 32460 6072 5531 1003 31554 8154 24038 32058 15364 28101 218 13951 20754 30272 29106 8538 17310
17295 24630 703 2005 28657 22834 24990 16637 10605 19240 18627 3008 8910 17218 24571 17095 5613 30346 8312 29067 15150 27485 10358 26984 23117 22301 29215 11508 22619 1063 29100 9614 26371 21509 24270 22330 14610 12772 11596 1708 24631 2376 30957 1442 14342 5374 26776 6519 579 6739 19642 12277 6238 25731 31976 22124 22074 5236 14534 9984 8754 6308 4135 8263 13918
24928 5749 6932 3858 9528 25940 21133 8872 18863 12930 12932 18048 17463 32001 24580 25924 1884 5497 12329 27249 20543 1496 309 1811 26694 7227 10721 13264 12050 7441 29425 5159 177 24701 20235 7930 19477 24317 17609 12362 28101 29002 16141 26691 8915 18303 14229 31608 10254 23420 28623 22639 22904 25229 11246 18016 26107 583 9277 24890 27479 19635 8371 5863 3679
18351 29384 2513 25445 912 16776 31909 15091 1292 23526 11095 9916 1624 1362 13670 19153 21389 28814 32097 20248 18000 23741 8618 1275 9394 2237 29306 5469 26453 28854 2341 19154 10961 2547 25759 19471 20565 28913 12095 23199 4498 15798 4548 27096 3028 29284 14230 8718 1650 14350 26702 9222 30825 24010 23159 8365 4420 19976 9110 6410 18751 28194 26985 23154 15531
7220 14445 2811 22164 16173 9122 23091 3746 7462 4498 10769 15933 27635 23184 17451 20724 20472 7230 28458 21536 15678 26194 30843 10692 28359 9369 1608 25272 26654 27196 17831 1031 13617 578 18705 15253 23651 26966 11029 18437 14046 5322 18765 6105 8998 10973 11154 25563 17908 4153 27500 18620 19777 28352 12236 9212 27041 6536 4350 14345 29138 29220 30937 23467 25749
13094 21305 14495 15548 17377 8879 23939 19333 31092 19830 9970 3366 26884 13993 17391 11177 12104 30644 22919 9210 20811 19977 2482 16703 6765 4372 24955 25191 7083 17520 29280 15878 12321 6747 6908 6240 10957 31335 17123 8131 4502 24691 3534 25371 2445 10202 18936 5824 22642 5866 7623 7058 8058 16024 14511 31816 13135 625 2900 21765 13657 23764 19182 22828 21052
13151 17394 27510 18850 20391 16367 31810 9018 20524 693 8748 13569 9612 8893 8416 24256 28662 16581 21041 7893 20706 25275 9573 25655 1279 30172 10451 16821 23149 15389 20913 26238 22317 10442 30247 32742 9174 28781 11687 26727 3721 20465 2945 18406 14886 20231 26546 2360 19904 457 10749 18661 14415 3485 19262 8492 23717 30045 250 30535 14756 28853 18234 11760 25261
21196 15514 24867 23643 17446 1181 3878 12658 21449 9283 21191 21522 9118 3294 4837 7985 13339 18721 19249 3144 4895 122 21046 29003 29213 17570 16535 23263 26493 23922 23960 22216 24383 1784 13536 17056 32482 21962 14718 29391 132 13722 6697 17847 18762 13835 10956 30511 16130 6595 1858 18483 8455 23489 21341 20185 26725 7921 15406 647 29502 15358 7808 22628 32621
24936 30374 1036 14440 31190 32119 12424 23659 19629 5782 17789 15571 3297 29687 3235 7624 18956 4766 19321 14622 30653 29866 9528 26749 32530 15507 22789 15040 3721 3504 12394 30876 7187 22012 12807 23682 19818 25881 27781 454 15013 29845 28108 20224 16138 1389 14966 24499 19491 14031 22915 12588 29460 31268 18510 5805 6187 18510 27327 14539 1209 15406 19395 9237 19232
13930 16889 10998 12590 28269 19631 7901 5289 5295 15628 9370 32299 27190 32654 10252 22064 29021 6584 13049 28782 7124 12292 11069 24933 6632 10271 15399 21046 12036 15189 28448 18104 12152 3402 14221 2505 2938 6892 30199 13282 2922 5541 13929 32751 8539 32469 11802 25181 29646 6015 15436 5748 1472 30787 29300 5607 8168 25996 26523 11945 24378 13322 23300 11011 3247
20835 27151 16356 8776 17701 23901 13688 8529 15872 20789 32251 7651 32562 15655 11984 9132 16962 7919 4045 22514 24817 19612 13530 31958 23406 12785 21946 14806 3785 32011 22568 19862 12202 32324 16422 3296 23875 16216 31378 21225 24707 5574 13818 18134 27532 13433 15793 6782 28008 168 2850 9842 19959 11771 357 1851 9772 26095 1808 8162 18553 32379 29264 9654 11656
1012 31544 6473 6444 6702 10328 20668 2967 30948 27026 30524 21197 1881 21801 9677 20569 23360 15131 31046 18238 7897 689 18845 17968 8798 1620 26213 516 7325 24994 31893 13414 24294 26049 2443 21194 39 10227 32593 12709 17238 24171 32286 26588 15631 32608 18208 1660 31871 22111 19576 30893 15232 997 647 8161 23045 6957 22120 81 10425 21063 28093 4522 18147
