80 77 166
39 3 105 10 27 5 38 17 27 9 142 23 45 151 6 129 117 1 3 53 93 16 45 4 46 18 6 54 14 62 102 131 24 45 23 140 2 123 25 25 12 30 37 69 71 21 6 43 15 17 76 38 2 53 74 85 12 6 10 8 25 79 2 28 1 64 63 19 79 31 19 132 24 108 47 45 10
18 31 20 119 56 35 26 51 6 44 87 19 41 17 25 27 15 94 36 13 41 30 3 19 2 63 40 12 11 3 3 34 112 2 21 90 5 4 54 22 36 1 16 87 10 2 9 2 24 29 11 51 33 44 14 8 1 126 22 6 38 2 7 59 2 6 3 41 31 99 59 15 20 78 15 55 69
61 8 51 35 51 23 65 42 85 2 9 80 42 11 22 11 8 12 4 29 67 16 96 3 4 104 14 22 13 38 64 59 38 7 1 10 19 133 6 86 16 1 76 58 40 17 104 30 111 10 3 43 32 95 17 9 84 29 32 6 12 70 39 73 18 32 24 34 44 92 46 89 54 1 5 12 2
7 12 117 6 36 70 16 47 5 2 107 27 1 2 32 45 33 49 54 16 10 66 7 9 31 8 50 72 3 52 25 55 21 10 30 11 27 70 20 28 1 35 16 51 13 10 52 13 28 19 105 115 98 109 20 117 24 3 20 24 81 80 36 41 26 17 2 52 33 137 135 6 51 160 75 78 132
116 8 54 22 68 28 21 139 10 79 19 20 38 92 14 28 55 2 34 8 39 77 16 4 10 45 3 42 50 3 2 5 67 15 63 28 32 27 15 24 5 10 21 2 17 40 13 86 15 22 6 4 14 15 33 5 8 13 1 56 23 100 13 73 121 15 9 9 18 2 1 6 111 32 42 67 53
38 1 25 126 82 35 31 23 117 3 4 47 4 65 102 14 2 70 3 22 21 24 3 9 7 97 73 1 14 153 70 3 23 2 71 16 5 30 93 21 59 42 165 11 74 21 4 49 144 22 37 61 21 3 41 15 18 90 15 62 16 89 19 21 112 97 21 114 111 4 36 16 114 25 58 38 55
14 30 29 4 150 21 108 6 58 86 108 11 7 3 1 9 17 8 45 26 25 81 22 54 39 5 1 25 5 71 10 13 127 71 15 7 159 32 25 3 3 85 16 4 27 5 27 111 16 93 1 13 33 9 10 27 7 11 7 52 23 3 9 11 44 8 147 19 46 121 5 8 37 99 9 77 144
88 31 95 15 5 6 17 38 93 30 64 8 72 37 13 34 82 99 76 47 104 131 29 128 8 3 62 3 30 35 41 26 44 1 14 36 8 3 2 126 5 1 1 8 2 9 88 8 49 37 36 34 3 3 27 13 36 27 6 27 17 72 25 12 2 88 33 97 32 11 21 107 40 12 14 31 32
6 5 11 14 27 51 74 53 6 62 143 1 43 127 50 7 98 18 30 1 21 20 17 11 39 1 15 58 14 128 66 31 11 18 31 35 45 116 55 44 31 28 65 75 17 109 29 42 136 4 14 85 15 3 45 2 1 25 2 48 7 48 12 56 34 104 144 43 16 63 23 16 30 16 72 44 49
43 46 93 26 34 8 47 56 20 145 16 96 9 7 11 15 20 38 4 122 7 7 4 13 16 3 41 19 25 84 38 44 82 3 1 34 2 36 52 70 3 3 10 39 65 2 3 9 68 30 71 83 32 89 42 12 33 41 30 16 48 80 10 40 40 129 95 2 35 72 1 34 5 1 23 2 27
56 7 26 103 2 5 28 20 1 23 44 75 25 33 61 22 18 49 56 96 1 10 5 104 16 35 3 8 17 15 30 104 16 16 67 28 29 73 74 2 17 14 2 28 1 7 15 74 55 18 47 25 7 32 8 9 102 46 13 18 22 26 32 51 27 22 87 63 94 47 63 2 2 14 34 2 8
23 62 82 59 10 115 17 50 46 19 8 84 15 15 58 97 145 105 29 49 29 16 69 10 10 145 64 9 3 39 30 3 4 21 23 4 28 54 29 94 7 33 58 68 3 8 79 34 60 4 39 1 25 35 13 23 1 31 14 47 2 17 76 5 1 124 107 85 23 151 10 126 42 1 32 60 13
17 27 8 43 18 15 59 30 39 6 3 1 50 23 25 80 32 10 8 14 144 11 114 23 41 3 10 30 18 68 45 44 11 21 25 4 2 64 7 2 15 40 41 15 11 20 71 34 22 15 3 30 70 48 73 146 63 56 33 14 7 21 104 45 4 20 117 77 11 12 37 79 47 86 42 101 30
34 75 40 1 87 108 77 51 56 59 18 51 28 16 141 1 32 109 91 9 6 8 29 18 2 81 12 7 20 2 6 8 5 29 14 1 28 16 3 6 5 25 100 24 55 57 42 43 1 123 51 41 34 67 57 31 3 4 49 42 73 3 35 26 25 40 126 12 25 22 28 7 8 20 55 29 109
14 112 8 44 2 11 48 9 83 105 27 108 2 30 18 34 41 9 139 36 121 27 65 22 17 6 55 16 17 50 17 43 42 62 21 42 2 6 33 33 27 32 65 128 27 63 63 17 106 51 17 53 22 70 2 76 148 6 157 28 10 1 101 12 12 77 7 40 63 8 29 11 37 113 5 39 64
16 2 42 56 11 33 5 2 86 148 73 22 46 2 70 25 12 51 3 58 31 143 2 1 55 43 21 24 2 7 49 10 10 14 72 91 3 72 132 58 10 17 9 2 64 23 14 9 8 11 2 73 34 101 10 10 24 6 99 14 22 2 8 25 42 66 137 116 4 92 122 26 106 1 145 23 10
12 53 28 5 89 19 86 10 28 10 33 8 1 2 19 20 2 2 25 3 31 16 10 101 36 123 10 8 21 32 2 3 10 74 41 3 15 55 24 51 2 66 2 134 10 108 27 4 151 48 57 25 46 23 9 2 11 4 46 2 58 13 12 19 12 91 13 1 59 11 3 42 68 3 104 31 14
2 9 20 69 47 12 44 30 56 2 8 42 4 14 55 11 14 14 4 19 9 44 38 11 45 4 8 21 32 17 21 25 32 6 3 16 25 16 98 23 139 128 102 4 7 74 71 3 42 113 44 125 151 2 15 34 67 22 9 45 54 4 33 11 18 79 45 15 46 22 77 2 54 77 22 42 7
18 25 17 57 16 138 11 7 30 23 7 10 48 29 28 105 13 81 25 37 74 11 57 15 13 5 2 53 116 75 113 19 7 5 19 100 14 33 119 2 13 27 57 2 84 53 52 27 139 4 13 4 140 55 19 101 30 26 67 64 108 4 47 49 90 13 16 53 3 4 7 31 60 83 14 3 10
92 74 52 97 94 65 88 111 24 21 64 14 4 52 11 73 101 24 49 85 4 2 104 13 8 80 9 17 83 59 70 33 18 27 5 2 30 57 37 31 24 29 108 88 53 16 12 12 27 7 15 49 3 19 98 155 68 22 31 61 51 17 5 4 77 3 22 14 12 47 19 33 16 42 31 17 26
88 54 47 16 34 24 17 124 75 4 94 13 4 71 60 42 9 36 28 30 9 15 8 20 26 54 66 28 70 25 87 19 60 7 85 30 38 41 13 22 3 10 96 38 159 100 57 66 13 7 55 63 47 12 14 11 6 24 26 51 50 61 69 9 71 4 46 18 34 7 43 34 26 100 18 4 8
7 23 2 6 74 30 89 9 26 153 13 116 46 16 10 3 22 45 19 129 4 61 96 21 123 2 34 7 4 5 31 3 13 4 19 43 17 70 6 50 20 3 20 47 63 5 10 87 59 29 28 17 35 18 93 22 101 135 31 74 46 4 9 19 43 31 29 15 65 37 27 36 116 27 33 83 86
4 54 7 98 63 61 95 62 19 19 77 17 5 23 9 40 67 129 65 2 2 96 93 5 72 42 2 28 42 117 7 58 8 12 3 2 100 60 23 11 125 3 10 48 58 35 12 53 4 17 86 54 40 20 1 34 140 23 5 65 50 1 28 13 45 10 16 29 138 35 15 28 150 79 44 60 10
41 3 111 118 7 39 13 34 13 15 6 83 86 4 29 49 13 8 9 53 53 13 11 8 33 48 11 30 120 10 31 25 13 60 11 45 22 1 21 4 76 16 28 82 2 24 11 41 10 1 14 77 4 22 3 21 16 7 47 63 36 63 3 141 14 24 63 3 32 42 17 19 3 11 16 3 44
19 71 38 45 1 87 60 40 1 135 11 56 19 45 16 147 71 5 36 19 3 75 11 55 5 11 154 90 5 34 70 5 14 9 63 34 17 19 94 7 27 12 21 66 128 6 35 6 11 19 62 66 121 8 2 8 17 73 105 59 49 15 4 1 2 25 57 16 52 16 80 53 5 37 109 32 3
20 41 7 82 102 5 2 6 25 14 60 2 62 81 12 51 33 36 3 5 90 2 74 27 12 24 22 49 4 10 78 41 8 88 13 80 6 33 32 69 101 56 22 12 69 31 5 42 21 17 43 3 11 16 4 8 21 12 104 4 43 26 17 14 86 4 81 40 23 1 44 91 3 12 34 25 5
45 162 68 35 4 37 56 7 49 19 67 78 13 24 151 23 8 59 19 7 127 17 66 43 11 144 51 12 16 2 37 4 68 1 1 16 55 4 110 63 5 59 10 16 10 131 51 62 93 20 89 118 70 9 19 102 2 10 11 70 61 5 23 23 36 52 6 26 25 1 25 29 54 6 22 85 45
8 18 61 110 37 35 2 51 15 27 38 25 25 5 28 1 64 1 61 103 8 6 34 4 12 7 29 13 28 12 3 22 37 20 39 4 32 103 3 9 69 9 2 4 76 81 55 22 57 24 61 12 59 2 82 3 83 56 9 69 14 6 24 5 23 136 23 1 58 75 21 3 58 15 22 14 7
67 8 9 24 164 46 11 103 113 14 2 56 29 70 21 11 71 76 5 82 2 113 61 15 12 39 4 24 11 31 4 129 72 12 53 49 59 79 21 114 7 16 25 8 40 10 11 62 23 101 107 38 56 84 70 78 34 8 29 95 21 31 1 20 40 76 26 2 19 49 6 9 28 14 33 12 14
52 51 40 75 80 24 145 44 67 47 2 3 28 27 58 16 95 20 3 112 5 25 2 21 26 56 64 8 52 20 111 21 2 34 62 37 1 80 68 107 20 1 89 38 24 101 64 4 24 1 2 45 52 24 65 98 18 23 6 22 58 4 31 134 52 38 39 3 5 66 26 8 151 11 91 1 42
5 10 5 11 7 74 10 27 28 10 36 47 91 8 91 16 6 81 26 21 16 2 16 53 27 74 25 10 76 8 24 15 2 1 30 9 81 135 5 80 41 35 91 23 133 121 28 38 89 87 110 55 2 4 144 36 34 36 51 31 4 2 107 84 13 37 140 85 92 84 20 1 21 44 62 30 65
6 104 3 3 17 149 34 144 120 51 10 85 72 55 23 75 117 16 66 25 25 21 29 1 74 130 27 48 26 2 16 31 4 116 25 41 71 50 34 144 10 5 63 24 32 7 10 18 34 51 84 21 3 15 60 12 25 5 12 28 2 12 39 19 11 10 109 24 64 21 23 12 89 1 131 9 20
38 24 51 150 52 17 49 66 23 13 12 17 95 17 92 47 45 100 17 22 150 12 39 38 36 13 20 5 15 132 19 147 5 40 31 1 32 33 92 47 24 2 4 99 41 27 18 33 52 32 1 8 61 81 118 20 10 38 98 39 24 43 22 24 2 29 108 78 21 31 22 7 7 9 19 106 44
36 11 48 25 12 25 35 21 11 12 6 10 61 71 65 84 34 51 43 19 13 12 142 41 57 140 69 52 66 67 2 18 37 67 45 22 8 60 37 62 17 14 95 20 3 33 4 9 26 11 61 100 27 63 60 17 36 84 12 134 38 5 35 47 11 5 52 8 98 44 14 29 77 36 36 52 8
17 2 42 95 148 44 77 8 2 14 36 18 56 19 38 104 40 6 17 9 4 20 57 133 19 10 25 55 37 26 51 28 2 64 41 103 34 14 42 77 5 31 18 5 8 43 79 80 8 9 5 50 40 26 82 19 4 21 3 33 3 15 31 2 97 4 35 10 37 2 18 24 24 2 5 43 2
7 139 20 79 50 114 23 42 5 21 79 6 28 28 100 5 8 74 11 35 1 42 30 23 18 51 28 1 39 6 7 7 129 38 53 61 47 21 9 37 31 2 20 98 46 17 9 43 60 45 19 138 4 31 6 1 16 21 30 22 97 21 8 59 70 52 25 83 27 148 16 4 96 49 111 26 5
121 73 41 4 37 14 2 113 56 155 61 5 9 113 41 11 18 62 9 16 6 5 34 131 31 50 3 75 85 4 8 21 77 5 12 77 6 47 8 31 69 25 1 24 39 55 18 53 48 128 10 30 14 112 30 1 3 23 29 16 18 24 2 24 28 59 46 65 3 50 71 15 39 7 6 1 13
6 100 1 2 36 2 62 2 130 104 6 72 5 4 27 5 106 81 33 18 47 58 74 39 2 83 9 7 45 25 78 10 2 16 134 34 40 21 8 1 42 9 6 23 16 10 4 9 19 3 141 26 24 41 17 5 10 1 90 5 47 30 64 52 70 86 11 1 82 121 12 2 23 9 40 18 48
12 48 21 49 1 2 60 116 15 8 3 101 96 54 9 46 74 27 26 103 14 23 15 27 24 31 18 26 19 89 2 53 11 5 57 10 122 10 53 45 19 124 110 142 25 25 89 22 48 3 6 58 54 36 12 2 9 68 131 69 45 47 5 88 15 41 1 18 19 2 23 5 10 38 61 4 15
128 68 26 44 4 135 55 5 2 52 60 28 127 62 53 52 52 133 73 15 18 14 37 137 17 98 34 124 15 42 19 32 21 107 37 57 76 34 21 60 25 51 5 10 59 66 36 124 11 138 40 11 23 2 22 31 104 4 75 18 13 110 29 5 7 5 9 28 19 84 3 22 15 24 15 125 55
37 8 13 1 13 13 46 37 32 27 48 5 85 18 5 143 30 12 3 52 107 32 8 21 20 18 2 29 3 135 5 35 3 52 56 122 21 9 83 59 22 18 81 13 10 19 3 23 1 111 28 81 100 1 74 41 80 24 7 4 14 11 1 25 6 66 45 16 6 92 56 13 13 6 27 39 55
19 57 56 91 15 5 144 21 53 34 28 70 82 52 84 43 77 33 4 59 19 15 65 16 12 68 6 32 64 4 23 46 11 27 28 113 38 18 98 26 13 5 112 114 19 79 41 9 62 89 6 29 25 106 7 55 105 15 12 31 17 21 127 4 13 20 7 9 49 111 16 4 108 64 128 1 2
27 81 86 56 31 5 62 22 3 8 67 31 1 60 29 49 26 8 18 3 30 74 27 12 36 9 35 15 11 17 47 19 1 110 71 43 29 102 148 33 43 109 31 104 113 16 25 6 27 17 29 56 57 82 2 41 4 107 23 52 78 35 5 76 34 4 1 24 4 19 2 154 25 83 62 69 33
84 16 34 26 6 23 81 18 13 2 1 86 11 1 37 19 10 36 81 74 46 9 97 87 2 21 12 6 62 11 3 24 25 20 89 74 28 6 73 69 4 2 63 39 48 34 28 11 2 44 9 79 40 23 6 28 47 64 72 11 81 14 18 17 30 33 48 59 44 127 84 10 46 5 21 39 43
13 62 3 14 87 78 13 3 4 4 2 35 47 68 7 48 14 60 4 2 20 2 40 18 102 93 29 43 16 22 107 15 10 3 122 27 75 65 55 44 62 19 46 30 13 66 118 93 6 19 33 28 24 7 6 6 20 42 55 23 94 18 55 10 57 10 20 111 75 10 7 10 82 9 122 19 2
16 47 5 1 17 8 26 27 122 24 26 19 3 12 41 15 43 11 1 104 73 2 31 24 108 8 12 3 4 33 3 2 3 22 71 34 10 29 33 32 32 20 25 39 44 2 2 26 19 21 74 10 29 43 82 58 26 101 8 13 29 5 42 5 13 1 45 70 6 15 3 15 63 3 55 16 69
125 38 4 52 5 2 5 66 5 91 36 16 3 85 11 87 7 22 60 11 92 67 9 107 1 23 78 45 43 99 105 3 7 140 53 22 35 24 60 57 57 39 7 19 82 59 20 27 19 118 22 2 1 75 18 29 128 13 23 80 1 31 58 67 123 125 9 45 5 50 56 6 32 22 4 84 111
2 25 82 27 55 6 89 61 1 46 59 19 122 29 65 8 117 36 5 42 8 50 104 2 8 77 71 95 23 73 34 32 116 15 8 26 41 5 17 28 9 1 3 20 59 32 10 59 5 10 9 9 15 13 1 7 11 32 29 45 58 49 80 59 17 19 5 3 13 49 21 58 49 3 58 15 103
23 23 26 39 33 9 29 32 21 57 51 54 22 29 60 34 18 37 10 44 5 99 24 60 25 5 4 13 6 92 11 4 72 4 13 33 114 20 30 29 18 69 109 45 23 32 19 75 43 30 16 29 115 14 38 4 3 77 15 4 50 72 3 14 26 23 69 70 2 24 50 26 27 24 43 76 1
25 6 15 56 4 2 59 46 31 17 34 10 18 88 66 16 89 37 147 55 8 18 36 56 11 13 8 28 8 25 25 4 13 92 88 89 87 109 110 13 31 22 5 48 17 33 78 33 22 11 32 32 37 30 29 10 104 5 33 1 123 45 2 54 19 63 60 91 2 7 61 71 50 93 3 5 11
1 72 79 91 22 137 37 22 137 38 28 40 19 3 90 1 105 13 14 9 20 144 67 117 3 64 56 5 1 34 37 28 1 48 20 27 18 20 4 2 91 12 41 19 112 50 9 16 69 40 31 64 111 24 14 58 127 7 2 10 43 25 104 8 62 1 13 13 77 32 58 8 5 60 5 109 47
9 50 98 25 13 3 90 14 59 13 10 58 34 77 58 102 78 32 104 28 80 8 133 30 35 20 38 45 24 27 27 37 41 19 27 62 32 76 14 97 52 58 53 66 62 38 18 86 34 25 31 46 44 88 17 85 7 5 5 15 26 15 60 1 45 35 33 8 28 31 11 70 24 25 41 14 13
1 3 41 15 26 86 80 39 52 62 27 55 1 26 41 6 19 42 25 42 61 10 62 81 73 1 26 111 9 3 3 120 53 33 104 52 43 40 12 129 52 11 84 121 27 67 112 26 61 5 126 51 61 13 4 50 70 44 19 7 79 77 112 37 29 116 15 9 7 5 44 4 1 75 15 3 62
2 45 130 36 58 14 80 55 7 1 57 58 48 36 24 1 30 41 51 33 56 37 26 84 120 20 82 64 85 31 56 27 15 109 66 10 2 81 64 111 13 93 39 43 82 2 5 23 52 65 1 27 13 48 5 10 4 14 16 44 3 112 44 31 16 5 10 59 14 9 21 46 79 89 38 132 27
29 37 103 7 28 2 49 64 29 4 33 31 3 88 90 17 63 13 13 12 15 28 9 4 6 109 1 24 144 41 10 12 91 59 86 119 2 10 25 34 117 38 124 50 12 18 134 63 78 9 89 35 13 49 13 117 45 75 31 9 62 6 24 6 9 33 50 81 83 93 32 8 147 5 67 44 23
32 28 17 46 25 4 11 49 121 2 81 79 6 56 72 50 25 70 67 40 22 35 37 31 8 92 11 153 16 9 71 86 29 2 57 60 1 49 57 88 43 83 4 37 11 9 69 1 6 35 109 58 72 44 14 71 148 13 13 6 10 2 54 22 15 58 55 13 14 21 20 59 10 3 17 27 2
1 36 39 25 17 17 15 15 3 49 6 49 14 54 10 2 144 55 39 58 26 7 7 2 41 15 146 41 19 40 37 10 99 55 52 67 10 16 6 5 102 1 13 44 108 129 14 15 4 18 42 123 1 153 116 43 6 79 10 118 45 4 116 34 1 80 2 51 7 98 38 127 22 58 19 25 5
17 67 31 29 94 64 3 40 62 23 28 86 15 40 58 24 12 16 16 53 29 5 20 3 1 43 100 33 36 20 19 89 140 84 39 26 32 9 78 36 88 1 13 71 141 4 29 15 9 44 17 9 24 5 58 1 1 3 73 54 1 57 73 1 45 21 44 32 59 17 22 2 35 39 47 59 9
31 8 138 49 18 114 116 23 5 33 19 21 19 65 86 32 12 16 34 12 30 60 60 1 105 17 51 16 32 18 26 11 1 4 34 61 9 4 69 4 3 162 31 25 3 2 82 90 103 2 19 46 2 75 11 8 20 6 11 45 19 28 13 50 1 9 122 71 20 122 20 78 9 23 58 4 36
72 41 74 63 4 48 44 84 16 19 26 56 8 33 37 25 54 61 90 9 4 80 51 37 19 52 7 12 32 8 40 33 25 61 31 58 23 89 93 11 43 111 44 18 72 31 2 35 72 35 7 20 58 10 97 53 69 95 101 34 75 22 28 55 7 21 71 19 46 35 42 13 108 54 118 7 21
36 37 23 17 5 1 13 9 69 3 31 150 3 12 32 24 44 44 6 111 53 12 132 14 63 13 3 61 27 91 18 45 29 28 25 9 60 128 4 2 27 85 42 55 18 18 141 4 89 48 55 4 69 85 2 83 28 35 5 9 8 9 24 43 2 17 61 19 103 2 2 20 63 133 56 12 71
7 97 21 74 21 6 21 36 153 18 23 5 11 14 83 32 131 47 5 47 47 53 3 69 36 16 32 5 24 8 10 81 73 61 16 83 10 18 22 50 6 27 54 43 5 63 4 47 44 80 82 140 39 58 2 61 50 8 10 2 21 14 12 10 33 4 39 17 7 11 22 124 13 69 31 45 28
61 13 5 56 86 23 30 122 18 3 13 81 2 3 8 111 16 67 18 2 6 48 59 7 119 13 22 39 40 29 24 51 16 33 11 37 63 14 22 77 36 27 26 118 33 40 2 5 31 97 23 10 21 1 9 7 41 38 49 15 1 41 95 65 3 3 86 19 51 44 14 49 7 34 31 104 7
8 33 2 70 19 29 85 45 37 55 78 6 129 4 86 19 36 4 44 30 8 16 6 62 32 28 2 10 40 3 36 132 2 10 57 69 9 13 23 62 64 25 3 74 17 35 6 34 32 135 39 1 17 49 17 49 97 22 28 6 22 38 64 11 63 26 40 78 15 25 29 27 21 43 31 89 9
70 49 74 7 3 14 16 1 34 109 11 4 28 29 17 17 14 19 67 26 22 2 11 48 112 19 25 15 47 27 64 45 20 16 22 11 140 1 6 2 26 4 62 97 89 39 1 4 21 50 63 16 38 78 37 66 39 35 20 3 21 5 57 18 82 110 133 48 24 57 5 7 4 3 20 35 67
42 53 29 68 32 1 15 10 19 52 7 13 50 18 2 1 14 28 48 97 5 12 80 17 42 51 27 111 59 2 15 36 4 23 12 38 66 16 14 4 18 18 12 122 128 9 3 47 17 92 17 11 102 3 77 7 13 85 99 15 4 52 56 16 40 3 9 7 41 113 8 88 33 3 93 110 1
38 136 81 133 117 100 22 9 96 23 18 31 26 51 45 32 10 87 97 7 79 19 2 54 15 1 108 16 6 58 11 37 9 56 74 37 30 13 10 19 51 44 40 32 38 12 45 7 40 80 40 8 3 50 42 7 40 46 48 53 64 43 28 52 106 10 61 67 114 20 29 16 61 46 133 146 18
52 16 7 1 104 37 6 59 21 36 10 37 16 4 40 67 155 40 81 20 69 11 46 37 38 40 2 44 13 102 14 63 1 13 64 40 99 26 33 42 45 32 68 8 1 19 74 92 3 1 25 14 5 120 115 141 122 49 105 97 41 35 45 42 19 14 8 25 1 4 10 132 3 39 20 86 20
81 32 6 109 56 4 57 44 34 14 25 41 29 1 13 1 10 33 19 39 5 12 49 29 23 2 20 25 18 106 2 2 2 14 21 10 19 18 18 66 4 23 58 13 5 96 27 147 120 2 128 4 7 54 68 36 15 8 24 17 53 36 33 7 31 28 8 10 12 44 25 20 17 40 20 119 6
21 20 14 18 24 39 1 88 32 18 20 112 37 7 52 15 13 21 83 42 97 37 43 12 101 7 6 33 16 61 25 10 2 29 50 78 80 23 7 70 12 35 4 2 10 101 7 41 5 19 58 6 66 101 123 19 29 28 54 54 79 28 88 78 16 78 19 96 41 7 8 79 79 2 42 53 7
9 52 37 24 16 15 139 44 2 6 75 87 72 26 65 91 82 2 45 4 25 51 31 2 42 126 111 26 44 43 79 4 18 48 5 20 53 2 51 22 45 27 120 69 81 77 31 38 15 2 45 56 14 21 2 12 80 29 6 13 7 5 15 3 128 1 47 144 30 19 112 2 77 75 19 1 10
89 1 17 121 12 78 34 2 32 21 20 38 13 18 25 111 34 10 38 2 22 7 85 18 51 67 35 42 29 17 18 48 5 10 58 97 35 140 3 85 13 5 26 1 6 47 9 5 3 48 14 3 26 81 63 38 37 15 3 86 43 107 5 8 7 6 27 9 54 71 14 61 23 3 45 40 11
13 12 88 25 77 5 91 1 38 2 11 24 31 10 32 44 47 10 117 39 87 30 32 35 13 9 33 8 151 5 66 5 31 12 3 17 16 49 72 39 61 41 9 25 9 15 2 44 20 44 55 23 26 5 15 4 75 13 77 18 18 16 76 65 54 7 161 3 2 26 21 2 7 12 30 57 106
22 107 89 3 13 28 5 14 3 7 60 97 61 8 17 5 12 54 4 98 119 120 85 92 9 23 14 13 6 25 54 23 4 25 9 67 37 68 23 2 39 15 4 40 20 9 1 36 29 54 99 134 54 59 57 51 13 97 9 57 15 105 11 100 28 80 43 7 16 11 20 96 47 118 45 7 1
66 16 6 39 129 10 4 15 1 51 48 17 72 25 10 1 18 16 144 46 36 14 21 78 71 58 9 42 22 116 27 16 130 122 13 40 18 46 58 23 22 26 1 28 102 5 23 12 17 72 5 61 129 116 6 94 23 81 16 28 50 49 44 9 39 21 24 5 57 15 72 52 122 45 7 82 22
70 13 48 77 6 15 48 87 60 19 6 73 80 7 4 4 9 62 27 65 56 2 38 13 51 21 23 1 21 123 37 31 16 5 59 26 81 20 39 64 28 4 31 44 20 57 2 14 65 103 3 3 18 8 11 46 91 25 24 49 18 16 50 2 26 3 22 27 18 4 48 6 79 56 116 8 2
31 88 15 43 36 63 6 159 3 10 25 109 26 40 2 2 52 30 10 3 77 6 16 3 30 10 51 13 20 2 54 78 24 32 8 5 109 43 22 57 43 49 98 18 26 119 7 7 11 151 5 83 110 6 20 21 44 23 13 8 21 118 33 68 56 20 23 10 24 8 3 72 5 55 16 27 21
40 95 7 145 8 31 52 120 108 58 47 48 18 23 2 5 95 11 2 26 14 57 4 1 53 19 36 55 1 54 59 27 12 27 6 16 24 32 15 27 42 6 71 24 52 26 103 50 39 32 14 28 7 4 75 52 71 41 31 10 33 19 39 14 73 118 2 57 6 107 95 52 8 45 5 1 43
14 44 60 5 64 38 33 56 8 14 100 34 48 78 29 70 1 5 11 60 2 38 12 122 29 2 55 1 97 49 69 41 31 8 11 123 18 87 38 20 16 43 1 19 33 16 22 14 41 91 46 25 3 143 130 16 4 68 66 88 10 89 116 20 21 50 20 12 47 39 23 26 45 158 5 29 38
71 22 16 18 1 45 27 14 24 58 3 13 43 48 24 1 27 21 1 34 9 1 21 44 57 85 82 80 54 25 6 33 81 26 40 17 10 18 44 24 94 4 38 100 33 49 18 13 14 12 46 35 78 7 22 9 26 12 25 8 25 125 75 99 3 69 18 47 16 5 1 11 12 117 47 39 79
67 51 53 25 59 35 87 73 2 31 81 37 5 4 32 96 46 5 56 105 13 10 3 81 23 58 4 128 51 4 7 10 63 27 67 1 5 19 22 32 18 119 21 6 41 8 2 78 23 18 42 132 26 86 9 63 2 17 2 8 35 3 58 16 1 84 69 15 49 127 30 58 26 7 122 38 1
3 2 18 18 55 43 41 125 49 96 62 28 18 74 59 78 135 29 6 28 72 72 3 81 29 3 46 1 7 26 7 17 16 68 3 128 96 1 2 95 12 85 23 22 14 6 33 109 20 7 22 56 95 26 33 7 6 8 43 11 9 7 13 4 58 18 36 45 111 7 39 42 47 76 15 9 22
39 49 26 2 82 48 20 19 76 9 89 12 110 43 63 54 39 9 30 32 45 103 8 29 50 53 24 136 31 39 44 9 108 42 1 11 83 2 1 38 9 151 56 56 27 77 116 53 67 121 4 7 5 35 30 18 59 15 1 85 37 47 7 2 22 39 1 5 56 3 83 9 22 25 31 8 41
129 17 1 15 63 25 13 2 5 12 70 8 26 19 44 5 70 24 23 55 22 22 11 11 128 33 8 3 65 25 28 7 37 45 40 56 117 11 35 49 2 54 106 123 39 39 7 52 2 126 58 34 28 23 49 28 69 13 69 15 21 10 118 83 10 31 13 25 94 14 8 15 23 6 93 21 16
3 1 50 132 32 115 76 110 1 23 15 16 8 9 67 13 46 4 83 19 11 5 42 54 15 97 45 4 72 78 8 104 8 10 23 27 1 65 115 28 9 36 48 88 50 12 12 68 17 19 76 152 96 61 161 34 26 11 22 58 5 78 23 62 78 4 73 93 58 9 16 26 34 106 6 58 15
55 17 12 7 40 20 6 57 20 97 132 3 6 12 157 19 90 6 5 21 29 96 103 80 29 17 1 7 10 2 130 34 24 5 147 23 19 11 31 15 11 23 12 17 2 32 9 58 24 69 24 54 143 76 1 60 31 133 57 25 67 116 64 133 10 1 5 78 109 18 2 16 41 83 13 46 21
54 26 80 8 2 92 46 33 12 63 12 4 17 4 8 26 104 25 18 47 121 24 2 1 1 34 4 24 1 88 110 49 112 72 17 21 5 2 1 8 2 7 25 9 64 52 116 6 14 46 31 150 70 30 31 17 15 151 80 4 112 29 3 2 20 52 14 20 11 20 81 2 5 3 89 13 13
58 52 102 24 112 18 37 13 12 8 56 11 21 15 117 26 63 1 34 76 17 7 4 34 30 13 12 12 18 1 122 26 15 27 6 50 2 70 37 3 19 67 68 27 52 20 16 33 10 30 14 112 14 5 25 20 19 13 29 66 31 17 128 39 89 56 53 22 59 9 33 64 20 9 3 49 68
31 43 53 5 124 50 24 19 8 37 54 20 14 23 58 1 20 16 18 19 8 21 60 34 22 35 27 31 7 96 92 36 7 64 68 103 3 15 2 11 53 23 1 28 17 28 4 14 14 37 2 60 23 112 6 45 7 75 97 13 84 126 16 66 93 54 8 45 66 35 4 26 3 67 49 14 54
10 55 18 68 33 96 42 62 8 73 64 1 6 1 82 28 3 21 33 47 26 73 63 3 18 100 41 78 34 24 23 117 80 3 1 47 8 68 108 57 11 53 21 71 46 18 10 8 4 59 11 104 2 31 48 21 15 8 7 1 8 20 9 24 5 9 27 24 18 15 40 2 19 107 54 6 20
2 95 87 34 42 43 26 5 53 52 3 43 1 17 55 7 32 22 3 11 111 150 30 49 32 4 3 95 13 9 99 25 2 30 26 19 5 46 69 19 30 136 103 46 5 22 43 134 109 16 31 79 48 18 92 3 54 102 12 4 10 1 117 12 23 10 50 15 2 5 7 3 41 3 26 41 95
57 74 72 4 1 3 16 41 5 68 78 2 26 133 47 36 12 38 121 20 101 111 3 12 94 2 23 63 28 1 141 2 85 24 56 13 7 132 22 22 8 10 11 1 5 31 4 116 27 15 38 9 1 33 21 9 14 74 26 23 54 82 1 11 22 20 29 32 59 46 82 132 5 17 68 43 71
87 31 69 10 16 51 6 55 46 136 84 37 16 2 18 16 73 23 2 63 3 41 13 21 51 114 2 22 6 21 4 75 56 68 2 20 117 62 72 6 54 10 9 28 69 65 26 9 2 4 72 55 105 48 112 3 39 14 49 3 11 76 29 46 18 11 20 3 32 19 24 19 63 9 13 2 15
43 8 2 38 84 33 1 3 53 1 100 72 22 7 18 9 10 48 55 39 15 49 39 14 9 7 5 18 26 1 8 29 46 32 14 2 9 69 126 102 29 21 11 72 47 21 57 5 1 57 20 25 50 10 12 26 50 5 12 4 15 5 72 4 98 4 29 69 5 71 130 2 2 19 33 47 3
5 23 9 48 150 52 40 7 97 8 22 32 20 53 31 16 25 9 25 145 15 63 3 22 57 60 13 112 8 32 79 6 8 48 2 3 79 45 9 85 13 84 3 7 35 24 41 130 29 48 140 16 34 18 5 7 31 91 19 31 34 16 46 64 110 3 125 41 135 17 147 8 1 38 8 10 50
69 37 41 64 20 22 36 70 14 28 28 15 96 42 91 5 56 8 120 15 6 146 100 87 78 11 33 1 40 28 97 98 77 66 11 23 60 71 24 68 31 1 43 11 33 124 114 27 17 50 3 21 12 55 58 27 1 40 1 29 6 19 90 7 24 28 24 23 13 32 113 85 9 86 11 71 25
63 42 40 66 68 94 46 15 76 5 28 73 30 10 5 34 11 1 49 75 47 61 77 33 27 70 58 22 23 42 18 34 6 33 40 26 14 4 14 8 2 33 44 1 39 8 5 92 136 46 41 6 71 90 6 12 36 2 53 12 60 37 8 71 31 39 34 52 106 12 1 31 44 25 13 16 48
45 20 43 15 149 4 20 1 1 16 64 39 8 23 34 4 34 127 151 28 29 27 4 13 25 4 2 4 10 54 23 7 29 61 3 2 25 6 114 46 24 66 7 93 14 50 62 4 60 86 131 22 37 20 18 81 7 24 7 9 1 33 12 56 31 10 24 65 69 22 42 17 39 17 42 5 34
120 89 65 64 6 4 18 22 94 34 33 125 4 68 16 12 73 115 54 105 5 99 13 16 18 51 113 81 87 37 78 90 15 4 66 6 95 67 98 44 1 15 40 19 149 20 31 80 83 36 2 3 45 19 42 22 24 4 35 78 49 6 25 4 97 35 22 12 13 1 140 28 38 11 12 15 37
64 59 9 52 32 13 65 45 120 62 4 11 76 33 19 89 59 4 21 21 5 6 3 131 4 124 57 24 48 36 66 10 64 12 7 13 5 54 17 32 2 4 2 27 7 27 24 42 6 3 23 9 26 30 12 13 14 9 33 81 7 8 79 20 78 17 72 74 47 42 27 29 16 5 21 14 5
22 20 47 6 6 3 3 24 14 44 89 38 4 125 24 30 34 11 20 61 78 47 40 28 15 9 7 30 10 13 41 72 10 80 1 62 8 19 70 56 7 51 11 27 51 52 109 18 8 19 5 15 9 73 49 71 43 1 14 9 1 65 23 27 10 39 28 2 33 6 3 28 10 84 54 18 4
56 13 1 7 1 48 16 35 1 9 80 13 15 39 8 5 23 36 28 42 27 6 4 35 11 9 12 16 5 20 40 18 10 60 3 46 57 2 57 13 52 13 20 22 6 50 6 12 3 4 4 8 31 54 19 161 25 4 24 33 18 77 1 36 5 85 49 12 9 10 69 2 22 4 11 26 50
29 2 4 35 122 19 24 11 39 21 64 16 5 1 5 4 21 22 84 4 58 39 27 68 101 33 29 4 1 148 17 14 18 27 107 48 36 86 44 14 5 10 2 91 21 47 1 15 50 20 6 16 129 4 50 51 44 29 20 69 1 104 12 19 53 10 21 15 38 11 1 2 70 46 2 91 38
3 19 8 11 107 64 8 14 33 10 102 75 32 35 39 13 23 3 21 16 43 30 9 71 12 67 89 10 33 15 16 56 66 55 10 9 10 1 52 112 13 86 20 17 9 1 110 50 5 4 17 99 24 4 28 78 58 33 27 39 36 34 7 119 7 43 8 27 4 5 50 10 12 26 3 20 20
4 138 43 100 3 3 61 31 15 4 11 15 148 2 42 3 118 5 32 15 16 37 92 47 9 7 113 3 134 70 9 61 33 38 4 7 17 11 30 21 43 37 32 29 27 17 104 26 54 67 25 18 19 13 103 45 5 3 107 92 4 51 118 16 19 55 7 47 40 42 19 5 69 12 96 28 3
6 40 2 34 99 15 32 73 3 117 128 66 5 12 23 1 5 72 10 25 7 20 2 5 10 105 24 49 21 12 45 52 26 27 9 47 1 39 45 48 21 19 63 27 12 88 9 133 20 67 44 70 113 39 21 77 144 24 9 42 119 38 14 5 45 2 41 26 23 117 10 57 3 39 6 68 56
43 101 98 2 35 53 37 28 24 2 25 99 25 78 12 57 143 103 2 46 59 24 53 56 20 61 102 93 26 12 23 47 93 57 21 25 14 28 5 130 2 60 21 2 33 121 27 19 11 38 1 13 40 18 3 24 147 4 25 14 52 76 2 36 4 83 76 79 15 10 10 76 50 28 13 91 37
101 8 25 93 51 28 17 14 6 135 49 2 34 49 33 35 1 96 29 161 2 21 100 51 22 104 74 25 27 66 18 9 15 63 35 21 31 24 13 61 22 2 2 2 4 73 72 7 79 16 30 8 125 30 6 28 1 21 50 41 32 42 46 22 45 6 4 32 73 21 12 59 7 141 9 57 26
10 87 149 104 51 2 87 33 2 35 14 14 29 54 8 117 4 10 7 105 13 141 13 1 5 39 7 134 3 41 39 113 84 45 46 33 11 38 61 69 28 11 60 26 41 4 2 116 2 97 55 16 2 2 15 86 52 9 20 1 11 16 6 21 18 89 1 60 23 80 1 24 24 15 23 37 28
16 88 8 120 51 110 78 96 10 19 109 55 25 20 5 141 27 31 21 9 111 71 73 42 8 66 4 21 94 21 41 66 103 9 55 1 14 20 52 16 93 14 18 78 5 88 33 24 6 127 55 50 9 24 37 42 7 8 144 23 25 53 18 41 9 8 60 6 118 53 17 49 81 56 114 13 9
84 23 4 15 9 2 1 11 9 3 4 34 3 14 6 23 6 97 13 55 12 107 5 6 2 77 76 11 34 106 45 51 38 58 5 34 59 63 35 20 1 12 59 1 70 25 20 34 46 11 9 49 29 25 16 53 32 59 3 55 39 8 70 5 55 3 13 148 135 6 115 40 14 16 74 2 3
4 97 109 20 11 4 13 57 19 10 7 31 41 21 9 2 100 98 2 8 54 1 48 36 44 87 22 69 47 95 22 35 12 17 66 18 5 30 15 50 7 143 136 65 3 33 68 38 4 56 8 27 94 2 6 59 32 24 2 51 87 10 5 21 21 35 50 35 26 25 47 12 93 9 9 9 23
17 51 68 60 9 73 7 23 2 59 50 50 2 17 22 81 72 79 46 2 24 10 4 55 33 13 70 20 21 33 29 16 7 61 28 27 28 45 12 62 128 76 14 20 28 4 34 67 23 108 9 7 22 117 5 56 44 142 49 16 37 7 61 54 102 8 48 72 117 93 62 48 12 26 26 32 39
1 69 28 86 37 100 75 18 55 100 7 102 6 29 50 9 70 128 30 89 7 92 3 9 49 39 30 28 34 70 12 32 90 4 120 51 44 93 70 19 1 18 86 125 86 140 76 6 53 80 58 17 52 16 107 67 2 15 56 44 12 37 11 95 13 29 43 7 55 62 62 3 44 21 66 14 44
18 115 41 12 11 23 19 21 79 2 3 3 157 63 46 25 38 30 85 29 43 9 17 29 29 31 32 3 23 44 83 23 19 110 109 23 106 19 2 36 20 4 69 143 8 2 76 65 37 13 67 29 50 54 40 39 66 43 6 37 3 108 59 17 5 12 20 18 33 14 2 7 22 2 18 59 42
43 29 3 73 9 16 32 4 21 64 79 49 45 69 33 31 48 13 17 23 22 21 29 22 39 111 3 28 113 17 98 132 11 10 16 63 6 126 4 31 3 25 24 12 24 2 10 1 3 7 9 1 28 11 40 38 16 41 101 71 31 28 55 16 148 46 24 68 4 26 10 14 2 19 47 74 21
14 5 25 6 3 42 34 2 20 73 29 27 1 2 16 8 3 31 55 5 6 20 23 53 2 55 13 22 43 26 2 15 49 22 40 17 29 135 28 9 14 1 31 40 109 20 55 8 14 23 43 76 37 63 103 13 54 69 20 47 25 1 48 59 1 5 25 1 9 90 63 75 65 16 160 1 10
8 82 1 35 56 62 9 12 18 5 21 43 59 86 57 16 18 21 35 35 39 23 9 22 1 59 131 43 12 11 37 23 23 100 161 4 15 2 33 1 12 26 20 51 19 2 38 8 81 146 87 62 27 110 38 41 2 14 89 74 19 125 25 29 26 40 29 45 3 14 26 6 47 146 7 111 53
31 4 14 7 39 39 45 54 62 12 46 34 15 4 30 3 4 12 103 44 45 28 5 120 6 1 34 30 59 44 6 5 72 156 58 124 9 14 81 46 2 48 6 19 59 120 18 51 12 12 53 67 79 20 4 43 40 20 39 51 131 39 45 23 27 47 37 30 17 142 21 68 41 51 2 5 2
23 55 9 52 109 29 4 31 87 23 70 16 8 5 3 16 79 19 3 27 61 21 21 58 53 54 47 66 1 64 68 31 35 2 22 142 124 3 54 23 118 54 127 110 72 20 42 13 8 45 30 124 11 70 83 43 31 9 21 109 11 15 66 12 66 1 38 50 4 110 11 79 19 81 12 50 9
58 29 16 76 139 93 62 16 3 93 8 18 102 3 7 73 17 27 84 40 43 43 51 14 39 14 89 46 68 5 24 18 14 43 52 88 1 10 21 66 96 84 50 47 26 2 3 14 44 123 1 111 39 7 31 38 21 95 33 2 14 113 55 1 1 73 6 19 85 103 4 69 33 22 41 19 25
68 2 4 4 14 117 71 69 10 21 57 8 1 21 20 54 33 7 74 44 37 7 5 53 9 145 9 3 18 109 1 52 25 45 61 23 58 60 2 13 5 15 9 50 4 57 30 31 3 16 87 112 4 25 37 15 100 30 130 27 51 75 5 72 19 11 161 43 4 85 88 71 1 73 7 109 6
21 71 34 2 4 112 9 39 21 46 1 119 41 137 5 19 28 4 5 51 38 88 44 16 24 42 22 14 12 1 32 7 2 16 3 21 10 125 16 79 2 36 48 18 3 74 93 26 41 1 19 50 3 136 19 28 6 1 4 86 61 8 16 87 30 19 5 9 37 3 39 1 21 11 61 87 31
1 69 25 6 23 30 14 38 5 46 2 64 36 5 59 18 9 11 5 19 45 120 45 84 21 25 42 10 23 22 88 25 9 1 67 120 27 61 20 8 3 18 44 57 108 5 25 12 25 27 116 85 7 44 39 37 22 3 35 21 1 22 41 22 7 32 46 59 36 11 57 2 87 90 14 18 16
69 6 125 5 53 131 6 52 40 28 26 10 32 32 29 14 2 51 48 31 45 12 2 108 2 133 8 1 120 53 110 136 11 1 120 114 142 24 13 13 72 43 23 65 12 1 65 96 60 18 27 41 2 10 13 19 2 9 3 12 30 11 6 20 77 13 33 9 1 17 27 33 7 14 91 80 43
162 11 45 24 54 8 42 33 5 47 31 110 23 6 14 149 13 1 37 40 82 101 9 11 56 105 18 27 10 13 23 1 98 10 28 14 153 117 4 92 2 15 19 22 59 2 13 53 39 9 60 4 63 48 55 49 7 85 59 8 7 12 62 32 36 47 1 4 36 11 28 16 54 22 38 5 76
9 41 10 5 47 1 20 13 12 33 49 18 2 8 9 33 21 50 8 10 60 66 105 66 85 39 111 20 37 56 16 5 1 9 54 115 7 88 18 65 24 5 40 1 38 9 28 39 10 15 19 61 109 55 10 49 38 33 51 113 70 4 19 44 123 30 37 5 15 7 3 52 26 5 81 80 2
3 21 2 53 31 129 75 34 63 40 45 3 64 11 22 43 54 55 107 34 12 6 2 10 4 43 1 6 57 4 88 51 44 31 25 92 66 2 81 20 4 51 36 22 12 15 3 73 9 18 39 16 13 6 6 2 50 23 73 35 2 9 39 11 2 42 76 13 30 55 39 1 27 11 7 9 48
8 53 2 33 13 13 42 9 64 1 24 4 4 97 25 115 26 34 3 66 43 105 7 100 8 29 29 8 96 69 66 33 37 76 104 77 6 18 3 34 11 61 47 42 19 65 46 40 80 12 74 2 28 93 117 77 87 52 23 32 1 1 12 68 12 24 36 36 56 32 78 47 17 2 28 70 8
22 68 54 41 54 6 12 39 60 44 82 50 20 15 81 24 60 7 142 21 15 7 56 12 2 6 6 67 24 42 75 50 17 6 45 26 85 20 24 11 1 12 119 45 5 136 3 19 71 6 43 37 14 2 62 121 12 4 70 16 34 35 92 12 4 19 54 128 9 12 44 4 2 45 65 45 42
34 47 67 17 19 17 15 38 38 63 18 15 59 14 42 11 2 7 93 48 58 69 70 47 45 9 19 106 79 7 1 50 88 39 33 72 18 85 28 96 20 57 12 29 66 3 1 23 40 46 84 10 2 50 96 6 41 47 60 8 3 54 39 13 67 40 12 56 89 45 32 20 8 1 2 43 7
90 106 41 13 49 57 3 40 94 38 16 7 36 50 14 22 13 76 27 3 5 31 72 2 10 11 16 20 137 54 13 58 7 65 25 11 1 4 72 24 65 3 5 68 57 14 11 31 20 27 42 7 7 45 12 21 89 45 4 28 10 32 53 5 25 30 36 72 54 41 33 46 29 44 81 73 15
88 59 28 9 161 96 59 67 17 66 8 15 45 3 24 128 61 36 50 33 8 30 14 41 5 4 48 100 13 13 16 40 19 16 55 20 23 1 6 25 11 12 39 6 25 1 47 32 166 16 17 51 33 28 3 43 11 116 12 1 46 47 17 1 3 11 4 48 19 8 14 13 68 41 22 39 35
5 18 2 21 1 8 62 10 8 45 49 28 21 17 29 8 54 16 58 50 9 20 42 4 6 82 27 58 1 5 39 102 19 24 26 2 78 17 17 17 14 35 1 5 145 36 13 114 34 68 150 30 44 7 11 14 105 37 18 27 6 97 8 27 14 25 35 82 20 15 1 44 2 16 21 70 20
10 79 4 7 58 48 38 72 21 128 12 28 18 21 59 61 55 4 41 78 5 9 25 59 2 7 57 10 27 6 66 44 26 28 32 34 18 4 3 1 27 35 16 68 2 1 7 41 24 15 32 52 10 6 26 52 31 12 4 59 45 89 11 16 43 4 7 13 118 14 2 54 11 44 109 27 14
48 13 37 67 9 33 33 88 61 33 5 91 118 96 12 28 8 1 46 27 16 18 17 34 47 21 36 53 40 17 2 18 47 20 37 17 14 23 24 53 2 6 97 34 25 2 30 10 1 61 30 5 5 73 54 52 33 45 54 15 59 5 15 73 24 4 6 1 5 2 92 51 119 14 5 119 36
51 89 14 93 150 41 19 9 26 17 37 107 50 3 50 10 13 41 6 8 14 28 23 4 2 27 4 9 45 99 48 9 68 40 104 66 35 63 51 64 48 28 53 25 29 3 8 90 40 48 93 5 7 20 11 119 110 17 12 73 5 22 46 58 1 109 2 95 32 33 30 29 19 94 109 21 72
109 57 148 4 4 4 33 7 47 71 118 45 38 42 2 10 37 57 84 8 9 55 56 70 15 13 130 11 4 4 145 7 80 20 37 76 9 5 109 27 35 152 57 29 130 30 38 56 37 9 19 111 58 12 7 15 14 37 26 75 2 122 51 97 8 94 31 13 111 71 33 14 118 10 2 5 16
7 79 20 34 22 6 47 28 28 5 55 11 30 11 51 46 59 111 138 22 2 6 101 37 7 11 16 32 130 45 21 38 101 32 14 18 2 49 92 8 2 11 110 3 6 73 18 56 36 15 2 53 59 1 13 36 6 2 28 35 42 106 36 29 13 36 46 70 9 54 52 60 82 114 8 37 3
3 66 3 77 30 36 13 10 28 50 4 37 78 20 3 95 30 1 67 4 10 30 90 3 5 26 52 148 37 14 50 49 3 12 54 14 14 31 25 65 105 12 58 64 29 4 2 116 115 7 120 49 94 6 28 18 154 19 28 26 42 39 12 44 131 1 104 23 1 42 42 44 39 50 91 36 21
10 24 3 34 41 36 86 1 146 60 101 61 78 73 15 7 44 132 51 28 3 107 9 48 23 37 16 37 18 35 38 16 8 38 25 152 55 11 5 16 15 37 17 26 28 17 24 6 20 7 8 36 60 52 109 91 61 102 27 149 39 9 6 38 74 62 13 135 18 99 38 44 136 23 46 12 17
36 2 35 52 12 35 14 4 80 44 11 4 28 53 57 49 76 4 58 55 11 145 13 24 141 25 1 2 15 37 20 49 19 134 107 24 65 9 98 44 87 39 34 1 111 67 48 20 20 9 6 6 28 10 26 5 48 24 51 10 33 38 9 86 75 33 71 42 12 5 28 22 11 19 123 21 10
62 72 24 40 18 34 72 21 4 65 75 15 82 128 1 46 31 8 1 103 14 56 2 4 2 4 87 2 7 38 28 10 17 37 67 13 67 154 44 27 1 29 49 5 37 159 15 2 20 12 11 103 43 83 32 8 26 19 29 142 2 4 11 57 76 16 5 44 93 62 33 78 24 7 50 9 3
21 10 37 14 2 5 5 31 107 8 42 47 31 55 7 27 39 56 40 29 14 5 14 101 17 14 157 1 23 23 72 64 10 34 123 4 14 10 39 121 18 11 74 54 11 137 26 47 56 116 17 116 7 121 139 29 27 19 5 4 68 72 37 6 22 27 82 1 20 31 8 38 24 3 126 7 39
158 63 76 90 47 39 56 64 55 75 21 1 19 7 7 67 51 3 33 21 19 28 23 30 24 60 28 6 23 14 5 1 4 110 2 54 74 33 68 49 23 28 10 14 76 11 18 45 17 150 31 84 13 17 15 6 3 37 7 80 9 3 3 72 10 80 43 31 13 78 134 34 55 32 151 39 40
49 12 114 14 2 16 21 43 16 34 17 21 2 1 33 11 8 34 9 51 16 28 64 2 38 8 2 35 9 55 15 67 44 14 33 14 9 92 2 143 47 53 35 69 35 22 72 18 8 10 11 10 103 25 52 53 2 155 6 18 74 5 1 25 3 48 17 37 49 52 81 82 2 87 10 17 14
19 30 42 43 25 13 6 5 24 68 31 80 4 12 18 38 7 2 21 61 33 19 24 1 41 28 19 62 51 18 26 1 11 120 4 47 52 31 7 30 48 7 36 41 4 29 14 21 6 61 2 5 47 2 27 92 55 1 10 49 11 25 91 17 6 3 14 27 6 9 93 45 40 1 11 16 92
5 17 24 13 96 50 53 11 18 5 96 2 13 6 12 28 25 73 27 143 27 113 32 43 3 10 53 6 88 40 31 73 5 46 13 8 84 30 28 36 6 13 8 125 30 17 23 1 12 2 17 12 96 41 56 19 16 21 25 43 53 15 43 20 52 140 17 30 61 45 6 69 18 30 23 74 1
48 5 36 1 59 39 3 29 5 3 30 13 28 36 24 6 18 92 72 1 22 34 47 16 27 69 123 30 91 49 70 1 3 42 45 5 42 27 3 54 47 101 8 39 1 9 130 5 77 66 92 33 5 11 42 2 8 111 8 14 25 58 28 46 6 30 32 105 1 7 38 48 45 43 66 46 37
98 29 1 38 52 7 146 21 19 6 14 59 33 3 38 51 3 81 48 53 41 24 23 13 16 30 20 62 4 89 2 49 1 122 22 90 78 24 26 9 23 5 22 22 7 116 56 61 77 22 10 8 52 22 109 3 10 1 104 54 16 10 19 48 18 8 20 22 34 6 2 8 8 45 3 1 21
107 8 66 65 22 38 4 29 3 15 42 115 5 52 7 80 31 15 1 48 31 96 22 8 129 10 19 65 2 1 58 38 4 37 54 7 28 12 3 112 21 54 38 1 46 41 1 20 23 152 17 9 16 3 11 42 58 2 64 18 47 31 2 40 13 42 5 20 18 17 11 94 13 32 48 62 27
74 2 45 9 38 5 7 5 16 1 6 65 20 123 15 6 28 79 23 8 41 56 58 6 4 28 60 35 87 91 42 2 3 35 54 125 31 63 111 3 20 13 16 19 33 19 29 28 74 28 42 96 4 119 81 22 117 115 36 42 54 81 44 8 64 17 1 5 23 4 33 32 6 38 23 20 25
2 25 4 25 27 27 90 14 48 17 35 72 2 39 159 73 2 31 5 16 49 104 2 16 5 8 72 2 24 63 81 25 43 39 70 7 17 50 8 5 48 18 14 57 10 35 38 40 28 20 19 17 6 61 4 20 21 85 31 37 6 50 4 3 56 18 16 6 7 17 7 29 90 76 32 10 20
47 7 34 20 80 47 30 23 130 85 32 31 84 66 1 3 56 14 32 32 38 32 29 26 33 92 9 64 93 92 11 162 122 13 37 23 19 15 52 108 51 7 14 34 52 30 20 112 20 37 29 62 6 9 22 48 17 69 2 118 33 1 15 34 28 129 61 66 14 95 19 26 29 27 62 24 8
40 68 18 7 22 86 80 2 45 2 41 57 51 78 11 12 38 49 41 1 2 39 21 11 43 111 6 111 18 25 20 78 126 18 5 49 18 1 8 52 12 38 11 95 3 12 55 2 111 1 3 156 91 3 21 1 94 97 98 105 8 1 1 9 1 13 1 61 59 127 65 158 21 16 148 40 90
25 72 3 9 52 75 32 62 89 125 27 151 40 13 3 42 23 27 6 2 118 32 70 27 31 20 9 1 4 13 1 27 6 101 100 1 8 86 21 52 5 11 6 13 6 37 2 7 58 154 98 41 25 2 31 27 94 56 12 22 33 76 23 43 5 42 41 68 6 30 32 52 9 7 115 53 105
28 24 35 58 24 58 2 7 6 133 23 1 37 22 19 8 20 96 8 12 19 28 61 36 6 1 23 130 101 15 152 2 10 122 55 71 92 68 28 98 48 12 13 4 21 149 5 17 18 6 40 10 38 116 5 25 22 13 59 54 33 56 23 86 1 9 15 15 8 24 2 7 19 43 30 6 44
38 2 15 42 47 50 24 4 20 4 2 30 30 7 115 12 1 40 53 32 32 20 58 33 28 15 1 23 52 52 14 81 65 38 7 26 11 117 40 11 36 16 1 51 79 90 5 54 4 134 95 72 2 10 90 78 2 50 41 7 148 4 2 47 113 4 14 20 6 53 11 16 58 63 69 90 26
54 28 44 36 13 4 1 9 46 78 70 12 20 56 72 1 2 123 21 95 97 25 91 12 140 1 2 6 80 66 6 35 42 32 52 66 87 34 15 20 3 48 10 87 10 2 60 115 5 2 16 3 11 7 85 55 34 37 72 1 54 31 37 129 23 24 46 102 4 56 78 22 96 25 73 81 42
23 103 68 151 65 1 48 7 39 106 6 51 3 50 50 26 33 34 66 7 54 11 118 8 38 56 12 9 72 26 47 53 2 10 15 31 3 36 91 64 8 68 17 14 67 15 51 47 61 6 58 13 48 54 77 51 21 67 47 48 129 118 45 139 35 2 8 13 1 139 14 34 63 25 5 26 120
97688 137 72 112642 111 38301887 1796945 172 3338216 -1411048 0 33 43 -18346093 -186 31 1318935 -1100322 31212 188739 1365 -208 4286 -58399 -4455810 17583 -199517 24468 12272277 153 -86 -12840 -129 -150 62957 -1441785 -8 106 1738 448957 -115 18 -1958 24917 -823 -197688 21903670 -19121320 9 18 4013 39373 103132 -290822 336 42017 -57 69 -19307 2497685 -44326 -94 1125 2533924 14299907 -3439 -90163 3055409 800865 -36081 248369 5432438 836389 -2417 -31279 -13002901 -26
-43 1308 13066178 -15544643 1199 402 -416 43175 -81 -3188 2964 3980 37 -174 -3348 -10963 4147478 -56447 -134 -803841 -5342 -7 26516 -46091 18593051 1397 -37659 13894 385 65 -54 -308 -3043 -697409 -1447 1599859 -107 -6 -29 100 274046 -36031 -1500 35742 33405 3698 -14 4261289 -13032520 -2 4801 8975898 -9 46355 -5076620 84598 -1415697 -7187972 -13124423 -356531 2816 9 58830 -168 -4981333 64 95 34 1334410 18336 -159 -1265058 62768 50 -991458 220 -12549
-176 -91 16696 -12929021 60456 -299286 109582 5392504 371806 -5236 8499 -164 -590591 -168 -31189 -14949818 374071 251 -16412667 -2302481 -68998 -1 -1556 228 -813 63 98389 19623 -49487 -128402 -17273161 -55 6713975 134 5008099 4574351 86 5391017 131 -39 143 -44243 -27 123786 -1021 -156030 8513 -56 10109034 149374 -224 -1022985 2695 -16670 3102799 -16576512 -12881 548805 -2242 3762467 5818414 -8526869 78236685 268 60837417 2 -44243 6560 -9006241 -11769901 -3 62 1 143 158 -1 -21
-50092 -6920 -160946 -59592 14080 8124 -16 -791 11454 -38969 -166 -2976 180 -11787341 83863 -5 9158 -2061 14262235 -65283 -167 109 19249993 78 -36 -2719738 2842148 -2102859 466 54 -330 33 1053 -289 154 -12257 -772 6071564 12 -80 500424 788634 10 -42299 -9244 15 2466336 5170337 30758 1908681 55546 -13 11770908 -14952 -20970 2495429 78564 10234 -10986 11820395 -35523 -230 -26889 8078186 12355 -2671356 -2969 56058 60 128 -223 14874552 -3701220 1 8465578 16850 -28
39312166 44137 -25 60 56 -26237 -38 187397 -97 61257 -1747 -197 13885 1862 9500 -382 13295 11679 -25 -34566 911611 45 63 455173 13503 -2406591 207 40105 -35 32305 8499285 75 1315829 1561 28937 28596 -6389 -248 1780 -2950 -354036 -3709016 -391 39781 40464 39227 -26028 -424 -69 -14198 102334 653455 -660 1533247 -3 849 10385 -12008 991420 7962179 139486 15378735 -213 855508 68 -29 436 -50911 -25 -843 30114246 -51307 -3146903 -4 13465 56 28418
-143 66 123626 -3349 155 -21 -6271204 209 -267 61901 154118 64642 -19282086 0 -842369 -180 -14 99 21 -4301394 -667552 -11264 -41311 316 994639 275485 -363 3665478 -20819 1033 16169108 -62090 -2522678 77 50 286 -17473 318427 0 -263 -7587 5699576 -32006 57412 1206416 -44111 2842565 -12606 78 -3892687 42 19949 47 -41464 1378724 -74778 29187 -21083 -9417806 36 -345481 170 1 8586 350 4728730 147 374810 -17123063 155 -12843695 8406997 54904 97105 8351768 -14301 32316
-6505005 3478 54795 110627 21186 -41 55 14 5511765 -14009 -169 -117 -143 14431430 53 13244911 10749495 -16 -19043485 -355708 -60 43886 -75 969476 946 99 29 -4010747 -16911 -3584897 67569 53048 734885 18024 33 1063720 -274 -304 -55006 3834549 38890049 -566690 1612 4938655 -46 6296445 7823118 -214 279694 -1004529 -31868 -15699 -12 -1122909 156 -31856 612370 -30251 -389 10787473 125 -3268 40929 13815 -606597 -3283414 36126 4132 -17845 -5570086 -67 109 988 2084 62952 130 -3458
-6248 -16 48359 20996 -17 60 2455752 10767 -8096 10347896 -49270 -54 -5645 29973401 194 -138111 -556347 2157374 11583 -172 53 -54 266 384 74 18431 104865 9987 115327 -124 10 167 -29 -19 -5120 -196 9571 -12401840 -86 -3635005 17759299 -2573 31216 -1719460 148 -90781 -6 -4811888 9373423 -86 229 30667 276 230 5021 20222573 -8 3866 -9823816 141 83157 1739269 5960692 51 -665323 251 20 9021 -412 18 -65797 4913620 -135575 252454 -1650 -3418 35
-1 -14 -26226045 -15452 1506 -92 -145 485 -149835 2423 -88 176 -75358 253 27405 -1243622 -654481 360392 60 56627764 -4901328 39 51 -145 0 -386 -718 5024160 5297 784 406413 -14817 4409283 -3 -23268102 238 -6726 -59875 -1518584 6261258 -12171755 4044 2375260 -3077208 6623 -6 -5 -9 113035 -53 176 -187 3675 -318 1778531 -140188 5180511 -135145 -2454 50021 -111 -713747 -2404994 -3420802 10836008 -2644373 -4969300 -48377 209 78708 733 -731809 36833 2330871 46331 -1458108 13777095
0 69863 -9 -96549 -636792 2480871 -26113467 -29576 -40705 -563342 -64 -16882 -10850443 3035043 -78 5436 172295 477941 6566173 -4120 39 -396 27388 1218446 321361 71497 27367 -56714 2194 183412 -231 12575 185 -1377892 -331 87812 301 -1602 13 71429 -23056 -7007 -86158 -64 173 -1874759 394875 3523 22461 7766 -263 -14365 -615 4656925 -3268 -54643 6043 -2 62 8804 36 -2156 26158 -1 120 -186 -611810 13699 136111 1886020 -37808 -37353388 -7714 -82 282110 -1778 -160417
22 3559 394 15962 -1081 -442 -1506 210 -5441 -308 141 214 89368 -47 22587 -5 -110 -18655 -38481938 1007 13 -3 1795284 27099 -1871609 -1 -111 -207 -14964851 -33945 8923 -411568 -3772713 181 20866 170 494 116 -13589140 32 -37 0 9339891 -101373 19261416 60 -3956696 -66 122975 -4859035 21090 171 -9678 -1618228 0 -42 61 27046984 19187 -63 -150 -1292 -10519 -5 12703517 -11870 -53331 145949 -708 14230 20374 119 -316 310 15940881 182 156
-112221 3052 -190 26941 -1256350 -3966 -13 115678 5782 -12033769 118 -1963610 2324 73 6986012 -496165 -8 19522009 146 -52002950 237 26927 -175014 -6982459 -41 4201 360993 261 -97 -30015 30312 149 0 -46684 53590 -25880 271044 -2202 -1489 21 57439 6630710 -95 -48442 -46160 -63700 -15486942 -9899 20706 -1911 2970169 150 34435 -3296575 27120 -65 -1021 7731 51 30 10 2729 115269 19 9305 20611233 76 30742 12 -311 216 -740802 -277 -2296954 -34562 -1334 2007
-33169 -623926 126 -465 267 42078 155541 32 -580 111 -105213 -729894 -79973 -122 9113 -267392 -24596 -10 -108 32208 -58280 -25921 -124 2880736 -2302857 -127746 21 -2825 -4701 15778 -5362959 -10712 -6096705 -58 1457504 -1187342 -85 -13857 -1424 3898041 8661950 -10188 -559175 126 -9 112 80750 2422 799436 535028 -21905 -64 -429362 -5879 0 640 7582 -79 -797 12 -668101 12723 -1429284 -44 77826548 50249 -24018 -13177 -504645 393 -377 67685 -6215 34860 0 15 7096883
3963479 -2399 -1265481 4500490 -50510 3907777 16442637 27 -1669736 35 -730258 44871 45051 2184 155539 7681165 807399 -24938 11 1324267 -550803 -4147 374 -32301 33729 -3155299 -18880769 1091 -8 -2390693 -34609 -21605 42 30250330 4982 -1260 49958 -27 -26067 141 53936 -196 112 -400317 170848 -47283 1177295 -14722 19354288 716968 -10261 10412 -1085764 47276 -35037083 -16254945 76 46703 -132 11162 1007118 -183 38842 -129576 -15453860 980 -30 3136695 -45904 -32952 -21085 -32 258448 22075 50985 -1005 -1808
-8242 -18456 137 -50 47020 -160 -11877 411087 -32639 -3106 -1488826 18 -105558 94 5383167 336 45296 18 974194 104 -167 -6 8 -28 66485193 40 -568946 145 401372 28022 -17389 15951710 15875408 -206955 8105196 121 12077 -56805 1241706 -247 3 33 104 -82 -159 31 13791 12180681 -1974314 -329783 -42651 14955 94 443010 -60236 16 132 15 20 -282 20325741 17446195 -1167958 -230 1558168 -4003832 -670944 3147 -39418 6714 451684 904 1517961 886 18672 603301 -300
2403648 0 161367 149 -5741 -1105044 87 -6847369 -1592 -10046304 -233 20069027 -5043306 25649 -6256 -5237 9184 -67374 -69549 -3252 11999253 101 -32 5880943 2015 33981 0 -2215862 53 146814 -186 5 10632 52 -2308995 134827 -9588395 2084802 -13370 99 4271496 57 -82 -12911 -291 1369946 54 -56 -277745 12692 205 58 244 8524202 213 11204 21079 363 -166774 1333136 -7 -2853 1714944 26 153038 -28639 -2338 -1339700 -38 -92906 -127 -1297 -309 -71976 63 6 -76567
60130 -7248 36502 11 -1264947 -13863 -37144 2653889 83 4275 28 10876 -46009734 -206121 157 -28829 68881 -6000 7165 -2497225 -148 32092 -1434 -19108891 -6559449 12415 733907 -8365663 336349 -2 -12686 -1135 -4018820 -59248 -33 -16222 -7421 845894 -4 14504877 -17 -713 481 7129165 -227 1973 -4468 -1228 2620 20313 36530364 1612491 -18 27931 141025 -552292 6215 599 -1894767 -81393 -51003 23788 49 -452544 -4303 -2146010 -386192 17958698 5186 75 -120872 290 68884 361362 78504 -1355176 -34347
329 -132 150121 -89795 -305 -12 -9 304415 -1651686 6776934 5504 -48774 389175 790 -97275 106 -5023 21 405 -12 -365 10436135 -8988046 6 -55308 7141798 -2569475 -289 -336 -14 289 -2682420 -9397 48 62 -21455 35706 53 1128 -162 -37 1548 5 653628 699627 -4787504 -1 -1791 -3398017 372 121 46115 -3765 -55387 -38 -4950 -62 -46 -33 0 4489643 -1079899 70 -97 -4022 -18799 -9584999 940062 -8170 14 103 -600037 -23 79 584 -337 118962
100 57472 -38 92 160 19934 575626 -47919 -142049 -17216 5880641 25 -404 -2004347 -714866 323705 9840 4522985 -5 -124 -1290958 16872917 197 43477264 32485 14311 -694 -240859 -1198080 -624 -80452 -96 0 1 -121167 -525573 13174 152275 -572 320242 -246 -180499 6114356 -134 -996999 -18772 -36972 1059508 13184 4889 283 218 -12251 2426127 0 -6860382 422937 33385747 37 18235991 -347321 148 -38 -10303460 -160468 16304 303 -583655 31 -51700 -6249 48555 -3439616 50 95869 363 -478835
439 -182 -29 -17473078 -48851 -3531966 1881348 -20146 -4842270 -282 -87 20 4530 -125 98 2357 -28 87 -1215 -140622 2137904 537428 1 33454 68 -266 44226 -6750273 -420922 -244 1565310 17178 1776847 -24770007 98 -33552780 -824055 2398 2496678 -20883178 29891 7096 26 27156 2475 35988 6 -11686 -77552 -8997 -24785 -73378 54285 178898 4558753 -88098 133108 -9664139 6 15161508 785 445753 6 -73 -3235 -19884 -2496 4586130 -4163 176 183 145 15609598 -160 33 120 693
2440987 -29 23615 30942 -513416 -19933 5992385 -127853 -4762 26 0 -4142 -4123529 -489 82527 -455 40 2373 -16801 -10 1161 6485 -158 -23450438 455249 3 -50 -143 -25666 52 99 -16988 -12380451 -2643562 62721 -76 32839 171996 -2073 166 5092347 19486798 6222517 98 1669219 122242 24837 152 -11 1243584 60894 -2828585 -92276 199 1017257 71060 -6245264 -58 -420555 242 -5060916 -6854751 353543 37 -517709 -2679238 -9 -38482532 -70049 -1455705 14059 -27993 -153 -75 0 -1749349 193
2874 2362 381 8697156 -19224 -79 6131826 -3993 32 237003 43 301 -1197121 -45 1655628 64455 -10240617 -366135 -765700 -292 -850819 3306 30319331 -10425 -850446 -22386 -117 -122054 -58934 345 -327 23000037 -7912 -297680 4428 -41928 139299 -37993 -1495901 -87350 4167533 -9 4012874 24 3160921 -24 -15643864 4223447 -32165 1909394 65406 31659823 -5846044 95 -170800 1905 -10884 258 -77 -75721 495 20964 -483 -952 106842 -103756 -14100973 -286 -5986 11949932 61 11224492 2668952 2081394 46197 74720 -7083
18 -11387 1147 446248 -34 1133524 8363 -39 36878 192625 -29050757 -77 48 -106 -34 -17 963 -23720093 5688 39 -53626 -38 84119 -19 -49714052 -1481730 7093526 -29140 45 7816589 75 -198 135 -4651268 3879141 77066642 -471952 25053 -23531 222 3636236 6798067 -28660616 894 -6635 243 705305 -3369 -8975 50 5 -7170974 -388 48858 -75650 44700 278 11902 -76726 -183 13143 26729 20018 -4363 27291 10403917 27 38477 101 -114 -37648 218714 9775 2961547 -2908250 186 85122
-28589 2238 -149 5 186571 93 -7241 270 -104 55 149364 1657248 -7473091 -6 74148 -1527722 -1346150 -31 41373914 -71 -26118885 -8633349 -13 21844293 -33 -96 -274538 -15259504 19945937 2558074 -19976 4 -3897 168 -27480 -124 1931713 -20970 6927 -6986 891337 -124025 19018626 128 9618 -13190692 49495 -3685285 1451794 -10802387 19 -55891 -30719 -216 -1578824 -4692528 -91 -113 -3 -54 93 103 -82 24 -8353238 -79 -12 40419 3214 44456 75 343 -85 47 1097165 -386 -19
62208 -5710 -265 1975036 311752 15684 1572671 -1429 -14275433 5957 -41766 139351 -33 36 42657 34 377 -218 4460 7 2 60 5 -56230051 473514 -771109 -206 -3021 314 -34 14413314 -5 -633508 37 0 -19 16840 -555734 50 -9331869 -300 -367 -161 -234 11610289 -24682 25 -95 479 -2279377 -122629 5 -7825362 11155417 -164 -114 28659386 -1930 -6645879 -185 50516 -3518438 458224 -16854148 -82073 10 785305 93 22489562 6 -143500 59178844 682 -6244468 -2937279 -8121610 -21545238
845 -58956 -1621814 5510269 20655 55492 4177 -14596 77148 -10395 -41 -2836 -21 21996 -128909 32368891 24734 -156 46 -6737419 18 50661 -1280633 -114 10216 -34073 71 20919787 -1142 22 24603 93 -59578 -239102 -42178082 4546084 17436 335 -131867 -16 -65 212 -50 182 -1 -6368 47806 8 -341 -3805149 -91420 39 -1136194 5910692 74 8906 1348881 -3 -105 179917 -234 25051 -2 -9832 103 -22 -106073 -70641 -35234 -5700657 -52 126 63 25669 63505 3429 -1007174
4217 -79 -2808346 -1 9070 116 -5 -5 -111313 202740 17672332 -5 13739 -44972 428721 -50247 -164856 -69050 43 104 507 266323 -103 4471 -2443 8414749 588808 -34995680 268 -7783808 794096 81754 3621524 -3419347 0 173 43 0 2215 -110422 18937 4470455 13 -273 2954402 262131 -5818 5771 -14163 33 59 2950 -327384 355169 -11355 -700075 -4508900 33 -157308 28 -47 272074 23 -33547 30518 114 -2837785 -79377 -9142563 27413 -5139 -14190563 811716 5 5 362 -17
-18638 444 -64 -303 17 -1052419 -122 -419198 -12403 870 -95 15 -12677806 46 7204 -26 8798912 -89 24118 1175371 -75 71 -112 -805007 122 -10106543 2745 2016919 -70453042 -294447 28991 -589 -2890 -107841 -14300901 -7255 -590319 4662463 117 -24743076 24 -22 -13 52 -13631233 -1 -227 3297413 725311 -6278 1213171 161854 -126 7215465 -310 -4734 -168 163 -329 1649074 73446 -12400946 -819 84 -919730 15 11760278 -62 3475183 3361 -10356 -231 -351560 30 219 -21249 -588
-55638 193 447739 52624 -59920061 3076 1368741 -1061011 -632339 27547 1475 3317551 8225 -2238 40 -1055 -5858365 -33654 -45158 -88 30107 453875 162 966 -2670 -98 0 438 -176 2006005 103 13 125 -32 -49 456 9 -20832 434 -7381 -5585548 65 58 4257 3894893 -18444 -44 -1846691 -6364 -1679104 195 -3528 -327 -5052 -131065 -78 -240583 1288 15848489 1807 -83 -42377 18 -3 -32256 -11317 919612 2315071 217 -5538 100 96 -63360 2274 -2509551 -214246 -6
90222 -316 10696 -40 -19590 7746 -308418 -52663440 -233 -4053455 -3021440 -53129 11 -243 15383199 -278 2 1664481 -3 50 -159 -5538 2287024 -1 60 -81 -43679 72 3 -3655956 10 -269 -6144 63076 -70 -23013 -2887223 54 153 14253 -5849863 6951 12407906 -563 -296635 -40 1 73419 -17128 -1519273 -6 -143 1247 101 11887975 -118 -140 43 -85493 -6139 1993105 10923449 -183077 -235 -15313901 -4863 226 -212 -4101092 15593609 -78901 15 22 7098 -80882 -24 15855840
-127 -24816374 -4755802 -2824445 -18 23 114976 -1428061 60 71775 3291501 -174 144 426188 -3081 5104168 -890178 -15 -16 69 7355380 -26790 43429257 91 -40 45 -3255818 -6028 1807 -9 -30638476 -15671 25009 271 4764 53570 -13671 654943 46298 -174 -27059 138 -426 157 10787929 530 44629 192 57010 1153390 1537711 -670897 -89875 171 4627143 -863231 -123 -5470489 107 12469417 107595 1 -150 100079 -90 11 2597 -3863781 -10413 -62 92540 -2654437 240 -92 2629886 35 76
-138 -428 -137259 49 67 -246 7 -3670591 95829 91 -527412 1881660 -8 2366 5834686 305 44036 -2313 134 0 -2017811 4265440 -8 -67000526 380 -29 -43857 29717 -116897 4342 223 118 -12 168618 23805710 53885 58657 -202 -35923 -2000 4218 -7318939 -55 16070 -29 -76066752 10086 584767 168706 1482272 2 -395046 -232 -122849 33005925 613283 -11343 10684 51 6864 -17 161530 -145 3222 -124 231 -279 81 629457 222 -9357477 -13 -40 53591 7877 40095 -62503
179 99 -12017 -36535 -363 23 -941815 -9133 316 42664 7655 -287 3719106 -930146 -21 -19884012 72 -15185 -48 -250 2 -63 -6519 599 -24013 -21362205 68 -848221 1443350 -12860 -1327 63247 -7882 2 69 4692 -108138 -886854 15706 30473208 -29909 6933 62 2045846 -436 44000 -16323 -908053 4173221 15096 -3467842 82387 -1932845 69 -38 -5 3856178 2314 3828231 6384873 354954 -5820050 113116 149 5 400684 -43064 2353 41 -2462 1585658 13394524 136563 -1923203 -1589250 1 -6027
7796885 132526 4783861 21546 20505 253 174 -366 -602 -636435 -1786048 -6377028 -11 -25900036 -2503587 7774 179 -489695 -172 607 -18094786 4074982 153461 -4651758 -1728863 -169 -1330804 -13509250 175 -19125949 -266395 33160 188 2 89 10954 -108 1479750 -15098 -5383 -2972 6920 -334 -16061493 4319718 -368494 133 1758050 24851 -10 -5540109 -25242 -81 -655464 -32149111 4670399 94739 -42 25380979 -1063 5348 12094637 -9046888 2132967 -151 -838 108 20035486 62 -376 -4628727 2608468 -6717770 -29 187 -8 1198121
-3074711 -14283 -302 -158759 -6 290 2787835 -8 -8615 24433423 -262 9 744566 -3996729 -38535 -3079168 -532 -2726964 10952 -5058847 1015165 -108 52 -34 4616435 646539 106 -927995 203 68 -21173767 -35 5566208 -20456069 -2956703 43624 -26 -18479921 -57 -7285 1573 222 87089 -31743 -161 4688054 -5395161 7238 61465 79 -31 -45269 8990794 -169 16533252 680163 82 -50 87588 -3081164 39552 20287 2108739 176 -32 -1850 -57 75035 -6091 222249 2367088 0 -2476703 4599156 33234 -2 84352
845450 -8505 181 90 22 1527 -3074902 -1266 -56457 -57 1220165 -4694251 26177 54228 -34429321 106 -5 -14 -38473 -1 6863 8504437 -2045963 24 -7569212 1276151 369846 67 -25 -50 146658 3424 -10147 -19602868 5179 39826069 -15514 -4839583 1276 85 -1425 17 -145 -26674 -101 18082 966 50934 -4282 -8901909 -16 796313 -253604 130 32871175 1890272 250 297 -121802 46 296 -229 -2475 2427 2104 89 93 2 11587 -566984 -1025 -3481640 -19 -79 359 93981 660747
-142 213192 -391 -12 4 -78074 197 30436 -5276 -2895 -100 8 153722 -60 -4884 10882 -163 5613115 64 -43608 333 68216 -36277 -21740 -17671598 -20 1167154 203485 5484288 6908471 123084 -18791 1837149 196 56504 143475 -5520 5657631 549509 17205206 -4 -44 1615194 1739899 -5625086 7818381 -116 -1572809 1452399 -2244681 -14643 112 -186924 79878278 -5 322 -56 -1530354 3008 -158339 -49 253 -1048711 205 1944204 -469283 317 200 -6258478 4229640 -275 342814 4622 162 -210 -14849 66001
245417 184 69433587 275 -126 -171 -2084 -2058362 -11524 4099 -465223 12582 -2783 228 20960 -12 29498 470393 42034 -3828687 -3480 1777 -7619687 -7765 -66 -4 -11831 277 -132205 -29681 -106 381 1612856 0 -10822 5546 -44997811 -313996 -19858 4 1753229 -55 54 37 -1671819 141 -86271 114127 -1049589 7497778 32963 29 -105315 -327 315 -15352 -245833 -246 -29255 5462097 4302621 0 31901 -363 -5496690 -47614 -7141 234 -4416159 170474 17016 10086 30541 1143 2712 -534544 -10260
462 -8584 -31762 215 -26501 519 10127 27173 366 82127 -3 194895 8916 -5273 -74 -745082 7585 1344329 44 -50139 -45051 4653 -135144 -1448 -2432 -11797 -6249 -43 -3870107 -54618 3 -19742 -40292 59712 7134 -1623 609632 -82165 -1863407 23 -1201 578768 15529865 67 -8 -12529 71293 7461799 -23312 -3540689 20478 -117 79 -11882 112860 -35775 389567 -79 24893 -15292 -74343 -5897333 206 53 3185730 -2599690 80 -2071629 162480 5993096 -1365257 245 -3774455 36826 -2687526 -2541310 -29076
153 -229 10779794 226 23910 1362 -30927 6870 -531598 -1898 -58313 16568 30523 -86872 11071040 -76685 -3737 -346589 -148 -120 21437 -5507 262 84520 193323 380 -355649 242926 27726694 38398 63521 -25011 14 30 103803 5552158 -3679 -1170500 -8 45 -14148448 113 124 24288 42 5 -152 -6 0 -54484 -130 18 -32284 -227048 16432 94 99249 56954 7439392 -34 4763 -2430 -347 -1875 7204387 -50 29 65003 -146 -27 89 49 -127 757 4 3 -49145119
94053 27720 147 224 1277 789 -175582 -20 10476 -156918 49052 76 -34570 31386 28563 -6064 1391 -558380 -1651 -4469 62 8946 97 33 9403203 -1 -18766 227 2032 14966702 -16 -305 105862 6617 345 30 12235 3438998 39379 -16 -1445 26 -34 -117446 359 286698 8040 -4371408 34 -254 1943400 -278 337 33949 249001 -132040 -930560 -48 1655 -352 -23918 151 19 -73 6321274 407 11943 -69 -2750894 -402 76804 -120 593419 157315 -140163 488894 14284463
-36 -126 -43 659 114 3983 -162 -135 -21 -127625 3179 2429094 -835355 9141356 -5169462 -188 -11 -30704 38145151 -115 208 95 -237666 -1 -8 15659111 103 786365 5930 -7869 3857706 -11371 -25534 22372 32 18788 -69 107 101 -3491 13615308 1044147 -86 346339 11538 -16221851 17080 -8522106 -1420512 -804 36482 -113 91272 -46158 -38 87 55548 790 109403 87 480 16094333 -1410305 -21952 -24131849 -35016983 -4526 2 -38 -170 182 78 -6 -97 -26 2720 5368
99570 -1428999 -3166 -2223 863008 -80 -9 260 -2314107 -17239 -78548 -868 1780 -1086 -8058902 -7197 47850 -1 10 1406465 180378 9014116 -9844454 1199530 -4 -17 -44 -62038 -331 155 -156 -1222517 28873 5353903 0 29 -87 26650 0 123951 -134 31 102436 -54344 5700146 31 10117 709445 -5040 -3 -38531 350 -34532 -7354334 9065 -60422 31780 -70 -26055 -85 -239 -4035 346 -46398 290694 -9217 -21628 19881237 14502 17411791 11900 2589 490 -66662 -417 44 -14550
7413 -121 -1161077 -66330 -173 169 110 12994199 138216 -31140 -101 -458744 29620592 4264840 69652 42655591 90 -540789 3238865 -57502 32490 2317746 27185 -63 -4 -3009947 -458 21986785 8 3723 761773 48 -103 -3 -32 -354341 14 4808640 -28414704 2192450 -25754 6 -91249 -171348 -6665 -12617 -8573 9283727 -123 -68406 4 36082 20 12332 51910 480669 11 -97 147363 191953 5382623 -2989 16 -8047640 -21155 5636837 296 2463 -9 219 75043 39553 485778 5343 -13639 322 121770
2209 -58 59 -4836 70 -5071047 -1477724 107458 228 -1056871 -665 3884 35446 61 111 629 38463 5557 -136 -959 71 -67 -5 -246 -102810 26203 123277 13426052 76640 1309 1699008 -102 189 -10500250 33 154 202 -3396 -1013 954596 -7863 -131 -75 -11924 -119 -18130 5041 -295070 2748 1 18184 79444 6077 1 372 -15105 -17530 59246 -27 -80 -230 114057 0 314 2 -253 -211 -8704575 31057100 -71 12749 -4951 -34611669 -97 83637 -1063990 35389
212 4593125 -529100 -54657 -38 -410515 1632 -45116 -2262494 161 -7250 4121863 -131273 -7875731 -146 -40169 -28 4304 4 -3960 2433 261671 75 -80197 -630591 11581 11851 -167508 522917 8524757 -115 -110 -1937611 101 -436 188 -158 194 -273 393 -36580 95970 28 103392 -78 6 54220153 166648 -25343558 11465031 2974853 2566 -387 6051050 -657988 -191630 -48496 -12786 -170 -17720 0 1259 -236 -63967 11483 -107397 -190 -120 223 110 -1532789 -1669212 176 -1518972 -924201 361 17
0 -21539 -2293945 1369 -408 -1427047 602 -159 82 -87633 2297 -127093 -113 -24392 65 -104 7302 9550 4987836 2949 942 -5231 -923682 -13733 1976 -92683 25052 287 -85 -129 -17228 -31090 -93211 -170765 -147 -30 2867 5932544 -6483 258 1723 -148 65650 -19220 6954667 347491 8303158 230 9 14992 -385 232 447 7024074 -95 23973342 -136 392916 1 -3442295 -409175 -336 575796 14443 -143759 14240 156 18064 35647 17157 -434 46225 546001 -1049 64 1681 -686141
25589 -920729 -32340 14 -12 4425502 -3735 -81154 364277 -13 -343508 -63807298 95652 1749701 -44585 -44918 -131 5 279088 -14966215 -23377 -193 -227 3837923 -175 7832 -80 0 -68087 -5147425 2632 -167 40864 -1470 11082300 36 100029 -175 37 260 -10474 4731 147 -7304 0 -2218856 575595 1 21441779 -2870486 1 -117 -3946 -41001 -72 -2901441 19 44479 -42698 2548263 4937567 -1400 113010 -281021 118 19427 1 -4550902 -19256 5 4693 -13424 18 -293 1449061 -6890 160
-148 21 40759 -1469970 206587 2233394 -141938 23741363 -1594480 -95 0 -40 -8341153 9536 1083035 -20388 128698 228 -1374 -16168 -550 26918 -5778269 4960780 -77 -27 -151761 -289265 -88 -159 1 -92 -75689 27830 8140760 21355 1361 42 43 55717 -571547 -40 2133 -28683 -3690 -53052 4 24438949 3615 311 100 9 15787338 3546 18269303 -28 -75 285 49673 -73 -60 -248 4645008 24444 -5621 18080 -278 60 -609 -18962875 964026 23342 -23173 -216 22243 -80 4337
8 -8 100499 -12 4668769 -692 5 -12 7931 107 265 4164495 -407031 63 59 269 3788820 -4 -233 151 -1033189 -371 -89616 14925 288 -22093 -8183 -218 62 6684179 3086687 6 25161 37747 -24176 -508513 75751 13 -15124506 -916807 6350234 -31384935 6001291 -16852 -6164 8315613 4109986 1749715 31402 -183323 -7881 56312 54747095 -19 -21672 -7 65 -447 -201119 26590 -19 -10460950 36 -4587410 -177 910 -9239 199661 -16122 -4504 23 -267918 -2618 -156 1250567 -541128 -75585
-12 -28 -174092 -23041 312 34196 187 -4987971 -18 3277359 -39 4362994 -7934815 105 71938 -32 -263 70764 811 9205 -4 14663340 -191511 4565189 316811 -4347707 456 -4 13047 42685 -6961 863639 -543089 5371 -320 2203701 -250 -49 103 6884349 -332541 2942 13928148 1822969 -17 -25623 -140 166 -38255 86 -9746475 10916348 -74 5102829 59673 -31073 -6537 694604 -3415 6 -22332169 3394367 -5 -840233 -104 0 -38 -4642 4688756 -56 -11261 -17522712 12582113 -858903 -12353 -5140 -1226190
61976536 43 35116582 98439 194 3 -26 498 -272686 11 -415313 229541 -672 8 2288 -2714 36285 94447 22438 -1443 -3865 7341 27769 -1905416 3522021 -41 0 -78 -1638998 -2 -24 -25732 150 -10606444 370 24981837 -20 -215157 1431604 -3535 -63766 -80 -295 94277 -57 -22181 -1332 214457 16799 -129 12 -27801 -17 2667 179216 -231 107 -19 -88510 242 163 -2221046 300 47654 28264023 37108 12399 39176 -5919 20304 4 224 3840 -316 10 -58012 -450
-27273 168 13522 151886 -1951 74 209150 1804 -123904 70 260 12289 15603 -250 -14165238 -24889288 -182 -38 -220 13859706 -216 92 -139 5670 -4071325 -876400 4465954 56690 -192 -39503571 473 -196951 131815 -19477 -5120913 -5166 90 81 23339 88793 5779 217837 -830939 10596659 20 2110 1970 -73 -71000 -52724 -10086 112 80 324 -123 2 -91 465 -1 -14666001 131 25064066 -4447216 -33305 -68166 29 -61949 137 -198163 8506826 54 14296853 41096 -6871 11794 -146 34566
-2542 9 58457 -184 7252572 339 40 145 -20285 41 -695997 205 -5 14347 -2 -58774 -3327534 29543 -4506 -10455913 -15581 13725 -4971 -13791174 1904114 -3772291 -30261920 6756683 -1238240 15760361 92 -1303357 -6959 13 8063 -301920 -105 -525 1523154 -121 -51 273 14751 110559 6 398755 -25 -29299136 27124 -2424 7122 -400189 -278 -23037303 85554 964565 3264 16059756 8 25799787 -15 348729 -63286 -50170 197 -106 -78450 -5573476 382 -136 909381 23759 55 -15900 -19593 2430668 -13352
-9514 364 1525 -140 11405 4 -1197 -2614 -245 1419267 -3772879 621598 -122002 -1592601 297659 -2 17306 -4516382 74 -2 33 -576812 -157 34 560915 503 6832072 7127 -34492 31413600 191 21464405 1599 -9110279 -5262825 -24616 -10742674 -101 35 -62 115 31 -50 -278855 -12565116 -35 -79341 1568 4119 -330 -17 19289804 -3510 4471 4987 -1975 2443803 -3 -12028988 3078 126 71 -46 631407 -34434 37656 22506407 43316 87 27357268 1433 -4488426 -33321 5821444 -63 -4135 -56
27423261 7823 -255556 -140 -64095 -17685 -996 32992 2 -36 2436201 -16 -21615 -263988 -17942478 -48 26749 -126129 21 53215 7 64 -123485 133 -610808 -12889341 699 3977651 15563292 5 21618 -22680 -482 -307 -137 319494 29 -7902 37 25 -16602 -17210 -190 11239032 -98 -436071 38923 -64 21368 3 -78821 18580 2023 343 -33476101 -7338498 -116 -42854 -1365 -57 -1593 180 47222 -11998655 234195 -308602 -205 89874 -50 -2250 239730 6641971 144791 -6516 12320 5561 -129
-123 -2384591 53024 64985 1046018 -1 -279797 -527124 124 13007 73691 -271 -4512466 26585 -1344 11394566 20789 -6 21 23019 1664315 111 2564395 128 19237 18 -69 13 7 -17 -68573 -2450811 -1792642 56 -4962 887 -4 -78 102 9 0 -148 2983210 -992544 96 6377 -26 11165 277 -16 -469 7521662 -17342 23838257 1776 1725811 -115778 1971 361754 77 -5129747 -91427 -6795 145839 1792 -22769 254165 15593 609310 -109 -1531 371 -371 18483 24782 -7509 -722926
12296136 84539 96 133369 -104 162 -7 23143 363 10 46 -60 110 -5422 -17 -90038 -1741444 5 87 -207 -1864 -4090 20557657 8583 200597 -19130599 -30820 146694 5669 43265 142 -393 -9891576 -266 3449 -859 0 -1002969 23332 -20048 -4853 -54 -2891000 -25 -2280 7164231 56059 -191 -24 2 -96 103377 -28077 -42 -344 0 34005 -115370 -199 -4241177 -170882 -70080 -52 -20313 15 -210203 62 4795 69 -2325159 245 -431806 2 -24197465 -187 270157 -123
2489 -10727 -170437 -3 12 22 72 225 -169244 -253 60956 -1222229 -620406 214072 1381 297262 -936316 -231 63 5879 -38720 5273 -2344560 -78783 83825 -597 -50506 -60 19 -35722 2312857 -2361516 -592934 -101294 -11 -322 -29973 -120698 -2977 183 3283 -1077572 11041 -30294 -322 36423 0 -26358 9626610 8 -5822533 1927472 -9672 203 9231 -2114 -78 61 18 -2098 32144086 4303 -19557 -4714 27501 478 -16675 13120 -432 -1589646 9978987 319173 -129680 4488098 -886161 198 251
63951 -16678 2465023 1500 -94900 7907 293165 -36744 -295 97925 -12712 -21402428 216 11727 -62 -236 86 -24 391 153262 16912 1891537 -1962 -40563 -1811 540 -894 4 -1385042 11 13 -3 -109 -45030 976047 120 119204 21109 -48 -63 -28 -194 2913293 63 -1058344 1002225 -22266 -8511469 -176 -69 -33371 6102715 -1063874 6245 -2582317 -1796994 -98 -24 -2 -1 2438183 -373 -145 3960 -3320248 -3295594 -61606 226 -9 -14084626 -19 32337 108119 180 39 384 6
6737 -27023 -4668 37 -368804 2643612 262 -388 -136271 1398 -49 -770 6837 -12 -146 859314 -41 -27410 -2952427 8461 -78953 -4572 192 -106 -10590 90 22225 -11980 14056 54 -3203 173905 3202 -10581 44703 -7901973 31 -2775587 -77554 -232 279 -69 -773080 -42432 -21192 2620702 41668884 -30 61949 -6467 8162208 -30 -62 -9617 16 -1173 -16528 -5594 31 1732370 31 7124 1055381 -82774 2679 407845 -10 24213 -4263103 77 14353992 -35 1655 -12246 133 -43636 -114402
235319 6535 -1646 -593938 68923 1704395 61764 441358 20066 -401 -92 366 -595 1811571 48 3749552 244 240935 6057 292 -56 -131 -71 41247 6502799 -149 14 -26594 -145 5923 -2376 -39665 36 -20418 104 20082 25282 3861835 -9849 6419351 3115223 -23576 -95018 -23212 35343939 -15925 764 422 -2988 -4786526 -159 46 65 3860925 -634919 57 -10037 -5815447 -45 -36239 44 10426 3339821 438 -5276 -42816 11918922 -1365 13705 -45169 -9807 -78 745675 -114303 -317843 -26179 143032
-4494448 27 15579690 3027566 -9950 1952 6484 -1 3418682 -67 69574 105826 -248 33173 4587063 -866 -3409 -366 3431 -30895 -8350 -2023125 387 -3409067 -73 -1871783 28795 12762 -96769 2238093 -19006 -33540 2883296 -4147 295 -307 20544 21916055 -8489 32659 -1609 5417 4871 -2813871 50291746 -44913202 1783 32923 30552 73272 -3232707 3483 6307268 1720211 -1355 -53872 7831 -342 -189288 153 71 -8985507 -164 -9306 -363 29694097 -271369 -15616 -1162 5 209 17447 2267144 16023214 -12184 -37258 1405
-188 1442665 2987 -249480 1412 6693027 74 -8073 -2206 17832918 -77026 4 -115 381216 -477982 7769 -7537 -6010 -2 20328443 -25706 -374864 2025206 -92314 11 -64 227955 5678 30 30175 3239103 -7391771 -1996174 -60500 76895 -36 -105 -154 -1097732 6892 -27 495454 -3838 -4456 33473 -316745 -31 -1990461 417 -113 -40189098 -9396131 628441 -17 -14393 1946 -24965 -438148 38459 136 -45937 37562 -26937 -934382 -30552 283946 -14347517 -10279 -20271 40342186 38 -1510402 207 44466417 -2189 6 -50072
31 923 -3125 7827 41 70875 17 16402850 -209 306 1586267 42 -360008 -1061970 34 14 -6827 -24732728 15732500 939955 78091 451507 1113458 -963567 24 53 -5544 53886 -73354 47469 15719 -9800741 -67720 235007 23789903 4121792 -2056153 46 -428856 75949 -6283191 -167 -2281753 4 97 4 19708 91203 1767218 -22550 -253 -2144257 -70 -1119093 1116 95 -106 19400 31 37402 285 -77327 15063 64 638525 82 -113 114 0 52 -208 5152625 -71 2808 -61 41085905 32689
2327427 0 -116 -5 -7698 -764 1274 7 -770163 -6 8 -62911 2113346 82 -40396 47 -3837378 1 -56303345 9323546 -6 -160 -17455 -9537265 -116 11561 -316 106 16783333 -232997 1281 -3789498 33108 -7234489 20 -344 1088596 8247 47845 1287018 -12838710 -1160501 1575 82 24160923 -111 -121 5858 902932 142703 -132 -50 -16484581 -34 -13361 -342 35 -171414 -114756 -22 -65 -28490 7338852 114 -317733 227 -16785 -9908762 -856122 12270 648313 40036 -65079 88772 90 -3126858 -65
216267 -94 -8382893 -19517097 4 -11446 -10535853 53 345 -1448177 -1926 229 -184 -1112 -1017381 2033441 -3 -103790 -11425795 -1 -33221913 -6761 95088 46799 88 663 17610 145827 -1109 18 -24097 -50 -238 -267630 -4756326 -141 76357 -178381 36 6108073 329 48801 -18962 -75 2 67 -12956 20543 -92 65 1169329 -1583 -70 29479 60041 45658 -54 -1492 21 -3066113 -297057 34387 10644 -230 100591 704 255293 19795568 236 -160 166 12780185 21249 18088 -943564 -30644 -414942
1204773 66 25 71 -41421 5554726 10 -3 11209052 -33284 23313 -7379486 -48003 183 26491 30 -4 -519137 32745737 3489952 50691436 -32021 -4193 -121 -45737 -8 295253 321 123 -772234 -6897 -5479924 30437 -330236 -32561 -204056 -15577697 16867123 5413200 -517825 -440 -14150 -1899 17752769 31810 -509169 -11586 7351879 396754 17 814665 -27177 68232 -12730 -1722529 -7307 -11760069 224834 -3119709 -116 9067 229 16079 7842707 -4827 -17759 14029198 1798 37104936 30691292 -2601102 311 5239 1 -326 -1417567 30367
2662380 -13546501 -18889 147 -53 560 7 18644 1617108 -99 5619 43 39048 -273818 -203111 57 1312 427311 -158 -1933548 226 -110 21612 -866651 -1047 -151 -19105202 -77198 1891902 -238 -181166 177 -187695 38994 -34 -102 4111212 -82 1985 29601 -28771 100316 -45810 2715279 -131 32983 -6805 -280 417808 -107543 -299136 74857 34062 438 17778 4234 -86 42234 31389 -35906 327816 -101833 -171 8594 -10502039 6151403 44037 16450732 129 -284 -12651 1 -142 18164 17591416 -17722891 301
-15 165922 -5 230 70 -2187921 -444 5 -20491 -882 -3241447 227 -17733 -18611 62159 148 107 1296569 -50228 -200 30 18 -6065454 -157 -124457 329 426 41 1610607 376310 -29870 352020 1682757 -4205900 14620 -114163 40 125504 -2802090 149 1854 -29 -72 322 -35642 24188 -37573 -11624 -181 13 52 3189 -191 -14529 7830018 -37150 -125 8329 -90 -31 -219 -865637 -74 -21195 346 -565127 245510 23749192 -2384 292 619281 1198461 24497 -152805 6173 2996228 -53
13239 -112 -52706130 3125417 -265414 -138 209 -262849 -169 969456 14891443 16 -3084791 -1486865 2117439 14385 65957 -142448 1703465 -2934452 202459 237 -5899 -6459 -280 -89926 -1169 637901 -843 -913 1621435 139 -44574 -195 1646825 714 60 -26003973 7413275 50 22962 101 7 -572708 24296 -43 18953 -20 4903 -1943 -19821 49168 -75253 228 922 916664 3660117 -13 502402 927160 -32 -4961 -15208 3 1040137 -1 -8743450 19399 172484 2 -240 18168801 28484 60684 -4 -4 776458
11 -58 -62 13 1 29909 -28930 -100 -779745 83 3038738 30320 -16549 1066 4114363 23388 26272 -15776 3728309 -159 364983 -1797 -35612 7106112 10392179 871249 -29975 1980817 32 -31 2823 -12345 23881 -212 -6719938 9496 99745 3986620 1049901 6383 103 33 -310 68 5644989 3840821 -7740 79 6266 -6 8888 -717 -258610 -21062 -7 -865446 -227 3869919 -1572945 204732 -5970653 -28726 343 -3915538 -4404 -2867375 -28106 -7825 -348751 131 127819 -105422 3975 -396 -2393877 76 -13
-17614 19284 7931216 144 32428 -2494841 5949 67342 -84 -8252 3624 -233903 -178 39054 21003 509077 -95 75199 7446 -16117 1711887 -9896 1 -524395 132 67415 -6441 231 13633 2 -19 1347055 -134 5479 -144 -18708 -1415821 -38 69303 -59 102365 42673 46993 -3158 6335 -39947 42324 -10046 632779 38434 -26329825 -1184906 -143 -6 -57593 -7516779 4466 -129 14588 19628 -930871 231555 -4 6298052 162373 -34472 -2561 9905804 -20722 -39483 134122 161866 -5691 2415990 7785 135887 -47
-218 -393 -107 19969 10908164 2037343 -263469 269 -3354745 -21316 -54771 756 -346 335 505 -982483 -13738 -4118858 -73996 0 -156 10158983 -195 64 -8426 -219 -45237 -17 -11569 -1225622 71 -11137 1435357 15678 107 -271361 -9211168 199 768690 -2407180 -92 8652 -282 -199542 -30079 578919 15110 -2184954 -19546 2469 1436 36 428857 -694040 78 0 -134 381875 163 42 42115 -114821 219 -3542 11903 -39098 -3541463 -9403 91853 33849 -1978 166 -7728 -1044905 -41 141 64414
-247369 -30459 -129 -120 111814 -24042857 -1 138 -114 18 -12 19610 -101395 13 -114359 -24282 4 3636 -6155 -317611 25368 -277 1 314 -7362 40 307468 64987 653998 4296873 -1586 -756163 3039243 4039234 50 -7613 21177590 -32 -108 73297 6289 -5 19605 8754 -84876 35 244038 2319343 -162 9591144 171268 -165 78740 -15111 18276 5897526 -9 413 -5064566 2590 106 272 13954 10 -75 48528 -9604064 5835821 -1620048 2018000 4 -271 18567 -999943 -17590 2108 -26
797450 38094 -103240 1574 -6573 40233 57 1799691 286378 -286 -171230 8 69380 -281 53167 492 47 1753018 -6659504 41092 -2043099 608553 -435496 -8551 -8193683 25999312 83026 -17 44946 3607228 -31790 -3478 -289657 413093 -108 944969 188767 -241 -808261 -6610935 -2947 -1 -3985 207545 11274 60 -310427 8 268 -12391339 4631820 417822 -7149939 2149935 14 7188581 -20679661 -107 1954 116 552788 -14 167 -1891 335 12 -6033 -335 49513 -95 -8847 167 422182 -251 27479 22029 10344
-1401109 180 -7798 216 11639 42 122 37227 -1125 22 24786426 1366652 52 43036 52195 887 160 47 25720862 2361289 -7302 47694 -1339465 3759636 -59986 -30791 1276293 -10277 -23 28491 -9818 -30648200 17 -156 8064848 54 -188 -15697 -80 74923 29 463433 1261568 -1046225 1 4410 -59139 -8563 -161944 -1989 14460 128 -2141152 194 -29265 -8429105 -1 153447 90518 -66608 6629638 3480 -263 -7567037 82153 42 -271773 41 8291582 -386109 -98 139730 16463 -47186 4632132 -32034 -19283
9696 -6442241 -77 243 -35628168 -40791058 -100 39 104164 212 54 -2 262 -351 -2872130 -12011 -8 -12521 345 -3 4848060 49801 38 -204 -3780993 125 104 -91 144036 3023856 19673 587448 1241 -59 -34332 358697 -16 -12110281 -9978 247431 73 -7572 -291724 587 435396 120 -4336755 4154058 -237634 -767123 -12 8323 -134 -3543 8611 1 313 -5499 634 55530 -129192 -68120001 2711 832984 18 -2873135 -119 -2470 -102293 -86573 241 -12454 -63074 -4492603 -4284 56183136 1941606
42 17791 -19706 6152 -36155 6268711 -17657958 24 -504886 -131 344 7130 -3406 -17 885091 151 1519413 13685 946312 35640 -100 -4076592 -215 -40 -221339 -11092 -41 -9041640 -10800 166 1435 1535492 -166 3415258 -2002 177 -19566 114 -42438717 1004 -1013 17050 -96555 30429530 -128 223 6094 149 43595 6 -6795 -23337 2939569 -257 -24738 14480 -360 48 -92 -434 17336 -15122109 33034 -701 -42 20465 -264 13694 75 -46 18013 14327169 -22837 -7626 6839821 133633 -22963
-23589 2429995 132 6944976 -45668 23591 -4808406 1692643 -43 5737168 2030734 -822 -102949 -2 33490 7529 85164 12128 100 -364723 11342 56527 260 -57889 8742 -208 -33 57929 -21606 84 -157 -14059 -288 216 -42 17871 -31 17860 -37327 -105 290 -1504249 -32982 119 2589 6 -15667 -46 55828 -16375852 -174 267 30 -5176421 1957 0 2574438 8965959 2931440 -7 -23543 -1012 584029 -22303724 252 -2569797 109 2493 -101 -38069762 9 -102911 -5916371 5 -22843 5686964 6
