50 36 178
1 2 3 4 5 6 7 8 9 10 11 12 13 14 15 16 17 18 19 20 21 22 23 24 25 26 27 28 29 30 31 32 33 34 35 36
2 3 4 5 6 7 8 9 10 11 12 13 14 15 16 17 18 19 20 21 22 23 24 25 26 27 28 29 30 31 32 33 34 35 36 37
3 4 5 6 7 8 9 10 11 12 13 14 15 16 17 18 19 20 21 22 23 24 25 26 27 28 29 30 31 32 33 34 35 36 37 38
4 5 6 7 8 9 10 11 12 13 14 15 16 17 18 19 20 21 22 23 24 25 26 27 28 29 30 31 32 33 34 35 36 37 38 39
5 6 7 8 9 10 11 12 13 14 15 16 17 18 19 20 21 22 23 24 25 26 27 28 29 30 31 32 33 34 35 36 37 38 39 40
6 7 8 9 10 11 12 13 14 15 16 17 18 19 20 21 22 23 24 25 26 27 28 29 30 31 32 33 34 35 36 37 38 39 40 41
7 8 9 10 11 12 13 14 15 16 17 18 19 20 21 22 23 24 25 26 27 28 29 30 31 32 33 34 35 36 37 38 39 40 41 42
8 9 10 11 12 13 14 15 16 17 18 19 20 21 22 23 24 25 26 27 28 29 30 31 32 33 34 35 36 37 38 39 40 41 42 43
9 10 11 12 13 14 15 16 17 18 19 20 21 22 23 24 25 26 27 28 29 30 31 32 33 34 35 36 37 38 39 40 41 42 43 44
10 11 12 13 14 15 16 17 18 19 20 21 22 23 24 25 26 27 28 29 30 31 32 33 34 35 36 37 38 39 40 41 42 43 44 45
11 12 13 14 15 16 17 18 19 20 21 22 23 24 25 26 27 28 29 30 31 32 33 34 35 36 37 38 39 40 41 42 43 44 45 46
12 13 14 15 16 17 18 19 20 21 22 23 24 25 26 27 28 29 30 31 32 33 34 35 36 37 38 39 40 41 42 43 44 45 46 47
13 14 15 16 17 18 19 20 21 22 23 24 25 26 27 28 29 30 31 32 33 34 35 36 37 38 39 40 41 42 43 44 45 46 47 48
14 15 16 17 18 19 20 21 22 23 24 25 26 27 28 29 30 31 32 33 34 35 36 37 38 39 40 41 42 43 44 45 46 47 48 49
15 16 17 18 19 20 21 22 23 24 25 26 27 28 29 30 31 32 33 34 35 36 37 38 39 40 41 42 43 44 45 46 47 48 49 50
16 17 18 19 20 21 22 23 24 25 26 27 28 29 30 31 32 33 34 35 36 37 38 39 40 41 42 43 44 45 46 47 48 49 50 51
17 18 19 20 21 22 23 24 25 26 27 28 29 30 31 32 33 34 35 36 37 38 39 40 41 42 43 44 45 46 47 48 49 50 51 52
18 19 20 21 22 23 24 25 26 27 28 29 30 31 32 33 34 35 36 37 38 39 40 41 42 43 44 45 46 47 48 49 50 51 52 53
19 20 21 22 23 24 25 26 27 28 29 30 31 32 33 34 35 36 37 38 39 40 41 42 43 44 45 46 47 48 49 50 51 52 53 54
20 21 22 23 24 25 26 27 28 29 30 31 32 33 34 35 36 37 38 39 40 41 42 43 44 45 46 47 48 49 50 51 52 53 54 55
21 22 23 24 25 26 27 28 29 30 31 32 33 34 35 36 37 38 39 40 41 42 43 44 45 46 47 48 49 50 51 52 53 54 55 56
22 23 24 25 26 27 28 29 30 31 32 33 34 35 36 37 38 39 40 41 42 43 44 45 46 47 48 49 50 51 52 53 54 55 56 57
23 24 25 26 27 28 29 30 31 32 33 34 35 36 37 38 39 40 41 42 43 44 45 46 47 48 49 50 51 52 53 54 55 56 57 58
24 25 26 27 28 29 30 31 32 33 34 35 36 37 38 39 40 41 42 43 44 45 46 47 48 49 50 51 52 53 54 55 56 57 58 59
25 26 27 28 29 30 31 32 33 34 35 36 37 38 39 40 41 42 43 44 45 46 47 48 49 50 51 52 53 54 55 56 57 58 59 60
26 27 28 29 30 31 32 33 34 35 36 37 38 39 40 41 42 43 44 45 46 47 48 49 50 51 52 53 54 55 56 57 58 59 60 61
27 28 29 30 31 32 33 34 35 36 37 38 39 40 41 42 43 44 45 46 47 48 49 50 51 52 53 54 55 56 57 58 59 60 61 62
28 29 30 31 32 33 34 35 36 37 38 39 40 41 42 43 44 45 46 47 48 49 50 51 52 53 54 55 56 57 58 59 60 61 62 63
29 30 31 32 33 34 35 36 37 38 39 40 41 42 43 44 45 46 47 48 49 50 51 52 53 54 55 56 57 58 59 60 61 62 63 64
30 31 32 33 34 35 36 37 38 39 40 41 42 43 44 45 46 47 48 49 50 51 52 53 54 55 56 57 58 59 60 61 62 63 64 65
31 32 33 34 35 36 37 38 39 40 41 42 43 44 45 46 47 48 49 50 51 52 53 54 55 56 57 58 59 60 61 62 63 64 65 66
32 33 34 35 36 37 38 39 40 41 42 43 44 45 46 47 48 49 50 51 52 53 54 55 56 57 58 59 60 61 62 63 64 65 66 67
33 34 35 36 37 38 39 40 41 42 43 44 45 46 47 48 49 50 51 52 53 54 55 56 57 58 59 60 61 62 63 64 65 66 67 68
34 35 36 37 38 39 40 41 42 43 44 45 46 47 48 49 50 51 52 53 54 55 56 57 58 59 60 61 62 63 64 65 66 67 68 69
35 36 37 38 39 40 41 42 43 44 45 46 47 48 49 50 51 52 53 54 55 56 57 58 59 60 61 62 63 64 65 66 67 68 69 70
36 37 38 39 40 41 42 43 44 45 46 47 48 49 50 51 52 53 54 55 56 57 58 59 60 61 62 63 64 65 66 67 68 69 70 71
37 38 39 40 41 42 43 44 45 46 47 48 49 50 51 52 53 54 55 56 57 58 59 60 61 62 63 64 65 66 67 68 69 70 71 72
38 39 40 41 42 43 44 45 46 47 48 49 50 51 52 53 54 55 56 57 58 59 60 61 62 63 64 65 66 67 68 69 70 71 72 73
39 40 41 42 43 44 45 46 47 48 49 50 51 52 53 54 55 56 57 58 59 60 61 62 63 64 65 66 67 68 69 70 71 72 73 74
40 41 42 43 44 45 46 47 48 49 50 51 52 53 54 55 56 57 58 59 60 61 62 63 64 65 66 67 68 69 70 71 72 73 74 75
41 42 43 44 45 46 47 48 49 50 51 52 53 54 55 56 57 58 59 60 61 62 63 64 65 66 67 68 69 70 71 72 73 74 75 76
42 43 44 45 46 47 48 49 50 51 52 53 54 55 56 57 58 59 60 61 62 63 64 65 66 67 68 69 70 71 72 73 74 75 76 77
43 44 45 46 47 48 49 50 51 52 53 54 55 56 57 58 59 60 61 62 63 64 65 66 67 68 69 70 71 72 73 74 75 76 77 78
44 45 46 47 48 49 50 51 52 53 54 55 56 57 58 59 60 61 62 63 64 65 66 67 68 69 70 71 72 73 74 75 76 77 78 79
45 46 47 48 49 50 51 52 53 54 55 56 57 58 59 60 61 62 63 64 65 66 67 68 69 70 71 72 73 74 75 76 77 78 79 80
46 47 48 49 50 51 52 53 54 55 56 57 58 59 60 61 62 63 64 65 66 67 68 69 70 71 72 73 74 75 76 77 78 79 80 81
47 48 49 50 51 52 53 54 55 56 57 58 59 60 61 62 63 64 65 66 67 68 69 70 71 72 73 74 75 76 77 78 79 80 81 82
48 49 50 51 52 53 54 55 56 57 58 59 60 61 62 63 64 65 66 67 68 69 70 71 72 73 74 75 76 77 78 79 80 81 82 83
49 50 51 52 53 54 55 56 57 58 59 60 61 62 63 64 65 66 67 68 69 70 71 72 73 74 75 76 77 78 79 80 81 82 83 84
50 51 52 53 54 55 56 57 58 59 60 61 62 63 64 65 66 67 68 69 70 71 72 73 74 75 76 77 78 79 80 81 82 83 84 85
178 178 178 178 178 178 178 178 178 178 178 178 178 178 178 178 178 178 178 178 178 178 178 178 178 178 178 178 178 178 178 178 178 178 178 178
178 178 178 178 178 178 178 178 178 178 178 178 178 178 178 178 178 178 178 178 178 178 178 178 178 178 178 178 178 178 178 178 178 178 178 178
178 178 178 178 178 178 178 178 178 178 178 178 178 178 178 178 178 178 178 178 178 178 178 178 178 178 178 178 178 178 178 178 178 178 178 178
178 178 178 178 178 178 178 178 178 178 178 178 178 178 178 178 178 178 178 178 178 178 178 178 178 178 178 178 178 178 178 178 178 178 178 178
178 178 178 178 178 178 178 178 178 178 178 178 178 178 178 178 178 178 178 178 178 178 178 178 178 178 178 178 178 178 178 178 178 178 178 178
178 178 178 178 178 178 178 178 178 178 178 178 178 178 178 178 178 178 178 178 178 178 178 178 178 178 178 178 178 178 178 178 178 178 178 178
178 178 178 178 178 178 178 178 178 178 178 178 178 178 178 178 178 178 178 178 178 178 178 178 178 178 178 178 178 178 178 178 178 178 178 178
178 178 178 178 178 178 178 178 178 178 178 178 178 178 178 178 178 178 178 178 178 178 178 178 178 178 178 178 178 178 178 178 178 178 178 178
178 178 178 178 178 178 178 178 178 178 178 178 178 178 178 178 178 178 178 178 178 178 178 178 178 178 178 178 178 178 178 178 178 178 178 178
178 178 178 178 178 178 178 178 178 178 178 178 178 178 178 178 178 178 178 178 178 178 178 178 178 178 178 178 178 178 178 178 178 178 178 178
178 178 178 178 178 178 178 178 178 178 178 178 178 178 178 178 178 178 178 178 178 178 178 178 178 178 178 178 178 178 178 178 178 178 178 178
178 178 178 178 178 178 178 178 178 178 178 178 178 178 178 178 178 178 178 178 178 178 178 178 178 178 178 178 178 178 178 178 178 178 178 178
178 178 178 178 178 178 178 178 178 178 178 178 178 178 178 178 178 178 178 178 178 178 178 178 178 178 178 178 178 178 178 178 178 178 178 178
178 178 178 178 178 178 178 178 178 178 178 178 178 178 178 178 178 178 178 178 178 178 178 178 178 178 178 178 178 178 178 178 178 178 178 178
178 178 178 178 178 178 178 178 178 178 178 178 178 178 178 178 178 178 178 178 178 178 178 178 178 178 178 178 178 178 178 178 178 178 178 178
178 178 178 178 178 178 178 178 178 178 178 178 178 178 178 178 178 178 178 178 178 178 178 178 178 178 178 178 178 178 178 178 178 178 178 178
178 178 178 178 178 178 178 178 178 178 178 178 178 178 178 178 178 178 178 178 178 178 178 178 178 178 178 178 178 178 178 178 178 178 178 178
178 178 178 178 178 178 178 178 178 178 178 178 178 178 178 178 178 178 178 178 178 178 178 178 178 178 178 178 178 178 178 178 178 178 178 178
178 178 178 178 178 178 178 178 178 178 178 178 178 178 178 178 178 178 178 178 178 178 178 178 178 178 178 178 178 178 178 178 178 178 178 178
178 178 178 178 178 178 178 178 178 178 178 178 178 178 178 178 178 178 178 178 178 178 178 178 178 178 178 178 178 178 178 178 178 178 178 178
178 178 178 178 178 178 178 178 178 178 178 178 178 178 178 178 178 178 178 178 178 178 178 178 178 178 178 178 178 178 178 178 178 178 178 178
178 178 178 178 178 178 178 178 178 178 178 178 178 178 178 178 178 178 178 178 178 178 178 178 178 178 178 178 178 178 178 178 178 178 178 178
178 178 178 178 178 178 178 178 178 178 178 178 178 178 178 178 178 178 178 178 178 178 178 178 178 178 178 178 178 178 178 178 178 178 178 178
178 178 178 178 178 178 178 178 178 178 178 178 178 178 178 178 178 178 178 178 178 178 178 178 178 178 178 178 178 178 178 178 178 178 178 178
178 178 178 178 178 178 178 178 178 178 178 178 178 178 178 178 178 178 178 178 178 178 178 178 178 178 178 178 178 178 178 178 178 178 178 178
178 178 178 178 178 178 178 178 178 178 178 178 178 178 178 178 178 178 178 178 178 178 178 178 178 178 178 178 178 178 178 178 178 178 178 178
178 178 178 178 178 178 178 178 178 178 178 178 178 178 178 178 178 178 178 178 178 178 178 178 178 178 178 178 178 178 178 178 178 178 178 178
178 178 178 178 178 178 178 178 178 178 178 178 178 178 178 178 178 178 178 178 178 178 178 178 178 178 178 178 178 178 178 178 178 178 178 178
178 178 178 178 178 178 178 178 178 178 178 178 178 178 178 178 178 178 178 178 178 178 178 178 178 178 178 178 178 178 178 178 178 178 178 178
178 178 178 178 178 178 178 178 178 178 178 178 178 178 178 178 178 178 178 178 178 178 178 178 178 178 178 178 178 178 178 178 178 178 178 178
178 178 178 178 178 178 178 178 178 178 178 178 178 178 178 178 178 178 178 178 178 178 178 178 178 178 178 178 178 178 178 178 178 178 178 178
178 178 178 178 178 178 178 178 178 178 178 178 178 178 178 178 178 178 178 178 178 178 178 178 178 178 178 178 178 178 178 178 178 178 178 178
178 178 178 178 178 178 178 178 178 178 178 178 178 178 178 178 178 178 178 178 178 178 178 178 178 178 178 178 178 178 178 178 178 178 178 178
178 178 178 178 178 178 178 178 178 178 178 178 178 178 178 178 178 178 178 178 178 178 178 178 178 178 178 178 178 178 178 178 178 178 178 178
178 178 178 178 178 178 178 178 178 178 178 178 178 178 178 178 178 178 178 178 178 178 178 178 178 178 178 178 178 178 178 178 178 178 178 178
178 178 178 178 178 178 178 178 178 178 178 178 178 178 178 178 178 178 178 178 178 178 178 178 178 178 178 178 178 178 178 178 178 178 178 178
178 178 178 178 178 178 178 178 178 178 178 178 178 178 178 178 178 178 178 178 178 178 178 178 178 178 178 178 178 178 178 178 178 178 178 178
178 178 178 178 178 178 178 178 178 178 178 178 178 178 178 178 178 178 178 178 178 178 178 178 178 178 178 178 178 178 178 178 178 178 178 178
178 178 178 178 178 178 178 178 178 178 178 178 178 178 178 178 178 178 178 178 178 178 178 178 178 178 178 178 178 178 178 178 178 178 178 178
178 178 178 178 178 178 178 178 178 178 178 178 178 178 178 178 178 178 178 178 178 178 178 178 178 178 178 178 178 178 178 178 178 178 178 178
178 178 178 178 178 178 178 178 178 178 178 178 178 178 178 178 178 178 178 178 178 178 178 178 178 178 178 178 178 178 178 178 178 178 178 178
178 178 178 178 178 178 178 178 178 178 178 178 178 178 178 178 178 178 178 178 178 178 178 178 178 178 178 178 178 178 178 178 178 178 178 178
178 178 178 178 178 178 178 178 178 178 178 178 178 178 178 178 178 178 178 178 178 178 178 178 178 178 178 178 178 178 178 178 178 178 178 178
178 178 178 178 178 178 178 178 178 178 178 178 178 178 178 178 178 178 178 178 178 178 178 178 178 178 178 178 178 178 178 178 178 178 178 178
178 178 178 178 178 178 178 178 178 178 178 178 178 178 178 178 178 178 178 178 178 178 178 178 178 178 178 178 178 178 178 178 178 178 178 178
178 178 178 178 178 178 178 178 178 178 178 178 178 178 178 178 178 178 178 178 178 178 178 178 178 178 178 178 178 178 178 178 178 178 178 178
178 178 178 178 178 178 178 178 178 178 178 178 178 178 178 178 178 178 178 178 178 178 178 178 178 178 178 178 178 178 178 178 178 178 178 178
178 178 178 178 178 178 178 178 178 178 178 178 178 178 178 178 178 178 178 178 178 178 178 178 178 178 178 178 178 178 178 178 178 178 178 178
178 178 178 178 178 178 178 178 178 178 178 178 178 178 178 178 178 178 178 178 178 178 178 178 178 178 178 178 178 178 178 178 178 178 178 178
178 178 178 178 178 178 178 178 178 178 178 178 178 178 178 178 178 178 178 178 178 178 178 178 178 178 178 178 178 178 178 178 178 178 178 178
6174 23928 25769 30092 2795 105 5651 28117 27324 15409 12617 4038 3182 6602 17582 29770 6417 661 9839 8675 8685 5195 18606 8257 13764 28982 6368 27155 23383 24737 28275 12573 5419 21389 19636 10379
21133 8613 31729 18821 29140 4724 15834 17923 14310 1750 8493 7651 24830 22188 14483 2617 11948 14036 14533 13030 5917 15193 16882 25196 31132 18918 22629 11264 31833 4225 20579 14305 30569 21621 12626 10729
4367 11664 21537 22113 28474 399 16611 14618 8782 21463 4029 25273 11559 15718 20739 20563 20060 8456 16542 24890 28352 28622 18609 24342 22831 4540 6012 19511 8071 18114 19584 27689 20724 5102 227 14985
25969 4319 12055 17432 651 10621 15799 5646 32104 10215 12721 14257 15881 6829 19370 25125 26572 27456 5278 27270 27445 14502 7623 4660 25837 19058 30657 12654 28171 12276 9451 28707 16787 24493 2832 260
23356 27397 10311 4830 29559 6721 3863 27687 31916 1199 28127 25815 1479 31011 9589 12921 9715 19111 13070 14977 21925 21871 29022 24288 22749 20491 29952 30934 7849 15584 2071 30215 14826 4057 2358 19410
22362 23642 12669 13534 21710 8054 1541 27893 23993 31329 30847 24342 12530 28968 31511 31173 29623 415 2975 7590 13809 9883 31209 23114 3001 7010 28020 27977 24604 29536 28235 14225 25883 23068 29995 7421
17654 3946 18148 554 30891 29665 7937 23686 26553 14735 28075 2217 13609 3308 11467 23273 24015 18957 4207 7720 3022 4634 5743 29937 17242 21762 14672 20676 19650 9069 19048 29613 32685 23795 14147 12315
21411 3723 15942 23280 22992 5446 22162 9173 1029 22845 20268 18384 23808 13511 26970 21016 5613 23536 29264 24360 3373 22567 8203 5650 12885 27703 13694 19478 27514 29817 12780 1651 24492 5959 3989 20093
19136 22963 21908 3056 15955 27769 264 22916 29707 17715 2418 1985 5408 22476 1118 16917 6939 1079 11334 2596 11742 3169 20147 32095 8933 9828 26021 6360 459 32509 24629 28500 12816 16448 24185 1442
13849 28810 25768 18732 6008 15800 18814 21708 26734 2198 25570 30689 32430 17562 15303 13217 19300 32723 16976 8881 29814 10012 21815 32499 4874 23189 4463 14751 15176 26196 14600 22933 12641 13143 12372 5105
28624 17597 22088 21216 25312 5430 15396 7859 32110 26809 87 7474 2800 26229 20636 6963 25270 3849 22378 21611 24688 25335 6283 28035 17905 19798 266 21614 27186 9928 11859 31483 22938 25772 12438 8102
19324 18581 19564 6324 4322 9210 32701 21887 24713 1071 19937 2574 9260 23187 5893 14568 11013 29964 32465 3882 26002 23216 9800 18136 3733 24773 15599 881 25950 3052 11569 23750 23884 4505 26626 3083
26258 3526 5059 28463 13367 16617 8805 22121 9057 27171 4818 20500 10194 4538 24968 26300 25011 22473 27783 1401 16528 6966 20078 30331 22437 3301 29921 12263 18264 811 30253 25314 24582 8582 27183 234
25090 10379 19058 11117 32475 543 7575 16788 32734 24042 29178 96 13788 29193 27538 26873 5678 13315 26905 24899 10485 7679 1133 17073 11430 21556 29239 19294 4807 16032 1226 9562 14835 27389 22094 30785
2340 19185 24093 14611 20530 8837 30061 11327 4502 15064 3888 19969 6516 11541 10040 5358 1497 22946 11423 17102 9281 24474 27494 14249 18524 10366 14684 31525 17 23591 27201 28687 18628 20735 20268 26167
10708 19569 17706 32385 22632 10142 5928 5433 18540 11346 14099 9895 20182 15926 4669 25059 14638 9287 1283 24043 32333 1670 12717 9459 27749 29681 16021 2556 30785 1203 16268 31912 4558 27800 20089 20301
8667 4547 5955 9032 5405 31651 23281 28564 6262 11811 11792 21915 27254 17697 30293 14411 26147 25634 27524 18797 10997 20036 8080 306 1573 14964 20996 13327 296 14304 4769 15051 14710 13999 30537 24791
25999 2288 26908 3293 11072 28625 19680 22427 11042 2322 2726 1266 25957 12473 14506 4922 23499 11014 28028 21721 5367 10921 32093 18452 25832 1843 9964 8485 7873 14283 29442 14989 5067 26146 19418 24491
956 11689 3957 9614 25146 23297 8508 17928 5531 16306 16104 12547 4847 28193 7327 18456 31552 29116 3167 30814 7704 22392 13472 9856 1348 6781 6709 8467 28120 18719 372 3366 21107 30225 27286 282
27332 18901 11617 16820 17485 18551 30724 21872 22631 8059 13634 25112 17287 4116 7634 2198 447 18839 30982 13063 21640 18478 20652 2320 13758 3025 7218 32373 31724 15218 9997 12263 5066 2168 13914 542
29444 26223 12742 14120 10301 27390 21420 28161 11348 27161 9342 16483 22758 8823 17766 29407 10260 3655 20013 27437 8582 11295 16987 24769 6319 21557 24992 31646 8275 28113 22386 21871 22343 6402 3576 4308
29305 8337 10279 31482 10288 18483 26411 27502 24724 19202 32520 22067 20336 7726 7809 17426 23351 19440 11833 9521 30021 31424 2840 12775 18280 29896 16368 19919 23199 17304 608 8475 6945 13339 30457 23595
23969 22218 160 22879 18897 20511 7987 4393 20005 3405 8560 5222 217 12590 11794 238 4661 19837 26684 9321 13328 15429 13083 16741 6803 11673 22728 10918 31295 15750 6251 10429 10033 9798 24486 24029
14757 25270 13105 7145 23482 21771 2753 24785 9333 17856 9263 27935 9223 20178 4566 10445 1363 1840 2109 19034 26795 621 12022 29725 23514 30905 30917 15320 4968 11023 18181 20624 18713 22448 23624 12956
25527 21199 25150 12797 19473 6030 1752 9965 4932 25897 29868 6330 20025 15473 10908 18133 19055 20861 30386 18470 32763 17820 6223 13475 25805 15757 19845 3361 1332 10227 20417 21866 1445 18435 941 5263
29112 22656 24660 12160 31859 23273 20872 20953 5579 26353 6528 22783 31080 3631 30150 30060 6825 10263 2897 30279 4584 6697 24045 29496 28415 28776 22244 18554 5386 23054 7895 6450 879 24190 20205 19455
12316 24186 15664 13778 22288 13718 26675 26368 25373 4076 17912 20117 21484 18450 31250 10220 17729 24905 14087 26236 31616 29175 20216 5109 6513 4696 14212 21644 25408 9072 1257 1426 13000 580 8300 10828
272 31561 15868 6911 10518 4637 21778 10826 18380 29045 8411 13496 23905 5975 27545 20118 5057 4489 10567 1026 20063 24137 9595 24389 26418 17726 18577 10595 15613 15535 14342 6384 30420 12019 22050 25380
8412 13352 25818 25394 1618 5160 20468 19414 27855 9401 25196 5933 5322 22532 27415 10442 9054 3913 5254 22022 22861 1488 29741 18583 15174 26659 5316 28517 3939 27514 32750 29081 21494 31095 2841 22518
4997 17427 27557 24684 14867 21977 22088 12266 20385 29266 11697 22133 15349 23232 1131 22903 30618 19214 30213 14425 20008 17160 7024 8019 5574 28616 7848 15491 32748 18800 12694 27453 26478 14623 27702 10659
16310 23325 22005 3189 2384 12633 7773 9514 28589 23062 18675 3647 29728 7905 20576 4559 18989 28614 1232 7780 18691 7875 10648 32269 5703 28541 5659 944 28179 20274 24046 8866 11327 18671 17466 9333
31455 2563 32354 28945 18956 2739 2534 7430 29928 12079 6536 12833 14300 29893 23981 26174 23588 32597 11269 13404 15502 6917 19054 3063 1918 1589 24854 2706 25142 6070 22496 29587 20820 5430 8970 23123
2716 19967 17164 12918 5112 19938 31683 14968 21437 15469 1742 29833 30256 15461 17721 8603 19529 24432 13400 29369 1975 529 10742 25754 30755 9177 7088 31094 11705 4060 30107 17688 9445 26979 17453 32565
24410 28896 13658 4092 3673 5415 13565 19182 12848 9434 10362 19440 21249 13349 3489 10910 14020 2732 214 30691 14479 11714 28271 14790 9493 23260 29534 22919 16494 1605 12560 14315 22806 12819 6293 23508
3127 12633 28928 28436 7979 11166 7441 32131 4668 29838 25617 10832 20655 3056 16894 20372 8706 23000 744 15405 16497 31518 11675 969 14527 12814 382 5441 30514 20321 3003 2857 9696 10093 6048 27301
16425 26520 32326 17533 32645 24594 6512 27764 1408 5572 23989 15062 26370 12419 24546 3153 31956 6538 18842 29701 7520 24103 319 21470 9144 10932 2326 20258 26586 29129 22949 19270 3123 5040 15200 29446
17505 6681 25477 28597 31037 23567 22597 19665 28185 7723 24612 14810 19270 776 162 7780 12762 24566 20507 13420 15535 18931 7916 7400 4783 28375 15319 8865 28239 3790 22441 8005 15962 10763 19481 14008
17392 14011 18932 23724 20942 29496 12919 22641 4304 10368 8188 15118 28083 28901 25050 31632 5152 22278 28550 11682 6886 24829 5886 1630 17800 23514 27239 9059 32503 31569 12532 18472 29088 8623 24331 1424
24745 25618 22947 32702 9848 7898 2289 17962 31862 11867 32323 29172 28690 8148 12588 32377 10504 28325 6113 4133 25827 8636 7907 7560 19392 23889 17374 11947 598 15571 22481 9892 7475 2338 11376 19304
22856 7934 12487 32737 15784 6592 16671 25664 2701 5703 11813 20629 6556 8758 16201 23964 4970 11101 13413 28634 7742 884 2719 30953 27161 19471 2192 25361 15859 24270 21926 23320 27208 1492 8390 27738
17619 6267 6710 8988 4506 20550 17595 10525 32042 27160 25086 4206 3108 26531 32308 16516 9208 1314 24318 14732 4337 14155 22926 8702 11634 17791 21516 21109 3711 21573 30264 21438 22910 29686 19792 814
10047 1978 26420 20793 6203 6322 10440 20033 32281 26999 25498 31148 15991 24004 28357 1849 21222 2671 18197 3732 2614 414 31339 22824 28405 12087 25187 16948 30514 22936 29237 23841 24966 6793 7129 22035
25430 25710 4207 16574 3154 26562 24541 18811 833 27840 15290 31898 1 30051 24939 6138 9929 15249 28555 6872 10418 24467 10897 2021 19830 23241 29868 3483 19063 2716 31986 2256 2819 26547 27066 5516
19926 15722 582 8728 15328 30080 7078 14423 23625 19471 19672 29017 2483 32706 11828 18222 19647 21058 10248 14584 16338 27889 5247 30020 24601 32219 14535 32411 28618 8426 22898 32339 19885 26969 28189 14763
26076 8042 14416 23832 8135 1628 16806 4569 28026 16023 1326 4561 24611 6187 18448 11670 26062 27000 25972 30918 5236 15918 4511 4250 9780 29305 22623 12477 2784 3701 23210 2654 12987 30184 3970 4484
30337 16432 3099 13473 16552 19578 5952 12907 23526 26165 3059 487 2803 3527 20308 198 19856 14718 24004 23541 30408 8905 13129 26224 30838 29608 4916 21079 2055 26721 29442 67 129 14709 3201 22746
9668 25042 23348 25761 11537 5450 2295 5650 11976 31556 3558 31215 25974 433 1916 16853 24078 23618 2808 23828 32119 984 30469 5054 32583 19005 2201 22526 20943 22033 14110 16811 29527 6919 7120 26653
13482 8785 26726 3648 1238 14168 12532 21734 10797 19633 3344 26466 3215 11596 21556 22098 29932 19951 31075 5308 26116 21219 18959 19293 29297 7662 5179 30269 13288 30849 30685 135 18364 11825 26502 21144
29859 11115 7236 1622 23997 29796 200 13763 26322 2128 22468 6098 11740 1236 8599 24441 15813 7613 1324 4359 24177 15602 16415 16824 9727 24231 25122 30086 12108 32212 22432 3907 6585 9446 1952 1765
13871 30388 2283 23073 1376 17332 12913 27451 27471 32623 2793 16924 15378 10802 23480 25509 1494 775 27412 13123 15397 5603 8553 4803 10340 31265 7675 13416 17312 21807 32462 21307 23946 30088 24515 17827
