96 42 296
255 29 8 41 214 11 10 141 161 20 26 29 126 14 37 13 80 6 17 292 70 34 156 10 129 24 7 138 36 59 80 14 31 263 88 14 105 4 7 41 30 74
19 25 5 81 33 53 136 56 52 197 77 105 4 17 20 45 208 1 176 2 17 2 15 122 11 217 71 2 102 212 65 123 38 32 191 190 9 32 12 163 192 9
164 96 64 109 100 47 135 34 70 14 35 2 110 232 81 15 29 97 7 34 41 59 61 26 106 7 141 42 4 34 62 38 15 18 91 124 41 85 115 220 15 13
53 26 20 234 17 21 12 8 118 20 19 48 253 32 24 43 50 57 51 12 19 51 11 78 46 123 14 87 132 29 34 110 3 73 9 77 1 17 3 7 13 179
86 95 59 107 106 220 26 18 44 152 69 37 47 46 162 16 41 27 97 55 117 25 18 6 35 67 21 32 224 11 4 237 4 6 76 57 82 27 3 103 17 56
188 2 145 115 23 61 111 1 2 283 89 25 3 2 142 79 65 53 1 36 215 169 34 11 95 32 224 17 277 190 36 8 114 25 72 120 15 83 8 8 144 37
20 10 43 13 50 11 166 34 2 221 185 20 164 93 110 133 180 27 106 1 31 27 54 102 67 58 144 282 23 11 17 53 24 233 33 37 25 113 9 96 234 186
235 48 158 107 41 248 77 5 40 40 5 43 48 91 59 64 17 8 15 88 117 13 15 68 17 85 67 68 258 31 33 86 71 25 269 86 84 62 103 42 56 25
155 60 21 11 1 88 17 24 201 16 100 73 42 120 15 14 31 7 90 237 7 47 23 61 13 222 3 50 3 26 76 64 50 21 93 69 97 28 89 52 18 58
2 2 114 12 5 60 37 243 184 35 53 201 57 11 18 179 131 155 81 98 14 92 29 8 17 15 18 66 24 12 72 13 74 45 221 14 16 41 11 20 173 219
123 127 174 148 122 82 50 101 14 56 30 124 26 76 4 9 2 22 46 13 14 9 81 85 95 10 79 52 8 131 4 172 56 209 217 53 32 3 49 96 11 24
2 25 30 107 55 53 5 6 164 11 89 73 89 3 1 98 25 3 88 54 75 1 4 13 14 33 55 51 42 18 78 94 25 51 44 71 76 187 169 25 71 14
4 1 41 25 93 8 162 6 8 261 13 6 23 233 175 14 23 44 11 14 115 36 99 30 52 2 2 112 25 52 71 20 20 13 10 39 1 9 37 72 32 272
34 28 9 51 28 103 172 19 4 10 11 101 128 71 156 96 234 37 23 16 75 188 143 70 18 216 95 24 247 5 35 27 1 33 156 24 66 17 18 94 43 180
3 2 120 138 76 9 106 51 109 13 14 17 166 113 1 184 35 97 3 20 89 95 36 36 8 23 84 9 11 10 99 38 17 111 124 175 25 73 30 14 18 211
13 48 3 16 12 42 10 186 126 106 10 67 77 68 23 24 33 20 168 9 191 35 188 50 230 20 99 73 95 73 116 135 29 44 2 1 56 18 192 190 67 95
67 11 80 169 8 54 17 70 15 77 9 120 32 149 119 26 21 96 144 59 3 26 13 203 31 179 44 16 52 55 201 165 1 106 48 26 67 109 58 29 6 61
213 8 26 17 2 69 138 96 148 21 125 29 8 135 95 23 95 98 123 93 17 20 17 3 137 31 39 58 27 30 75 44 17 153 1 77 3 4 135 112 222 34
30 7 88 12 80 15 83 18 5 25 26 6 113 70 100 45 199 200 63 4 225 17 17 67 10 4 60 53 62 179 53 86 22 14 228 131 15 74 19 204 68 89
58 113 4 2 12 240 64 137 10 33 14 46 26 59 46 1 70 129 102 147 11 217 5 16 84 124 15 49 17 92 67 24 7 39 8 14 238 11 47 62 32 4
49 21 26 50 183 28 18 47 32 92 45 4 81 10 55 1 103 82 20 9 42 203 127 21 39 51 89 58 53 43 62 213 69 165 128 138 74 144 62 32 56 44
14 1 41 57 122 2 16 9 160 53 120 145 12 143 28 246 119 97 164 228 172 36 24 7 13 76 28 8 2 23 56 32 99 142 57 55 33 102 49 12 8 33
14 261 161 24 14 67 5 51 10 45 141 119 58 28 27 51 122 9 131 58 76 67 128 38 5 22 51 53 17 8 43 158 113 93 206 183 72 45 52 16 21 263
33 64 85 4 66 42 28 137 14 6 12 9 75 163 35 50 5 25 27 51 210 229 87 9 118 192 57 60 66 5 3 96 5 11 45 13 42 175 55 76 25 68
49 73 15 76 128 125 77 88 5 47 107 107 2 42 56 16 63 33 94 20 244 5 13 36 128 21 96 68 23 14 45 43 65 45 62 5 129 6 130 62 106 6
92 15 25 68 33 10 12 10 26 78 80 5 87 31 29 6 6 41 56 18 32 23 31 73 32 12 166 96 37 10 86 41 10 162 85 105 79 217 4 12 111 109
90 14 20 58 37 5 121 126 135 25 43 10 44 65 269 44 148 18 145 93 33 45 9 74 32 46 101 33 91 101 11 7 136 3 72 124 25 122 81 146 16 42
46 53 3 17 20 2 40 127 32 48 31 10 44 4 8 8 133 76 39 99 3 16 29 47 75 129 9 167 38 136 9 115 123 127 43 239 88 79 81 211 179 39
141 18 29 46 27 13 88 61 115 253 31 7 106 170 2 74 57 16 11 5 18 54 144 21 190 28 2 2 1 24 59 3 34 10 249 18 228 14 160 11 20 1
89 159 28 1 120 10 29 140 80 137 230 85 5 2 155 56 3 12 71 62 147 4 24 17 49 196 66 205 1 45 9 9 22 219 37 180 118 50 40 6 18 177
78 11 141 5 42 5 230 3 187 53 1 252 36 95 28 114 21 23 241 41 16 26 19 71 148 8 69 2 143 79 5 255 24 20 63 10 20 22 94 133 78 53
22 48 58 116 7 22 15 121 56 75 40 42 58 251 112 5 79 65 2 20 160 207 52 122 42 36 41 44 108 48 59 3 187 81 201 84 88 16 34 209 20 97
24 139 56 197 52 36 81 3 163 24 31 51 11 5 10 34 64 172 85 9 3 5 8 3 184 98 57 154 173 15 81 23 20 39 4 44 174 199 3 10 12 27
53 4 45 222 10 106 67 132 134 37 95 25 3 203 213 40 245 21 22 88 32 2 158 2 45 98 1 41 179 1 21 8 61 214 28 7 183 85 13 88 21 87
31 206 18 135 21 13 33 95 12 90 7 55 21 4 220 5 92 93 5 47 31 31 10 23 3 24 12 12 7 13 103 3 27 58 90 118 73 220 264 7 63 82
41 227 1 73 96 99 39 26 70 12 25 200 26 85 3 33 18 19 38 34 54 20 139 22 24 132 61 54 12 82 2 144 47 50 11 135 15 1 103 163 11 65
51 32 27 160 204 41 1 202 35 88 21 126 27 13 232 240 4 70 43 137 23 65 203 15 124 31 140 15 39 106 61 4 111 17 81 5 110 81 29 17 58 58
16 57 39 34 13 2 2 3 6 91 216 27 19 104 103 153 65 18 73 111 88 47 6 40 27 23 85 22 78 52 17 97 3 2 106 42 24 230 1 107 17 46
4 5 22 56 26 59 1 33 32 49 10 2 25 19 171 46 246 5 257 7 46 107 76 101 32 47 3 66 67 24 27 67 65 18 92 202 15 126 11 200 41 221
69 2 46 11 204 106 11 71 42 1 255 54 40 22 32 15 52 71 44 67 172 150 10 13 115 13 13 52 9 174 29 15 23 39 65 32 40 3 94 31 152 78
5 11 59 3 8 14 96 88 32 80 25 141 5 78 147 56 13 32 14 97 71 220 1 53 36 78 5 59 46 89 181 32 21 62 6 93 12 79 24 132 4 68
258 52 49 33 32 103 9 63 122 39 75 190 158 70 88 47 106 44 32 28 2 82 7 120 163 98 13 8 96 52 115 12 73 30 104 7 14 46 39 146 28 23
38 177 39 118 42 131 99 84 51 51 148 70 45 94 195 77 55 89 8 13 15 14 39 126 185 111 103 16 159 161 194 7 47 10 43 59 96 22 57 138 5 4
37 9 14 14 22 42 4 11 12 110 73 2 91 1 77 4 166 11 229 53 56 85 145 33 9 115 55 195 55 62 101 226 41 1 78 124 92 122 166 17 35 98
17 52 239 29 38 122 15 84 23 139 81 30 265 32 6 9 83 42 145 47 43 99 92 64 66 45 80 12 111 4 24 178 165 74 38 2 14 167 8 5 39 18
88 12 1 116 176 159 60 77 3 51 205 2 36 84 249 80 199 129 68 183 112 11 73 109 75 138 182 172 237 87 40 19 230 2 31 8 14 1 151 24 9 70
42 81 22 178 254 8 17 2 22 14 74 76 124 160 73 2 7 147 90 222 27 2 19 7 132 59 82 126 79 2 172 1 149 130 238 47 16 1 17 9 13 5
28 35 139 196 9 131 151 78 32 202 54 37 42 79 46 86 27 12 5 16 46 226 95 125 84 28 85 27 17 95 65 103 77 6 153 25 64 21 73 3 107 56
58 59 216 22 11 41 159 88 26 22 87 3 7 126 32 41 50 160 82 77 62 68 5 1 13 4 21 20 160 11 44 51 10 10 25 39 77 104 182 28 249 63
36 68 2 235 85 13 118 72 84 30 110 190 26 83 48 21 33 287 85 14 41 3 109 182 162 135 78 7 83 5 1 4 1 72 85 3 15 69 3 34 128 33
40 194 49 130 15 212 56 15 43 57 126 220 56 144 42 11 169 44 193 144 235 25 95 11 72 27 33 13 72 14 87 70 119 84 37 3 67 196 12 58 25 24
2 40 93 274 30 2 41 5 38 22 3 27 11 2 9 66 153 42 118 86 51 135 148 64 137 188 69 61 76 90 22 46 69 4 268 1 6 38 7 102 41 9
128 74 36 200 2 135 34 94 57 105 25 12 73 183 101 41 4 36 34 163 71 32 5 10 46 23 122 1 152 1 27 162 49 7 30 54 133 10 109 7 46 12
77 45 159 105 138 31 50 142 18 1 102 4 8 199 86 29 95 41 4 16 23 46 34 49 10 34 64 53 34 97 12 13 100 158 80 16 10 66 10 98 27 53
95 71 13 114 21 43 7 59 236 19 90 20 148 93 29 41 68 106 49 81 89 156 22 33 124 172 30 141 10 123 22 21 117 74 43 148 190 5 2 59 190 86
19 27 14 59 51 143 92 103 80 112 1 47 138 13 39 5 158 11 32 13 102 116 78 82 150 192 66 13 57 53 51 146 52 170 213 11 30 86 2 7 83 5
2 36 85 29 157 22 192 7 31 113 19 4 200 86 14 209 8 34 184 1 157 38 102 9 11 56 5 115 58 21 24 76 140 90 88 64 9 47 46 275 44 131
52 13 59 87 214 3 18 46 23 46 55 14 115 134 3 14 1 46 3 85 107 123 75 5 8 63 143 162 31 3 43 209 13 107 21 116 24 27 75 5 40 119
63 25 11 154 35 25 19 177 40 21 111 64 7 12 115 2 166 27 9 34 188 4 77 51 127 10 94 12 36 20 81 17 76 37 27 25 50 31 109 29 149 4
64 29 97 91 65 7 187 45 164 121 85 20 129 52 204 6 16 6 7 119 108 48 113 11 88 52 141 11 32 106 154 45 10 15 4 17 218 16 248 14 53 40
57 8 56 99 79 77 85 107 15 250 42 22 2 58 216 23 88 71 8 266 22 89 130 238 80 1 15 91 1 27 69 7 23 51 25 188 33 7 75 206 5 169
55 108 206 61 115 126 119 55 84 51 2 10 56 86 86 15 6 79 188 200 2 10 90 10 34 42 18 14 105 163 159 51 101 18 114 11 244 184 17 52 16 291
36 4 26 70 122 63 14 141 104 134 37 32 14 2 13 7 84 26 61 6 38 41 27 166 62 135 86 136 1 114 226 67 59 107 21 172 1 97 39 144 5 35
81 64 27 40 85 1 2 75 7 58 158 2 42 210 9 5 78 1 55 34 3 3 57 82 166 37 10 26 32 148 76 126 71 141 120 81 191 107 8 107 245 148
77 16 64 36 97 37 98 216 15 89 57 117 177 3 11 258 65 7 73 15 6 1 37 63 13 263 16 112 8 94 119 75 33 182 170 5 9 85 30 5 6 167
66 74 253 77 18 1 36 9 8 20 21 47 171 192 148 138 25 10 276 34 50 177 130 236 277 44 12 56 63 29 78 210 61 80 209 70 110 67 9 147 39 163
28 50 89 14 46 1 161 112 5 177 75 74 2 17 3 41 245 22 20 23 163 80 208 31 70 73 106 67 214 100 23 29 90 20 163 92 52 217 27 151 120 116
223 5 12 37 99 13 170 233 116 3 8 75 67 5 127 57 47 56 6 1 4 243 51 36 99 91 4 64 51 86 2 96 30 75 70 240 114 201 10 26 3 39
16 7 1 13 107 10 40 16 98 98 74 20 27 92 44 20 16 135 183 23 4 16 20 39 121 85 27 47 60 6 28 18 14 225 21 28 39 16 108 41 71 43
78 43 74 38 6 23 72 71 53 23 6 151 265 2 46 17 18 205 32 23 76 129 155 27 37 47 1 60 92 19 79 17 78 5 18 5 1 103 86 4 11 51
158 175 5 114 29 52 22 25 15 10 30 12 44 79 88 170 19 108 7 29 104 211 28 163 19 81 97 148 143 88 36 62 1 33 6 7 30 78 14 17 39 2
55 95 7 22 114 227 32 185 159 108 60 167 96 12 19 271 62 108 177 23 30 115 33 9 13 192 13 16 48 36 23 118 13 33 28 23 24 89 30 22 102 44
33 6 122 54 95 40 72 4 92 19 61 253 141 218 171 119 68 105 30 12 40 9 101 240 11 47 51 16 23 117 31 30 163 43 6 40 137 122 7 29 31 14
103 15 36 128 85 13 23 57 18 45 37 171 22 33 80 13 88 1 55 55 109 60 13 40 61 15 31 255 34 16 27 72 42 77 138 19 16 46 13 67 43 3
8 52 19 36 29 71 92 75 14 64 1 30 12 26 19 72 27 31 82 46 157 152 49 56 2 35 4 239 46 87 16 110 75 72 45 8 65 11 10 13 133 36
97 12 51 146 29 115 100 114 28 42 86 7 9 61 4 164 6 5 4 72 17 104 176 1 80 5 154 33 74 64 7 16 10 117 83 40 95 42 207 65 63 16
52 180 69 68 114 13 175 198 38 5 113 78 89 4 65 44 6 50 116 59 184 86 52 68 82 80 80 17 17 96 90 165 66 116 9 24 36 29 34 161 236 16
77 15 68 252 14 88 44 29 4 103 3 29 8 39 133 159 24 17 52 103 4 6 140 74 203 25 8 108 17 58 59 137 139 25 51 25 123 74 142 42 30 21
97 165 49 26 17 149 56 135 100 29 97 46 109 5 15 12 76 85 15 52 24 12 264 7 30 104 117 140 200 10 36 29 77 262 63 16 132 117 51 2 75 44
108 56 32 71 160 7 69 115 66 75 78 41 51 16 42 90 32 87 44 142 30 40 45 2 105 14 6 144 34 10 44 9 9 140 235 1 131 263 26 45 23 30
209 87 120 17 1 21 7 107 65 87 142 36 101 100 48 95 6 2 58 8 38 99 118 111 21 39 6 194 74 5 65 53 42 43 2 19 18 118 13 64 14 134
6 80 20 59 23 5 30 157 26 1 3 37 49 10 74 13 144 60 67 35 15 155 74 147 63 79 12 40 4 31 33 89 70 32 107 2 3 14 163 7 2 4
59 27 186 70 152 123 4 48 9 112 94 9 32 2 201 138 23 185 80 2 35 12 34 160 46 6 6 67 16 123 154 19 62 57 51 92 159 48 64 72 33 1
153 67 4 140 11 65 43 127 61 87 65 9 261 16 15 90 3 39 121 52 2 10 35 18 49 20 237 186 126 26 84 32 46 43 71 48 53 7 24 104 49 18
12 2 83 10 20 120 184 50 5 31 30 1 39 76 4 25 36 120 154 85 49 53 75 94 116 13 2 103 119 2 1 16 1 66 51 81 139 20 228 11 79 1
47 31 24 8 37 35 43 29 41 77 149 68 39 7 180 16 64 6 5 92 20 114 30 15 8 40 36 13 13 107 36 3 32 236 25 23 74 1 38 158 14 137
41 80 9 218 9 166 105 44 29 58 215 97 6 108 19 56 61 33 96 4 19 37 154 47 5 48 95 28 60 13 34 5 229 67 114 70 4 1 15 3 22 73
89 42 10 16 216 38 88 51 111 144 13 6 43 92 101 72 23 22 3 18 59 138 222 58 9 79 9 44 188 35 6 84 24 43 92 36 49 15 92 19 35 63
9 49 18 73 5 212 118 90 2 2 13 130 25 190 35 68 14 1 35 161 129 19 72 30 144 82 120 5 27 30 85 61 122 233 93 23 35 135 96 182 46 43
34 48 79 44 25 63 143 63 69 14 21 217 131 20 54 25 68 35 149 133 2 114 108 151 2 62 36 108 33 117 3 220 24 1 17 86 63 3 6 56 45 48
46 196 110 18 38 111 2 59 12 106 85 15 54 32 9 27 130 18 22 1 11 1 12 72 50 49 124 40 59 113 56 58 40 31 26 64 13 153 28 98 82 15
74 123 68 6 108 24 251 14 79 88 27 161 136 44 3 8 8 32 8 61 44 32 29 1 18 35 102 46 15 25 192 34 71 17 71 16 25 1 37 197 21 88
11 23 145 191 7 58 39 11 146 2 31 70 30 111 192 14 2 47 134 80 3 226 176 56 24 146 80 196 171 54 70 88 209 29 47 24 17 240 82 206 83 150
123 13 4 22 89 24 148 36 65 67 1 20 55 115 72 4 4 33 7 3 16 1 43 8 3 43 28 2 77 69 134 266 22 10 15 48 142 28 128 222 22 18
40 6 6 9 4 2 107 227 90 136 32 5 2 221 82 25 37 14 131 73 16 78 178 1 135 84 91 251 16 18 220 111 99 133 188 98 53 113 40 14 155 26
97 38 4 30 42 88 288 92 6 113 153 32 165 92 41 51 4 75 124 34 37 145 94 122 43 2 231 14 38 111 30 45 51 88 105 4 66 5 128 18 89 142
17 85 25 87 102 112 3 184 16 134 225 2 219 152 4 111 26 12 27 117 71 168 34 114 51 96 4 220 43 52 73 26 12 30 84 40 224 124 11 52 88 1
76 3 2 160 2 12 24 209 118 52 158 171 14 47 33 20 58 48 3 124 247 30 41 36 10 26 39 37 64 24 31 35 16 2 10 41 24 202 92 96 112 35
118 123 24 4 14 38 82 125 33 208 9 59 29 142 128 37 38 38 188 5 102 6 6 230 13 4 30 201 63 2 177 4 64 1 6 52 15 41 14 13 281 37
40 52 49 17 13 69 14 125 21 197 91 1 71 66 58 48 133 8 75 176 14 149 142 24 258 27 132 110 83 150 86 183 95 11 91 58 128 38 34 63 1 220
147 185 60 17 12 32 14 138 1 19 149 150 60 33 107 32 86 73 47 102 229 183 35 25 150 9 39 61 179 35 7 14 136 37 50 26 228 156 46 172 26 53
197 114 133 16 50 63 102 208 90 33 23 155 70 254 65 26 226 28 102 20 29 12 36 46 53 1 198 65 82 81 148 115 90 4 107 91 17 17 56 19 43 12
23 26 56 41 189 115 217 27 7 2 17 91 33 114 68 51 134 20 226 54 193 13 16 7 153 153 108 20 39 254 106 90 8 31 82 75 40 9 23 120 158 116
7 87 29 6 144 58 9 9 30 135 2 71 34 105 12 181 1 45 13 66 222 38 10 65 79 94 103 14 15 49 27 23 64 45 99 104 18 30 35 21 229 21
1 19 144 58 50 32 63 153 6 6 37 2 57 7 102 272 14 51 15 206 69 213 87 138 59 80 143 7 25 6 91 4 71 78 2 44 61 15 28 14 272 102
8 2 119 74 8 136 51 182 108 71 68 263 122 124 16 22 49 71 92 77 54 6 66 154 107 55 6 102 114 86 176 95 21 79 17 204 94 92 133 16 112 15
108 37 46 229 75 126 5 28 58 9 16 3 10 167 226 77 19 24 2 266 274 173 263 6 28 109 16 74 266 103 205 46 73 66 189 15 44 57 104 1 109 151
56 41 1 7 25 4 54 10 86 53 114 5 230 21 143 85 2 109 36 40 8 22 66 10 82 12 98 46 27 23 65 24 56 19 1 137 44 7 15 51 2 17
168 38 34 149 89 9 87 37 48 88 39 127 121 173 266 23 1 86 65 121 227 118 9 133 2 75 218 150 9 65 83 78 121 62 129 144 64 13 160 5 114 238
6 181 133 17 22 37 69 121 13 48 31 124 199 16 101 62 29 13 8 133 15 112 50 62 87 43 25 49 1 12 67 21 26 180 19 36 181 10 52 106 34 153
2 41 102 49 2 43 147 88 10 159 162 113 5 81 20 16 7 13 68 41 43 206 50 58 14 58 39 94 129 56 12 47 52 115 15 73 8 40 85 4 9 19
86 17 161 19 2 8 23 16 18 57 10 4 14 200 9 47 17 12 61 17 49 50 32 90 20 1 6 16 5 38 33 95 71 34 209 105 28 10 109 5 10 4
83 66 177 17 8 21 26 1 73 31 3 207 142 98 128 4 3 116 82 100 261 10 15 81 71 25 94 56 127 5 99 52 1 44 16 41 50 159 5 10 84 71
7 5 89 51 15 25 49 82 90 242 30 14 49 16 98 57 54 8 161 168 7 155 175 168 92 60 175 7 19 71 76 82 60 153 39 132 35 60 23 7 57 55
235 102 22 67 247 58 34 3 264 33 2 8 126 5 12 93 44 181 74 36 9 7 57 94 64 64 56 3 127 7 90 3 23 148 144 51 262 35 84 113 24 32
65 111 43 119 74 25 18 55 150 41 3 219 203 49 9 34 89 2 15 109 13 107 97 126 14 9 40 23 7 77 59 4 5 41 55 92 5 45 233 6 4 26
79 23 42 210 202 45 62 125 10 26 50 60 34 244 20 68 64 5 14 89 57 26 95 53 57 181 18 38 45 26 66 21 8 99 61 68 88 101 115 9 74 15
11 67 17 12 29 35 163 14 15 20 168 2 94 103 11 9 6 50 94 55 128 8 57 51 57 35 67 13 45 122 38 7 103 8 12 30 10 152 7 155 101 46
10 211 59 3 72 1 76 105 76 18 12 43 53 80 251 93 18 10 2 86 102 94 7 9 35 3 8 37 249 84 59 94 14 56 135 121 162 35 84 14 2 55
17 31 15 61 110 7 84 270 37 85 16 62 3 136 75 1 34 125 40 40 45 47 52 74 80 28 127 31 5 273 13 99 25 2 89 49 79 1 28 2 36 6
9 39 4 253 38 37 78 35 15 94 135 84 29 77 133 41 38 14 68 4 8 24 141 105 5 128 108 112 51 72 114 6 43 18 79 110 129 133 126 106 221 184
1 75 5 2 1 95 36 10 58 20 139 46 66 103 121 187 12 64 7 13 46 270 227 11 249 51 163 24 14 100 55 15 10 66 29 125 97 38 15 2 100 12
20 20 3 58 6 53 64 26 165 37 78 4 149 105 148 56 135 51 29 33 18 42 67 62 66 28 64 5 1 28 5 30 16 137 11 87 278 11 35 11 1 35
157 221 1 25 10 15 46 94 164 160 120 54 39 14 47 18 19 96 84 15 60 1 208 122 49 88 136 27 27 81 173 53 4 95 193 144 34 77 91 2 5 7
55 37 17 9 194 4 67 10 16 57 103 93 1 90 84 3 18 29 20 140 33 164 119 142 31 118 8 72 46 3 157 2 121 6 19 86 175 127 3 55 87 50
29 114 109 40 117 52 59 72 48 42 6 139 87 178 67 40 69 61 2 9 16 2 42 113 19 204 141 181 36 28 33 25 185 57 25 18 126 12 20 139 80 97
35 225 33 32 20 8 19 4 45 9 108 41 102 8 2 93 11 6 65 72 238 107 57 59 57 63 139 73 25 27 85 124 106 64 158 8 9 46 14 46 80 206
122 3 64 122 11 6 12 44 40 8 96 204 221 152 35 217 43 78 67 110 14 116 26 2 166 35 165 10 90 29 159 103 15 2 24 7 127 89 9 76 70 64
16 42 111 32 89 35 224 4 191 60 104 104 35 25 92 3 4 49 37 34 41 56 22 75 21 41 20 1 20 170 119 3 153 190 31 257 57 44 42 43 190 78
8 18 2 15 56 165 14 8 43 207 13 164 7 104 65 23 32 205 129 84 11 37 115 59 8 40 45 288 1 53 71 61 181 38 247 198 210 255 8 10 247 46
71 137 190 46 257 79 9 91 175 106 41 99 97 70 43 99 80 51 191 60 169 126 3 97 31 1 35 50 21 40 19 114 31 184 159 106 2 93 24 93 45 17
182 34 62 16 54 8 119 33 77 15 74 11 35 47 21 13 73 175 146 23 115 56 70 23 112 44 78 12 42 15 5 34 49 18 194 100 230 45 152 99 75 27
2 14 55 3 198 3 31 21 170 38 8 131 33 11 15 35 4 62 30 14 178 13 15 82 6 27 109 156 21 221 34 44 1 9 40 39 9 60 38 18 122 188
122 28 87 50 65 106 85 41 245 46 58 28 183 140 111 98 161 59 23 3 43 158 52 67 36 76 58 48 189 2 143 11 57 24 60 5 35 35 131 5 19 49
111 54 108 112 12 60 44 130 18 19 23 28 14 125 50 60 92 36 13 13 41 17 43 17 33 73 2 42 31 53 60 9 13 90 74 139 58 81 11 286 115 31
70 24 44 105 59 8 188 29 259 4 166 61 7 149 163 8 3 179 145 94 157 9 96 37 2 12 211 208 34 20 129 50 7 82 32 15 22 20 119 17 8 25
3 12 192 41 101 233 20 49 60 8 143 102 59 6 189 2 64 6 168 38 141 5 4 60 236 125 122 84 17 77 70 52 73 2 115 161 64 221 58 10 158 8
29 106 9 88 13 10 121 95 43 4 22 87 31 25 22 4 72 164 64 10 21 112 28 11 88 8 48 51 137 106 8 244 25 3 67 111 52 249 208 76 35 21
104 66 4 25 26 119 123 38 73 3 2 183 77 88 64 190 38 49 71 5 51 19 30 128 43 222 36 12 141 2 75 15 71 2 95 80 168 4 6 99 136 254
6 13 6 70 72 18 111 173 24 2 79 65 3 8 1 49 75 79 41 62 45 65 146 51 86 42 26 115 159 52 75 6 1 220 84 206 2 160 72 5 39 11
18 87 221 22 49 86 152 4 16 103 2 10 1 42 205 251 31 2 77 70 106 13 119 3 16 4 11 45 4 61 27 64 33 26 1 54 166 7 69 26 34 120
106 26 17 34 257 15 69 53 27 16 77 67 41 3 87 163 13 56 63 3 16 161 84 51 29 59 83 1 1 98 8 75 29 117 54 32 39 103 121 2 17 5
204 36 112 204 5 8 135 118 102 33 268 125 44 146 5 35 42 8 109 33 4 107 66 9 119 122 7 116 37 3 26 89 6 5 86 56 79 87 122 36 193 6
53 31 7 7 39 22 60 75 23 233 159 1 1 20 103 8 9 74 15 4 48 231 165 1 108 13 148 41 6 1 61 107 3 35 26 32 2 17 28 55 3 5
31 33 28 32 41 58 190 6 259 7 39 4 61 2 32 36 69 50 130 10 26 167 108 20 141 87 141 8 116 49 24 3 73 39 127 108 235 180 60 52 10 219
161 88 40 15 17 76 7 20 72 13 30 112 52 27 19 103 49 64 195 31 94 190 13 75 1 3 85 105 218 2 187 132 176 22 62 7 1 11 16 166 26 187
17 70 15 118 97 9 52 114 65 114 4 44 222 92 40 152 32 148 14 83 2 50 24 76 31 2 14 45 194 76 2 3 3 3 39 36 84 58 113 140 1 4
33 8 53 78 12 2 248 25 137 8 56 22 88 61 75 166 76 24 14 36 102 89 18 47 18 81 208 32 208 135 5 16 116 66 139 3 45 15 89 224 87 87
49 3 53 14 66 7 107 55 84 111 25 79 47 261 5 11 35 45 128 93 7 21 76 21 10 5 59 154 2 4 225 56 208 159 20 40 259 51 43 12 3 146
28 91 36 83 13 82 15 235 77 54 263 70 7 49 133 199 110 234 76 186 49 24 30 71 4 43 38 248 63 28 107 49 237 84 135 67 11 90 1 6 15 86
39 255 173 148 10 20 47 32 87 1 10 1 58 90 98 4 204 24 60 84 216 136 65 11 98 96 19 166 31 59 16 12 6 51 13 4 36 48 35 54 59 92
246 13 51 184 112 173 137 123 227 152 27 119 1 35 8 79 164 92 104 75 175 98 87 24 107 271 12 105 60 4 85 125 113 125 4 18 13 85 118 4 140 46
73 40 131 127 32 201 43 4 101 75 99 148 55 71 9 77 81 9 25 138 12 102 95 28 22 40 21 7 194 12 189 8 9 4 159 23 61 72 35 65 60 6
182 85 4 7 14 44 136 34 99 2 184 33 12 72 15 55 153 188 78 35 98 73 48 48 70 10 8 49 238 153 7 49 82 25 95 32 144 39 5 274 95 211
26 257 123 7 20 142 50 29 72 39 65 117 110 10 63 85 73 3 10 23 49 138 41 126 249 19 53 11 94 46 68 41 11 62 41 73 23 156 18 86 42 39
3 161 226 63 159 103 1 6 57 135 61 70 56 5 53 112 62 17 15 60 223 17 82 64 106 174 26 9 122 8 2 139 74 35 105 38 26 23 197 75 238 252
42 47 155 229 108 21 26 5 105 10 29 20 37 9 12 38 213 144 119 18 101 50 1 87 85 45 27 19 35 27 30 80 14 16 24 5 14 43 76 69 9 82
16 128 78 17 191 98 96 38 202 97 114 90 67 31 33 30 19 21 66 41 126 6 33 42 49 120 181 25 3 28 30 31 51 16 60 93 63 3 4 41 48 123
184 101 4 3 55 245 2 66 13 34 64 50 25 118 99 55 9 203 197 10 240 28 207 133 39 52 23 162 17 170 11 74 52 106 16 40 140 145 86 126 224 22
236 137 15 26 139 69 17 153 133 15 85 2 45 158 28 65 87 29 72 24 134 28 142 123 72 124 54 47 6 23 37 282 23 181 98 158 65 35 163 278 5 250
65 36 65 5 171 155 138 55 14 140 32 287 59 20 146 104 37 76 153 11 166 20 19 43 260 26 35 34 5 96 24 152 5 32 145 115 85 17 7 125 62 38
1 249 100 186 72 10 170 103 18 50 51 15 27 245 5 51 17 121 157 33 4 38 82 62 79 46 48 11 44 6 56 24 21 10 105 23 15 26 233 31 12 4
18 16 78 40 162 24 10 1 35 37 7 13 10 122 60 171 88 130 181 50 26 83 156 29 47 20 16 20 26 130 86 10 180 23 45 37 47 63 39 90 126 68
113 67 232 135 138 42 12 210 208 40 164 147 51 146 206 1 2 92 76 87 50 11 166 64 115 224 65 44 11 23 2 2 172 116 47 140 74 19 8 34 9 10
127 122 26 109 94 86 218 2 135 10 80 36 10 62 101 66 52 24 9 82 47 43 48 17 26 3 4 203 236 7 23 3 4 25 56 3 119 95 111 96 9 27
1 73 57 47 6 63 1 86 24 76 8 99 11 8 60 60 64 2 44 84 73 3 48 183 19 10 21 39 33 147 44 100 15 91 60 68 65 68 232 1 6 75
17 98 13 166 118 7 42 14 7 1 38 8 10 133 154 47 100 217 33 4 20 25 103 56 3 25 114 62 49 50 20 7 254 26 10 3 32 269 7 82 36 62
46 53 19 88 59 146 13 226 2 17 133 20 50 22 12 68 70 159 22 17 101 87 16 124 27 11 44 8 31 106 39 109 157 71 48 74 8 47 11 27 120 9
58 3 24 15 20 173 32 28 170 55 75 95 91 9 49 24 88 4 101 75 177 53 26 198 183 211 17 59 71 194 41 15 57 14 4 23 36 8 59 142 43 31
18 87 120 164 56 215 66 53 96 132 51 21 29 6 27 50 61 269 59 3 76 7 176 28 71 24 41 37 23 178 215 12 268 71 88 212 83 154 20 25 29 70
7 74 186 12 95 20 242 58 4 23 106 163 150 96 26 16 276 54 13 129 1 144 30 61 35 38 22 4 31 17 18 7 54 87 108 12 170 53 175 31 183 47
11 1 30 46 7 38 8 56 59 210 144 192 23 20 104 16 41 29 30 33 2 18 88 21 67 21 45 19 45 66 20 260 34 57 36 28 37 81 41 55 140 7
126 74 8 62 28 167 22 18 34 22 10 110 31 119 154 32 250 3 1 64 4 11 30 76 118 100 14 43 9 261 63 45 60 4 3 4 7 8 40 235 127 52
31 165 72 1 105 125 44 3 100 19 44 8 233 30 50 144 233 39 129 18 54 9 46 2 125 10 78 92 91 245 75 107 136 200 30 81 65 27 18 5 23 48
92 3 112 269 49 239 61 15 210 48 100 8 67 12 74 54 26 29 34 30 68 24 32 16 134 158 148 66 57 17 167 60 33 2 84 51 85 30 18 15 37 91
7 26 28 78 14 42 55 29 82 12 93 28 55 10 89 63 74 26 25 37 60 7 2 33 9 247 120 13 8 3 165 30 12 38 21 109 104 37 123 73 115 236
64 141 69 94 23 14 3 84 24 133 39 167 220 187 29 46 51 59 42 118 58 28 28 5 120 40 194 9 35 40 3 64 104 78 38 51 65 69 198 124 11 3
163 82 71 10 88 4 113 161 66 101 131 54 207 24 5 75 59 72 8 18 25 39 104 38 82 49 150 26 9 31 48 1 8 70 17 80 69 152 127 215 92 64
173 65 125 3 36 39 19 39 60 195 3 143 29 16 55 20 61 7 230 20 11 80 82 13 8 23 41 66 188 173 182 31 65 52 110 86 11 72 97 39 48 26
1 5 63 41 20 49 29 59 1 110 254 21 53 12 57 11 138 23 27 106 64 43 46 112 63 21 54 76 5 119 146 23 61 245 53 112 33 94 3 13 72 266
203 61 29 4 106 9 2 22 144 58 168 22 123 2 279 59 4 71 125 42 75 101 37 69 15 18 5 21 33 86 105 8 28 18 84 92 32 111 121 43 113 117
13 26 59 27 33 74 156 14 26 168 136 85 136 30 5 229 16 46 48 14 161 221 184 106 18 3 9 9 4 18 1 24 102 31 28 21 6 219 64 27 155 57
70 66 58 10 60 189 26 121 66 41 68 224 2 38 31 45 13 68 23 123 30 65 75 23 123 8 29 84 167 68 3 36 162 47 47 54 2 31 8 14 4 59
223 97 27 27 22 56 17 83 113 75 157 192 52 115 6 50 107 58 124 32 58 11 59 40 19 36 54 8 27 9 47 129 175 23 202 20 97 95 18 76 85 12
56 215 88 148 176 4 39 136 38 94 100 102 184 176 54 54 3 72 7 173 155 1 97 47 78 123 24 51 73 32 167 71 5 132 203 32 8 4 10 17 5 34
52 20 213 70 32 67 104 50 8 15 43 147 28 3 173 17 24 23 1 15 61 121 4 47 118 46 168 26 155 53 127 85 11 94 111 40 23 10 71 23 75 11
65 185 100 67 61 130 7 153 9 224 44 178 75 52 48 92 154 49 42 49 11 148 212 10 142 227 149 19 30 152 56 123 79 48 1 121 84 40 42 4 67 27
2 45 57 34 61 3 81 55 9 231 65 24 9 162 227 48 4 68 25 191 3 248 2 214 30 144 90 21 150 73 13 4 50 1 94 52 49 36 107 167 64 10
16 7 25 5 1 173 96 108 143 55 146 31 194 3 17 12 52 33 43 9 146 56 139 108 29 38 98 56 2 70 88 90 77 157 138 29 161 5 11 107 29 189
59 51 61 80 51 84 44 252 78 26 86 35 40 14 2 57 180 90 66 48 3 2 187 104 33 67 5 13 66 20 14 49 71 93 42 227 89 49 40 31 84 57
175 141 44 92 51 58 98 17 159 235 22 18 149 6 50 4 40 84 52 5 29 75 11 29 52 19 59 9 82 48 93 34 5 154 10 56 155 47 22 89 82 37
5 13 24 6 6 10 1 132 34 60 69 63 36 6 82 59 169 3 22 56 9 45 1 50 140 39 172 31 9 114 26 4 77 49 67 8 47 68 8 43 36 7
2256856 240 82722 -362 -56820 -3777417 147 237 -4564 1128800 15639 -1491 -5593 20515803 24 -78788 -9 16989723 -30836 -947 -8112193 30 2096 -191146 -38880 113 -45 0 20 -2915487 8 33156 -180 0 602 -12 -7137988 0 17451 -1384 19083 1819131
-11487 -2585 -18 76655 60 116162 402 252 8568 95 -2 11932 200 -5269081 -49 -13290719 -180829 44 -1407792 45530 -351 5722 -16496356 39670 -2775673 -91393 14779 3298759 654404 465 -18417646 -245534 1141336 170 155 -1272375 295 13884 -47285 17125 2782011 1105582
-3517 -104665 -4620 -24709 2250147 4 229 -48193 7854920 -123053 10526 -3473 2 -69695 -1074220 994473 -105238 456019 -4597 1116738 300898 16228 1217 -4685776 -51373 264488 20252 14478 -64 -110 296574 -2228 3 -509395 8996 -212 -612 126 11874604 303 29494066 -20387
-692456 1858 14 3354 2873 38453 -8525 -160 -758362 -883110 6880334 6714093 -9182719 -7313 2021115 9 2501155 94796 -448749 31373 10449 -678087 215632 -262 -53442 14606587 -67914048 1818773 -64 -2580642 -1956 -111 -644889 -2946724 14070 -1958355 25 53609 -5 5111 37 24462
-5074 61903 71156 -6959223 4781 1931 -376202 99 -11523 66 -1468 99339 -591295 74662 -38465 1 -236 956 -13852 -11 6755 -61 -6642 -46483 8840 -52 1021 -1 228 -214672 1297 90871729 2744 9576 12546470 2505 -30 -155 194834 -9693 -117683 95
11305 -273 25851 -2370 85 50415 6789 40212 1720858 -3125851 -65323475 -16368 11334964 -9061 17577 5683555 -4337783 352 -1893 -5887 -17 25951 1109074 -1682 -561 -14459965 67 -911860 1642 -10832 1779 19616 5 2032 4864 -31008 25 -40190964 754 -55641069 -42174 -2697216
2780568 1447784 -4048 -3982 73999 -47 -9501 18762 2481483 5335 -157 -43 -77904 -31329 -1169114 17 -2 -24 204757 -12795394 205 -115490 -828293 6099402 73769 244 -51 44666883 3815 -333 4289 15 95 -100 -109464 7412 -132 20452811 -2160189 117165 18375 1883165
-33254 -143642 7158 81 -8582 53 35173 701569 2905 -5638 7 -275235 1501 -95672 8 -11 17 -357645 -23441 -4257 -131 0 -17335253 312 287 -1433 63 -178 -104 71 12252443 18308 328 -187803 -11 -2031 1117673 -111 -22516 80677 86 3038048
169554 -3510 -13 6590231 -32 301 36 -819 635968 -4670798 132 -326 -9 -51496 -131488 -1414782 2 -4279070 -46 6781932 -605950 -112 27728733 24139 171 743637 -3190937 -151804 185260 -17469120 17979 -47 -62431 -2835514 77641 252 -71630 -31916 16190 2036200 -60 -116698
-13408934 2599 -2016 -570587 -15212 -45 -394 -23166 -2205 924255 -7146300 -554 35515 59 8573 -1357977 3280270 -275531 -169 -156 10026383 -1629 -3958082 -151 69927 -7349 -8527967 -1224462 216 -16451 7566129 -10330 -2881226 21609 -9430 -743273 96 37442964 71 167 1037 275
7891 -885 -9416 -37853010 82453 154 -31 2829 182 11363 -4 6423198 57957 -34552 98 -1035453 16 -2434465 -48 -22070789 -36633 1169966 202 -16559565 53975 -63357 23247 71530 -4125 959983 2882 -89238 -11359 -3170 -94 -409424 -7047 1449910 -513661 -23808 30 35249
-1155 -2807738 15163496 -298 605 0 -532520 128 791507 -276546 -125 27 194935 -156848 -364 189 -2153510 1807 956104 -35144766 396 8 25185630 -16290124 36 1164471 -21348 -5017 -282 -19 11268651 2330 129 430 -39 -19944 37 -1225507 -226 -6218452 -10 31
14 -20778 -2459252 1381609 108177 -336 -624057 -129 58 41337 171 -12650 -3001 -4698310 29595 4016 -9 99 -254842 1382697 5518022 -8975963 -45197 3217 -2276002 2889496 -57128 -70540 125 22 4167117 40900 -29923 419506 3 32821 -193 3477 -18 -198 -530014 64
-8146 -28025 78 44636 -16015 -246 -78 2434 24677 20135 124861 -3 -1189 14200600 292 4 -656906 13341 85 18177 -38505 -2179839 1554002 -7595637 -222 410390 -998599 9804 33788334 -7810731 7 -89 -32 3530927 -32521 1155445 -1027 835088 -359 -13 889734 1054742
15 5610 -318 245 9252 46216 568 -10826914 -1111153 -3145496 -3392 74 415 -1 12426951 94591 -58146867 -45828 342809 -18162 2744632 6102 468795 -346 -6607 -4 7 9993 -1074696 -107 8478 35808 35520 -25181 -194 -322 -2949147 8274563 24546 12264097 114 -33517
134 -161194 368207 1063560 49 178814 77 -95 -4651 56 4043 -1885358 -7772766 120 -11625 2024 -15 383041 -424 -985531 2283596 -4 30839 -170173 -23645433 226 148 0 1714 4558 52843 -59312 -88 -56 1803 -3932070 -310 14 -503527 -2179681 84 -33
-3875502 5 -34844 6788511 -13 -86 15869 18 36 -2054 11 29318140 -798949 88 43 -88 39 -21 -192 11 -3740354 5550967 -682295 -284449 -1550461 23051 317 -24472 -1032 -74780 393214 -161 -7546 -7534 9 -30174 -137973 82 4208 -24122 -8 -33
-70213 -215 2778950 135 -181 35762 -438809 -249 35659 59 78 51 122794 7761591 1057271 111279 -23 -86089 -3196244 -1251231 40 366 1454047 0 5114273 -115 -5916 126 -3734574 23 -1807298 0 -69 -12341 10932 6209 100 958 7487 165 281 12
-313 -43 15381 -800213 140 166 8817675 12 -168 -227 -83 -196 -62065 -10 81173 11322 -3228327 -6538 1037785 -31188312 -21777 1123408 2283 -3726341 7 -1 -75475 891180 16289 -15162772 71 681907 -6889 78 -13592 40 -25 -3867529 -18761121 31 -1309 176
-170646 12101527 171 -30797 10158 119 2897540 53 8415404 5741351 1835 36564 18894479 227 95186 323425 2 2 -71 38 115 -5144402 65137 -103 -8 -286877 2690 5289 215233 -7410 98 -14400 -8 -34 3987 1 -615030 67 105 -109 -8 -64084
-141350 41114 7954361 8559 4144935 -16749234 -146 -155 -167 35 234 33069 -71626 -340 17531 42135 53507 -3307 5266 4535059 -24906 14821865 -346 19 -5010 88 24494 1814 358 93 -229 108 -187 -1893402 -6065 52486 -337103 16775 -32265 9015 31247 -12807
207493 4 -177 32404 145 -97346 2 2 -565784 28014 -27332 -4581 -147 722 -3659 10 -111817 -92 -10 -184 0 26146 3136 -9958 1978 -32 -886732 -627543 -61954 -149 2127615 2051 -23209 18447 446 -2655 2129 -232 21 -157817 -171779 1599
-2171 59666 -31 64 -79339 -24 46 62507 -24914 -54487 39825 769627 -12335276 2482444 35 747 -582819 -1 -5224 -1743191 -1227 33870 -2930 185 -7482 -367 429 -162040 96 -4344 -7211445 -2701118 -32527 -4964 -13012 11616 36452 6 -1138085 9257583 5775156 138
6 50 197921 -8233692 1136066 -4238188 -243 -35028 6 -7567022 4 -35 -478920 5216449 -105097 -19880 -1753070 -84346 -480595 -34 -926649 75 8149618 -249 -185092 36424 14362 4140072 24 2439301 95 5434871 -16954691 5825 -129145 6494330 261 19296230 -336 193 461 34412
-56672 -13251630 44900 66125 864209 17048 -22 -3855916 -22268 8462 -282 -27361 1200042 -998925 1084 -17283287 5447951 11138687 13977775 -27157006 3 17810 -2369450 212 18608 -178660 47 -345754 116 -3125300 -4342241 -8499 2834743 -153 -4 -6 33 6696 242342 -434 70410 183
278187 -13901824 -7935005 -4465 196 1187700 -175 100 -2101 -4230354 1 11 3417 -38434 -5334578 -13 -311 77 -24304422 -113 2426439 585154 2689418 1154829 1838724 28533 -85 -23373 58 -2 369 -24011 10362 -261 -16260 15 397 -62670 -438 -10742 -2400 -94
-49128 53964 125021 334 -1244 393 14889374 -10815187 -354 380 115 1518331 -23 -20794808 -1819095 41259569 1843982 10 -21757 -229 -24865 39 -1204233 314 32535 -3717 -67 -140038 7358 111 3371 -34261 123 -13340381 222 2974 -220604 9599 -19072 100 -41 6775
-861200 8078 -227 15769631 66 120613 -2424990 6215 15775 1 -7021 29 1038422 9158009 3071 -2562896 23281 -34587 119 -19382 -151 360 -295 11 1 -36333 60954 11230279 -14816 117797 -150817 5786341 49 -9 -18974618 -33 -9603 408247 -151 -37 -332757 -148
17691 100053 108241 -3824 283818 1616342 -19556 -86 -334885 18 49 41016 150 2162908 -120070 -42 -3143471 -124 370 -10267664 -227 2628 1448 48079 26 -158641 -245 -131 27309 1544166 -902702 4491442 60 -3168 2 -242291 -35 379 -4308870 158 411 -124837
-3754697 3652 15 40453633 -1179188 390 20131 22 -365466 989718 -30 -245 653 -1 6571 309764 821936 -696 -92694 -16333 -23 -26931 177 124 -66 -45824 408698 1614 -251995 -1730 -265 -4011854 -1115374 -2064375 42824 -218461 14600 35368 20223 23596 26327 -12129
303 -224 217 -180057 -158 96 78 -5969 88170 126 97 -7295697 -54 1603164 -11734 -2411190 8311889 3230598 892089 102338 -5238 5592 -1312 12521 -1142 -205 1291 -4148258 -20117962 132 73 -24962 172 -3173 279 675932 409 770 -3 -548 5843 231
1 22589 -499 180 258 185 14950647 -134919 -352 -24315 20 -15107 -97 582251 754656 35 242731 -1154 111873 22 160 29019 27117274 -2304 -540506 -485666 -321836 569837 32151 27 19062 6067 -61 -14860 2287158 85 11190821 3085 7385626 -5278 -182 -32
-173925 -17695 179712 150639 106000 -19578 1946 -38 -179 45811 -149 32103 -1470833 -42579 8688 3364 -36159 -1127174 112061 -13380 -99 549 -109684 988 119050 4057525 -1330352 13693 1577323 -335 -37640743 -90219 -2227 -336 16747 -57442 -297 -1591289 42774 -2723037 122 -1762579
-382 -6079 -1082724 -4694518 -6 5092916 -217 64 -13720 328660 -52090 -6443561 54 71498 1117 142 218019 38110334 129486 -6 65984 153 -3355 -18 5887 7158 -163 -30411 -19 1609165 2395 -5685 -7681 -1925781 143 75 5869299 257 -6445708 -8665362 -180 87
4060 -57 -15325725 -60 -135 2953 -3733 10802 7265 41 43 9686 -182161 -157844 70328 -45664 -3263812 -59268 1548 9855902 3209870 -2683333 34 254199 -54693 -19906 8 7462 2157 -2334 14006288 24152 21 -36710 -3256 -52 -19957193 -235 70276 -11247103 295 52
193511 143 3900022 -23 267 1669091 -6305 -255 11036 -29 33172 -55554 3293637 650 -64 -211072 0 17647 -3039 -232 -815525 4838 -182 53363 297 -66715 -10967 -10718 -22452 -11 -21175 0 16 -70 -138 8 4611 3305057 -2768 5 246914 16
255 -29 19987 -87 188 -2 208 42357 192 9245 3492 3748408 -10 -171 -547602 105842 -300634 -66138 10 -2062 -9508 -7595459 -1610 -177472 600988 37802 0 684 -103 -8 116 3157 177 8 386 -13235 -1 -27453 -4 23333414 3002 69027558
24 2815 0 -120 -231 -257 -93569 431 -6881037 -1978 38093 -2015641 0 -61 -82 -220175 4846665 -747368 7429275 134 -8062 8857725 -16 24 -1103464 7021 935 -1106530 -2323522 142 -1265358 80 24521474 -35 -20 -6 2097 66166 1 -1139978 31 459019
1606532 24 167 3695797 -66331 -5433 62 -160 -12906 3473 -8630 -1570307 -30105 8356 -6344 -377 -64159 -1164892 20653 33059 156 1308531 -198575 -7151 40542 181 -21477 11 105 -75 -80001 -1234460 10838 -15847064 35430689 -28 -26536065 -11126605 178 -3632 -27674869 7514610
-5529 -180946 98563 -669887 6326 -106 4533952 3405272 206 41443297 3245 -11106 -61268 -210 269 -444 -51095 -115 -78 -51915 -5955 4813 -2237661 330874 223 -325 -70 111 -3453 17 264244 77 4 -20116 -3 95915 123 86 101944 225229 20273 -4580934
53586 -464 5860 16249 -242427 296069 390 -177646 -73 4473 1309748 942 3697 -38079 -37 -60 102334 80 1356499 183 -8041305 -26452 -24 226 340 639034 74790 100 -148 144 -28259 0 -157534 72426 9 -143 6771850 25166 -368 6900478 16962 3120029
-12775 -7608 -35856 21353150 34 -7 -7172 567638 8122 2112 3741 4758 -49412 -40 121 -69 -8744100 -4642728 -43 -149 15 3539517 -1866115 16456 -20683 21330266 -123709 1815566 -37070 -5069 -14569554 -106 8601635 17 -45546 -105 -41718 8015661 -44139 -16 414 -205
-2455 26654462 -29888 -117614 7898861 -5645663 36770286 106647 -1671358 -29321 32506 41151731 6042 21 -42 87 16 -3596 -318 -5 -152695 -7 -1063492 -968797 -46 633 27123 -27989 105 22692 -2070 5402 4528470 -2199858 133384 -2478095 -104 -25 272610 86 -28095 27094484
1410429 4814884 5469 -3170 -456 -15 71462 -82 -26 -240 93 -123 76000 256 -27468 -9260 3145 -68 53 7550 -3650136 -177 48 42 -57 26 262 771 -455754 11404 214 -1064107 -56 150 -105480 -669 96095 288 99 125509 -56 -29807292
-903925 -68 565264 1897827 8494 635282 -11987239 -4622778 141 9751441 28 -16925 -13063 -19476434 -434 16756 4629 -7 296980 2688 17203 183 451 3 73129 132 15156 43883 -51455 -9131606 12646 -10014666 -69 62840 1565 278 -12313767 41870 -48388 81914 669802 72
-147 11 -272 1 -108 -217 35389273 2584646 -46879 20679 1517261 -127 739667 8007 322160 27122595 636437 207 -145 -239 -6303 19475026 -168 97 -10868 60809 -53273 -31 11622620 416 -171 -5574 77367 -3016 315 -74 -36 -3 280 -2582 2640759 -11493687
-49 530844 1334 -1527 13502 34895 224 -23388 18 24 5103 362 146 5131702 4578222 -108257 39068 4257120 -211 -10008 12 -27657 26974 -2678 66 85832 14 -11055 87827 28 148258 -11431772 9 -300754 68124 -4623314 -38355 -4683971 -6025 15780 1880 110
-12847 -46 -2211297 -33981 -36 68914 453543 237 438 50 197628 -11390 -13365 10459034 1995 193 332 -3666228 166316 10 357 -38285099 222 1719309 -2198210 -503918 -13074 -11942 348526 78 -58716 81056 -160519 -71203359 21719 27 -18922476 -20723 -15770735 2412 33096089 120
-18 -15 11 -17822 -1044 45 783 -7986424 -146248 30443 -295611 94280 16 -2518640 387661 35011 -219446 -415957 -74887 -59347 44052 6535787 92 313 2706 -2711222 2211303 -102 -2 1810 -3298552 -30 74108 1525367 -14339152 3759 -3544429 4293388 -77 9 -924 -51040152
2477599 -288 9809 -141 -87 305779 75486 320 -44916 7676 9340 -116760 -4996618 -41 -315 2613 -164617 3557913 -45686 307 37 -48 22 80354 -395 4328 121507 41402 9957051 7532822 -10264309 -354 -55 717071 44 -823502 9324 1398 -63 265 166128 -77548
4604 1432 100466 76893 1913731 -700 0 -36 -23376473 137 0 -127 -74 -256 -5673 -432 -10787172 -137 19849427 49 -19171 -7506 10305 62 -1987942 -90 20 169 381535 1167 -12883 -78164 10960 -393 200 11522 40223 21410 -1437977 -2 4216231 46635
5 15 -41 287 -35 -245705 -64 -1052449 -8048 4619938 7 -7081083 141046 -591729 152 382109 328 177733 2032 35112 -3797 57 -19176 -17426570 -1034262 354 -10350521 25 -30335 -51 6251 9381 120642 -3736 447 -20838 194 72 4053334 -31 45070902 152
178 -1229376 94533 -281 -779908 68 -1742059 -185 -9 -992 74 276 3479 4178 8809 -5353 -98 -5779511 450 -66 -87669 -238 3071 -1282848 19 55192 -159 -10190 835137 -29 -11378 42171 518899 -119 -3740 -188 -239 3387 46980 -101 2167607 -21
-6362349 24 -5 -2232 1225914 280816 -7898 -5073643 11088 -108467 -73464 47 -1960 -100 -268 67887 -15942 -21213626 565 21 839 50413302 10606 -7816 4253 1705053 2200221 45 -18791 1505779 -13276551 22516783 -188 -1722468 -2919216 100 -1714 -14740 22 -281 -1586 62
34 -25892 578 -60681 -1869287 14 -347 -85 -11636 -225 128 -14214 40279 -24 501 17462963 42722 38975 -117 -348 38997 71760 40 -1 -14016 -83 3 2655346 63 49 431 10 -70 86957 -17 -5894 1138529 -92502 13 -5598676 -39272 -50687780
-195 -141 13132 10 -31505237 -5 66 314 492071 113142 -225 19 321 0 149000 -16822778 2125304 4098 -37 -100224 -66554 14392 5177 87 30 -171 -2829767 106 37553683 -121448 485 -6040864 88274 -160 3312 61 -16489 -1670 -140 37397 785 -44993
-1063 1782 24982118 5205 128229 -4799 763965 12 226 -33473 5646313 -12383 -280889 -3101 1126860 -189 294 -1323 5103 288 362 -4505 -7864 19 63997 260 -96 41 16 -1625604 -125897 -27 7 -1056759 -83 -303 43230 -105 9622 155 826481 -25215
28292 -147 -3520890 203 53 20374 -14 4077549 -131 5042412 -4286837 123 -9386 -21 -21418598 28709257 700 -2 -3889 -74 -1777 -6262685 -2688 -161 23047 -50 -14 -20829584 -4198 1159538 17495231 -41899 140 4518948 860544 4 -4 -12062559 64203 -129 36678132 112744
-46164 -28126 29158 11 75 -115 52 -2035 5629257 -74767 14511 -50 -6113 251 -2003120 692755 -1042298 1392502 95363 833877 5182168 76 -50629076 88 6137843 13897 45265 36 -9924 -149 9031 7662 24377 -40 -3945 -2214052 216463 -89 -29840 2709629 -13448204 3860329
7415 -432 -45 105 -126 86668 32536 -64042 3459 188698 -7587 -132 1985906 1306978 -10266 -411500 -19 13 -113 158 11 16610 -24805967 -11450 -39 251106 28423 46 19438 18520 10443 28717607 333142 -8719727 151 8 -129 -113 5760020 303 -16 29
-11 96 -75809 -45949104 -331 8220554 254 -133 -249 16916 -104054 65 18 -7351019 -88 240332 91225 -24724319 -19319 34426285 52526 -5231 480 -9742500 1587 170689 119 27786 -179304 -3351552 -10805330 11039 -55750 106453 51 -12209 -17 3040 -905948 252 107340 -35
-253 23819 88031 17402703 90 -429 -13458003 -90 86186 -5 -33739 38 -5239541 6675 3433572 -130 -424 -367 169119 32115551 23142 -12 2 91580 -325833 -5551 -67 20354 -1073 -31020 248 -393644 21661205 13 -62 -20197942 -15 -60 -6224 24741 88 -6322452
75927986 -16774 4443634 -349 9 18135 166 -523 25019 21110 -3564 -904328 15 3 -170 798 -571926 29 -44198 -1022551 116 396194 -196 -175 -2179968 56026 4183 -92 -18 -4147 1 -6343224 -7655194 166610 -87686 -6171791 -90 146579 353716 1362156 9876441 -6543451
2 -16123289 45 18808 16 146 5654 696471 198 354962 1281 23268 -64076 -4544 -1522920 47034660 -5713851 -10 13773 -4 -38 4093 52598 -6 21909 -6416641 -347 66344 -1568253 -18232 11278 178 58373 -4830613 -5858281 18828 -28483 -2411042 -5736467 -7 60 -43377
-156 -1172238 26 4265 -53041 -4354 83589 17703 -137655 229 2596164 -343734 -262 383 -2730 -383 1284 -40 136 -47 -23 119 -5248004 229 213 137 -13 -116 2174 -1808818 -2369 10 -3682949 -156882 0 147 -201 -654300 -31553 10559 747231 25778331
19547 -1558 -399 -5917671 -36856 -219 504765 218 11358173 223 -42 74 41 -43 -2728204 -18 218 28 -49 -12175 272 7103 -294 -6388 2954 421 1 -56 29072553 4515154 202082 29 21756 -2657 -44718 -8143011 -272 -233 260 -49 48592 101
20579 -1505 5107 1531 212 551098 -93 -34792 -24474 353 5449524 5 -3920928 375830 49 -97490 -6916073 160 -4900 56 89 3280 41990 -22872 2985 -99 -244820 -12579 1253044 97 62 -92 1097232 -70220 -61386250 1530457 -14 -6199345 -14315781 -211 -32724 0
-591436 20368993 81 20149035 22864710 105 27259 284 -413 -402 -82812 13 11706593 -22661806 -112 4123020 -6085 -45184 -367321 4864300 -21593569 -1614364 6896615 -213 8 -5244005 -1163 46 571456 4 -148 19 27 -252 57048 -4232712 -18 -13986 -2310 1093 1495 -23
-221 166 -157033 290 4047955 -59221 113951 40155 -4492 42 0 568320 -555084 -284 -146 -173 10774 14386 285940 -56829 5984952 -11695 -9614056 -997 79 -39 -197454 -2456 -191667 -16432798 2103 -10737 -1887918 -260 35961516 7253329 -2388268 2344836 85 21 -386024 -4
-3913 -1695131 -63 -15106 -15222 7876684 196 -6 32189 -3025257 -10977 73180 -262 1753433 0 2147 -4413 0 -83 185 5312 -55025519 -28823 16095 -114583 -3 -12776 7243642 -613 18794455 167 835428 50 -2195 -12816 45 -21499230 490 992 -62 -1293978 2839058
5164273 -240187 -9 -79134 33136 -31762193 -1010609 209 -3418968 -515063 12811669 2077611 -7822692 22 136 -14 1338589 -60671 1395 -666666 -493946 -154 54 1252 -2254 -8951 56 44 2773530 16958925 783755 -99727 -62382 -15272 621350 1909854 987172 -6501 -9284736 107 317797 -246
653280 2397 337 -141 -14049 -75 24 -46 -1279671 -47600 -124 -2981 183 -7381633 22394 41839 -120273 -74892 2 2211 -270 -119505 -263 436 33 -325640 -2969444 -180 -2883343 -762580 -6 16 48989 940839 5840 -27 -7 6866039 -33535 -11 -53 4189
33403 -37 288 -4675895 -171 282170 90 4030024 -132 2821142 -5890 -124362 -273 121 2642351 4437214 77808 -134860 47518 -4 -60429 6438 3343387 73028 -96332 3217 64 -12978 -425 6 -15279 8633 44236 -25147 12 -15510 149 -157679 -1023 8289 4088563 59
-371 1153680 6540 481 17589 60881 -2191607 288 10726 306798 872959 -256 -101339 -9 567473 -3639138 -21365712 -36479 5 17 15098 -9698 -60 -3950727 -1193817 -2117 298 37267 10685 -2946095 -54136 -12 -44 16522 34 -23 -64578 -225 6183543 58061 -282946 39254
-1284846 5012576 2239 -50059 -23618 -113 -40265 10 -91 3646837 -34 15483 -17 373945 455 19860797 -1546 -1 489941 -163 6971992 -10323726 -123 -173 -4197 331 2907 276 -2600 -322 11275 23 -12649150 -8614726 -152748 1579 9963 -223 1009813 -86 4556858 -170444
19075808 4148 3517864 157232 -167 -144130 85 -658547 -278 157 -26 17326649 26 15112881 151 14861000 -6080584 -6889373 86666 15 -22092 13145228 -392 7531 15855531 8754720 38 73 -27 -28580 99624 373 -3354894 -1557598 109 43 -1636872 133 76 -46513 6205214 -31851
-60 5607 -216 5196 -7045 -4466 -9931907 18909287 0 63029 -155542 253 70647 17221 166 4526076 -18 5233550 -16186 -16 -267 8021 -83416 7307104 -9900707 9712 -45 302 1 27354 -1896375 -141 -7 -17646 -301 234 520 481 -5090960 -87088 247 7
6297103 21083998 -17 -135 -1359927 41687 11399726 -18142 -35 172558 1020362 -21 3 48931181 44533 56 60731 -13330029 -231 18327 29762 1 -13589909 3817641 52 -29439 80 30033 -9297492 137212 382 -28223963 -40 5975480 1448 3880 -3541191 -1333359 -2488 26429 -47 -371687
259012 -5758656 -25714 28610 -334409 33122197 -10040735 1731676 62164 -328 -22727322 -21344783 -88 0 767 -39 26859 55 8659 3742216 -1 -26966 178 -72 1 -8476 6 49 -8648350 120 7419 1320440 1704580 11727 81 -255 -49577 -58 -71 15020743 -355 19942
27 -83 66314 -3609 222 48010 54204 2910778 -53767 -119 165 -316900 -2843 2290 -92 9139 -82 36880701 4487 57 -96982 29597 253467 243 9317127 474382 1571 58 -4591 -1711145 183 -1527840 -362535 -4516 696369 244 77 -352 -191421 -19588 -2732 -1337982
-7271816 22211726 112133 120327 77 -1679580 14514605 86 -35 8104495 1299 5656801 10450481 -651785 723 11 -11931519 -44255402 10106 -14368 16110 -138 39 -283 -2135085 74105 -32 -12224839 338292 -267 16305917 -26 454 -404 -29090175 24885 1984 -161 -374 71520 34625 63
0 -11797 -1431017 2 -958 995 58 43 -175 53234878 -35228 87 -100435 -14312872 -94 148 68 -23 359 -7 621400 77515 -127354 -302074 -394538 -388 -139764 4827 21 28656 136613 21530 -22720 119 -7 2908 -10488 -21502 1182 -7 30 92
-18988 -4761 2 1307368 -46924 11129 -1626920 -31189 2620767 3 182 14671 144 -2807008 -1326 23665 2380961 -13185843 480241 8523983 2578 1762 299 -2092 -24744 -9909 -23277 -8612821 -205 3 -34 -74 -87 -4634 -3153 0 -5166 30081 7434 9097 -3060 84
26063887 -203 1376005 -939726 -3996016 -31 -54 -5640 -536177 9693 -1717028 6946679 -61680 -12780045 3289 -32206423 -11337 -3429 -69 -820619 26 9251 -507355 12 -8977 1997493 -9028 -2203 2098 -406882 -223 99 -17304711 -23 -8776 -110 -152 0 -225 -1 31 3244360
-191232 -8219293 -61 7935 -439 -2824118 289 -326 323 128 65 -128 78 70 -1527 409 -4662 -31 11961433 4683 67745 -2543 -11755898 -25447 -50 -1407 46020 -109 34874 -5887618 -85898 47 360608 46 215 128 87093 57 -114 1494587 -265 11220
-15291683 -66818 -345298 453 197975 62695 -28278 -14991541 3921 22 -66 -3184905 94 8 26 35416 -1504663 -154 -1163 751129 -44999 174 -41287189 1228 4697537 1917 -15641418 -269 -6698 6463 -17321459 17 -140 -130 -14 13926927 192 -13229 10 2022 1099 -105
183 2543 -168 51 -24558 -132 10 -14018229 919 3189 20141 -51222 -459184 -276847 176 270420 2403606 -38054 138 14 -1955 7035832 -122 -259 -360 71577 -75 -35313646 -94880 -1744711 114 -356 45 -22646418 4507333 4803166 -66 102145 2167261 -3378 -100 -2475
4 -28796 -188653 31935 -56607 9202486 145 27 267 -526519 56063 45139 -143 537340 464 59741 -96 -70 705139 -21203324 -61 -11 -8449 3461 -62 -1081998 22 285 2710 1506276 187 -7388 -24585 -2477 7494 34067 254675 -17528197 -75 -10 -16 -307
18370 -960227 -87 133 -124 55152 3590418 77 -11535184 -209 102 10 2222455 -20635 13 49 96967 32627 15707 9844182 -8936 -157615 -3107958 22451 32 654 76445 -12662674 -2 -52705 -19 6 7745 234 -41644811 3523 -53037437 -4303615 -937 -631146 12684 127
106 205 -5470705 -637088 1358489 476140 7127945 134902 -1804 -368 23793 14563253 -316 -329 -4822 -570549 -4210 18201 1044504 -15 7569 3430 -2507408 1313114 -1497 13257 7558 -274 22 -240216 -612046 -302 -5846143 105 -125 -111 249 -12843 3 -1284 18323 -3
14 -90556 -62692868 -9 -130360 4 -5724 318620 3 248 -205 -108367 69 179212 -120 32726 -9739544 228 -131746 54118 -19386506 -51 -259465 12109 1586 1122 3065 6276 -12432 -106 -101 -6678 -35456313 20945 -2006 296 -1673274 -979 18 316 2276 834
20731575 912 479 1529671 92 108220 -148 -166834 -323 17328 -231 -17820 333 12 -240 -11 1286609 -298 52 318 290 172 31249 -4987 -7356600 -21085 -4786 -127 32171 55491 -2146544 -29106865 -5928 66443 12 -53 -30 -122900 1189808 -6554052 -49 194775
-7 -2515493 21 -9068800 -5 360 -834332 -28442575 -5 63 728552 48 -1981629 20712 -35 16731 647974 -102992 -30 2302 -14 2 -2375810 -1533 15 1965452 3017 -68084226 -26186 -5152 -39556 -192 97589 2190488 -9880507 22829 -28834 6137 -208 57221 -80 8915
-103518 6936407 -95 65450 -60 599310 -34563 69080 3598 -235845 -146 -518 4115514 -1101286 110 8857740 2993 43 6932915 273 13612 -311 3857 1282015 -14158301 -71 6904211 24980544 176 -3483 -9052 -19 1541 -70948 5994 -59 -6 690460 -3433 -12551096 -227075 58
-13915 546930 80098 3 -2433044 -83986 -3236 -52588 -9 89944 -114 -5760 -70935423 54 7397237 -549 -2086444 -30513 70 -11590 143 -290894 -85 -6354 18744 -15 -15718 -10880930 125276 -38472537 -2966567 369 -84 45552721 11701047 -22 4022 -91636 -1071686 -36 237 -26666
-44 1666707 -4517 9816700 14460288 -730610 137913 -1507 18502 -106 -126 12659 141951 89 27364 382969 107337 -9583 -301 -12802336 3804728 257 2342 15021 15592580 306 -1512012 83826 -11 756 66519 -23 1790075 18021 57 122 -1248172 -131683 34556 -9064561 2237553 -1
