98 54 417
6 98 95 133 10 267 12 360 305 68 205 74 1 268 58 41 209 34 140 186 96 120 296 165 146 59 35 10 117 134 26 2 33 92 73 135 253 29 24 16 28 71 49 7 233 212 90 308 175 113 131 92 228 19
1 44 31 140 160 10 2 162 137 216 15 194 13 111 29 107 134 17 144 77 73 90 157 128 116 159 21 60 104 89 159 94 169 190 193 88 363 51 81 64 225 271 112 82 76 6 169 62 73 109 51 19 5 226
133 29 188 1 73 17 48 55 57 7 50 238 76 4 136 22 20 6 332 77 49 29 35 9 43 110 50 21 130 169 24 41 77 147 74 77 122 157 17 307 15 11 9 44 259 8 45 27 59 7 372 53 37 8
3 13 29 45 22 105 37 83 8 174 389 288 172 34 19 193 13 333 77 54 9 261 3 33 93 32 213 37 39 61 47 132 58 66 140 35 3 180 33 98 153 8 26 127 3 47 83 1 13 125 107 191 157 286
22 60 1 2 35 62 17 125 63 119 80 58 25 100 67 201 67 27 139 119 14 55 92 7 228 32 232 21 8 103 28 229 122 45 51 225 33 9 30 303 2 193 109 188 27 230 60 6 50 50 221 171 33 260
17 209 9 367 84 88 186 7 36 28 8 120 183 27 170 81 58 67 186 63 9 1 12 51 35 369 131 138 113 2 146 304 52 21 94 92 231 367 5 55 50 42 2 46 69 143 53 2 3 25 182 18 62 232
173 64 10 32 37 52 33 46 12 182 92 114 3 130 32 10 111 190 252 9 116 226 103 14 24 372 206 14 56 26 101 101 29 173 178 227 97 136 118 73 43 227 271 23 48 37 11 211 116 8 46 200 62 97
48 85 3 76 69 117 5 1 7 188 171 152 25 114 80 86 80 17 286 105 78 72 7 92 287 12 11 8 299 51 101 116 87 58 44 338 2 272 372 3 36 99 265 124 202 1 69 67 321 136 163 5 243 33
71 1 17 32 20 129 12 176 17 324 79 207 16 194 371 116 53 322 14 131 20 11 18 2 17 45 309 189 14 37 375 20 71 186 50 151 4 5 11 49 180 5 39 4 29 217 97 318 5 4 267 68 371 4
278 181 24 138 55 84 11 4 215 75 36 139 36 36 75 49 4 72 239 154 40 42 13 19 19 61 10 129 250 258 7 9 121 345 207 48 289 1 28 55 266 53 358 130 86 2 127 32 84 64 150 287 14 193
25 149 175 303 7 88 6 63 51 103 119 122 11 29 354 30 122 11 196 121 44 40 46 8 55 119 35 117 12 12 144 275 114 109 3 105 95 178 89 7 126 116 34 69 126 83 127 301 10 86 206 21 45 51
39 23 49 62 102 120 297 88 3 108 9 7 128 18 252 16 264 64 52 52 14 18 86 287 112 118 16 121 49 68 76 102 16 20 21 23 31 34 88 373 67 67 167 11 27 13 100 90 19 89 166 192 15 17
15 12 119 137 48 118 56 25 135 33 15 17 199 134 296 28 88 165 192 80 69 42 2 251 17 22 141 157 59 225 193 40 26 40 91 222 185 62 114 171 9 104 6 4 9 54 6 8 165 78 53 116 76 99
206 8 2 40 17 30 43 27 56 124 75 26 15 33 160 178 111 32 10 107 4 115 32 243 41 32 168 50 42 41 152 44 79 65 224 190 193 125 16 15 267 108 264 37 33 11 34 95 75 54 19 221 13 24
238 216 25 81 49 99 380 18 122 116 22 24 158 15 54 121 251 193 98 14 68 196 57 32 102 5 2 29 141 24 282 2 79 107 29 81 140 27 21 212 22 210 6 180 202 117 85 24 38 128 99 247 150 10
97 64 60 4 102 42 229 116 147 272 32 12 178 27 249 210 48 49 163 246 1 25 1 21 20 58 29 78 128 24 158 73 331 79 38 128 57 22 14 245 8 257 24 18 3 1 60 71 141 3 49 192 116 236
98 178 43 61 90 56 38 116 63 98 4 57 185 109 129 33 274 5 258 162 20 9 183 131 9 289 152 310 119 233 40 12 145 128 184 184 48 44 169 144 98 39 82 201 16 75 18 290 135 47 75 179 50 26
115 14 280 120 128 63 1 99 48 9 19 188 285 98 54 1 103 122 251 32 208 32 171 53 49 100 250 314 50 7 348 148 176 7 97 18 120 35 7 292 137 55 72 99 111 109 86 32 76 70 150 12 98 17
128 20 1 26 54 12 7 7 210 6 235 250 64 148 41 351 3 68 51 81 291 39 40 283 164 15 367 11 49 2 31 260 62 16 13 15 136 148 33 56 162 70 374 161 103 6 9 12 13 117 1 64 65 271
13 102 55 61 41 53 346 10 60 12 136 361 134 14 323 15 69 66 32 22 119 71 28 78 40 1 93 57 351 37 47 17 333 18 141 79 54 181 92 282 5 96 296 6 59 17 11 82 307 3 42 122 7 21
96 105 108 195 226 125 17 95 41 335 12 59 154 135 5 128 313 6 115 201 173 132 65 30 39 108 217 38 61 49 69 77 113 198 22 33 151 8 252 166 5 84 79 11 26 23 1 85 57 3 70 130 12 137
39 62 116 71 15 40 204 77 331 50 172 99 36 81 144 69 161 170 14 22 44 276 3 89 160 279 102 83 67 48 173 143 3 51 51 89 218 104 14 236 16 8 221 178 333 19 150 23 40 104 2 32 5 127
27 175 140 43 16 39 197 263 180 48 21 236 124 22 200 9 190 23 18 237 85 268 32 100 146 59 94 92 4 8 34 152 22 39 20 60 38 51 105 64 238 29 159 1 184 43 58 7 75 7 2 4 10 102
10 67 75 305 336 85 3 162 26 33 27 121 163 20 114 182 179 2 111 24 252 26 49 247 45 226 107 22 405 19 33 29 30 143 133 63 6 3 50 139 337 321 80 59 36 22 72 14 150 178 167 86 30 72
60 42 9 2 27 12 4 171 297 191 200 117 1 218 8 152 37 310 184 54 61 56 52 221 167 216 24 35 26 237 195 117 125 69 64 8 100 337 167 95 91 300 139 66 13 222 126 79 86 15 113 5 35 23
86 60 12 395 50 77 10 72 13 1 5 48 325 35 79 386 72 28 1 56 102 219 163 48 11 102 89 91 175 7 13 126 282 184 152 113 13 165 31 26 7 44 104 91 97 30 277 3 78 95 117 84 3 12
53 116 59 66 197 63 169 161 24 6 46 112 1 35 235 58 38 208 108 202 56 3 120 2 23 68 12 4 39 2 313 19 318 79 15 20 74 65 215 87 89 17 23 29 54 1 72 15 83 142 149 94 225 335
116 74 65 87 79 36 138 47 2 16 74 83 23 256 50 36 46 119 186 111 314 77 77 24 238 54 210 180 45 9 14 21 20 3 250 21 17 96 13 60 193 56 22 26 296 71 246 22 16 88 34 106 260 90
6 60 1 15 5 67 20 157 54 95 14 67 118 11 24 45 14 43 35 1 291 140 308 40 9 34 62 20 147 27 51 4 89 109 64 37 66 161 39 61 220 22 3 355 7 3 106 195 45 111 79 16 163 58
4 17 111 297 26 96 5 13 97 134 139 19 2 208 203 57 223 14 35 8 25 108 135 106 191 178 243 45 181 20 82 160 132 57 26 16 102 18 43 152 49 240 136 97 46 39 99 125 278 60 160 5 98 16
193 10 7 57 101 3 73 24 39 32 65 183 22 39 21 169 16 84 47 2 3 402 62 98 48 21 178 20 149 42 288 2 29 134 123 38 11 279 3 331 212 211 134 30 26 77 14 18 78 185 235 342 262 16
1 236 44 44 102 59 2 270 44 24 268 98 70 96 77 28 112 73 16 6 39 29 41 274 345 327 205 18 10 56 82 44 106 48 36 354 71 92 147 15 15 20 6 14 119 158 120 16 42 217 28 151 217 123
74 18 267 4 143 10 229 3 199 261 54 231 54 187 35 391 95 308 333 135 45 6 59 12 65 218 288 48 11 171 52 45 116 3 18 162 48 85 20 323 8 6 76 24 7 159 80 18 204 204 111 29 151 72
252 162 100 57 135 104 14 10 85 109 34 42 185 34 40 97 68 246 104 131 59 14 9 21 135 15 263 261 263 80 6 61 158 25 160 35 3 11 12 88 88 217 164 213 20 23 215 25 128 6 4 49 31 57
154 42 96 257 220 157 51 70 64 10 102 92 85 45 112 81 20 54 19 15 16 197 147 21 205 94 51 72 7 2 15 6 265 3 138 168 182 52 20 339 4 34 75 36 136 272 25 60 18 1 51 39 37 6
146 47 106 77 152 3 14 207 16 168 97 71 13 40 100 16 200 41 198 339 317 4 71 82 187 36 5 7 15 24 51 184 6 16 136 3 52 26 2 74 103 7 3 115 135 112 44 186 11 254 138 145 72 41
66 1 16 184 30 90 72 65 25 171 107 27 16 196 192 26 7 91 35 105 2 5 8 146 42 40 15 116 144 2 92 334 167 7 127 6 7 11 240 46 1 27 20 66 19 50 203 313 315 214 108 2 107 5
10 170 33 1 35 245 361 202 119 196 228 6 18 107 162 94 23 150 76 150 44 125 37 14 144 175 9 10 170 316 241 7 50 12 26 264 128 177 12 143 288 62 84 166 52 270 114 12 21 85 52 143 86 55
46 153 72 114 4 2 2 23 23 14 18 91 84 84 137 168 190 183 109 13 6 60 52 38 1 5 62 6 22 17 4 47 156 6 34 138 7 133 10 26 56 104 127 52 88 111 222 9 133 20 9 22 322 317
30 67 91 164 299 311 17 35 50 160 3 57 112 14 19 124 104 67 25 6 55 20 17 47 120 15 89 132 110 250 18 141 95 101 24 79 4 4 1 282 1 95 152 156 257 3 53 54 251 290 35 231 115 16
32 163 30 181 30 68 38 172 32 1 285 13 12 17 39 75 1 5 32 240 112 3 2 29 47 204 269 32 11 49 68 58 128 13 45 59 179 14 338 27 97 78 3 29 43 127 113 393 10 299 4 11 84 270
171 222 80 58 171 20 127 58 36 39 9 106 215 24 22 35 27 65 26 115 15 19 10 39 3 309 242 13 30 28 108 318 34 78 32 37 88 12 19 119 38 51 294 45 184 49 15 14 189 127 51 3 45 22
17 113 128 193 88 38 37 165 162 99 81 13 147 42 112 47 35 16 27 42 157 60 166 180 54 7 16 12 14 172 25 191 1 18 23 160 51 4 94 42 66 47 302 5 310 48 24 220 44 117 35 18 260 175
66 83 37 113 51 40 61 29 180 241 9 91 75 58 5 136 87 59 46 164 101 152 11 226 13 163 141 268 6 8 1 72 317 61 51 165 84 29 2 45 4 12 71 82 19 225 4 21 3 21 43 320 60 59
67 190 11 94 221 11 3 36 206 91 14 54 7 93 121 24 55 3 243 53 224 72 39 52 4 64 5 6 141 8 223 196 323 149 4 54 121 105 157 74 40 89 66 298 253 80 229 114 103 96 95 35 286 13
25 13 189 174 74 37 132 11 108 36 64 181 257 114 33 260 67 67 175 253 115 34 176 46 6 94 4 19 318 70 24 109 35 56 95 218 320 8 12 65 231 71 180 1 116 277 7 2 235 73 211 17 25 287
37 375 2 62 44 39 250 78 14 142 13 160 68 54 63 138 59 130 304 93 72 246 14 168 29 106 47 264 177 30 63 57 39 52 35 86 66 16 175 52 144 158 36 161 198 44 4 350 6 122 49 172 12 46
119 3 175 19 14 76 30 111 86 255 35 95 13 341 182 238 93 86 8 25 50 134 200 17 231 35 128 2 5 17 160 95 188 126 195 20 42 70 38 26 101 29 66 15 313 43 5 12 30 64 43 6 100 25
39 99 51 107 8 8 153 273 115 74 153 33 60 59 185 19 100 234 70 171 97 53 7 218 109 1 117 34 70 30 46 304 51 60 112 117 355 44 151 21 31 33 159 13 164 169 4 25 116 311 1 102 11 86
15 1 33 11 190 331 194 68 128 13 61 26 2 73 11 39 214 84 9 246 133 51 115 8 68 58 77 91 188 203 15 158 8 322 6 89 165 82 206 7 102 338 47 29 120 41 264 104 252 117 3 137 92 35
157 66 46 140 37 123 67 13 193 107 18 28 41 9 116 161 7 4 114 19 145 55 18 226 17 115 10 82 166 189 200 376 174 246 12 86 4 32 15 66 80 150 13 8 87 12 91 249 79 11 65 101 2 6
185 128 7 13 58 22 56 197 37 5 2 86 15 177 43 15 25 19 42 4 71 6 110 70 21 75 381 204 39 26 2 3 11 411 175 86 89 99 152 75 96 44 172 157 10 45 3 313 155 3 207 45 68 47
18 55 8 104 150 17 173 66 65 26 197 19 266 13 197 3 1 147 282 16 79 147 1 81 64 325 63 116 73 5 86 211 184 59 198 192 55 77 16 68 61 134 190 14 121 93 338 6 5 314 367 44 47 28
157 19 258 47 49 311 111 116 96 159 99 141 87 88 33 38 42 99 44 279 16 35 105 184 232 38 1 53 75 89 148 66 78 159 114 4 14 190 36 7 338 93 90 35 85 4 51 30 63 135 207 23 74 47
25 39 53 196 142 74 58 224 171 43 7 3 1 97 49 100 83 40 305 13 5 4 49 134 41 2 18 71 121 116 52 85 55 17 128 67 53 144 199 81 90 304 89 66 20 20 45 162 107 4 6 53 98 386
41 14 43 41 65 73 222 71 281 321 84 34 132 4 52 172 72 2 117 97 177 101 14 28 159 329 21 300 69 10 19 7 132 1 27 76 167 2 34 169 1 21 233 13 34 13 7 25 275 43 72 110 64 96
38 30 130 93 40 201 2 82 51 364 358 38 3 5 71 195 148 53 94 90 140 10 15 34 50 212 40 110 247 153 200 44 387 4 7 213 313 128 48 66 57 88 69 372 3 156 59 142 85 130 121 56 14 83
62 232 220 122 78 14 3 133 91 74 280 92 70 130 188 81 3 354 81 207 224 28 36 10 229 240 19 142 23 11 130 138 121 43 237 14 102 9 98 98 89 117 92 17 11 46 207 1 47 145 226 106 61 98
58 25 38 54 52 54 243 383 16 29 6 16 48 167 101 74 17 223 42 22 194 120 282 7 342 17 337 76 253 238 17 85 128 167 44 387 30 20 64 14 134 5 3 273 47 19 1 157 93 97 97 11 50 17
52 49 203 48 9 36 19 37 20 15 79 72 17 39 47 14 27 8 325 83 148 203 87 184 273 7 24 115 392 255 72 163 133 85 69 251 21 15 56 209 21 2 46 71 51 43 21 200 15 53 146 96 37 12
42 11 7 10 84 1 253 32 316 75 94 24 122 87 34 218 47 324 66 14 205 54 217 57 57 322 65 77 57 40 147 148 26 19 48 149 134 65 6 1 47 3 37 36 41 3 128 210 74 90 168 160 98 39
21 226 2 70 135 34 61 73 38 7 110 297 21 28 37 18 39 50 119 232 11 24 273 228 232 102 119 55 127 220 63 84 111 267 209 9 247 38 30 39 2 28 71 65 57 196 44 12 257 101 226 1 46 48
13 130 121 101 129 16 359 218 167 40 260 103 101 311 186 16 18 290 14 41 56 103 41 301 13 92 68 53 233 19 82 91 206 176 18 64 145 7 87 127 132 251 79 97 144 74 7 77 4 28 28 101 64 3
34 230 365 194 2 113 183 167 231 129 216 72 67 91 21 72 260 146 9 142 80 138 207 21 6 62 140 44 134 67 112 47 22 57 115 8 44 139 61 395 11 198 64 357 31 29 47 160 180 36 246 286 106 39
103 165 50 277 134 247 37 55 5 1 105 140 38 94 67 50 44 251 53 4 90 12 134 29 36 340 65 80 22 4 18 20 258 78 11 85 92 66 114 96 74 30 22 19 20 108 187 16 73 121 3 153 124 76
159 163 1 44 25 1 188 185 6 125 99 346 213 22 83 244 16 303 49 118 107 292 37 26 150 163 93 19 31 306 26 201 316 20 7 4 95 133 2 166 328 141 180 1 88 118 342 350 104 104 58 24 186 90
3 124 58 14 48 187 125 81 45 5 117 6 74 9 90 80 191 2 55 221 19 70 41 78 13 306 1 55 62 160 75 9 231 159 102 338 5 69 3 38 50 96 42 53 2 44 5 172 119 153 162 188 100 221
13 162 141 114 60 86 6 102 1 22 175 33 287 29 68 31 237 143 4 36 49 30 353 51 94 101 46 22 49 37 86 18 28 56 126 18 82 70 95 49 156 23 80 159 64 113 130 53 219 282 99 234 60 20
196 21 30 406 4 7 189 50 4 87 53 7 126 250 214 44 36 62 69 128 150 27 57 12 5 4 19 108 224 29 173 189 80 85 138 10 331 77 161 103 224 3 128 97 108 49 36 91 152 61 47 53 2 368
14 5 99 247 3 33 102 236 46 141 32 357 6 72 9 150 9 158 45 1 4 28 327 1 13 3 33 41 98 140 25 216 345 150 39 100 68 3 84 64 231 50 58 128 9 52 114 167 63 165 109 237 45 117
111 93 18 10 119 108 28 65 239 94 92 190 36 78 131 78 30 24 15 62 32 27 71 268 2 49 18 33 105 15 220 36 287 272 48 128 175 187 111 131 135 44 87 36 11 66 52 45 350 32 65 215 49 7
26 51 101 64 145 219 130 104 110 26 23 205 80 213 256 67 30 114 248 135 143 14 104 18 23 42 140 22 225 80 231 285 41 232 26 24 279 288 22 274 267 133 109 197 57 144 69 15 160 16 85 246 69 175
1 82 6 374 31 70 218 84 256 104 82 57 217 31 45 235 46 97 200 16 100 8 41 2 364 17 68 99 221 11 13 75 46 41 86 47 94 142 33 38 50 110 91 2 4 119 198 42 57 34 14 29 282 32
59 159 136 44 153 213 63 299 303 30 154 258 129 108 175 383 4 90 20 11 102 197 149 150 106 16 202 54 30 4 15 68 10 88 212 41 1 11 92 114 181 212 122 149 181 22 37 279 24 67 32 187 80 59
199 7 314 29 60 85 81 144 87 26 50 25 122 206 156 91 3 239 72 8 298 10 2 55 2 4 33 11 330 58 14 68 87 115 22 5 41 3 36 25 31 64 22 158 103 61 236 177 1 37 185 28 121 76
190 70 34 79 71 32 67 34 7 187 44 2 110 2 103 74 185 90 91 45 269 178 30 94 58 31 164 151 30 209 22 202 82 65 4 3 259 8 102 31 83 19 182 123 12 6 338 23 23 107 9 21 265 394
5 22 136 176 104 46 11 325 27 34 27 132 252 34 140 71 186 116 88 29 254 1 45 62 27 133 70 238 73 76 217 24 42 287 18 77 2 42 16 2 95 148 85 140 10 33 256 118 162 84 386 348 156 11
5 9 30 6 318 168 31 8 204 9 234 158 15 26 9 21 7 138 30 318 159 66 54 39 6 50 101 339 7 16 259 89 104 100 26 49 12 27 70 1 5 127 21 124 145 286 9 108 118 46 64 17 6 310
121 26 17 53 4 90 12 11 9 68 11 294 69 30 70 243 191 23 54 55 100 81 3 7 72 93 15 99 147 58 7 41 138 164 11 3 221 120 111 188 22 285 39 43 168 288 76 21 21 18 122 15 126 1
5 73 24 274 68 11 8 73 36 19 76 104 48 159 165 168 93 282 2 280 126 114 145 257 77 46 73 308 149 92 1 25 27 57 28 52 24 135 275 3 29 61 41 9 113 48 2 288 10 6 101 95 71 103
23 99 303 15 253 21 179 6 64 22 93 31 5 27 160 113 25 37 31 47 176 125 63 103 52 43 116 12 45 97 246 61 24 68 81 49 75 278 87 52 80 81 1 5 70 20 171 61 27 83 12 59 9 3
149 215 23 22 9 2 4 33 140 23 141 28 80 84 307 4 19 12 39 5 12 282 84 4 33 211 105 25 134 3 1 44 90 44 129 43 141 281 46 89 160 56 220 107 167 92 312 57 150 45 60 269 124 270
132 58 5 22 115 156 207 19 29 34 44 95 86 93 162 63 277 271 92 55 99 16 67 158 183 14 61 84 48 2 51 107 59 108 23 48 37 55 164 155 129 49 120 24 10 23 49 113 70 164 75 71 20 21
228 131 228 6 12 150 50 5 25 9 12 105 126 141 3 157 193 15 26 289 10 20 328 145 28 12 61 6 93 5 50 39 4 113 4 41 28 147 51 372 72 20 46 49 1 14 59 175 2 17 140 120 10 60
33 261 190 24 46 118 35 334 73 17 8 11 50 155 7 21 131 144 85 71 123 365 14 133 128 41 157 101 4 27 347 226 123 57 31 31 20 63 133 58 104 23 17 108 9 18 160 80 17 86 43 50 73 78
55 124 14 18 12 48 6 56 125 17 36 91 253 62 348 89 7 160 123 80 111 39 208 81 52 51 24 15 38 69 144 30 117 62 50 22 175 104 107 9 92 49 32 168 62 271 64 4 237 6 27 7 64 119
109 79 32 46 88 39 12 16 3 121 4 102 42 334 299 340 44 26 11 104 20 164 179 54 53 58 214 101 347 17 116 27 185 15 11 175 42 14 70 80 131 10 35 1 322 57 39 108 132 60 30 14 252 37
287 317 11 34 117 10 82 75 43 31 11 180 334 315 163 44 155 89 39 68 20 22 101 54 2 6 8 268 157 9 109 136 261 154 26 26 114 38 55 9 122 119 6 112 134 34 33 122 46 138 65 107 176 58
134 65 23 77 7 118 57 9 107 63 363 111 12 29 1 14 128 35 291 61 49 237 40 228 20 67 82 80 147 27 14 3 33 294 17 1 47 32 118 133 63 128 79 39 57 154 247 27 2 70 78 39 3 25
3 64 25 3 61 184 252 114 87 13 47 22 123 41 46 311 162 91 55 75 105 88 125 98 177 97 218 52 205 213 31 74 98 25 61 113 54 245 117 79 99 104 133 128 31 36 94 131 34 19 111 140 67 56
17 96 183 55 1 53 15 378 182 357 226 1 7 15 2 135 87 92 27 92 13 48 143 216 42 262 287 58 301 93 148 203 1 2 170 64 191 41 28 31 33 123 7 19 58 16 135 216 56 197 14 116 49 256
20 25 294 49 238 162 58 7 135 193 175 77 5 48 20 52 69 47 39 23 204 21 323 4 357 85 65 115 113 126 59 56 296 55 25 208 39 99 114 60 133 27 3 46 58 192 36 49 279 26 31 60 20 68
125 107 67 40 51 40 149 245 54 200 15 33 130 7 251 43 3 32 53 41 47 158 279 54 146 22 123 157 17 2 88 70 156 4 8 5 246 110 41 40 169 4 13 93 50 52 45 71 226 9 36 24 118 238
32 27 213 26 33 108 31 80 7 19 254 134 23 71 26 28 80 21 7 91 25 70 103 67 167 42 169 15 114 37 95 11 11 196 147 34 394 155 24 13 9 204 96 72 21 140 17 148 163 4 98 16 175 44
126 317 104 105 57 141 293 189 52 72 8 62 93 116 3 50 106 135 5 221 86 90 33 128 162 45 15 240 94 78 104 86 34 49 200 46 28 102 102 146 172 39 391 56 237 21 99 4 334 7 39 259 107 9
391 151 187 121 81 157 291 259 15 56 104 15 233 125 11 127 147 6 94 194 57 86 111 25 20 17 48 90 2 121 150 58 46 65 16 2 2 336 33 63 279 163 245 250 127 177 55 30 161 51 68 94 86 233
105 14 301 97 185 5 3 2 141 35 29 54 71 17 47 22 56 79 20 112 36 29 2 55 63 1 17 8 114 64 17 37 18 44 213 336 44 188 127 27 37 61 7 29 26 7 35 174 21 43 279 68 11 1
54 59 50 99 236 274 120 65 290 284 22 196 251 9 3 217 193 34 351 39 163 165 12 1 32 195 6 40 5 13 10 188 31 44 105 156 28 43 9 18 110 41 55 4 76 95 119 24 5 150 4 21 16 83
192 165 9 62 112 1 37 15 156 105 219 29 34 346 56 303 96 235 8 21 153 223 312 58 43 88 16 6 224 38 164 267 138 2 105 105 101 10 18 32 70 130 260 141 83 241 190 111 16 51 162 75 71 16
87 54 30 37 82 230 56 31 61 40 295 190 56 3 327 83 151 5 111 40 183 10 41 5 183 55 88 236 36 68 177 27 14 116 94 58 100 186 63 277 75 326 98 97 46 25 340 5 90 146 68 109 37 211
9 17 37 14 247 62 208 191 56 12 91 51 14 111 12 21 24 22 51 11 46 108 111 91 96 202 121 139 53 97 148 23 164 166 32 141 88 196 58 29 248 148 305 52 130 15 31 29 195 3 6 8 78 65
339 323 11 374 42 12 40 165 128 69 54 149 156 92 66 168 74 153 47 132 97 85 148 75 90 34 111 235 349 44 41 8 128 36 101 27 17 172 8 192 36 49 3 141 32 115 196 276 136 30 48 129 248 8
17 81 17 296 9 158 25 97 28 120 83 183 280 79 97 65 31 31 10 2 152 128 236 13 14 4 9 2 43 23 15 348 188 15 9 109 139 41 21 65 69 240 5 5 64 152 33 159 17 65 33 118 80 185
61 211 3 45 86 43 2 60 52 132 11 99 128 79 207 13 33 389 135 224 51 145 58 41 32 252 133 28 251 54 88 92 161 18 64 62 242 74 10 2 77 10 171 5 6 4 285 1 26 44 63 3 21 105
1 19 98 203 155 127 62 179 55 78 14 137 16 9 137 333 239 11 149 9 165 12 284 20 12 354 152 19 82 35 52 5 27 132 303 222 92 374 40 286 23 6 27 48 34 7 17 100 32 135 66 216 230 90
30 39 18 39 42 15 36 66 83 20 60 140 198 16 13 183 3 344 151 184 163 333 18 18 249 153 6 53 14 166 131 18 28 104 61 60 37 48 103 183 194 153 89 3 135 223 74 21 21 266 120 70 241 124
62 47 29 73 21 115 36 118 75 178 108 81 150 67 156 96 81 150 77 88 90 154 176 190 16 18 64 211 11 19 82 9 37 58 4 115 53 11 38 52 171 144 325 271 89 25 190 363 67 6 16 158 143 6
10 94 64 27 173 232 24 3 13 34 1 215 16 329 95 106 93 22 11 366 385 23 41 98 29 44 40 142 164 97 161 107 75 32 34 75 91 224 272 21 139 104 15 315 22 31 55 155 32 60 18 126 22 336
228 132 80 1 138 9 222 5 14 22 52 124 87 124 14 18 105 19 39 20 13 250 130 7 116 5 143 243 18 24 24 13 114 16 137 215 74 142 353 191 88 180 14 331 240 88 21 167 23 44 70 58 1 59
104 23 2 84 32 43 44 10 300 390 118 4 273 250 12 105 14 119 98 89 16 164 30 142 7 18 220 26 114 13 6 8 112 193 8 184 33 16 53 305 111 244 21 2 3 17 1 120 20 84 96 72 84 58
147 68 13 123 144 277 88 25 57 87 78 25 9 54 9 376 93 120 52 53 1 40 174 14 132 175 175 185 288 2 15 5 72 65 7 6 47 15 334 186 78 99 159 106 181 81 17 78 111 90 130 95 188 42
62 100 178 294 123 62 15 24 96 53 3 69 235 18 170 154 50 267 6 239 80 26 38 70 3 5 17 8 16 2 237 89 73 9 67 302 22 103 1 242 21 49 18 102 119 88 145 10 32 92 77 240 266 73
98 31 254 216 236 178 23 136 46 79 190 155 48 48 74 77 3 187 116 137 387 66 19 39 19 45 45 46 250 185 184 143 214 138 59 143 28 7 2 2 265 9 189 36 105 279 251 1 92 23 329 95 373 270
298 44 31 282 207 10 26 50 160 252 209 52 17 30 371 8 242 258 97 33 274 186 4 54 125 10 15 129 8 111 111 30 99 172 80 126 42 218 206 155 46 179 102 130 113 47 128 12 4 9 112 19 4 155
9 95 377 88 91 20 52 40 2 45 39 157 21 7 80 208 225 182 308 282 217 72 134 290 29 88 8 17 30 152 225 62 78 106 10 92 56 94 106 2 31 193 181 142 16 12 49 161 199 99 65 62 50 198
130 7 166 68 296 32 55 10 291 44 15 159 24 115 64 7 52 182 158 39 49 91 1 87 75 381 12 243 112 12 1 205 197 213 154 209 71 169 202 35 190 80 146 39 93 38 31 18 70 109 5 26 172 34
103 133 84 341 40 140 90 106 50 42 245 26 4 266 30 19 43 16 63 83 18 25 125 1 20 128 26 33 112 84 72 148 265 69 3 169 123 7 35 17 171 1 76 128 123 209 5 2 10 324 44 60 78 256
197 24 153 213 10 21 29 100 25 96 64 76 68 205 16 6 131 105 109 12 198 159 4 130 1 59 142 39 367 57 86 7 43 77 146 72 20 4 55 16 39 42 279 268 82 14 41 153 2 6 17 127 5 284
29 172 67 193 86 6 22 2 245 138 84 2 165 192 63 110 121 2 9 66 15 102 99 152 56 90 6 202 64 6 202 247 203 156 18 31 108 7 45 5 360 97 146 82 229 5 35 158 65 167 2 299 160 89
27 41 49 23 5 64 13 69 22 9 177 22 30 141 4 17 27 22 158 31 203 159 1 2 2 52 167 18 50 117 89 29 31 155 219 2 229 3 61 126 42 65 197 14 105 184 75 42 37 45 32 15 80 98
59 8 161 32 9 43 412 80 2 3 251 262 8 56 25 11 49 127 9 239 275 7 2 12 3 20 152 16 285 295 143 114 210 129 149 16 142 155 109 13 44 68 33 23 2 4 51 29 9 30 54 35 6 6
213 58 116 114 63 74 272 6 268 283 201 91 22 66 78 313 21 11 98 9 32 103 35 18 6 91 113 38 54 75 261 128 208 71 119 41 60 117 16 201 289 91 3 104 71 76 13 5 32 43 59 6 78 11
68 86 53 21 14 116 17 152 5 161 50 26 223 182 1 18 2 16 63 20 126 186 175 54 8 28 134 372 65 286 143 190 55 147 2 90 192 180 20 142 40 204 12 57 67 61 110 122 42 61 159 344 2 74
81 23 83 91 252 260 128 44 204 195 219 89 16 107 117 128 101 168 33 8 73 9 53 404 366 79 6 98 20 192 73 24 61 347 155 26 62 85 12 299 178 336 176 254 14 59 83 11 240 100 141 44 126 41
189 5 16 55 4 61 48 49 90 306 60 60 8 81 188 191 157 72 12 111 2 105 98 128 37 106 56 1 258 138 369 347 1 71 104 38 179 2 86 8 101 5 13 282 8 49 250 353 236 91 21 2 111 34
16 33 34 12 14 81 47 137 79 15 54 166 18 53 27 300 19 83 22 258 357 81 76 134 53 53 246 175 37 29 2 183 71 30 303 40 24 163 76 17 2 22 98 235 132 119 192 4 216 114 217 33 160 51
79 23 25 267 325 125 108 7 309 122 24 136 19 162 161 19 10 84 134 15 148 146 311 4 73 33 9 17 174 117 116 21 68 4 299 42 54 10 27 10 2 51 5 185 97 73 224 69 154 226 19 112 10 4
47 153 119 139 18 1 28 24 106 10 83 14 68 112 39 16 41 15 215 1 43 263 303 63 2 88 47 298 38 144 350 225 11 8 172 119 87 64 63 92 24 49 119 162 115 299 63 150 107 12 106 252 49 128
110 18 48 236 130 42 25 26 55 173 258 12 50 219 274 41 16 116 99 8 117 78 16 39 211 83 30 5 259 7 14 109 28 60 8 107 6 186 9 2 230 10 14 40 14 66 48 15 414 6 186 110 82 26
114 273 28 195 110 218 8 5 18 32 35 1 230 69 247 110 133 59 159 55 110 63 13 99 43 10 9 143 247 37 94 85 30 82 96 114 53 22 108 196 173 30 141 5 14 8 244 178 59 16 13 89 63 71
94 8 231 137 99 57 116 32 199 27 56 112 140 124 35 23 50 242 134 4 16 89 15 8 98 36 5 78 41 112 9 283 238 160 209 98 330 57 56 95 324 20 13 47 280 38 63 225 5 2 53 57 41 41
4 22 152 189 12 162 58 31 13 80 175 44 311 210 7 284 144 220 150 50 115 2 7 260 11 92 137 59 151 2 25 231 69 75 124 64 135 186 3 119 31 91 36 118 180 146 13 38 22 28 109 29 81 236
65 172 53 78 214 146 29 9 129 48 155 280 184 127 129 18 25 19 251 157 87 21 192 52 5 119 192 2 137 387 38 264 18 30 86 30 33 148 19 28 157 103 42 86 111 1 57 152 37 108 52 185 43 12
220 54 10 30 14 144 91 72 14 72 76 25 71 46 11 24 139 29 27 80 1 117 274 355 7 39 4 145 19 93 229 103 33 103 250 217 272 22 3 235 3 55 132 9 181 56 7 41 83 93 83 303 143 90
57 3 76 52 7 63 55 244 124 48 86 32 201 3 81 17 74 86 121 3 73 208 27 6 50 7 10 142 322 32 131 17 2 22 170 29 44 32 155 58 324 22 20 122 197 11 211 47 12 153 33 44 231 202
148 200 8 349 32 211 4 81 250 103 19 116 9 301 96 180 19 43 24 75 366 4 41 28 29 167 55 59 238 134 2 26 18 25 34 46 136 139 44 63 111 239 64 38 157 19 70 103 78 73 158 5 134 13
188 124 6 23 10 26 250 114 240 105 24 204 112 312 1 9 47 104 48 195 13 42 63 43 21 27 13 299 124 8 64 17 38 48 5 130 99 189 177 100 185 107 33 4 35 141 132 59 204 296 80 73 5 6
14 195 40 30 116 75 36 14 103 56 18 75 22 69 115 251 259 78 82 31 354 28 3 109 34 66 21 64 192 311 67 82 57 51 7 87 381 32 88 1 192 151 5 135 75 11 110 173 26 184 5 48 277 222
140 33 10 91 153 86 128 399 10 164 13 24 200 6 57 4 27 126 2 338 30 40 28 45 24 33 76 129 16 101 44 42 6 186 273 141 3 20 9 374 12 61 147 202 53 108 51 120 6 167 4 186 1 106
11 178 17 5 81 86 115 261 124 32 1 111 30 124 86 19 161 339 124 9 14 6 118 6 223 47 108 62 84 111 87 108 43 240 44 98 59 227 262 54 65 135 88 78 107 66 283 200 56 144 300 33 170 149
272 23 69 110 41 12 131 133 61 17 89 19 186 4 23 46 103 167 283 333 18 5 42 3 140 99 169 93 33 184 157 102 62 38 140 172 38 115 50 3 70 167 34 185 7 28 16 17 214 151 50 338 6 174
130 11 37 29 97 12 9 18 35 11 181 42 310 5 99 15 7 20 54 79 168 313 91 23 10 115 10 109 338 199 105 282 55 127 308 40 149 1 71 41 22 11 91 62 19 79 81 258 102 21 78 265 14 23
10 20 205 219 361 52 30 100 87 151 52 2 367 147 103 37 331 11 50 109 348 294 106 98 82 70 40 328 15 25 172 247 87 84 42 67 25 261 239 17 1 8 351 15 80 148 135 49 59 9 69 40 90 45
6 200 30 52 35 1 9 76 100 2 263 126 131 3 68 152 11 57 53 29 130 17 175 294 8 52 224 6 18 241 95 14 132 108 24 338 9 55 11 217 8 109 1 188 125 140 260 4 60 139 30 63 205 218
154 142 261 57 1 6 2 6 305 262 39 5 139 10 73 11 194 41 124 133 128 42 35 48 35 209 122 9 48 155 286 253 36 56 94 64 194 4 180 62 20 29 13 1 20 207 34 179 9 70 188 146 260 30
21 30 37 23 31 1 106 183 22 19 5 48 59 229 17 24 251 37 1 303 15 50 28 152 54 120 142 107 184 10 170 172 41 23 315 72 61 46 40 4 91 23 375 62 21 35 130 26 19 5 48 95 67 218
76 190 37 315 131 33 113 283 138 23 10 70 27 38 131 49 47 30 240 70 61 3 238 318 201 128 69 78 164 29 13 11 147 190 95 181 103 91 19 4 178 60 363 157 10 79 43 9 35 5 2 2 76 6
1 94 5 281 49 19 104 82 53 41 88 17 252 5 23 83 23 22 24 53 17 170 141 267 144 64 397 145 95 63 137 90 33 37 115 50 340 36 1 25 61 12 31 313 73 51 27 213 19 313 131 49 254 10
34 101 16 88 2 360 153 221 259 6 39 62 31 42 59 30 118 37 179 296 3 128 135 191 124 41 56 142 142 23 5 20 8 39 7 173 190 56 84 9 155 1 285 44 20 309 14 161 72 7 6 42 4 28
39 77 197 52 295 97 89 140 119 4 128 43 173 38 31 114 5 21 76 19 20 25 28 205 25 252 27 74 342 318 78 30 246 266 190 169 50 280 153 8 137 14 40 110 111 18 5 22 102 37 9 190 68 272
4 133 9 50 124 36 9 20 82 31 56 143 94 50 65 88 103 95 46 53 163 5 4 143 23 108 186 79 55 33 56 104 62 205 352 53 17 53 172 42 57 73 6 6 76 73 229 98 18 362 77 15 40 37
10 136 32 157 60 35 66 313 26 152 43 12 26 70 94 12 156 177 68 10 73 10 142 2 76 67 28 252 116 33 143 123 66 196 11 46 197 58 29 15 106 34 315 30 2 40 72 6 35 54 136 100 37 167
61 64 60 22 3 145 90 89 35 3 26 9 9 22 159 12 15 241 14 12 125 74 91 121 5 4 33 297 47 3 150 8 5 77 7 3 27 1 181 335 9 49 185 24 77 125 81 289 24 88 2 77 286 10
26 5 65 114 86 11 19 231 6 51 270 8 82 3 31 47 104 73 36 211 8 108 3 123 16 46 78 36 112 8 40 52 15 21 39 8 91 138 13 40 26 86 123 259 170 170 56 245 117 82 7 2 7 160
11 66 385 206 80 122 43 133 235 20 140 74 12 227 11 34 161 208 17 16 149 98 7 78 2 91 184 3 165 12 227 273 32 225 60 7 47 31 102 57 100 28 149 77 63 46 12 52 65 80 34 85 83 112
68 258 32 132 32 59 194 64 69 186 18 27 314 36 25 72 8 165 157 7 116 82 96 154 221 66 64 103 216 23 13 185 4 20 5 63 84 27 177 169 386 121 3 93 84 6 51 106 4 70 42 53 22 63
64 171 84 254 36 105 149 22 12 72 187 165 7 80 100 127 38 75 159 110 336 166 85 25 42 87 33 206 40 24 145 20 147 329 218 128 199 23 13 9 68 145 81 55 171 170 114 248 77 157 16 130 81 3
201 165 318 57 5 307 266 125 190 55 30 23 29 137 94 49 6 121 1 373 27 65 102 42 61 30 15 40 38 61 6 71 122 22 46 64 227 9 222 68 208 123 31 38 45 45 171 180 332 320 99 35 174 65
293 62 102 126 132 121 118 32 188 113 25 54 7 2 58 32 16 27 169 183 25 112 313 4 59 4 270 14 22 135 1 303 83 388 1 86 104 121 13 95 104 136 41 14 90 133 133 179 23 74 12 11 256 140
12 19 32 42 139 116 62 121 44 229 51 86 134 12 48 108 84 46 211 151 114 58 16 167 134 96 121 44 28 132 9 88 43 85 274 188 17 216 116 214 8 37 87 80 23 102 218 129 39 28 106 144 139 310
15 117 23 1 10 7 22 2 207 252 13 120 27 113 34 222 66 91 184 301 148 83 22 163 298 8 308 33 110 28 22 21 197 12 13 178 24 73 8 6 27 8 230 263 41 89 40 96 173 109 139 29 70 171
11 52 244 16 159 220 57 14 109 16 276 246 3 180 78 26 28 251 6 131 271 75 164 120 258 224 363 137 174 163 8 34 237 124 48 33 9 100 148 21 20 13 162 7 41 29 149 47 136 39 43 269 48 12
51 33 2 24 99 2 96 2 25 31 20 208 188 222 71 100 57 231 192 138 257 178 19 30 21 82 341 69 30 248 172 66 13 99 78 39 216 367 10 8 41 14 102 287 257 18 154 103 114 37 5 220 38 120
70 95 34 101 147 95 43 49 141 160 9 45 192 35 91 211 124 141 86 31 147 32 25 132 39 6 2 128 299 23 5 341 119 344 61 146 162 14 16 180 11 7 2 110 39 49 98 5 342 174 23 169 13 11
93 37 25 48 84 67 32 61 51 2 36 30 2 59 73 41 25 61 34 8 11 3 1 90 210 18 16 206 181 5 2 1 215 102 42 8 174 20 100 317 319 5 22 55 81 211 47 139 58 23 53 137 112 24
140 110 235 247 101 96 246 27 96 86 11 32 134 64 277 86 335 36 77 304 66 19 89 21 177 3 143 254 30 46 1 11 54 17 10 69 57 5 10 23 120 28 141 291 43 352 139 66 74 1 72 103 31 23
57 1 59 174 89 29 153 17 188 315 9 3 70 41 98 57 12 57 77 1 89 58 122 42 168 16 53 398 157 92 16 65 35 40 192 316 24 4 9 102 141 242 46 37 40 40 3 9 207 50 343 176 174 122
361 98 33 198 26 160 82 204 293 46 11 31 160 100 31 39 59 55 32 26 22 87 319 94 64 2 6 37 9 1 81 3 317 95 35 322 336 70 161 68 70 151 87 5 36 44 232 42 92 3 27 1 5 3
5 66 5 12 40 107 63 119 97 63 32 47 36 1 89 224 33 19 9 244 53 83 204 144 8 164 242 13 5 54 87 2 8 117 173 60 75 34 5 48 124 119 73 236 132 210 56 132 102 93 309 337 59 138
70 2 67 19 251 18 83 3 72 74 314 19 11 3 25 54 55 6 39 17 125 68 2 19 60 64 212 136 283 2 42 305 46 154 114 75 93 354 101 181 59 141 122 42 10 9 4 8 33 135 375 174 149 101
88 130 34 32 11 83 27 22 53 3 161 42 9 56 62 233 341 90 32 16 61 33 9 63 70 60 85 136 16 220 9 37 27 17 53 255 77 124 152 210 189 44 268 58 59 56 48 7 60 223 16 41 31 7
62 35 2 33 99 281 92 285 218 23 30 178 20 39 88 1 80 111 10 275 109 107 31 79 319 32 93 44 151 73 43 30 9 140 72 4 109 160 92 312 42 274 21 138 22 90 93 41 117 72 75 184 61 157
147 109 100 134 125 27 122 46 37 74 203 2 78 36 74 100 104 26 89 19 190 242 62 56 67 120 244 4 174 4 2 72 98 60 46 135 307 41 33 38 47 199 138 74 77 29 82 111 29 36 85 45 72 1
333 76 59 115 167 191 21 67 322 113 45 81 210 15 65 50 2 34 52 4 55 26 88 147 342 73 5 57 351 89 176 299 13 31 195 238 259 53 10 7 11 139 34 63 47 102 19 60 42 57 154 115 16 282
45 201 39 24 40 10 25 16 205 35 109 159 2 217 58 36 36 108 6 71 63 5 12 129 6 114 39 7 158 92 40 108 307 48 81 140 339 259 102 8 84 142 25 37 32 46 18 242 1 86 68 107 92 3
225 53 51 193 210 86 10 99 19 32 361 42 29 134 197 106 4 142 17 35 128 221 85 42 322 43 58 3 225 206 14 11 186 17 106 17 1 13 82 67 27 18 22 63 134 84 50 12 50 74 13 88 25 31
70 55 202 8 7 13 69 34 54 60 90 66 5 234 144 332 256 207 36 24 105 220 38 1 353 26 172 39 24 81 168 38 17 35 384 73 78 65 10 125 165 79 136 163 110 174 7 57 5 1 14 101 41 99
99 29 15 15 93 54 44 120 119 69 38 121 235 91 109 28 33 62 107 12 15 150 114 25 130 1 29 4 106 325 147 4 57 1 264 135 75 3 101 10 4 108 23 101 27 86 104 31 114 5 236 149 147 47
326 120 41 46 55 34 71 148 48 30 270 150 99 85 188 240 12 97 37 11 37 100 82 9 49 11 281 269 78 57 297 266 53 300 196 24 7 91 114 32 132 17 85 63 59 92 3 24 233 16 277 31 40 192
3 278 235 119 386 125 209 171 216 119 23 152 51 48 32 87 131 95 276 63 177 33 326 1 16 93 65 29 73 255 10 137 242 253 68 24 77 33 5 44 14 23 199 4 355 86 23 185 22 28 314 32 1 32
135 84 100 28 92 137 125 85 8 104 152 184 131 257 75 49 150 59 131 66 68 115 189 178 308 29 33 291 90 269 2 48 46 9 134 15 14 353 50 52 58 98 64 76 232 73 45 42 71 77 100 91 1 48
24 79 81 22 13 32 69 28 144 19 49 52 279 40 61 169 15 115 44 170 56 68 205 311 270 49 53 273 80 68 225 12 130 67 95 72 49 288 162 79 28 133 48 5 284 47 3 65 121 12 142 97 6 406
101 186 6 32 104 3 3 45 14 254 5 209 26 41 183 162 306 5 153 61 26 58 3 2 6 341 38 36 107 146 164 100 138 123 123 36 67 259 13 5 119 155 6 17 167 166 13 21 79 17 75 296 13 202
10 148 22 20 56 257 21 4 108 108 58 3 29 14 42 60 185 30 11 187 216 12 311 93 301 19 128 3 11 267 89 104 113 67 39 116 170 47 32 117 26 27 36 42 62 184 49 333 304 61 79 43 71 25
97 89 27 133 97 31 24 200 79 3 121 2 216 36 160 86 76 98 127 21 170 12 82 281 71 35 91 136 19 104 112 66 279 67 209 153 250 206 14 24 28 73 22 209 18 24 47 87 50 29 117 307 195 124
47 57 2 207 5 6 267 91 160 309 339 126 37 26 23 59 27 15 10 216 74 22 194 355 31 18 293 39 59 56 35 31 155 93 115 89 25 15 8 153 75 237 29 135 57 141 7 197 40 10 100 147 136 38
87 100 19 29 321 31 9 160 142 208 9 78 242 43 117 8 19 45 54 106 139 70 21 11 187 86 65 272 250 10 49 171 57 108 2 142 44 338 2 56 22 99 98 19 163 345 41 20 79 289 336 131 3 2
2 15 13 10 27 39 29 120 26 134 5 68 19 159 247 290 56 281 181 208 149 236 52 37 172 133 26 337 9 75 194 19 370 91 215 11 67 19 168 44 10 143 17 123 9 44 5 372 46 4 123 358 48 13
128 31 15 130 94 24 49 7 4 83 119 10 48 3 111 14 36 97 72 19 89 82 46 78 52 248 10 13 286 69 178 18 72 91 4 40 16 48 157 76 72 40 28 121 111 59 88 30 19 16 4 67 9 34
211 7 13 83 257 214 256 34 58 16 40 59 49 19 93 129 121 123 36 232 26 175 89 76 25 57 274 75 38 411 25 8 82 2 19 81 15 82 18 45 75 87 9 34 241 49 66 216 98 24 111 123 24 17
16 120 55 93 11 19 174 116 1 140 130 52 238 153 151 6 184 13 85 100 135 10 49 40 34 39 142 11 99 4 27 65 48 147 62 95 147 10 1 13 55 222 112 3 6 11 363 121 43 94 1 141 72 12
3 161 66 44 105 175 51 85 73 78 28 129 372 76 73 5 116 5 67 25 5 234 28 6 14 119 87 208 102 17 134 120 55 79 152 18 210 3 3 117 9 15 19 103 207 55 48 43 32 213 14 112 62 59
1 179 31 10 28 40 249 35 24 32 60 10 5 56 13 114 110 40 78 155 150 19 101 93 15 302 1 128 143 323 41 1 91 28 65 84 15 182 19 43 8 99 187 32 100 297 297 5 31 23 54 48 104 5
70 66 35 33 11 335 40 40 18 42 20 20 182 95 100 63 30 2 302 98 179 1 57 90 272 28 316 49 132 36 28 104 112 63 53 145 149 66 13 44 66 105 8 77 113 2 123 30 63 57 78 81 124 148
134 22 252 51 83 300 169 3 57 22 172 128 40 18 307 36 171 229 33 22 51 63 57 38 285 22 79 143 173 49 95 5 52 1 327 33 17 16 10 27 99 236 138 18 40 127 37 198 184 86 14 87 37 3
28 56 33 18 68 134 4 36 51 2 79 47 96 146 349 4 11 50 54 39 26 216 79 25 11 54 66 27 44 51 286 68 123 162 92 48 116 191 55 36 33 182 40 161 56 178 53 82 140 62 84 131 57 101
-20887 189 13995 2 6850 117 26 -34189852 -1034329 -143884 -1 48 97 -266 8005177 167 13009 -113 -62701 -112 2955087 251 10 -12 -28762 11552187 63517 -9418871 467 184 -16 2595768 283 62 2 198 -65562 -2415 15 -38018 3299617 14 175 -100 -9 -693317 -383 -477883 88 -509 149 -18896469 -165 -61
78 -68403 8285 -273 279015 18482 8767 -2804533 21715108 -19092 -23048 -108 92 -80 -263933 -8109 800843 53537289 5197 -60 -175274 -3282524 -1189923 -13056 -11003 -43522 -84 -92 14830 23012213 997321 1120679 26937 26 -105334 63051 -85 2883547 -228979 -79996 -296 1269 149 -230 34 -160 -28520 -80 344 26 -6658462 151 2176802 -5901
257 -34086703 7458 72588 7021 -165829 5496 4388872 1 -83695 -4401 -2224475 -10771851 240178 11765 -36 -123 279 163883 10794 183 -9368 -8 -72917 -2141 -28 19529 -15667 195838 -1335518 -1229138 73560780 11517 57 -458922 -1542234 13 66 -35580 14574 78483 -10380 962097 -178722 28850 4869 1931 32 -2792275 -8273227 -23 -288 -66813 18287
-79 3535946 -189085 -22665 458328 -123 -23 -552010 59240 -17 -206556 14168510 51 -429 98 -133 1348 9817 1051297 987 -22916628 -1 -10932 26532 -4454159 -44622 -300 40 -48 234 893361 -342 2 10104 8883939 -7 -399 63 -17603526 -249962 9703668 41372 -89136 -28044 -2972 -3 -99441 -276 247 126105 -22100 364 -9874 -438
-12582 678 33325 820 -829 3165 638789 59 -3420908 53 -131916 -70283 -3339 52 16293 -22647437 57646 67774 -54 -494 180 8314797 -4453729 8 -120 1120782 -12519 244 79600 9133 25614 -34381 20887 -28 1822 -37387 -5501 -127381 -131091 92 -609107 4328377 130 -1812976 2731008 6967868 -18 -111 -1725532 31944 7 15334 -77984 209
94 -27610594 16100 103 -179328 -265135 -23 -59 -46 25007 4113 2034082 12 -20 27672 -30551415 -117 34 99 -421 -19021936 -501676 -20803 -2788 -320843 -3674 -35927854 11816 24403 107 -220 32894 -52431 -27739 -22 152 -205 243 23 -175547 85 41981 53 -98188 48318 87 20380223 -363190 -45 7 -21117191 -9 59145 -798
372784 -49 -180 2977 49448 324915 39433 -833569 -117 -633990 -38 129277 4761 -5 -2898 57106 94 1610 -12054 -351 -585 151959 -83 -288756 6824 1333 -78 7467127 -8372 27 -28155 3255 -15933 3951382 278 84 10430105 -505949 -1203181 15943 -30547 -9124584 -42 -2208 -245 -65828 57375 41 -1561790 1238 -2350129 -40206 19 -6940
7 -25040 -1182111 3530823 -188 136 440 24635 13441967 -14338 14 -519 -224 4 0 -535251 -62754 5304611 886 -12 13443 -127854 -1733248 57076 -11 -958901 865 -56111 127813 -16996 -2652 90192 212852 -208 10383 8486005 -225038 -320 -114 -1 8 -19 -16909740 -12 74465 -2561 87 -11025666 2981 115 20 -34 -12436 -15454
3 -5794592 76 2974 4229 130 135 -856360 50423 5285780 -239 577398 -521838 45 -27 136760 34 754944 104710 162164 176 -493 -30 -148 -73 3038 51590262 2421 28 -177 15340957 -285 -431 -46864 1078 17092 17 147673 121 11390 -40678 -1445 -3505584 -74 154347 38614 -16034 972 2459780 14 -32 139227 47 22
242 420975 -16929 -38957 -228 -1481 -18446 -8046936 4114766 70 -99 -59794 -887 0 219 58371990 17670 4226 34 -657 14737785 -27313296 -907367 -9189 99661 -37 271 -19176161 -2015 -38 -3867 -92616 86 -17097 -2290 -5845 1835172 -24072 27247 -37527 -650905 -51467 -152 79 9525 -105509 -14742793 54 44 80309 -8037980 10302918 104 398
-7 -6525294 -3560942 -2250 2690 4757909 3022602 24978 250 -5653 4 -9429243 35 1032232 19650791 12094 33706888 -127 9988 -9361117 -29 -114238 -85 1267207 -3562 59939 -1481417 95 -2974680 -300835 339 -45991 -410128 8063593 -141 -142857 -318 -98883 21445 499501 -30715 -5167890 -402 5972464 3590664 -6080304 23114351 2877920 3216 31513 -253 -10175288 36894 3
-47 18 8056 -5352718 216623 -6956 -19660 -941934 81 -183239 -62653 4108542 263 -40653 44591 46 -22012600 191 -77 -80 -79 -77942 -385 -125080 304 9747 -15 2431953 -32 105 183 6434434 -942148 -1132777 -149 -13331529 -56409 -3 196 12967 -67252 -3286614 -31 46 17483 213 -64 40983 16 17566 -1144315 15177684 -23485 13293050
6132091 25185 14419 98 108429 127078 -384387 -2724726 6 0 -45 19350 -2758232 1371714 188 9452543 403188 -3951 0 -49 -417041 23169 95322 6011 2552534 -9 15441 -45862 -10 -7089 7354 -1960846 -1903 17943 -7237 -69 5353889 -3462831 25223 3401 5498 3889 -106859 243 -11 -69 -672237 1403 -7258 13148245 -4860999 120 -8995 4599179
-137 -26568193 -56 -68 -52604436 536 71 -43765 227 -618660 -9633 -437 -38 -98544 1972 327764 -51825 -134219 -182 -1455 227 -5579 -26482536 -11296 1491 -10 422 330 -4996 -886680 26 -7106 326125 11082314 78 -6 -116 15 -26232376 1508311 149528 -31287 95 26 6 -2489120 -69008 -8 327946 -25 -13409669 8644235 46660 -21669
236 -36973 12026 -2238 -143276 58427 -104 -209332 1098186 19107 13940824 -26315840 -266 -1793760 -288 143 37282 19299 205 -3 6553 -792 1866029 -114 -22310 -139199 -1642 -32666 11749583 2382284 174616 563311 -60 136 -827131 2162794 -2531 64083 23 -733 -41277 -142 -317 -10160 4 -333 3412106 -31617 5110958 -105709 -488868 -2796 57 -17134
144092 -11283096 78900 674379 286 794072 57 51296 47 -25377259 306 -13654 -39120339 -135869 -162184 -104 18200 -404 58 4088788 -6901 4136333 -2598028 -16112494 51 -191834 -141841 -739 -106756 -22 166 -855 -973410 52421 -69 -1460881 652324 -248 41450 6089963 215 -72640 33121 -123175 3 -67 -115746 19445 1058314 420797 17307 15593 153 1316713
-139 1960 4523022 -170 -231 23539479 -76 2244531 17182 44233853 1762 141 -17340 15807 3 765 35291 -887 -54514 718083 -2216 -32 261784 -8289 -22127 -2241280 17234 626 -453872 -7273588 -3006023 -98841 40258612 -1365 -224 361 -4589726 62567 -1461882 -2 -134 33854 10 220822 126 -17 1683941 734 -30740 -47048 -10952 -113 -4 2
6057860 -3005348 14 1442456 -401405 70 238525 -45 -135 -62 56096 -256 0 23514 -169 -8491 -6599947 -43 -1984833 -584 5670141 21104 -3511 139 -39843 151300 73667 99 869985 252 -4123 -8659 1737235 333 -1299432 263 219910 621529 3537604 -21346 -607612 2275 -312 120 52240 4377 -394339 -303 11153206 -9968 3 -140 72 -7979
-23 -19054 14 -11672972 175 7605 -3 -25 411 48420 163 -393 10468247 -723709 377 50592 -150 17312 22 12907781 -3382245 -50668628 9896 223 12970 3277526 -223304 -235072 -258 3609 186113 117 682 39317482 31449 -82372 6 759 -9775 -323 -428231 56 -410 -739993 3085511 44758673 -11743706 -36 -8828451 -4844560 562 56936 72 -82
31 19960825 -17232 -451 196 -75396 360 30 -222 -29295826 1633957 121949 -12339513 -2972665 2311803 -113 5794098 -307321 -78 -1 -629429 7146 -33056 115886 -4971406 -17329 -986983 -57787 -41681572 -36192 51734 -152 546289 -2686194 0 -55708 18 45 54 19801 17 232294 23750 3618 -256 17652 61 -18614246 -22533 -717001 -9937253 28867 30561 -349014
-2 62 2 -14355848 24592 6803017 349 222 -85631 650326 -3481255 67 -65 -6392 37593 537 58786 -33 287 768249 -3 -2712 -4102 177230 -187 -60 -57 -1483245 -2 -13366 -4169196 -12887 2804547 1473778 -27063 308 -1736935 -41751 -22 -75 48441 -637 91 -7579 6857 -4045711 303 4 -2739356 -1389 -702396 6016 26599276 5186
25100 -4215 236 7979 568447 3546682 -33023 -16 1184 -1131176 8674 -242707 -1018 11 -9447 46050277 32402 353 295 -18105 33 43 6164321 38413 -6120 163 -30601 1 -20389 -2722 5189 31 -377 474 1953289 -2656 -311976 -2163 41 -1083035 -8466 -10843079 611 -29 270 206 27758515 9 1130612 -65 -27368 -1035785 29 -197
10657347 34 -14829976 5555 -12 8635 -137 -1280 -5680 125146 -127430 20083 579227 -13740 -882735 160263 -16321 -28497 -24937 2057275 -3937491 181 -1305 178 9232 11304515 32390 -908 20902976 33146 133 1764209 -32 -3298 -80261 14 21072 -7 -74166 241 -46025 -5847 -25912 269 -33 472382 -46076 17164043 3471572 -124398 -2578 191717 -13257 -37275
206 112 -191382 -30616 -127 -198 96 7657 216 91 -920861 150665 -4911 -40792 -47716 1300621 44 20411879 82279 33252177 181792 116883 -55 4445706 -69 44 99711 -42 104 293 -57171 12338268 39123 -15082 455490 10 6101 27335 45058 -78 -14 12461 329 517532 -496704 146 -23 106 -13795 152 27906 7230 -70632 -41564
-4694938 61 71965257 -15620071 1800 -66 225397 19435 -5395 31052575 594 -11502 -57741 -10696872 -1 -573846 -394 -1465184 -92141 -18655 49347 494056 -143 26947 -23872 1029415 1 -238 39 -11828360 82956 140 -107457 28714 1629 55 -156297 -1291 120 -2973 9758 6447 -156 314 4 -12434 -20717 13 0 311817 47806 -3 -3579 25949
3412093 -2806328 43286 123735 -5653 38 -41 12805 121 -92 102408 -7375 -3668936 8293430 74587 65 -231 135 -1432 -219 -3157 3196 37 -1141773 -56 -1139710 -47507 10 55590 -337 1322 -785666 -14 -73054 72823 156996 33391 299 -110871 -21 9 65219 -164 -7748 6 -12432 -123 -28 19478 -3977 -9902 -14174 -291 -165
248 -81 -114 12 -152805 -20 -32 -5623 -48264 -46007 -45 46 5198 7734 -531 -8273 15799 18472 195 -12 245 3443605 168007 -7995422 125 -9410 -943548 364709 -92 2949 9293 461 3402 322 1676 13455443 -34 -93 2738 15302 39972 5351245 -267 -16467881 203504 0 -20 -127 -137 -34065 19 -76371 -44 -6043818
-424272 33 -214488 -13 -27 1277 69735 4548 22921 -28654 -17295 18764691 -26 -154354 -103843 -784 16541 -222 -76774 -12 -854 201 -52307432 13747 85 145536 -18576278 -203 98721 3106154 -2 29147 4636 -20 22954 1004 -23 -68307 -195 -5368 34404 18020 246 64503 21613 4397340 47426 -57962 69 -999 -72 1907713 -25531782 26993
-92 91 500373 -10503120 -21329 -137 -13687 109 -258 47 8866590 -177791 -15381 -15 463 -81 -66805 -21 224740 25 673 -5152150 -33 -391 -21313 -6087049 40 9863197 -33 -643468 189704 28454 7123688 -129416 -51 -117 -36 68 -1419727 1485736 63117 -6753906 -8068270 0 4214604 -1785438 156 70 -304560 9035278 1563543 -25687 9516 130557
31 -2692034 1782743 -281 0 -80 31610 16 -27 177 163 173 35904634 -2 1499410 -73 91724 100 24949 -109724 -13389512 1253397 -7981195 -19 -11393027 29 26407 -1862 5252335 -13342775 -364158 400215 -172 144 -196 -3398432 0 -3019779 105 7485140 12900 64 -3701 3125944 -63 -2 18 -107313 356 369 182510 185 24 -2233436
-6493 2468307 8536 106 -8314540 -2 51672 21536 167 9272 -521 -57 -2629 0 -14923492 -58 -69161 -15932 20 30240 262 -1882 -196 30157 -465003 -46 9156272 154 251 98 -251 601273 1142663 583791 169864 3366406 1085489 3 160403 2849157 4479 -26569 131 18275 -136707 3261727 -4806059 -47 -166 -120613 6581 88 60 17383181
-12 9435 2079362 -2 -165940 -128 2257 -150 -1447709 -7258 343388 -74092 -13353052 11 144 1 -714930 10570191 -59702 -9 1466 4 -28099305 30 -454 170 -1040243 419933 241662 -1678421 -36 14956806 54 146 -6298443 -123 -29085 -259 -4 347 140 -4 -10696 19709901 0 24274 16942 171596 -23 -3668 -3 -41462 67 -5
-76230 -5911 -4 -18326 78109 -508150 6151302 -4 104260 48453 -206 27330 -6087756 34584 -49 82547407 -66 12 -185 -1902 -129877 -17204237 -3525668 1 -364 38583 2314710 37 182 71 -655 -7150466 -224 2 -147 27 -707782 2 -234 -255711 -3375 56680163 41933 19 281201 598442 25 -80354399 264 149544 1134322 1206915 -208 -1561709
1146048 -3 -9 -301 -1497634 -420961 18 2535495 -101463 -6126183 -266 23830251 -435260 -87 -116227 -91747 -49 2 33290 -2786 -3122 -268 12133 312 124 21555638 13 19871 1145654 -356259 -3171900 -4514466 498 1121720 46 -176 -226 -33898 -7923530 -285 15599 2 -28217 -5862006 20790605 -1959747 256 308605 1016 77 -17638 4799980 -765945 12
-636710 -1 -15 176 7103554 -2 -2772200 -725 964637 -3829536 -52 -98577 -84015 -33842776 350 5176631 -36 -19 -19 -66 -3995857 36 36990 -212122 -2346477 -652 -53 -333 -125 1832112 25186 394 847869 -41 -245 1200 144 26412780 -1616 389627 79 12143011 969 2537438 -23794 -16388 -15 -165 1292712 46164 10406 -288 -51719 315
1328532 -1233733 -13 -32 562 1668 1043 -156 8487 88210 -4 -20425 -2453 -2217 -37582 -414 168 -76 4158077 190 43387 -2577 8 -40 -29 -18617 4688792 -142 -1989293 13 3022986 -18641924 142 273134 4 1299451 -78276 -291 51 -2655494 560301 4306465 9665808 114747 -621628 -59520 -189 23070 -36480 -97 -48 -77528 -14 -788732
10862898 -33142 156 -10728 -925343 -23528 243 12276 -5331 -6582 -22869 13203760 -71 7 19 65917 24 6075423 -11449 -389 3708 -13806 -17812150 10612 -850 -21936263 -4864 -5588103 -18295 -86 24791 29 -10 1635 -31 -3026461 -955723 115862 27 -15786 12 -416 -40096 -253817 52621 -2340 8197 -24832 62765 -345 -9 16371 934900 -13539386
-108 -57 -67 1336 6941 3516 -1948977 19624 1713 -31 14937 -9359 -15665 -15909507 -12249 -6 8943174 149316 95046 -39763 23984566 7 714198 137 -1550 -42 -39344 -1529627 -11926 -4411 -127 16082462 4463971 268 -40711 455 3082298 548 -35967 -208 -4040197 42250 -127 13848833 -10 -32 132 -19575 -8898370 58 -14770 -3948 3 46690
-16208760 -312488 13118 -21 -200207 -15887603 -5252 18 -61 27 7 -313 151108 -214 29 297 -113915 75345 944 643 590482 -927830 1529968 -8655218 0 58 -213908 187 973980 -11803892 -277 21335537 -200888 174 -13784 -4644279 133 20036 -36 137 77244 1503246 -78740 -1710495 16020292 -18153 -70765 -1122 6071 -683 -209 -47264 52 -32096
-4175672 -177 2275722 -100 -3563839 248 -32133 29881 -68681 -102 0 407919 8889 10037 18178 57 297 1810 -9681711 -62 -69019 29 -159 -138069 16308 701 67050 -283 761247 -191 2813068 -139 59938 -28342 902 -844951 -11624057 -9987891 -16 124194 4326 354796 -3048562 157 6373 296 28974 117 -3299 702240 0 -122 -13 73
484 21418 100 1795770 251 -20690 16765 323 2632791 106 -10197097 236 -3926 186 24 6 0 30089 7250441 275 17 -4287 64394 192720 204 -114514 12734 104136 3063794 49919 92399 242 144 -2215996 -41 2622715 37372 -459 12138 188 21735584 18594 102285 -16 222 126 4120 -2 -68224 -1297 -18653279 16711582 59394 -2289643
68 8323 8 -271564 1 -72 -10555415 -364 52 -1222 156 456927 -134901 4 114 82246 3219 -6286 1238 114 283 -167576 -5 -288 655 -101 12050 -28585079 -10 649 12425455 -431 3051 -414 103792 5 -9138501 -30339 -4631 49292 -63193 98 -3073252 -8033839 8 -7833 24606 -4 -68 -457 355 429082 -88 -15869
7203 -123 2485 -56 -1851 -38417 -12130128 -3384331 5296892 -34 -16727 -355524 -973 -2349 16488 -893 -31 33400 653372 25 2908210 36124 -2720 19784 -53749 -84697 -1145518 -187643 19490 100 -38 66490 138 135 -187 -278 -56892079 23673912 -44685 9398 6020 -4055 22795 -2251837 -13009 37 -3695121 46503 3934 61433137 -1643950 -192 -4 217438
-43291 764 4 402 1268060 7 -9944 54 282531 194271 2030 20204140 1166719 -70045 1410 50 -122 168688 2010 -10479 5421 18954 -24412004 -26 -57605 21261 -7572865 -83 -2680906 -1 179 -15487106 -40 21769 -41476 6214 -154 -108 -3787 3311 -187544 0 -5612140 -159 -70 20239 -6528 -327 -19 -404 -232 -92823 -26 -96
-123 -623 207 137 5 -108 -42751 1006343 -14 -15 -230 -66 17920099 1310 -357059 224 79018 178 1 38693 24 72 42900 12684133 -28 -8148 22769680 -11664023 0 1818338 -9 -5163652 -612 1283235 41210 -10 -2514 4519 13 16599 17124 -36014 233 -3 666 8328 177394 33886 9175394 15798 3465 97 -6 8886
25592 11415 -1 54544 3411610 1671902 -1 -17 -75191 -28094082 -25 -19351 348 29 1236 180 350 4070268 337619 -39457 30771 91982 -2 -28631 3006 -431596 -171 -99068 14720 129 35 -80 -19095 -236 37966 14 -19 108 20948 34 -6566421 -478756 -72 463932 34 6195702 352 11 -14467 2870 24424346 -372 -22 2798
-7199683 255490 49 -5969 -10167970 88 -2082427 -162 -368 226 308 -11324 -60201 8 -243 -209 -230 -122 2770757 671091 -128 332435 -114 -16762 1664 1168745 -59 -462229 10 19 85517 163 2578907 1990 15395643 -12 -65185 8 3647 22629294 -72 -241 -142854 -5800 -48146 -3 -6027671 112680 -18449 -7 -88 518 -12541 317
-640965 5 -355 -32936 -937922 137798 -82 -23 4746328 -1467392 175 -12917 -2704 2895 -69 53666 -12601741 -666959 359296 -478 -34671 -25664 7 -1284396 -11 -131 -4189477 -1406322 -201267 13904362 217 6 871815 -55 -13705 -22313398 -47846316 5833995 -4675045 96369 42805 15300005 -1307751 29954 2292 -19 -137793 1422095 -132 5814 152790 48 7259898 9
-12326 -433 25 105043 -1457169 -45856 -3106703 -12972636 32 31916 1 -26585329 -1089 -317191 -26 -8 72 336 17202 -699156 -736024 -120981 3207981 -290 -20057 -2636171 -9 2714789 2 -6501 9635 2525514 697124 77 103 173919 -405 -31759 452847 195385 245 311 139233 -10263 6453952 -351 74930 -409 116 324 20509220 -343 -143 7
-41808 -206 -91373 -14221430 -101057 -27415 234 -49012650 83 -13 2320563 -3718292 -111454 0 -8647 -19800 -1 28 -128478 -7803 -9563 -15 -39633 2442023 -333 -248 -2079 225504 -254 12399529 -10 48023 12313 269 14631 -344 29 -1518 160 -6760375 -2606412 -142520 2667034 -372 7812086 -1954873 -55350 -118067 -1049772 62631 1129615 -32139 -15 91847
-875 18 5 -771156 -166 -88 7792204 13359 -19 -21912 24803 -179 4244101 -30 89 -3272057 1849 3 45970 -94937 -137 -92890 -16 -28 7314036 -7995859 22910 125 59 -300727 1970 -56933 -12043 -15140 -7 -1068 8718952 -19675091 10387190 -803310 21 -3007613 -16663463 926343 11859 973 61963 -17116 -9802113 -17189402 1098804 73 -103 -23841
-11330 67 -404191 -1594 4 29198 147 -29994 -825807 52246 1106 37 2 -64 2184 -1689 485430 -23 78626 -59 67999 -111 -826880 -14789 -2557602 5404 0 -82 29 -2013 4316515 -111 41024 -49 418691 106524 -3177880 1541423 70 -16099 54 12106 -57 219 8088426 -12219953 48 -108845 807 -40633 20551 -106830 80 7214673
-8666 1099858 22800 -78 -307932 -97542 -37068 9 166 -22696 180 -1039454 -31 -323415 263 -3163919 1 205811 1749 5800 560 -21060 223 104 18604984 -307 294 -22 2059598 -277 -7237 70909 5623818 2724 -6880257 3213549 2667472 45 -1302598 10 -251425 694800 -1649672 64355 20 -184 -192 53 -89159 -574 -4 -162 -56956 179
122 -12 35577 -845192 -82859 -1815 90291 -1030649 2785156 176 30064 -166 -6045560 -7486 -25239 30127197 -38 6707 107952 -17260 -20564 288092 24107 18482 46761 240 57 -3650312 -195 15021 -914342 -37065765 4 -126 35515 -17540 10182734 121554 -33 -3589127 26955639 83136 1442 24120 -38302 704740 -5168076 -9008 4692 3187066 1175775 -13534611 -13098 -10769
3961960 -7371 -162 -22 -193 -1 8 1121 89 -1463059 7266 -15 -262236 107557 8300156 92 172501 33032 9236086 488346 24073 -3002 223 -181 -447 -20920 194 52 236 5681632 13606 -2380284 17 24868 -146 -299 -311 283 -36729 -112983 32 62362 -358 1869019 -9074194 1 -38214 0 8094274 -64 74 573 13114 34229
-228 -109 0 34 13 -3916 -9647 140367 -19034627 40 45 -6886 -324590 -43057 222 -5220 60682 8 -37261 -1732 375611 -1943480 -450 22 -1087 -232 116705 -10 -94 62 49 -64015 -9 -235 -51581 -8 -111915 3028795 0 35116140 8966092 -43321 1157294 1340 65 -16116 223 425166 11752 -4988 -30206 297 3703 -65842
1450 20545 95 -3 -10 47 -33 34058 118 4813 9021396 85 -10390335 -240 -129887 -6134 -3437 470 5226 -53 77 -1867 -128 346 1407011 -10431333 -526637 -137646 1510654 -7705 5986 73 -7 156 -1237245 -25 -99 -4551 212 -21023 13 12 -157 23 981170 -17519 -5190744 -361 -58615 -198 12817244 21892 -92 -286
4837806 44 -600317 46 859575 230 2038 51321 -1279096 56324 -29 72 -10741 -105270 13095187 -1 -2 -2 -41 -363 -22 7318614 -330478 6462 116854 -214 259 -443 -103 -741710 -158 -852781 58258 -21554495 -48450 -35981 8012 74183 680703 -94 9498987 -189456 -293 49 2 2446652 186 -1053 56244 -362173 153000 -5300 185 -12649571
-40 144080 -15296944 469623 2048894 -824 429809 1068858 -31 -392 -6894746 211 -22579 -10493 -211190 91968 -3975958 3919 4749191 24610760 74663 -95 -37078 -55 -2155 -1409 -22845 -2178843 -52 399 -84692 -19 -481 6897134 -29456 7043711 -159 1731 -2559950 -48 -8 -51177 96 14735190 -2228 18 -549 227 139840 -9958558 -21 -11658 1794633 264
740988 6358055 -5738898 -2 -4592881 -1555 1188257 -36 -83 11021 84 157 3001 -234 -11 -40332 -305263 108 -3579248 -63400 -61 -116 253 -23353703 12913751 -85558 -256 -60049 -57 8020 19 74 22498 24 -4119741 -31 14604 -581 -37702 2508 3811 -4597 266 66844 26 -166 21730 87354 -2142 10781841 -10046647 -2431072 -31773 255
-186 2337955 -67516 -79 -535691 -4463693 277 49915 -21337 -3 -48513866 -12 44 -4307 3 -798781 354 3260 -27184 -1273211 -31765487 2037 36278 -40038 64337 -495 -8 -4178074 26 -883 64931 314483 -48821 6087892 9206 172 -395081 -18024530 -68 6913 -22085 -59 -266413 -6241 319360 -46132 -683625 -23793 2178225 -19118164 -70915 241 -2518135 -97
14404 -2592 386 -34783 14744 107523 303628 -386240 -19485 557737 62816 481 -19395 1610 890228 83 -6702451 -20933 -23483 0 -575428 -4476851 -1 68 5135 -6 123 -37312 -49147 33073 -397 -44 -451 98 -11746 4146 -150 16064 17610 -70 5913151 1370805 170 69 -191 -34710 486619 73 2748462 1060179 2103 5416526 35159 -3118858
27 -34013 154229 -55 -143643 -7436575 17951 -34419 3970 -515220 4 -34 44 -6659636 -2241529 11553 2 933 -47617 -207 9430 18649493 2460 22493 11626546 11105598 38 -70 -2710692 1696 18124 -192761 -1949 445109 1219327 17411 -19822 -28114 -367700 -11349346 1905 -913761 -91 2046 297 -1424068 -69 127 37 3 35 73 -1363255 298
-1 1231 -99247 -4273296 -15299 52034 -4357895 -3353357 -18 112 -5 -108 -3384 -6317628 14272 -8 -55293 -48100 37422 2121990 -19511 161 1377 51507 -1150 -22 -41 175 2390110 16 17 0 -26156669 291 -131 264 -98 0 137932 -87422 -18 -210 220 7140242 10162077 -139233 6 -221661 0 2223288 -1188 -68 -9 16
7798631 334 -2357 -554 -48638 89551 306 -14 -173 -208 -2 37246 -2803 25691 -8824 -27205753 367 33159 54378 55 298 328 19 1158797 -4843142 6680055 98587 728604 -17230511 -40842 -24443 -18249516 135 -298 -272232 31733 1161672 -3606 -41 27 53 -8264 224 99 -86983 23738961 87 2714391 299018 2708873 -79625 -11683 1328828 85577757
2 3425 -291 -25515 143 -1 -66023 79 -334 -73120 -32 112 -12974 -70 10 -16417851 27 -122 -144 -14679024 -25 -11128 282 -14258 -3980266 -2472901 6143895 -11031 65 173658 -237 -42966 16 -184 -6372932 -68 -167 1291282 -157 6 67 8457 22237 78 -39412 -439 1 -35871 57 -3965 108146 -523167 3086563 -1304
-2 -68 16 4597 2610370 11448 -16 -321 97 -334412 -671075 13212 -31673 -2593262 -112 -1942 728623 -11671 -127683 18758832 -135382 7 -29453 -3496 43743 -8851 2048113 -505 502 1822 73 35680 -2472187 0 -7383040 1 -84915 -110 -309 -11238663 6 -407 62 15 -12190 16 13188517 55 23100 2 3943821 1982316 181 -52459
-20 -13140 90 -699749 -95549 -212 4834684 -9 -66 -29349 8188340 9168 5795 1400392 -121 3303324 -493 0 69 -13558 -854 4330423 19104 -97 7 -15 -740779 -8328 38566504 157948 -2189 137287 691 -23958 -11097 -59 -2789736 -4 78 384 -62121 435 -549 55 -333 71 314 35717006 -4648506 -42 108 -3449791 -96 -20
-16199274 -8753 95 -321612 7340673 -1314429 -41114 -27302 -14688 56195 361 -3707 45380 -90281 -13551 -113895 -16 -18140 -18042930 3178 57 20 -9793107 -2329243 6 -9181 1601006 268 2733 45 -1434 -119223 27564 17 -1909611 361 1227956 31893319 -46 102 -12636078 -10780 -7147080 279 -76 -3 136 260 -3758 -52 32295 16947943 5518 2609396
11445643 230 22 5852 415567 8556906 15388157 -9531330 5991658 -27428762 -1543 399 24972 -17 2449 333 -52363675 -153792 -121 -144 139585 -584755 572 5614 -1989326 -11122 12 -2445636 -6651 1 -24378 -15134508 637 25722 -324 1220809 -120 11 -38697 32 62 4895 2792 -148 105 -398 97286 -303 14 6 623338 930981 -7016023 -8792
-306 -21 -53800 -11232206 45108 259 -1035 -283 -2473069 -359 3133 31969968 -1429154 28159 44726 104253 -130778 -1243 1387 -118935 -13441 66 -107 17432390 -163761 -3979 343010 10127 -12 -15876347 5016502 -43 13640 -186995 7183 2555410 270 -29643 131 -72 -8 804592 5 -2843 -32625 -105 1002 8018 117 229502 3621294 132 -129 759025
6672590 2024220 -413417 -25 -2623 10 58 76192 98 -4133051 67 -32129 -2815277 -74 -1554 -10371 -2767226 117 370288 10542 13036 -140 2170 -249 136 -6168 -2552934 -76 27339256 1074 8977425 -7032 1371938 9639 -354542 5655639 -129474 -1314 105 2031 41448 60918 39712 94386 -364 4030037 142 169 -220 0 1123 16 -15 -22
6519 -57502 35154 58 -342799 1364053 -2156083 81863 37302 14225232 -196 372 6324 -11 -139 71946 2042118 -46102 -109905 57636 -4554 2267 34842 114 -292 -9299041 -64 -17 26 -18958 -7044 49 27 -429516 -211 113 -2384670 35 118870 -27588721 -249 4977 140 325 -300 -26 -230821 8 59 103075 -14 265668 -449 3879326
18249034 -214 -2824999 10084796 133 426 -104 29 -7893 100552 -154 -7 108 14533 -456 105414 107396 793372 -17652 -4 -13893 -112337 40942 1550 468958 -13491002 -54257 -190 41165 -29163912 12668233 -7588 -180 269 78 -488188 4516 177 -7582 -13915155 -42091 19 -5937 59013 -13204 27 142994 -10386752 -142 269 603 -12326996 -47 -39876
-571 9 11865 23 -560492 -16 20868255 -1714341 42545 -8052 78569 -60363 205 105 -60187270 597990 -87 65524 -7207551 -732274 951680 -48 215 4123 0 18776639 -4 2842741 -85 -17153830 -176 -43334 -58269865 -44060 146 21579 -19745 -576285 75 4798771 10380790 11 512838 -1169789 124736 -67 -521414 21956 124000 8033434 -12 5740 10920175 -15462783
-19575 -3898457 15429233 -4140 -107 -1913266 -489 -211017 -38450405 -14141294 -18756 -249 -56851 36834 6 -2009 93 -10178 329 -3498 -632 -44084 -18864113 53787 -4711130 104 -102 -57 -384357 -429 2 -180 22135 2278680 406626 -15 -217809 -3569243 108 -8124862 1 104 306 -259 20 7283 2982742 86456 29 47 -18 -52635 -471 261
229 1168949 -35406 37346 4380874 -4526212 -128 16 38528 -1396907 -1101860 -6125 -12265 -4877066 -89363 -10611965 -6 -6267 -157936 -556637 -145 -26322 1904 -6632 40332 -41 24 21634 -6816 -78 -2726200 1 -274877 626065 -366 27 633 -838 -1488648 -66 -39808936 -24352 242493 40941 -12014 -299848 -7194332 -2942471 -226 -2945515 391 13386 -23647959 -70
-49766 -3525 -87345 -6236245 -12559 70 -22 4211 23815 -13117 148 3 585 43400956 -18812 20009240 93 -116 53118 -962347 330 -53 52 -1904 -123854 1904447 -3489198 64732 56 95800 -48 -1553 -92817 -11397 17906 -464910 5473 68186 -5687 97 -12 -8344 -135 25554 -10 -362 4646999 -8290 113088 -25 854 -2366142 -18396 -3284
39101 477 53 6782513 -38 -19052 -15297 -8571 -1 53932 -12 -11589492 1177521 336 -54394 29755 1454899 114 -41651 -7983395 21864 1761804 -162 -3671 -3249 9531951 516187 -56 -255 28230 29 -10729 -167643 -158 -51699 264 -282924 -6801 -103 17976315 -16991 -2599295 171 255588 -162 1898689 -133 -3145597 -20250 33691 -2619 206526 1070258 -39770
-19048203 12829 -1083 0 80112 -22813 69271 23647 -7076298 -227 13618707 18026 3305980 349 21667766 12828 372 2596678 64 4365885 -750276 -3752002 -12 -18 37 334 -8295 -272671 55345 0 -59 779 -11380517 -173 237 -199 2703328 -46 -105 2231 -4682 -783762 -39 -286 -30 -13917245 -914142 -26860 1477447 -204711 319 18754763 -1044 -31392
59590 -12529 -132 -678126 -38783 -2887200 291 59 -15866 -1252390 -173 -3 -10259 6631250 -153 3845739 13 -5766 -15963 4 -1979454 64 -14076896 37 -52603 -8771924 -285 -288 -20881083 76 284 -94113 1227731 64 -57021 101 32981 14349253 -410943 10783 -887224 329 40349 119785 -183 -94 190608 -2812 -62585 240 -6 -381364 -89 -452642
-29808 7116 -204925 9 2005551 -269 -8438376 55 -7310 -21293 -14210 46 -100 -377 9106451 3233823 -6753 63242 -38 9075105 -5 -407 68447 84 78 228 65652 191509 6814173 20472451 75 -201 -27 -4481602 17364138 118 -437241 16 44543 70 47174 -5183 3 47 -167 344542 -423529 -2852767 -25913 947897 -7 -2 -2122 12933
33 -335 82126 -5318117 24419268 -2 -89 5399 -115 57 5599 830 44576 -57102 -75 18525633 24 -66 263 3748499 842 170 -18373568 -152 -225 0 -40 -60873 -26871057 -35594 -12 60 64 -63945 1 -17249815 -851398 -13651 4954285 13174249 6132 -3885484 269 4 781692 -43 87 -66122 39242 206 947218 243 4149 188035
60984 -193 9986074 43 -7 7551 2564258 -4479 17414 56 246 -449 365 106 -224 -115 31843044 138 -15 -1802 4 -1233503 -10979 38471 257849 16 -37 -4460 -49260 -6372 -209 -6296 -97774 -907 -37 -33734 -1560153 6 -15 -60 76785 -89356 9218832 -61238 766291 -28316 -9795919 -3 -322 797 -20372 -1515 6153786 203
-15929 1680884 -1002872 101 -218 -6525619 210 -33488 -71598 1794 -14544 43901 -64 -9 22686791 102783 11155072 154 -51 -1294321 8943661 -15333559 -8830079 64 5146680 -1310 -4506 244 3197908 -1736 -52736 -336233 21656 3505869 -39293 3 -844610 -170 157 125249 -169039 -6318742 22491 4109 259 -31 4740851 18336564 130 -28 -34738 -559 -56894 262
83174 19 60 -428 -1060846 17725340 -1148 18 2 -421626 112 11987355 2061643 77 22226 -55059 37316 -370 -386 -15 1462469 -5 262 148693 -321 33368 12016830 -120 -263 -401575 51 1881533 -1060548 120 1 -6 58 -36894 -28 -303 104 -3 -324 -27 -1722815 -22539 -1034037 32 -2313987 -15299 -35235 -8765571 -302 135
-38 8687 10924078 -1194454 -6776598 108 91 39759 -38914 -6632 -1440858 -12 31134 -978559 -40 234 -39 -100 893638 -15433 -31789 10056175 -70463 103 80344 717287 45 -7293070 -42689 4623099 129 -63 -93265 177 -2115 26162413 -61982 18 30162031 27227 8439 -86 -194188 18634 -29164 10 4025325 13148374 3617 -530 -4738564 3704427 14179 -236
5320 -54 223 -37 -102 -107766 33130 222 -212 41 -355 184 -307203 15 112812 259 -30 25892843 111 24 -16459 1694 42007 -12398 0 -65 -31 105 8618902 8 -29695276 -14136539 1212249 1848 7057015 -10242633 -164599 -1924 177 21812 -23178 53949 -139 61 -1653 -52327 9 20 3317 -3169896 -7879783 -6 3 -297
-6095 48609 4555057 5797140 -39 165 1012562 53 -411 52199 19792 -20460 58276 735 -1603258 -101 495 61 24798 2647275 -19483 -72520 -9586 478193 11305740 -1219339 -326 -4744 227 -64759 -14905518 -78 -79 3531888 -2024 -139 24502 -1371307 -186 18 2507 -20935 -19 33874 -5144 1130552 -12744 -146 -65 72 -53 91 226 254
-132323 9165 -3781933 73 49135 96 198 -27978 -4982 1579833 627329 58 -158 0 10835 158661 96 -153 1313 -483453 -77970 3 66 248077 -16 -12212 -98 -7475028 4483 -2489 -205 -9634326 -1210 34760446 92144 -31800 -12 -3 0 5739294 -312 47 -31171 -14191 209 1681820 -14298 -4266 21669 -108 1123374 -396 -5985 64019
-104419 167 -3334 5319 89454 -1309 -107 -35980 -10 1528563 -14599 3 -304 -8801569 -4061 -15578 357 3318 3414379 -1207 61178 165 21713525 247 -91006 10986528 11599 5022 -53 124 4302990 189 -3662 -32743 0 79 137882 11 14807094 0 -24 -30083 -4599 -2 43 -257 -965397 -9000 -2256758 3510 -14 211 -19994 -3801
-34811 190 307 23 15191 -3636869 -327 -108 1240049 12612 2390812 28645 -8961 250 -967 9 9 313 -125040 -107 26499949 4662473 33 -1212597 -16054 259 173290 -2622 246 -2487942 -133 39 -972140 -1 -60587 -23615333 -4161540 11133656 24 11201 -93049 14237607 57371 21849 42 515777 -270 -4284379 84831 -667423 -276 -30811748 19699741 271
121 -3587 429906 18478 2576 -1450258 8963 14 872487 416090 -47 8928740 104 34613 3021610 5675 -15767134 3022 -101 58 60698 54506 513475 -157 73896 -818 84475 19182954 36 -278 -306 -1542 -781645 -6320 399538 -9744479 -13724100 -2716263 1330146 121 2512 -218493 -239 -54507 2201 51 13053 -16342 -80 -2232 49 -234933 -493674 -49789
131 -87 -1002 797117 42 -27432409 37952 8367 -3735958 78782 -28 1039354 -62 2700 11527 23259 106 -1475864 -13 5913047 5 -166496 8 -18582 837591 140 218 -111020 -329 -12 6872 40962 35260 -343 3 47099 -36715 365 109603 -19561993 -65530 -9209 -385504 -49 -15 -201476 -182 -23 -10 -7702 6 393 -7314281 150
6519874 82 -3903 -262 197 28627399 17604 -151 -218 11844 -182784 294 6 654440 23470 -188195 -35 2323 0 297 3604878 -6051473 -189 -470 4147425 359526 -428 4614 38876 90564 80 -35375 42125 241 331 -26296 -3742 -39779 -6424 5804778 38448 163 14598 250061 11823456 5941036 -4395 -21365 -52391 -93 491955 -62 34030 263142
-18 1 -8399967 -107 781671 12 0 -425 36 -21460489 166 7505 -316 -407 14659 310 5258992 -1676456 3615562 132844 23312 81 -12 -36 -2628325 -1 -64554 24 -267750 -58213 -535 -51714 36736 -42095 -100 -126 375 1009 -28 104062 0 -7958 -12524041 35689044 -14441257 -6 190 7926 913 468 2778769 -260 -399 1356928
-63 -3204 -55752 -142763 53 -33674 0 55911 -54 -224 2904531 -19410 66 56 156 142 -7 793896 4745335 -75 5129028 -50512 -39299 34848 27919 3818 341129 231 11137 -2248822 32018 7 6211 -1250 40875 1 -2429 0 12728 14851 -83 19 -90707 34885 -476097 -4770898 171 -3440 6 118 -16781 -3532553 1142653 -10241
58920 -34 -504338 491 128 39 -235 16097803 -84 -360 -57 222924 5847337 23 -741 26064 86 1636011 63 -645824 19 37 -600223 -86 -343906 2322845 -133 20521 10958 -3206 3895058 4410403 189 -3 202 6524698 -5257 10365755 -7 208 -9483 46253 -61 -1009 4490664 -458000 23 -1749444 -94683 919 5807068 -58333 4398 30346
