67 42 463
1 2 3 4 5 6 7 8 9 10 11 12 13 14 15 16 17 18 19 20 21 22 23 24 25 26 27 28 29 30 31 32 33 34 35 36 37 38 39 40 41 42
2 3 4 5 6 7 8 9 10 11 12 13 14 15 16 17 18 19 20 21 22 23 24 25 26 27 28 29 30 31 32 33 34 35 36 37 38 39 40 41 42 43
3 4 5 6 7 8 9 10 11 12 13 14 15 16 17 18 19 20 21 22 23 24 25 26 27 28 29 30 31 32 33 34 35 36 37 38 39 40 41 42 43 44
4 5 6 7 8 9 10 11 12 13 14 15 16 17 18 19 20 21 22 23 24 25 26 27 28 29 30 31 32 33 34 35 36 37 38 39 40 41 42 43 44 45
5 6 7 8 9 10 11 12 13 14 15 16 17 18 19 20 21 22 23 24 25 26 27 28 29 30 31 32 33 34 35 36 37 38 39 40 41 42 43 44 45 46
6 7 8 9 10 11 12 13 14 15 16 17 18 19 20 21 22 23 24 25 26 27 28 29 30 31 32 33 34 35 36 37 38 39 40 41 42 43 44 45 46 47
7 8 9 10 11 12 13 14 15 16 17 18 19 20 21 22 23 24 25 26 27 28 29 30 31 32 33 34 35 36 37 38 39 40 41 42 43 44 45 46 47 48
8 9 10 11 12 13 14 15 16 17 18 19 20 21 22 23 24 25 26 27 28 29 30 31 32 33 34 35 36 37 38 39 40 41 42 43 44 45 46 47 48 49
9 10 11 12 13 14 15 16 17 18 19 20 21 22 23 24 25 26 27 28 29 30 31 32 33 34 35 36 37 38 39 40 41 42 43 44 45 46 47 48 49 50
10 11 12 13 14 15 16 17 18 19 20 21 22 23 24 25 26 27 28 29 30 31 32 33 34 35 36 37 38 39 40 41 42 43 44 45 46 47 48 49 50 51
11 12 13 14 15 16 17 18 19 20 21 22 23 24 25 26 27 28 29 30 31 32 33 34 35 36 37 38 39 40 41 42 43 44 45 46 47 48 49 50 51 52
12 13 14 15 16 17 18 19 20 21 22 23 24 25 26 27 28 29 30 31 32 33 34 35 36 37 38 39 40 41 42 43 44 45 46 47 48 49 50 51 52 53
13 14 15 16 17 18 19 20 21 22 23 24 25 26 27 28 29 30 31 32 33 34 35 36 37 38 39 40 41 42 43 44 45 46 47 48 49 50 51 52 53 54
14 15 16 17 18 19 20 21 22 23 24 25 26 27 28 29 30 31 32 33 34 35 36 37 38 39 40 41 42 43 44 45 46 47 48 49 50 51 52 53 54 55
15 16 17 18 19 20 21 22 23 24 25 26 27 28 29 30 31 32 33 34 35 36 37 38 39 40 41 42 43 44 45 46 47 48 49 50 51 52 53 54 55 56
16 17 18 19 20 21 22 23 24 25 26 27 28 29 30 31 32 33 34 35 36 37 38 39 40 41 42 43 44 45 46 47 48 49 50 51 52 53 54 55 56 57
17 18 19 20 21 22 23 24 25 26 27 28 29 30 31 32 33 34 35 36 37 38 39 40 41 42 43 44 45 46 47 48 49 50 51 52 53 54 55 56 57 58
18 19 20 21 22 23 24 25 26 27 28 29 30 31 32 33 34 35 36 37 38 39 40 41 42 43 44 45 46 47 48 49 50 51 52 53 54 55 56 57 58 59
19 20 21 22 23 24 25 26 27 28 29 30 31 32 33 34 35 36 37 38 39 40 41 42 43 44 45 46 47 48 49 50 51 52 53 54 55 56 57 58 59 60
20 21 22 23 24 25 26 27 28 29 30 31 32 33 34 35 36 37 38 39 40 41 42 43 44 45 46 47 48 49 50 51 52 53 54 55 56 57 58 59 60 61
21 22 23 24 25 26 27 28 29 30 31 32 33 34 35 36 37 38 39 40 41 42 43 44 45 46 47 48 49 50 51 52 53 54 55 56 57 58 59 60 61 62
22 23 24 25 26 27 28 29 30 31 32 33 34 35 36 37 38 39 40 41 42 43 44 45 46 47 48 49 50 51 52 53 54 55 56 57 58 59 60 61 62 63
23 24 25 26 27 28 29 30 31 32 33 34 35 36 37 38 39 40 41 42 43 44 45 46 47 48 49 50 51 52 53 54 55 56 57 58 59 60 61 62 63 64
24 25 26 27 28 29 30 31 32 33 34 35 36 37 38 39 40 41 42 43 44 45 46 47 48 49 50 51 52 53 54 55 56 57 58 59 60 61 62 63 64 65
25 26 27 28 29 30 31 32 33 34 35 36 37 38 39 40 41 42 43 44 45 46 47 48 49 50 51 52 53 54 55 56 57 58 59 60 61 62 63 64 65 66
26 27 28 29 30 31 32 33 34 35 36 37 38 39 40 41 42 43 44 45 46 47 48 49 50 51 52 53 54 55 56 57 58 59 60 61 62 63 64 65 66 67
27 28 29 30 31 32 33 34 35 36 37 38 39 40 41 42 43 44 45 46 47 48 49 50 51 52 53 54 55 56 57 58 59 60 61 62 63 64 65 66 67 68
28 29 30 31 32 33 34 35 36 37 38 39 40 41 42 43 44 45 46 47 48 49 50 51 52 53 54 55 56 57 58 59 60 61 62 63 64 65 66 67 68 69
29 30 31 32 33 34 35 36 37 38 39 40 41 42 43 44 45 46 47 48 49 50 51 52 53 54 55 56 57 58 59 60 61 62 63 64 65 66 67 68 69 70
30 31 32 33 34 35 36 37 38 39 40 41 42 43 44 45 46 47 48 49 50 51 52 53 54 55 56 57 58 59 60 61 62 63 64 65 66 67 68 69 70 71
31 32 33 34 35 36 37 38 39 40 41 42 43 44 45 46 47 48 49 50 51 52 53 54 55 56 57 58 59 60 61 62 63 64 65 66 67 68 69 70 71 72
32 33 34 35 36 37 38 39 40 41 42 43 44 45 46 47 48 49 50 51 52 53 54 55 56 57 58 59 60 61 62 63 64 65 66 67 68 69 70 71 72 73
33 34 35 36 37 38 39 40 41 42 43 44 45 46 47 48 49 50 51 52 53 54 55 56 57 58 59 60 61 62 63 64 65 66 67 68 69 70 71 72 73 74
34 35 36 37 38 39 40 41 42 43 44 45 46 47 48 49 50 51 52 53 54 55 56 57 58 59 60 61 62 63 64 65 66 67 68 69 70 71 72 73 74 75
35 36 37 38 39 40 41 42 43 44 45 46 47 48 49 50 51 52 53 54 55 56 57 58 59 60 61 62 63 64 65 66 67 68 69 70 71 72 73 74 75 76
36 37 38 39 40 41 42 43 44 45 46 47 48 49 50 51 52 53 54 55 56 57 58 59 60 61 62 63 64 65 66 67 68 69 70 71 72 73 74 75 76 77
37 38 39 40 41 42 43 44 45 46 47 48 49 50 51 52 53 54 55 56 57 58 59 60 61 62 63 64 65 66 67 68 69 70 71 72 73 74 75 76 77 78
38 39 40 41 42 43 44 45 46 47 48 49 50 51 52 53 54 55 56 57 58 59 60 61 62 63 64 65 66 67 68 69 70 71 72 73 74 75 76 77 78 79
39 40 41 42 43 44 45 46 47 48 49 50 51 52 53 54 55 56 57 58 59 60 61 62 63 64 65 66 67 68 69 70 71 72 73 74 75 76 77 78 79 80
40 41 42 43 44 45 46 47 48 49 50 51 52 53 54 55 56 57 58 59 60 61 62 63 64 65 66 67 68 69 70 71 72 73 74 75 76 77 78 79 80 81
41 42 43 44 45 46 47 48 49 50 51 52 53 54 55 56 57 58 59 60 61 62 63 64 65 66 67 68 69 70 71 72 73 74 75 76 77 78 79 80 81 82
42 43 44 45 46 47 48 49 50 51 52 53 54 55 56 57 58 59 60 61 62 63 64 65 66 67 68 69 70 71 72 73 74 75 76 77 78 79 80 81 82 83
43 44 45 46 47 48 49 50 51 52 53 54 55 56 57 58 59 60 61 62 63 64 65 66 67 68 69 70 71 72 73 74 75 76 77 78 79 80 81 82 83 84
44 45 46 47 48 49 50 51 52 53 54 55 56 57 58 59 60 61 62 63 64 65 66 67 68 69 70 71 72 73 74 75 76 77 78 79 80 81 82 83 84 85
45 46 47 48 49 50 51 52 53 54 55 56 57 58 59 60 61 62 63 64 65 66 67 68 69 70 71 72 73 74 75 76 77 78 79 80 81 82 83 84 85 86
46 47 48 49 50 51 52 53 54 55 56 57 58 59 60 61 62 63 64 65 66 67 68 69 70 71 72 73 74 75 76 77 78 79 80 81 82 83 84 85 86 87
47 48 49 50 51 52 53 54 55 56 57 58 59 60 61 62 63 64 65 66 67 68 69 70 71 72 73 74 75 76 77 78 79 80 81 82 83 84 85 86 87 88
48 49 50 51 52 53 54 55 56 57 58 59 60 61 62 63 64 65 66 67 68 69 70 71 72 73 74 75 76 77 78 79 80 81 82 83 84 85 86 87 88 89
49 50 51 52 53 54 55 56 57 58 59 60 61 62 63 64 65 66 67 68 69 70 71 72 73 74 75 76 77 78 79 80 81 82 83 84 85 86 87 88 89 90
50 51 52 53 54 55 56 57 58 59 60 61 62 63 64 65 66 67 68 69 70 71 72 73 74 75 76 77 78 79 80 81 82 83 84 85 86 87 88 89 90 91
51 52 53 54 55 56 57 58 59 60 61 62 63 64 65 66 67 68 69 70 71 72 73 74 75 76 77 78 79 80 81 82 83 84 85 86 87 88 89 90 91 92
52 53 54 55 56 57 58 59 60 61 62 63 64 65 66 67 68 69 70 71 72 73 74 75 76 77 78 79 80 81 82 83 84 85 86 87 88 89 90 91 92 93
53 54 55 56 57 58 59 60 61 62 63 64 65 66 67 68 69 70 71 72 73 74 75 76 77 78 79 80 81 82 83 84 85 86 87 88 89 90 91 92 93 94
54 55 56 57 58 59 60 61 62 63 64 65 66 67 68 69 70 71 72 73 74 75 76 77 78 79 80 81 82 83 84 85 86 87 88 89 90 91 92 93 94 95
55 56 57 58 59 60 61 62 63 64 65 66 67 68 69 70 71 72 73 74 75 76 77 78 79 80 81 82 83 84 85 86 87 88 89 90 91 92 93 94 95 96
56 57 58 59 60 61 62 63 64 65 66 67 68 69 70 71 72 73 74 75 76 77 78 79 80 81 82 83 84 85 86 87 88 89 90 91 92 93 94 95 96 97
57 58 59 60 61 62 63 64 65 66 67 68 69 70 71 72 73 74 75 76 77 78 79 80 81 82 83 84 85 86 87 88 89 90 91 92 93 94 95 96 97 98
58 59 60 61 62 63 64 65 66 67 68 69 70 71 72 73 74 75 76 77 78 79 80 81 82 83 84 85 86 87 88 89 90 91 92 93 94 95 96 97 98 99
59 60 61 62 63 64 65 66 67 68 69 70 71 72 73 74 75 76 77 78 79 80 81 82 83 84 85 86 87 88 89 90 91 92 93 94 95 96 97 98 99 100
60 61 62 63 64 65 66 67 68 69 70 71 72 73 74 75 76 77 78 79 80 81 82 83 84 85 86 87 88 89 90 91 92 93 94 95 96 97 98 99 100 101
61 62 63 64 65 66 67 68 69 70 71 72 73 74 75 76 77 78 79 80 81 82 83 84 85 86 87 88 89 90 91 92 93 94 95 96 97 98 99 100 101 102
62 63 64 65 66 67 68 69 70 71 72 73 74 75 76 77 78 79 80 81 82 83 84 85 86 87 88 89 90 91 92 93 94 95 96 97 98 99 100 101 102 103
63 64 65 66 67 68 69 70 71 72 73 74 75 76 77 78 79 80 81 82 83 84 85 86 87 88 89 90 91 92 93 94 95 96 97 98 99 100 101 102 103 104
64 65 66 67 68 69 70 71 72 73 74 75 76 77 78 79 80 81 82 83 84 85 86 87 88 89 90 91 92 93 94 95 96 97 98 99 100 101 102 103 104 105
65 66 67 68 69 70 71 72 73 74 75 76 77 78 79 80 81 82 83 84 85 86 87 88 89 90 91 92 93 94 95 96 97 98 99 100 101 102 103 104 105 106
66 67 68 69 70 71 72 73 74 75 76 77 78 79 80 81 82 83 84 85 86 87 88 89 90 91 92 93 94 95 96 97 98 99 100 101 102 103 104 105 106 107
67 68 69 70 71 72 73 74 75 76 77 78 79 80 81 82 83 84 85 86 87 88 89 90 91 92 93 94 95 96 97 98 99 100 101 102 103 104 105 106 107 108
463 463 463 463 463 463 463 463 463 463 463 463 463 463 463 463 463 463 463 463 463 463 463 463 463 463 463 463 463 463 463 463 463 463 463 463 463 463 463 463 463 463
463 463 463 463 463 463 463 463 463 463 463 463 463 463 463 463 463 463 463 463 463 463 463 463 463 463 463 463 463 463 463 463 463 463 463 463 463 463 463 463 463 463
463 463 463 463 463 463 463 463 463 463 463 463 463 463 463 463 463 463 463 463 463 463 463 463 463 463 463 463 463 463 463 463 463 463 463 463 463 463 463 463 463 463
463 463 463 463 463 463 463 463 463 463 463 463 463 463 463 463 463 463 463 463 463 463 463 463 463 463 463 463 463 463 463 463 463 463 463 463 463 463 463 463 463 463
463 463 463 463 463 463 463 463 463 463 463 463 463 463 463 463 463 463 463 463 463 463 463 463 463 463 463 463 463 463 463 463 463 463 463 463 463 463 463 463 463 463
463 463 463 463 463 463 463 463 463 463 463 463 463 463 463 463 463 463 463 463 463 463 463 463 463 463 463 463 463 463 463 463 463 463 463 463 463 463 463 463 463 463
463 463 463 463 463 463 463 463 463 463 463 463 463 463 463 463 463 463 463 463 463 463 463 463 463 463 463 463 463 463 463 463 463 463 463 463 463 463 463 463 463 463
463 463 463 463 463 463 463 463 463 463 463 463 463 463 463 463 463 463 463 463 463 463 463 463 463 463 463 463 463 463 463 463 463 463 463 463 463 463 463 463 463 463
463 463 463 463 463 463 463 463 463 463 463 463 463 463 463 463 463 463 463 463 463 463 463 463 463 463 463 463 463 463 463 463 463 463 463 463 463 463 463 463 463 463
463 463 463 463 463 463 463 463 463 463 463 463 463 463 463 463 463 463 463 463 463 463 463 463 463 463 463 463 463 463 463 463 463 463 463 463 463 463 463 463 463 463
463 463 463 463 463 463 463 463 463 463 463 463 463 463 463 463 463 463 463 463 463 463 463 463 463 463 463 463 463 463 463 463 463 463 463 463 463 463 463 463 463 463
463 463 463 463 463 463 463 463 463 463 463 463 463 463 463 463 463 463 463 463 463 463 463 463 463 463 463 463 463 463 463 463 463 463 463 463 463 463 463 463 463 463
463 463 463 463 463 463 463 463 463 463 463 463 463 463 463 463 463 463 463 463 463 463 463 463 463 463 463 463 463 463 463 463 463 463 463 463 463 463 463 463 463 463
463 463 463 463 463 463 463 463 463 463 463 463 463 463 463 463 463 463 463 463 463 463 463 463 463 463 463 463 463 463 463 463 463 463 463 463 463 463 463 463 463 463
463 463 463 463 463 463 463 463 463 463 463 463 463 463 463 463 463 463 463 463 463 463 463 463 463 463 463 463 463 463 463 463 463 463 463 463 463 463 463 463 463 463
463 463 463 463 463 463 463 463 463 463 463 463 463 463 463 463 463 463 463 463 463 463 463 463 463 463 463 463 463 463 463 463 463 463 463 463 463 463 463 463 463 463
463 463 463 463 463 463 463 463 463 463 463 463 463 463 463 463 463 463 463 463 463 463 463 463 463 463 463 463 463 463 463 463 463 463 463 463 463 463 463 463 463 463
463 463 463 463 463 463 463 463 463 463 463 463 463 463 463 463 463 463 463 463 463 463 463 463 463 463 463 463 463 463 463 463 463 463 463 463 463 463 463 463 463 463
463 463 463 463 463 463 463 463 463 463 463 463 463 463 463 463 463 463 463 463 463 463 463 463 463 463 463 463 463 463 463 463 463 463 463 463 463 463 463 463 463 463
463 463 463 463 463 463 463 463 463 463 463 463 463 463 463 463 463 463 463 463 463 463 463 463 463 463 463 463 463 463 463 463 463 463 463 463 463 463 463 463 463 463
463 463 463 463 463 463 463 463 463 463 463 463 463 463 463 463 463 463 463 463 463 463 463 463 463 463 463 463 463 463 463 463 463 463 463 463 463 463 463 463 463 463
463 463 463 463 463 463 463 463 463 463 463 463 463 463 463 463 463 463 463 463 463 463 463 463 463 463 463 463 463 463 463 463 463 463 463 463 463 463 463 463 463 463
463 463 463 463 463 463 463 463 463 463 463 463 463 463 463 463 463 463 463 463 463 463 463 463 463 463 463 463 463 463 463 463 463 463 463 463 463 463 463 463 463 463
463 463 463 463 463 463 463 463 463 463 463 463 463 463 463 463 463 463 463 463 463 463 463 463 463 463 463 463 463 463 463 463 463 463 463 463 463 463 463 463 463 463
463 463 463 463 463 463 463 463 463 463 463 463 463 463 463 463 463 463 463 463 463 463 463 463 463 463 463 463 463 463 463 463 463 463 463 463 463 463 463 463 463 463
463 463 463 463 463 463 463 463 463 463 463 463 463 463 463 463 463 463 463 463 463 463 463 463 463 463 463 463 463 463 463 463 463 463 463 463 463 463 463 463 463 463
463 463 463 463 463 463 463 463 463 463 463 463 463 463 463 463 463 463 463 463 463 463 463 463 463 463 463 463 463 463 463 463 463 463 463 463 463 463 463 463 463 463
463 463 463 463 463 463 463 463 463 463 463 463 463 463 463 463 463 463 463 463 463 463 463 463 463 463 463 463 463 463 463 463 463 463 463 463 463 463 463 463 463 463
463 463 463 463 463 463 463 463 463 463 463 463 463 463 463 463 463 463 463 463 463 463 463 463 463 463 463 463 463 463 463 463 463 463 463 463 463 463 463 463 463 463
463 463 463 463 463 463 463 463 463 463 463 463 463 463 463 463 463 463 463 463 463 463 463 463 463 463 463 463 463 463 463 463 463 463 463 463 463 463 463 463 463 463
463 463 463 463 463 463 463 463 463 463 463 463 463 463 463 463 463 463 463 463 463 463 463 463 463 463 463 463 463 463 463 463 463 463 463 463 463 463 463 463 463 463
463 463 463 463 463 463 463 463 463 463 463 463 463 463 463 463 463 463 463 463 463 463 463 463 463 463 463 463 463 463 463 463 463 463 463 463 463 463 463 463 463 463
463 463 463 463 463 463 463 463 463 463 463 463 463 463 463 463 463 463 463 463 463 463 463 463 463 463 463 463 463 463 463 463 463 463 463 463 463 463 463 463 463 463
463 463 463 463 463 463 463 463 463 463 463 463 463 463 463 463 463 463 463 463 463 463 463 463 463 463 463 463 463 463 463 463 463 463 463 463 463 463 463 463 463 463
463 463 463 463 463 463 463 463 463 463 463 463 463 463 463 463 463 463 463 463 463 463 463 463 463 463 463 463 463 463 463 463 463 463 463 463 463 463 463 463 463 463
463 463 463 463 463 463 463 463 463 463 463 463 463 463 463 463 463 463 463 463 463 463 463 463 463 463 463 463 463 463 463 463 463 463 463 463 463 463 463 463 463 463
463 463 463 463 463 463 463 463 463 463 463 463 463 463 463 463 463 463 463 463 463 463 463 463 463 463 463 463 463 463 463 463 463 463 463 463 463 463 463 463 463 463
463 463 463 463 463 463 463 463 463 463 463 463 463 463 463 463 463 463 463 463 463 463 463 463 463 463 463 463 463 463 463 463 463 463 463 463 463 463 463 463 463 463
463 463 463 463 463 463 463 463 463 463 463 463 463 463 463 463 463 463 463 463 463 463 463 463 463 463 463 463 463 463 463 463 463 463 463 463 463 463 463 463 463 463
463 463 463 463 463 463 463 463 463 463 463 463 463 463 463 463 463 463 463 463 463 463 463 463 463 463 463 463 463 463 463 463 463 463 463 463 463 463 463 463 463 463
463 463 463 463 463 463 463 463 463 463 463 463 463 463 463 463 463 463 463 463 463 463 463 463 463 463 463 463 463 463 463 463 463 463 463 463 463 463 463 463 463 463
463 463 463 463 463 463 463 463 463 463 463 463 463 463 463 463 463 463 463 463 463 463 463 463 463 463 463 463 463 463 463 463 463 463 463 463 463 463 463 463 463 463
463 463 463 463 463 463 463 463 463 463 463 463 463 463 463 463 463 463 463 463 463 463 463 463 463 463 463 463 463 463 463 463 463 463 463 463 463 463 463 463 463 463
463 463 463 463 463 463 463 463 463 463 463 463 463 463 463 463 463 463 463 463 463 463 463 463 463 463 463 463 463 463 463 463 463 463 463 463 463 463 463 463 463 463
463 463 463 463 463 463 463 463 463 463 463 463 463 463 463 463 463 463 463 463 463 463 463 463 463 463 463 463 463 463 463 463 463 463 463 463 463 463 463 463 463 463
463 463 463 463 463 463 463 463 463 463 463 463 463 463 463 463 463 463 463 463 463 463 463 463 463 463 463 463 463 463 463 463 463 463 463 463 463 463 463 463 463 463
463 463 463 463 463 463 463 463 463 463 463 463 463 463 463 463 463 463 463 463 463 463 463 463 463 463 463 463 463 463 463 463 463 463 463 463 463 463 463 463 463 463
463 463 463 463 463 463 463 463 463 463 463 463 463 463 463 463 463 463 463 463 463 463 463 463 463 463 463 463 463 463 463 463 463 463 463 463 463 463 463 463 463 463
463 463 463 463 463 463 463 463 463 463 463 463 463 463 463 463 463 463 463 463 463 463 463 463 463 463 463 463 463 463 463 463 463 463 463 463 463 463 463 463 463 463
463 463 463 463 463 463 463 463 463 463 463 463 463 463 463 463 463 463 463 463 463 463 463 463 463 463 463 463 463 463 463 463 463 463 463 463 463 463 463 463 463 463
463 463 463 463 463 463 463 463 463 463 463 463 463 463 463 463 463 463 463 463 463 463 463 463 463 463 463 463 463 463 463 463 463 463 463 463 463 463 463 463 463 463
463 463 463 463 463 463 463 463 463 463 463 463 463 463 463 463 463 463 463 463 463 463 463 463 463 463 463 463 463 463 463 463 463 463 463 463 463 463 463 463 463 463
463 463 463 463 463 463 463 463 463 463 463 463 463 463 463 463 463 463 463 463 463 463 463 463 463 463 463 463 463 463 463 463 463 463 463 463 463 463 463 463 463 463
463 463 463 463 463 463 463 463 463 463 463 463 463 463 463 463 463 463 463 463 463 463 463 463 463 463 463 463 463 463 463 463 463 463 463 463 463 463 463 463 463 463
463 463 463 463 463 463 463 463 463 463 463 463 463 463 463 463 463 463 463 463 463 463 463 463 463 463 463 463 463 463 463 463 463 463 463 463 463 463 463 463 463 463
463 463 463 463 463 463 463 463 463 463 463 463 463 463 463 463 463 463 463 463 463 463 463 463 463 463 463 463 463 463 463 463 463 463 463 463 463 463 463 463 463 463
463 463 463 463 463 463 463 463 463 463 463 463 463 463 463 463 463 463 463 463 463 463 463 463 463 463 463 463 463 463 463 463 463 463 463 463 463 463 463 463 463 463
463 463 463 463 463 463 463 463 463 463 463 463 463 463 463 463 463 463 463 463 463 463 463 463 463 463 463 463 463 463 463 463 463 463 463 463 463 463 463 463 463 463
463 463 463 463 463 463 463 463 463 463 463 463 463 463 463 463 463 463 463 463 463 463 463 463 463 463 463 463 463 463 463 463 463 463 463 463 463 463 463 463 463 463
463 463 463 463 463 463 463 463 463 463 463 463 463 463 463 463 463 463 463 463 463 463 463 463 463 463 463 463 463 463 463 463 463 463 463 463 463 463 463 463 463 463
463 463 463 463 463 463 463 463 463 463 463 463 463 463 463 463 463 463 463 463 463 463 463 463 463 463 463 463 463 463 463 463 463 463 463 463 463 463 463 463 463 463
463 463 463 463 463 463 463 463 463 463 463 463 463 463 463 463 463 463 463 463 463 463 463 463 463 463 463 463 463 463 463 463 463 463 463 463 463 463 463 463 463 463
463 463 463 463 463 463 463 463 463 463 463 463 463 463 463 463 463 463 463 463 463 463 463 463 463 463 463 463 463 463 463 463 463 463 463 463 463 463 463 463 463 463
463 463 463 463 463 463 463 463 463 463 463 463 463 463 463 463 463 463 463 463 463 463 463 463 463 463 463 463 463 463 463 463 463 463 463 463 463 463 463 463 463 463
463 463 463 463 463 463 463 463 463 463 463 463 463 463 463 463 463 463 463 463 463 463 463 463 463 463 463 463 463 463 463 463 463 463 463 463 463 463 463 463 463 463
463 463 463 463 463 463 463 463 463 463 463 463 463 463 463 463 463 463 463 463 463 463 463 463 463 463 463 463 463 463 463 463 463 463 463 463 463 463 463 463 463 463
463 463 463 463 463 463 463 463 463 463 463 463 463 463 463 463 463 463 463 463 463 463 463 463 463 463 463 463 463 463 463 463 463 463 463 463 463 463 463 463 463 463
28187 9964 12635 12887 20926 17127 7679 27378 27544 27799 29813 16695 24336 9620 11404 6156 25737 24970 21708 18213 10990 12674 8364 16496 30606 13411 9989 9392 30763 28856 25799 2919 31565 31667 22507 506 732 4466 18088 1552 25838 642
1770 32571 28382 6818 23040 31706 16030 25801 12436 13630 17998 28778 27361 7947 11789 31734 26912 1505 2063 10403 67 316 2799 7020 9958 15513 17991 12120 28291 23515 1407 7424 7397 32492 21730 15179 31199 10407 23799 15741 9533 3318
2062 4720 2299 2615 9753 18720 15285 20965 701 7790 26463 1140 8617 6173 2102 17532 5415 20769 6134 1306 8944 23321 31054 6036 11077 22810 14225 15419 1595 14254 28334 14998 19287 9756 28514 17596 14170 13546 29612 10754 9310 15777
30594 7382 18466 30672 2498 4075 11427 24403 10603 28311 5868 20437 781 13433 20526 31124 8830 10334 1299 4964 27855 15973 12112 28151 30334 25954 15738 19547 2541 17281 27930 9668 29203 9772 2819 13452 23922 10542 3555 30328 27977 22808
16153 573 17674 21731 26054 22083 11790 13016 10279 1192 9096 11437 5922 24712 23224 22257 6174 4220 7009 26538 8472 10848 31868 20540 31475 15450 22830 11916 32272 26391 4600 22886 32031 27992 28206 3100 21045 23726 12714 30064 16926 13185
15041 11700 10740 10327 15478 22576 10992 30291 26862 29636 18561 21244 8228 7887 11419 28993 30430 21071 1618 13753 10720 22601 13991 47 20831 363 16290 11869 26808 24048 10657 15352 32354 32196 21231 9197 8225 31720 23960 26347 22397 22809
12156 23329 19059 27052 14499 10569 21610 23229 29648 6885 11113 4744 21849 7624 25990 28695 7221 8409 29346 11806 14679 11796 24147 27939 16698 26065 28194 10465 7102 16201 28663 7407 26162 12886 19665 23709 15282 11898 13242 8735 22451 803
28923 6381 18140 7469 17804 10089 6680 15785 21198 31682 20457 3549 28284 24601 26623 13451 29407 6627 21769 20599 24386 22671 16587 31779 23718 30568 22128 16093 31415 5820 1826 3835 14590 20542 31961 18790 12375 2729 12144 16981 28838 12454
20478 21339 26310 20208 32355 2724 24258 23990 32033 24444 30280 14657 22382 4112 4954 3542 11655 3193 13127 15070 6982 4854 9690 28996 27895 24953 2257 4383 5736 8294 6032 2705 8255 27287 8983 17902 32656 5795 17970 22305 2991 9568
10735 76 1603 31142 28245 18351 27036 15702 2899 9419 28999 6043 15863 2247 4319 6256 21985 17938 19749 32099 30454 6986 11091 13208 9049 25949 10926 15120 8599 15598 31835 20267 4897 762 28019 30828 20224 8379 14170 27517 21700 32460
10828 22899 27581 30607 26168 5458 17006 18636 5586 13012 8767 18586 24548 614 2930 24963 740 3700 19800 6627 20172 32230 28357 10897 28966 32747 31425 26817 18278 9461 1408 1833 11133 18693 32149 29283 28331 29480 7522 19603 30357 20033
4307 19529 12439 7946 9036 681 20315 23382 2527 19657 1707 18073 7619 29786 14723 14249 6913 17291 20075 27590 14193 4138 7683 2777 9701 524 12256 16633 22948 6320 14742 4403 7706 13343 5142 17803 22221 9494 6971 8254 31635 2151
11167 12874 9475 29085 12979 31536 15657 10463 1295 13817 10366 23 28422 30583 31510 851 13182 461 3612 2155 27902 28978 2428 25060 1289 9713 13791 14612 13739 4020 10972 21383 18769 15875 11628 18338 3294 23048 21151 25734 10234 28053
14990 20791 20397 7016 30609 9982 1838 11437 30130 2827 25333 6084 30305 2911 535 25669 29801 17129 12755 4161 1058 2287 28520 23243 1000 12208 15402 6071 12493 5704 30677 28834 29579 4563 13601 14131 31165 29141 15511 11423 28494 9178
12706 25203 27697 14937 3561 6286 27218 23262 26332 15468 22477 22376 12685 28075 6495 30480 30914 11207 4377 12780 14664 4393 32092 25651 22666 16224 17409 15522 26978 24750 32216 27166 13102 25286 22100 19610 12071 20180 4996 11579 28654 25278
23109 16826 10088 20393 695 32523 16076 16832 4333 32572 13562 5424 9705 32415 14095 23671 31943 13355 10038 7135 18488 2336 1473 24133 1074 29674 28792 1823 4070 31304 11312 1470 9203 7853 27808 19920 30937 15591 20081 14632 12720 6654
14228 14018 24346 11103 4568 27393 11894 22841 5052 9532 6486 16424 2945 20089 10547 13841 24708 13688 9056 5709 16075 23540 12605 6409 8414 10533 22701 14828 11224 9609 22730 29179 4541 9188 16087 18618 28174 31622 18293 148 20635 14284
24602 25213 27289 24809 23744 27862 4596 16870 13786 27025 3815 20456 25228 12181 26569 5810 8987 4964 7978 20074 20387 19195 6174 32416 32520 18682 5337 21132 6702 21252 892 663 12141 22377 3375 30494 6719 17922 7024 2162 21308 28765
18346 35 31817 13594 26890 16254 32012 31381 13454 12116 17315 15558 9055 23805 32149 12901 4960 26781 23816 19793 22023 10406 15925 6706 8556 9886 16666 17245 6047 22819 11118 15097 22591 16172 9946 20576 20552 16529 12134 13512 15405 30670
17970 13091 4135 18692 15462 8004 15052 27200 10859 16450 30179 16640 26460 14881 6519 14579 5303 15023 9514 30721 4697 28077 29644 5003 28329 31791 19756 10996 10003 6982 18990 2912 19640 28123 16158 16571 24931 15838 8260 14334 191 20641
5305 22189 10696 23166 11129 11172 15488 21952 26296 7444 32739 16577 4474 14281 17436 1871 4958 942 29945 6996 14010 402 12445 182 5357 13868 13941 20605 7409 26205 17005 30516 26672 26806 10339 12945 20889 12346 17371 4696 754 29797
4085 124 27760 6765 31645 5255 23173 17351 19970 13885 7673 9709 12105 21372 31292 3935 10626 11623 19963 15847 13787 196 10737 27170 10771 3489 18944 11324 6706 16958 9344 7675 632 3367 983 24063 19859 6817 24137 22600 2837 327
24594 30712 27172 8693 23474 9818 19571 16101 5257 15140 1394 3608 6051 16889 6594 19192 5845 14642 4844 2875 31241 11742 15186 23306 6870 22791 22118 25699 24148 8760 10521 9660 8494 11067 26263 31721 10744 18727 21809 831 5571 3739
16282 5114 29423 19268 1623 24028 32321 9381 25969 26391 13877 11287 17005 29293 14486 5646 5757 4246 7755 30367 18680 24802 18804 10047 3592 17695 22966 14798 7587 3261 15058 7380 22204 23344 381 21770 8890 19862 2668 28700 11561 9114
4014 5293 17327 28568 10302 21403 29250 4610 26073 7813 12185 1026 1293 1931 11744 13664 25491 11861 9136 423 12510 32343 8510 131 3316 8787 17875 13678 2429 20767 27004 25227 16665 22440 3842 722 30967 1079 12828 12142 164 22259
17892 29795 17440 7080 30600 22644 17463 20678 2370 7236 26894 32685 22922 29883 25341 27175 27274 17579 3484 12598 32210 6580 2337 22801 6221 28773 32233 20073 627 931 15956 20720 6337 11087 15062 26396 102 3619 31819 16168 5184 10973
6283 8541 7686 31904 21823 22415 12231 16023 27891 11754 12691 4827 10860 28911 30584 4247 20027 3257 29616 32106 29330 12677 22808 13836 24919 8561 16868 2613 4215 2948 11921 4026 14461 6127 28956 12537 14691 2450 22642 31352 16807 6338
12327 27593 27554 27466 26730 20401 17686 19887 31289 24457 29958 4537 23505 13795 29642 13870 6505 21617 2402 15329 26143 16675 1547 19435 14643 32400 26896 4921 19315 25495 27107 30535 2294 5702 5996 2090 19213 11770 417 21460 28279 16584
8535 32404 6612 24604 29271 17628 18524 18592 29621 19015 27857 18784 605 23002 16562 9771 16879 31627 5042 31036 1997 767 12137 22554 31858 31640 9032 16316 26373 5551 3282 3057 22317 31006 12297 32255 8488 8450 29735 5770 24599 9407
6287 18104 29340 4676 13827 15507 9639 15760 24599 20143 397 10612 31462 19212 27995 28059 6403 11581 7273 15817 30131 32714 31282 30304 24409 27860 2146 21032 9777 16887 25393 11599 25409 27509 24560 31151 11149 10896 31201 18512 907 2871
332 3118 9942 23781 16591 31292 30758 12999 3318 10920 11648 12061 29196 24417 3242 7650 29744 5079 19426 8879 5547 14850 27343 32221 6016 18597 6072 11498 10309 32468 29940 27165 30002 180 21154 20333 20856 12674 12442 8352 26579 28374
7331 176 10851 4393 16614 5746 29880 21909 13986 25721 5164 5341 28962 22585 10869 27565 21740 21608 7802 14371 20284 15018 3942 4237 432 14444 32251 6005 22085 23312 8234 20699 3970 12107 4832 23745 10483 28620 24098 15085 7129 1823
32604 31722 23584 26832 28150 848 8593 1491 20009 16197 20809 24611 17937 31044 7018 426 10499 9245 8464 23137 27936 19261 13959 18872 7978 1840 5563 22328 18583 7012 5359 24167 31716 8496 13746 12780 31532 25620 8207 31219 11513 21315
24069 20947 21338 11358 27447 26862 14646 17283 27875 10969 18911 3206 9752 12990 18154 18814 31780 3582 4159 644 8012 4634 12908 10935 11201 18899 12095 5764 22223 15760 13459 10020 31830 6913 13674 20325 8318 2 6460 21934 14759 27842
30095 30525 22175 8484 1480 20660 29976 26981 21825 12244 7257 7680 20379 12936 4147 23246 11094 22309 12343 12658 25246 25072 22310 23284 11880 15329 20137 11436 14270 11942 11074 21602 29527 8683 9347 8115 23403 15833 15742 21174 31685 5852
20860 20960 1050 18090 22770 8997 21657 5761 31408 2656 14531 7855 15708 17653 17533 32600 27935 10421 1892 5748 2462 10754 2656 22295 20524 3379 19324 9717 13885 18234 11253 24357 26654 20867 1168 26917 8164 29984 21553 31007 26787 20772
15530 27754 8672 8268 16849 23380 22344 485 32469 18719 16546 18921 17874 5449 32258 7276 23970 4625 25663 22582 20983 25654 28072 5298 2470 4098 8947 14087 5958 22407 4214 25220 30714 20009 7066 18497 13451 17756 19596 6659 6330 30383
24629 9313 29908 3850 13933 21541 7558 32563 28779 10997 7667 13719 21376 26419 20484 9544 17414 25377 20223 15938 27795 28489 30812 15090 25970 11292 28372 26361 28755 9945 21434 17197 7233 15792 10894 10976 26069 3880 6864 24166 10153 30910
1042 5841 28432 26830 6225 1791 2308 1975 28805 28119 23392 31803 20343 7631 24144 20260 1747 7601 18949 12845 12926 18080 19629 11807 15913 854 23714 31803 26919 5295 31457 3800 15483 32619 31167 3405 10038 1839 7127 18193 13568 23246
8007 25121 4852 21959 2332 18594 22193 31503 17674 6600 15277 3344 28001 8694 19149 26353 20284 7719 8243 31512 32507 20108 17240 6893 4340 7286 17754 27617 19046 22391 6551 11696 24238 19908 23674 13794 3262 17374 31893 17560 12490 3954
31216 5765 7748 22909 12193 22587 22027 19379 23453 24232 27872 11554 22734 18656 13849 12819 16230 28445 1689 817 24434 17155 9215 16365 18866 1321 13342 32 23208 29654 16558 6386 31727 22280 9024 10492 4046 3515 28024 12201 15117 103
8566 13282 263 7371 20117 15850 26113 16105 26200 10374 3002 11090 23969 3426 31811 32419 28196 20656 5905 13904 3100 4114 21585 13984 25660 30906 21115 29177 30185 18639 25130 5470 7590 19 1067 24118 9168 964 3540 32079 9099 14784
26519 11042 24060 24300 6615 20825 19897 7381 7161 28046 3709 8856 6591 4438 27937 17664 8913 9086 13255 27119 30877 18068 1625 17151 28257 2217 25394 7016 3974 16470 7194 15653 48 15101 23416 12626 19475 8273 2499 24537 6024 12057
10042 21069 26336 14129 28117 7702 28664 29905 20347 14799 10765 12561 9333 16876 4050 19373 7715 28832 18368 4614 20973 19710 9902 1898 28797 21854 16545 661 32043 10498 31717 17528 6585 29945 23133 27705 14913 10308 27927 27770 21867 13112
9763 26078 25827 22051 31910 2761 18955 17202 5930 28776 27373 6034 28728 28914 7027 28630 10537 813 9946 7065 32569 11059 3428 13412 5853 26742 19021 7122 4439 17666 13825 9457 8327 27138 22668 27884 3332 23942 16466 9959 25195 19843
12544 24363 13815 3099 16066 31107 15186 8479 10679 28389 7083 5331 3490 3669 17161 22513 14818 17671 6111 27888 17828 12740 20704 13957 13399 1934 23828 3947 15968 903 4652 3936 4623 31247 5395 8560 8402 16173 12485 20341 19625 28208
3940 26335 2522 21654 2441 23217 18662 1068 32728 1740 15547 20599 29399 14448 20779 15187 19712 8192 26013 5338 4884 4101 8195 21127 28339 11638 27660 24987 18218 30007 31386 30912 23692 15071 21878 11501 6404 1214 23363 19849 3177 26911
14256 19411 17939 20682 11250 12673 237 17101 15218 27303 21964 7548 4290 26331 26623 24759 11990 21911 16424 28011 17009 479 18762 24155 10205 4387 9250 24097 30943 10598 17595 7791 14058 17056 3645 21659 26003 10081 24837 24411 10565 26808
20219 31181 15926 18771 27168 8122 23449 25575 24935 1819 22294 4307 24518 21212 7287 20224 24972 25313 19876 13323 29685 25927 7889 10150 4860 3308 17142 28219 6512 4401 31871 18131 30538 23294 9797 8247 8766 775 18622 10580 29840 1358
3952 16612 28201 19945 12972 2123 3050 774 10616 7615 10560 12332 14285 16812 8185 14020 11523 27479 6742 10199 26249 4289 19297 27417 27353 9678 384 22311 12459 5798 18251 7949 26217 16732 1691 14603 19940 13006 25059 8857 69 10956
14276 9640 11846 11132 1243 811 12450 6140 6110 9942 31945 9802 19431 18469 20953 10337 15631 7329 12746 28837 11071 32607 31464 21889 32579 12745 13703 6223 9760 6560 27122 13176 13992 8258 4772 21468 5451 5929 32443 372 2608 17845
14505 15157 32133 1067 17709 2616 19987 2045 20098 20505 30229 17740 4054 21661 29258 2475 5373 22167 8009 13350 8807 9228 277 11907 22863 32149 10481 3015 27702 18693 11637 28668 30608 22348 26850 9522 21181 16795 29107 452 27962 8649
372 988 3097 10742 15831 17977 31662 24430 6149 12848 2444 31951 13874 4849 23216 16239 7028 28172 29179 9208 469 17716 31462 22101 6823 9538 11377 22738 10519 9853 22620 9854 11013 16920 31386 21716 1043 8444 23811 30875 24316 18376
9033 21003 14632 17430 21293 1073 19581 16129 11506 23445 19319 6372 26642 26649 9083 29283 10289 28196 14696 18096 15951 29440 21616 31495 2625 26753 11046 1915 4194 15336 18135 7413 6022 19462 12574 27770 25391 2725 8115 29612 24068 19747
4740 29332 18558 4192 6151 28318 16357 13275 11214 26341 12667 28695 25436 7601 3575 3140 23863 6974 20788 5915 9790 19904 12843 9994 2365 27299 3871 26001 31935 29975 27159 27116 8995 3532 2449 9970 4338 28666 4469 28733 19824 16293
10312 23179 16753 3359 31906 31588 2158 12750 16098 19453 22488 27183 25376 13149 28844 20763 16227 31678 20296 8266 23060 14134 3453 23061 31923 22422 10981 16512 24265 32147 12151 15735 32030 17187 23640 8280 28971 1322 24308 21682 23762 28758
14926 30285 15949 21831 23188 26218 16485 2036 1783 17995 23268 20042 9658 31478 22348 8726 1672 7735 3529 18980 9994 228 28261 3752 9657 8804 10875 3294 22257 16754 4718 28142 12359 27167 31642 1298 32285 9494 17035 6394 6004 11300
15725 23664 1025 18424 12996 23096 18562 15143 10334 22586 19794 24179 7813 30179 4923 21068 2937 2504 10892 27031 11037 652 8300 12719 30448 20228 22126 15273 23103 4506 30822 2781 30361 8943 1146 19617 3204 10181 6524 15704 23662 15899
32631 24236 5094 1433 7815 25367 6924 1839 22510 29352 22086 16378 30053 11524 12341 21351 8880 3243 32744 10394 9589 3964 8015 30481 18254 18556 17906 1668 9757 16083 31714 9744 24224 15895 14576 7829 17733 31693 1054 9309 8511 13869
10067 3070 7641 12326 19283 18049 26122 11938 4077 26819 7754 23307 29815 16924 12453 12046 9335 17983 7950 19871 31907 20065 20469 27965 23564 30110 2332 14199 5526 5272 3238 16815 5547 8289 3185 798 4144 28827 26533 27672 19128 12509
26253 657 22264 345 26790 10209 20860 2748 14582 27588 30872 2390 31903 4261 12192 4987 28596 9500 16987 7977 25675 22197 31926 2794 14292 25075 27318 11772 12969 17300 21680 13232 1510 3863 19388 17936 23418 3708 23143 19396 11390 3915
11688 15671 20934 215 18966 21749 694 18372 8535 8024 13911 27335 7132 11619 6826 31917 27339 28398 5693 26527 13885 30723 2043 32164 31658 13705 14664 29287 12449 21791 13902 8763 32189 25675 145 19036 9684 27348 20426 5751 28017 1132
21746 10093 5765 15762 13213 30549 17497 14263 9609 16064 23495 22688 31863 16192 13226 2315 30265 5931 10643 18069 5901 668 28350 3291 32297 11707 8516 23008 26775 31806 1425 20911 22083 27184 29721 17729 1363 27121 20295 8352 14262 25471
5558 1101 30464 14579 25764 3551 19061 29775 32420 5102 4963 630 10898 22831 950 8060 32460 31456 25286 22560 27807 7783 5235 17559 8192 8758 5748 24716 1917 22001 26604 9316 6259 32211 3902 17350 9088 9550 12835 13659 19771 1265
29690 26578 32547 32655 3679 18472 25814 31390 22526 32038 18820 5597 11689 31787 27042 1594 29097 23339 3299 6130 5458 1016 31844 7162 24795 11456 10534 17566 28012 14807 5826 13672 1399 27831 24152 19011 24396 1094 24009 23008 26088 12887
26406 30553 1038 2674 1128 30484 9626 19928 9057 15083 25361 14530 15858 2441 2940 13546 21119 29975 119 5452 16544 5401 6277 16174 24089 6034 31654 25694 22541 28015 11820 12987 13422 5666 15818 7414 1976 20110 17646 8346 13023 10019
14416 11594 15749 17738 13003 4426 8305 21507 13165 3906 5181 26572 458 318 14414 22982 11413 11512 9738 24083 22129 11610 17476 22914 17668 5439 28411 14958 26189 12154 18245 22755 16440 25 16262 8707 32368 27371 14309 4776 4725 9023
