75 16 416
322 251 97 73 8 120 1 36 64 103 6 26 68 110 152 85
301 343 245 30 35 73 317 230 178 75 247 15 260 66 44 7
300 200 28 285 140 20 35 160 126 131 89 34 25 11 13 75
332 90 31 66 37 40 7 350 252 125 43 189 152 20 86 74
147 184 301 222 92 38 144 98 39 144 146 194 43 31 109 217
8 60 253 16 41 29 79 96 98 100 18 5 10 32 44 76
64 100 42 18 135 25 43 47 58 1 4 18 161 43 75 105
264 2 89 1 166 2 348 28 253 298 245 15 66 43 3 78
214 95 258 59 9 11 14 31 283 26 7 21 102 25 34 190
16 21 110 32 23 7 300 188 50 186 84 155 100 275 61 36
39 10 35 171 32 3 43 5 53 25 36 5 8 57 16 104
209 59 200 12 180 196 10 4 35 174 51 51 6 37 54 1
24 2 36 84 54 11 4 60 53 130 137 6 92 105 130 47
11 24 68 48 48 79 167 52 47 315 1 35 236 76 94 108
385 14 45 103 45 208 34 127 17 140 103 204 13 38 64 15
24 299 224 5 197 291 181 5 231 3 33 22 87 47 6 355
158 88 38 42 96 72 95 145 2 16 8 33 154 39 6 61
85 110 11 10 2 62 57 83 181 72 275 188 61 22 204 13
158 43 51 6 53 162 167 60 70 15 81 116 89 161 100 63
8 324 2 48 15 21 67 123 10 70 149 84 42 120 65 241
154 37 52 13 274 136 96 126 20 39 16 28 36 85 52 214
301 224 6 58 150 61 16 89 308 46 15 59 142 143 138 12
179 115 20 31 99 11 32 13 55 2 10 86 32 86 11 327
51 18 61 115 95 9 1 74 28 280 47 159 204 256 186 81
109 246 115 343 177 4 51 29 131 73 10 132 98 382 105 6
14 8 68 340 133 124 38 16 92 38 115 37 23 48 46 34
3 59 151 105 8 3 96 63 152 131 176 7 4 143 19 73
352 138 24 315 22 11 190 145 20 58 31 18 28 342 183 43
51 99 22 182 222 184 19 104 155 22 119 62 232 96 107 54
16 97 62 101 163 111 77 147 49 116 237 176 157 92 249 14
3 27 95 250 214 7 116 3 79 26 366 167 287 16 141 244
301 72 177 23 175 293 6 116 19 266 119 17 164 69 9 74
73 32 108 168 82 251 57 1 16 35 220 15 142 150 22 11
18 149 17 14 201 91 134 133 159 79 152 50 328 101 97 38
102 170 212 57 40 15 164 214 24 139 12 73 54 17 260 218
28 7 26 46 108 21 25 20 17 191 120 189 204 262 136 2
20 19 168 45 206 156 2 125 33 71 17 10 152 10 5 249
1 12 18 280 5 1 63 99 100 152 110 21 204 172 1 122
2 39 11 12 239 356 199 14 96 206 66 23 188 370 97 2
56 46 7 108 256 28 111 38 129 70 30 68 4 66 86 11
22 29 163 14 143 29 40 163 82 2 26 310 150 159 44 96
204 32 3 5 3 96 67 46 22 11 51 79 96 145 18 120
17 6 118 11 10 49 241 14 106 271 51 169 112 154 65 7
332 255 32 55 16 12 128 365 104 162 95 67 22 37 251 3
82 102 34 323 104 41 137 327 189 35 100 1 142 65 18 94
45 337 42 129 47 335 88 61 42 29 280 118 344 68 23 9
16 71 94 18 94 276 251 60 85 11 70 379 42 5 50 62
22 65 80 171 52 52 206 248 33 15 222 298 33 30 5 214
75 66 270 33 220 341 239 70 150 30 9 46 361 68 121 14
7 95 202 32 9 18 70 102 5 117 38 13 74 37 20 105
14 147 162 292 105 331 11 4 24 29 23 30 26 126 102 61
344 43 15 4 47 153 221 2 85 228 117 22 7 140 65 86
111 73 113 17 49 98 54 20 3 33 157 43 8 80 39 138
29 64 23 277 8 251 26 81 131 2 10 53 2 50 21 370
24 98 41 39 20 13 100 65 107 10 4 8 131 18 315 284
4 32 7 14 104 19 195 2 4 13 179 218 25 72 227 66
3 156 287 3 227 153 43 203 86 23 38 8 6 54 59 130
140 283 342 184 10 26 84 38 40 25 1 20 43 325 197 275
82 16 65 21 45 372 59 23 81 5 149 9 2 31 14 136
25 65 73 150 182 206 43 16 75 59 214 24 19 16 66 103
122 246 10 120 367 50 3 10 34 20 121 11 5 4 58 86
167 81 168 172 76 30 11 106 346 74 39 55 1 49 38 61
208 61 18 234 2 214 26 154 218 55 169 19 54 64 7 11
120 6 47 55 147 305 169 72 145 165 21 3 366 14 333 20
40 107 27 150 72 3 25 66 109 156 70 293 148 124 167 300
372 34 1 13 16 42 53 24 355 68 337 72 35 7 58 26
77 60 6 140 8 77 128 86 35 25 79 36 179 66 150 22
108 51 7 1 120 298 167 22 147 30 81 97 315 30 197 11
30 36 105 127 214 26 192 54 162 11 126 114 23 47 233 303
69 23 138 91 6 7 195 67 137 20 48 53 201 46 258 2
9 53 171 232 53 102 162 80 36 42 11 127 176 15 2 95
47 159 1 98 245 152 248 195 66 107 36 317 22 129 101 90
3 142 28 49 4 298 147 68 175 50 13 13 2 29 33 94
35 67 12 83 120 61 90 2 36 22 58 210 66 32 5 78
18 63 327 173 52 3 44 14 145 32 234 187 20 4 60 9
16 38 38 74 30 8 57 245 248 32 78 190 21 40 321 122
62 113 25 71 63 112 25 252 24 308 70 42 18 3 2 85
74 10 132 2 189 168 122 33 114 263 2 98 55 141 128 130
13 98 108 185 8 321 195 81 6 45 9 67 210 15 311 34
220 21 61 82 120 9 7 156 10 112 108 95 18 29 32 198
8 46 55 185 380 67 72 232 70 115 178 39 37 89 65 49
60 231 45 1 30 12 86 209 145 178 215 9 245 3 6 112
104 22 103 84 118 1 112 53 36 75 18 23 54 190 84 266
170 12 39 16 23 57 146 9 10 3 42 153 45 25 28 47
153 74 6 32 7 132 4 27 33 31 59 93 15 133 103 237
35 8 55 137 33 135 27 107 17 210 61 147 63 65 201 114
210 15 117 25 99 82 63 227 208 129 14 38 139 34 133 16
28 377 108 59 55 48 21 67 86 18 51 97 141 262 76 9
306 31 45 131 59 66 1 284 69 11 54 165 43 130 26 23
93 91 37 159 67 95 144 31 120 103 80 91 225 200 159 35
94 67 212 93 7 6 51 185 168 99 49 299 7 407 31 6
205 41 29 30 134 68 41 98 141 134 4 136 18 67 68 23
15 197 10 61 281 67 35 73 25 51 103 110 284 226 298 349
8 91 47 7 156 73 88 1 298 173 23 112 229 236 27 69
86 13 19 325 24 4 114 224 206 65 237 310 4 48 11 48
3 59 7 2 203 137 219 30 175 71 194 162 18 29 280 46
179 234 336 186 206 19 20 12 46 75 42 14 43 72 60 135
86 12 12 261 174 41 384 18 187 31 172 85 95 33 39 211
11 24 41 147 111 32 141 26 15 32 174 13 48 229 20 6
115 226 10 385 97 65 59 278 112 3 6 43 26 61 7 25
58 166 112 154 145 24 81 143 8 36 66 69 32 17 9 36
228 190 16 9 37 148 83 77 96 14 52 17 44 101 37 199
170 238 3 28 66 38 55 5 9 181 61 17 18 10 123 11
36 52 211 3 200 90 4 187 62 4 338 73 3 125 32 189
59 19 163 163 159 3 13 33 90 77 76 138 43 88 28 210
144 38 35 176 118 45 350 46 67 33 34 100 135 63 12 22
313 33 51 281 41 152 3 81 29 21 206 46 5 68 98 148
172 82 59 52 248 1 23 26 87 150 20 113 2 15 244 23
47 5 10 3 70 60 99 46 67 178 10 47 34 45 161 134
4 83 33 87 104 170 54 38 97 34 17 74 81 116 77 173
191 102 77 90 38 185 177 155 30 13 31 32 68 65 98 79
215 23 19 15 131 140 47 24 134 181 114 131 10 28 351 129
7 181 26 61 5 82 40 148 45 152 44 107 62 134 84 48
74 319 203 88 80 36 21 67 210 30 62 258 25 9 308 241
254 170 97 286 88 21 35 1 115 98 7 91 30 283 10 62
33 121 11 8 99 66 221 22 1 110 148 66 2 75 136 78
15 24 31 121 40 43 7 305 108 9 83 238 71 213 84 49
86 51 217 32 187 23 71 36 267 76 53 126 42 140 109 9
4 79 108 128 27 73 74 5 2 82 2 303 96 61 6 19
12 67 135 7 2 13 15 112 177 18 101 48 65 10 144 44
64 7 83 90 2 201 167 140 85 113 19 312 22 45 20 32
105 142 46 11 6 115 24 18 42 91 24 25 102 40 56 294
77 7 254 200 124 1 90 79 3 49 139 208 1 50 113 92
28 96 131 54 45 64 41 122 202 2 265 225 13 51 266 75
64 195 100 58 122 1 307 21 273 196 136 87 280 1 3 42
205 51 1 22 28 346 147 36 82 59 360 310 91 15 2 22
44 190 60 141 155 199 40 1 31 93 48 23 204 9 7 6
44 102 12 71 77 13 16 90 86 23 167 15 120 26 14 26
22 216 68 12 110 4 52 4 52 103 325 146 7 17 41 114
8 80 196 267 105 101 141 239 97 155 9 2 66 157 11 118
30 46 26 28 60 38 51 126 47 3 88 15 29 9 53 4
283 99 107 2 94 3 16 127 27 119 234 87 108 40 23 5
82 49 20 8 103 156 24 77 57 15 1 32 53 5 10 89
43 228 114 45 193 45 24 5 18 11 5 48 15 74 1 156
66 36 2 21 177 33 35 281 40 37 187 185 82 25 11 125
175 265 85 31 143 12 153 2 321 37 62 62 98 55 13 1
67 176 37 300 279 180 290 19 28 14 90 10 2 7 1 12
67 21 30 27 145 60 13 338 157 27 167 120 275 42 1 180
15 147 18 71 97 24 5 282 71 85 175 35 13 152 114 143
125 125 128 10 17 257 283 28 141 25 8 59 76 80 108 13
37 278 193 86 18 57 128 141 15 1 50 23 104 66 41 94
87 10 27 65 53 27 41 134 166 66 274 89 15 51 97 29
28 90 111 97 230 221 56 16 20 65 58 9 95 26 7 235
364 250 52 66 115 82 82 102 7 35 32 18 12 112 158 160
29 129 260 52 9 338 20 72 69 15 138 349 4 118 172 69
40 60 24 32 192 132 31 4 200 82 45 2 37 17 24 156
56 15 288 277 70 261 19 118 198 25 90 64 135 19 138 197
233 2 12 226 79 375 130 48 342 15 72 10 1 53 64 63
87 33 72 87 66 4 284 6 201 83 2 21 2 18 65 93
41 187 61 71 184 167 31 94 115 118 309 89 32 7 247 1
-20486 35715 -315 253 -689 -63390 -7 93511 -1025 133 -2600369 -25 -29518 -47 24465925 -76819
-14 -18269598 11 -66807 88115 25 -1991617 55469 -121 16703421 8883 4315383 -38937 285 -5326 88406
1232 10112 -28018040 242 -20079431 3727234 -81202 -514 -403197 -414320 -151 -783540 10162818 -49 -11557 13
37114 7839 96 -2780287 -343 -91 -8248 441 -3 11283065 81 64766 -121 38746 -203417 105
22 349712 547628 146847 183582 16 4549977 96 -504 -315 108 770708 -166 983 29 10
-75 98 -155 -5375556 -21 1 -8914 5315534 -45 629119 -9681713 107 36671 -42444 1269756 -30852085
133 -2329703 35896 -1584988 -20041 44431 534 -3917618 -7118376 19 -7 -4447379 43398 -10530710 1896 1678611
113643 1443 -3451699 5942 -19187527 -54234 5353723 25 -109 -10159729 41248 -37722 2006 -459331 105054 36
3525509 -607576 1432 10401238 887 16547492 -292 -846 49 -48011008 293 -204 -11512363 430483 -27499 -3738651
162 -10 6309 -2298 -396 24 -23958943 -153801 26 -3952158 364 282 -8635369 8 -106448 -5036
271730 -652652 -91 34685 195 -461129 -12395 248606 -23556932 123 740 -83 114 -3554 336 1133703
-11116232 7168931 8692270 -699 10005 -3149780 -71 195 224726 -2208657 -205 -10417 -4 46945 -10 -3680629
10105932 -4734022 91 -440453 48601 3 -9 -5859 19 2707696 -26 182358 15 -372 37475706 2079019
5090953 -168 -655471 -20950 -1238 -4952854 -178 1055 -114570 4748647 -8536 -39721 692 172 29889106 -31763
284 -7631973 -12 -5342 44 -2121054 4490652 -31616 -1255 27036 -15 -376 -1992213 -190 -186 -1443
-6867 -4268156 30001 1165545 100899 8 7747 94400 -390 25 109731 -89 94 12 83982 78107
-217 -36375 23 11785 1932918 -4501 -23295977 -65610198 6 -3084 70933 4841987 -42170 -18 -788387 -57553841
57 -3759 139367 -5641922 -57644 69 -1 -27983 1949 -10 -54917 306346 38300 -3 -36448 -7593
-7053 -24708 14696759 -14728287 -247 1377355 7 6722201 70 -1 5373 41943 -205 -1148319 3218460 142703
21 -7 2489108 -731 -927484 -6591 268 -7903556 13973 -17 -307 3584 -57298 5067095 1545887 -712449
-159729 61117 -2784 48 -342 30924 -5 2 -61999 -2917746 -9990187 14568 -282 -366832 -30 3090353
39429 -3674 -27671524 21 -4025560 4372431 -11122 79 -289 -387958 81 309 6633 13 111 109294
72 -15453 686237 27289 -198 -147 17465 -3789 -149 939900 224 -1829 22898 11417 470658 11618521
0 -21363300 108 12275 247 25869 6926 78134 -47 -36251 159092 -3891585 -148 -7 21508879 183
333108 -41778 222192 11 277 -201 107845 89 -1174472 3217 -19184469 -5977 365 19415 -9221808 -1437326
-7444656 81632 -297 52 47388 25540 82254 14 15 4485 -192 -146 1284387 -761 -690 84644
72 67 -74640 -13117 11015334 -30799 -56 -6204 -19 136 411 -16 2922 -28200 -6470 20526
4530926 -23029959 -7699 79007 -3414405 4021 -53353 -13281069 57025 -8 -3848 8691600 -1990 -4378 3538 -1680364
-16797034 -3 -1357 53159 -417 -57946 -1 75 -29 -1377 48 -127 -11 -2237420 4561731 2797
-34670 -29695489 11901817 1391074 -30314 -3565 3 -566604 -59 751221 376435 315574 37574 2412757 -1388911 -34165
-3897 -19647046 1645 -51 -178 -1116 10 65411 153 8555795 47 -4209 -551277 -464867 8 -121754
45 -293 -609291 -41004 -1471355 -91 -3574245 -4776211 -1464397 23107 8 -27 -13 29654 23034 1083
25664 1272 7552 -3809 8218 -40750131 2561396 2192 377 4957652 3321448 -137 0 -138625 -24 -51468
-14850 1622011 -123 17594 -16843259 236 -2 24 38 -1274079 -338 655 43 35820 7730 194739
28483 -171 136 421 152 66 5233457 119 -87 23 24661 -235 -35028 -121 -14796 1
1 102 -15919 16 78 48 -41376 -2599785 5659026 507 5638 -9377533 401 5835609 100902 -24014
-1035 21949 5975 -2201 -9830044 19 136 4 61 402 -220 -178 33 35983097 35140471 1238719
2 -7205853 5812903 19 19102 -75849 43119 0 13808 -9882 -1421 2959408 8584605 -5323444 -53339 -11942958
-48 -57 -1812162 -862017 -8011453 -228 6860413 8958578 -953967 78544 -233 260 -6701 76 59557 -17160
189 4 9114716 -84720 -5154 10175 161 -645892 2479 352 -251 -175 -10 368954 -39428 297
39900 2500931 -92 65 81 -1607079 -65173 48 -1635961 -137 -140560 -3536012 -21193 3045 67 -2229530
3615 -7609 -1315588 -8678929 -171267 -96 24 315 -128 5567 -433 93 146 4635 -20929 9212
-5280379 -19948852 3022 -10309811 -11 12331505 -1636 121 -31767 13563583 236 23235 -80400 -1636165 -848104 0
-10 -2 99 -237 145 -5501931 88 173 1 8558135 -98647 -981583 -17289 -11131 85289 -8099
321 -271 60983 128831 -133 -18358 -13364 3839 -773956 10969116 5773 41758 91 159 2750638 -1621118
-21746297 4686 -29882 -12295 -84 -95 8011514 5 101 -13135 119 -13036 1180432 -130 262136 -131
-915 -119 148 -510 399 3603 -717468 -2043 -11175 -1216 7022 -4650875 49 -584 -214167 -98449
-82517 -778 -18376395 -14583625 276 47298 -9863 12 -25 64 3356 -2348362 -10048 59 2841203 180
923 366978 -17757 -2449716 -19511 37729 -227 -9481 -2390232 25 3190 -370 56 -3764205 195 -11
-7840694 5 360860 -1243 -63449 32342 -49 38 -266 384653 -558804 -769 -12 -26056 4336 49
205250 1417373 -3772 -51970 12372736 -53 29 421 -2412339 14 -25542036 -23813029 61 -18056176 -953 -28179
-587882 -3581337 140185 -186 -15466 272 -7383146 418 -52323 -6348265 4519 938 2254932 1424 -1779 283
18949 -4421 -50550 11 28 -6685 -7643 10353989 45861 -70141 -84 167 42 136 -125376 -270035
-32 -3401652 10842 -107 -8711083 264 1787667 85 4582 -18294 -55285 -356 -43094 3099004 -362 -1633493
4031 -9997342 -23 88 -334 -43063876 -17 -2537748 -49487951 -9 187 -12833984 20453 56578 11004 -4839
-13412 4455 3830001 35 34761 -28045 -3305689 18015 -54 -23670 -7 -188 23584 -8439 -50 201
20222 37 -5 269696 214 102 231 -11260272 60 571708 -1077 -35439390 22 8 -28140 -9481
55 -708499 -200 1625336 569 -26091 9 234 -80790 27445346 -6141781 3502825 38909 -35059 1009 1
5803 15290 5079 -75204 26 -4382941 73 3076 -89986 -4485 2265646 -1969 -2079 -2256680 163 306073
14037786 -225 4158 1016 -39 1322 2861863 -9048 -2940 3108 44865024 -368 -3003076 1010 -8069 -43
492 9726 -305 3166 33996 338 338250 33838 -7444 221 -217 -6494 22 -23 -5525 -62
-31412826 50652 -13460 -3374445 -414753 16 243 5732 65981 40 -17486 292 -3713 737 185 -1
3909 -56 1109090 158 -2032166 10993 -68 -14 -813644 148284 -5081 -98622 -8646254 83 99535 0
35756 -4308 3182607 33983 -51 74 -17920 735608 -76188 -12634 74701 5339 1340 88 12919691 40
-10 138717 7323 -524789 -294 -76482 7 -2013913 -15289 2662134 37 863 78 31887 -20321760 2929879
-85 -381657 -130988 -18365 -5218 8666489 17 1759634 54 62 -7251017 -46 -106493 12 -14955442 164
5285522 139 13301 -17360 -76917850 -23913328 94 62683 -26320 -43629 70173 -63 -2429 34 151 1749828
-184 1752686 -68422539 -3516087 -23300192 6693611 -8002137 -56 195 84066 22556498 8041852 -934 -9032166 -94739 -14971
94 -134722 -33473 -81 -13181973 -29209 -3313562 -8 -112 30 42570566 -84265 -51503754 -70 -2835841 14865704
22 -2460 -162429 1252643 -354 -7227 -142 84 -6 70261 -135039 1707556 -318 -84 176958 -5063
153 46 -245 -1744637 -48923 928 29156 -1241 -3168864 -2 585 8539223 1521 18524 47 -15145
-21 -351 -89 241 9768659 160 -2574 -121626 486316 234331 11946864 -4810721 -1583 33 2630035 -4293443
2390823 163607 5710 10074838 5317221 -85 -1 -3227133 3 62959 -160 -4929 186899 60166 -2092 -11165854
6 10783 -52 69294 129470 15170313 65 -1483 84 -994 -8 318 -14269 -29580 96881 166
-701947 -189 28 9 21 -10287 4234963 -2069476 27 -1894 -9642454 -19740 -20070 -13 -20319 -4087
