62 41 365
1 2 3 4 5 6 7 8 9 10 11 12 13 14 15 16 17 18 19 20 21 22 23 24 25 26 27 28 29 30 31 32 33 34 35 36 37 38 39 40 41
2 3 4 5 6 7 8 9 10 11 12 13 14 15 16 17 18 19 20 21 22 23 24 25 26 27 28 29 30 31 32 33 34 35 36 37 38 39 40 41 42
3 4 5 6 7 8 9 10 11 12 13 14 15 16 17 18 19 20 21 22 23 24 25 26 27 28 29 30 31 32 33 34 35 36 37 38 39 40 41 42 43
4 5 6 7 8 9 10 11 12 13 14 15 16 17 18 19 20 21 22 23 24 25 26 27 28 29 30 31 32 33 34 35 36 37 38 39 40 41 42 43 44
5 6 7 8 9 10 11 12 13 14 15 16 17 18 19 20 21 22 23 24 25 26 27 28 29 30 31 32 33 34 35 36 37 38 39 40 41 42 43 44 45
6 7 8 9 10 11 12 13 14 15 16 17 18 19 20 21 22 23 24 25 26 27 28 29 30 31 32 33 34 35 36 37 38 39 40 41 42 43 44 45 46
7 8 9 10 11 12 13 14 15 16 17 18 19 20 21 22 23 24 25 26 27 28 29 30 31 32 33 34 35 36 37 38 39 40 41 42 43 44 45 46 47
8 9 10 11 12 13 14 15 16 17 18 19 20 21 22 23 24 25 26 27 28 29 30 31 32 33 34 35 36 37 38 39 40 41 42 43 44 45 46 47 48
9 10 11 12 13 14 15 16 17 18 19 20 21 22 23 24 25 26 27 28 29 30 31 32 33 34 35 36 37 38 39 40 41 42 43 44 45 46 47 48 49
10 11 12 13 14 15 16 17 18 19 20 21 22 23 24 25 26 27 28 29 30 31 32 33 34 35 36 37 38 39 40 41 42 43 44 45 46 47 48 49 50
11 12 13 14 15 16 17 18 19 20 21 22 23 24 25 26 27 28 29 30 31 32 33 34 35 36 37 38 39 40 41 42 43 44 45 46 47 48 49 50 51
12 13 14 15 16 17 18 19 20 21 22 23 24 25 26 27 28 29 30 31 32 33 34 35 36 37 38 39 40 41 42 43 44 45 46 47 48 49 50 51 52
13 14 15 16 17 18 19 20 21 22 23 24 25 26 27 28 29 30 31 32 33 34 35 36 37 38 39 40 41 42 43 44 45 46 47 48 49 50 51 52 53
14 15 16 17 18 19 20 21 22 23 24 25 26 27 28 29 30 31 32 33 34 35 36 37 38 39 40 41 42 43 44 45 46 47 48 49 50 51 52 53 54
15 16 17 18 19 20 21 22 23 24 25 26 27 28 29 30 31 32 33 34 35 36 37 38 39 40 41 42 43 44 45 46 47 48 49 50 51 52 53 54 55
16 17 18 19 20 21 22 23 24 25 26 27 28 29 30 31 32 33 34 35 36 37 38 39 40 41 42 43 44 45 46 47 48 49 50 51 52 53 54 55 56
17 18 19 20 21 22 23 24 25 26 27 28 29 30 31 32 33 34 35 36 37 38 39 40 41 42 43 44 45 46 47 48 49 50 51 52 53 54 55 56 57
18 19 20 21 22 23 24 25 26 27 28 29 30 31 32 33 34 35 36 37 38 39 40 41 42 43 44 45 46 47 48 49 50 51 52 53 54 55 56 57 58
19 20 21 22 23 24 25 26 27 28 29 30 31 32 33 34 35 36 37 38 39 40 41 42 43 44 45 46 47 48 49 50 51 52 53 54 55 56 57 58 59
20 21 22 23 24 25 26 27 28 29 30 31 32 33 34 35 36 37 38 39 40 41 42 43 44 45 46 47 48 49 50 51 52 53 54 55 56 57 58 59 60
21 22 23 24 25 26 27 28 29 30 31 32 33 34 35 36 37 38 39 40 41 42 43 44 45 46 47 48 49 50 51 52 53 54 55 56 57 58 59 60 61
22 23 24 25 26 27 28 29 30 31 32 33 34 35 36 37 38 39 40 41 42 43 44 45 46 47 48 49 50 51 52 53 54 55 56 57 58 59 60 61 62
23 24 25 26 27 28 29 30 31 32 33 34 35 36 37 38 39 40 41 42 43 44 45 46 47 48 49 50 51 52 53 54 55 56 57 58 59 60 61 62 63
24 25 26 27 28 29 30 31 32 33 34 35 36 37 38 39 40 41 42 43 44 45 46 47 48 49 50 51 52 53 54 55 56 57 58 59 60 61 62 63 64
25 26 27 28 29 30 31 32 33 34 35 36 37 38 39 40 41 42 43 44 45 46 47 48 49 50 51 52 53 54 55 56 57 58 59 60 61 62 63 64 65
26 27 28 29 30 31 32 33 34 35 36 37 38 39 40 41 42 43 44 45 46 47 48 49 50 51 52 53 54 55 56 57 58 59 60 61 62 63 64 65 66
27 28 29 30 31 32 33 34 35 36 37 38 39 40 41 42 43 44 45 46 47 48 49 50 51 52 53 54 55 56 57 58 59 60 61 62 63 64 65 66 67
28 29 30 31 32 33 34 35 36 37 38 39 40 41 42 43 44 45 46 47 48 49 50 51 52 53 54 55 56 57 58 59 60 61 62 63 64 65 66 67 68
29 30 31 32 33 34 35 36 37 38 39 40 41 42 43 44 45 46 47 48 49 50 51 52 53 54 55 56 57 58 59 60 61 62 63 64 65 66 67 68 69
30 31 32 33 34 35 36 37 38 39 40 41 42 43 44 45 46 47 48 49 50 51 52 53 54 55 56 57 58 59 60 61 62 63 64 65 66 67 68 69 70
31 32 33 34 35 36 37 38 39 40 41 42 43 44 45 46 47 48 49 50 51 52 53 54 55 56 57 58 59 60 61 62 63 64 65 66 67 68 69 70 71
32 33 34 35 36 37 38 39 40 41 42 43 44 45 46 47 48 49 50 51 52 53 54 55 56 57 58 59 60 61 62 63 64 65 66 67 68 69 70 71 72
33 34 35 36 37 38 39 40 41 42 43 44 45 46 47 48 49 50 51 52 53 54 55 56 57 58 59 60 61 62 63 64 65 66 67 68 69 70 71 72 73
34 35 36 37 38 39 40 41 42 43 44 45 46 47 48 49 50 51 52 53 54 55 56 57 58 59 60 61 62 63 64 65 66 67 68 69 70 71 72 73 74
35 36 37 38 39 40 41 42 43 44 45 46 47 48 49 50 51 52 53 54 55 56 57 58 59 60 61 62 63 64 65 66 67 68 69 70 71 72 73 74 75
36 37 38 39 40 41 42 43 44 45 46 47 48 49 50 51 52 53 54 55 56 57 58 59 60 61 62 63 64 65 66 67 68 69 70 71 72 73 74 75 76
37 38 39 40 41 42 43 44 45 46 47 48 49 50 51 52 53 54 55 56 57 58 59 60 61 62 63 64 65 66 67 68 69 70 71 72 73 74 75 76 77
38 39 40 41 42 43 44 45 46 47 48 49 50 51 52 53 54 55 56 57 58 59 60 61 62 63 64 65 66 67 68 69 70 71 72 73 74 75 76 77 78
39 40 41 42 43 44 45 46 47 48 49 50 51 52 53 54 55 56 57 58 59 60 61 62 63 64 65 66 67 68 69 70 71 72 73 74 75 76 77 78 79
40 41 42 43 44 45 46 47 48 49 50 51 52 53 54 55 56 57 58 59 60 61 62 63 64 65 66 67 68 69 70 71 72 73 74 75 76 77 78 79 80
41 42 43 44 45 46 47 48 49 50 51 52 53 54 55 56 57 58 59 60 61 62 63 64 65 66 67 68 69 70 71 72 73 74 75 76 77 78 79 80 81
42 43 44 45 46 47 48 49 50 51 52 53 54 55 56 57 58 59 60 61 62 63 64 65 66 67 68 69 70 71 72 73 74 75 76 77 78 79 80 81 82
43 44 45 46 47 48 49 50 51 52 53 54 55 56 57 58 59 60 61 62 63 64 65 66 67 68 69 70 71 72 73 74 75 76 77 78 79 80 81 82 83
44 45 46 47 48 49 50 51 52 53 54 55 56 57 58 59 60 61 62 63 64 65 66 67 68 69 70 71 72 73 74 75 76 77 78 79 80 81 82 83 84
45 46 47 48 49 50 51 52 53 54 55 56 57 58 59 60 61 62 63 64 65 66 67 68 69 70 71 72 73 74 75 76 77 78 79 80 81 82 83 84 85
46 47 48 49 50 51 52 53 54 55 56 57 58 59 60 61 62 63 64 65 66 67 68 69 70 71 72 73 74 75 76 77 78 79 80 81 82 83 84 85 86
47 48 49 50 51 52 53 54 55 56 57 58 59 60 61 62 63 64 65 66 67 68 69 70 71 72 73 74 75 76 77 78 79 80 81 82 83 84 85 86 87
48 49 50 51 52 53 54 55 56 57 58 59 60 61 62 63 64 65 66 67 68 69 70 71 72 73 74 75 76 77 78 79 80 81 82 83 84 85 86 87 88
49 50 51 52 53 54 55 56 57 58 59 60 61 62 63 64 65 66 67 68 69 70 71 72 73 74 75 76 77 78 79 80 81 82 83 84 85 86 87 88 89
50 51 52 53 54 55 56 57 58 59 60 61 62 63 64 65 66 67 68 69 70 71 72 73 74 75 76 77 78 79 80 81 82 83 84 85 86 87 88 89 90
51 52 53 54 55 56 57 58 59 60 61 62 63 64 65 66 67 68 69 70 71 72 73 74 75 76 77 78 79 80 81 82 83 84 85 86 87 88 89 90 91
52 53 54 55 56 57 58 59 60 61 62 63 64 65 66 67 68 69 70 71 72 73 74 75 76 77 78 79 80 81 82 83 84 85 86 87 88 89 90 91 92
53 54 55 56 57 58 59 60 61 62 63 64 65 66 67 68 69 70 71 72 73 74 75 76 77 78 79 80 81 82 83 84 85 86 87 88 89 90 91 92 93
54 55 56 57 58 59 60 61 62 63 64 65 66 67 68 69 70 71 72 73 74 75 76 77 78 79 80 81 82 83 84 85 86 87 88 89 90 91 92 93 94
55 56 57 58 59 60 61 62 63 64 65 66 67 68 69 70 71 72 73 74 75 76 77 78 79 80 81 82 83 84 85 86 87 88 89 90 91 92 93 94 95
56 57 58 59 60 61 62 63 64 65 66 67 68 69 70 71 72 73 74 75 76 77 78 79 80 81 82 83 84 85 86 87 88 89 90 91 92 93 94 95 96
57 58 59 60 61 62 63 64 65 66 67 68 69 70 71 72 73 74 75 76 77 78 79 80 81 82 83 84 85 86 87 88 89 90 91 92 93 94 95 96 97
58 59 60 61 62 63 64 65 66 67 68 69 70 71 72 73 74 75 76 77 78 79 80 81 82 83 84 85 86 87 88 89 90 91 92 93 94 95 96 97 98
59 60 61 62 63 64 65 66 67 68 69 70 71 72 73 74 75 76 77 78 79 80 81 82 83 84 85 86 87 88 89 90 91 92 93 94 95 96 97 98 99
60 61 62 63 64 65 66 67 68 69 70 71 72 73 74 75 76 77 78 79 80 81 82 83 84 85 86 87 88 89 90 91 92 93 94 95 96 97 98 99 100
61 62 63 64 65 66 67 68 69 70 71 72 73 74 75 76 77 78 79 80 81 82 83 84 85 86 87 88 89 90 91 92 93 94 95 96 97 98 99 100 101
62 63 64 65 66 67 68 69 70 71 72 73 74 75 76 77 78 79 80 81 82 83 84 85 86 87 88 89 90 91 92 93 94 95 96 97 98 99 100 101 102
365 365 365 365 365 365 365 365 365 365 365 365 365 365 365 365 365 365 365 365 365 365 365 365 365 365 365 365 365 365 365 365 365 365 365 365 365 365 365 365 365
365 365 365 365 365 365 365 365 365 365 365 365 365 365 365 365 365 365 365 365 365 365 365 365 365 365 365 365 365 365 365 365 365 365 365 365 365 365 365 365 365
365 365 365 365 365 365 365 365 365 365 365 365 365 365 365 365 365 365 365 365 365 365 365 365 365 365 365 365 365 365 365 365 365 365 365 365 365 365 365 365 365
365 365 365 365 365 365 365 365 365 365 365 365 365 365 365 365 365 365 365 365 365 365 365 365 365 365 365 365 365 365 365 365 365 365 365 365 365 365 365 365 365
365 365 365 365 365 365 365 365 365 365 365 365 365 365 365 365 365 365 365 365 365 365 365 365 365 365 365 365 365 365 365 365 365 365 365 365 365 365 365 365 365
365 365 365 365 365 365 365 365 365 365 365 365 365 365 365 365 365 365 365 365 365 365 365 365 365 365 365 365 365 365 365 365 365 365 365 365 365 365 365 365 365
365 365 365 365 365 365 365 365 365 365 365 365 365 365 365 365 365 365 365 365 365 365 365 365 365 365 365 365 365 365 365 365 365 365 365 365 365 365 365 365 365
365 365 365 365 365 365 365 365 365 365 365 365 365 365 365 365 365 365 365 365 365 365 365 365 365 365 365 365 365 365 365 365 365 365 365 365 365 365 365 365 365
365 365 365 365 365 365 365 365 365 365 365 365 365 365 365 365 365 365 365 365 365 365 365 365 365 365 365 365 365 365 365 365 365 365 365 365 365 365 365 365 365
365 365 365 365 365 365 365 365 365 365 365 365 365 365 365 365 365 365 365 365 365 365 365 365 365 365 365 365 365 365 365 365 365 365 365 365 365 365 365 365 365
365 365 365 365 365 365 365 365 365 365 365 365 365 365 365 365 365 365 365 365 365 365 365 365 365 365 365 365 365 365 365 365 365 365 365 365 365 365 365 365 365
365 365 365 365 365 365 365 365 365 365 365 365 365 365 365 365 365 365 365 365 365 365 365 365 365 365 365 365 365 365 365 365 365 365 365 365 365 365 365 365 365
365 365 365 365 365 365 365 365 365 365 365 365 365 365 365 365 365 365 365 365 365 365 365 365 365 365 365 365 365 365 365 365 365 365 365 365 365 365 365 365 365
365 365 365 365 365 365 365 365 365 365 365 365 365 365 365 365 365 365 365 365 365 365 365 365 365 365 365 365 365 365 365 365 365 365 365 365 365 365 365 365 365
365 365 365 365 365 365 365 365 365 365 365 365 365 365 365 365 365 365 365 365 365 365 365 365 365 365 365 365 365 365 365 365 365 365 365 365 365 365 365 365 365
365 365 365 365 365 365 365 365 365 365 365 365 365 365 365 365 365 365 365 365 365 365 365 365 365 365 365 365 365 365 365 365 365 365 365 365 365 365 365 365 365
365 365 365 365 365 365 365 365 365 365 365 365 365 365 365 365 365 365 365 365 365 365 365 365 365 365 365 365 365 365 365 365 365 365 365 365 365 365 365 365 365
365 365 365 365 365 365 365 365 365 365 365 365 365 365 365 365 365 365 365 365 365 365 365 365 365 365 365 365 365 365 365 365 365 365 365 365 365 365 365 365 365
365 365 365 365 365 365 365 365 365 365 365 365 365 365 365 365 365 365 365 365 365 365 365 365 365 365 365 365 365 365 365 365 365 365 365 365 365 365 365 365 365
365 365 365 365 365 365 365 365 365 365 365 365 365 365 365 365 365 365 365 365 365 365 365 365 365 365 365 365 365 365 365 365 365 365 365 365 365 365 365 365 365
365 365 365 365 365 365 365 365 365 365 365 365 365 365 365 365 365 365 365 365 365 365 365 365 365 365 365 365 365 365 365 365 365 365 365 365 365 365 365 365 365
365 365 365 365 365 365 365 365 365 365 365 365 365 365 365 365 365 365 365 365 365 365 365 365 365 365 365 365 365 365 365 365 365 365 365 365 365 365 365 365 365
365 365 365 365 365 365 365 365 365 365 365 365 365 365 365 365 365 365 365 365 365 365 365 365 365 365 365 365 365 365 365 365 365 365 365 365 365 365 365 365 365
365 365 365 365 365 365 365 365 365 365 365 365 365 365 365 365 365 365 365 365 365 365 365 365 365 365 365 365 365 365 365 365 365 365 365 365 365 365 365 365 365
365 365 365 365 365 365 365 365 365 365 365 365 365 365 365 365 365 365 365 365 365 365 365 365 365 365 365 365 365 365 365 365 365 365 365 365 365 365 365 365 365
365 365 365 365 365 365 365 365 365 365 365 365 365 365 365 365 365 365 365 365 365 365 365 365 365 365 365 365 365 365 365 365 365 365 365 365 365 365 365 365 365
365 365 365 365 365 365 365 365 365 365 365 365 365 365 365 365 365 365 365 365 365 365 365 365 365 365 365 365 365 365 365 365 365 365 365 365 365 365 365 365 365
365 365 365 365 365 365 365 365 365 365 365 365 365 365 365 365 365 365 365 365 365 365 365 365 365 365 365 365 365 365 365 365 365 365 365 365 365 365 365 365 365
365 365 365 365 365 365 365 365 365 365 365 365 365 365 365 365 365 365 365 365 365 365 365 365 365 365 365 365 365 365 365 365 365 365 365 365 365 365 365 365 365
365 365 365 365 365 365 365 365 365 365 365 365 365 365 365 365 365 365 365 365 365 365 365 365 365 365 365 365 365 365 365 365 365 365 365 365 365 365 365 365 365
365 365 365 365 365 365 365 365 365 365 365 365 365 365 365 365 365 365 365 365 365 365 365 365 365 365 365 365 365 365 365 365 365 365 365 365 365 365 365 365 365
365 365 365 365 365 365 365 365 365 365 365 365 365 365 365 365 365 365 365 365 365 365 365 365 365 365 365 365 365 365 365 365 365 365 365 365 365 365 365 365 365
365 365 365 365 365 365 365 365 365 365 365 365 365 365 365 365 365 365 365 365 365 365 365 365 365 365 365 365 365 365 365 365 365 365 365 365 365 365 365 365 365
365 365 365 365 365 365 365 365 365 365 365 365 365 365 365 365 365 365 365 365 365 365 365 365 365 365 365 365 365 365 365 365 365 365 365 365 365 365 365 365 365
365 365 365 365 365 365 365 365 365 365 365 365 365 365 365 365 365 365 365 365 365 365 365 365 365 365 365 365 365 365 365 365 365 365 365 365 365 365 365 365 365
365 365 365 365 365 365 365 365 365 365 365 365 365 365 365 365 365 365 365 365 365 365 365 365 365 365 365 365 365 365 365 365 365 365 365 365 365 365 365 365 365
365 365 365 365 365 365 365 365 365 365 365 365 365 365 365 365 365 365 365 365 365 365 365 365 365 365 365 365 365 365 365 365 365 365 365 365 365 365 365 365 365
365 365 365 365 365 365 365 365 365 365 365 365 365 365 365 365 365 365 365 365 365 365 365 365 365 365 365 365 365 365 365 365 365 365 365 365 365 365 365 365 365
365 365 365 365 365 365 365 365 365 365 365 365 365 365 365 365 365 365 365 365 365 365 365 365 365 365 365 365 365 365 365 365 365 365 365 365 365 365 365 365 365
365 365 365 365 365 365 365 365 365 365 365 365 365 365 365 365 365 365 365 365 365 365 365 365 365 365 365 365 365 365 365 365 365 365 365 365 365 365 365 365 365
365 365 365 365 365 365 365 365 365 365 365 365 365 365 365 365 365 365 365 365 365 365 365 365 365 365 365 365 365 365 365 365 365 365 365 365 365 365 365 365 365
365 365 365 365 365 365 365 365 365 365 365 365 365 365 365 365 365 365 365 365 365 365 365 365 365 365 365 365 365 365 365 365 365 365 365 365 365 365 365 365 365
365 365 365 365 365 365 365 365 365 365 365 365 365 365 365 365 365 365 365 365 365 365 365 365 365 365 365 365 365 365 365 365 365 365 365 365 365 365 365 365 365
365 365 365 365 365 365 365 365 365 365 365 365 365 365 365 365 365 365 365 365 365 365 365 365 365 365 365 365 365 365 365 365 365 365 365 365 365 365 365 365 365
365 365 365 365 365 365 365 365 365 365 365 365 365 365 365 365 365 365 365 365 365 365 365 365 365 365 365 365 365 365 365 365 365 365 365 365 365 365 365 365 365
365 365 365 365 365 365 365 365 365 365 365 365 365 365 365 365 365 365 365 365 365 365 365 365 365 365 365 365 365 365 365 365 365 365 365 365 365 365 365 365 365
365 365 365 365 365 365 365 365 365 365 365 365 365 365 365 365 365 365 365 365 365 365 365 365 365 365 365 365 365 365 365 365 365 365 365 365 365 365 365 365 365
365 365 365 365 365 365 365 365 365 365 365 365 365 365 365 365 365 365 365 365 365 365 365 365 365 365 365 365 365 365 365 365 365 365 365 365 365 365 365 365 365
365 365 365 365 365 365 365 365 365 365 365 365 365 365 365 365 365 365 365 365 365 365 365 365 365 365 365 365 365 365 365 365 365 365 365 365 365 365 365 365 365
365 365 365 365 365 365 365 365 365 365 365 365 365 365 365 365 365 365 365 365 365 365 365 365 365 365 365 365 365 365 365 365 365 365 365 365 365 365 365 365 365
365 365 365 365 365 365 365 365 365 365 365 365 365 365 365 365 365 365 365 365 365 365 365 365 365 365 365 365 365 365 365 365 365 365 365 365 365 365 365 365 365
365 365 365 365 365 365 365 365 365 365 365 365 365 365 365 365 365 365 365 365 365 365 365 365 365 365 365 365 365 365 365 365 365 365 365 365 365 365 365 365 365
365 365 365 365 365 365 365 365 365 365 365 365 365 365 365 365 365 365 365 365 365 365 365 365 365 365 365 365 365 365 365 365 365 365 365 365 365 365 365 365 365
365 365 365 365 365 365 365 365 365 365 365 365 365 365 365 365 365 365 365 365 365 365 365 365 365 365 365 365 365 365 365 365 365 365 365 365 365 365 365 365 365
365 365 365 365 365 365 365 365 365 365 365 365 365 365 365 365 365 365 365 365 365 365 365 365 365 365 365 365 365 365 365 365 365 365 365 365 365 365 365 365 365
365 365 365 365 365 365 365 365 365 365 365 365 365 365 365 365 365 365 365 365 365 365 365 365 365 365 365 365 365 365 365 365 365 365 365 365 365 365 365 365 365
365 365 365 365 365 365 365 365 365 365 365 365 365 365 365 365 365 365 365 365 365 365 365 365 365 365 365 365 365 365 365 365 365 365 365 365 365 365 365 365 365
365 365 365 365 365 365 365 365 365 365 365 365 365 365 365 365 365 365 365 365 365 365 365 365 365 365 365 365 365 365 365 365 365 365 365 365 365 365 365 365 365
365 365 365 365 365 365 365 365 365 365 365 365 365 365 365 365 365 365 365 365 365 365 365 365 365 365 365 365 365 365 365 365 365 365 365 365 365 365 365 365 365
365 365 365 365 365 365 365 365 365 365 365 365 365 365 365 365 365 365 365 365 365 365 365 365 365 365 365 365 365 365 365 365 365 365 365 365 365 365 365 365 365
365 365 365 365 365 365 365 365 365 365 365 365 365 365 365 365 365 365 365 365 365 365 365 365 365 365 365 365 365 365 365 365 365 365 365 365 365 365 365 365 365
365 365 365 365 365 365 365 365 365 365 365 365 365 365 365 365 365 365 365 365 365 365 365 365 365 365 365 365 365 365 365 365 365 365 365 365 365 365 365 365 365
11825 7578 18051 11592 16295 13044 7809 32111 26134 7483 24618 27442 26573 3412 11620 13109 26611 20122 17838 29259 15899 4131 14931 22750 27672 21316 13027 11666 9747 9047 21987 25381 8411 31419 10692 17818 6779 31005 530 662 20754
20214 19694 4362 23519 597 21694 15378 6812 28895 18979 21789 12045 13076 10796 20815 13528 17620 21705 22051 11159 5921 26498 31061 18220 28454 12392 14335 6740 13944 19788 26882 20352 8349 19248 11943 25568 18891 23035 11142 6336 13041
26737 32423 3863 16124 15457 19176 16733 5459 23328 19870 20382 3491 22071 18559 20941 2274 20569 17088 9306 23438 20120 25978 25350 11574 10712 30546 1527 28988 13443 15193 21767 23769 26750 14129 9570 32353 12636 9330 5456 22985 9938
4427 14927 11878 19307 29805 30053 18935 9085 14372 25012 3302 14428 199 4431 971 23501 12883 3148 14898 16318 31059 17947 10910 13876 23299 32022 28622 11652 4276 14424 6974 15558 12914 22483 21745 21639 29925 27293 10350 26558 32373
16267 8969 8449 6065 25601 10083 30713 15090 1288 6708 15124 18235 26273 19528 24953 23140 25946 17864 14657 5752 13854 22203 17892 22107 22609 4300 25329 5552 28189 3662 32515 4089 28422 10877 752 23296 26821 3847 14659 119 16979
15051 18925 23259 13636 26080 7735 14750 29014 26329 16635 4228 7754 32071 3860 13902 12274 9600 19475 30358 16524 22943 28467 31482 25934 25548 15504 20348 12610 9662 32403 1577 23124 31101 29617 15865 13482 3949 17493 4343 30771 28040
5402 11681 1155 29675 2366 8082 5854 2708 18772 2910 9874 23658 25144 25022 23434 17277 4168 19949 21281 19088 19153 25425 10036 26581 9160 20062 27515 21751 20411 3256 5401 10333 27142 28823 113 5038 18762 29552 2364 27536 30747
7122 26840 23734 9721 31374 20195 29209 9346 794 26633 20613 17637 17207 18202 19288 10650 15826 25696 13959 24657 27944 10031 6625 22568 12334 11709 10648 2080 10032 18228 10237 22994 17336 21510 5259 11358 4017 129 19495 933 28620
3491 32422 14264 25891 7215 7568 14479 4637 11776 10275 14847 1681 20894 30875 23526 5934 11279 30385 8873 17434 21744 21346 21472 29401 14532 12785 2895 32625 30091 25135 7193 26827 26007 4090 4656 7261 19611 3076 26640 9478 23301
4566 17581 16697 31629 12052 21929 9310 7950 12290 6603 26485 31381 13639 12205 27901 27576 22257 31924 15380 30506 30906 16453 5855 5516 13193 26422 20524 17029 30780 13187 9302 532 20389 3139 6505 20517 23506 2522 10887 11875 32402
4719 17035 17486 18740 6817 18923 17805 6546 24181 19427 4741 2127 9875 30416 18218 3164 28083 31706 11285 30657 31314 4565 15832 12698 16553 8041 16014 20831 8415 20593 1462 32617 21886 6818 577 16050 9764 30061 8937 989 12923
18726 6341 15734 26986 22885 10266 12666 141 11949 31605 21530 32739 17227 11510 31676 13767 30593 31215 5699 10018 4324 21678 17296 20446 18691 18582 31048 18334 12105 25717 5080 7852 25125 7953 30903 1842 25447 27140 11755 7854 3054
26314 2767 27552 25216 29209 26131 25477 23033 31088 25860 3337 15016 20211 20494 4729 15094 28534 4223 22647 2888 28376 15245 27889 22823 32402 20123 25172 3487 17039 184 27388 19172 26687 19817 18672 27964 13287 7336 26060 4888 30779
11308 9982 28804 11310 7659 21045 29122 4873 20446 5655 28978 10938 24836 2867 1142 21615 1961 16694 9426 27492 7400 11361 14041 15865 367 1850 13638 7432 16258 31874 808 30069 3651 11624 10562 10247 6704 26620 689 4982 14061
8678 7375 1221 24132 2904 20056 465 8298 20033 18891 8747 27011 19908 12051 27171 16489 31208 24679 23589 25257 2961 7791 13385 25039 15535 12200 549 9700 20661 5897 5350 31028 333 7655 28063 341 9033 13590 11232 18788 6109
29009 10379 16786 24076 9947 13027 22495 22625 26727 9190 3622 6879 27958 15325 12634 21818 8831 32305 5647 11592 27667 32640 32316 7602 22593 23024 3135 11503 19191 15299 26401 4211 25643 17452 29724 4131 9593 8801 18778 15885 6926
10994 15872 22102 3012 22361 15211 23411 29838 25554 13241 17052 21271 32621 24972 17534 934 16993 13578 9777 13893 24227 4649 3689 16162 16055 17449 15088 17973 1735 19042 10836 6691 11250 25151 3549 10851 5606 29323 6081 27807 32433
15339 31131 12637 1236 29356 10010 11230 9113 9663 12534 12614 1447 5890 19497 29438 26068 26818 22875 14423 29242 17533 158 23408 25997 24300 13659 3417 19116 32064 13964 9592 7797 24493 24364 44 17374 13605 23276 12465 32321 31846
4904 2628 26104 30262 26649 17543 2858 3309 2636 16166 15076 21813 2131 10427 6764 3086 25786 3311 3282 13845 18493 3554 5831 17413 9271 19662 13490 24702 22878 17895 22273 19205 13998 9093 30909 25677 25763 19588 1122 20404 4267
12779 31469 19985 27867 8141 4406 13741 22497 5485 14208 11151 16698 26789 16207 509 7589 14473 4986 24639 32727 29511 13952 6054 10608 29522 31519 18893 10286 30655 11043 17439 21344 31727 4221 13465 15774 12910 5268 7121 28344 10011
27104 8248 31212 19593 29620 9884 17500 30886 24667 21489 4031 5274 10599 23632 7510 1010 28230 17216 32033 1790 23830 28981 23892 7287 7610 16982 28165 9829 29486 29315 11559 22080 1815 2711 11963 9302 5023 13034 13637 22124 24447
3867 11901 22952 16477 1804 26696 29615 5977 8493 4582 3850 31715 20990 23917 9934 2255 25807 21878 5500 32683 25034 15126 19238 13904 5428 16 11987 695 7152 12616 12069 6414 6469 25979 17977 4107 31201 1070 29903 32641 26653
30948 30891 27953 21890 9876 16955 31714 15756 12122 28025 4276 1455 25709 16915 25265 7832 29265 32457 10405 19125 7502 29719 22831 11767 8736 12821 12569 2775 3824 19867 29669 20631 10371 168 6824 24266 12210 10757 25884 8726 6938
28709 240 28217 6420 2896 15202 14666 28136 31489 28944 7233 573 10892 12299 15546 13780 18691 16430 1014 19062 22619 1454 18211 31531 14283 29169 17629 5037 11637 30372 7156 7196 13128 12040 8048 27891 2853 13196 11218 16187 24128
19361 24989 3327 27594 29130 26901 22015 2765 24050 9031 7336 855 2563 27721 12100 730 25780 21187 4463 12243 9891 26798 6602 8362 32163 4444 6131 14809 599 28857 5812 14161 11264 24528 3706 25881 13971 2705 7177 19257 12047
6865 3951 20694 6669 5266 26422 6814 26776 18309 3038 10343 12096 31181 24459 30226 21354 12294 30202 9142 8938 13958 2233 26875 2516 20450 31640 22467 23182 11444 1371 12816 23594 4252 20657 22306 4851 18565 10602 3039 30534 22058
2532 8824 3748 29912 7366 17738 6916 23413 1777 26882 21614 24513 3508 10757 24773 24284 27967 6415 32229 3849 29531 15129 4590 7857 12888 16513 5598 17579 24646 14181 3686 9658 13928 15695 1782 13143 25829 29720 17179 26545 28353
15878 6666 755 524 1336 12413 11717 8281 4676 1213 9493 11122 13854 256 21271 10826 19260 2038 31114 23091 20983 12191 20798 24657 11317 7775 17107 12111 15429 15956 7363 30032 27402 15079 27299 9769 22876 31905 20901 30157 16555
5953 5730 22280 18149 24075 12246 21105 18842 4706 2988 18842 25695 24729 26556 31369 13936 7943 25811 22380 11161 857 14002 1672 19542 16940 5465 7795 22841 19676 21381 29315 13708 8598 15991 902 25912 25013 10999 26803 8677 8779
21401 17633 19299 11005 27711 7159 14152 5909 3807 7332 9179 3282 25990 12880 21041 32514 13725 29522 2966 11475 12396 16227 5679 21479 11484 8786 23773 18598 11905 20218 20067 26840 24023 18034 14284 7283 21964 32643 7687 22705 27263
8799 23253 22886 19784 11407 229 1169 12792 4398 19260 11313 22882 10581 7131 8794 9498 2262 19868 21383 6268 2861 23902 23346 27376 11443 11873 18082 3949 1045 28147 31237 21820 28677 23117 27582 1535 19759 28856 10752 9457 18543
18164 24220 13167 8513 5081 17687 7864 28793 11071 18176 15089 18228 28956 12928 28524 14862 2028 16179 30761 11413 15958 21814 24733 28926 12 19074 7091 4119 19955 2680 23825 19837 388 23484 6044 15375 24434 14407 17726 30370 15756
27576 23527 20727 16358 27627 5073 5354 28979 8141 25353 8171 14966 2159 21035 29874 32218 89 3692 5423 22749 1312 23774 14528 20916 16187 21232 12967 29675 15378 30772 7355 8269 3672 13670 6749 5123 18587 13481 18350 27392 1561
5907 10496 8604 30166 9068 11914 22910 7147 21043 8287 26048 15649 23266 1697 25166 10430 9844 25073 23183 21663 19235 18475 17224 32647 30070 14672 19389 19895 25211 16580 18969 5055 20305 14010 18191 17299 490 13804 27842 12257 20239
6543 23778 6562 16805 6022 12824 15344 18222 19158 12453 18967 1427 16986 27206 5102 15904 26552 22874 17512 25040 21139 14150 28262 15051 23554 4633 23503 20269 1601 25964 21219 24841 3239 14989 17868 12206 12248 5084 8310 24104 4668
10100 10401 8970 14512 11534 9269 9579 891 17187 14805 11055 13187 12113 16310 31880 20417 32256 27826 8379 32498 17733 8088 22568 10639 3847 12487 30597 30720 11872 507 2154 269 1093 16486 21266 15509 30570 3331 13664 3714 9056
32551 27424 32252 768 13657 11152 27869 6669 26723 16414 25445 25109 13481 30836 17456 32408 3514 8114 31844 31853 4133 22266 1071 8288 9614 31026 17265 2336 12032 27653 11957 10329 10629 555 12390 22301 244 21227 12864 2440 1291
10974 23300 26020 13501 31221 21616 16778 21453 25277 11630 19658 32412 20194 11404 26893 12352 11507 9900 30201 28373 15204 11772 5205 4632 1241 11561 9326 22578 29090 17104 953 15569 4737 28982 19897 18045 2228 30264 9251 15914 12079
24453 16961 1289 26922 12042 24468 31908 14811 9134 9661 13610 2437 31296 15774 22023 15281 15021 14268 29880 31419 25975 21479 19934 23697 5474 27678 5265 17592 26993 1709 19446 10128 19216 21400 24340 4824 25747 6460 27363 8052 23519
21556 28326 12398 9575 3706 22139 9020 859 12750 5169 21825 1307 22876 14937 8854 6898 26265 19872 16905 4609 23918 16476 8806 3193 19352 19556 11510 18958 16207 7973 4422 21672 4389 3058 32297 25947 1330 14492 27648 5529 1902
30787 23609 12454 1886 18539 12822 14669 14067 9298 2224 30674 12463 8834 10811 9255 18697 4258 3211 98 3859 401 30423 30575 16474 438 13502 5122 13325 26001 31367 25552 354 26262 24237 6911 25910 572 3227 3035 10996 20305
5300 18122 7351 15760 32150 30338 16051 29557 31392 19577 22993 15952 27570 4509 6553 18585 2611 12102 16725 2691 26457 17513 15475 10451 8100 6926 3628 13811 26540 4612 25699 2370 22045 20179 20944 8367 3840 19442 29533 16518 13372
5946 1232 17801 16220 21659 10411 23875 10386 22798 26448 6297 32508 29130 10601 3234 22055 11195 12679 30137 11474 12080 22793 4304 12532 980 5184 7943 1280 20703 465 18301 27239 28045 2394 19301 30046 21968 19800 16477 11747 22337
29768 17660 16890 2653 3340 25514 11581 27630 4753 6069 31123 10951 21167 10401 32064 32180 15440 20415 14878 5553 22741 23553 16937 90 29877 18444 17729 3747 15207 30351 11308 5065 19075 2259 25819 4233 36 916 17390 7823 2192
13840 8058 12337 28443 5981 1801 30813 13896 3583 15586 3792 15154 21946 21643 9353 26666 30629 6797 23678 31394 2176 10615 7309 24650 8519 20517 27317 28536 17927 11586 10886 32461 12017 9228 20182 8214 10157 3671 21430 624 30961
20437 5285 16304 4177 11924 21251 6401 23129 5320 200 26319 729 8139 9077 16356 3968 8290 25419 7121 2220 28738 6843 29840 9345 16595 31263 11111 10297 18227 5031 13583 29626 27006 25494 20758 27502 20813 10414 20610 13391 1916
8424 12215 30273 32049 32361 1947 6309 9753 10418 6647 11563 2037 7703 32033 31975 25430 2418 10968 27560 22948 24600 30319 9605 13413 7180 11822 19128 12732 26227 27637 3504 31280 17992 22818 30561 9135 10065 27061 17887 26067 19794
21170 6443 25444 1920 16327 25164 11549 14392 3119 18594 25011 1265 726 31096 3859 17008 27070 5592 14571 28987 23713 12963 10349 24143 15064 7905 26960 15381 11387 25685 6167 18323 714 13908 26005 19935 30667 17112 29617 9690 4405
6609 28519 29210 10893 7867 3087 16168 27279 14453 17378 20972 10191 13137 442 14949 160 2408 6169 32414 10805 1328 10605 29149 15110 29264 26002 3101 29813 20658 16537 21950 20402 15834 1736 15228 20956 2167 29153 24222 27497 8760
9128 13679 26311 25569 10655 4082 10819 22430 28180 21714 20779 32151 14941 2712 24623 16068 11875 288 6413 515 20829 12110 12654 5992 8158 6397 28938 28116 15122 20792 31507 18121 7492 27821 18129 23676 30628 30814 2954 11820 7496
18586 9124 26291 8048 13356 11021 4443 32526 4050 23771 4338 6022 32241 29744 3361 9906 26246 5217 18937 5673 11104 31831 7631 27073 27789 2357 31050 30546 28946 19514 13754 19389 2015 14314 7595 24877 29953 10344 25531 2717 16154
19239 31656 14491 28942 10689 2477 31563 9216 23591 23567 26030 25981 9723 8947 13860 19958 826 23154 26672 23412 26654 6895 4988 25735 14403 17320 15389 14207 14600 13196 30743 14815 824 1101 3620 7183 14314 31669 29105 30033 31909
10045 16426 23542 712 21980 9079 19922 7721 25629 15815 31981 12029 3700 652 21627 25336 15826 8390 18959 4533 631 25221 20235 14423 12552 9641 30299 22641 21985 20973 8803 15907 29356 28708 20277 29062 14898 18114 19720 22346 15986
8093 32486 17566 17648 6901 29092 2640 13648 13234 24343 15158 22051 22766 29061 12748 19457 16563 23386 6430 3800 22534 5916 31977 18819 29732 25505 9469 22431 10507 20608 16357 21914 26940 28357 8394 30476 21184 31209 5269 5963 19817
3329 4692 14394 24154 14389 19167 25441 21705 2676 23483 8515 13316 25446 10558 31467 32434 8610 9204 14793 18268 290 32066 22972 10796 15859 3913 24944 5108 20273 31757 5354 31345 20019 18391 13921 27090 24067 29400 18768 2932 10001
22030 3017 2544 15144 18284 6668 30295 30112 18741 28760 4796 11222 18601 16129 9715 16857 12259 17603 15513 30566 20226 9046 31572 279 24711 25154 26204 16855 11518 5109 16955 14489 4577 20755 29137 30282 28601 32269 30106 12291 17286
3829 28724 16772 28513 15761 21531 13278 30304 26030 7864 7279 12218 31670 17562 26643 13611 20869 13059 26265 4250 7545 2726 10868 27898 30664 30639 4275 20078 16919 19204 1332 5552 11592 14538 22292 21171 20883 24620 12649 10887 3288
87 3124 21630 6963 32457 10641 29325 7634 8908 29489 18676 1027 10813 19466 6433 2705 7058 10829 9170 17745 31004 3481 5755 26360 14728 9582 26599 15151 10668 15332 26657 1770 7041 14493 1941 17141 1643 20472 6515 25807 31937
12935 5460 10684 6793 20676 7200 6166 20867 1791 17455 10980 13930 17819 28846 23470 13174 2426 14405 32399 17445 14518 7926 9355 7739 14226 10057 30755 27655 18864 32422 18471 31721 4996 18690 13516 2321 20488 20414 13054 393 3761
6091 23031 28022 3490 8979 12049 23451 1057 24852 25560 30494 28999 4814 14948 10895 17147 9696 998 29734 26913 19182 28032 20300 10510 19269 3930 22365 17727 25026 29170 1965 19787 6896 32179 15561 10775 112 2250 23295 14921 5022
30517 15904 4863 23409 8476 22148 14528 2467 29541 5967 25779 31506 32387 6643 10766 5991 26510 6902 4050 21493 28569 13302 29366 24036 1344 30442 17248 12174 5248 20138 29915 5417 2252 18610 12102 25767 13660 11298 6857 27866 6089
522 22222 24540 10455 29413 29037 15534 12177 7523 29479 31775 19100 19052 21208 1263 9157 8801 26087 11061 476 18341 8384 16126 11461 31324 15236 28215 22476 10610 3838 32205 1593 5343 15834 7698 7716 25898 32273 24163 7563 23596
