12 13
17 0 17 6 13 16 -8 -10 -10 -10 -9 2 14
3 8 8 5 6 10 5 15 -4 17 3 8 4
14 20 9 -7 6 -3 -3 14 15 3 9 -4 13
-10 0 10 17 5 4 -7 -7 4 12 0 -4 0
-1 -1 15 -4 4 10 -3 -5 -8 -4 -7 18 0
-7 -10 -1 8 18 -10 7 -7 0 9 13 5 5
7 -9 15 3 6 -5 7 -7 16 -8 0 3 -4
7 -10 19 4 14 12 -2 -1 17 1 20 -8 7
-1 11 6 0 -6 7 -3 -5 -6 -3 -2 4 14
-3 -8 0 6 0 -6 0 7 5 5 16 -5 -5
-4 -10 2 12 -2 -1 -8 7 10 11 -3 12 11
-10 0 13 1 -9 18 18 9 2 5 20 -8 16
1 1 0 0 0 1 1 0 1 1 0 0 1
1 0 0 0 0 1 1 0 1 1 0 1 0
1 1 0 1 1 1 0 1 1 0 1 0 1
0 0 0 0 0 1 0 1 0 1 0 0 0
0 1 1 1 1 0 0 1 0 0 1 0 0
0 0 0 1 1 0 1 0 1 0 0 1 0
0 1 0 1 0 0 1 0 1 0 0 1 0
0 0 0 1 0 0 0 0 0 0 1 0 1
0 0 0 0 0 1 0 0 1 1 0 1 0
0 0 1 1 0 1 0 0 0 0 1 0 1
1 1 1 1 1 1 0 0 1 1 0 1 0
1 1 1 1 1 0 1 0 0 1 1 1 0
