12 11
10 17 -8 -3 -8 -3 2 3 -10 11 -9
-7 2 15 9 8 13 9 1 16 6 14
11 17 3 14 17 9 1 20 8 0 2
-7 -2 2 0 11 1 -1 19 16 0 -10
-2 9 -9 0 17 5 0 8 16 8 18
10 18 -8 15 12 5 11 12 -7 -3 -8
-4 12 8 -5 -10 20 1 -3 -6 -8 16
6 12 -4 -4 -6 -10 -7 5 13 -3 4
4 15 15 -4 18 -1 -4 6 -10 17 -1
6 -10 17 5 3 9 3 14 1 8 18
-3 -3 6 8 17 7 5 -10 14 -1 10
-9 -8 -2 -8 5 12 13 3 19 9 12
1 0 0 0 0 0 1 1 0 1 0
1 0 1 0 1 0 0 1 1 0 0
1 1 0 1 1 1 0 1 0 0 1
0 0 1 0 0 1 0 1 1 1 0
0 1 0 1 0 0 1 0 0 0 1
0 0 1 0 0 0 1 0 0 1 1
1 1 0 1 0 0 0 0 1 1 1
0 0 1 0 0 1 0 1 0 0 0
1 0 1 0 1 0 1 1 0 1 1
0 1 1 1 0 0 1 0 1 0 0
1 1 0 0 0 1 1 1 1 1 1
1 0 0 1 0 0 1 0 1 0 1
