13 15
142 -13 -12 -3 87 149 -15 200 74 81 185 60 191 190 99
148 -41 185 -14 57 -28 195 132 172 30 145 98 152 28 57
44 71 91 39 142 146 -43 29 26 38 148 191 142 180 -49
-20 65 11 49 -38 117 50 -10 101 164 115 -29 64 3 159
114 151 -7 26 166 195 112 183 -1 -12 36 14 190 -14 17
5 -11 134 136 62 140 -30 122 116 14 146 168 55 177 191
-8 -11 -15 180 46 23 61 129 -15 -3 44 134 139 70 -41
52 -3 67 50 37 56 147 87 80 81 164 144 139 96 73
186 103 174 50 57 132 15 127 35 128 115 2 -39 134 60
74 12 49 -8 75 53 126 109 -13 39 -22 -38 52 102 169
117 163 27 155 91 187 126 116 96 -49 180 115 148 103 109
29 48 180 144 -28 109 28 175 0 -35 100 5 165 -8 45
42 63 72 136 72 114 -35 68 24 -12 39 75 -22 187 100
1 0 0 1 0 1 1 1 0 1 0 0 1 1 1
1 0 1 0 1 0 1 1 0 1 1 0 1 0 0
0 1 0 1 0 1 0 0 1 0 0 0 1 1 0
0 1 1 0 1 0 1 0 0 0 1 0 1 0 1
1 1 0 1 0 1 0 1 1 0 0 1 0 0 0
1 1 1 0 1 0 1 0 1 1 0 0 1 1 1
1 0 0 1 0 0 0 0 0 0 0 1 0 0 1
1 1 1 1 1 0 0 0 1 0 1 1 1 1 0
0 1 1 1 0 1 1 0 0 0 1 0 0 0 1
0 1 0 1 1 1 1 0 1 0 0 0 0 1 1
0 1 1 0 0 1 1 1 1 1 1 1 1 0 0
0 1 0 0 1 0 0 1 0 1 1 1 0 1 0
1 1 0 1 1 1 0 1 0 1 1 0 0 1 0
