12 8
-32348 810819 -989370 900550 -112975 -344726 -536627 335024
265101 -410313 937245 -881070 -984531 -38935 -395772 733311
195121 -642255 601002 -244145 -544546 608642 282611 -198893
77417 782499 -989203 850139 -905902 60465 290300 892068
368981 -188844 -107550 -21939 -515075 -817773 41417 -696225
-474098 837991 736336 916252 544104 -237781 -320178 359470
144070 -511422 -148309 356454 -83757 -73627 -430171 -123888
-735223 192410 -900771 -603833 949200 -907767 896943 623882
-968611 923693 327007 494735 283024 350997 73840 255340
-85253 26157 -611867 194399 216613 -357661 348296 276454
461669 108399 -754959 691292 807264 -796033 797912 744923
-722541 142135 -891531 810314 322483 911180 691392 914282
0 1 1 0 0 1 0 1
0 0 1 0 0 0 0 0
1 1 0 1 0 1 1 1
1 0 1 1 0 1 0 1
1 1 0 1 1 1 1 0
1 1 1 0 0 0 1 1
0 0 0 0 1 0 1 0
0 0 1 0 1 0 1 1
1 1 1 0 0 0 1 0
1 1 0 1 0 1 0 1
0 0 0 1 1 0 1 0
0 1 0 0 1 1 0 1
