13 12
-398902 -745349 -900072 429933 -272780 -779112 699752 914043 -842894 581172 -550335 -905853
-362839 -454092 139584 -251896 337442 560287 478914 -26294 536027 -615286 -33592 366776
558126 -498474 986058 527486 801034 -583982 -335709 -180164 -453568 537848 -931748 -317004
277997 384240 -316920 145781 -977703 -758122 -755237 -524896 -838316 -422323 694563 -812122
-561586 -418934 120109 -799025 -759253 956488 -422642 61270 31744 63294 -375083 64983
39575 -734257 -312434 -684253 -762701 -980126 -830892 -646636 298880 769551 453481 -145419
-119642 933566 -354258 442908 28720 454949 -506152 -893062 914936 -61082 676819 -272919
-187921 -849003 -942016 -728578 -648449 -997586 675817 834839 -125798 -650150 825563 231869
-226371 416189 81121 -120113 -51336 378759 -46969 697905 -714416 -118135 -75849 -670270
13642 -909981 -965623 -131974 -231528 954738 -732043 -929023 179676 429204 702916 -943441
460695 264044 -219717 -194349 -432973 310804 -95960 -55569 74005 213256 96720 -925176
-497474 -455089 -485762 -244997 -111438 -889330 87603 -858317 -250109 866727 -386749 167802
-488367 -216012 750495 670142 369255 247575 940359 -460295 843756 578275 914325 -165302
0 0 1 0 1 1 1 0 0 1 1 0
1 1 0 1 0 1 1 0 1 0 0 1
0 0 1 1 0 0 1 0 0 0 0 1
1 0 0 1 1 1 0 1 1 1 0 0
0 1 1 0 0 0 1 1 1 0 1 0
0 0 0 1 0 0 0 1 1 1 1 1
0 1 1 0 1 1 1 0 0 1 0 0
0 0 0 1 0 1 0 0 1 0 1 0
0 0 0 0 1 1 1 1 0 1 0 1
1 0 0 1 0 1 0 1 1 0 1 1
0 0 1 1 1 0 0 1 0 1 0 1
0 1 1 0 0 1 0 1 1 0 1 0
1 1 1 0 1 0 0 1 0 1 0 0
