29 20
17 11 -6 8 -3 14 0 -6 9 2 19 20 13 0 11 -10 13 -8 -7 -4
15 -1 7 -4 4 15 10 14 15 -3 4 -1 -7 -10 8 -10 -9 -10 -2 17
-9 -9 10 -5 -10 2 13 14 19 19 1 2 12 -3 17 -10 -2 4 6 9
9 -4 8 10 -10 19 20 15 12 17 18 -9 -10 15 -2 -7 -7 -7 6 15
-8 7 -6 -4 -7 1 13 1 -6 -4 -5 -9 12 15 -3 2 16 -2 16 -2
11 15 5 7 5 0 13 -4 -6 14 0 13 1 4 18 19 3 -2 0 -5
19 20 -6 -7 1 3 8 -1 -7 19 20 13 18 19 -5 18 5 16 1 15
14 -9 2 13 12 -6 11 -1 4 10 1 3 8 10 7 5 -2 -10 -6 7
13 -9 -6 -1 -4 3 4 1 0 20 10 15 6 2 2 -2 17 2 11 9
6 3 6 4 -9 -3 15 8 -10 16 6 -9 4 9 8 -3 1 -5 8 3
-1 14 12 -1 -5 6 9 15 15 11 20 -4 8 20 4 -5 16 2 15 17
-1 17 2 10 17 -8 -4 12 12 5 10 7 1 2 -1 0 17 17 1 10
16 17 -2 4 6 19 17 3 -9 3 -10 11 -10 19 6 12 -6 18 -8 18
12 2 11 16 -4 -9 -8 0 4 2 11 10 6 17 9 14 14 3 -4 7
-6 1 20 0 0 -3 2 -2 0 -4 -7 5 3 12 1 -9 -1 4 -10 6
1 -1 16 3 -1 7 1 5 14 6 20 15 13 15 2 19 7 5 -6 13
3 -7 14 7 -4 9 13 13 -6 6 1 -4 14 0 -2 12 18 0 4 2
0 -4 -1 15 5 16 9 -8 8 6 10 17 1 10 -2 2 8 16 16 9
10 7 -3 -7 4 4 -6 -8 16 15 16 7 3 19 2 0 14 17 -2 18
18 18 1 -5 3 3 -1 -10 6 -8 20 11 4 19 1 10 6 0 11 -1
3 5 -6 4 -10 -4 10 9 -4 0 9 7 -2 15 -9 18 12 8 3 2
17 8 17 7 2 2 14 -3 20 -3 4 0 13 4 0 4 -3 -1 12 12
12 14 0 20 -7 16 7 -10 -8 16 18 -1 -8 18 6 3 16 11 16 0
10 -6 10 17 15 -8 0 8 19 9 -7 19 -2 17 15 -5 -5 7 14 4
11 17 -5 13 6 2 12 13 17 4 -6 6 13 19 7 -5 13 13 -2 -10
0 8 -2 20 17 -3 17 2 16 20 16 19 12 9 19 -4 18 9 8 -1
16 8 -9 9 7 -6 17 14 10 -6 -4 -3 6 -6 9 1 13 20 18 -3
6 7 -3 9 -7 -9 -4 -4 3 3 4 4 1 14 9 11 17 -8 -6 -5
1 3 -1 6 10 10 1 4 11 2 10 -8 12 -8 -7 -10 -9 9 12 13
1 1 0 0 0 0 1 1 1 1 1 1 0 1 1 0 0 1 1 0
0 1 1 0 0 1 1 1 1 1 0 1 0 1 1 0 1 0 0 1
0 0 1 1 1 1 0 0 0 0 1 1 1 0 1 1 0 1 1 0
0 1 0 1 0 0 0 1 0 1 0 1 0 1 0 0 0 0 1 1
0 0 0 0 0 1 1 0 0 0 1 0 1 0 1 1 1 1 1 1
1 0 1 0 0 1 0 0 1 1 0 1 1 1 1 1 0 0 1 1
1 0 0 0 1 0 0 1 0 0 1 1 0 0 1 0 0 1 0 0
0 0 0 1 1 1 0 1 1 0 1 0 1 0 0 0 1 1 0 1
1 0 0 1 0 0 1 1 0 0 1 0 0 0 1 1 1 0 1 0
0 1 0 0 1 0 0 0 0 1 0 1 1 0 1 1 0 1 0 0
0 1 1 1 0 1 1 0 1 1 1 0 1 0 0 0 0 0 1 0
1 1 0 0 1 0 1 0 1 1 0 0 0 0 0 1 1 0 0 1
1 0 0 0 0 0 1 0 0 0 0 0 0 0 0 1 0 1 0 0
1 0 0 0 1 1 1 1 1 1 0 0 0 1 0 1 1 0 1 1
1 0 1 0 0 0 0 1 1 1 0 0 0 1 1 1 0 0 0 0
0 0 1 1 1 0 1 1 1 0 1 0 1 1 1 0 0 1 1 1
0 1 0 1 0 0 0 1 0 1 1 1 0 0 1 1 1 1 0 0
0 0 1 1 1 0 0 1 1 1 0 0 1 0 0 0 1 0 1 1
0 0 0 1 0 0 1 0 0 0 0 0 0 1 0 1 0 1 0 0
1 0 0 0 1 1 0 0 1 1 0 0 1 0 0 0 1 0 0 0
1 1 1 1 1 1 1 0 1 1 0 1 1 0 1 0 0 1 0 1
1 0 0 0 1 1 1 0 1 1 0 1 0 0 1 0 0 0 1 1
0 0 1 1 1 0 1 1 0 0 1 1 1 0 0 1 1 0 0 1
0 1 0 1 0 0 0 1 0 0 0 1 0 0 0 1 0 1 1 0
1 1 0 1 0 0 1 0 0 1 1 0 1 1 0 1 1 1 0 1
0 0 0 0 0 0 1 1 0 1 1 1 0 0 1 1 1 1 1 0
1 1 0 0 1 0 1 1 0 0 1 0 0 0 1 0 0 0 0 0
1 0 1 1 1 1 1 1 1 1 1 1 0 1 0 0 0 1 1 0
0 0 0 0 1 0 1 1 1 0 1 1 0 1 1 0 1 0 1 1
