28 25
14890 -51825 77974 94835 -59557 4269 -2608 -35734 -68114 -97293 40071 -25755 65034 84256 75226 -31468 59457 -32511 -12182 4081 58937 -94978 95945 68731 -93429
-32643 27995 68381 88636 52830 -80403 -78656 -94138 -1296 33338 58377 57905 41868 8967 66858 34448 8024 -70476 -44143 89012 90321 50984 20084 36480 82218
56178 26630 10795 81459 -31049 -71720 -43678 53772 35549 -56530 96141 -28042 6711 -85328 -19279 94491 -74356 82262 -36573 59004 -84428 -27186 -32431 84320 -24861
14308 22137 -69584 -22777 10844 64517 -68834 -43940 -72919 -72309 -39453 76609 -48626 65752 8919 -12327 37397 91281 -32989 -97147 -25962 -19848 28610 -84911 -69881
-79981 -45340 25875 -93671 59502 -24988 -7320 -97422 -56064 89946 55649 -40983 -20248 -94444 -95299 84899 -4980 -14425 -75758 69992 -90013 -32885 68965 13746 -44194
-63253 -34186 69034 62985 -6328 -23700 -61520 9784 -86863 -14984 2678 54661 92152 -19715 -27725 81161 -49197 -77900 45360 -63366 -46417 -27562 27770 12841 -7007
24566 -11919 -61190 -72534 -63273 -10323 26512 55484 96325 -52388 -85557 28332 -47927 -89981 90941 -40240 94169 -15415 5019 39337 49076 -69792 13684 37146 -11489
-24573 -75336 -65084 43472 6445 4923 95247 -30477 98228 -48077 -21409 96211 -50879 34794 11518 -88695 75847 -44742 -28412 -30288 -51540 58128 -26738 -86416 -75736
88257 -24542 -50347 -41054 -68513 -83336 69965 7357 -6849 16759 30586 -41033 99409 16679 -90825 61821 83410 -87147 56482 90930 -49305 -68217 47727 82491 27803
64101 43585 -51227 -82321 56608 40338 -30121 -81485 15714 73999 -53491 -64096 48177 97706 -95800 31278 33451 97285 83716 29328 93460 93059 -16323 80844 -2183
12063 -69408 -25733 -91786 -33099 67550 -15553 -44577 -68575 -45941 -24917 56770 -50116 -52940 10361 5032 -15969 -8124 -75177 -57236 67817 -37559 -28738 91899 -52647
-11468 -30610 25112 69013 4987 -42001 -37265 -34236 57823 99881 -2992 -89860 21656 -12250 -16559 -86696 24754 -67216 93665 -37134 36364 11503 -9111 32201 13590
85203 -82594 17403 31631 -44933 34067 68790 58278 -39565 28320 -38376 -15142 -56805 -77378 -39561 3742 -38534 -8422 -32181 12695 -20724 -40977 42459 57639 -47006
-78803 98270 -35718 15803 -23400 10026 30360 -13924 61538 -41880 -88133 83881 -50599 -68500 -62026 -80287 52839 26392 59106 1146 -87394 67486 -63018 -26069 86380
89274 -81377 2468 -22981 40338 77349 61341 -81304 -46745 41396 49374 -47978 29026 -73806 4819 68512 -75831 -6830 48052 51488 -52004 -65333 -83772 -35980 10496
-9583 -28028 -76649 71847 -44596 61763 -81371 16510 -37478 21271 -93903 -12080 -91974 15819 26768 -89190 -51881 55242 69728 16346 -33548 -12403 -86066 -22615 19414
-75552 7696 -6859 65237 -74827 42727 -67952 -70726 -37455 85154 84156 23215 -69137 -98961 -25817 -22906 -17365 -45025 87791 69432 78329 43301 50465 -69219 28377
97273 -12982 91270 -26582 -38533 33519 82832 -61793 -28939 43088 -50320 94475 -60670 -95994 42364 -83125 -70996 -22397 -51620 5778 -94079 69140 -51285 90477 51652
64793 -29795 40327 6062 49764 58684 -82937 -67426 -55597 -42624 -48700 -52802 94630 98506 1774 -76703 96507 57630 -81551 53490 96706 3355 -94405 79301 -60919
-38043 -37191 46181 72288 -17069 89738 -11919 76184 -12961 -91509 -70178 350 42550 69918 -8882 76286 70625 -25956 -10848 29246 85844 -67095 -52908 84621 -63805
48203 -53333 -13123 -22335 47373 -50535 16916 47525 -21148 48925 21357 -11993 -98416 72927 -98726 -14853 43919 55379 -42752 1673 29540 -13804 5252 39992 61022
76739 17130 -61842 87488 93600 -130 65102 72268 44743 -98699 24599 -60725 80142 -25629 66940 29400 -61252 36608 40585 45076 90758 -9498 73953 95559 -38121
-97000 -62957 -78709 95779 23562 -52990 48993 49912 51157 97186 93289 -63215 29262 38798 44787 11858 -83039 70798 -61239 20471 -30487 18059 9785 -84173 -61423
-13348 -75074 89637 -17645 -49971 -3023 -23365 5856 -88682 -73973 -43194 24897 62151 17697 53517 -41775 -40452 54708 -63386 -74477 274 34738 -40242 -26031 -92934
38618 52894 32571 72282 4646 27643 37116 -37831 66683 -87625 -7718 10045 -11852 -94410 91102 8255 -93184 7133 22979 41829 -23223 70130 -3526 4390 58905
35554 -74197 -86897 75552 -12385 -42445 -443 -19983 14723 -75692 32509 55535 13106 -16828 56071 -22613 -33792 78553 -82644 -66957 -79242 -55640 87381 -70674 -66746
71080 18959 98132 -69890 -41572 -1083 29385 -64943 -18933 -22137 21392 15365 -55007 -79059 14460 18550 27682 -43643 78556 -99814 32898 34010 65272 44786 89584
93418 37548 -47968 42689 -33877 67299 -89808 99354 -27751 -5786 15523 -45854 -55651 -5792 -5267 18349 -95036 -64937 -77367 -6242 -78189 98818 61003 13377 3147
1 1 0 1 0 1 0 0 1 0 0 1 1 1 1 0 0 1 0 0 0 0 0 1 0
0 0 0 1 0 1 0 1 1 0 0 0 1 0 0 0 0 0 0 0 0 0 1 1 1
0 1 1 1 0 1 0 0 0 1 1 0 0 1 0 1 1 0 1 0 1 0 0 1 1
1 1 1 1 1 1 0 0 0 1 1 0 0 1 1 1 1 0 0 0 1 1 0 1 1
1 1 1 0 1 0 1 1 1 0 0 1 0 0 0 1 1 0 0 0 1 1 0 0 0
0 0 1 1 0 0 1 0 0 0 0 1 1 1 0 0 1 0 0 0 0 1 0 0 0
0 0 1 0 0 0 0 1 0 1 0 0 0 1 0 1 0 1 0 0 0 0 1 0 0
1 0 0 1 1 1 0 1 0 1 1 0 0 1 1 1 0 0 0 0 1 1 0 1 1
1 1 0 0 1 1 0 1 1 0 0 1 0 1 0 0 0 1 0 1 0 0 1 0 0
0 0 1 1 1 1 1 0 1 0 1 0 0 1 1 0 0 0 0 1 1 1 1 0 0
1 1 1 0 1 0 0 0 1 0 0 1 1 1 0 1 0 1 0 1 0 1 0 1 1
0 1 1 0 0 1 1 0 0 0 1 1 0 0 1 1 0 0 1 1 1 0 0 0 0
1 0 1 1 0 0 0 1 1 0 1 0 0 0 0 1 0 0 0 0 0 0 1 1 1
0 0 0 1 0 1 1 1 0 0 1 1 1 0 1 1 1 1 0 0 1 0 1 1 0
0 0 1 1 0 1 0 1 1 0 1 1 0 1 1 1 0 0 1 1 1 0 0 1 1
0 1 0 1 1 0 1 0 1 1 0 1 1 0 1 0 1 0 0 0 0 1 1 0 1
0 0 0 1 1 0 0 1 1 0 0 0 1 0 0 1 0 1 0 1 0 0 1 1 0
0 0 1 0 0 1 1 1 0 1 0 0 1 0 1 1 0 0 1 1 1 1 1 1 1
1 1 0 0 1 0 0 0 1 0 1 0 1 0 1 1 0 0 1 1 1 1 0 0 0
1 1 1 0 1 1 1 1 0 0 1 1 0 0 1 0 1 1 0 1 1 1 1 0 1
1 0 0 0 0 1 1 1 0 1 0 0 0 1 1 1 1 0 0 1 0 1 1 1 1
0 1 0 0 0 0 0 1 0 0 0 0 1 0 1 1 0 1 1 0 0 1 1 0 0
1 1 1 0 1 0 0 1 1 0 0 1 0 0 0 1 1 0 0 1 1 0 1 1 0
0 1 0 0 1 1 1 1 1 1 1 1 0 1 0 1 1 1 1 1 1 1 1 0 0
1 0 1 0 0 1 1 0 0 0 1 1 0 1 0 1 0 1 0 1 0 1 0 1 0
1 1 0 1 1 1 0 1 1 1 1 1 1 1 1 1 0 0 0 0 1 0 1 1 0
0 0 1 1 0 1 0 0 1 0 0 1 0 1 1 0 0 0 0 1 1 1 0 0 1
1 0 1 0 1 0 1 1 1 0 0 1 1 1 0 0 0 1 1 0 1 1 1 1 1
