19 19
733 1794 806 118 751 1401 1602 1230 -292 1293 -123 852 -234 990 1183 565 1070 1611 -423
570 1490 1371 789 -658 201 -864 614 1023 1675 1889 237 -13 -806 1184 997 -896 865 922
1103 680 816 1414 560 334 307 -935 -217 981 -221 -229 1000 -75 1007 1293 811 1255 688
967 1760 -897 889 376 -443 -799 523 1741 651 815 867 -435 -566 1212 1299 595 639 523
-619 -561 -703 1903 -319 130 1122 1523 -322 -450 -718 1724 252 1898 1389 397 132 1009 1746
-867 1465 -186 1602 1224 1100 196 909 1133 1783 646 1826 710 679 -751 930 -705 1765 1280
109 103 590 -852 -367 1113 1963 1965 -784 646 -652 417 1884 79 831 890 228 1428 -822
-736 -782 -84 -572 -562 1039 968 1246 -599 1518 1046 683 -513 1545 633 76 1832 235 693
439 96 33 31 919 327 -816 1433 1487 738 963 634 916 -806 -19 1012 1427 -792 706
-528 1105 -190 1372 -829 1758 1191 1654 -783 1394 -207 1751 355 1707 1311 -256 -344 -464 989
150 1690 703 -6 -792 298 1294 -646 1443 -383 335 -941 -850 550 767 -152 1855 1420 1506
-35 283 844 541 -356 -446 -364 690 1905 -899 1756 515 -32 -192 1509 136 -864 -144 1075
-374 -15 695 186 -111 1801 611 1832 772 -126 -943 -134 863 1362 1098 -915 -140 1001 345
-225 1811 807 28 54 40 -488 1624 1777 389 547 1353 -341 1624 797 106 -768 400 1386
604 1604 279 1574 1791 1531 1690 238 -253 325 1479 793 -1000 1543 1096 -523 -228 1215 795
-915 1420 -172 816 479 1432 1363 783 -106 1082 1088 582 345 431 -29 409 -808 1762 -960
-105 -633 1340 -74 -547 1608 1948 1380 1002 951 1970 -818 1514 898 27 -89 1855 -421 1031
1495 72 -650 -371 1191 -393 701 -699 48 1365 -103 -547 -345 590 -801 1143 -644 281 1699
330 433 1244 924 1989 1785 -3 416 -200 731 114 1830 624 1371 1611 -922 42 1921 186
1 1 1 0 0 0 1 1 1 0 1 1 1 1 1 1 0 1 0
1 1 1 0 1 1 0 0 1 0 1 0 1 0 1 1 0 1 0
1 0 0 0 1 0 1 1 1 0 1 1 1 0 0 1 1 0 1
0 0 1 1 1 0 1 0 1 1 0 0 0 1 1 1 0 1 0
0 0 0 0 1 0 1 1 0 1 1 1 0 1 0 0 0 1 0
1 0 0 1 0 1 0 1 0 0 0 0 0 1 0 1 1 0 1
1 0 1 0 0 0 1 1 1 1 0 0 0 0 0 1 1 1 1
0 0 1 1 0 0 1 0 0 1 1 0 0 1 0 0 0 0 0
1 1 0 0 0 0 0 0 1 1 1 1 1 0 0 1 0 1 1
1 0 1 1 1 1 0 0 0 1 0 0 1 1 0 1 0 0 0
0 1 1 0 1 0 1 0 0 0 0 1 0 1 1 1 1 0 1
1 1 1 0 1 1 1 0 0 0 0 1 1 0 1 0 0 0 0
1 1 0 1 1 1 1 1 1 1 1 1 0 1 0 0 1 0 1
0 1 1 0 1 1 0 1 1 0 0 0 0 1 1 1 1 0 1
0 0 0 0 0 1 0 0 0 1 1 1 0 1 1 0 1 0 1
1 1 1 1 1 1 0 1 0 0 0 1 1 1 1 1 1 1 1
1 0 1 1 0 1 1 1 1 1 1 1 1 0 0 0 1 0 1
0 0 0 0 0 1 1 0 1 1 1 1 1 0 1 0 0 1 0
1 0 1 1 0 0 0 1 1 0 0 0 0 0 1 0 1 1 1
