28 28
-308 -3 -905 -15 -351 -107 -824 -197 -213 -319 -1 -35 -518 -986 -922 -591 -158 -188 -905 -897 -908 -126 -317 -79 -370 -841 -613 -186
-220 -735 -144 -494 -654 -319 -642 -748 -156 -684 -683 -596 -472 -210 -933 -140 -57 -714 -93 -623 -998 -57 -992 -925 -584 -218 -294 -396
-281 -889 -995 -540 -754 -936 -248 -729 -284 -990 -48 -521 -778 -314 -380 -146 -953 -635 -395 -361 -376 -142 -952 -219 -889 -768 -70 -643
-917 -513 -111 -210 -636 -922 -698 -417 -525 -605 -91 -831 -364 -960 -732 -445 -8 -135 -355 -529 -346 -999 -243 -950 -511 -56 -861 -746
-421 -112 -918 -734 -389 -740 -387 -671 -913 -412 -299 -257 -56 -218 -681 -304 -957 -609 -388 -407 -513 -350 -15 -338 -470 -830 -266 -683
-20 -158 -397 -677 -551 -839 -530 -811 -139 -42 -669 -644 -511 -695 -770 -590 -570 -853 -583 -680 -123 -706 -674 -961 -440 -689 -466 -719
-803 -588 -614 -350 -717 -383 -621 -573 -305 -67 -251 -304 -878 -772 -676 -250 -612 -584 -403 -286 -289 -491 -695 -547 -768 -149 -648 -517
-559 -318 -662 -804 -369 -797 -108 -669 -781 -554 -618 -968 -403 -948 -621 -672 -804 -955 -266 -325 -964 -225 -800 -462 -1 -592 -722 -867
-359 -639 -392 -705 -846 -930 -711 -402 -200 -392 -919 -679 -231 -287 -43 -708 -789 -288 -558 -271 -10 -324 -273 -763 -48 -956 -54 -319
-420 -554 -663 -51 -344 -835 -210 -938 -808 -231 -580 -423 -936 -655 -797 -336 -664 -473 -643 -578 -176 -542 -446 -612 -983 -635 -150 -472
-947 -113 -941 -731 -962 -256 -802 -384 -596 -678 -325 -499 -504 -2 -83 -18 -815 -496 -631 -546 -763 -541 -88 -813 -308 -756 -458 -757
-305 -444 -735 -780 -172 -554 -269 -692 -892 -176 -693 -803 -546 -65 -447 -327 -127 -965 -947 -506 -563 -386 -992 -621 -325 -949 -341 -525
-672 -793 -308 -680 -285 -40 -260 -542 -323 -512 -688 -418 -922 -680 -843 -853 -487 -677 -956 -523 -534 -66 -707 -359 -354 -25 -657 -303
-487 -595 -112 -913 -716 -25 -979 -224 -318 -320 -388 -317 -611 -179 -408 -901 -126 -518 -567 -726 -940 -454 -483 -114 -567 -160 -388 -943
-485 -628 -550 -354 -683 -491 -478 -441 -424 -761 -742 -109 -240 -796 -105 -587 -70 -751 -142 -964 -455 -131 -104 -745 -576 -123 -41 -142
-587 -315 -425 -203 -69 -351 -388 -364 -838 -339 -345 -470 -501 -990 -3 -745 -917 -647 -957 -577 -221 -686 -240 -2 -894 -539 -639 -815
-50 -135 -489 -187 -471 -747 -207 -269 -927 -495 -917 -343 -902 -463 -159 -158 -756 -973 -352 -375 -49 -989 -15 -943 -117 -556 -652 -777
-156 -924 -856 -215 -400 -26 -996 -282 -978 -872 -114 -916 -217 -446 -984 -263 -204 -972 -527 -457 -229 -853 -668 -77 -344 -634 -151 -687
-765 -880 -616 -35 -601 -952 -495 -455 -995 -419 -431 -3 -107 -682 -22 -862 -2 -865 -475 -338 -123 -147 -463 -587 -604 -131 -490 -253
-685 -1000 -241 -622 -375 -941 -616 -768 -81 -491 -540 -938 -603 -843 -86 -837 -504 -548 -658 -463 -466 -187 -497 -54 -855 -518 -530 -422
-219 -150 -242 -986 -113 -517 -521 -754 -397 -164 -267 -849 -71 -555 -791 -563 -701 -113 -597 -559 -883 -390 -648 -41 -441 -655 -556 -330
-268 -333 -398 -762 -845 -180 -606 -520 -101 -817 -566 -587 -925 -275 -300 -652 -938 -543 -555 -798 -826 -389 -904 -296 -445 -717 -515 -956
-412 -119 -627 -384 -859 -470 -480 -62 -820 -214 -156 -734 -677 -35 -954 -504 -363 -674 -235 -50 -843 -53 -413 -950 -952 -673 -524 -273
-200 -221 -529 -744 -934 -710 -100 -130 -154 -575 -367 -326 -687 -75 -968 -94 -704 -619 -255 -414 -861 -606 -292 -712 -60 -941 -524 -983
-740 -339 -316 -602 -434 -331 -643 -380 -228 -751 -799 -454 -824 -527 -120 -950 -956 -762 -181 -370 -117 -456 -472 -39 -865 -446 -960 -590
-650 -276 -753 -453 -258 -604 -806 -421 -115 -922 -308 2 1 -681 -314 -2 -178 -909 -84 -296 -917 -144 -364 -379 -345 -950 -344 -625
-401 -554 -572 -793 -722 -914 -824 -365 -32 -295 -218 -172 -75 -584 -492 -792 -846 -867 -28 -802 -50 -33 -322 -757 -391 -940 -92 -206
-421 -935 -767 -889 -545 -237 -960 -209 -663 -748 -685 -766 -449 -280 -232 -500 -154 -190 -213 -356 -602 -885 -395 -952 -365 -454 -239 -932
1 1 1 0 1 0 0 1 1 0 1 1 0 0 1 1 1 0 0 1 0 1 0 1 1 0 0 1
0 0 0 1 0 0 0 0 1 1 0 1 1 0 0 0 0 0 0 0 0 1 0 0 0 1 1 1
0 0 0 1 1 0 0 1 0 1 1 0 1 0 1 1 1 1 1 0 0 1 0 1 1 0 0 0
1 0 1 0 1 1 0 0 1 1 1 0 0 0 1 0 0 0 0 1 0 0 1 1 1 1 1 1
1 0 1 0 1 0 1 1 0 0 0 1 0 1 1 0 1 1 0 1 1 1 0 1 1 1 0 1
1 0 1 1 0 0 0 0 0 0 1 0 1 1 1 0 1 1 0 0 0 0 1 1 0 0 1 0
1 1 0 0 0 1 0 0 0 0 1 0 0 0 1 0 0 1 0 1 0 1 1 0 0 1 1 0
1 0 0 1 1 1 1 1 0 1 0 1 1 0 1 1 1 1 1 1 1 1 0 1 1 1 1 1
1 0 0 1 1 1 0 0 1 0 0 1 0 1 0 1 1 0 0 1 1 0 0 1 0 0 1 0
1 1 0 0 0 1 1 1 1 1 1 1 0 0 0 0 1 1 1 0 0 1 1 0 1 0 0 1
1 0 0 0 1 1 1 0 0 0 0 1 0 1 0 1 1 0 0 1 0 1 1 1 1 0 0 1
0 0 1 1 0 1 0 1 0 0 1 1 0 0 1 0 0 1 1 0 1 1 0 0 1 0 0 1
0 1 0 1 1 1 1 1 1 1 1 1 0 0 0 0 1 0 0 1 1 1 1 0 1 0 1 1
0 0 0 1 0 1 0 0 1 0 1 0 0 1 1 0 1 0 1 0 0 1 0 0 1 0 1 0
1 1 1 0 1 0 0 1 0 1 0 1 1 1 1 0 1 1 1 1 1 1 1 1 0 0 1 0
1 1 0 1 0 1 0 0 1 0 1 1 1 1 0 1 0 1 0 0 1 0 0 1 1 1 0 0
1 1 0 0 0 0 1 1 1 1 1 1 1 1 0 0 1 0 1 0 1 1 0 0 0 0 0 0
0 1 0 0 0 1 1 0 1 1 1 0 0 1 1 0 0 0 1 0 1 1 1 0 0 1 0 1
0 1 0 1 1 1 0 1 0 1 1 0 0 1 0 1 0 1 1 1 1 0 0 1 1 1 0 0
1 0 0 0 1 0 0 1 0 0 1 0 1 1 1 1 0 1 0 0 1 0 1 0 0 0 1 1
1 1 0 0 0 1 0 1 1 0 0 1 0 1 1 1 0 1 1 1 1 0 1 1 1 1 1 1
1 1 0 0 0 0 1 1 1 1 1 0 1 1 0 1 0 0 0 0 0 0 1 0 1 1 0 1
1 1 1 0 1 1 0 0 0 0 0 1 1 1 1 1 1 1 0 1 0 0 0 1 0 0 0 1
0 1 1 1 0 0 1 1 1 1 0 0 1 1 1 1 0 0 0 0 1 0 1 0 1 0 1 1
1 1 1 1 1 1 0 1 0 1 1 1 0 1 1 1 1 0 0 1 1 1 1 0 1 1 1 0
1 1 1 1 0 1 1 1 1 1 1 1 0 0 1 0 1 1 1 0 1 1 0 0 1 0 1 0
1 0 1 0 1 0 0 0 1 0 1 1 0 1 1 0 0 0 0 1 1 1 1 1 1 1 0 1
1 1 1 1 1 1 1 0 1 1 0 1 1 0 1 0 0 0 0 1 0 0 0 1 1 0 0 1
