30 26
5952 19756 18771 6912 12037 8605 17766 9282 1131 14851 12764 15827 1487 9822 18344 19092 17265 3003 1465 10621 597 9463 4826 12009 8344 12101
15272 2860 18031 11684 14188 1433 13403 19008 16104 15512 18775 14120 19920 6799 10488 7575 17910 3982 6629 8329 16856 13133 13990 12428 18908 15315
14337 18512 13867 5332 3859 11326 4905 12022 10341 814 18852 14339 7834 15605 2992 18393 12306 7047 15024 1165 3692 18394 12210 15066 2723 6319
5483 9449 12010 12151 4217 9914 12992 157 1952 16077 1281 18010 8448 3478 15505 13749 16491 10019 5810 17207 4785 13098 13236 15037 16142 19375
17231 1903 17976 -48 15970 10410 9708 15503 9638 6974 -74 18425 16702 9064 7913 18090 18987 5707 18549 11628 11261 14561 7499 -48 9973 16725
17510 2414 16037 8090 5943 14747 737 8014 16571 14495 15510 4300 18224 14774 5054 9872 1560 15601 15938 18767 12982 7190 10869 8842 9375 11342
19416 18499 16989 7651 17587 4476 14725 1425 18926 10762 14484 3681 15783 2064 5474 17810 7946 17116 3423 2282 12590 2259 2556 14303 19600 18774
3056 15827 8616 15711 10242 9864 5107 4657 12611 12062 13733 12737 17542 2611 16580 16470 16789 4860 12697 8577 6097 92 19465 7664 2570 5311
4325 5968 10162 5600 6335 14578 7971 12989 13490 12794 18879 13888 2782 2464 923 1925 16648 18367 1457 19768 1492 5753 15158 6971 14652 10200
3754 3961 10504 6141 6411 10601 13081 3480 8441 18438 11708 11845 8367 1369 14569 9447 4510 17420 12819 3862 4078 1858 18602 16407 1193 10452
2646 14369 11025 9648 3076 10075 12066 13024 6834 15974 7250 5673 11796 863 6554 14931 13472 10002 667 18681 12426 16866 7984 19470 13718 12954
11882 1936 8099 18388 9150 5327 14629 5705 8047 16524 18643 12892 15555 5024 3382 4792 8267 1624 17928 13158 5595 16343 8263 11543 8364 12111
16700 664 212 1126 3288 9041 1496 16086 5237 10536 11556 12127 18729 14497 16842 691 543 18367 10071 9012 7196 11362 836 16736 11236 4078
17966 19302 1848 6868 15693 3983 1791 11734 17079 3660 1535 992 13338 7867 9896 373 18769 9625 7487 5893 698 5984 15890 19814 7022 4424
18865 15984 17705 18606 7708 18517 15734 1518 3263 4007 2513 17730 6751 5365 15839 16564 2152 13820 5517 9946 17247 4717 6523 7043 19443 16075
12691 17555 16090 17587 1809 16630 10895 7364 5668 9064 16832 11932 8702 16161 1557 5482 6773 17616 3782 5064 15914 18284 5226 2991 1008 18306
2739 1707 1894 9596 9043 2634 1381 18916 13496 192 10522 17697 11529 31 8240 11108 6323 19723 -62 11347 6462 17640 2946 3259 16402 11989
9052 18994 320 13780 16286 18641 18281 9553 1393 7033 14364 16894 12394 14786 3636 6973 17082 7323 10418 17329 1901 16067 16719 1050 3473 8637
14192 13192 612 12829 18488 12647 2260 9109 18886 17794 10012 72 19721 19748 12226 4785 10160 2126 5678 15106 1274 9134 7956 15577 5155 11957
19190 16790 17138 6895 9232 82 10292 7277 17965 15141 17239 11322 10715 15995 8771 6813 7265 721 12481 12224 16259 579 2200 9575 16890 4796
13122 8221 15318 10464 -82 16785 5596 3033 2626 7507 1023 4910 2288 1365 17294 7884 19839 8100 12614 13585 -43 5071 10520 17679 11093 9806
4037 5064 15125 14063 5115 10560 10586 5829 206 15478 19518 10006 16769 3581 1349 19285 10723 11156 5318 17063 16088 8818 8862 16377 6682 16708
15235 15076 13948 11844 7773 6370 17335 17818 18145 19848 12785 92 17408 1454 4456 12691 10485 9114 18048 13066 6823 10084 9792 7766 8325 9274
12720 17894 15355 6557 6518 16174 15393 14945 11228 5775 4353 5136 16282 18353 6960 12817 13883 5975 2416 16704 1133 8677 18911 11568 11899 15277
19105 6361 12518 13781 5416 16685 7211 19396 13120 3 12195 16488 8856 19621 1948 2516 13841 18073 763 16469 13825 3573 19380 7475 9888 5175
11988 19062 11619 4579 19700 13510 17421 15874 7425 18052 19903 19577 15848 2731 7579 12627 2870 7465 5334 14050 7313 6600 456 8499 7191 12654
19496 18980 13300 16918 7793 17070 7984 4905 19009 13318 14640 9586 12151 13812 17834 14861 19970 17188 7264 16129 12946 2171 2226 2821 7490 14661
16533 2626 13307 16532 3438 6498 1936 6533 13896 1897 19149 3464 5623 14498 3849 14522 3447 2333 7747 13783 17987 13809 14498 560 1033 18237
3073 16993 1956 17781 9590 2287 19802 888 16351 19949 2392 13848 11845 6360 5504 10176 2 1918 2084 19708 7232 8657 2949 10455 10454 12059
14985 8183 7125 18540 18078 3894 5559 20000 17817 595 12536 9072 2423 17751 16690 10241 14801 8302 10716 7484 15201 19082 2843 11686 18970 15108
1 1 0 1 1 1 0 1 0 0 1 0 1 0 1 0 0 1 1 0 0 0 1 0 1 1
1 0 1 1 0 1 0 0 1 1 1 1 1 0 0 0 0 0 1 0 1 1 0 1 0 1
1 1 0 1 1 1 0 0 0 0 0 1 0 1 0 1 1 1 0 0 1 0 0 0 0 1
0 0 0 1 1 0 0 0 0 1 0 0 1 0 0 0 1 1 1 0 0 0 0 0 0 0
0 1 1 0 1 0 1 0 1 0 1 0 1 0 1 0 1 0 1 0 1 0 1 0 1 0
0 0 1 0 0 1 1 0 1 0 0 0 1 0 0 1 1 0 1 1 1 0 0 1 0 1
1 1 0 0 1 0 0 1 0 0 1 0 1 0 1 1 0 1 0 0 0 1 1 0 1 0
1 1 1 1 1 0 1 1 1 0 1 1 1 0 0 1 1 1 1 1 0 1 0 0 1 0
1 1 0 1 1 1 1 0 1 1 1 1 1 0 1 1 1 1 0 1 1 1 0 0 0 0
0 0 0 1 0 1 1 1 0 0 1 0 0 1 0 0 1 0 1 0 1 0 1 1 1 0
0 1 1 1 1 1 1 1 0 1 0 1 0 0 1 0 1 0 1 1 0 1 0 1 1 0
0 0 1 0 1 1 0 1 0 1 1 1 0 1 0 0 0 1 1 1 1 0 1 1 0 0
1 0 1 1 0 0 1 0 0 0 1 0 1 0 1 1 1 1 1 0 1 0 0 1 0 1
0 0 1 0 1 0 1 1 0 1 1 1 0 1 0 1 0 1 0 0 1 0 0 0 0 0
0 1 1 0 0 1 1 1 0 0 0 0 1 1 0 1 1 0 1 1 0 0 0 1 0 1
0 0 0 0 1 1 0 1 1 1 0 1 1 0 1 0 1 0 0 0 1 0 0 0 1 0
1 0 1 0 0 1 1 1 0 0 0 1 0 1 1 1 1 0 0 0 0 0 1 1 0 0
1 0 0 0 0 0 0 0 0 0 1 1 0 1 1 1 1 1 0 1 0 0 0 0 0 0
0 0 0 1 1 0 1 1 0 0 1 0 0 1 0 0 1 0 1 0 0 1 0 1 1 0
0 1 0 0 1 0 0 0 1 0 0 1 1 0 0 0 0 0 0 1 1 1 1 1 1 0
1 1 0 1 0 0 0 0 0 0 0 1 0 1 0 0 1 1 0 1 0 1 0 1 0 0
0 0 1 1 1 0 1 0 0 0 0 0 1 0 0 1 1 1 0 1 0 0 1 0 1 1
0 1 1 0 0 1 0 0 1 1 1 0 0 1 0 0 1 0 1 0 0 0 1 0 0 0
1 0 0 1 1 1 1 0 0 1 1 1 0 0 0 0 1 1 1 1 1 1 0 1 1 1
1 1 0 1 0 1 0 0 1 0 1 0 1 1 0 1 1 1 1 0 0 0 0 1 1 1
1 1 1 0 0 1 0 1 1 1 1 0 0 0 1 0 0 0 0 1 1 1 0 1 1 0
0 0 1 1 1 1 1 0 0 1 0 1 0 1 0 0 0 1 0 0 0 0 1 0 0 0
0 0 0 0 0 0 1 1 1 1 0 0 0 1 1 0 0 1 1 0 0 1 0 0 1 1
1 0 1 1 0 0 0 1 1 1 0 0 0 1 0 0 1 0 0 1 0 1 1 1 1 0
1 1 1 0 0 1 1 1 1 0 0 1 0 1 0 1 0 0 1 0 0 0 1 1 0 0
