28 30
671 660 1504 860 1086 726 1553 1990 110 1451 693 815 -16 1556 392 129 399 566 29 -17 812 139 849 145 681 1493 1997 192 1778 94
514 1257 1515 767 452 1722 951 1777 1433 1418 384 781 543 359 1674 640 671 273 60 1040 1832 1214 1269 1043 1510 1430 1261 515 207 1514
1680 1461 1169 209 675 1604 101 614 855 1907 1961 1716 698 47 932 908 518 218 172 1649 24 903 1362 1902 507 748 1912 1660 1701 1974
1739 370 297 1738 349 796 1143 1628 534 1987 644 1571 1942 608 1015 1114 1932 162 1702 1963 1113 830 1466 1631 1376 1204 731 119 66 1494
516 647 469 471 1415 722 493 1799 492 573 701 1655 597 1139 1705 843 378 100 1309 1172 1533 1942 963 1097 1212 1410 480 1999 1341 686
1419 837 572 488 1626 615 485 1307 1367 1448 1436 942 117 793 1907 1168 1679 975 1332 1950 1099 377 1813 1263 48 -67 1302 674 639 751
832 34 1952 220 124 1718 364 978 1164 96 178 69 1706 169 1162 1572 898 180 300 686 1714 1757 397 1055 1722 1774 886 54 11 1422
1484 536 1011 705 1515 1362 1627 386 312 1951 1467 876 763 660 902 798 1725 446 1055 570 1194 1240 701 1392 14 238 1075 -64 824 840
1308 1399 382 246 198 1334 260 -92 1401 1249 1174 23 999 121 1619 285 1009 126 880 1971 118 350 474 -71 670 343 1199 1066 224 948
1970 135 1975 -67 1025 677 1674 379 216 422 992 103 898 1276 434 702 736 -17 1496 399 1479 625 1007 21 1747 1412 583 28 1049 1140
1309 1751 813 -25 627 1850 685 1121 -33 347 1878 -89 -55 845 1236 190 184 205 169 1007 646 1346 1586 481 1662 1892 247 1059 1735 624
1059 1194 -35 821 600 1121 66 1516 1491 1496 1353 64 432 437 969 -6 292 612 1495 1239 236 90 950 1256 748 1588 1644 -12 -42 437
44 329 55 1167 -18 908 1528 1079 357 1635 157 796 185 1785 964 501 1792 1629 444 873 1754 836 1188 819 1353 250 335 327 1455 982
1016 1114 1983 1751 1182 66 1538 1432 1479 765 1232 953 654 99 1030 1950 1318 560 294 318 422 343 495 868 749 1055 1962 783 1578 1263
1621 1465 744 1936 1445 256 -2 1991 1221 579 -70 -53 159 998 1614 765 1398 1912 413 367 1761 257 1464 1361 1171 1769 999 925 1802 1975
288 1815 203 1251 1706 1609 1240 1727 658 703 123 1932 147 338 1527 876 9 107 182 864 122 1437 262 187 1345 1443 1655 -65 1782 116
1418 934 1518 429 778 1579 719 1253 855 343 1265 1977 1873 1521 357 211 1186 1267 1147 801 1692 528 1559 1373 313 1325 857 1630 886 1172
1590 839 171 941 1528 271 496 207 1059 659 1371 -44 1510 74 1391 840 1563 814 1657 1318 90 354 1714 104 1422 776 1273 144 855 1478
154 672 96 491 56 401 1500 1531 582 1254 1494 1222 246 439 18 1506 680 563 1704 1637 1510 1506 532 26 634 983 1348 205 1047 1419
11 48 1144 676 1412 38 1587 1096 464 1541 709 1900 1972 1798 498 1851 1519 106 597 1369 1689 450 811 908 1873 1307 956 1407 410 846
1982 1124 1140 848 981 951 -53 -61 935 1058 1609 1323 1355 773 1079 551 1392 1729 321 -29 42 10 1463 733 1725 301 1568 1020 617 584
34 1978 1786 265 1444 669 768 0 1901 1996 1223 945 1075 663 952 1823 674 1651 558 1133 966 1558 183 659 1370 -58 1996 1748 1259 1838
880 1690 1216 492 1460 1304 1033 608 1491 1543 773 1832 962 1439 1359 1944 1615 -68 1808 1648 261 1259 3 879 1619 55 780 262 461 1199
316 957 51 390 1997 387 1848 1493 697 532 813 1230 1918 1548 118 542 1549 156 1530 1370 -78 377 96 1100 -93 1306 1314 54 94 1372
438 73 -31 667 929 394 188 1955 1660 308 316 1371 1851 1469 420 791 1119 446 1780 1827 1720 226 303 1686 859 806 65 854 963 456
1963 -29 941 821 815 438 1773 236 198 1488 285 1860 1852 1221 1081 946 2000 1132 840 37 905 78 1085 1244 1591 736 1937 252 657 853
690 244 1460 753 811 514 686 944 1654 809 452 1979 1760 1066 1141 -48 158 1486 1529 1138 1341 -14 160 634 557 1294 73 1926 1210 1322
743 1930 77 1628 -52 760 17 888 1692 1269 986 1620 1466 1916 424 1185 235 1841 321 197 1310 79 1272 68 1779 1096 1566 919 1202 -86
0 1 0 1 0 1 0 1 0 1 0 1 0 1 0 1 0 1 0 1 0 1 0 1 0 0 0 1 0 0
1 0 1 0 1 0 1 0 1 0 1 0 1 0 1 0 1 0 1 0 1 0 1 0 1 0 1 0 1 0
0 1 0 1 0 1 0 1 0 1 0 1 0 1 0 1 1 1 0 1 0 1 0 1 0 1 0 1 0 1
1 0 1 0 1 0 1 0 1 0 0 0 1 0 1 0 1 0 1 0 1 0 1 0 1 0 1 0 1 0
0 1 0 1 0 1 0 1 0 1 0 1 0 1 0 1 0 1 0 1 0 1 0 1 0 1 0 0 0 1
1 0 1 0 1 0 1 0 1 0 1 0 1 0 1 0 1 0 1 0 1 0 1 0 1 0 1 0 1 0
0 1 0 1 1 1 0 1 0 1 0 1 0 1 0 1 0 0 0 1 0 1 0 1 0 1 0 1 0 1
1 0 1 0 1 0 1 0 1 0 1 0 1 0 1 0 1 0 1 0 1 0 1 0 1 0 1 0 1 0
0 1 0 1 0 1 0 1 0 1 0 1 0 1 0 1 0 1 0 1 0 1 0 1 0 1 0 0 0 1
1 0 1 0 1 0 1 0 1 0 1 0 1 0 1 0 1 0 1 0 1 0 1 0 1 0 1 1 1 0
0 1 0 1 1 1 1 1 0 1 0 1 1 1 0 1 0 1 0 1 0 1 0 1 0 1 0 1 0 1
1 0 1 0 1 0 1 0 1 0 1 0 1 0 1 0 0 0 1 0 1 0 1 0 1 0 1 0 1 0
0 1 0 1 0 1 0 1 0 1 0 1 1 1 0 1 0 1 0 1 0 1 0 1 0 1 0 1 0 1
1 0 1 0 1 0 1 0 1 0 1 0 1 0 1 0 1 0 1 0 1 0 1 0 1 0 0 0 1 0
0 1 0 1 0 1 0 1 0 1 0 1 0 1 0 1 0 1 0 1 0 1 0 1 0 1 0 1 0 1
1 0 1 0 1 0 1 0 1 0 1 0 1 0 1 0 1 0 1 0 1 0 1 0 1 0 1 0 1 0
0 1 0 1 0 1 1 1 0 1 1 1 0 0 1 1 0 1 0 1 0 1 0 1 0 1 0 1 0 1
1 0 1 0 1 0 1 0 1 0 1 0 1 0 1 0 1 0 1 0 1 0 1 0 1 0 1 0 1 0
0 1 0 1 0 1 0 1 0 1 0 1 0 1 0 1 1 1 0 1 0 1 0 1 0 1 0 1 0 1
1 0 0 0 1 0 1 0 1 0 1 0 1 0 1 0 1 0 1 0 1 0 1 0 1 0 1 0 1 0
0 1 0 1 0 1 0 1 0 1 0 1 0 1 0 1 0 1 0 1 0 1 0 1 0 1 0 1 1 1
1 0 1 1 1 0 0 0 1 0 1 0 1 0 1 0 1 0 1 0 1 0 1 0 1 0 1 1 1 0
0 1 0 1 0 1 0 1 0 1 0 0 0 1 0 0 0 0 0 1 0 1 0 1 0 1 0 1 0 1
1 0 1 0 1 0 1 0 1 0 1 0 1 0 1 0 1 0 1 0 1 0 1 0 1 0 1 0 1 0
0 1 0 1 0 1 0 1 0 1 0 1 0 1 0 1 0 1 0 1 0 1 1 1 0 1 0 1 0 1
1 0 1 0 1 0 1 0 1 0 1 0 1 0 1 0 1 0 1 0 1 0 1 0 1 0 0 0 1 0
0 1 0 1 0 1 0 1 0 1 0 1 0 1 0 1 0 1 0 1 0 1 0 1 0 1 0 1 0 1
1 0 1 0 1 0 1 0 1 0 1 0 1 0 1 0 1 0 1 0 1 0 1 0 1 0 1 0 1 0
