28 27
84785 67929 -36485 83903 -72516 90231 -73227 -11540 -9373 -35346 62320 -86749 71375 -39322 -56456 -72726 47506 50200 80150 -28441 -90709 82306 -91524 -77195 68005 48294 -30666
97774 -82572 -74354 -50507 78511 -72297 48494 -79839 65958 -78983 47988 -55776 1077 36174 30888 46082 -75658 28254 -63635 89048 -91179 20934 -26836 -15526 -53757 12258 -50365
-16060 -61290 -11527 -48237 -2132 52951 -6616 72383 -95687 3670 -67865 -28836 92341 -66401 95839 56019 -87531 -36413 -70885 -85551 -22652 -61818 1372 46590 -47105 31222 -30018
69683 -79180 17406 -70026 8083 29815 -11082 63763 -45585 53799 26712 23543 -98134 -95273 -64848 -15515 -24716 71106 40489 7750 47503 50824 11929 66703 42317 -41839 214
-10665 78497 -45166 -61699 -71236 48134 59135 42730 -27010 43454 47740 -89376 -69871 -1447 98470 49185 6478 -58555 -48857 -49164 -70919 -87741 51085 16757 -82674 79326 -57345
28839 93758 47258 -58777 -97269 53700 72770 -8522 61540 -62138 65942 33097 91651 -3770 -71745 -19182 58262 29961 -62832 69852 14817 -88666 51903 -65254 35714 78676 -15068
-51926 -14875 12123 -9651 41078 5094 -38100 69978 -29603 96770 -86966 15378 -35857 386 -35997 7508 -32016 68592 -72091 94524 -38010 65293 48766 -1966 -95513 -90171 98041
-42904 -81382 -53613 54478 2674 32729 61524 -46653 -51207 -69192 80770 48783 -80328 -7702 -20823 -80841 -24307 96687 99750 -14251 73326 6534 87585 -99010 99843 -38304 4546
47184 22316 28699 91531 32577 97988 -96769 49968 73130 50049 -97241 30091 -97664 42722 73103 1452 -11664 89239 32965 72278 -21215 -20389 -94201 73743 -6344 -73593 89814
-79703 -81829 -33662 -39148 78996 -53777 -21016 -10501 11503 36464 -66973 76531 -76568 34447 -53467 -63215 87676 76020 -18274 -41708 -78182 -98561 -15855 -39415 -91668 56427 92836
58918 -44483 -65045 -70775 53058 27593 82677 31526 -65213 -11502 -25332 -8828 94829 -36440 97738 -80333 -11915 50666 81444 77546 41555 -61732 -88291 -36131 -61529 -66806 -4087
-94976 81305 96053 -28362 -89085 96776 97849 34820 88507 -19162 -82733 98292 32183 -20755 66190 -66352 16812 -5791 6315 -5246 -92847 41454 58288 12095 -23941 21283 46637
72838 50749 45483 61779 -58853 -19908 37432 -48568 79172 -22653 44113 -58207 -67423 -62211 55768 -4994 -8077 -92434 15061 -81060 11768 46578 -26362 -30051 29157 -90633 55198
35839 3002 17578 91990 -24395 -92108 87866 66773 -41482 -18784 48877 34182 -25449 58933 13361 55753 -4627 -3602 70713 -43469 25342 60412 49995 -57866 -27365 98460 -66647
26191 9154 18449 -45581 -83996 48182 -15761 -2899 -94649 -45181 -82090 -25972 16294 -99158 -60199 69487 -31747 67422 64468 -23268 -86927 26015 -94129 -92235 -9384 -94108 40899
92765 -57245 -25090 43142 80958 -56489 72013 -27278 -50811 39891 -76249 41031 -55749 65659 26158 -84187 70169 -36307 83895 69639 71762 -60322 -98471 -53670 86517 -2676 -90406
-42654 37370 7283 32582 97448 11545 -91487 35295 81696 37117 60912 -40414 -21943 46647 61739 -2606 -32028 -1227 61163 -80332 45598 41693 -11112 77989 -96612 -5036 84848
-99620 -4915 -34387 -7845 82909 -40940 -96187 -67838 61693 -41492 -7362 -4417 -13024 -61619 67716 95914 60623 -75499 -21025 -32081 4287 31977 -6623 4110 -47922 -84139 -63862
86393 -80001 -41988 42205 28242 64951 -36286 21652 -87947 -38870 -15114 -22238 -13144 -45961 -5274 -5186 42628 34898 53925 1113 -95081 64701 31229 3078 66513 -28922 96388
27827 -48202 -48517 -75492 -37626 -56336 -61735 -36788 -4017 -51123 17943 -28033 6500 92048 24251 53059 86026 86919 61980 50942 -87201 -50532 -37092 -34429 -9585 -54564 -77021
27185 -42968 78473 -79611 59386 -37750 -60008 5883 -68249 -71307 -48562 -84079 -9579 -63185 79443 95383 3313 54079 36797 56688 -83862 -57587 -11882 -60966 -18807 17683 -28318
-77248 43402 -95132 -55246 90455 68915 -57597 62374 27504 -38108 -33625 11930 80253 -1242 -88344 -50272 -85836 -67406 22497 -53935 -32696 32070 -81394 -38393 -39649 -99960 -52277
74777 -5499 12132 -47719 -98592 -4270 -62403 71188 -50227 -51165 80730 42445 12658 41996 -8811 85386 58426 4664 49952 -45209 -45745 -30054 2202 21987 -28587 35865 -18620
85170 -82582 37710 13247 -48810 58903 -6317 72149 -801 9459 -10813 30144 -36487 88109 -58174 -93702 2179 -98260 -58265 89873 51383 -87933 -19529 47227 16556 -48482 -95575
99760 60597 -24630 62536 -61734 67250 34911 13891 69550 36431 9574 -68815 38435 -57180 -26368 -69134 -9682 52720 -18626 61003 -93829 -77735 -3352 19511 -18271 -55972 -95858
-82367 -51545 41987 -90374 -86509 -38452 39446 39486 14049 54987 -42367 12000 -66768 7432 -7246 -19213 99284 -60243 33625 -66708 7213 -68167 -30890 6814 17057 -41726 -12679
16911 47171 -1652 -47735 21892 82101 -7461 523 -47439 25126 -51240 40329 79055 54782 97882 -95795 -2458 -1374 -7801 -88541 -40218 19130 -10554 39490 46538 -98573 -67816
53794 60183 -63004 -94873 6014 96177 -74830 -12596 -212 38448 -86962 17011 75377 -66789 -77620 80201 -64290 -17795 -93677 50359 12283 70896 9227 -96523 -25571 -86777 52647
1 1 0 1 0 1 0 1 0 1 0 1 0 1 0 1 0 1 0 1 0 1 0 1 1 1 0
1 0 1 0 1 0 0 0 1 0 1 0 1 0 1 0 1 0 1 0 1 0 1 0 1 1 1
0 0 0 1 0 1 0 1 0 1 0 1 0 1 0 1 1 1 0 1 0 1 0 0 0 1 0
1 0 1 0 1 0 1 0 1 0 1 0 1 0 1 0 1 0 0 0 1 0 1 0 1 0 1
0 1 0 1 0 1 0 1 0 1 0 1 0 1 0 1 0 1 0 1 0 1 0 1 1 1 0
1 0 1 0 1 0 1 0 1 0 1 0 1 0 1 0 1 0 1 0 0 0 1 0 1 0 1
0 1 0 1 0 1 0 1 0 1 0 0 1 0 0 1 0 1 1 0 1 1 1 1 0 1 0
0 1 1 0 0 0 1 0 1 0 1 0 1 0 1 0 1 0 1 0 1 0 1 0 1 1 1
0 1 1 1 0 1 0 1 0 1 0 1 0 1 0 1 0 1 0 1 0 1 0 1 0 1 0
1 0 0 0 1 0 1 0 1 0 1 0 1 0 1 0 1 0 0 0 1 0 1 0 0 0 1
0 1 0 1 0 1 0 1 0 1 0 1 0 1 0 1 0 1 0 1 0 1 0 1 0 1 0
1 0 1 0 1 0 1 0 1 0 1 0 1 0 1 0 1 0 1 1 1 0 1 0 1 0 1
0 1 0 1 1 1 0 1 0 1 0 1 0 1 0 1 0 1 0 1 0 1 0 1 0 1 0
1 0 1 0 1 0 1 0 1 0 0 1 1 1 1 0 1 0 1 0 1 0 1 0 1 0 1
0 1 0 0 0 1 0 1 0 1 0 1 0 0 1 1 0 0 0 1 0 1 0 1 0 1 0
0 0 1 0 1 0 1 0 1 0 1 0 1 0 1 0 1 0 1 0 1 0 1 0 1 0 1
0 1 0 1 0 1 1 1 0 1 0 1 0 1 0 1 0 1 1 1 0 1 0 1 1 1 0
1 1 0 0 1 0 1 0 1 0 1 0 1 0 1 0 1 0 1 0 1 0 1 0 1 0 0
0 1 0 1 0 1 1 1 1 1 0 1 0 1 0 0 1 1 0 1 0 0 0 1 0 0 0
1 1 1 0 1 0 1 0 1 0 1 0 1 0 1 0 0 1 1 0 0 0 1 0 0 0 1
0 0 0 1 0 1 0 1 0 1 0 1 0 1 0 1 1 1 0 1 0 0 0 1 0 0 0
1 0 0 0 1 0 1 0 1 0 0 1 1 0 1 0 1 0 1 0 1 0 1 0 1 0 1
0 1 0 1 0 1 0 1 0 1 1 1 0 1 0 1 0 1 0 1 0 1 0 1 0 1 0
0 1 0 0 1 0 1 0 1 0 0 0 1 0 1 0 1 0 1 0 1 0 1 0 0 0 1
0 1 0 1 0 1 0 1 0 1 0 1 0 1 0 1 0 1 1 1 0 1 0 1 0 1 1
1 0 1 0 1 0 1 0 1 0 1 0 1 0 1 1 0 0 1 0 1 0 1 0 1 0 0
1 1 0 1 0 1 0 1 0 1 0 1 0 1 0 1 0 1 0 1 0 1 0 1 0 0 0
1 0 1 0 1 0 1 0 1 1 1 0 1 0 1 0 1 0 0 0 1 0 1 0 1 0 1
