26 29
-42564 -43944 62818 25304 27091 15990 -42004 61408 -9976 16146 -45506 -17492 67081 82949 -84771 -50830 -92850 -23735 93672 86248 48876 77290 -83932 -21087 -6426 -61380 -16147 -63911 -57187
13127 -36647 2628 12981 -89502 60821 39507 -54499 -90386 -65337 -70715 26021 47363 -82304 9203 27489 -91365 -90582 -13833 -6642 23141 -63483 -35392 -45907 -12863 22501 85536 89081 -12560
-72588 -10804 59918 40671 45796 39437 -51451 -72822 41051 80586 49119 46478 -58082 -16861 -91774 20150 41229 -5115 41854 -83693 -63388 72296 8407 -18775 98833 -26862 -77418 14930 -1818
79038 89309 40952 -80105 -67804 36732 -81534 69934 -9947 62688 -67805 5984 -763 32747 -49504 40286 -47523 -79598 23071 -83674 15229 -58896 -41524 38786 48181 -50012 28346 -60831 -43614
34349 -44926 -12440 33714 99582 -52602 96262 38539 26118 -49090 33089 3559 -83851 -13402 -15003 302 -42369 -80979 -43845 8712 -46712 -24791 47138 46124 31618 -46018 -94577 -4182 -33977
1140 60132 -90652 -99660 38660 87089 43624 17365 96469 -92139 11532 -7236 -11621 -2938 50900 85039 95036 63980 99656 -82191 -58927 90919 92680 78757 -87448 -31442 -58075 -66404 -65858
-63416 28847 -4883 89385 11544 66901 -83725 86218 -52011 60901 -23876 -72494 13307 36373 -60792 59337 -10445 58159 -36052 44894 -10980 23950 10960 29950 69956 -59455 -88854 96466 55256
10918 42973 -46203 11350 16791 -59644 48887 -71475 -15056 -24027 66181 26069 -95550 -2107 -10580 75678 28890 85062 54694 -25096 25072 88831 41014 -60944 16949 75025 28871 4718 -48367
-97870 -54560 -12693 -80114 52882 -9752 -60430 72145 78187 76316 -91162 50027 51300 -77310 -688 53539 -41753 -39954 97700 47360 -26793 -99561 -80152 47023 -26087 31585 72874 52883 29189
-2656 -64305 24722 -92342 50411 -55485 -81556 82202 -8251 -50806 46159 37560 53392 -23143 -42326 14563 61312 -31507 -67206 -36659 -18048 -29869 13195 21191 22896 -18485 -8325 75568 27868
-43799 88879 88675 89648 -68385 -53104 -55565 69706 60254 79256 54543 -81876 -10233 10149 98567 22990 -91496 -92646 51144 29040 86584 79762 -96199 -97527 59863 40252 58983 77456 47939
12225 -95639 52204 65401 45090 69372 -95817 -87208 18756 54316 66176 90296 50434 -31098 99636 11548 -10333 -44086 98344 -69574 -60312 90336 76135 -97624 -88933 55854 98165 67539 -80796
30296 23971 -87575 20478 17264 47599 99980 -91607 -35797 63336 -8354 -91439 -33515 79001 23535 94486 -6801 86084 80451 58978 79795 25330 89176 41752 56453 39133 -36697 40419 -49097
30022 -25795 58831 -87105 -49830 -81797 -27706 -8760 -37365 -82919 -25314 -99327 51779 67830 87071 19124 88159 43149 -71615 36445 38548 -71712 -60274 61731 -67011 16137 -88462 28850 31818
-75298 -54987 -75032 -49796 -34809 -28874 70146 33773 -12864 45034 -33368 72377 22695 37514 93967 -39464 99374 25162 -41349 -85407 -83319 -4135 8574 48889 85629 -52720 10509 48498 -94964
15797 -98688 -15172 57430 -28369 -54191 -46072 35808 -55557 92087 -64795 -50061 -60307 88254 34385 15522 -19845 -47034 68010 -99527 58912 -69902 -59290 34750 -71410 11610 32737 -45728 86883
-1687 27335 -80519 99886 19178 -43063 76612 14084 65491 86812 48085 -72962 -98880 87360 65143 8629 36438 14214 -35894 2734 -97964 -64530 -73568 38494 71586 35567 -34023 -20403 -39959
-72624 -23059 -25685 -91398 -52370 31876 -53612 -86938 -9998 94318 8 16144 12378 -85383 -15909 80504 -61365 -56067 -52725 19535 -33290 24382 -14099 -7495 87999 54023 29587 163 53984
-8129 -64976 6438 66477 -81620 93539 -85514 95125 -1861 80688 52545 26160 -74736 96132 -46627 -23735 45409 36506 16297 84044 -4878 -27980 13564 -996 -846 -27163 -78799 -83967 -45927
-81466 65766 69725 5405 47533 36585 31914 36060 -80667 2249 12180 9707 -3933 27238 11635 -33138 -27935 -46625 -76528 15635 -9545 -71108 -1880 88733 -80772 25867 35165 333 -69679
70172 -77483 23365 45907 59394 48936 69014 -43393 61464 65398 -96398 1043 43644 -86193 27272 50967 -17974 89708 81728 -19300 14961 14749 67723 -5881 43211 -68444 -72027 70050 -57875
-80771 -61586 98549 -59434 26891 -68196 90482 89015 55426 -25606 46470 -83769 -43698 67152 74784 -53786 12842 82794 -24513 16606 26901 36898 -68732 -2385 52239 -43646 -63707 35270 48599
-94526 73108 23718 -84257 -82940 -68910 -89595 -30080 39015 40900 -86537 -90633 -76536 50278 25662 35830 62351 -3170 99881 -12452 89185 -70412 -69641 -35848 -85080 75499 -29426 22101 20655
-27472 50036 -8234 -90419 3145 -12747 -64169 -59263 -64471 -90515 23321 12285 -12455 50707 -9778 -82405 10057 4988 16415 45987 37639 -26430 -69628 53326 32852 54161 75906 86930 -17755
73846 -5105 -64874 -41390 -72575 91643 29900 -2526 75022 -16113 55308 -96848 -74288 43690 86908 75750 -82740 45586 69608 17834 86325 7475 -38990 29068 -18272 -56066 63219 -84715 -16516
54471 91961 -18195 -13123 65029 86118 -98133 71618 21524 99445 2897 -27669 23975 2372 80503 49451 -6805 19079 16368 -27411 -54006 -40698 52724 24150 17977 -16253 22942 58081 -94296
1 0 0 0 1 0 1 1 1 0 0 0 1 0 1 0 0 0 1 0 1 0 1 0 0 0 1 0 1
0 1 0 1 0 1 0 1 0 1 0 1 0 1 1 1 0 1 0 1 0 1 0 1 0 1 0 1 0
1 1 1 0 1 0 0 0 1 0 1 0 1 0 1 0 1 0 1 0 1 0 1 0 1 0 1 0 1
0 1 0 1 0 0 0 1 0 1 0 1 0 1 1 1 0 1 1 1 0 1 0 0 0 1 0 1 0
1 0 1 0 0 0 1 0 1 0 1 1 1 0 1 0 0 0 1 1 1 0 1 0 1 0 1 1 1
0 1 0 1 0 1 0 1 0 1 0 1 1 1 1 1 0 1 0 1 0 1 0 1 0 1 0 1 0
1 0 1 0 1 0 1 0 1 1 1 0 1 0 1 0 1 0 1 0 0 1 1 0 1 0 1 0 1
0 1 0 1 0 0 0 1 1 1 0 0 0 1 0 1 0 1 1 1 0 1 0 1 0 1 0 1 0
1 0 1 0 1 0 1 1 0 0 0 0 1 1 1 0 1 0 1 0 1 0 1 1 1 0 1 0 1
0 1 0 1 0 1 0 0 0 1 0 1 0 1 0 0 0 1 0 1 0 1 0 1 0 1 0 1 0
1 0 1 0 1 0 1 0 1 1 1 1 1 0 1 0 1 0 1 1 1 0 1 1 1 0 1 0 1
0 1 0 1 0 1 0 1 0 1 0 1 0 1 0 1 0 1 0 0 0 1 0 1 0 1 0 1 0
1 0 1 1 1 0 1 0 1 0 1 0 1 0 1 0 1 0 1 0 1 0 1 0 1 0 1 0 1
0 1 0 0 1 1 0 1 0 1 0 1 0 1 0 1 0 1 1 0 0 1 0 1 0 1 1 1 0
1 0 1 0 1 0 1 0 1 0 1 0 1 0 1 0 1 0 0 0 1 0 1 0 1 0 1 0 1
0 1 0 1 0 1 0 1 0 1 0 1 0 1 0 1 0 1 0 1 0 1 0 1 0 1 0 1 0
1 0 1 0 1 0 1 0 1 0 1 0 1 0 1 0 1 0 0 0 1 0 0 0 1 0 1 0 1
0 1 0 1 0 1 0 1 1 1 0 1 0 1 0 1 0 1 0 1 0 1 0 1 0 1 0 1 1
1 1 1 0 1 0 1 0 0 0 1 0 1 0 1 0 1 0 1 0 1 1 1 0 1 0 0 0 1
0 1 0 1 0 1 0 1 0 1 0 1 0 1 0 1 0 1 0 1 0 1 0 1 0 1 0 1 1
1 0 1 0 1 0 1 0 1 0 1 0 1 0 1 0 1 0 1 1 1 0 1 0 1 0 1 0 1
0 1 0 0 0 1 0 1 0 1 0 1 0 1 0 0 0 1 0 1 0 1 0 1 1 1 0 1 0
1 0 1 0 1 0 0 0 1 0 1 0 1 0 1 0 1 0 1 0 0 0 1 1 1 0 1 0 1
0 1 0 1 0 1 0 1 0 1 0 1 0 0 0 1 0 0 0 1 0 1 1 1 1 1 0 1 0
1 0 1 0 1 0 1 0 1 0 1 0 1 0 1 0 0 0 1 0 1 0 0 0 1 1 1 0 1
0 1 0 1 0 0 0 1 0 1 0 1 0 1 0 1 1 1 0 1 0 1 0 1 0 0 0 1 0
