64 52
603248793 878905579 386658469 621686894 229314068 301249993 477450983 560016909 594107648 499967475 727732066 612516312 549152080 147974102 3604994 808174012 486242951 815989574 175681070 734782346 918706709 196711803 876651985 842116698 478027032 423680501 961190958 563030811 659938414 836078594 733388855 757023690 303484481 735380442 989437271 574254388 910644573 524764478 212328011 840667929 468331796 728403302 321358820 458666214 763730772 407432290 765941406 514679205 923041869 485157414 401235436 38676201
114121676 390024440 393478066 836776356 419493997 743472397 146274184 547752446 84910827 707569281 892847434 3355029 565871799 739655487 238435410 451129784 96813130 758718757 567243799 482891797 296353421 828634927 820907756 12927295 730512879 86392168 678786964 651593040 704622310 278093859 905408642 200334950 456116177 635554279 241936469 240096743 846452866 139016551 545186083 314379079 773983210 159120990 41639543 19778025 834965812 667703132 418707978 337330314 339521868 700490355 840746085 314299531
38466014 876193262 795764121 298404196 76530363 325177681 971821303 824117693 492343246 9367730 558235571 797576797 865625972 890119416 386312430 88971609 219822221 568811822 646400500 285398113 964046917 679465623 892707826 550600914 403549221 217514059 912125198 938512300 45723741 215623053 655529761 973170987 497719524 273307714 224489966 163245202 329526794 789946481 108001831 261140783 162173156 673228951 318997528 776834592 141501334 592537484 308712628 553732586 562807288 969765676 49179522 862865015
487605497 284433322 366896082 245016744 668829121 77032592 506324530 420106572 922885087 410736070 193225622 214661187 25769852 364685016 334035260 866406986 926400650 874357628 679547164 403934697 943932182 846491528 11535486 871744086 857844402 870754263 675354759 309356053 326190666 160491111 496597195 897400196 866276105 803487088 89336986 269059971 945429888 24432124 388390249 922892510 878146667 167582266 272094706 590212636 477533759 677819711 309890641 138232813 945136620 702254893 482736619 569104165
303789083 933359287 466268410 112469189 90884929 379629661 959765810 957673788 487712189 650081035 133504001 615752126 102886288 496707525 318046379 847198525 702566177 352897187 21533128 718555523 623277734 661554970 302492730 35733627 211256736 328906948 769796992 81394471 167000699 594349260 340252076 384100748 333812383 571371981 33089896 238684347 949519869 414256880 441667940 118685716 562408719 757938267 707403538 8973549 784835853 808849598 523171318 350071384 793759980 731552333 112949819 662501480
523072625 812067171 122312441 745541712 270902616 856386947 97253589 649306670 859035015 442954124 693979746 502524972 608817782 98609485 275275607 877117120 11297175 130635117 980933937 842733991 939956491 196253703 129193487 212137250 444941118 391003721 139219417 95722230 743924703 231592089 725302507 204671907 500312523 142181524 20111298 991299277 394213091 496388961 644604357 986512855 623376368 302441249 714406007 839167096 371531659 975651605 894089645 685974239 925454524 340719591 103684816 177588816
344808413 491187468 458477129 158918767 385153814 508119919 156207447 784138447 7098003 517119996 810321331 934304157 933808235 981868620 200147319 762186409 768600491 101134616 733366854 40804071 49690372 124016878 496379220 312510944 108406896 612548376 643429732 436482458 699623928 80871805 424060203 570351785 347832253 24512638 806665774 735969532 534547304 770233577 167397805 166801762 446150169 174787190 752851454 225394722 620653084 616078932 776860815 814002603 648016179 956325713 802992684 71133258
748686848 700160974 974519939 522552972 988794820 672695512 768314178 874218319 466192801 310839477 101117304 143719528 547798657 254237611 461785973 330545778 923051951 306676547 41384068 151763817 64842661 853023485 463529069 87522254 40244651 100623184 833542399 486902537 192794868 634776605 919927172 103281852 781889076 678429150 38910397 317626988 918605429 107036385 555386643 49391166 666899990 935050094 487694589 961733080 431404145 35722422 893974025 379756669 87995850 159649669 978181659 866365816
142910956 535754441 509946509 574922294 194235569 209558851 906920294 252488332 720812712 191127845 51049520 708633727 639474153 247426209 977514920 696629643 534055875 779063599 624596120 70337145 488663370 12380985 602591562 844804352 170325014 368740558 50588566 509477640 280289526 547106967 517790175 45113797 3564830 538877665 111388020 229658346 333282167 449364924 225099283 416301714 458271217 82105916 130781804 49101369 981729170 78712878 230763403 675070530 100571321 471311708 380104720 750047203
960815627 109578029 657115381 909070254 175256055 344920303 974197287 88022475 115800826 289330159 636565324 321745015 388955927 5473346 343619130 273831776 381058383 604739335 718970654 283238634 909426754 353870722 364275055 976715524 876358017 515567734 445341800 839948827 61744187 121256453 435537324 862281300 127159330 692888283 411654662 904510190 59435629 697519339 486684940 704272171 593802409 795577335 952515897 651128141 94671743 791229046 667783396 532758175 641454741 476876210 998064509 367923234
846832516 560688323 584198166 835288249 362916129 77263238 487761545 605794473 91838500 666394162 898188517 493442985 474950159 656492593 768980871 167427942 579105328 591124205 182387092 100138162 209789682 727199145 452676358 507815922 218314752 453622495 489861799 367143913 206710263 596145259 698807242 88480345 150697508 113804614 164998270 828144042 696602179 144465299 695409572 778061748 369049206 734690590 787034255 815424008 568291740 689150304 807195741 193378330 109070288 324016384 548166756 515349245
915801526 115461232 421571355 603240166 346575809 349442779 43456419 214198185 310315723 151998316 328245745 291664133 966317710 880419049 653814087 694137716 699547901 631901402 523509248 984434477 558600705 157129333 633264704 768864280 835746191 920000000 498923869 816655600 737410370 787871597 776440588 434512133 323450814 357904436 1191275 185961278 757646718 817643835 928451134 185205741 170365968 872647174 850689356 12203945 815070379 241920553 530145499 574007341 281945311 983491304 835499712 931150405
763171472 596561725 823211403 701951625 353578599 204113581 280356358 825970900 861228603 69354048 105967031 977324504 662437953 86483305 850146348 665829459 597565080 891884499 589639457 51675725 636715191 613842845 198754854 168633635 54612449 661225994 562343494 379726438 463165135 274936661 255698135 286945355 203833377 967558090 652858202 310295433 819424077 920422715 439815508 665171674 62920507 760566278 526506667 31325668 156777806 665276010 547107393 515743587 317570687 758980284 752351383 482266083
20446075 985022141 557864250 260841305 532987758 90328176 225017039 156448233 836064601 785344775 106835022 420962504 540738774 933327060 277262235 554684168 836781764 597768667 194656162 227882746 873435592 765480443 866564654 958820220 910907327 672730943 774124300 103235048 210324288 435229595 656001058 902167434 435408112 529283000 895186371 585032492 866658108 768110298 4248341 709768663 766362986 711730403 33653061 936442529 469059236 169053831 383854621 995118850 162131377 366105909 396713768 983415998
945579585 956739249 366692473 260003256 474136246 820427685 759020506 268601718 342875647 710507715 450561193 670622354 629105209 792150112 614303450 879333885 387299320 780949688 454582292 538317833 803638838 925167601 868073016 462002523 334032266 99398658 846248290 27503297 348776384 928334994 651577767 348758805 713075149 82933068 218390993 747055845 597843709 404509160 177880875 892686434 792156763 162626623 511105517 425185712 576343624 686038374 107805568 946520573 822285255 515720617 500351649 328196325
430937417 619881335 978679009 90627224 245702763 301752208 444853856 940295623 249809326 130840384 504569949 638622242 331359323 690121589 17996895 434023414 105786259 382703275 387239120 501772713 983145192 416401280 419509498 788679042 657465045 411125726 803737788 643578137 931280630 244597209 627221373 127809737 478253804 906786812 482732259 156183652 565016838 183132650 971187579 133232207 550175244 396320192 82887100 325945563 66664777 636567666 859778877 29615410 92637300 422424338 819201511 37436272
578861738 763606900 117386327 273722175 868260597 695454710 510354776 603164232 436316512 77475555 711372257 515054288 858197981 359033944 251885299 596758273 719256067 14810016 663467808 276275300 80046872 763275874 646848342 158764032 298590353 283079616 73626982 293111853 583223750 537450687 740866830 513185344 293319545 67117500 743816190 196072481 213416052 509589570 286531287 186847063 359054870 292523404 314651953 779013091 753647075 728640623 693635426 142190619 143396096 188963884 310126199 170232180
307902562 282685843 833847232 338619318 505810040 508401619 284684836 567737702 316400247 8062396 282292054 888725000 568250104 92273631 422054010 931382346 58891377 469245972 63372583 244371304 482392330 778321168 473111974 373945093 303860758 543798884 115414695 639326555 119615727 449553596 190640636 50758880 54497921 107538689 562751919 810930430 100319697 263219408 1340213 449304596 586019144 344316578 558443604 294370221 418047993 211181875 652389817 15856666 695259047 671646424 439856931 597342518
277870772 803718577 524905528 70956841 505291450 651278094 356298900 730585740 71626169 854087397 130339999 289623091 552490332 770276330 608833798 132810396 750426355 193307424 594628247 824350449 517635530 797391606 809336600 78613503 548914517 586887504 204627792 2311965 386431234 432850483 864622574 861742923 275082540 123184759 968083272 706263423 631552769 950853409 875621204 800481154 702987469 656563114 490964834 472073521 165934287 728896859 564656708 865855348 683426443 305183792 242090133 494382268
722493973 307979634 391737792 405408273 480554433 370160791 213465382 898756107 760217479 724512194 589481338 188042944 844172848 95686752 324814423 719257741 560643081 145420029 84668097 398015741 991918268 891528974 437399740 34240798 42926224 306203016 216940879 431701758 440564147 425018006 421266527 743198705 285356404 854894826 68649549 308662052 24958857 363104344 928043712 901623682 281738074 512565016 796068964 498023472 692321701 151347883 692064403 172444639 325456573 232234520 134144143 759598996
53442648 178879970 817786493 982215372 942081950 605838592 129576397 52047708 966810176 151807679 838571186 82167363 29284088 827737020 667122482 852567197 340479802 262778950 246080425 984482475 326078699 79872507 935801921 589165613 646280490 631459359 28938543 301138631 5542402 465752177 838672012 522073634 262822295 368568439 99307039 254826330 472531641 198392607 463242393 690182215 350369474 312657586 112103276 41752092 666985102 742649737 688949096 613632325 777481692 906157777 522960803 665594163
619070759 911418150 389807361 413734147 156435825 258531266 335337857 672362961 422543174 515036510 135873865 222254912 202334511 89508402 615916935 175538459 829853535 991310267 926811881 461336554 628929829 409260596 399096451 1746721 784866038 597737796 928765435 895566398 285359166 62657011 541221346 109258567 718323762 805625246 802972826 702640891 643704801 405814132 353351015 27020596 488613318 391421398 906532199 68832488 416976639 761841499 380952572 100908800 590757203 867222355 5951766 774008053
884745507 163972998 779096478 799478334 1509063 369619452 783760746 99695555 570781666 179660792 65529303 377642294 414299981 162151080 744976650 798218974 771187571 376003877 665366702 746869392 697624590 216470198 471873231 164405306 721788031 466300928 432248170 318110978 494293265 171788092 824155010 256882377 454116350 427751093 22955635 579774794 81720156 143969587 361080851 745430303 405246381 802438509 19892557 315614820 516350076 23680283 78175271 379631336 552188368 556328644 861540065 415966076
286204076 950507121 773201583 938746267 680379194 400642356 462546882 449728704 535043331 696242555 512064893 778841391 503509191 83566669 364621641 927473500 89624050 73802287 114747641 922365548 16623946 392495803 646201957 561470351 477150089 523895924 627311253 841485205 845734371 350247138 685249419 192397728 616645639 546427507 881689947 127870090 456549143 294200087 469534961 670209843 99221660 74034762 196610285 133001863 326191793 997135073 98783091 835789066 468468669 565222054 384348599 140859566
272055998 393380659 888917584 768097338 304811337 356576541 756602279 494070347 531627377 506768532 124376550 217194315 775719886 632574022 847102856 976339732 75328082 182321069 813660344 469429088 802784288 748522051 805829935 517308144 622007883 635384106 613098133 781731619 521760916 860644162 184626310 99946319 807913715 724985711 636941273 916609595 927688241 897105270 662628712 326791068 794386083 301957107 808447858 120576907 514478646 90222221 943996177 66665876 750286328 318820204 129983460 584144810
323104975 112522822 137790164 60311350 218510713 193852825 960004809 736693749 71338383 583570377 135325487 807928939 567251269 978871766 234683731 907124277 156812131 167195610 604978950 606516907 910726516 48765799 227382145 277511577 465885418 979909051 431793057 325316040 42149321 413499164 134591067 479383091 836886938 92538907 524365307 693123485 718145671 710679151 587047239 669958332 1423243 118811291 9406645 163650953 424550290 537556637 93959215 798938808 829105580 859730789 883303842 292670154
738657150 259286706 996294712 210986263 837400287 110510817 874873927 998069588 803941783 935986513 993704738 318158143 358488002 825338061 364603882 622072524 3914968 913260290 324519432 378921246 835139162 718854277 935441641 435469374 187722006 868056338 517246092 937657963 551098053 996769661 545723046 417826235 587602753 326232993 183601891 502782485 966382221 667263742 956666706 318507511 928657517 13821384 724638780 422818851 200294177 133575008 687090209 808834545 463101602 901861934 427572769 16571183
195917089 88424036 152326791 355981480 393559793 685157899 499850726 344585619 188621926 365922997 321415448 819384227 482763483 342616616 614556739 697632160 870400151 955031002 405613294 305014491 702999074 290707130 251633171 231482122 666857338 730498456 769269717 807321996 628066519 785244867 84225318 336692561 509977952 510816394 329332928 51460147 183604141 510671568 990378432 388809809 744014003 666148096 223508375 566327009 921715113 874181817 834800391 115445338 549744542 197402675 503313025 222350680
919496455 977000859 220779708 32012716 731808097 680590297 561123146 783773197 77983542 32303948 781507476 298665687 575178609 463140760 143974012 15825463 388698257 118324039 10657879 7211516 329278062 747872117 442325314 425920089 850029357 121112061 994296034 940841518 326098251 477397185 35749858 893050786 18061215 226616123 917256766 368854046 212380603 562218182 135757122 901951475 560749817 517585537 375594785 134232422 536330934 955979260 940381076 220333076 619978124 92969901 394569428 861041491
172330904 931832303 708882230 673818694 703531379 526219142 399019932 138977600 22736820 744219784 801164629 520928133 282855659 766994780 570157624 640350363 971634892 798724468 585283182 117338418 573388676 191784938 852732593 89252976 789733756 526052596 426900731 383749344 604446377 426663535 343271923 600594191 397364672 874655466 161015057 462710341 618855318 602157084 240877671 341177019 671570932 995823326 648467103 751567200 118759852 499512385 169737062 559955097 134461590 52766622 658317289 660074144
160520966 419633350 289300334 393549639 242829534 890569550 26415891 237107191 659635605 342518951 665418590 680762671 733893639 516683603 607712379 4197981 390722317 143179414 222874967 910459102 55062854 574568793 708562238 708518808 671677554 120015834 403261778 410041011 167328769 54775149 227707323 677741320 37415199 664706260 799952055 937676602 556738201 374145146 715735109 426112506 6970974 823858704 822014021 999304409 111985426 181545695 143594832 715598811 242220896 188318066 752088623 968927634
83751516 180109216 86879340 790967199 63786220 919001309 231694148 394607329 217951205 81492986 813029274 931193205 79778635 262779750 258787719 91810698 714854965 811384967 606456193 905914716 61144714 576337593 493550208 671794552 997400292 419063435 290669862 944702478 157184894 538041528 244482895 331584347 445200712 229577678 737611851 861670088 92365594 347168978 878624211 216825829 442119289 955381994 994488729 680781562 934920088 144136185 259642184 720071696 318275208 730816683 226911166 137821073
977168204 382163830 228860051 613756744 422071706 873054508 120047178 153879345 589607204 545196075 14175286 38441847 733962910 503107733 105775087 379493491 745395654 317436425 137234631 886090149 973790349 300922718 513689295 6736157 263955689 598665591 601478016 725225047 225846503 196423608 956810123 162170018 657405115 714074809 527818689 779360928 289904773 247676480 110723426 119907531 600805357 856480193 238173564 926700365 6439121 36847189 621431005 728966101 512943477 681839260 198296893 940505572
703692599 420993184 470552100 294678044 748018657 923255132 175184802 385990480 259901465 190971784 238626279 579760762 486669283 329038677 810975379 146007141 582718145 128093219 730522721 933177567 108038808 678775527 167489737 622135473 332324193 705351812 435833684 673882764 424543299 572539119 69520747 83935668 136290043 584246051 938272984 182778157 226452953 520621612 716992685 619259673 476222304 781642241 70472864 465676515 68201065 696176256 874461343 98730755 8237565 799633255 869596599 558730424
834462509 821308616 584987511 803131472 86997808 84629813 866506276 475015659 929119280 445853665 575806326 854956592 593352716 198609394 359130535 542699778 111136431 746772927 609839641 475616970 286507808 530010704 49237225 658639756 433935930 826978128 431327789 929174691 598646063 58051396 268363283 715179862 508373847 65237128 56419110 73790569 700860652 876676970 153427350 385972983 811539673 889591591 179951352 852227557 698796074 783614008 902528904 822764999 74450660 53939768 933012632 570123410
620101244 114635375 834564328 976544904 793204421 374410488 344692045 989025333 108256319 564092213 567904623 357587198 380935240 483709051 645674019 8535285 21209264 729640634 256962896 261864832 486664475 760816386 377076281 670041890 249876101 887785759 807376099 911848593 167229576 502196372 429013898 361164737 119612634 327875675 786111445 80210444 176941893 276693289 478768215 500146462 818036918 549426024 237722868 945575863 513625215 402270553 164386198 301841585 318074759 385419190 678421731 179852662
636287028 131759359 843010753 371657799 219678983 171004467 748796164 618303318 122086276 914915467 127079939 138124203 702528649 988658458 310987661 177472157 532764532 356613016 664223282 172606340 314956552 856151835 622464546 468845920 432151109 538731484 41347806 779153912 824885770 59834033 747276372 614764526 121896789 914846974 170691767 779404901 371074393 223600608 80272898 617103743 431234590 281619311 788517934 622638489 1618398 797421499 93727209 245798871 484776241 792129185 589441500 629049771
127629651 856838135 857276686 7685920 419642650 206960533 145726537 84237891 950857954 400252382 925718215 50908443 461972596 232646486 457321479 290672024 947797168 304282316 165010946 267965695 8191234 68275935 735325138 832182087 984279653 654251058 634711294 230476279 84121997 547980665 85662823 926302119 20542077 880876488 219862488 891532082 319328679 580226811 572845377 886219440 192654892 18122595 910532384 873234167 950954367 843873150 127953573 770359072 79495041 16595950 578474761 180535309
389167947 800985201 578653774 419756479 201939274 701705542 936844735 209897117 265695738 856861192 941357513 795861351 260281238 240045736 545219784 517395432 634608604 448867576 73690304 731554600 708775578 475669413 148682374 30422542 511717933 613503229 732864893 750819751 20234535 645583085 37410790 805146729 404488017 217315670 521783072 308307409 30444028 245643186 123073199 451426196 298929669 380861223 994183678 5470206 425381175 255826120 469991651 213723833 745292994 387864626 335077134 391619975
75269328 266754531 183119830 965857250 768255992 581308502 714794362 838980206 539832756 977090338 235408282 200211820 654396710 850465879 237732831 827938654 137564396 40155615 268689777 409421510 316310257 169285483 578670560 386355704 755194314 204325416 69155342 401280001 768048614 138415009 472201567 783155266 875884355 438861773 261013191 35478643 251570186 633420232 323168423 992527966 487910236 524619481 573312889 836878688 527534697 763478644 382832347 917686515 423218255 901963673 690221548 58836190
734458147 761586928 990333310 801568968 756574807 37192099 554614580 64611144 568999265 167942036 389869837 62925289 341811805 653098728 968245913 749497933 215644361 863502146 501366986 410419224 544365180 672899116 10216163 505126226 226475170 131047654 417142788 321999887 842089121 565755452 916815969 549371279 219734839 34536471 138445406 244254807 427050090 872158179 175833261 244040924 126265079 541644255 830628130 295583414 576544342 75895493 181002227 35380620 187264315 144288592 543571044 835278210
853431149 713644248 267409232 252716928 732379260 335844793 750955457 890894818 828489827 627039037 734772909 561258124 638257122 139390072 537174566 832741286 292647330 195985876 539156655 536296863 137954523 626433477 127923782 601123270 399017905 283125661 274197242 20641812 619399537 778649863 965737323 649742061 763824390 907635353 106861568 679959698 276589654 819556198 283920062 11765198 163676706 732873946 676180759 806997231 883405463 968969921 431681961 516200190 891333121 213456468 272269765 888780992
424951965 72029665 473525239 505458433 224449104 515332728 298590109 723780752 840798697 448895045 811040846 313740627 146045171 43828074 788632341 858982594 799754896 117916033 349185688 472287491 266468365 146715074 288632639 712875819 134820259 921680139 411612038 709127306 803337134 150314324 66617237 758804828 757888820 23320077 402008538 398660061 383076913 20690919 609614642 30232244 776272405 639930965 758763835 421090696 815340614 179848563 26507114 550191578 78428905 309258466 618120262 246153041
15113748 968558283 194182622 630829007 679138634 534023929 9135279 876184186 679066716 405163975 97732906 464299786 272906107 345240813 884260330 490202985 425209941 243936909 829464321 684189242 992882899 800219179 859018633 102122518 49242062 124443049 569138837 464690667 235090053 59440639 832757151 483425043 154638504 958610227 68605102 356216610 929869801 837124056 816008026 356310805 708893816 220702862 721541282 374342765 801393665 795452031 799608927 468859982 74535808 41304532 58425396 85019164
51458618 954374003 818194274 785461135 895369375 94901422 277543467 869140426 63819812 909531747 868755931 262997391 696189905 118365263 172027511 310152882 92857623 475004071 359227459 65343994 766898020 962991682 130629393 547982489 357346827 540284457 133731743 763886385 53521077 559146244 499112454 255076923 449008133 372443386 519406696 882784529 248998339 840818634 43747681 482249006 179016366 271034088 245642464 243833442 200866719 322607564 128680881 1560218 388403266 578074454 889596191 413643441
725768573 971456028 335450242 934159851 629450247 658109489 179717629 423969421 73645441 631076750 269406977 609164235 301481000 422241011 673095021 577220789 162194934 634168971 659297296 350980421 893547044 21394350 682193267 680063991 412868376 377967811 462004881 559834 485204203 968821657 837510988 374345379 674430759 176572108 347196022 710212230 197506166 520162662 676804991 980414841 223728237 292712421 547053450 263293575 113131241 576433205 814750762 531080799 420897525 837678149 83799055 658524195
362738895 143527596 474978593 971206637 560239722 894039111 142673377 139580036 803178013 674256191 632308592 118707196 410092033 170765575 424846247 396033302 887984093 847238918 302392716 921732490 672734255 265495343 100378868 550023381 577583849 486786455 468099876 644995756 502538664 266803493 765343437 903063123 983303569 848914492 614376254 363850378 977373095 295796394 333838962 611460393 410548728 78771961 596863571 945585698 9612002 707611639 842295441 82088595 959974970 764590379 561436128 562981710
754561695 687021255 379629978 789110190 762181029 519308544 382078850 152062575 19297723 704808910 935090989 479113736 554302216 216488205 175657955 239409257 829778529 138483047 662981945 864798222 714449359 399519873 941514510 211201497 158377418 677128452 190265546 316420266 36204601 674726977 997963271 369636631 702063185 734321393 678242100 327668809 470507358 141377518 277903953 546322603 779174948 772915003 33477978 151009266 17479007 483745619 677619418 523045061 942705697 97409977 135959735 639653815
524671508 960516564 873386671 814295894 974202522 298815840 74756837 421117577 671031513 896604933 642254283 406588459 868052506 793081518 497637976 709613768 643168 468323076 180735918 512087725 992037514 768717930 785145090 888992358 281121075 288141574 361194198 68765425 7778864 851884535 480850636 722953579 862782151 410742263 467921406 872230445 239636207 3463284 738541260 864103530 75820996 429440450 564527329 851956007 760416879 872232199 2305225 776198363 377109484 546057447 663571055 851942437
118415538 661457194 32763418 363207643 959590756 520402202 783270208 488462238 715812607 603696208 173926545 19872308 206158936 80099491 197244279 29691682 949911063 761689622 967038160 819053013 205472488 980670142 458549560 164932388 318370104 530754661 458467733 328981070 241861019 254695460 464778335 430626931 582459711 59321226 864041705 720148556 252663048 465086315 435101564 839274931 642048623 646196216 217013975 162367426 337384516 718924569 57231263 472140825 227516388 193877615 541342296 247461517
305674586 865373024 219648850 327498735 415743920 513786790 717280063 566103123 210020851 173660571 667134752 275807238 829904608 763709024 664977177 530492030 296269787 674104450 298084453 157787281 117537425 486188281 68561825 443524382 328796500 651624333 219854773 884145481 8092520 558346251 616569717 905564226 715538743 870024690 705024791 62736625 685208949 505663805 575093867 726178225 944002940 693955581 254855728 514065492 492548733 54776304 721692966 872903891 344121458 833097974 36723046 609806708
93567563 241305901 31498003 14242091 685949167 230375428 69889800 56081690 909231165 294697473 798358834 729995151 983951215 850243691 271630603 990907765 908307095 862646365 320904913 140583515 796025691 832465833 526723536 7542752 585778813 563118384 926095345 904290606 369197311 387638018 583662338 214841390 54176095 850029476 894956787 598968913 524286783 813524995 58112768 325244136 360435817 778700337 927648484 650514566 372886926 561016184 798487695 752092659 917507156 100872959 115329315 490924080
226683131 529601299 110391222 979517368 906223291 920250948 204256748 114722680 892541119 545663789 319276520 819638481 934357722 704232522 144274810 372888809 844290488 1409154 633788795 437176290 547026377 411143903 925070219 21894218 658903228 900577642 382659719 838263286 588762140 229124497 228782680 765028025 696169645 754724565 453199496 977677483 170078888 249090971 563285211 458562793 96214601 345903320 441957916 955968823 160772654 728892964 493100031 956219450 410519438 649918730 445013718 946812805
930500785 154037330 499080656 831347694 74923372 754151437 687307733 676833122 525654317 649662420 151784149 93825451 106706182 500790812 311133895 847631504 556535146 537279096 422103154 127593998 379803034 22782361 94679091 764587608 614583198 176794130 807393438 616153804 474190026 721048985 523859550 168887678 133157953 296629815 604442206 769754931 5994558 945058153 342996952 853867355 49202022 206391140 993616365 230906934 636399062 343243105 102959152 782605832 365025673 779972687 751567915 536535174
955109542 612435977 902574988 569954715 916484106 958584168 413373283 342512659 13269469 494062317 958197405 684930888 491242025 237913521 105215266 580449100 46278871 906636935 919780188 478829814 652049778 168946549 917652081 833097866 624247161 166021450 294508333 328930755 893190071 791322348 230208379 976465596 39783381 919190008 748952809 880110801 235278618 803351289 837653159 372699491 722373328 571365331 974610266 683413827 924957986 496981184 649634032 24202899 700513360 843783790 382356456 279325940
300033833 61460345 602864242 504775551 286939445 59390858 885489089 115826079 978177584 880263953 906834202 155332594 819256455 802384197 161364925 200538615 949781378 52114672 216984501 900435931 535238542 70084912 101458841 503187124 159875779 133452424 216710711 290486020 909562116 668092844 304390828 20572696 126606087 187048118 788332654 157794624 296002567 719894843 805084763 499410181 864691631 185943932 734195378 697309562 203802626 936910405 253783599 231233413 820266898 347128977 650187759 384640618
406934403 407889015 799358337 131267424 857420200 486664996 673078964 874641870 183055970 599096014 202857883 655616793 377581355 331112628 562418928 177073341 433795450 787481606 73463573 818060872 357637932 168702037 30818151 808619408 804384762 740093601 390141979 83274630 791311413 7151804 707153221 334569874 884754049 466330071 89326117 626400218 15018021 615107795 984550751 552319656 61161546 674430965 734586742 631790252 502688061 470130193 867597695 935461256 865384383 837302196 43292366 472317235
181500618 749530568 85761538 796685817 624703051 24525556 261524322 671131395 452446868 762783833 339326697 88392197 112866143 402480418 833299865 434158056 191605950 209629899 705553095 871131930 195289057 414387315 987858663 935158592 4472274 103443149 779994807 695406210 35415827 464194930 8877806 86646268 971511038 786162659 650154825 254780567 446364439 558157554 69493196 760892966 800981723 526717656 323838223 929078353 186777693 976289813 101937493 856795817 80292683 608753567 752187307 340701496
187477323 210647105 480703834 700616048 775542231 45246879 973484694 386201803 939116801 164951440 498138578 749954193 74761348 634179795 365205193 392238356 126246114 24380203 795900381 823334530 669917626 211844840 399660699 14956632 781674696 917089513 729883182 99607254 261390808 384149633 795100089 859306783 740525585 100764217 802695231 61861614 434289060 965144294 876366770 707242388 849636523 869809030 117536922 538179884 188937302 478720669 411221965 421134669 99661968 249615476 514280139 375643869
502411514 677255956 990453696 386769301 509219476 705318106 801848365 951385243 347280157 5636912 430422543 725035849 389442223 612663843 152992098 248329459 333735117 642714335 517340239 458844495 626071158 27968895 345472617 449372698 432127178 329388876 95877186 833607073 662460488 960820473 966830627 730378199 562989577 243844805 770550086 125463014 476196279 909241876 677198447 404232267 935004318 100950895 492095791 850076013 815994664 532915535 524717700 824975135 980311845 174807263 284242403 525610777
312138012 472968539 515521818 610944332 976165219 36975927 44401917 924176926 258486556 235665901 187631235 544702743 956768758 352695904 793820039 982365233 810836306 490033319 342727495 556664954 351086167 256489442 993669251 125352553 949121897 399457464 385680434 764804176 660108087 915371409 493473811 833337114 640351412 460785976 250330604 840477521 387130185 697651466 916321489 287909598 734346848 608045665 31969492 496891389 239858050 45506905 791461581 494658263 731798404 146917503 388553460 114796415
450505575 712467806 892347635 647485028 930243113 679740694 105121066 713509291 506867404 27254807 166051405 625068510 436451027 323475831 326969327 841227311 659886673 381239055 781032510 729605069 285859257 202193766 778000133 64203387 495679399 696237357 498198124 414774274 745196982 696012730 691494799 929068708 747594709 406582743 859288323 763068788 459849783 846894848 169895562 332670282 871027670 844973147 427128394 519352311 973746411 799098373 486913413 246644616 253661590 391315457 661715247 684732366
469882726 662156552 766541731 860430581 64820994 796146948 605312455 479958008 909088296 448449343 145178235 407464447 698186525 431617679 27767134 155749238 975545950 648059500 726859808 885408301 803360921 806707150 878663126 530205704 973014332 769291386 827828912 828656807 634986171 742077909 66453948 986538954 232204486 353570977 824728462 50827542 485585590 756321396 302538155 880487659 580812973 157537437 817189851 530495163 300104633 879981128 318511055 77679248 634271298 579722598 195911545 84933674
744083235 96127865 174821545 175023578 272073581 718210413 516941082 407960140 691439151 113563998 56878464 770904313 568234988 605598249 916463035 462167495 858545173 257186069 752422134 178561825 881757491 309760373 764418133 241953313 858965587 255584177 550803692 551888324 588197767 892939412 44512847 818169751 815724458 705939635 830145244 221372463 579557093 671570950 225577339 12909344 696377754 862632878 489814687 657498836 846584482 124168552 891615229 730575179 875547297 768417680 220409715 750066902
0 1 0 1 0 1 0 1 0 1 0 0 0 1 0 1 0 1 0 1 0 1 0 1 0 1 0 1 0 1 0 1 0 1 0 1 0 1 0 1 0 1 1 1 0 1 0 1 0 1 0 1
1 0 1 0 1 0 1 0 1 0 1 0 1 0 1 0 1 0 1 0 1 0 1 0 1 0 1 0 1 1 1 0 1 0 1 0 1 0 1 0 1 0 1 0 1 0 1 0 1 0 1 0
0 1 0 1 0 1 0 1 0 1 0 1 0 1 0 1 0 1 0 1 0 1 0 1 0 1 0 1 0 1 0 1 0 1 0 1 0 1 0 1 0 1 0 1 0 1 0 1 0 1 0 1
1 0 1 0 1 0 1 0 1 0 1 0 1 0 1 0 1 0 1 0 1 0 1 0 1 0 1 0 1 0 1 0 1 0 1 0 1 0 1 0 1 0 1 0 1 0 1 0 1 0 1 0
0 1 0 1 0 1 0 1 0 1 0 1 0 1 1 1 0 0 0 1 0 1 0 1 0 1 0 1 0 1 0 1 0 1 0 1 0 1 0 1 0 1 0 1 0 1 0 1 0 1 0 1
1 0 1 0 1 0 1 0 1 0 1 0 1 0 1 0 1 0 1 0 1 0 1 0 1 0 1 0 1 0 1 0 1 0 1 0 1 0 1 0 1 0 1 0 1 0 1 0 1 0 1 0
0 1 0 1 0 1 0 1 0 0 0 1 0 1 0 1 0 1 0 1 0 1 0 1 0 1 0 1 0 1 0 1 0 1 0 1 0 1 0 1 0 1 0 1 0 1 0 1 0 1 0 1
1 0 1 0 1 0 1 0 1 0 1 0 1 0 1 0 1 0 0 0 1 0 1 0 1 0 1 0 1 0 1 0 1 0 1 0 1 0 1 0 1 0 1 0 1 0 1 0 1 0 1 0
0 1 0 1 0 1 0 1 0 1 0 1 0 1 0 1 0 1 0 1 0 1 0 1 0 1 0 1 0 1 0 1 0 1 0 1 0 1 0 1 0 1 0 1 0 1 0 1 0 1 0 1
1 0 1 0 1 1 1 0 1 0 1 0 1 0 1 0 1 0 1 0 1 0 1 0 1 0 1 0 1 0 1 0 1 0 1 0 1 0 1 0 1 0 1 0 1 0 1 0 1 0 1 0
0 1 0 1 0 1 0 1 0 1 0 1 0 1 0 1 0 1 0 1 0 1 0 1 0 1 0 1 0 1 0 1 0 1 0 1 0 1 0 1 0 1 0 1 0 1 0 1 0 1 0 1
1 0 1 0 1 0 1 0 1 0 1 0 1 0 1 0 1 0 1 0 1 0 1 0 0 0 1 0 1 0 1 0 1 0 1 0 0 0 1 0 1 0 1 0 1 1 1 0 1 0 1 0
0 1 0 1 0 1 0 1 0 1 0 1 0 1 0 1 0 1 0 1 0 1 0 1 0 1 0 1 0 1 0 1 0 1 0 1 0 1 0 1 0 1 0 1 0 1 0 1 0 1 0 1
1 0 1 0 1 0 1 0 1 0 1 0 1 0 1 0 1 0 1 0 1 0 1 0 1 0 1 0 1 0 1 0 1 0 1 0 1 0 1 0 1 0 1 0 1 0 1 0 1 0 1 0
0 1 0 1 0 1 0 1 0 1 0 1 1 1 0 1 0 1 0 1 0 1 0 1 0 1 0 1 0 1 0 1 0 0 0 1 0 1 0 1 0 1 0 1 0 1 0 1 1 1 1 1
1 0 1 0 1 0 1 0 1 0 1 0 1 0 1 0 1 0 1 0 1 0 1 0 1 1 1 0 1 0 1 0 1 0 1 0 1 0 1 0 1 0 1 0 1 0 1 0 1 0 1 0
0 1 0 1 0 1 0 1 0 1 0 1 0 1 0 1 0 1 0 1 0 1 0 1 0 1 0 1 0 1 0 1 0 1 0 1 0 1 0 1 0 1 0 1 0 1 0 1 0 1 0 1
1 0 1 0 1 0 1 0 1 0 1 0 1 0 1 0 1 0 1 0 1 0 1 0 1 0 1 0 1 0 1 0 1 0 1 0 1 0 1 0 1 0 1 0 1 0 1 0 1 0 1 0
0 1 0 1 0 1 0 1 0 1 0 1 0 0 0 1 0 1 0 1 0 1 0 1 0 1 0 1 0 1 0 1 0 1 0 1 0 1 0 1 0 1 0 1 0 1 0 1 0 1 0 1
1 0 1 0 1 0 1 0 1 0 1 0 1 0 1 0 1 0 1 0 1 0 1 0 1 0 1 0 1 0 1 0 1 0 1 0 1 0 1 0 1 0 0 0 1 0 1 0 1 1 1 0
0 1 0 1 0 1 0 1 0 1 0 1 0 1 0 1 0 1 0 1 0 1 0 1 0 1 0 1 0 1 0 1 0 1 0 1 0 1 0 1 0 1 0 1 0 1 0 1 0 1 0 1
1 0 1 0 1 0 1 0 1 0 1 0 1 0 1 0 1 0 1 0 1 0 1 0 1 0 1 0 1 0 1 1 1 0 1 0 1 0 1 0 0 0 1 0 1 0 1 0 1 0 1 0
0 1 0 1 0 1 0 1 0 1 0 1 0 1 0 1 0 1 0 1 0 1 0 1 0 1 0 1 0 1 0 1 0 1 0 1 0 1 0 1 0 1 0 1 0 1 0 1 0 1 0 1
1 0 1 0 1 0 1 0 1 0 1 0 1 0 1 0 1 0 1 0 1 0 1 0 1 0 1 0 1 0 1 0 1 0 1 0 1 0 1 0 1 0 1 0 1 0 1 0 1 0 1 0
0 1 0 1 0 1 0 1 0 1 0 1 0 1 0 1 0 1 0 1 0 1 0 1 1 1 0 1 0 1 0 1 0 1 0 1 0 1 0 1 0 1 0 1 0 1 0 1 0 1 1 1
1 0 1 0 1 0 1 0 1 0 1 0 1 0 1 0 1 0 1 0 1 0 1 0 1 0 1 0 1 0 1 0 1 0 1 0 1 0 1 0 1 0 1 0 1 0 1 0 1 0 1 0
0 1 0 0 0 1 0 1 0 1 0 1 0 1 0 1 0 1 0 1 0 1 0 1 0 1 0 1 0 1 0 1 0 1 0 1 0 1 0 1 0 1 0 1 0 1 0 1 0 1 0 1
1 0 1 0 1 0 1 0 1 0 1 0 1 0 1 0 1 0 0 0 1 0 0 0 1 0 1 0 1 0 1 0 1 0 1 0 1 0 1 0 1 0 1 0 1 0 1 1 1 0 1 1
0 1 0 1 0 1 0 1 0 1 0 1 0 1 0 1 0 1 0 1 0 1 0 1 0 1 0 1 0 1 0 1 0 1 0 1 0 1 0 1 0 1 0 1 0 1 0 1 0 1 0 1
1 0 1 0 1 0 1 0 1 0 1 0 1 0 1 0 1 0 1 0 1 0 1 0 1 0 1 0 1 0 1 0 1 0 1 0 1 0 1 0 1 0 1 0 1 0 1 0 1 0 1 0
0 1 0 1 0 1 0 1 0 1 0 1 1 1 0 1 0 1 0 1 0 1 0 1 0 1 0 1 0 1 0 1 0 0 0 1 0 1 0 1 0 1 0 1 0 1 0 1 0 1 0 1
1 0 1 0 1 0 1 0 1 0 1 0 1 0 1 0 1 0 1 0 1 0 1 0 1 0 1 0 1 0 1 1 1 1 1 0 1 0 1 0 1 0 1 0 1 0 0 0 1 0 1 0
0 1 0 1 0 1 0 1 0 1 0 1 0 1 0 1 0 1 0 0 0 1 0 1 0 1 0 1 0 1 0 1 0 1 0 1 0 1 0 1 0 1 0 1 0 1 0 1 0 1 0 1
1 0 1 0 1 0 1 0 1 0 1 0 0 0 1 0 1 0 1 0 1 0 1 0 1 0 1 0 1 0 1 0 1 0 1 0 1 0 1 0 1 0 1 0 1 0 1 0 1 0 1 0
0 1 0 1 0 1 0 1 0 1 0 1 0 1 0 1 0 1 0 0 0 1 0 1 0 1 0 1 0 1 0 1 0 1 0 0 0 1 0 1 0 1 0 1 0 1 0 1 0 1 0 1
1 0 1 0 1 0 1 0 1 0 1 0 1 0 1 0 1 0 1 0 1 0 1 0 1 0 1 0 1 0 1 0 1 0 1 0 1 0 1 0 1 0 1 0 1 0 1 0 1 0 1 0
0 1 0 1 0 1 0 1 0 1 0 1 0 1 0 1 0 1 0 1 0 1 0 1 0 1 0 1 0 1 0 1 0 1 0 1 0 1 0 1 0 1 0 1 0 1 0 1 0 1 0 1
1 0 1 0 1 1 1 0 1 0 1 0 0 0 1 0 1 0 1 0 1 0 1 0 1 0 1 0 1 0 1 0 1 0 1 0 1 0 1 0 1 0 1 0 1 0 1 0 1 0 1 0
0 1 0 1 0 1 0 1 0 1 0 0 0 1 0 1 0 1 0 1 0 1 0 1 0 1 0 0 0 1 0 1 0 1 0 1 0 1 0 1 0 1 1 1 0 1 0 1 1 1 0 1
1 0 1 0 1 1 1 0 1 0 1 0 1 0 1 0 1 0 1 0 1 0 1 0 1 0 1 0 1 0 1 0 1 0 1 0 1 0 1 0 1 0 1 0 1 0 1 0 1 0 1 0
0 1 0 1 0 1 0 1 0 1 0 1 0 1 0 1 0 1 0 1 0 1 0 1 0 1 0 1 0 1 0 1 0 1 0 1 0 1 0 1 0 1 0 1 0 1 0 1 0 1 0 1
1 0 1 0 1 0 1 0 1 0 1 0 1 0 1 0 1 0 1 0 1 0 1 0 1 0 1 0 1 0 1 0 1 0 1 0 1 0 1 0 1 0 1 0 1 0 1 0 1 0 1 0
0 1 0 1 0 1 0 1 0 1 0 1 0 1 0 1 0 1 0 1 0 1 0 1 1 1 0 1 0 1 0 1 0 1 0 0 0 1 0 1 0 1 0 1 0 1 0 1 0 1 0 1
1 0 1 0 1 0 0 0 1 0 1 0 1 0 0 0 1 0 1 0 1 0 1 0 0 0 1 0 1 0 1 0 1 0 1 0 1 0 1 0 1 0 1 0 1 0 1 0 1 0 1 0
0 1 0 1 0 1 0 1 0 1 0 1 0 1 0 0 0 1 0 1 0 1 0 1 0 1 0 1 0 1 0 1 0 1 0 1 0 1 0 1 0 1 0 1 0 1 0 1 0 1 0 1
1 0 1 0 1 0 1 0 1 0 1 0 1 0 1 0 1 0 1 0 1 0 1 0 1 0 1 0 1 0 1 0 1 0 1 0 1 0 1 0 1 0 1 0 1 0 1 0 1 0 1 0
0 1 0 1 0 1 0 1 0 1 0 1 0 1 0 1 0 1 0 1 0 1 0 1 0 1 0 1 0 1 0 1 0 1 0 1 0 1 0 1 0 0 0 1 0 1 0 1 0 1 0 1
1 0 1 0 1 0 1 0 1 0 1 0 1 0 1 0 1 0 1 0 1 0 1 0 1 0 1 0 1 0 1 0 1 0 1 0 1 0 1 0 1 0 1 0 1 0 1 0 1 0 1 0
0 1 0 1 0 1 0 1 0 1 0 1 0 1 0 1 0 1 0 1 0 1 0 1 0 1 0 1 0 1 0 1 0 1 0 1 0 1 0 1 0 1 0 1 0 1 0 1 0 1 0 1
1 0 1 0 1 0 1 0 1 0 1 0 1 0 1 0 1 0 1 0 1 0 1 0 1 0 1 0 1 0 1 0 1 0 1 0 1 0 1 0 1 0 1 0 1 0 1 0 1 0 1 0
0 1 0 1 0 1 0 1 0 1 0 1 0 1 0 1 0 1 0 1 0 1 0 1 0 1 0 1 0 1 0 1 0 1 0 1 0 1 0 1 0 1 0 1 0 1 0 1 0 1 0 1
1 0 1 0 1 0 1 0 1 0 1 0 1 0 1 0 1 0 1 0 1 0 1 0 1 0 1 0 1 0 1 0 0 0 1 0 1 0 1 0 1 0 1 0 1 0 1 0 1 0 1 0
0 1 0 1 1 1 0 1 0 1 0 1 0 0 0 1 0 1 0 1 0 1 0 1 0 1 0 1 0 1 0 1 0 1 0 1 0 1 0 1 0 1 0 1 0 1 0 1 0 1 0 1
1 0 1 0 1 0 1 0 1 0 1 0 1 0 1 0 1 0 1 0 1 0 1 0 1 0 1 0 1 0 1 0 1 0 1 0 1 0 1 0 1 0 1 0 1 0 1 0 1 0 1 0
0 1 0 1 0 1 0 1 0 1 0 1 0 1 0 1 0 1 0 1 0 1 0 1 0 1 0 1 0 1 0 1 0 1 0 1 0 1 0 1 0 1 0 1 0 1 0 1 0 1 0 1
1 0 1 0 1 0 1 0 1 0 1 0 1 0 1 0 1 0 1 0 1 0 1 0 1 0 1 0 1 0 1 0 1 0 1 0 1 0 1 0 1 0 1 0 1 0 1 1 1 0 1 0
0 1 0 1 0 0 0 1 0 1 0 1 0 1 0 1 0 1 0 1 0 1 0 1 0 1 0 1 0 1 0 1 0 1 0 1 0 1 0 1 0 1 0 1 0 1 0 1 0 1 0 1
1 0 1 0 1 0 1 0 1 0 1 0 1 0 1 0 1 0 1 0 1 0 1 0 1 0 1 0 1 0 1 0 1 0 1 0 1 0 1 0 1 0 1 0 1 0 1 0 1 0 1 0
0 1 1 1 0 1 0 1 0 1 0 1 0 1 0 1 0 1 0 1 0 1 0 1 0 1 0 1 0 1 0 1 1 1 0 1 0 1 0 1 0 1 0 1 0 1 0 1 0 1 0 1
1 0 1 0 1 0 1 0 1 0 1 0 1 0 1 0 1 0 1 0 1 0 1 0 1 0 1 0 1 0 1 0 1 0 1 0 1 0 1 0 1 0 1 0 1 0 1 0 1 0 1 0
0 1 0 1 0 1 0 1 0 1 0 1 0 1 0 1 0 1 0 1 0 1 0 1 0 1 0 1 0 0 0 1 0 1 0 1 0 1 0 1 0 1 0 1 0 1 0 1 0 1 0 1
1 0 1 0 1 0 1 0 1 0 1 0 1 0 1 0 1 0 1 0 1 0 1 0 1 0 1 0 1 0 1 0 1 0 1 0 1 0 1 0 1 0 1 0 1 0 1 0 1 0 1 0
0 0 0 1 0 1 0 1 0 0 0 1 0 1 0 1 0 0 0 1 0 1 0 1 0 1 0 1 0 1 0 1 0 1 0 1 0 1 0 1 0 1 1 1 0 1 0 1 0 1 0 1
1 0 1 0 1 0 1 0 1 0 1 0 1 0 1 0 0 0 1 0 1 0 1 0 1 0 1 0 1 0 1 0 1 0 1 0 1 0 1 0 1 0 1 0 1 0 1 0 1 0 1 0
