63 67
216983730 646988021 304784325 805542978 349377648 909066314 391981570 838652189 771798987 892878977 786273868 706950506 858124665 596004925 37275870 262359344 838802281 162926002 244531616 492629922 447566614 888534002 441570960 3161653 193592107 996144275 948606037 741764653 677314942 505062961 12522243 849012431 675685044 344515631 757541631 189071213 853026074 339742332 807217647 168935645 367005880 719702546 920905024 388185528 997752926 359396056 539451470 805225226 883358640 381269594 214599067 850944269 566021444 595374237 687749863 948199834 803504706 121306180 871567577 359138327 250882436 65238861 176726657 976697726 689939304 195563704 624752398
651648405 523987438 590601507 222864703 613994943 563555550 853109045 437924482 655884189 737786752 539342143 719674868 22475500 280829680 10355847 715841789 949108165 396925561 449552566 973604434 887417586 19494640 856942100 555915531 969969354 991363305 975893978 887983568 315708589 103637329 162961951 903615761 929218546 480462859 440362221 307853425 114085932 53949718 605767978 135363261 664821491 598724471 72122548 854764111 807642896 444312606 376432698 771738484 450297287 998927972 289008532 623530160 833105600 384573771 302666633 22637506 343323973 864994070 915008594 215966325 169369907 376152415 232310596 37442698 904338113 867571023 430320424
235954902 956729416 706285710 852963438 671649893 325670300 420955507 645344078 683859681 427476678 970017579 42003959 732410357 367229031 74740206 773398434 295886284 548275026 263549745 185455277 731677926 261509515 884055297 755892230 132950350 807863131 703827278 293551614 299926572 959278154 512987141 466431809 604563627 481925622 474775033 358972864 124093936 763238927 696483819 694156685 977720207 751372927 322264769 226511178 123214815 130943051 328093733 566270366 164309944 178569266 109669213 799371020 140271745 619254973 812977179 157057504 568115275 74702117 929562698 947826437 340699121 205098239 437802675 424780763 655410055 20785620 691155192
40428172 60301481 309448257 304997856 637776603 522267492 234372284 327299526 156997953 645863334 30480276 331236867 858913504 254041435 233598308 634259038 874989348 45018722 912634368 828658265 785228790 108257336 179906691 436642294 544313453 383439457 721092047 140215213 990254939 517441501 518038192 620641514 356794400 642607612 37062153 355697587 58411720 519897540 487647861 324188806 236816646 87638325 453499565 753378943 81691525 155647853 113642461 715275719 42328477 473256510 717197012 14290081 480376446 734919651 24217065 391464275 76459801 721889916 719689368 410394938 700155525 840320316 952611082 305780114 74381889 393134172 503149158
885407336 226278156 208718562 463854671 423921859 190106277 36605760 20753150 382089903 146171112 903436805 571608176 196118659 763019311 636828137 291478817 735990059 37454386 450170971 626805767 597638987 575458361 381619042 767265034 670283241 794368179 569057905 657469808 375053870 349711941 84535997 124622706 968558750 809468823 200285228 393911372 954731113 148566591 707013626 579737846 390580368 829086134 668354571 675606165 823875244 152332543 59061605 954393451 397429576 807417073 768625155 884881726 698455273 407476967 296352491 190180064 561892910 579087424 312296092 347433106 115579701 340491185 362561518 639819600 854760517 434172020 34741327
375229382 875659898 966601800 520711827 285470482 358920933 412272326 773619567 804194099 312998697 646360674 542006543 683500364 356353679 710269800 602762246 37723642 4939755 276704647 233118577 874245174 511382042 424515021 38992614 756209145 767345732 750100590 363635598 447247408 941449850 815012217 751953348 280636968 961465779 397758286 934089173 187122168 645211059 715311007 700447892 724211959 327235527 590307001 811877527 840442636 987524034 10448683 907898047 938986582 521777081 234153835 199783422 780719628 520883706 660720929 334694356 493485614 763438551 885101054 895403163 211937506 661230465 923496922 940127511 642246079 597431566 764551205
161229720 387165971 397066395 234919912 526031430 503931693 845059182 84239996 542935556 483025194 58826764 108055160 994322766 730393540 707183406 555503448 354259006 613770903 173372456 575431487 502616635 721474136 798986041 768405960 404046474 795570059 492434481 905466547 52269330 123478539 589516448 896364933 941817417 564739034 448971323 764391582 618872663 131157171 876447922 510549053 329996726 746381540 311493893 518799280 770908603 172402362 66415163 271145069 192449353 772163902 62839366 321325186 741783765 51686981 191667830 712084142 28227918 338992737 509739070 250559449 399275485 358748150 548267319 728079063 11572774 434871717 335924992
248944117 67599686 509687190 871134695 425515500 558083789 359704322 683337699 20684661 679355553 6764010 153681214 577159092 761880362 722352548 204832718 454133281 333375910 325501389 837825255 795128453 456079264 341990470 679464024 346601137 989166154 735207728 681642985 570209852 982750314 212591574 965599338 301380862 348076488 404294447 689176105 494842259 922646564 974714519 131694977 629613285 950140334 944729867 376245600 793124385 815189956 634398421 925063438 828635087 645740631 125820952 292753929 163663566 206010761 798331271 410058127 377910555 188510972 284585949 760412619 524434717 676107965 285102661 718174705 897143297 348988232 748623157
562778413 476978732 45996104 837402691 39963313 210547518 644451708 178769091 3954873 483000220 238610542 269132310 328500589 331062405 773583640 819224829 230215376 912656850 153311984 110004476 104468870 135441524 132804628 640193080 584204963 180742521 448921911 979246356 781203584 862215825 998558788 866687915 600891867 644571862 273187576 395063706 350320928 868816223 85155249 80584274 829674922 587163474 575146797 231678007 941678213 365477039 599173959 467189853 392144686 644932125 696800999 166644556 980380198 714573386 999871335 112834599 910253997 237701920 24090084 796495886 178387021 210775553 210903340 29523935 955383423 760619342 561571261
307263816 863249394 564269070 416281064 932100906 282435103 992053536 268845737 161453044 456128382 927734460 537688388 732722742 853371108 428583866 436595495 997623323 717327499 949024041 184291348 873303193 860556827 291581392 985712023 969762653 6343060 296126769 904308403 156056752 381100779 30220611 277520907 25973034 951799270 660753195 344353431 23575253 257028638 171889909 473911720 367752512 440037096 102566851 419882561 602174656 957935704 547028161 47819054 45491633 335336256 402522411 563453819 14441051 912357677 17632251 665212755 762239787 213863546 843966472 728396472 758707982 342197446 988480078 320860232 361524956 102312431 528517671
542916103 78089591 200878804 75683995 111558266 362711347 968063937 563949244 254972352 403995746 477799032 227268968 391276515 963288887 852426781 139381631 244779355 730548020 862971608 738617510 104985018 957850103 243874604 231813552 779022449 116016361 25333398 764044014 823697873 606731086 972973634 257162622 679718529 391893082 548571089 927434720 496252494 777784970 782838782 388824221 484424941 948483913 968903927 851088092 393129958 453155351 288700182 323801179 622853414 857548903 385076069 938670263 233787201 791136240 208111057 117740156 146095568 497565136 532201031 925743258 750089307 235993646 987366516 8930686 364130283 137786459 853073942
117721433 544452999 171950001 933972634 194603549 66590728 889258697 8238661 469968703 951771643 636140598 928165440 404778559 676822692 330221996 888520742 619013125 568115310 707684072 532595371 623279161 852107791 494054705 390529761 980919412 758124657 541764348 114089966 812132984 647663315 465513260 260753191 828895781 1431820 701266309 475631646 15770948 454429075 772880043 391786824 720557984 662473849 986705155 555565376 301048569 213286792 931704076 669851823 896067202 972570132 595785184 362591077 626021944 595417059 641759281 716578089 112123072 417917927 459249008 339412880 540328999 813062420 950669777 271807641 369250519 125831599 218461131
763533935 394605877 128223413 266956136 286836066 870863697 618942685 907810795 341287677 580749934 156523913 233275978 656056586 174008221 115944369 729932871 916694723 733622354 147057949 935296919 490768043 547772059 157051622 529634284 130684706 673362342 246615855 310309069 733404813 548913804 551881258 507330286 922470259 454615154 525705313 674293759 603214475 977674195 108349324 644464500 582631992 468824107 649374200 864391411 958436610 201163501 774113144 75214011 375276438 935206321 712699400 599225688 213455709 660629369 689062380 904575874 662983476 667499605 957193456 516956514 257831299 602385911 512449049 470333334 117524253 274131709 427250126
117540126 26595683 476927547 929505148 259631786 33912896 407553431 531569508 103386336 611140583 954702493 118472306 860524218 53140215 502546564 359569963 7393146 375665788 217112476 224021685 119756226 791718876 46260178 910334716 870586910 690761558 773016438 111948166 76103707 242509610 125409628 611677611 382009373 202196875 931745428 671796886 994933146 670800678 158324989 312005764 984510120 672195250 926300205 754648776 298173109 208806696 987289312 904602075 26382722 653851956 327779781 695233712 491494668 99997598 500428534 850579522 310593723 311731979 958960051 380541919 94104907 15450073 704993186 301759946 551444177 251740637 76446579
971644469 808968126 33074744 984791402 147080697 380291955 591591358 629695086 734599686 465533371 288271692 240264576 357648051 652114771 83457533 578739452 172403112 881900406 108054821 483160966 964487382 382603925 477770478 878563580 2739268 835169666 27249226 157902248 843991767 895491935 999358857 717640205 24422210 767919963 619028576 362468637 456213803 97541247 286494344 959081121 233098818 641284588 294807400 773184554 801100587 535653064 990596816 486453980 115726523 327203996 577095573 527425627 238157983 973349298 323964083 754733930 627362945 165666755 419144304 791846484 567730035 276799579 815220772 319404394 423830275 635746431 709014532
359018585 355760716 1491609 764020883 955275826 448065626 381109163 463668626 458972998 841097741 614936518 119199772 957255190 88349926 814111918 870621000 571901284 367693463 923332334 362446284 493288319 844193922 18200846 592713340 485320917 645231106 787379659 106012899 985777541 851692849 442172858 922103030 766721270 784672933 609052329 930714785 459307950 870510234 863114453 745219789 622607550 585709551 35709194 241892732 821107856 951773021 390588766 406188696 338604200 617209679 902104040 794152707 247846140 599039528 767117583 421863890 30832683 351320753 745994907 468442874 393823551 329707017 286142708 963046167 207495868 283848747 507794923
926202557 709697871 18719175 762653178 801736637 98120060 454240538 868039326 869464738 874295314 610005599 681463216 854753628 279162758 724295251 389521034 811259100 767840097 84698471 533750220 390516274 333144261 524437988 60029542 689161446 70741997 460259525 966392890 159815442 626798684 787669274 906021005 88984306 218066769 430730115 36398204 834833837 539294816 590593868 525840084 87457010 364119762 409275712 844234954 965203963 625360546 83943725 518441744 835584726 592425916 685965477 677283570 704634687 903135875 268655398 353696275 611617586 119355954 764101559 127914024 858245128 269402583 926324442 661982830 804254028 620602444 524355811
269038427 684068158 252584059 655719662 706106533 314997390 994544936 739081843 917281033 326362603 453844563 429854986 773529444 80008171 718953730 86969261 289072740 99331277 652801630 61930705 597948926 283777111 242410764 101017113 600153426 806843727 798342914 481563999 823886946 611997801 938149995 641978592 385674477 404323071 101349916 145896378 214736983 584535618 832856814 153861352 387128434 953315925 935463784 529858344 224692841 959205810 720732024 263391088 566187659 106920225 429912285 152032495 871064919 6282228 491769131 694704460 23029049 593578078 140629675 704916238 285684538 918517023 945174266 303055669 329250795 445803059 755922244
768608321 947685535 865156686 173983390 361928871 620847348 473291176 214635348 697098469 891487805 57885097 80973869 375673999 398982518 804784100 11009729 144118194 430285498 554759699 523946303 449943100 224327113 462801693 981730230 363880599 856054019 525907828 690331670 402175775 143002616 151309062 501659707 170299797 982874037 956294664 192677192 337775026 474944073 453057718 558125698 368798879 375043991 158715713 325110269 699275849 838759494 612962165 285386809 85493626 301465157 172356817 963029102 901922513 213165986 129484879 327088144 30629846 914960514 657549070 746867401 282315183 622493690 459819208 538191654 580219213 552597905 768470235
46301277 416792319 254696678 336707361 397389834 823196691 918526247 21074903 288554908 79102682 598032648 925509578 429304741 827510929 57548997 811200315 521524761 304200696 51495599 644567163 453380968 644319928 289724207 725627327 950031905 419416023 54935743 51618461 475948718 496250512 786299615 907581815 444725475 681276734 25352727 191655028 375311131 172728474 158496414 251142945 883513918 56073670 848557466 882035520 976390420 325524155 914734750 530255244 332097018 576309691 873487937 588658087 822951316 250347636 381035614 130377047 500115440 49093627 129966403 110366193 375555237 194920815 199061239 401887368 673657352 178060911 850808690
484135786 371248445 344576658 12356212 130579554 207881704 410166460 231161973 950478541 77971266 590186782 307294619 223695968 226805436 745965347 129545372 221856460 666940059 716315062 234217534 906810860 482946043 968151915 942646144 95712820 419742939 654247938 255806921 381215915 510186789 66207928 456911656 769359163 889634608 415892998 45283133 257550252 611910139 245508781 730310247 319829473 931751952 681623273 504662590 815463510 355215126 898140197 789703307 494293052 490946206 135978665 351791599 53014692 79422179 869982714 261676139 330060563 467265228 77313524 64896074 114280688 233761185 577835988 370473434 437010989 101561080 644051078
301433067 803930001 267780543 808939645 51054143 189543921 542940213 749008611 139265930 783801188 715051550 182427665 526065640 914825755 253830653 368784325 494668903 270732133 348951512 121357266 259656352 505369224 329508184 980934699 142268737 10824709 495520605 518065270 482423761 873739333 211683486 281568759 630433150 454920269 132402712 556731300 485930655 376483662 121301994 110334917 571380648 196646606 969539568 677725493 285620009 90029710 738158112 940720587 369498640 181232032 880725258 728428863 523171256 648056657 283503705 60677248 978275169 669231492 49952428 473858003 234362393 160845627 859891024 19779709 111802529 292733521 835225095
481703948 14267771 1259990 707706890 260520036 596895830 710652092 927116282 194092741 414876065 27474075 220026089 920842654 935195161 634853372 800231568 747372318 419705446 642144674 471290484 937818420 25991783 869248298 359213256 706625718 84663491 347054229 458545529 560029332 683562247 942489657 719095126 135766845 896663080 220942839 159933449 609746497 408551869 362955925 690634121 465585348 194268377 131810525 744695882 672390881 27552978 753770742 932108591 493509354 175504591 669244191 418968705 637505184 478305296 375731780 102073175 639814254 911477282 655230058 236022214 690666634 430428807 190003929 532985682 237476412 733550162 287077741
607232665 304824983 11757989 704125113 716296582 454293715 307820090 19001083 426420373 578976086 825951617 904383023 65084118 360409340 20756261 255383514 121229587 470777858 574464647 806519858 433916483 872062244 80542978 56645698 772920935 236106278 561395429 627020962 25670801 571980901 615890494 268100140 205415624 976469820 666165174 87012315 237194103 779340162 832136429 518558558 545910472 113837354 980879864 151633725 398106797 53140538 68890750 423738198 2149194 318514291 555695042 493922648 441003163 808536356 984114718 63495712 832775001 112409676 911529320 729729248 39854030 397168344 515690090 968578165 806185512 877679189 20775024
158436484 802870191 930636917 422470704 162270594 106776221 529202919 586953680 537160134 958484783 471872287 812870367 787534338 66091950 645679683 836810541 893579165 902327736 879440442 308960549 705316937 104917001 602163988 246082954 430139151 482698547 858150413 140419118 599115947 969456543 415573488 906513066 465381150 335225089 419874339 994635683 346023566 235348131 509918118 549627934 408998827 893087210 193021938 574054759 622334701 731395080 266875653 494195522 577451859 753864357 468727801 241976741 58749634 559002195 718540211 80439455 271599524 76569921 976301598 744397610 932346610 498209155 397677781 986988650 976449916 965887302 817441953
431605567 744123019 799822167 172599809 140779527 807658464 174531302 621500465 69689013 836162119 753794130 21726897 66260404 91233237 258829455 750544868 539388914 399320478 940761255 590656415 322970301 236403039 962841271 527626732 114492042 146345564 848095674 240653997 314908899 822195322 71487752 965675284 201479620 642837401 131471208 329290046 1856277 370694238 967421134 464972761 980671832 442904762 237050374 364499182 725337881 784462296 667292162 133421496 49687855 502810772 885025871 242710485 642276559 17418639 471644654 93121384 890363497 446483966 333819585 884856471 107157422 319421654 802396821 93378972 190340771 394552079 193746868
271819866 27367690 38400522 296287830 557395113 852149972 668644668 370676182 668120153 529022400 741618733 826990673 247686423 837731071 380065770 226890860 587351569 979177660 903105798 104069860 492477513 127138651 418184050 494118805 449017851 448247440 38130091 431923813 494603767 55216983 912426567 565034131 9307467 932003765 191356730 809922607 427803633 3615304 527595165 953928250 692000552 211282916 859510260 605046291 285832561 598990675 147453077 47696932 335425931 649565847 294537101 59369001 722164705 656694861 211156650 703847378 794429251 557612652 742411971 57724407 545132705 627556995 66430701 844886010 504359398 702621772 717368044
840291800 379467319 383495342 253137998 503484695 424016728 423696395 497764839 488534027 154481867 365582776 809369181 482348400 952962113 653370791 630771491 687190007 173853664 904791947 493992512 218929957 203053320 652891824 764650494 462130552 753131229 584687476 320742169 816668352 610939255 795909717 119910871 635106256 791234925 702720510 758149581 57120213 807997021 945819427 649494427 358236954 78474387 566491442 797626954 384762667 663806909 348745165 20029457 656325653 210761664 32381616 25254571 522638045 632999899 862497323 837701853 201930562 545713003 432719296 539358899 85642312 201408247 460025240 325580231 329885951 295321942 574465447
75759584 718855649 406877949 225158047 557476952 878733751 622561519 50450680 600017614 561266964 435730411 633726521 280747663 993217603 901175304 714297294 811356126 987499512 888331128 205418089 965303908 947631556 637619180 741734254 57497039 868045268 484013541 371921406 116544603 707091827 939883301 575160282 549409800 309793817 295557832 835596344 282718224 554771683 911098388 753090080 781055594 528369049 822039133 702078368 128145433 755000309 874104827 215413431 409296614 893275666 162758302 660109231 329912452 579395993 855164016 308148613 916109425 943721583 211914065 975502385 703021461 825682227 563982874 334813098 959656763 459543837 489855762
340671535 19927010 182843047 400124874 436517546 952929440 114995422 758979622 566406093 712968454 78210189 617817607 125956744 58483929 673743353 212572628 281639798 457516828 821918161 730002093 505636631 74552254 994895504 585776005 196064579 926769480 556348177 805028071 65807594 833048923 776684332 428884117 906983724 238861703 298194103 537763405 272687767 981901358 611697846 802179851 281764052 992176661 321122396 629979613 205333676 694815299 524806628 489892542 656738327 103457201 831114769 136998530 20758133 325030996 410924066 307529971 164382858 570601702 443468027 193837497 247280036 323847988 204138752 202912061 195609115 598674111 194776478
96269988 870413051 21786697 909340719 618110668 239889935 485318269 48415769 229009820 912163296 465946789 939928578 188412508 878139696 63379407 33938764 646313791 835610311 426068179 201868812 599860779 546814232 787995428 202348566 583570737 794882250 210038083 608399861 136581440 222313972 538031468 664130265 568117420 740092104 302404290 504785764 56334656 795071561 563711366 183423217 124226599 257468927 403590570 193957373 223158291 898008883 688558767 700410806 900615797 149808119 749803826 305743410 365768257 249569516 736098720 489220868 423655403 678133378 639982475 190638485 931150362 8750091 356398797 994084822 656025190 224627734 111192991
302229726 229905914 466125018 406572896 474070809 959947158 811992155 857041101 188152584 167047091 676030949 416265772 668685018 56454474 946360276 237068897 923876912 115901995 66926522 167003573 830407770 286647250 198392729 82055407 768836536 981760058 831591335 677825227 394022188 700381844 638091925 532765947 784766243 30987380 946037320 197471124 112184827 109516760 294826130 307419103 33575530 87817346 890872399 164053570 44813384 722081963 669215725 674766479 653066338 568971634 917991457 268741112 900959516 167357925 383999198 411567455 33921764 615441558 358177667 726980888 356195470 773844113 612227656 113302166 907576484 364610281 392004408
88296398 924155569 96772630 362710510 763166109 271509208 270946157 514064265 906646693 613844451 468923565 137301735 50158054 622889270 959881529 126224367 308641494 377658293 155249898 587102530 33384588 287325078 492051975 843360696 442127876 872715733 468426056 579370227 196319441 591980728 747164179 254537113 684294885 602690430 212004954 911367647 235272991 98670579 978336246 871472629 854266790 810134685 316420599 54300718 266707256 916743077 117314060 453128136 415603559 544503493 223312120 223341640 772665254 404187093 576612658 18838212 655421173 948830962 520216907 833985573 978520242 238273333 512743955 350898507 821852946 29753955 368616492
707331581 165156293 790637989 477476346 17311282 88183950 897867765 662651828 432983652 939886551 497234583 751667878 227013929 583762259 188836490 960628056 794560760 127874676 773247531 773343231 948742439 278193402 299533498 925763500 298879602 104360404 838102092 310222270 189079944 992363068 32911136 210260841 618441766 77757254 729282106 4284513 315593406 457363296 758478692 588628621 767285918 60037846 234844094 266562417 881889348 66271140 321961675 541773751 893931574 299010576 771071074 312503601 835519848 292149593 112003286 980337407 827925667 431955667 866331146 228725321 877248196 522472148 262183598 872722756 604305451 131617923 380224946
829031765 486857033 614722878 90495156 70812021 106405779 292376295 113056206 334112273 743705083 264408247 363104204 933897445 251849685 595553094 767958704 285043139 474850932 742173805 794422532 603395412 657830889 599498984 36723648 88980598 336208661 717326931 285866622 277016421 745943601 229723286 370456982 752119412 369301645 238900222 579706610 487381808 657385004 535045197 799101625 165735803 574844607 569989481 239758359 918523722 108699369 939543863 83831926 540096715 294478216 919210896 985228950 416266271 791703279 919015696 701605588 624334492 6609974 310893780 275822129 345112503 317921156 803483033 369490522 590681250 490556278 685249880
767900108 13454176 888022481 233944136 565741344 522494008 338637462 812470689 351086519 148521789 993238467 153345905 925233786 983868121 953585840 773004157 574891522 131966404 294113858 947120767 659424744 251162595 193735804 860531280 984543921 640029549 769834641 684862672 412922859 104784601 925569472 59348168 209946341 792234610 184132270 441032976 875403469 171580486 98823676 251718021 212644554 267415727 989472127 255863898 320472955 996590098 577799752 280876129 795268190 219524403 980512957 330417519 719085427 305075352 471015190 637295797 60602328 684204406 789898226 741385339 987789005 67498081 941040953 641307940 678222181 209685011 327157090
785877611 660202280 430789400 502810499 658843535 869619716 493393924 801367957 205881024 784405636 873193402 764423753 402133555 185879378 535934700 924144165 486131404 699949944 209218326 598064865 998616773 594060477 383004680 671826481 506155032 953959408 968279237 482205555 917915213 133779327 625754971 125518559 112068035 944959654 564066999 6992326 931024850 635962003 979602411 377395858 269248405 188655538 189023341 808892807 175371501 19688537 240560239 632599249 72234764 362342949 972205585 913896182 285131448 184743682 59248411 852186774 788922597 849233855 985757422 515485964 129750590 470784521 721146814 590340804 682998458 134207680 412803139
91922775 419311131 44610878 935805989 492804283 653474265 827849725 95958800 550569554 559572932 856496243 406238476 449478892 22004213 94179381 486234618 94493070 44054242 293337932 874730451 752146590 910701554 643335490 822125949 903511691 493028623 887927902 306305359 350185011 48584976 72752975 88831361 355913315 831428203 436260991 265402556 4640968 50864760 10229846 299498301 860869018 648448508 626040460 112532283 738362670 659585979 476041594 218647913 771335459 874292141 575253862 10142179 664508900 904558961 467329060 92160549 270787629 777332503 23860715 908375133 245026584 963892277 200473436 667312659 83644023 818260211 677269377
580419566 967731094 293092715 699352550 823755424 333064489 514845899 728305570 279298628 523363246 900208589 159372710 845520923 222884555 216178188 494011595 600486110 508643775 53885429 448964916 470477859 128451416 521649033 478739728 167562288 101522090 157068353 421804437 312119607 116219937 580027141 538343500 371612495 511319043 251888200 580137694 277308792 398635766 801558791 430615082 723993178 741018484 815391077 224664982 215744497 7638344 10493111 450414621 441394588 433936110 863284834 263945448 275406049 644690913 835105940 81641005 290351550 455998316 942716194 386047480 125221476 685800399 608726392 795239832 538634697 801613094 217373674
9302564 327622353 552652158 877952679 593246655 488540743 290268398 250051372 885333696 671259550 20628518 872231612 757297763 789820022 500002207 660419598 880013162 133951357 690685448 991104091 538841501 708669333 873387573 396372910 487073515 852651276 771596959 322850947 215674010 556101161 352628404 976508688 870016863 161819706 958687586 595862343 454515256 152308035 271148570 596186217 697332011 440912166 979969703 507747158 129225761 209827281 35623733 620408832 412396679 590196547 60348478 5616658 926094078 501928828 240611519 554705773 547205089 301173042 213579930 440012428 282071890 136772696 861657450 175047521 500708238 541160416 402332135
159688159 434978770 360762715 961889003 253490045 498412367 513477414 166227252 405349240 501412899 246072231 535112184 816688636 139242757 177056353 2756340 71630877 679686382 461809768 673907406 431694398 127596594 555831207 182332464 9929549 772598314 684979793 21680278 15451258 70297789 278717121 877424483 866930301 693538988 150653875 738283270 345206019 407805697 104149658 198877258 265884183 853272226 773477469 406231653 203825936 746126858 61724127 685967001 702743262 22492231 888376551 85767880 457978991 893795900 353746667 525300947 460260792 665268946 294388907 893691707 602102352 680332157 877180098 627731954 190399923 803179628 403587066
627416118 13412702 205201974 405603673 49700149 449391785 881185123 868731307 857749357 64004519 90831244 911069236 73181987 56687723 524561443 396104400 896827110 705391886 681087474 969806954 24134818 290058795 274875848 864351336 880749629 964935806 59728740 119924366 382946073 765173023 259873692 896508689 254789173 531640161 212574061 911397578 140934715 348403950 962513080 953582919 459014780 213879680 182594597 341421904 972630095 735093723 354269794 506965793 363689156 949297038 98334316 202231595 147311893 941440847 98634119 186922128 728973329 725878023 590534821 935284076 552275784 724676073 426591325 861836226 207318641 716554580 800533049
155877917 148025393 858469993 956761604 80074725 53950485 782459919 40332928 685069765 350635100 720005323 881289113 521811704 178521311 308641935 708174297 131803377 171029360 47644726 50895418 932243627 967613434 643071250 892741788 688245311 384042978 416468770 109555170 274713272 732060660 251775412 922935994 734324159 707793731 479649616 98997618 656223364 872203505 78312839 339428596 255629030 213914282 588494975 267509956 455706711 408936271 996555554 987438152 364848151 848054177 148449482 151131658 951099914 72786234 246237675 799902177 439976213 79226160 522183769 750325396 704848353 75449324 930512238 766489881 436735927 890945770 778060305
666144050 683349825 364247960 529944739 355592122 821286869 63368441 163429667 245996339 574356748 210623937 429439645 986430488 772853154 483932981 315388793 221329317 622891367 633472512 713979375 151535801 394205823 840499327 913760943 718976678 909584810 162983409 882900194 631415088 24952066 774233373 683648172 902297892 135643129 63774776 568991700 263787550 85128318 668284035 113387682 19645872 883533967 699307348 103370708 389004988 806165691 303708430 211057955 906908769 933668242 352796974 431742915 22667463 135916846 197527958 594009014 603276208 770615692 143362847 27334031 803641611 852878712 754794591 855563777 286818274 410417790 754158739
212526953 132438772 321431399 334061467 494478261 242931114 568227050 41723518 349464381 217559283 504837004 847390616 72396308 479482413 144455831 102766666 392781141 113574360 398762440 633022681 109172350 656549752 895222224 748402078 172600130 901861268 397064385 77245155 164855288 435577119 977434887 182961173 699935251 587337881 380258687 948151370 435785081 732954402 491024619 473406121 246781016 38556506 921900957 611140569 604718963 424338699 508988847 114420948 858287408 596046770 170070041 766475296 148082102 117814025 46521497 544695184 811552747 237277886 68112024 750812295 86908001 951139113 368337323 629072329 483585014 220802564 634430685
63439224 867264837 868428659 422109857 81982571 569497336 857898683 893819743 563359476 512529627 682929267 152940390 338547418 667699694 711835269 86692406 751659252 572344783 558406461 713991158 682090969 118563347 510388152 327270467 939335200 882612742 20037226 233619974 935455153 726392313 202270046 773813812 24315343 467205480 726558117 471304106 603075001 423981018 207062415 259542738 492781394 205272460 884840838 862885907 462566203 421805655 862393823 424869007 672527413 79391838 937302698 566161482 701408060 919878851 825227952 218435998 687188560 727530076 772296771 449100158 116905961 352060200 497918887 494834921 773022385 828290066 545200897
423410266 628560542 831290252 247519310 449681417 187606876 705444320 597913947 100681233 910188159 581406568 576870058 159501539 20352772 785552470 740727803 765906846 840972301 176850463 121937843 244852949 138330880 88301213 325515258 514840123 643649929 988510639 764720171 199206725 785949595 795588193 667056307 434287776 255431521 807761832 146354669 944386040 470357902 512086700 732387398 114724885 949758155 800383735 220773709 768953601 946435452 652716736 752255678 639716618 734485383 4496866 670899265 551768884 712659719 553887659 657820694 945858632 464584655 484473981 468581725 465882063 547118804 143063100 370910597 9909014 744324014 77883356
745598495 958158161 508260329 881563976 841700234 894320891 362465425 395227918 989875083 7745299 888090842 64064680 596195731 985132718 963300024 960868872 640605127 369003211 940755775 257644160 891522316 232164712 431551417 51752026 53618573 144825832 268955649 204645384 969727876 187855357 815154963 894190357 665086422 507844879 398207021 201230623 445475613 621036980 988778069 466553862 849797605 91518046 529425707 355797299 346926581 521559612 213337366 332156912 225686708 859479891 572919544 196389441 872399691 640223418 594339877 280362711 1464587 579262495 823527875 129849108 643616451 974616439 675726871 948732764 178712990 642435171 100271434
293652911 981545041 567510097 279581491 237806654 588002402 910409524 34168974 778598788 157656529 970778759 980146930 975672053 629453361 391900513 140021412 988540198 440485284 623938759 139988508 425376546 647204315 45554714 292797269 544474691 887354951 761606506 868650243 229583890 556690895 832845586 166957196 736966351 740058799 835580435 999126004 520668873 311813641 837550552 922348930 52962409 376377302 437678405 875317934 607171779 497361735 173791982 74730502 270544344 860849067 890895068 610140637 545550449 858222195 393360199 237039497 540678664 374929865 13532200 360743263 757861998 339019819 389773971 287787528 442311136 865181994 47281082
266585892 560029114 53240772 213805642 268428832 729130475 843711975 270681406 486635189 364919839 438112953 102462710 452367646 578072669 701661416 100766455 437830903 580093471 296282041 803668544 481163435 614668973 873538584 217504266 783130242 541691904 365474768 327490961 999231420 547683614 844324381 810613319 375775203 63590978 810714100 354314999 621233384 432260900 686131964 689278061 186588959 983365889 485135052 231613662 13976929 207668661 224187690 24024882 75424802 291166030 335609180 28396445 885185374 150381599 210191891 458162576 555937163 573661152 728571470 447000005 152200822 510658542 182487281 652846945 609004598 620181803 961975845
555707521 595952246 252751635 922241827 63520275 951411283 388863806 348420934 809233347 374196740 551939912 68593685 859430600 136955094 899162857 295269309 334954537 282631235 955527113 807348330 401115987 575404636 880680732 540432905 594684618 282684394 258338270 6691741 11011677 414664601 971097458 639690894 845526644 278954577 266946274 397246634 489781727 246848870 477743214 110674399 884796397 278159160 379230564 308886084 339970826 708938828 962167311 544141467 671877883 753867163 93336322 188808002 304690583 662001245 230554348 714897493 728907262 770946077 199768186 403012211 885971960 965960799 960715315 651937782 225019368 634056465 743113866
784098592 998459360 732800234 862061371 135949851 7055108 255148792 534816623 721480040 573763428 917822857 889365377 870379597 226899445 517067716 600450765 10282029 27933759 139871006 990971319 612626896 358001347 158010422 670198085 602144549 887749570 416351258 565921347 144686623 331637821 108483236 461807842 878856469 361190083 95176365 969806870 405037924 194477316 13978584 215628851 629276889 242722239 19454869 959018235 21233494 32286633 780174965 623566783 852600523 155482617 224229618 933838797 632462676 617449810 22262627 129499487 93472476 110498429 339164738 402623446 783882754 721085274 368351413 173344554 71462656 616345920 445546958
260337339 446352255 583545058 174439552 621231446 425457573 48815379 258590185 87754133 467986968 639111329 855791008 792822765 348886112 873218378 565096706 126924460 955704525 855049385 469344327 316433154 158559246 436205397 56172658 722303346 577484951 671127896 699284679 501602127 730037108 925900632 190861717 191840579 579825314 536736272 901703311 314295157 53058164 753085606 307157439 608629774 311900724 414659096 322050012 35549072 882614188 475029654 984082840 663905625 972252788 847629936 43746840 204101049 404340818 207850483 476669634 668502549 993785620 172546650 236465277 159697102 626475088 37591033 916397704 777768588 825348765 34173485
167517026 201015168 53395569 765442428 785037708 383375699 587269168 494409949 14279615 183089258 32348596 366012226 984165928 544772072 128037827 73303615 112647244 208909446 998078465 56356682 780142371 177034473 206122318 6868862 71809115 235755173 829740563 479100358 273723707 189158278 211370084 460566318 847074733 355146724 755270682 460852048 423981363 655962891 170995800 946955976 163643440 828234332 85196000 502097244 791224512 161192283 903125396 684529453 385888425 311354838 204750859 689460883 365254561 427168349 245516733 205069090 308613288 98225742 122329894 259443826 233752483 189296305 465560539 607150712 661631063 656162575 68474812
183854603 357842348 240723292 368692548 642383420 923497824 714396180 312879174 569399526 893435752 253493595 385304546 534644719 262513005 303801397 923264623 4598673 284336742 842592812 50045467 395180113 648353175 833083596 346363358 792997971 90402830 88763090 155319637 772717173 593633180 604800026 780687818 441288841 460269509 969341624 501784346 237448203 865685827 176125605 93166971 779665236 286122040 555407415 961188728 216824626 471309420 367650607 74422171 119696755 146281538 611847994 57272197 166146895 623751691 806620042 349996082 33005394 965582271 569004178 780179162 583347535 277682453 896201156 354333347 153149024 383286472 984962366
939413321 19741120 98174610 907389019 572091804 742960741 318015711 141075610 287171023 164198042 65446927 987593883 37398712 860266786 150895450 135481414 771256959 290024760 280968603 511346691 787657721 481395070 712175182 612236326 407638206 632410998 474974288 561486726 632548416 55108793 828876300 336010803 721582076 201779340 505270299 952611147 717851124 211236967 363596462 241236524 167618758 50317625 365334322 758769207 954262437 712846388 846139378 131159184 339744972 689394930 510912911 266208159 773994941 544682124 10814752 457301119 435172047 881335795 547185056 114171489 62588611 762552926 918041473 202548049 1364092 55226434 771029229
208624380 571280413 490036761 559275542 491622764 88212189 657659485 187675663 340069502 805621686 283218988 182206072 692253377 500029736 635971100 408920377 258492907 417187570 75186323 702284626 717666190 81444206 572764755 581013127 926562445 432392584 695503926 108338994 207227678 53532586 17668056 572154337 145278588 775096356 35771458 991790001 467439356 469486233 167069516 581994753 396905009 742186566 738578717 601548459 284139739 864359439 538345455 94395074 268276264 776645446 503318409 935509870 376086989 959537816 657409487 828402764 792482525 467895223 182636982 770132330 461132678 844474544 476284266 647718458 250894301 397237038 142235044
410332181 659173287 131200323 528554023 960300681 332225395 551490386 35242238 846884591 240996925 70146493 681348372 743137458 252097328 21931347 369252969 153297451 71046834 775065156 136657930 222091650 138641820 133208564 100291904 924670056 160234126 620116670 352299762 813404013 268293589 82575100 986353149 825314782 30911995 201012936 297997034 616778357 970069433 357754583 176479451 984991542 525932029 421672433 960245494 929961549 375105210 87861690 251664069 789160713 844350063 715624708 764489534 147672023 886280174 332739927 582243631 670270077 233181120 550474299 941637168 541462601 471443576 52879447 841016117 716088798 945176078 140831106
313377192 757267869 934793840 113904112 491356931 369749342 383248482 896024191 440770533 217685623 615913356 273083145 126879836 713541224 571511927 690628396 215487776 928025674 466245167 779556605 66291914 504460493 645722754 159361253 850847331 562630055 543085441 844215593 875787912 914513690 666564603 749224824 660316647 993741973 254627937 504811211 136765621 900392 38821337 484385088 372047353 809550931 297593634 471296475 745829771 885332280 452890050 108147173 420605327 353811425 757205198 671522683 135122908 329368558 179122466 58295215 454454703 398578088 379990448 892781333 401508816 653790240 451225078 153733731 821936224 141207747 144942869
906323549 206637284 717436857 576525910 929853087 644111666 867213125 586176214 862534280 821459232 815115813 684375119 910737987 108302576 201993798 936519189 315850355 417659890 682918938 468768377 273618508 592674204 18931729 480288889 455014537 911773997 206685115 859837369 848973195 716518270 315202757 478116783 597518935 433789884 822861903 272983051 689408584 410639826 20113188 755447158 862746739 484073959 366748528 332298310 440155855 384230440 80388047 359234272 420203909 281374885 679398145 17616756 867047746 728560625 21425131 737944327 909813619 821282768 31441766 799172430 589324809 306895056 880355968 872354098 734495373 540967894 332391896
289983306 313247175 722961984 498219863 518224527 2164391 926331469 296652303 742115141 881312234 592790459 39909502 582204298 663633684 101553633 379832522 179072840 420144538 721606495 128318976 104339141 733675943 77783385 183337169 523219297 259844620 126607020 234839636 789181096 53505692 939290188 817134275 285173713 529497666 713682886 431819598 176390790 750428551 594282622 236209471 176313584 745358795 234685623 306795305 450079348 240727425 446398525 347608779 535807569 103450123 122558862 521353878 194646048 192808038 599479947 625252093 64212218 569211911 190405051 149357894 294618052 817865883 188890956 438276465 687525142 978808862 524189435
495817352 927588930 56186602 336017319 104776645 644001777 30343079 407709564 798658933 189674758 193059785 921479510 992238174 64461830 634671341 851905049 984274337 148341635 287279650 923458325 544647151 515826046 408885068 682389876 139388654 830140258 604122040 296183729 961951831 184238254 774400524 679647712 876703479 933253106 371511543 238512022 202387450 369477467 552866586 867649806 184279852 816649542 825152762 421191634 536425888 151970194 713183274 818123311 978461944 986303106 112272642 261952091 482724157 114574697 61211444 879022424 198707225 20820208 497203611 361506443 275120795 400294094 941567449 969477299 788598421 832996368 5849194
116584798 665250888 124925767 754059718 565424707 498419266 648487449 546968065 137516086 927624990 258588034 782396571 644954536 148479080 691243733 452493034 796095115 248640940 86814214 3349498 910831083 132238923 402905677 170039069 934708427 344145553 589758660 851754573 829421387 885053457 1811783 488247666 924784202 702707298 143576368 369811496 825014495 794863880 229873044 749165916 419768089 668316835 750281410 611141658 640210667 562968368 51370570 460458889 276019102 98448636 35371789 525836415 847176643 966300891 6351018 763525830 818373318 443477526 447300609 473999541 880795035 50798083 169929600 992223162 645944341 564524244 512748582
1 1 0 1 0 1 0 1 0 1 0 1 0 0 0 1 0 1 0 1 0 1 0 1 0 1 0 1 0 1 0 1 0 1 0 1 0 1 0 1 0 1 0 1 0 1 0 1 1 1 0 1 0 1 0 1 0 1 0 1 0 1 0 1 0 1 0
1 0 1 0 1 0 1 0 1 0 1 0 1 0 1 0 1 0 1 0 1 0 1 0 1 0 1 0 1 0 1 0 1 0 1 0 1 0 1 0 1 0 1 0 1 0 1 0 1 0 1 0 1 0 1 0 1 0 1 0 1 0 1 0 1 0 1
0 1 0 1 0 1 0 1 0 1 0 1 0 1 0 1 0 1 0 1 0 1 0 1 0 1 0 1 0 1 0 1 0 1 0 1 0 1 0 1 0 1 0 1 0 1 0 1 0 1 0 1 0 1 0 1 0 1 0 1 0 1 0 1 0 1 0
1 0 1 0 1 0 1 0 1 0 1 0 1 0 1 1 1 0 1 0 1 0 1 0 1 0 1 0 1 0 1 0 1 0 1 0 1 0 1 0 1 0 1 0 1 0 1 0 1 0 1 0 1 0 1 0 1 0 1 0 1 0 1 0 1 0 1
0 1 0 1 0 1 0 1 0 1 0 1 0 1 0 1 0 1 0 1 0 1 0 1 0 1 0 1 0 1 0 1 0 1 0 1 0 1 0 1 0 1 0 1 0 1 0 1 0 1 0 1 0 1 1 1 0 1 0 1 0 1 0 1 0 1 0
1 0 1 0 1 0 1 0 1 0 1 0 1 0 1 0 1 0 1 0 1 1 1 0 1 0 1 0 1 0 1 0 1 0 1 0 1 0 1 1 1 0 1 0 1 0 1 0 1 0 1 0 1 0 1 0 1 0 1 0 1 0 1 0 1 0 1
0 1 0 1 0 1 0 1 0 1 0 1 0 1 0 1 0 1 0 1 0 1 1 1 0 1 0 1 0 1 0 1 0 1 0 1 1 1 0 1 0 1 0 1 0 1 0 1 0 1 0 1 0 1 0 1 0 1 0 1 0 0 0 1 0 1 0
1 0 1 0 1 0 1 0 1 0 1 0 1 0 1 0 1 0 1 1 1 0 1 0 1 0 1 0 1 0 1 0 1 0 1 0 1 0 1 0 1 0 1 0 1 0 1 0 1 0 1 0 1 0 1 0 1 0 1 0 1 0 1 0 1 0 1
0 1 0 1 0 1 0 1 0 1 1 1 0 1 0 1 0 1 0 1 0 1 0 1 0 1 0 1 0 1 0 1 0 1 0 1 0 1 0 1 0 1 0 1 0 1 0 1 0 1 0 1 0 1 0 1 0 1 0 1 0 1 0 1 0 1 0
1 0 1 0 1 0 1 0 1 0 1 0 1 0 1 0 1 0 1 0 1 0 1 0 0 0 1 0 1 0 1 0 1 0 1 0 1 0 1 0 1 0 1 0 1 0 1 0 1 0 1 0 1 0 1 0 1 0 1 0 1 0 1 0 1 0 1
0 1 0 1 0 1 0 1 0 1 0 1 0 1 0 1 0 1 0 1 0 1 0 1 0 1 0 0 0 1 0 1 0 1 0 0 0 1 0 1 0 1 0 1 0 1 0 1 0 1 0 1 0 1 0 1 0 1 0 1 0 1 0 1 0 1 0
1 0 1 0 1 0 1 0 1 0 1 0 1 0 1 0 1 0 1 0 1 0 1 0 1 0 1 0 1 0 1 0 1 0 1 0 1 0 1 0 1 0 1 0 1 0 1 0 1 0 1 0 1 0 1 0 1 0 1 0 1 0 1 0 1 0 1
0 1 0 1 0 1 0 1 0 1 0 1 1 1 0 1 0 1 0 1 0 1 0 1 0 1 0 1 0 1 0 1 0 1 0 1 0 1 0 1 0 1 0 1 0 1 0 1 0 1 0 1 0 1 0 1 0 1 0 1 0 1 0 1 0 1 0
1 0 0 0 1 0 1 0 1 0 1 0 1 0 1 0 1 0 1 0 1 0 1 0 1 0 1 0 1 0 1 0 1 0 1 0 1 0 1 0 0 0 1 0 1 0 1 0 1 0 1 0 1 0 1 0 1 0 1 0 1 0 1 0 1 0 1
0 1 0 1 0 1 0 1 0 1 0 1 0 1 0 1 0 1 0 1 0 1 0 1 0 1 0 1 0 1 0 1 0 1 0 1 0 1 0 1 0 1 0 1 0 1 0 1 1 1 0 1 0 1 0 1 0 1 0 1 0 1 0 1 0 1 0
1 0 1 0 1 0 1 1 1 0 1 0 1 0 0 0 1 0 1 0 1 0 1 0 1 0 1 0 1 0 1 0 1 0 1 0 1 0 1 0 1 0 1 0 0 0 1 0 1 0 1 0 1 0 1 0 1 0 1 0 1 0 1 0 1 0 1
0 1 0 1 0 1 0 1 0 1 0 1 0 1 0 1 0 1 0 1 0 1 0 1 0 1 0 1 0 1 0 1 0 1 0 1 0 1 0 1 0 1 0 1 0 1 0 1 0 1 0 1 0 1 0 1 0 1 0 1 0 1 0 1 0 1 0
1 0 1 0 1 0 1 0 1 0 1 0 1 0 1 1 1 0 1 0 1 0 1 0 1 0 1 0 1 0 1 0 1 0 1 0 1 0 1 0 1 0 1 0 1 0 1 0 1 0 1 1 1 0 1 0 1 0 1 0 1 0 1 0 1 0 1
0 1 0 1 0 1 0 1 0 1 0 1 0 1 0 1 0 1 0 1 0 1 0 1 0 1 0 1 0 1 0 1 0 0 0 1 0 1 0 1 0 1 0 1 0 1 0 1 0 1 0 1 0 1 0 1 0 1 0 1 0 1 1 1 0 1 0
1 0 1 0 1 0 1 0 1 0 1 0 1 0 1 0 1 0 1 0 1 0 1 0 1 0 1 0 1 0 1 0 1 0 1 0 1 0 1 0 1 0 1 0 1 0 1 0 1 0 1 0 1 0 1 0 1 1 1 0 1 0 1 0 1 0 1
0 1 0 1 0 1 0 1 0 1 0 1 0 1 0 1 0 1 0 1 0 1 0 1 0 1 0 1 0 1 0 1 0 1 0 1 0 1 0 1 0 1 0 1 0 1 0 1 0 1 0 1 0 1 0 1 0 1 0 1 0 1 0 1 0 1 0
1 0 1 0 1 0 1 0 1 0 1 0 1 0 1 0 1 0 1 0 1 0 1 0 1 0 1 0 1 0 1 0 1 0 1 0 1 0 1 0 0 0 1 0 1 0 1 0 1 0 1 0 1 0 1 0 1 0 1 0 1 0 1 0 1 1 1
0 1 0 1 0 1 0 1 0 1 0 1 0 1 0 1 0 1 0 1 0 1 0 1 0 1 0 1 0 1 0 1 0 1 0 1 0 1 0 1 0 1 0 1 0 1 0 1 0 1 0 0 0 1 0 1 0 1 0 1 0 1 0 1 0 1 0
1 0 1 0 1 0 1 0 1 0 1 0 1 0 1 0 1 0 1 0 1 0 1 0 1 0 1 0 1 0 1 0 1 0 1 0 1 0 1 0 1 0 1 0 1 0 1 0 1 0 1 0 1 0 1 0 1 0 1 0 1 0 1 0 1 0 1
0 1 0 1 0 1 0 1 0 1 0 1 0 1 0 1 0 1 0 1 0 1 0 1 0 1 1 1 0 1 0 1 0 1 0 1 0 1 0 1 0 1 0 1 0 1 0 1 0 1 0 1 0 1 0 1 0 1 0 1 0 1 0 1 0 1 0
1 0 1 0 1 0 1 0 1 0 1 0 1 0 1 0 1 0 1 0 1 0 1 0 1 0 1 0 1 0 1 0 1 0 1 0 1 0 1 0 1 0 1 0 1 0 1 0 1 0 1 0 1 0 1 0 1 0 1 0 1 0 1 0 1 0 1
0 1 0 1 0 1 0 1 0 1 0 1 1 1 0 1 0 1 0 1 0 1 0 1 0 1 0 1 0 1 0 1 0 1 0 1 0 1 0 1 0 1 0 1 0 1 0 1 0 1 0 1 0 1 0 1 0 1 0 1 0 1 0 1 0 1 0
1 0 1 0 1 0 1 0 1 0 1 0 1 0 1 0 1 0 1 0 1 0 1 0 1 0 1 0 1 0 1 0 1 0 1 0 1 0 1 0 1 0 1 0 1 0 1 0 1 0 1 0 1 0 1 0 1 0 1 0 1 0 0 0 1 0 1
0 1 0 1 0 1 0 1 0 1 0 1 0 1 0 0 0 1 0 1 0 1 0 1 0 1 0 1 0 1 0 1 0 1 0 1 0 1 0 1 0 1 0 1 0 1 0 1 0 1 0 1 0 1 0 1 0 1 0 1 0 1 0 1 0 1 0
1 0 1 0 1 0 1 0 1 0 1 0 1 0 1 0 1 0 1 0 1 0 1 0 1 0 1 0 1 0 1 0 1 0 1 0 1 0 1 0 1 0 1 0 1 0 1 0 1 0 1 0 1 0 1 0 1 0 1 0 1 0 1 0 1 0 1
0 1 0 1 0 1 0 1 0 1 0 1 0 1 0 1 0 1 0 1 0 1 0 1 0 1 0 1 0 1 0 1 0 1 0 1 0 1 0 1 0 1 0 1 0 1 0 1 0 1 0 1 0 1 0 1 0 1 0 1 0 1 0 1 0 1 0
1 0 1 0 1 0 1 1 1 0 1 0 1 0 1 0 1 0 1 0 1 0 1 0 1 0 1 0 1 0 1 0 1 0 1 0 1 0 1 0 1 0 1 0 1 0 1 0 1 0 1 0 1 0 1 0 1 0 1 0 1 0 1 0 1 0 1
0 1 0 1 0 1 0 1 0 1 0 1 0 1 0 1 0 1 0 1 0 1 0 1 0 1 0 1 0 1 0 1 0 1 0 1 0 1 0 1 0 1 0 1 0 1 0 1 0 1 0 1 0 1 0 1 0 1 0 1 0 1 0 1 0 1 0
1 0 1 0 1 0 1 0 1 0 1 0 1 0 1 0 1 0 1 0 1 0 1 0 1 0 1 0 1 0 1 0 1 0 1 0 1 0 1 0 1 0 1 0 1 0 1 0 1 0 1 0 1 0 1 0 1 0 1 0 1 0 1 0 1 0 1
0 1 0 1 0 1 0 1 0 1 0 1 0 1 0 1 0 1 0 1 0 1 0 0 0 1 0 1 0 1 0 1 0 1 0 1 0 1 0 1 0 1 0 1 0 1 0 1 0 1 0 1 0 1 0 1 0 1 0 1 0 1 0 1 0 1 0
1 0 1 0 1 0 1 0 1 0 1 0 1 0 1 0 0 0 1 0 1 0 1 0 1 0 1 0 1 0 1 0 0 0 1 0 1 0 1 0 1 0 1 0 1 0 1 0 1 0 0 0 1 0 1 0 1 0 1 0 1 0 1 0 1 0 1
0 1 0 1 0 1 0 1 0 1 0 1 0 1 0 1 0 1 0 1 0 1 0 1 0 1 0 1 0 1 0 1 0 1 0 1 0 1 0 1 0 1 0 1 0 1 0 1 0 1 0 1 0 1 0 1 0 1 0 1 0 1 0 1 0 1 0
1 0 1 0 1 0 1 0 1 1 1 0 1 0 1 0 1 0 1 0 1 0 1 0 1 0 1 0 1 0 1 0 1 0 1 1 1 0 1 0 1 0 1 0 1 0 1 0 1 0 1 0 1 0 1 0 1 0 1 0 1 0 1 0 1 0 1
0 1 0 1 0 1 0 1 0 1 0 1 0 1 0 1 0 1 0 1 0 1 0 1 0 1 0 1 0 1 0 1 0 1 0 1 0 1 0 1 0 1 0 1 0 1 0 1 0 1 0 1 0 1 0 1 0 1 0 1 0 1 0 1 0 1 0
1 0 1 0 1 0 1 0 1 0 0 0 1 0 1 0 1 0 1 0 1 0 1 0 1 0 1 0 1 0 1 0 1 0 1 0 1 0 1 0 1 0 1 0 1 0 1 0 1 0 0 1 1 0 1 0 1 0 1 0 1 0 1 0 1 0 1
0 1 0 1 0 1 0 1 0 1 0 1 0 1 0 1 0 1 0 1 0 1 0 1 0 1 0 1 0 1 0 1 0 1 0 1 0 1 0 1 0 1 0 1 0 1 0 1 0 1 0 1 0 1 0 1 0 1 0 1 0 1 0 1 0 1 0
1 0 1 0 1 0 1 0 1 0 1 0 1 0 1 0 1 0 1 0 1 0 1 0 1 0 1 0 1 0 1 0 1 0 1 0 1 0 1 0 1 0 1 0 1 0 1 0 1 0 1 0 1 0 1 0 1 0 1 0 1 0 1 0 1 0 1
0 1 0 1 0 1 0 1 0 1 0 1 0 1 0 1 0 1 0 1 0 1 0 1 0 1 0 1 0 1 0 1 0 1 0 1 0 1 0 1 0 1 0 1 0 1 0 1 0 1 0 1 0 1 0 1 0 1 0 1 0 1 0 1 0 1 0
1 0 1 0 1 0 1 0 1 0 1 0 1 0 1 0 1 0 1 0 1 0 0 0 1 0 1 0 1 0 1 0 1 0 0 0 1 0 1 0 1 0 1 0 1 0 1 0 1 0 1 0 1 0 1 0 1 0 1 0 1 0 1 0 1 0 1
0 1 0 1 0 1 0 1 0 1 0 1 0 1 0 1 0 1 0 1 0 1 0 1 0 1 0 1 0 1 0 1 0 1 0 1 0 1 0 1 0 1 0 1 0 1 0 1 0 1 0 1 0 1 0 1 0 1 0 1 0 1 0 1 0 1 0
1 0 1 0 1 0 1 0 1 0 1 0 1 0 1 0 1 0 1 0 1 0 1 0 1 0 1 0 1 0 1 0 1 0 1 0 1 0 1 0 1 0 1 0 1 0 1 0 1 0 1 0 1 0 1 0 1 0 1 0 1 0 1 0 1 0 1
0 1 0 1 0 1 0 1 0 1 0 1 0 1 0 1 0 1 0 1 0 1 0 1 0 1 0 1 0 1 0 1 0 1 0 1 0 1 0 1 0 1 0 1 0 1 0 1 0 1 0 1 0 1 0 1 0 1 0 1 0 1 0 1 0 1 0
1 0 1 0 1 0 1 0 1 0 1 0 1 0 1 0 1 0 1 0 1 0 1 0 1 0 1 0 1 0 1 0 1 0 1 0 1 0 1 0 1 0 1 0 1 0 1 0 1 0 1 0 1 0 1 0 1 0 1 0 1 0 1 0 1 0 1
0 1 0 1 0 1 0 1 0 1 0 1 0 1 0 1 0 1 0 1 0 1 0 1 0 1 0 1 0 1 0 1 0 1 0 1 0 1 0 1 0 1 0 1 0 1 0 1 0 1 0 1 0 1 0 1 0 1 1 1 0 1 0 1 0 1 0
1 0 1 0 1 0 1 0 1 0 1 0 1 0 1 0 1 0 1 0 1 0 0 0 1 0 1 0 1 0 1 0 1 0 1 0 1 0 1 0 1 0 1 1 1 0 1 0 1 0 1 0 1 0 1 0 1 0 1 0 1 0 1 0 1 0 1
0 1 0 1 0 1 0 1 0 1 0 1 0 1 0 1 0 1 0 1 0 1 0 1 0 1 0 1 0 1 0 1 0 1 0 1 0 1 0 1 0 1 0 1 0 1 0 1 0 1 0 1 0 1 0 1 0 1 0 1 0 1 0 1 0 1 0
1 0 1 0 1 0 1 0 1 0 1 0 1 0 1 0 1 0 1 0 1 0 1 0 1 0 1 0 1 0 1 0 1 0 1 0 1 0 1 0 1 0 1 0 1 0 1 0 0 0 1 1 1 0 1 0 1 0 1 0 1 0 1 0 1 0 1
0 1 0 1 0 1 0 1 0 1 0 1 0 1 0 1 0 1 0 1 0 1 0 1 0 1 0 1 0 0 0 1 0 1 0 1 0 1 0 1 0 1 0 1 0 1 0 1 0 1 0 1 0 1 0 1 0 1 0 1 0 1 0 1 0 1 0
1 0 1 0 1 0 1 0 0 0 1 0 1 0 1 0 1 0 1 0 1 0 1 0 1 0 1 0 1 0 1 0 1 0 1 0 1 0 1 0 1 0 1 0 1 0 1 0 1 0 1 0 1 0 1 0 1 0 1 0 1 0 1 0 1 0 1
0 1 0 1 0 1 0 1 0 1 0 1 0 1 0 1 0 1 0 1 0 1 0 1 0 1 0 1 0 1 0 1 0 1 0 1 0 1 0 1 0 1 0 1 0 1 0 1 0 1 0 1 0 1 0 1 0 1 0 1 0 1 0 1 0 1 0
1 0 1 0 1 0 1 0 1 0 1 0 1 0 1 0 1 0 1 0 1 0 1 0 1 0 1 0 1 0 1 0 1 0 1 0 1 0 1 0 1 0 1 0 1 0 1 0 1 0 1 0 1 0 1 0 1 0 1 0 1 0 1 0 1 0 1
0 1 0 1 0 1 0 1 1 1 0 1 0 1 0 1 0 1 0 1 0 1 0 1 0 1 1 1 0 1 0 1 1 1 0 1 0 1 0 1 0 1 0 1 0 1 0 1 0 1 0 1 0 1 0 1 0 1 0 1 0 1 0 1 0 1 0
1 0 1 0 1 0 1 0 1 0 1 0 1 0 1 0 1 0 1 0 1 0 1 0 1 0 1 0 1 0 1 0 1 0 1 0 0 0 1 0 1 0 1 0 1 0 1 0 1 0 1 0 1 0 1 0 1 0 1 0 1 0 1 0 1 0 1
0 1 0 1 0 1 0 1 0 1 0 1 0 1 0 1 0 1 0 1 0 1 0 1 0 1 0 0 0 1 0 1 0 1 0 1 0 1 0 1 0 1 0 1 0 1 0 1 0 1 0 1 0 1 0 1 0 1 0 1 0 1 0 1 0 1 0
1 0 1 0 1 0 1 0 1 0 1 0 1 0 1 0 1 0 1 0 1 0 0 0 1 0 1 0 1 0 1 0 1 0 0 0 1 0 1 0 1 0 1 0 1 0 1 1 1 0 1 0 1 0 1 0 1 1 1 0 1 0 1 0 1 0 1
0 1 0 1 0 1 0 1 0 1 0 1 0 1 0 1 0 1 0 1 0 1 0 1 1 1 0 1 0 1 0 1 0 1 0 1 0 1 0 1 0 1 0 1 0 1 0 1 1 1 0 1 0 1 0 1 0 1 0 1 0 1 0 1 0 1 0
1 0 1 0 1 0 1 0 1 0 1 0 1 0 1 0 1 0 1 0 1 0 1 0 1 0 1 0 1 0 1 0 1 0 1 0 1 0 1 0 1 0 1 0 1 0 1 0 1 0 1 0 1 0 1 0 1 0 1 0 1 0 1 0 1 1 1
0 1 0 1 0 1 0 1 0 1 0 1 0 0 0 1 0 1 0 1 0 1 0 0 0 1 0 1 0 1 0 1 0 1 0 1 0 1 0 1 0 1 0 1 0 1 0 1 0 1 0 1 0 1 0 1 0 1 0 1 0 1 0 1 0 1 0
