69 62
999351126 -478713049 596677816 -857122286 -116133731 -270325590 325072613 -770289986 857162296 270894571 -53810014 192016662 314190276 -364157285 660555487 -914510406 -857327513 -170782855 604473177 -775097135 -512689031 320069138 -861668450 533442559 139507169 -120467169 358941697 -525440465 -8518823 470529195 474844009 -734962990 803212084 211669916 -468180288 527262928 665057291 679441444 -385843692 505052882 -874315691 31945287 -479126401 887853440 818028967 -170980723 218299176 742535115 520613901 -843820959 320449547 -519138875 -433067243 -65345516 884637922 -436228201 600753180 -862095850 407032733 -204800531 413952376 -675318593
105968382 -620446087 658076166 -135742927 413627279 -828495539 198668248 50146171 243900961 268022911 627188690 149581045 -34206384 -2279659 -463809736 -56822891 -671133106 -258563107 784243922 619705085 415932714 -977651852 -16674175 607672153 694942596 -26449539 -408269628 -292918802 363548977 -203627890 -317070211 560051308 -226257912 164270933 -683638188 715914409 804339343 -967471539 741409555 -51520901 619846239 369479946 977693802 873115197 -573776489 157344931 806706642 113381172 -911727723 387877344 -947303147 980548569 889358155 -422040437 -325906793 599089314 307188887 413739794 -987889595 80703289 813910663 -352725739
-479237 400885314 -219053311 220356342 -641689833 -166174822 204152851 75524171 664185724 413884530 -232496431 -872115412 -564084122 718154733 208288399 836218299 791243551 -533834899 988847054 825288983 -376424116 95992509 431444316 784963902 -545319760 435658204 -908937030 -928705453 839796330 496550111 509268725 -62620171 -819512748 808605950 782816366 -486340357 -576529142 -675046884 417121924 -48831564 -543693160 -232395488 210435975 751599061 848853182 -329875611 912068670 545824021 858458275 656985162 376695329 -548944967 683540509 831697810 18018247 800195896 -310749339 111354601 -827313264 -91632915 55544496 -894989875
-303768707 551898410 648390590 -8244017 283026147 83344955 -625560995 749902155 -957311478 455268300 -462376995 -682147327 875413736 -469434678 292210098 333945667 591578071 -206655020 259721811 -340391754 792225236 -349419487 -771014342 37679896 -180741 -53616057 -694647496 192184065 339280966 -551690584 62582865 -998029518 929197906 -956070700 521442899 490148590 691752367 -782704173 744813008 43544602 -270046447 95496787 476383805 -105237859 -849928748 -556955300 -314161154 581653426 416782762 -358783941 -521985336 -569415798 250446661 -145868334 -429714133 4989244 912768537 331817330 575893475 148748222 -47237058 819331127
227438035 -890441833 -863026605 -774657274 859371367 -966309739 836302603 -212798194 -481549730 958230353 857871344 409955624 -865669884 221770752 -642753469 990494283 -654931452 298424197 -756268126 736381497 -359759725 -460719606 -436044270 -575325599 -719820271 892773539 770886829 -791338746 996983470 452628109 155448039 586781536 485423880 501009163 -990591363 -344376229 -174598145 -2155066 -660954183 -654982690 563966436 121088814 -270751632 -478904532 -71757046 585101917 -887710413 166965100 133510349 -633412644 106151386 -839460574 -892611411 793698061 211268801 67756714 194162555 -104571208 -250980882 -210237835 785305781 -278526964
618522657 -307265282 -373026129 -694196669 -52750496 929324131 -101540054 -793332852 -354480336 352990638 -999313059 -250267388 745499174 -290189757 881173788 -49735832 -290217141 992019856 -720099155 515776379 -336274407 -663769847 619118306 724124886 -107432809 -989256767 -268963437 -771442177 796483207 649617065 -985267345 -886800178 -413714850 -115357218 342822225 -792510414 -663113687 288019282 152495866 -583186411 522852705 -715609497 78840240 -457378369 28061943 426744454 -850355481 -326969776 -571644731 -723286935 11329306 -13606166 596839358 -73120031 -791309041 803939031 -75085623 -413604074 -1877183 64037326 -864368300 199731829
-631524559 -221503096 629930362 241747588 -466643941 950513904 -569433286 370181458 -221137641 -893451323 915402335 587329224 312340755 230954625 555324001 31076218 789291361 342673973 672287722 -222372124 217189160 -873257407 802297731 -5406207 139078483 320461977 -393572252 -58061293 147390333 -677856763 -193875426 -819537576 214197157 -757227714 -723903382 734355892 605141572 -581509268 684986256 -87379266 -804549847 -87205866 -20736917 -292346473 989737015 961050666 226128971 -559453310 -980880415 698212540 -684120052 -882187008 988520810 -575275319 613237139 389181058 970660299 -888623620 154990498 221551166 -755125710 451774162
-73531826 -135925810 484857223 176795468 591237402 -614065224 -410666128 -824843088 -763623874 107627891 -72159531 545868167 127791789 475261960 231217925 124806323 -488726829 -870969310 -599379342 576049091 -680057228 -870067450 325866787 -971300358 525118404 -556043089 -482421778 67627564 933996251 806418878 922698265 -287604286 -353588557 -442614354 -175388084 982120330 504388372 -12181173 637953995 381811850 -205499175 29293461 588263247 -380170179 503349326 -879276313 -992111555 -344075583 189087208 153829851 -815375447 -94793782 243649714 -506085803 190691030 414259245 -272708627 -60058604 79806915 578746716 -750615591 -760259565
694998142 -862823257 -301166302 531102899 714110742 -953053187 226365647 -481581668 -898349328 771182296 -819709706 219874633 509126955 -643403498 605857639 -498746529 4211039 -951850147 -591922066 80468776 -534248478 -899006182 -532179678 412226007 -595562861 443078729 -368050551 -999326329 -446319613 464286248 560436870 -435429480 814940342 -866539074 -737056687 82742991 409884819 -325996491 300389070 -377798969 -608650729 233230038 847289635 505125979 300183554 257280445 475446990 -618827730 -110921893 -972784788 -497822837 769793538 -749318571 879462267 934253388 -555622145 907780611 713926575 959985138 856165823 -585988709 957350526
744086422 -190525372 -148135849 -609337624 -104247800 -577407568 -256292026 561156810 -645230422 -987557157 338733269 -61992360 -928113281 300651647 15397330 -117643434 -213892031 -551714645 580879898 859698643 795063983 -243217654 598322982 -161070750 747369182 881483210 -367863877 -82641317 58906310 -529233169 -158903712 26326620 -727631260 -418970890 282918716 -985603080 87507252 -340317171 959820778 -800060146 -796339001 -585980713 771121101 -834368053 -204434190 -457314786 -916571020 833741531 -861301009 611985141 -225508810 -320278990 939108958 -467353114 168937846 -146353990 450348608 340544520 352728249 -78446465 864645799 520367891
391300031 -567783461 -273520206 -688598281 -690611443 -202628115 -722823137 -755760940 -621912588 565922788 338292397 -335553441 -570104173 25952464 764746347 -40403073 -116209187 976616700 374504551 -499501721 -72903659 649892143 986816026 -795007365 713391317 -81091903 -874817700 -592863253 53758638 -701568271 44419550 -97917930 50645626 67746879 -557777139 -334115247 341307998 422742687 25028002 13008278 -408453149 -816867630 -108111989 -239435831 -121939955 -141237440 -23095857 -405408697 -191950077 -702640749 813305962 730080068 283193609 332582405 47124530 -54667500 -113480838 -986127832 434346914 407597166 193569957 -148110793
238636078 786990834 -622175139 -671486173 -851320879 -336276681 482375469 727998423 914751235 -606913844 382117197 616746402 -742313344 713043018 273447442 -237016303 340541400 -116328170 -240460093 218951391 -247568677 120395410 -467895981 25587140 438096171 831884106 -384385876 -356419906 203293182 -573387010 -947128 793024825 -718020018 -840988534 193675759 983851953 131309972 -133610863 -588197453 -470338937 132762412 -300651155 800544657 636258974 -818343368 -451687814 840095403 414071518 -265332853 869646933 -376658957 -693504160 -458324965 122735410 341245571 -399573933 -934834543 64284303 -60356198 813020831 -420278550 -352410774
547576158 281499209 963459976 504869120 -229229153 -729145231 -5964518 159195753 333438587 887699986 28102008 -850090651 -694043044 -588840183 400515599 954323398 916595214 162005790 -428698029 -504244749 539987933 221655758 881252265 166183844 167238002 -896658167 -788711555 55586831 -416834463 3870023 637567991 981488840 -454786658 -963285125 510971708 222556017 218466256 849978584 730503179 248056319 355903564 309872755 -608912224 566578110 -923024767 -238245977 403282343 -59739854 527026757 256420570 237364968 422945665 -279592603 463747340 273054806 -193988936 -189147963 -924481606 907096421 -113158692 443439888 -729016156
788659657 47386227 -458007377 -712747464 742343342 320465236 -139289514 -396402195 422494639 802441511 -241607098 40644327 -258690289 -879931097 784497945 -647716765 366686944 593522345 -368084729 -175349888 -99971000 736775193 -690225749 500137740 -104981699 -210981088 424595238 413323367 -312698591 514681319 -706575538 -189091120 -788517743 921255640 -856559272 103468600 -556450975 188857765 -139114912 -949848187 -765922034 892740810 -322259431 -504154674 -514852359 -309956795 -851705855 122628545 642886447 714113132 -457385822 -216941122 -507172607 266763807 -124594227 596841307 53598094 -800515105 -874994427 -823756456 643211695 316304876
-878888907 368197171 -779854047 957189915 -629662577 480284634 -318107089 594089815 977058050 -469724556 536647052 -429981157 522123998 -300934334 210953101 641507520 -320076496 436802917 -660505850 736895139 -275560944 -359717820 462476877 -543394105 -878924203 342672869 -807674867 25513297 149539056 -460907985 579253015 -518735674 -984219436 -164121609 992178786 602507690 -194749263 -917075315 -826749515 -206208380 -334680436 346730948 991600011 519515827 -573182636 -836320464 -325263391 -338657064 620152904 -863896555 -375969765 147587082 41776208 -158569914 -516940402 -175700497 42210824 463944190 -818049754 -921494241 780031126 -430556678
512232240 50979187 970387412 19983259 -621659619 781913901 981923875 741381707 -495082521 -835364975 -434014152 29010737 -641200480 -587206311 279207990 29133562 -843503758 -798214458 -107503763 -21624086 -476350840 -150624870 -221548065 538029047 -633227646 -757956475 57708746 -257078944 397035468 30223071 472494326 -559303090 684828235 28817326 748938074 841747660 645859107 -700609384 211424236 -124936686 685052691 548505444 575416615 -94728550 -157740791 -52661460 622304943 -597254377 313057634 214972035 223191589 319025419 -928983878 632604592 -553867765 668465607 483733380 871670118 770682448 455730689 -236358087 750884741
-647029412 -600880774 -151767743 161957504 -250428100 451312722 -661402581 768050021 -817991098 836865177 -705506085 32411508 768611779 -940013904 169553805 129188056 876996303 -955015953 -189499020 70782211 705766049 533652973 895190842 357814728 656781121 371622819 -573756606 209037675 517351347 -635039955 -380604299 238624232 -904255447 -641620699 -639931251 262444798 231688642 -995631535 458386171 -327310030 -782415600 615141261 625465376 -683818492 -785977350 581120799 -515615192 481751442 153048788 -375938353 -578229284 -373148453 767280413 -171040587 -938328045 944312007 -748177697 -89149051 -42564203 -283944323 -712277665 -370244131
-842825289 950744649 -377694350 -311084287 -597630621 513734674 349959568 -896924057 -746601357 867930936 650314625 -727818774 -188716799 419371204 179565409 -916310299 -582963211 -295956618 -112763547 -81837661 -13034675 455577767 -548655717 -483701452 -924132804 -131041463 -647720919 726989016 -159368640 639973182 -579740262 -295193295 -737514690 -172910934 -6785860 -87547766 389392303 -912638745 863279239 366669261 -886277297 373826683 212496961 253899221 18886035 270479709 233511975 -103318381 -894382696 720557362 93015309 754804752 282761053 380487927 872236637 937212034 -888932242 849858831 854823686 -241691708 -628515044 -157532260
130340018 -328589579 604429777 -894548938 -52011718 22309597 412414033 -888666134 156532145 201774368 786265928 742695056 -417448130 -144056899 332782523 -153901643 793873830 287884651 993698347 555795130 -567364687 18406871 128240041 938542993 757021809 895534400 -498872719 19014561 527604794 862389357 146705703 66352902 635990304 403145377 -835022758 -412826989 -156920785 -512484239 595111270 482032391 -140273896 -124580659 963026048 -98001180 886991358 -902679046 -925866679 -358487160 170542364 -635799555 994761796 664268837 -539252061 745845820 368129299 -733964126 -356162930 -592924577 252729308 597260037 -846652698 -828494891
859295930 -869769658 494609096 -891390661 627876350 535763833 236838044 856574669 221747348 -847696585 918266256 507599427 217858370 424629622 -127185617 -523216679 847771802 -124847169 -606775339 -154468046 139957422 -199443734 598571489 -580614660 329861232 -102853088 -56966981 -953529481 -758970105 -547987684 473878236 885474583 -572808379 -701581796 -675808646 -47120329 -270180370 -281200132 -597309652 277553222 -993076136 -237876533 -989950488 39865720 -74740744 716744333 53055574 -248282501 -167639454 -928236866 665173995 -485662352 -698028247 373138546 193145302 -545348794 533368927 -967408101 981534616 243649862 839501439 -166222087
-942877360 -643203507 744348971 -705243030 -338113088 -47203139 -921110316 521658813 -547699601 -837416036 -889833629 -188278874 578687211 -789122763 -520646921 942852290 695156877 -68918543 -583742651 261586344 -913240432 -400740814 -404522353 761818104 -322030143 -736089818 158759196 189830541 -394246480 -93872050 -731665910 -226439782 537627678 168520014 -942907251 -220716286 -750700868 439547888 -69107848 -462647582 46277103 218497427 91183251 579830996 985324 672432132 335510296 410074387 312620521 973279154 980119856 -557544262 733049044 -671190714 90631772 295183084 385373902 -188435175 664385405 -181618064 -524194485 -510411115
-979820414 39465750 58367618 50889086 223642746 649426417 -423244796 -425770476 263026345 -922337341 637778853 644148148 -950121527 -638232566 106807983 -52644190 -756602202 382656554 -964193433 -580524782 381589444 -485693189 -678652262 -915111922 424201713 298550951 -242483638 -457449759 -700212453 364620486 910634426 301775351 139259706 592594573 519618545 -896777157 -218797518 -699944742 692185720 -933596121 -203215099 -115626391 -1765596 934501863 -652472062 -357978635 -375154300 959716939 -673220415 479235788 -181249787 844694656 871195965 -362181753 697505889 -704293531 -236042561 273929193 123210550 153134668 -666997174 646487589
-899118386 -514773319 479549345 -958144386 -866301733 -549317490 -158327320 881063572 -341911914 183675628 297286806 -549977089 -860082970 -178752512 208975999 -503915686 953019801 -795197318 -331439542 -77966418 534814937 900848721 -630676000 -885564210 -566208297 -434914406 479877399 862291269 191740617 -808683119 516265469 112006018 378613470 529814522 131958509 504524344 244117600 -96047730 -348704683 -285653488 288600229 695183399 -683781570 -155382873 -344205855 601218395 809581280 -482684759 -466655421 379096680 647018378 185576909 547978939 100962037 -21802100 -20143285 -236252281 -629146924 -179579035 213180355 811349374 -795720208
-368489894 182550604 302702366 885286520 242994773 -790668661 -787653754 -488264260 -338101740 814583528 161524771 -147466741 557901992 702339644 787238701 886868043 573503667 500147055 -19411418 -956405284 678868550 674306174 -456327101 362015105 654632549 -471108846 -597810108 -708404386 774276901 580746570 423647076 -966662739 -934863011 -658047233 -674373859 772264710 144603118 456106038 526099481 694755929 -44763454 547550650 -753960069 845627850 414958998 351931412 -338796675 -298166522 497120145 232088676 498733631 -286086732 132839168 -519937384 787757980 -975941818 -792411191 991993636 -197571978 140304603 -462473488 -847214019
-769317657 896330462 -773806707 71120983 343434061 -530362896 204026390 -8623504 -743070222 909810110 708631165 -729279555 352808280 816777706 -107024880 217610212 -197014853 757409708 904142877 -629239919 982590151 484125348 -756304771 771018172 -599552249 801280238 -419998598 338891155 -777494112 -97128474 315223756 557143054 -829981724 138315641 -495356954 -164890290 909372963 -152156542 -432174953 -171522194 -228094674 -969986891 -440259002 -398429231 -461650835 705282155 693945840 971590958 604646150 761670832 409844069 -466697561 -677021153 741421350 -183612069 -895052875 -760649120 979597075 205548648 147309364 -970465140 825340443
-826114013 257621153 -764494260 756440318 -705257056 714916105 446435382 596574710 -402580039 -553307333 675098783 845245928 123082582 321304013 -646576681 -844269160 -940638586 -146453412 -228068906 -495181807 -32199560 -259705831 885010338 -87359913 886792350 -966671953 547604586 209066 -735233060 -395201618 150074441 222430551 -782534293 847124683 338237780 31083733 -600233622 544034662 -34047329 -522203352 989493161 -348580661 -535954405 -256253602 -140635578 -617982029 666914347 691211024 515825354 -887528929 -888994785 -867449200 -216634177 -580387540 -921475977 686376794 -911986634 -426004993 778225856 862286617 498679706 -872984741
-614581869 -286949262 70125737 197644250 919494470 -144547082 303765820 651359340 -574519525 -44174890 555132248 -541131469 -930015678 713095389 -432853515 -612195769 -494702780 -532367670 -629592982 -193937594 716951580 -128221401 97593929 -810397688 833821039 946295595 -671008904 188620346 -742618428 460285991 -574458167 432573291 597301526 302337998 362377271 945358947 713159763 -927195654 812379165 504125832 446817404 -370057785 -829247280 217168863 969033013 841901915 -745451658 -58058159 -563045466 396858539 512834931 684244435 853859038 -816221333 -437689303 491805392 192262425 -720874187 -997359659 -530274768 -563385532 401031291
979691844 -854177078 -761671711 -8468967 426192188 58816534 244048005 -970311010 -502033128 -63228971 -90598187 -182290645 -526437518 430074256 480474195 -703211825 882095425 334849921 22250626 -940599224 702130022 473518672 -7061027 -666132079 -455604906 -631226633 -722309427 -192915710 -113757551 -659615085 683304624 -315143272 147070388 -155149614 -105954140 -998028480 194533564 -948590302 885469368 763242837 -989126961 173716065 901432627 488482467 -849988017 -150804187 637985030 -286372309 -898770305 302855461 -889018073 -324377346 9252527 -36153625 -136359464 -65506155 -525587438 -166401913 -423237856 -194363925 -777032395 938456284
197304031 22035915 695787872 -755509399 50407379 949577313 846603325 67185327 275164679 -992891680 -895237768 27851292 -229785167 -668368129 130263914 -682766183 -97964358 -372685682 3401147 -391977819 -426540776 131300485 117035999 935262796 -110304037 -104961565 689525398 281935817 833615357 -980312472 -578883882 -389047764 -867381645 488154745 -391264695 368619005 -92551598 -605464946 199984928 -861179352 673399533 844247874 -504894415 -798723696 779135570 813615122 885957377 594084631 820922877 26989604 -230716207 -997966680 -957927659 -657201892 -703698665 -904719680 266500430 -176934873 887853497 -30538685 992209879 280575067
-632575685 881432922 -189612910 875110491 -135355071 74499471 490596126 -819933655 904084261 -860617879 -268728946 -863344303 964461765 98867298 243291902 330705144 -639968327 -851839365 -408789507 -117586525 -241327435 281160948 656804306 988552500 928341656 920902659 451731837 626525717 899825009 567144195 -872494765 284973308 -451063067 865102299 -543313431 -311148234 136002232 449296281 -534623157 724553655 939315805 463088354 571265058 -100854062 400704370 -122376846 163127795 -677453621 -603401509 479372243 -940993334 -529495547 577504881 -136110867 -112336197 -799706910 393706619 589688836 -34907247 855112420 -712852440 833345374
-332518343 305681968 251253712 -106275140 -274427020 526958892 434210643 308603450 102864440 -137516549 605235966 124177467 -147220294 -330228826 -86267566 431857231 -969908909 -2275724 -18061101 -422317053 42016171 -460865869 -657493471 698001922 647544846 960689998 910370078 -773107900 64512005 423947874 711247103 -909888967 -873218946 -88117741 -418788850 -391251703 -427682039 395601492 585181147 816377378 992524274 145365972 -950201500 308074662 374054194 -942046710 705353774 520818473 809287911 130449966 -724055124 344578062 422696746 -302064306 523656043 476648622 -530683760 -43344845 336335974 231796608 513348543 -729550470
-94451810 -624724229 -788809684 319918209 -88009283 -306648456 134055107 -781220793 329908924 642118790 244936813 798124234 -517819049 -898060710 -718297843 -480339062 474026425 -162353074 -56153434 -187097709 -782060032 -756737618 -499543428 -174809897 -854888079 -22931862 821794708 -611226912 553265143 13331933 -878694160 -865037443 399601575 666977654 -750280601 997425547 459138406 -60012850 870690417 331609477 639164595 -489938254 -289374024 229735836 242778372 -331680091 478603972 839047946 892821469 -845092739 -281415924 487989171 687026989 273536178 674219636 -972505073 472109381 486926490 -458558654 -100909000 402162121 -755753257
976201903 -423342035 -383008271 687232239 749739675 -367507162 -521691679 -188996380 781735059 -240580081 711055793 552633039 -359684544 595527562 -119382118 -570844718 -728007258 -30714697 -753363267 552589528 275741335 986113835 -213700368 -881631985 -486690375 774762102 562562174 -312467004 -809487114 442771884 210351357 -230250166 -452837293 489594895 -295683288 -837573205 667494804 512990625 -847232555 -935003524 297218894 501519919 -695560957 60221591 624890415 174290368 255605689 336437711 115852798 480140283 -306155745 130474544 879395362 590003729 -148669763 -185019849 -40814366 75263165 -478041811 649160144 -137554595 973091382
984392087 -415598822 -339366265 980786089 -815652486 97136183 840351543 315181746 806319210 416338220 762981441 -570638215 285115177 -147038568 -593761324 407165802 -179371 -139246970 338631835 684173884 -120906382 149052324 115943589 -669252339 -801891331 50841128 282172396 531104248 -569881480 -517948847 -28305639 995157947 -661083151 -952282665 -979060295 -611646655 983365784 913758959 -538924236 257546496 -699946525 944185558 -800110359 507167516 -583200472 388406954 841329978 296481080 -955028428 217474161 44782426 -227419407 428630677 917333467 371275156 -631738183 -332484164 -605115753 232237007 861938227 -221567525 131750974
-284908134 18609088 178314053 -32349489 -792182920 -359075772 -717173673 31080607 -178981842 420577322 -904042320 -871115792 200853703 307636237 -977565335 -414649548 -802704800 109346892 -795374065 973434362 -521153166 -821128399 661222546 176378555 -972693731 -750345052 311063922 159966787 -185079282 801815790 861897784 702545469 959941845 -449198091 -732827647 -467501391 -660605008 -225362532 242119032 828597886 76240205 804841457 782799113 -321066941 -235380617 -320472631 -340459252 309346368 -59722629 -565991863 896635838 -914154567 653490743 760708431 -609174933 -599064570 -403734904 -499381617 -494264788 101060209 -970957186 -503871317
-473284584 997974972 765296211 898462280 -924007213 -161638739 -993702027 874719160 -857937659 969966299 343655674 53864022 -612471527 -627602409 776387771 678740960 -41355668 -600862293 -23593333 -83251027 -546510065 -721135513 -109980222 569526258 -294255129 -308376674 -713311458 -652896469 401583306 -590322102 914396371 -899520440 978671789 -439171436 552606392 153863107 -375973029 380160387 581380066 -521518615 -62220106 -446829223 5865494 -352117467 360103832 -95553459 187398068 -26158956 471432183 606860438 331215495 777287705 802221925 -323424810 -159803560 -587663315 -64713253 386456589 -682803101 757240775 478764204 208253560
745939900 943384641 859510101 -428546000 -128461611 236139167 172615356 -389014781 -108257224 -258829870 -832061861 -909685651 846377820 -51826171 -832451667 471398960 983834758 223945717 920565758 -23753051 914580586 -455542753 927692015 -854654079 90714294 399670359 -184985282 -864761751 -778876357 611210911 -716678975 874517750 154843980 -536889276 782789052 771581688 262989280 584790715 98406701 336826087 951287041 -694201463 -173255936 199447466 605283321 -577219483 -96788613 242111602 -44745161 -794726901 971146591 472836860 186048938 -62896491 -564194023 735062477 633203285 -242029049 -899446120 -567080870 519862862 14912434
-982098052 -100934689 447318629 -237672908 -976974001 83942683 -802148509 737647600 566352683 237527901 -687444126 -879266401 -233046028 -299529247 41708537 103293521 -766460982 -997922600 579178425 835528806 -266505991 -987202424 -465316248 -167823904 106130675 61796959 849657123 -799161819 -243106836 757535195 205254502 -790460474 374657299 619707202 20840593 89326314 234366496 214425132 537485193 -371160940 710907308 305106947 -14019492 443876770 307754595 -198197500 66394793 424574693 581722875 700063955 360587708 293481677 514531217 -430658933 707767062 180251260 -611893080 -86208025 -483198023 -936549958 529075038 -329932616
-133614784 852953187 907610858 923567177 163215242 -387359572 -648114797 269376928 665199314 517745155 744141035 -311013270 468291141 -444057454 -401205715 679607078 35782080 255067622 666999711 989520985 -175672477 -454559323 807467171 960620895 -116977483 873043948 -304228297 -745733101 -758943949 -928229206 30174942 -603333518 638770296 650113400 535616231 715574902 -840934342 596897289 -547120239 468359731 597186209 -961015134 -870972321 -871668608 243580037 -366609718 269068762 255382844 -53954297 367299782 878750744 11667115 -501455259 896091160 -649486501 77712539 711926181 -27087201 -833219305 -369075132 322110777 157059096
-643102778 780660909 753753697 200660997 -812099134 -268106411 -686987743 502472061 860754555 -998180830 768340191 90471212 -406016060 723646725 639199716 725244245 -264005940 247754466 -180741372 -179591615 -692271882 -1703667 -876159785 -420140567 550978319 -496418235 741616084 -882380165 181371081 272744851 -396861450 77095814 558764144 939276319 668293790 131795496 -917844676 -588626540 836626874 278928025 410464871 -988033457 896901660 376630550 -20194140 -886817574 295312340 419676949 656029324 -571855770 -722463387 -16119540 -303409155 366199043 -804538813 -545084576 740560600 698099163 -610466186 -88552555 391058530 -755039450
-507175689 -721783146 -747156592 323989527 -427873774 478687255 640956847 605732544 749405095 -376357967 -945943981 816641552 -209524380 -981851555 978801889 -88107243 -61707492 -910821333 -180786942 66215366 739716395 -404974421 -178891926 -491355924 16029948 143541456 -8320630 709727701 228799955 240348039 -924300767 -504423236 87231864 -853729809 757499642 -640505009 -521222098 744411712 24718126 -956014041 -104703434 -19978304 469929232 -926419223 897353452 634386168 865436268 -657238287 913770607 137252888 -420816745 850838481 -243028900 238739765 -746414348 477914544 297373982 -711300063 -385726149 -579200839 997857588 11939489
683323060 413110826 489821937 -184263191 -236680593 -589512678 357121722 -998820331 -823080124 -483246499 -380800641 325149895 684249842 739919016 957805861 406860455 -371546128 394423498 470269651 142328203 564865757 -936740891 -286042555 150095340 -701503476 -914579159 -332650709 164933213 722045676 -916131484 -643185856 -278359390 -91328889 -374164294 247667562 909913845 719830507 275352327 -107182831 -709846872 -71732115 -173556154 -275937792 765634009 710342620 -949135088 333053067 396621536 468212610 -387741291 -85658618 -116637266 972003193 764593781 812616295 204084648 394310590 -627177458 -45951338 -879189327 557089575 -454872628
730001654 -163816716 -754286619 -164612807 996279316 -451382062 -455737447 913524616 -611344884 -936015173 -2735588 412036882 326277524 175184576 -485460924 -772346366 434218279 -62324534 -705222992 368239893 -412504059 167558749 826573046 502917527 28164093 -692987564 -204337497 -51198610 602223363 495863757 731647849 843949415 812013492 -670162144 332452851 -707403151 971928146 906056389 -281677726 -550436968 954199171 233899110 751924351 -11176635 400443052 586106988 -919397537 5131401 -736733084 562868749 540406489 178459039 -153374745 948731826 -257655488 653726791 801318416 -663286167 589866880 786231912 929115472 -609546283
-100141629 963926132 471002528 -338547113 -616947283 -822519982 684501095 -135374763 210479237 -850799032 181357738 -929217565 862556607 917754084 -861011679 914883984 -911066812 -894392773 153095503 641644563 -925673535 -185648471 282813668 878304103 -363471764 418414236 -763765227 -323313101 257291530 -286243790 -212046453 773948401 522216181 555532813 -838150715 -329378763 -754356172 101414958 910840971 -360020328 904999094 768589322 966915074 758239443 -814869947 -737631447 -226333176 -882938432 455879245 -911697142 29205883 112608218 883557262 245110753 -774098341 624653670 -876637591 809584430 -39829446 -952459926 41100182 -698564765
113463734 -105103126 700557458 642308787 39786557 470343691 -486524760 -473953200 107222217 -554628938 -189530520 632397705 903279672 259111669 744112082 408821201 371379292 509311404 705098688 -842772481 250926220 -932816186 989560953 -688825201 -579033631 -56707304 780381561 -157952904 -42819433 -158001284 -744775073 -58525536 -523933979 -138103271 650224884 -181937149 -322409481 700920658 382948590 -226560669 274158709 563481614 -955850675 -404266365 -599862295 -907409105 -491063755 -567838873 520733257 -270819866 -285859519 74687739 -557916774 687716333 692961164 557349494 -624050479 843730991 555466032 -46285408 683142239 904351586
-989481113 802237767 -540005390 124289374 276960626 -117191424 -847253564 -605821152 204953443 526933331 -950543303 725639108 190298805 -207320690 822968607 754758678 -867824444 -696977801 57835658 -192033327 -976455051 364121317 660309200 -625333860 -161403754 -772721247 778604517 -788915950 978614718 -816031106 -551650036 -865968220 -13822768 361503870 812232241 -155686331 242627594 -62816913 -477898436 823845809 -902199010 335479649 -231429013 537760870 362493618 -362472652 -635408038 -618891296 94818682 737240984 -228108358 -753731815 146176720 -377898836 -711069150 487507065 -994376186 902699994 -99790020 -888395894 -184016249 -180956415
442336876 135925201 847905083 -701198261 957390834 -608305175 703702808 -964530599 14835326 -947797488 521978006 -840645802 -255661808 -250811368 -640138892 805528068 -662913707 -275471937 -64728086 -541862052 285069458 -209646529 -564591644 13501346 -143040051 -780596250 -176679413 838808901 -577576882 346690851 -20620113 397412152 -475166265 149574557 307225450 -425712505 -991756691 288771497 695952599 461291 -250871592 -113207658 616973642 -743073137 -612461077 152736961 -400599771 -220252868 515716907 -176278948 263617121 745072146 153891477 -645475978 -424365111 -10299731 -558303876 -344068257 986501774 676869471 -684841301 34136690
532720728 52031426 -79199573 568382650 -322537337 -906213352 850884001 475931215 -194248012 803797728 -990978534 938520823 494706000 725617494 -172924046 -68315233 192462101 -213402620 -238221996 947006821 963535883 -253341306 -661356412 375891440 -703944797 733827999 128476985 -687329162 -819598386 472742346 784271683 757592884 -381522927 232879588 73092277 99264160 918529578 431690454 -403829647 -976611575 766167448 -250352195 -647655393 884205720 632345357 167176640 -365515114 836041497 -426050811 -473842526 60284543 -632795866 296318564 -318123029 -642510788 -598975693 -126318466 428727416 -11788640 -312408228 -816109984 -614941048
-677085737 32930842 -536752681 922548839 481213009 -596122820 -555984986 769855248 -894830848 600724536 395761784 69354466 343107340 786743948 682719309 132585298 791395121 475952386 -167064639 163399295 50719642 -592513447 -262479013 50712530 -655638161 986381299 -249072641 177951171 683957449 -707148662 -466176629 -411970556 402001312 -930546230 -394116745 772482621 -267796856 -90073767 816213121 598545664 371600052 -736795690 879163191 560204181 -98738311 -206687070 -802021548 697361888 920494456 -536010407 799393031 -921519845 73201954 -197313726 283435422 966084814 -945890932 -57799615 382750467 597338119 371201806 453758116
523325293 -959202212 -560914911 556716395 -787222703 -154425476 -564723562 -915725992 570462648 -462414316 -595348342 -658215849 -45841838 450214752 70054103 986445416 750368469 -278364760 466965268 289705543 -105967158 -352728655 -307395132 -381123036 -865341010 -618784144 -111181585 636453475 582509267 140850904 20042140 862437304 74003674 64916706 -929805340 -387859623 464780963 -240953192 312904493 -111563968 188392563 88947187 209952992 -256581948 -180511092 -423886329 187578967 -951402476 185542 372053984 276766796 -283112723 487939180 -242712437 -962334251 -368329144 916658823 506673354 -196714549 872960146 -474678757 -734962955
346685027 417844462 142320620 551075617 -893539730 -374813689 434963879 568899135 -767316358 280375134 813243721 -377137424 -228076094 -4379156 874940149 21862676 618778715 158330496 839838239 891819451 73304945 148708500 -803587474 -491871639 289435724 94724467 165829787 254359345 -839289686 -937097934 -870297548 -327651236 299979386 471978631 -412489116 495834365 847273942 -894090526 227527510 -356704914 -876478653 -866204633 -575934526 98189835 -663433064 -636047451 -303684215 -353045784 -186968677 -741527457 -588459445 -70714783 -171435410 276402710 884682139 -609931808 -671509327 -360790824 442422695 90353468 926992113 -682509834
144916490 -340906449 903906555 -295149559 -147398851 -812414578 640580949 -145682177 -499215166 -807280009 425465484 -168078192 286385757 -519207635 555915552 -579778368 -770836125 993539272 -152504296 -487422949 233918574 -389906253 514333235 725223922 -813944568 -968413713 -157789051 632289209 542562873 132385835 97615405 616463068 252639168 -662892433 710518173 698132210 -720650044 190422610 249557173 -829691421 -376821347 -199319116 -194316848 516356348 635072041 -202274300 108900750 -804465492 109031258 947099933 750942350 584313615 -503443917 919671730 -113063644 681904093 -768218582 449692080 448776798 8936165 249053025 483205919
943673178 -682533944 -929989728 -950244680 36675389 -700963260 -665112995 -499130428 -56757588 -496011805 -936715945 -579231713 -978809748 486006676 41331963 -727459492 -741952455 -926179500 -841833888 -89288192 295905944 -962970973 929972637 359682886 791843262 96565762 373946615 173098711 562231868 856696479 689329798 544727000 528137877 -285410508 541817729 -584829417 106481478 -833749524 -640737887 111327701 651608070 -21490947 -979533284 -144104137 659555721 -751774053 -504722735 -418540566 -153547042 -987652891 403456427 660938358 -952970070 80371223 987403725 -910443643 313278629 -572655305 -172717136 -473328166 301116730 103149771
872050655 -638147859 -271922062 607293876 360801056 889937321 -985213930 823917951 230115244 219418647 -838343441 -805759463 -624367970 -739993778 -899483342 691973544 841397278 361614150 469215334 878793764 650948515 -531750080 -467347275 726504800 -413427332 -688055583 271087464 -458291377 -67928661 -250302964 124873333 641242716 430539709 971704357 279918668 -282656777 647701525 33179020 437475173 -881963227 -29174629 851727443 785581523 -601321368 488238934 8383027 -867400709 -845374277 -20326886 43069651 591523040 134746976 -969988113 -370580052 -451519746 -877286910 110923055 256893917 -303968785 403683885 -563884013 460378873
713315667 553237636 306410332 -364252814 -126264209 36490782 151109808 877342094 -284119549 -424987479 166720580 -101589205 439033219 -471733834 -17870532 -884169123 841647953 41514986 -115840476 -395827922 722857459 631431767 -113465827 940836034 -441660461 982120937 86556520 -722027802 930303040 638999253 -497118348 -508899587 -30549939 526034526 383942006 -32035898 -205726805 132885274 836589147 275884437 209119943 -515591842 228850505 476005691 -103590019 661285426 -581617790 -724700455 -115409728 479916882 -461701427 105928997 133346201 -826592015 478195488 994212254 -760150438 -82762943 -95890363 604307552 -170340116 -201998944
790487003 589660639 -127818720 689018023 669772166 876802724 -929678186 -560237178 -988405154 -503859416 769789129 273172740 188033786 22687974 994469030 390945713 -414751112 -569639964 -29971364 363784988 -37276193 345775342 689857666 439896828 -647402768 -289930782 -672745062 454125207 206877179 -182498218 433846318 -471402613 -284309822 812641739 -214615605 -104730886 921926550 -36203183 9525644 158463746 690495307 894484950 959008723 980917903 543389502 -685769681 -446629938 165946155 874759071 575997592 -419435944 617289146 -850636216 -746855760 194366131 606611643 -376838461 615930723 -441430937 -221455144 -957985781 132395967
815907481 -162103618 91291760 506714273 834777489 232981935 -748391348 -334899722 172989231 -575900553 -33141230 -330911322 203049874 473982740 110976084 -374455101 -191083147 231909016 668629273 123008285 583166101 980041634 -282373784 -863450870 955569617 -552048445 -784396090 -107156687 700316342 -183394346 680386495 591098493 -8066919 -53554098 -80461405 843241651 -532697516 -388049347 721311559 -545643475 389047917 960475535 959939640 -593266961 -174404597 -352431888 -117791131 -258326591 658722509 30538290 -679635937 -741954918 -837959318 -97763883 -985642562 -84131017 811722995 453283643 -107340733 901878897 458041971 -200017508
549516373 -230137313 -750922326 684597513 -740709934 60320774 -621986891 -917334441 -43778697 -809266432 79835783 -478179498 572409091 429440744 -873956426 939504314 263701443 -987908228 803359323 986584188 -888652128 507095142 -483736830 -176447742 1160881 -502211737 -230152973 850471119 733493025 -719553140 528388922 -771494183 -462055241 596461956 -103673628 -314984889 972606806 355349186 -971405162 -244976356 -365090669 341773114 -858451280 943558985 -508104169 -584046414 152125681 120883372 -790364089 -541632701 88435702 -576364584 217011194 -814092176 -744803129 182531628 978821307 31928603 416215735 357963486 406517214 408921841
740844745 -284793462 847838073 -532013827 -467458335 -138918848 -344880679 -205832212 152859398 412079893 -718943222 -559264026 -904366128 -671623834 765179293 -607586845 562118170 -410676909 499856862 359847523 -684096397 -26247443 -383853066 531272796 834119133 29942930 -151006726 -734874376 -3495768 329655044 -836298525 237188463 -466922520 532925784 92121768 -367767965 61847176 -613345672 217692806 831000529 523714382 228697222 387836067 330075313 502191582 -279337243 402780202 599613390 -850081007 -684748115 -647044530 932966512 -990706290 -525561262 547967225 -849073248 189013097 -525176471 199156420 -513903295 -383783578 559756274
-108290654 824758966 53435748 -972116816 560271299 -317297219 -422887165 466573677 -212255932 -158791254 858808553 -485114676 -157238639 -645538646 -501437822 -649476722 629803531 -352516859 605217805 -146303609 30634076 285168502 728593609 -718942889 658776440 285356143 -884122735 -214749279 800982262 918806764 -243204425 -637106934 -601451284 -872785811 -720594767 818507841 204828366 475288442 -723950687 -936592598 -641653937 292560344 684213735 868239903 -3833626 -681045868 -805546181 349041055 191550777 468986340 -290836079 49020412 687832739 456956462 -513259805 699780345 -933150645 -885830808 955583428 -682572814 542238959 270400723
984772489 -285390648 -252822080 538265795 -458159014 458303267 999113187 553112316 -120679108 -987366557 -910310714 -677211320 -42532595 -345553534 -14490167 558632600 -654714354 -711033257 -333466218 242851428 820819036 901911226 -807806022 953601511 -717331538 340871772 -209786250 -73140064 -487514141 -469246492 134151027 108481501 -691634615 64622913 -347320050 -152177461 -753974509 -813817965 201015511 -315558866 -712948984 71922423 755280136 -55125862 595060903 -518901796 93925104 232210001 407563347 -691095870 850418358 -977095027 -713850555 55969017 902524300 -306091714 -330669977 -678345737 763447060 489690701 -339395045 712193541
-513851500 949089665 558213790 312385287 -242367316 -91401665 744761864 394730621 -15786320 -678135808 438581757 -746189596 -594266029 -53076535 -737803156 922260999 -818430624 -842704125 385392320 -721607390 -858364878 662338771 272286451 459147143 112508085 -782814427 -44082933 357362343 187449957 -842365231 154291522 628989405 438748070 593782261 156590878 798714400 796745104 513505635 575257904 -77775463 158984 121505565 -802093 964839490 981258660 36152500 531127838 -696446287 -567631663 -55793757 -600828953 706428139 28426185 -285348861 473923879 498092895 -132423970 595948700 787181011 -129385570 -395539841 707208308
174199135 -1996755 680945550 770783196 -948514208 -556180568 -648138210 -337039149 904283684 404401646 340643597 -559498405 268465202 918657731 -71426309 551686745 -566520100 -844597846 619775698 660189899 179573711 -466533741 493332067 -228109963 486554096 -936112976 -426968910 971313491 -11843394 -50034032 654747844 470692395 -534540445 780167705 -265983357 9162011 -746535432 253958138 304754857 412199212 361064764 -501316626 -606492438 951476220 -509454552 98983070 -616966177 -655202231 -718029532 736170472 -293474878 -343613919 -21612126 -976987531 944618883 -738355885 -473687774 619424048 996821154 -502544139 -517614726 101806613
352681881 -824925863 -619239588 547223621 -580080417 -102493354 25245546 -971836608 754642079 303925974 -841208098 -894224948 910525573 352341118 -867943050 308108783 443850953 -455973126 -604797326 -497326088 339141776 -105201782 282377762 -315949177 9209618 771054636 985032458 684439953 -814383737 34531665 -746160119 617321029 616940016 589588199 -931233471 -840759956 268481094 -719874377 269182901 -467961968 655963991 -316418818 -920861528 -224119427 446513091 282464011 331696463 -493156896 132293573 978348729 -620113311 166229483 435222794 -558785745 141013211 889631129 -361733269 196251602 -200869315 -991796721 -847921187 -331751074
-728776762 363668766 738326217 -110738461 -133930673 657908234 373606978 -409121448 409961706 -940480693 -612657129 903733266 597709380 294240961 -759672993 -862106221 -141863092 -38892175 -650115659 -876564616 147732495 -364874384 -373183096 -808448161 -220390148 -579070711 73068874 -570449671 -496769848 818608205 -746310290 79996013 336657349 -253204552 -796552498 208587409 391546187 -394897252 -614143983 -987857672 357468558 -292562139 49584753 -892250717 -918027164 -206149125 669731491 -929505608 -504452705 679938424 -921470801 30918613 256621115 -938239952 -60152051 666727718 59163412 672287136 -756858326 754267851 -962260940 363240254
-657780726 -570560715 -488524730 294879289 64173348 372374026 243222415 -246631919 982396410 -902287700 -413676593 -314617561 18727185 680435547 -444291737 -649394385 904155826 -789994307 975592566 -143642250 212634811 808509034 -619063098 555982063 -902998787 -43487277 -982827483 951126294 170786866 -105304895 -839970684 -707629290 -401193070 -454296579 556141644 -493075175 500653728 -712222449 -103593076 -178600409 927199215 801774712 843388142 981107968 186548052 575326237 -170423104 215455035 -541208571 -431267248 214172543 132519393 469161291 883656678 700635341 -329524811 169298782 -455023829 371150377 205364484 -843011287 196128666
308659508 915551442 -378717064 -208490185 124245216 -81431563 924381664 -787386024 756502519 508331973 242517042 879628094 547474511 58878514 -108907767 -156057953 -707385006 18607972 -221526146 -852240607 -685724326 -546700552 498453164 -121205937 716590703 -260892345 654400168 345468071 -797351164 601510957 293982557 234256958 799103085 -26146053 -304659276 476173593 293747418 -829925358 -98301956 -147920295 -465364800 103361274 -151651318 266215621 -110043293 13586262 517413455 292437040 -680305419 764364910 -162225234 97240527 499730931 -784254168 869252888 -952951830 -294427384 -963547632 105223167 817448804 916582720 738315455
833231743 469199069 -750553740 159028512 831145754 611879597 -961944698 139636534 -582180373 -994515353 967035595 -226303892 72679836 -514994186 22297651 695697684 701312540 336144600 -410840635 401339849 -825508249 -116386381 527078217 -528248363 541142208 806435551 -249752143 238476968 367777017 981581218 515750556 -848263073 -169144028 195526597 -642700058 811442585 -192058294 -855773879 103782792 -363618757 954835357 -381438058 532776636 204270387 21139873 876085104 -207041553 -331387232 727031234 -592616870 -273911177 -407984877 394309847 432372890 -345891317 632408972 712336609 -56468085 -59640513 111586323 -326225883 -558727662
471821253 566119274 284869439 -903824911 -869772312 -999182817 141559902 218318518 361387535 789680303 -738242013 920648352 -402638761 910462683 297529647 -117011903 297619104 -609231122 -155245566 -442520715 -389974562 934904435 563745149 -257462650 -220730457 -591837574 832998214 865041406 529569583 -625797114 -704551027 -972849210 368143927 307209950 -636774530 551417399 -493596317 -822351287 629012904 -575363824 -357288254 389706350 524671227 -999413720 -988702139 150295392 201903835 896588482 -948143792 281987846 549253540 189754813 244209711 -746313302 807607890 476632124 484288322 -8977904 -500502486 -388310038 -760026249 -324267676
1 1 0 1 0 1 0 1 0 1 1 0 0 1 0 1 0 1 0 1 0 1 0 1 0 1 0 1 0 1 0 1 0 0 1 1 0 1 0 1 0 0 0 1 0 1 0 1 0 1 0 1 0 1 0 1 0 1 0 1 0 1
1 0 1 0 1 0 1 0 0 0 1 0 0 0 1 0 1 0 1 0 1 0 1 0 1 0 1 0 1 0 1 0 1 0 1 0 1 0 0 0 0 0 1 0 1 0 1 0 1 0 1 0 1 0 1 0 1 0 1 0 1 0
0 0 0 1 0 1 0 1 0 1 0 1 0 1 0 1 0 1 0 1 0 1 0 1 0 1 1 1 0 1 0 1 0 1 0 1 0 1 0 1 0 1 0 1 0 1 0 1 0 1 0 1 0 1 0 1 0 1 0 1 0 1
0 0 1 0 1 0 1 0 1 0 1 0 1 0 1 0 1 0 0 0 1 0 1 0 1 0 1 0 1 0 1 0 1 0 1 0 1 0 1 0 1 0 1 0 1 0 1 0 1 0 1 0 1 0 1 0 0 0 1 0 1 0
0 1 0 1 0 1 1 1 0 1 0 1 0 1 0 1 0 1 0 1 1 1 0 1 0 1 1 1 0 1 0 1 0 1 0 1 0 1 1 1 0 1 0 1 0 1 0 1 0 1 0 1 0 1 0 1 0 1 0 1 0 1
1 0 1 0 1 0 1 0 1 0 1 0 1 1 1 0 0 0 1 0 1 0 0 0 0 0 1 0 1 0 1 0 1 0 1 0 1 0 1 0 1 0 1 0 1 0 1 0 1 1 1 0 1 0 1 0 1 0 1 0 1 0
0 1 0 1 0 1 0 1 0 1 0 1 0 1 0 1 0 1 0 1 0 1 0 1 0 0 0 1 0 1 0 1 0 1 0 1 0 0 0 1 0 1 0 1 0 1 0 1 0 1 0 1 0 1 0 1 0 1 1 1 0 0
1 0 1 0 1 0 1 0 1 0 1 0 1 1 1 0 1 0 1 0 1 0 1 0 1 0 1 0 1 0 1 0 1 0 1 0 1 0 1 0 1 0 1 0 1 1 1 0 1 0 1 0 1 0 1 0 1 0 1 0 1 0
0 1 0 1 0 1 0 1 0 1 0 1 1 1 0 1 0 1 0 1 0 1 0 1 0 1 1 0 0 1 0 1 0 1 0 0 0 1 0 0 0 1 0 1 0 1 0 1 0 0 0 1 0 1 0 1 0 1 0 1 0 1
1 0 1 0 1 0 1 0 1 0 0 0 1 0 1 0 1 0 1 0 1 0 1 0 1 0 1 0 1 0 1 0 1 0 1 0 1 1 1 0 1 0 1 0 1 0 1 0 1 0 1 0 1 0 1 0 1 0 1 0 1 0
0 1 0 1 0 0 0 1 0 1 0 1 0 0 0 1 0 1 0 1 0 1 0 1 0 1 0 1 1 1 0 1 0 1 0 1 0 1 0 1 0 1 0 1 0 1 0 0 0 1 0 1 0 1 0 1 1 1 0 1 0 1
1 0 0 0 1 0 1 0 1 0 1 0 1 0 1 0 1 0 1 0 1 0 1 0 1 0 1 0 1 0 1 0 1 1 1 0 1 0 1 0 1 0 1 0 1 0 1 0 1 0 1 0 1 0 1 0 1 0 1 0 1 0
0 1 1 1 0 1 0 1 0 1 0 1 0 1 0 1 0 1 0 1 0 1 0 1 0 1 0 1 0 1 0 1 0 1 0 0 0 1 0 1 0 1 0 1 0 1 0 1 0 1 0 1 1 1 0 1 0 1 0 1 0 1
1 0 1 0 1 0 1 0 1 1 1 0 1 0 1 0 1 0 1 0 1 0 1 0 1 0 1 0 1 0 1 0 1 0 1 0 1 0 1 0 1 0 1 0 1 0 1 0 1 0 1 0 1 1 1 0 1 0 1 0 1 0
0 1 0 1 0 1 0 1 0 1 0 1 1 1 0 0 0 1 0 1 0 1 0 1 0 1 0 1 0 1 0 1 0 1 0 1 0 1 0 1 0 1 0 1 0 1 0 1 0 1 0 1 0 1 0 1 0 1 0 1 0 1
1 0 1 0 1 0 1 0 1 0 1 0 1 0 1 0 1 0 1 0 1 0 1 0 1 0 1 0 1 0 1 0 1 1 1 0 0 0 1 0 1 0 1 1 1 0 1 0 1 0 1 0 1 0 0 0 1 0 1 0 1 0
0 1 1 1 0 1 0 1 0 1 0 1 0 1 0 1 0 1 0 1 0 1 0 0 0 0 0 1 0 1 0 1 0 1 1 1 0 1 0 1 0 1 0 1 0 1 1 1 0 1 0 1 0 1 1 1 0 1 0 1 0 1
1 0 1 0 1 0 1 0 1 0 1 0 1 0 1 0 1 0 1 0 1 0 1 1 1 0 1 0 0 0 1 0 1 0 1 0 1 0 1 0 1 0 1 0 1 0 1 0 0 0 1 0 1 0 1 0 1 0 1 0 0 0
0 1 0 1 0 1 0 1 0 1 1 1 0 1 0 1 0 1 0 1 0 0 0 1 0 1 0 1 0 1 0 1 0 1 0 1 0 0 1 1 0 1 0 1 0 1 0 1 0 1 1 1 0 1 0 1 0 0 0 1 0 1
0 0 1 0 1 0 1 0 1 0 1 0 1 0 1 0 1 0 1 0 1 0 1 0 1 0 1 0 1 0 1 0 1 0 1 0 1 0 1 0 1 0 1 0 1 0 1 1 1 0 1 0 1 0 1 0 1 0 1 0 1 0
0 1 0 1 0 1 0 1 0 0 0 1 0 1 0 1 0 1 0 1 0 1 0 1 0 1 0 1 0 1 0 1 0 1 0 1 0 1 0 0 0 0 0 1 0 1 1 1 0 1 0 0 0 1 0 1 0 0 1 1 0 1
1 0 1 0 1 0 1 0 1 0 1 0 1 0 1 0 1 0 1 0 1 0 1 0 1 0 1 0 1 0 1 0 1 0 1 0 1 0 1 0 1 0 1 1 1 0 1 1 1 0 1 0 1 0 1 0 1 0 1 0 1 0
0 1 0 1 0 1 0 1 0 0 0 1 0 1 0 1 0 1 0 1 0 1 0 1 0 0 0 1 1 1 0 1 0 1 0 1 0 1 0 1 0 0 0 1 0 1 0 1 0 1 0 1 0 1 0 1 0 1 0 1 0 1
1 0 1 0 1 0 1 1 0 0 1 0 1 0 1 0 1 0 1 0 1 0 1 0 1 0 1 0 1 1 1 0 1 0 0 0 1 0 1 0 1 0 1 1 1 0 1 0 1 0 1 0 1 0 1 0 1 0 1 0 1 0
0 1 0 1 0 1 0 1 0 1 0 1 0 1 0 0 0 1 0 1 0 1 0 1 0 1 0 0 0 1 0 1 0 1 0 1 0 1 0 1 0 1 0 1 0 1 0 1 0 1 0 1 0 1 0 1 0 1 0 1 0 1
1 0 1 0 1 0 1 0 1 0 1 0 1 0 0 0 1 0 1 0 1 0 1 0 1 0 1 0 1 0 1 0 1 0 1 0 1 0 1 0 1 0 1 0 1 0 1 0 1 0 1 0 1 0 1 1 1 0 1 0 1 0
0 1 0 1 0 1 0 1 0 1 0 1 0 1 0 1 0 1 0 1 0 1 0 1 0 1 0 1 1 1 0 1 0 1 0 1 0 1 0 1 0 1 0 1 0 1 0 1 0 1 0 1 0 1 0 1 0 1 0 1 0 1
1 0 1 0 1 0 1 0 1 0 1 0 1 0 1 0 1 0 1 0 1 0 1 0 1 0 1 0 1 0 1 0 1 0 1 0 1 0 1 0 1 0 1 0 1 0 0 0 1 0 1 0 1 0 1 0 1 0 1 0 1 0
0 1 0 0 0 1 0 1 0 1 0 1 0 1 0 1 0 1 0 1 0 1 0 1 0 1 0 1 0 1 0 1 0 1 0 1 0 1 0 1 0 1 0 1 0 1 0 1 0 1 0 0 0 1 0 1 0 1 0 0 0 1
1 0 0 0 0 0 1 0 1 0 1 0 1 0 1 0 1 0 1 0 1 0 1 0 1 0 1 0 1 0 1 0 1 0 1 0 1 0 1 0 0 0 1 0 1 0 1 1 1 0 1 0 0 0 1 0 1 0 1 1 1 0
0 0 0 1 0 1 1 1 0 1 0 0 0 1 0 1 0 1 0 1 0 1 0 1 1 0 0 1 0 1 0 1 0 1 0 1 0 1 0 1 0 0 0 1 0 1 0 1 0 1 0 1 0 1 0 1 0 1 0 1 0 1
1 0 1 1 1 0 0 0 1 0 1 0 1 0 1 0 1 0 1 0 1 0 1 0 1 0 1 0 1 0 1 0 0 0 1 0 1 0 1 0 1 0 1 0 1 1 1 0 1 0 1 0 1 0 1 0 1 0 1 0 1 0
0 1 0 0 0 1 0 1 0 1 0 0 0 1 0 1 0 1 0 1 0 1 0 0 0 1 0 1 0 1 0 1 0 1 0 1 0 1 0 1 0 1 0 1 0 1 0 1 0 1 0 1 0 1 0 1 0 1 0 1 0 1
1 0 1 0 1 0 1 0 1 0 1 0 1 0 1 0 1 0 1 0 1 0 1 0 1 0 1 0 1 0 1 0 1 0 1 0 1 0 1 0 0 0 1 0 1 0 1 0 1 0 1 0 1 0 1 0 1 0 1 0 0 0
0 1 0 1 0 1 0 1 0 1 0 1 1 1 1 1 0 1 0 1 0 1 0 1 0 1 0 1 0 1 0 1 0 1 0 1 0 1 0 1 1 1 0 1 0 1 0 1 0 1 0 1 0 1 0 1 0 1 0 1 0 1
1 0 1 0 1 0 1 0 1 1 1 0 1 0 1 0 1 1 1 0 0 0 1 0 1 0 1 0 1 0 1 0 1 0 1 1 1 0 1 0 1 0 1 0 1 0 1 0 1 0 1 0 1 0 1 0 0 0 1 0 1 0
0 1 0 1 0 1 0 1 0 1 0 1 0 1 0 1 1 1 0 1 0 1 0 1 0 1 0 1 0 1 0 0 1 1 0 1 0 1 0 0 0 1 0 1 0 1 0 1 0 1 0 1 0 1 0 1 0 1 0 1 0 1
1 0 1 0 1 1 1 0 1 0 1 0 1 0 1 0 1 0 1 0 1 0 1 0 1 0 1 0 1 0 1 0 1 1 1 0 1 0 1 0 1 0 1 0 1 0 1 0 1 0 1 0 1 0 1 0 1 0 1 0 1 0
0 1 0 1 1 1 0 1 0 1 0 1 0 1 0 1 0 1 0 1 0 1 0 0 0 1 0 1 0 1 0 1 0 1 0 0 0 1 0 1 0 1 0 1 0 1 0 1 0 1 0 1 0 1 0 1 0 1 0 1 0 1
1 0 1 0 1 0 1 0 1 0 1 0 1 0 1 0 1 0 1 0 1 0 1 0 1 0 1 0 1 0 1 0 1 0 1 0 1 0 1 0 1 0 1 0 1 0 1 0 1 0 1 0 1 0 1 0 1 0 1 0 1 0
0 1 0 1 0 1 0 1 0 0 0 1 0 0 0 1 1 1 0 1 1 1 0 1 0 1 0 0 0 1 0 1 0 1 0 1 0 1 0 1 0 1 0 1 0 1 0 0 0 1 0 1 0 1 0 1 0 1 0 0 0 1
1 0 1 0 0 0 1 0 1 0 1 0 1 0 1 0 1 0 1 0 1 0 0 0 1 0 1 1 1 0 1 0 1 0 1 0 1 1 1 0 1 0 1 0 1 0 1 0 1 0 1 0 1 0 1 1 1 0 1 0 1 0
0 1 0 1 0 1 0 1 0 1 0 1 0 1 0 1 0 1 0 1 0 1 0 1 0 1 0 1 0 1 0 1 0 1 0 1 0 1 1 1 0 1 0 0 0 1 0 1 0 1 0 1 0 1 0 1 0 1 0 1 0 1
1 0 1 0 1 0 1 0 1 0 1 0 1 1 1 0 1 0 0 0 1 0 1 0 1 0 1 0 1 0 1 0 1 0 1 0 1 0 1 0 1 0 1 0 1 0 1 0 1 0 1 0 1 0 1 0 1 0 1 0 1 0
0 1 0 1 0 1 0 1 0 1 0 1 0 1 0 1 0 1 0 1 0 1 0 1 0 1 0 1 0 1 0 1 1 1 0 1 0 1 0 1 0 1 0 1 0 0 0 1 0 1 0 1 0 1 0 1 0 1 0 1 0 0
1 0 1 0 1 0 1 0 1 0 1 0 1 0 1 0 1 0 1 0 1 0 1 0 1 0 1 0 1 0 1 0 1 0 1 0 1 0 1 0 1 0 0 0 1 0 1 0 1 0 1 0 1 0 1 0 1 0 1 0 1 0
0 1 0 1 0 1 0 1 0 1 0 1 0 1 0 1 0 1 0 1 0 1 0 1 0 1 0 1 1 1 0 1 0 1 0 1 0 1 0 1 0 1 0 1 0 1 0 0 0 1 0 1 0 1 0 1 0 1 0 1 0 1
1 0 1 0 1 0 1 0 1 0 1 1 0 0 1 0 1 0 1 0 1 0 1 0 1 0 1 0 1 0 1 0 1 0 0 0 1 0 1 0 1 0 0 0 1 0 1 0 1 0 1 0 1 0 1 0 1 0 0 0 1 0
0 1 0 1 0 1 0 1 0 1 0 1 0 1 0 1 0 1 0 1 0 1 0 0 0 1 0 1 0 1 0 1 0 1 0 1 0 1 0 1 0 1 0 0 0 1 0 1 0 1 0 1 0 1 0 1 0 1 0 1 0 1
1 0 1 0 1 0 1 0 1 0 1 0 0 0 1 0 1 0 1 0 1 0 1 0 1 0 1 0 1 0 1 0 1 0 1 0 0 0 1 0 1 0 1 0 1 0 1 0 1 0 1 0 1 1 1 0 1 0 1 0 0 0
0 1 0 1 0 0 0 1 0 0 0 1 0 1 0 1 0 1 0 1 0 1 1 1 0 1 0 1 0 1 0 1 0 1 0 1 0 1 0 1 0 1 0 0 0 1 0 1 0 1 0 1 1 1 0 1 0 1 0 1 0 1
1 0 1 0 1 0 1 0 1 0 1 1 1 0 1 1 1 0 1 0 1 0 1 1 1 0 1 0 1 0 1 0 1 0 0 0 1 0 1 0 1 0 1 0 1 0 1 0 1 0 1 0 1 0 1 0 1 0 1 0 1 0
0 1 0 1 0 1 0 1 0 1 0 1 0 1 0 1 0 1 0 0 0 1 0 1 0 1 0 1 0 1 0 1 0 1 0 0 0 1 1 1 0 1 0 1 0 1 0 1 0 1 0 1 0 1 0 1 0 1 0 1 0 1
1 0 1 0 1 0 1 0 1 0 1 0 1 0 1 0 1 0 0 0 1 0 1 0 1 0 1 0 1 0 1 1 1 0 1 0 1 0 1 0 1 0 1 1 1 0 1 0 1 0 1 0 1 0 1 0 1 0 1 0 1 0
0 1 0 1 0 1 0 1 0 1 1 1 0 1 0 1 0 1 0 0 0 1 0 1 0 0 0 1 0 1 0 1 0 1 0 1 0 1 0 1 0 1 0 1 0 1 0 1 0 1 0 0 1 1 0 1 1 1 0 1 0 0
1 0 1 0 1 0 1 0 1 0 1 0 1 0 1 0 1 0 1 0 1 0 1 1 1 0 1 0 1 0 1 0 1 1 1 0 0 0 1 0 1 0 1 0 1 0 1 0 1 0 1 1 1 0 1 0 0 0 0 0 0 0
0 1 0 1 0 0 0 1 0 1 0 1 0 0 0 1 0 1 0 1 0 0 0 1 0 1 0 0 0 1 0 1 0 1 0 1 0 1 0 1 0 1 0 1 0 1 0 1 0 1 0 1 0 1 0 1 0 1 0 1 0 1
1 0 1 0 1 0 1 0 1 0 1 0 1 0 1 0 1 0 1 0 1 0 1 0 1 0 1 0 1 0 1 0 1 0 1 1 1 0 0 0 1 0 1 0 1 0 0 0 1 0 1 0 1 0 1 0 1 0 1 0 1 0
0 1 0 1 1 0 0 1 0 1 0 1 0 1 0 1 0 1 0 1 1 1 0 1 0 1 0 1 0 1 0 1 0 1 0 1 0 1 0 1 1 1 0 1 0 0 1 1 1 1 0 1 1 1 0 1 0 1 0 1 0 1
1 0 1 0 1 0 1 0 0 0 1 0 1 0 1 0 1 0 1 0 1 0 1 0 1 0 1 0 1 0 1 0 1 0 1 1 1 0 0 0 1 0 1 0 1 0 1 0 1 1 1 0 1 0 1 0 1 0 1 0 1 0
0 1 0 1 0 1 0 1 0 1 0 1 0 1 0 1 0 1 0 1 0 1 0 1 1 1 0 1 0 1 0 1 0 1 0 1 0 1 0 1 0 1 0 1 0 1 0 1 0 1 0 1 0 1 0 1 0 0 0 1 0 1
1 0 1 0 1 0 1 0 1 0 1 0 1 0 1 0 1 0 1 0 1 0 1 0 1 0 1 0 1 0 1 0 0 0 1 0 1 0 1 0 0 0 1 0 1 0 1 0 1 0 1 0 1 0 1 1 1 0 1 0 1 0
0 1 0 1 0 1 0 1 0 1 0 1 0 1 0 1 1 1 0 0 0 1 0 1 0 1 0 1 0 1 0 1 0 1 0 1 0 1 0 0 0 1 0 1 0 1 0 1 0 1 0 1 0 1 0 1 0 1 0 1 0 1
0 0 1 0 1 1 1 0 1 0 1 0 0 0 1 0 1 0 1 0 1 0 1 0 1 0 1 0 1 0 1 0 1 0 1 0 1 0 1 0 1 0 1 0 1 0 1 1 1 0 1 0 1 0 1 0 0 0 0 0 1 0
0 1 0 1 0 1 0 1 0 1 0 1 0 1 0 1 0 1 0 1 0 1 0 1 0 1 0 1 0 1 0 1 0 1 0 1 0 1 0 1 0 1 0 1 0 1 0 1 0 1 0 1 0 1 0 1 0 1 0 1 0 1
1 0 1 0 1 0 1 0 1 0 1 0 1 0 1 0 1 0 1 0 1 0 1 0 0 0 1 0 1 0 1 0 0 0 1 0 1 0 1 0 1 0 0 0 1 0 1 0 1 0 1 0 1 0 1 1 1 0 1 0 1 0
0 1 0 1 0 1 0 1 0 1 0 1 0 1 0 1 0 0 0 1 0 1 0 1 0 1 0 1 0 1 0 1 0 1 0 1 0 1 0 1 0 1 0 1 0 1 0 1 0 1 0 1 0 1 0 1 0 1 0 0 1 1
1 0 1 0 1 0 1 0 1 0 1 0 1 0 1 0 1 0 1 0 1 0 1 0 1 0 1 0 1 0 1 0 1 0 0 0 1 0 1 0 1 0 1 0 1 0 0 0 1 0 1 0 1 0 1 0 1 0 1 0 1 0
0 1 0 1 0 1 0 1 0 1 0 1 0 1 0 1 0 1 0 1 0 0 0 1 0 0 0 1 0 1 0 1 0 1 0 1 0 0 0 1 0 1 0 1 0 1 0 0 0 1 0 1 0 1 1 1 0 1 0 1 0 1
