66 62
-931435036 825361666 180281511 956793221 -565292822 -687783103 496218550 676429697 -349858754 -287532526 -115552763 -680624738 -130215511 -720893897 281745056 177138329 -508403894 -953446912 928363014 526651149 -456628455 776236094 -423864425 682998144 450417809 47690831 -942547251 -977126558 574080361 388030022 284182700 -206082006 195993835 -589627036 450090958 -466486087 -59846184 -824039564 55987271 824272031 -325244357 -992527460 -691430041 -499288697 -226886806 -345192405 164298455 -689532438 284709167 -539673367 -79298829 -649444069 -2630687 -558302655 -904436705 597638693 682269526 943361752 -624942931 -947997701 659109487 -32812819
952466345 -427159918 -823661809 -477047823 -305700229 -651213177 -94606109 -513765937 560537045 -327523149 -658049067 -137617190 -117635820 -829712620 126544897 -411326654 43686450 -792645396 -166054109 63681544 -405351260 -248744827 -999846717 -225698788 -893775502 -131573724 -418168805 -545694759 -844008699 164661043 -976100175 -912581394 -980259415 42750012 -735139370 589247002 -743225027 -960733081 350550803 521913876 -805033342 916517852 245178935 521136984 -391065669 104802504 2424842 -236722344 -500270871 873748420 -453480129 -662034624 -637915785 -266668544 381802663 964833527 623265502 -927766513 -238462000 -890228486 905340067 -223602280
-547400226 -989139486 -302976395 88690932 97563931 501044001 -273204275 -866785238 318709803 295775159 413145835 -306773617 -444181218 -789978864 -499132461 -274648090 517359980 156896591 -212087503 541541206 455191708 142463006 -808656289 -718349446 685149639 -578468857 818676010 -632828368 939620345 -10597269 897877034 703407101 -456964018 38605036 -735082638 392695410 453960354 -64208911 833111513 -941253793 213542235 -779059505 -404793863 51162272 848636963 777773606 -145776232 279638184 566769989 355233300 -433545034 -15428226 -326435078 -778199037 -513065677 -473167138 166605219 -249334767 286113923 -286736213 -187198366 264488040
-143469087 451817840 484798416 476645703 990427783 554851777 531518425 -346976748 -180879721 949629173 127607386 -427256019 160342680 -480221059 -498277776 957139897 391733053 461791517 734327707 -179861970 -497409529 -589927071 226294039 -144302818 659430996 -82509928 19658285 345292476 -195081911 800818499 514183161 -899905789 913333548 -542273567 -896584361 151504528 865858247 -71125552 -862937782 791975005 -949370964 27946163 799536594 986011972 412156996 -916311488 526400408 -544845564 -810855581 -253989974 -121173512 844847472 425739858 -586067063 -155412100 -242807404 435186981 -890896816 346988691 -496250242 -312627218 796909241
806705709 656513565 117320608 26396025 507331149 814733380 190429972 359797481 621058575 -337539972 465774129 453820817 868225044 887529904 -115445598 427701222 -841301223 886587274 508531183 -686698117 592682528 344412631 569533936 786399919 480835436 -353687896 -233588265 -991777615 -253202889 33198948 -337942070 -706946828 -325499887 -44213925 -977198226 780894289 -840134 -308274635 806125227 535966212 781647582 -180127247 892122320 -796120192 -752697690 610262096 697482424 -213039325 -50008214 -773523657 -575289026 -861647920 -365754956 -261244223 371229646 651973707 898769424 521224487 -616347926 731515573 -775786935 -193825798
-412016805 -622947744 387176947 -487328449 683324437 -943831307 163698350 495928451 692981868 -29138690 -584911584 99336941 -116860264 433973843 432492188 -84114316 623040021 193534401 209017370 -76268994 -440251465 907821759 93779262 116870597 -186584330 748017464 -771065152 -762296078 -405234239 -484992355 -987755975 963425951 -171791217 208357993 -990548326 -829821692 -536625856 154096350 901637105 601374645 -170298179 -111520948 459114334 -677259622 86046584 -915610378 331641919 113198282 163065315 -338330672 185979203 939735042 644972139 -549419731 -446172012 612525015 15186252 -254621009 173547700 -995187630 502531185 133017378
-251357122 751468247 815977853 938994047 -292305308 697488462 793920277 -129460152 565545899 -828219476 -234563967 -73450919 470816289 -468436208 56204216 -832706320 -703417081 -404619112 899518286 -785468476 739820552 -880849463 -47102554 -929382814 763278065 -322968275 78746808 949964062 -134195206 331056901 947777587 113156147 112360827 948493692 703808593 -674381635 -2350970 -703478387 290025839 -494975253 562848617 72706663 656125512 773594908 307517370 5886601 -722451064 -323831991 158210602 272360765 117488926 730456044 -365059970 245850018 522052716 77259864 -756828313 132196544 620862561 -563631773 -67920980 71746382
98603993 660024646 360761343 -803749336 -830692054 -706676558 -458266668 -693765569 -278641679 -701195342 -410001334 340515575 -665395453 -324961032 -168558303 890677973 -655490426 282498752 -298436168 615011743 -106301178 447065788 555880426 260395852 29006374 526237753 971344337 296579637 628337352 -391179357 -962219823 290926299 690531660 132498086 677776220 -750706774 876297061 888821985 -536960576 -856126560 744765696 -923479438 -449053627 673528516 263810298 -625596693 146045402 665820016 438695477 -118370508 -85145253 515410018 974476907 -77493132 -273202463 422272573 -277901677 249675700 515987754 -633981366 -194841420 151291737
879826404 -203611995 -649933725 794924597 -531462056 928191963 -832653670 327513464 -978031615 668457356 106740952 -358124012 -825135661 -293020695 -345542299 -300446576 2740308 -237683015 643492593 354935201 590046574 404774869 -73216828 809752753 258590351 607097788 -903273329 -273362251 182627309 -320551235 163265155 -825615499 634692112 -461100931 -31097333 -643151884 594196049 27164810 -216152481 -99999575 30402733 -619203610 384951292 -478639870 -617517924 -929610949 194368072 471313100 397787991 -242346036 27315133 524914774 -373162402 4527892 -147471449 981880116 935668532 -406317963 -333117775 113505574 -390052858 71450941
704152809 -504941210 841368704 -850577368 -13720030 932179836 -307449023 -852472991 -121268322 -361171930 485215996 254237690 970203689 -510531440 690851994 -271179895 -343715487 -89557762 768229649 294458245 823260904 -6390178 -519934307 -153696213 458492450 696847874 -317053169 222013969 221372459 -727724923 -914605753 151648652 -46442265 -495249053 -795986141 107279451 -123604992 -270931060 786768646 369188367 -12281619 786822650 286380808 -237158467 831348643 3866626 420647308 721817292 248428777 582830524 527393711 -362252732 -721273618 133641617 812552569 631137817 -661793719 99080973 171731866 -548438061 459147687 519567523
30402816 34018283 -41008461 960581025 -151416436 87256390 426256599 793506547 -465342603 904093327 -127075967 -645903827 819512311 570220531 -142105137 -912826915 26637281 -226122294 -592506004 -175875444 -306306275 -491307587 579186459 -220737700 -216923833 18466182 504147513 857215130 -190831123 87519620 -152385843 76072782 658994955 -246225803 -737677906 -767320675 -198617531 -309459802 258890025 -911093730 512275062 267603642 764512710 -200899013 783797882 -468961997 95771347 474805112 -100528971 131039369 658958366 -235051119 812412508 -61005318 541628489 229855366 970657211 56201455 -943874534 -853294638 -707110848 135517165
690015180 991728693 473510961 -651936689 -15580901 691516728 41408433 -17074200 58481916 469233445 800449860 -48037215 470884620 276917844 745408132 -985192272 -548568770 -48879794 -713334135 958499854 999160328 531835553 -804534196 172228474 -666460105 -75634242 -730695549 -838382717 958296611 -660555343 234833986 779734361 -72641445 -546139046 723208637 253403794 812546954 12431917 624546279 161287076 -368572841 969392086 363067949 215467433 554772086 943026849 -769412551 -381538638 489944858 196007280 435275759 818124175 -770404905 886859099 -889363795 -307353921 -991334331 885343620 469369584 -822437109 -576877518 -43002976
523505564 165375509 -353940657 -399146838 -392365751 -90092787 -984795128 -540577589 -843054137 978410607 -28128571 989747833 611020813 -210861541 540944262 397292920 -634556437 110267242 920499717 -89053959 351369013 491236331 -891750326 -709461549 683947595 189575809 -488680663 -249358752 -936178529 148624176 372059059 -7946491 958886727 639751292 -342932323 -794080462 64988889 825976825 546148562 879178292 -114656919 -365350950 -648398297 -951795284 818368318 -563258383 409199314 534063921 380375335 -230398842 -288911963 -258535151 452800336 -521107226 -532354029 174500029 158137822 241396236 -213420989 -532218175 487407452 -128571388
-416036695 -916496746 470988812 -880200509 -415374064 646651956 513636465 -250557122 -590134237 -293445795 -998531532 -292279997 -706695326 297421665 -568734088 -698630463 -159601123 444746639 -561689726 -385584392 -307203682 883192028 810075797 -915018382 404549543 -105017204 -560741262 -385346002 -984246063 -630165179 -114017622 451380544 -296821346 777761579 -178706177 -837977642 179884630 396128791 945422356 -80902762 989434173 -843406154 -384305935 -891101121 -68419924 810364686 829967063 119878814 -551671495 -461255088 -28224959 704559750 -964756074 -721069239 4969589 -496235739 -234764027 -225794919 327014601 899191786 166239754 491178220
-275359711 182013012 294206389 -859810698 -337165063 711639240 -10136503 557291399 -296499610 636202790 447682237 -159527579 -317716920 683592048 850369727 532003588 103021075 -917001781 699655853 -433960237 -20166595 345929462 -873616448 -985312803 -42309289 435620474 304447262 313161846 826379770 521849607 544637328 779570692 -419261753 224878993 -52094586 -40705243 893692167 -829890657 -686328128 719530757 514505632 852771675 -944525869 -973462297 -41754332 -925017164 -448586500 -429854698 956250438 67727423 516811026 407365132 906456064 937998495 815434808 -39847493 -866281239 931097891 978523310 911420379 278485865 -421721577
-920858619 194534198 785480944 959569613 987814144 -315515566 978996044 328848726 -902826882 -180269478 -125204872 -262591439 454930086 -856064238 790083254 158561996 896159285 83844609 -995217749 8678766 -291978498 309449978 -558861558 -88804299 513238542 -355348208 277285065 897417432 -333004292 -303486591 -695697885 -740527621 901600260 -838829813 685471518 305831574 833651269 76369321 -15983960 373602446 -86067412 993572432 -109344025 -991724307 -342477248 323244435 974695384 451160777 198806433 -340186790 602623930 -149067629 -809308689 970748942 -488800818 -578636108 773177993 -34305474 -398874838 913082924 238461377 -386064938
369781260 674038674 289374224 217110281 -639908388 -134652394 -543974238 -201937090 -953712597 695588182 -811165114 342085552 -838090619 -244606763 221813489 -355673767 -174717464 -281115218 768997783 592914599 146594943 333431929 806252082 976293710 -528764411 -911488734 271061965 -160887516 -343883466 193267392 -788799803 692316020 298977075 241284285 -829863807 160758585 455171312 154968846 449034531 -586731683 -231810483 -532863242 247896207 -272451336 -457006683 661072319 -523832535 -514795086 936338103 -665433848 697356360 351550191 -48699058 373470832 215525990 -314495480 96940998 123569752 108930501 -641417329 -687102839 831717802
-340093912 360460228 -46589582 800308988 686508708 -878920785 799842713 222945868 -59755057 -532762346 459086711 -354243316 441528280 -353952835 525862221 -995527285 -897825462 -692617451 658545450 -265643705 -857498916 -423257393 401571638 -660089861 379165221 769812745 277894615 847217845 73473115 -463611463 177515107 -315182058 -97147687 323397385 -340394845 -615266319 -639054678 61381796 853842032 -769677122 507204569 -239042893 -461776987 870034259 159778010 401730141 -755688275 -379615024 -246803726 97174562 -942296395 -441003980 -811524220 337448824 80762173 -49545548 852717578 966381815 -530153525 -585655037 616544955 -342811740
-807458176 26956351 419248853 -848258246 -998614331 941642056 682921780 424058900 966613255 582469260 296247779 -361436784 -533174748 584346312 30516528 -953588360 991262679 -410965379 203704811 635127777 -597821828 -926628000 597985969 -196558880 -597014806 -483641925 -630288067 533846566 -596161517 1402299 976182916 346390285 290222326 67178301 -840520312 720422547 2027476 921480683 494360609 -168828987 -895056284 -687498059 800398844 460319253 459807605 824915924 461110264 224434192 -321567178 516974698 105810221 500781263 -186930252 -282187566 -655353793 632549225 74629324 226267364 571174388 560767188 910554332 -831444263
651032757 -786346594 291298153 -481367135 -976691479 972829558 -197024719 723223706 -887867753 -403069502 -481649959 -488299618 -685977070 -236708266 507578037 46463721 -563236271 -438249872 822390189 -83050347 -790818042 815275987 -466711312 841420375 -474103956 -558165485 382881653 853233946 138475320 214580510 610381420 -257169496 -681648671 361637680 -434379209 -25921717 222219919 -613077690 -922739572 573002451 -454675828 -582659950 772784548 -545474879 918986227 194497930 126578245 751272877 -922484958 425398321 661205205 -647557541 558554236 186796532 -243296708 939611040 918164587 900383806 118873325 295607088 -350106741 593961486
-655752616 -898706743 251152921 -469009676 -556720208 616806871 162586388 637297136 -340315633 -884097466 -384359223 -633106711 971698446 -780459251 701186206 -139876735 -53698571 571544734 -672267631 -383824430 -760699852 449802422 263414163 829766089 331696784 793844573 692805374 911256656 488008399 458673826 -669505821 -217014585 665576777 384434826 -870299444 -509502005 -491588176 16253966 -729697706 -471655192 542959847 -269944764 -293441285 -758869125 -521219281 -399603980 -907477692 -696241072 -687639473 -315984905 -292156482 -497009010 337889233 -7281674 -444611106 -19643758 490912175 1852133 19464783 -502024305 -339767305 18901030
-129915270 674805515 587341005 -637032051 978562785 580509232 712185709 -198430509 -443593424 -797732892 -274001911 425546968 -530313393 -886219810 -874553183 53585989 870778180 552568313 714546008 991568654 -857671458 -955205917 965839652 -260810209 148440762 -639806958 315920164 863151500 -425152722 658377954 -473407310 794728086 -860006535 -207987582 316682670 -590159468 404137898 -130212211 -285353627 347273910 429784804 -697765228 349423926 849998786 -471746466 803638252 668493367 210769615 -746499524 -77425851 792719503 743630768 500955391 59725968 -650342483 891678775 -973271912 752337091 -568276144 182285519 304785628 349618031
-505736986 -581068378 -371704401 253761111 -254636381 -394705328 752693272 -763105055 -621026634 770822506 923344631 865363856 -914250406 160773892 -114746040 -851994210 452346204 861579378 564007162 -605150118 -46882763 14629884 -418144404 593218193 767707710 -582150085 -307075786 478881701 535882572 897608525 -164793159 -542918054 492283881 -288276432 -650845380 258388911 -224167337 471494352 577511899 31843371 691347410 764128044 -185041181 -697155458 -59234830 -385816642 835322645 -364201100 -709407422 69359686 -848518020 -777598350 -895525626 584812150 808035107 60367208 -446551142 60106662 -951456462 350468696 -900695279 284179830
-123605516 -920612082 -3080371 -93663200 99226060 -602055939 -713997823 -772916112 315084986 -737924931 166084812 -689568353 988187618 -490949105 -38981930 -616704824 -290138802 -51128709 -955713072 641418184 277574246 25033317 -15498334 283671631 484132004 254580777 868525927 -846873684 -321420488 -64462876 -887301536 -95634466 978126336 -324481139 919979147 -869961254 419779373 48815302 479212100 819450837 -827215365 161681640 313708485 581220339 757046437 -144441075 696238692 -663098962 -196022857 603227637 -880387379 -977955557 -438833850 -783862553 -548254210 139818965 93397952 -808316735 976565148 173534314 -33882960 549461291
295600790 -527152536 -158721021 719226325 -53802933 -990763960 -975650647 771335612 970307204 843238474 -462937011 -576592209 148360080 536874942 740408146 398497598 438863386 -125101893 -393597990 894276276 -497466392 -80807605 -62930564 -62883525 -105427041 -489135506 587311451 -103635966 487507160 382420013 314638860 -604393354 347872270 448934671 764897586 467952167 485472453 -853233236 277936449 -743404443 -159585069 139514935 663277871 94581229 116369179 429673322 457410735 -649807161 -640635813 -233265536 -944124390 -738688024 973664677 700709149 -93675734 625121586 -880213713 289731028 -942384432 765352963 -515938488 663758442
-202512313 -47287719 -460927374 802333950 747731770 407981644 148669537 -946682109 -254739560 -938857670 379708019 -353922885 -543481214 -890179932 -155245299 -921204033 726909866 -314417855 -298275944 160338587 -901357710 -704840068 690141803 642002879 672593224 -819856111 117332484 377912471 -101909440 -546631998 92253942 923656283 -651635224 680987172 302878051 884512992 728453690 115623054 604564625 -782188989 -489100638 634748040 963153483 -927545563 -755867303 46994618 -374409982 505129681 -938474740 757265457 327132195 -149200003 729417720 201499276 -952064834 -490909416 187058325 -30983200 462805062 71103454 418782294 435840342
604917802 491560349 694413098 598860877 807490667 326481772 23587822 -309575070 303521839 -725395425 432787746 811918387 520668836 999065558 820168450 823931553 -971276254 661242362 -222981382 255896104 -466693283 244429264 -124294676 -433843282 -62687906 -806833915 -77002325 -710688958 968414944 3372514 -204968344 102094646 -818708411 726771846 -598448179 990797905 -450341446 802559347 -788510057 970583307 519400370 384354466 743316862 -450915449 602105562 315552270 -57887307 318923120 978894274 83139714 835754574 427657289 646632083 350764436 30638414 -204790553 -322817574 322099477 -419733735 -28530752 661094621 745470029
38608145 -523635114 436594408 -77903789 152913781 -805117930 717353848 -423790878 -958328076 -866769924 -411415465 -611603965 -809239908 223794392 -909730998 -762735629 -349116618 907890776 -717537401 -679547787 -96200516 -8853465 -313543924 -525913391 592371557 -484578368 130720705 -745001651 474606208 -642135836 542835212 987988058 -442795516 -641049332 -555002623 -837725058 239697877 -976837155 376072197 -30269255 177916573 -705436218 -105748031 -363188820 214700855 -82107140 46579812 -280145808 -541787110 755060709 -949204009 858144041 -894009889 888428898 349269740 -24782428 -160081860 -551063806 788112502 81911571 919728160 760545825
273040690 -526786484 261746220 -546028844 -282401736 -506282354 -338322198 523169291 741324668 -947498014 -727348314 287783917 -790293236 -755978555 83970595 859635019 596653045 742667335 -397603698 -431806762 877589618 -458374305 229039238 438687364 -442270782 -515818547 84017976 199889910 -510204940 879969103 409964541 464039332 338323863 -918624500 -238782581 658662441 -546419454 -439695588 360776328 -509023454 -205101628 922892166 -296535320 -881000136 -561389438 573952647 152345142 467090035 -789360261 133718274 195531482 355871516 -175361065 872463783 484263835 444675222 409874917 271344998 627222067 -312537898 -74828671 254363700
456253663 243042198 608194169 600849274 -285174252 265995135 -363602647 -605391559 -416799904 788897411 -366831127 -251372874 861301664 169635512 418810838 -305801716 -922374215 356214673 305454099 826586179 539928558 427650695 -830397655 -952651995 592529495 -870231226 -584549099 -312298159 94636876 663573972 -122218620 968103528 -464282925 -149803113 -668195906 445931773 -893921022 -952899370 453640757 -909463471 -23665054 608754001 -710030327 487568857 -236278652 520274477 617529596 -276156137 45778861 -292535371 -636353859 779923015 -898505252 954787371 -28861657 306691867 -203682765 -196715974 -962338981 -472779677 -821308375 -257559528
34167710 921587060 330520593 418357768 -573829010 399612036 -501812992 -233615649 215982521 197487653 -333455547 -248465021 655171423 -399691750 959003363 598649659 133065631 150787919 795048790 146561800 939026441 287480888 -196730623 -87124009 221573557 439841262 -90211657 -907460177 -339603265 -912387914 442539970 -503014274 225957117 -437444009 -514855967 -883738742 -18880982 298681292 451686718 131517164 -699941687 -911012603 920844617 -226083380 -310404573 -608909551 -213265484 -836881825 216152837 -906886506 -25324749 -811927449 236373914 -343640182 260597514 -498746954 -801963366 -400927288 -508701904 -727984717 848462047 242240648
599912651 -246748860 -12881132 -470111147 790692042 -692537192 803831437 -771600046 524971421 -745216672 -55207035 597429470 -101532040 303801116 230204280 -837476844 -690942782 139806315 -348650432 -985670894 113400861 769347528 821092181 814554250 -92041871 -138580885 -265123748 -177450320 842768879 -449912022 -247655869 869859242 521454536 -302158814 438801634 -225488177 972132645 96753352 845762466 46124978 274323742 -242193699 -310895063 -687253526 653775717 -326669590 732427727 414862627 -595640713 217373765 458458556 -823626133 54244585 181217017 -372273494 357566532 -546032350 240763591 267423746 -316529377 -891102970 -561501334
453262310 -298954374 672390947 -381963007 120450981 381193970 -236155709 -291028563 18366902 -720271392 966430832 -334080922 984880496 460042412 -72615380 488877979 -681986107 815298077 522711723 10783482 48333541 59592643 -182947223 -414969014 787159593 -919646328 692774773 306212472 -412048113 -835823261 -80879221 -153691420 272277249 -910274246 -263880083 449513331 563097796 -243474781 584853759 540525197 931609889 -225309899 960789135 -134656600 -478549705 -607596246 -434288716 596619476 -135752814 -118210480 -922038189 795507263 -76819016 -928432166 -448574719 -246427661 -929703157 -360914044 -152892261 -657418858 -221967952 -523932358
-558387751 -619619907 689252972 270655816 2463443 10040347 -889053587 -832884368 -290022096 997810965 331894349 -725294487 272981215 -420660783 390153752 -662870602 -834276364 329180934 103154800 -197631963 -976213172 220145341 565157060 513223683 720328315 -554792721 583575586 831445230 888181785 538172893 -957265637 -913486074 -792010114 -101246983 144268361 179869758 -734513629 602876078 -610583877 98138213 -441278142 -621085596 937762326 42474943 91050761 176210526 245540632 354188730 790997445 335840243 48726477 -904456339 -484877566 -244754798 -378582985 665688231 -627398119 -252899602 162895817 46746213 -474754223 -990348003
340621863 581290518 375149372 922522287 312169829 -278204067 -58732309 -122372575 101378253 -190896947 -709862507 -544923691 -645481845 951562024 997411227 995159394 -170470886 875233051 -528548681 -413074099 -233178389 265839619 232787661 894593740 111594543 993922507 334432582 -908822384 109877660 -472706088 -242561627 689187832 -531192289 -257468779 349000403 894877696 -44445227 96240193 717544950 -899859219 346868801 17150188 604596500 -262600956 557577698 95183479 486061407 540620942 -251564707 342158556 197249461 208701100 -749213027 48231037 -688900029 -417952142 -292920597 -422536751 127041525 -885988183 440221256 -48088958
439757311 932628075 599084951 -960169747 439828389 103533118 -79203503 644547643 492557173 640256601 373867419 420490148 -815039003 479306981 -232992436 -263553248 664723544 829447414 485794796 955899051 989199273 831276336 -886212709 324315397 177118873 -330729518 -544902850 -178715663 -174971557 575448724 -290376885 -404230644 246932349 -82518914 -438122392 -236789557 808871971 -47925645 -508517056 -659144806 -877519054 939275541 241520762 -912603559 191031775 963643578 -191441779 852777746 -691877562 -495592444 818431961 959168140 682647479 281780271 -381261139 38329644 860371404 -492265538 -373666667 706842548 591632468 -842906972
-472725872 539548220 348526776 -699282100 13420558 105005766 -325775160 -821309228 -727373837 -939717644 177466456 -3050853 736797913 -7682783 533423009 470839751 677741859 -67853264 -607228510 -93182067 469751203 751231145 235928775 195200640 979889511 808495875 -931130104 -401128676 -843276436 -584891751 529574025 -534537823 894851676 27926160 708335813 91112705 -59557933 754130756 -902889705 -293885207 -232526919 -883059561 76390563 -433651191 726865421 -593443132 91549886 -753402821 -777633463 -400685230 -411729205 248693190 -411820298 717832603 828489511 41319485 968534179 87014624 -11507674 167242313 -849137836 -60890312
-306686440 592864266 -658809647 -431838573 712545877 -796954337 60446491 23861988 -767440570 -858711665 530317684 575609772 -202394948 -210361348 447387161 671442076 388203573 -334189102 804539980 -187700714 -988992779 825496709 566163840 -489336692 329800297 -531693384 -39953849 45209857 317440135 -795467833 -912773027 -933800532 940240694 934199850 308561942 -572469292 -539179817 969621453 -557960794 170356936 22722302 -805293390 -109845711 -84652542 831843595 555519608 -82523957 -51670507 -632445706 -847412661 91706585 -643863755 168143560 421858656 -893462455 922433604 950299918 -324234792 506506754 -926567936 -488193497 671387568
449644597 998429489 356940699 227291057 -194456163 420032780 89376755 295347389 444545888 -187390455 289239693 81884462 262990493 -927830683 -536149974 333603301 -405231726 -348939728 -29685870 755370202 -799667434 611220606 181259787 -708242638 382975766 45509017 -576322239 743308916 -473749878 609318622 -860039805 423882251 5259721 -338464801 55129596 703224183 288034140 -909722415 -989959761 620390006 486226457 688937423 89512346 10370421 -633643208 952641931 981489682 -512127242 -944322253 -418666722 -302507649 -354160935 -520691622 -910687181 -895188953 -293736187 178202941 470962239 629275863 -878994418 -24778566 -436038649
72411195 805022790 -297910756 -515253916 800129039 906922784 748625226 -253199782 158591097 35033575 709618598 -857778128 -161038596 -309347826 66972226 1772212 638461454 721274145 32706770 527767683 -334773167 558854049 702437913 -69106157 593680319 777864947 722158286 467300645 739041388 -727249441 -993598356 248480765 -123123624 125264845 -186430669 696760345 594073318 549221556 344059092 3679942 -252064282 -891887584 -849378636 -400741280 -581526313 -356844515 521477413 -460006014 -943360321 89558306 -695891836 832000175 120425548 976499080 705775774 31086612 876433611 -288851853 1167459 -832306688 156590659 876382764
-521454024 891222789 929398555 306371712 833984647 97519062 -594388182 -26381668 -766582435 -909696611 215776780 536585894 -809762289 -977690995 219665181 -852713577 112846299 -997484875 202709371 -37347664 -779980882 679792795 221784462 193172147 904341353 527766760 -599969787 593910775 -849655722 87994129 418546827 714115349 523453964 419982363 736192869 -659040229 73464684 479324122 136990411 58669918 -288767596 667080514 -730824988 152128243 -526367356 743986199 418935107 782614783 -495702739 607955371 -68172862 222608511 756897671 -821272910 -287067010 -53760877 601733288 485597832 -560023156 -284428258 -800755219 152252068
76038553 840500004 873625444 226829143 527148758 -623845269 719948687 -153700604 -43475355 -704497630 -598808047 65923501 985452416 -156498168 -122348161 -627190342 -311069006 -913703330 -588519539 603443107 33909295 822371169 565627850 -38895187 -300640278 193086975 896163614 757548870 137593667 51591737 461055602 -384835505 -68738347 -278811109 -900214932 466224194 -678290576 -773187845 -694261812 583096123 700010284 162756187 -114937255 218673124 -525515078 824326129 32772064 -148410565 900592524 990028021 262759885 732981527 925909656 508971042 655427378 -862872 -781970893 -291096922 397839465 -264994281 -224691687 -246883518
511364894 830117615 466931525 85160097 -274893745 -32713170 436300826 566490893 -486772614 -991875683 28493296 -692713894 27856896 464765781 -110496546 120664502 -775712426 879470132 -581602761 303345391 -96556105 637913840 -258302052 -621307181 139594077 716305480 981627050 89797121 822782506 -18446008 825537067 -995506212 920523478 207152343 -666921086 343316011 -615129270 -417828124 -13631000 -14091022 30368363 -621952201 932160753 728040554 -451856022 651419447 -806466384 -821436242 -94737053 -513949119 -569411281 -534201470 253185689 -62090855 460162323 -875039098 959842745 896463609 815928854 -866537327 265210390 717766414
163107628 618386522 193176008 625982593 616290326 171867041 328257139 81614702 -911729441 -712420956 -204884775 403708756 -482442949 944438458 920793825 562587591 568037844 -564651433 320996894 -645138910 708178446 771371534 -685321670 -800940753 -89565237 -602062308 -319014637 -300519839 -49212072 938418790 971736309 850242975 674170156 147812598 -569318320 393877648 -461929999 831910598 -986373458 -149642401 424498392 -295567303 372986213 73988424 131953832 -121593399 121958293 740430571 277085885 -872257775 729043920 737373202 848644223 -752791895 196720538 804655403 -228342459 -53740827 153141311 -539515242 38864359 -692855823
-611646678 -390205354 -85347584 -65641932 889834665 633443686 -278335622 -511173944 -222202783 593853451 -810254444 949362541 991717275 153941080 -794391510 287040727 184303833 -161813925 998608473 481592460 -368551661 -60186218 587090055 122203522 143419643 357775429 736064802 949053547 121786760 -694354793 757476068 264091209 99199367 -758603365 -462523467 150909881 279651472 -791049243 -246850561 405979931 552004499 -993138676 -502537770 251884189 -996284005 690742855 -887845037 -542546640 -679923479 888905674 565180773 -147638170 952268735 -367224236 -382571450 574720596 -296539450 838370956 -921443035 -834827946 -736972536 -878324481
-707162398 192294258 401997403 767660603 -498893142 -668528190 -717501083 -399251188 -84874210 -393381347 -309046558 894942040 -502438375 924672477 -818336297 343427233 275752578 966541989 432650108 -60306744 507283589 114341209 -5509921 386876598 374026343 894917728 -269880931 787738452 -94787774 245918722 -934952426 703882837 -576287997 985870501 -804412989 -622864417 -844075345 47426822 194263152 613748414 -792177355 849543112 234041817 -644701815 322362632 -932644132 192227358 -529047986 594367752 -602055959 1785496 -666278075 680919045 -531583252 -883152909 319190436 528683960 -782810519 -266906853 -909147763 755791605 -773023615
-951580914 987399316 -713853322 295429682 -319210302 299672839 493233877 669330553 -57179256 -37568818 -974669404 502035549 779870090 -781570021 687513602 267522055 -525957492 577534977 654221857 177546255 -776419351 -526024388 405844968 -376113281 -513757512 -351592562 -498263859 -114986569 164492861 -996098784 306914145 488947058 390146900 -676634314 643350504 -921495714 -719549990 -991156950 453829325 -687716414 -230271168 658352909 76091873 241895087 -609986654 92481389 -494656476 -260377925 -113941501 -17301074 500421493 958007554 877692520 287300936 713141680 -28513759 335246840 36415673 -654529145 -418472704 879324106 731438427
-618028071 -699461687 -689301080 575156942 -521174009 -966152546 807589660 -462469308 -217440746 440983731 346019594 567745442 -32201349 667426790 810001189 -293296515 904318035 -402745006 -737992035 -856625094 541938995 785711618 573001184 -806993729 353893655 126982317 -267010702 -113199022 -771947164 508092272 -665352846 -202758808 568549926 512301099 -9614669 -59108611 104493384 91070098 63302636 221315513 87710663 -469708545 -758895867 -610544583 -572065506 857517080 -200401687 -531810784 -11725135 -493685005 225688743 -787605416 568330330 -64968724 -476053273 -224351841 245879018 767189380 -130580634 -617357476 934088464 -635600709
-669822152 813938797 650238024 -603899303 -483405910 132820196 -461541277 -689641219 947596721 730749506 885392376 165730506 -327740895 752991691 -802831679 -957174686 565564380 412257142 -934727496 599894141 999852298 -407123460 216247709 -293443284 844983232 662037543 -435458681 184764587 906013670 -80730289 -181340068 -985365816 -283348401 -256893928 -403704902 -69990776 -745843462 340511495 -860206671 676535836 6521595 -897051710 -874033770 -454341580 945443285 503357571 -668187780 -941264542 467047057 -2981945 587202293 -156645452 -758775966 244966095 -435797277 96779743 -142000249 -501805969 -445317890 -220499687 909534521 966638446
-635692585 -191164356 538883033 -509065458 -53549710 -404557718 871389713 -717794679 -749156595 72549405 206901831 722679354 520521343 776204320 -969847101 -16570312 242289316 837948306 528303901 -646310130 -18744998 -396295030 770281589 -91428111 388792652 -235504605 909007030 -179594746 191003851 360395908 -652317258 -171065610 -563402843 -704909270 756597148 -648587984 -428705207 -556539327 -325909195 63549312 446066037 411794287 -408089794 900204192 -468281825 -315343700 -764297541 469723516 -463799419 -859927053 -694304489 -657673961 -641853110 -491827714 848327297 372463792 799352653 21305560 198448532 -759175579 -228317607 827859648
-251192335 75374546 -466285565 -17191109 310571017 -147842263 -859864983 655488221 10125122 756475904 -468389757 98715778 -329305256 553359367 -64238741 644077065 -21781071 472372601 -532415852 598223400 590656711 739618536 -207475570 389473524 921123978 -747453357 -81778217 432494221 -534608731 -423209548 3716960 101416745 -246853770 783110599 -210378729 -201596453 -358638223 -698826039 -77035165 70564250 986633915 -699024584 744034547 -982683805 -631083155 -535794639 -479006791 328925006 -576544152 -784350918 -486392217 20071747 -186434795 11690098 -375221989 -164631877 -248803094 31231796 -671192801 820523415 -486707003 -673792293
720549977 881660963 -659707635 496688021 -425059828 351014358 590078269 158191669 -621288666 180656654 80054319 712716518 513198709 -901486228 -601548444 -657631140 -432449947 691104809 -991628247 885881844 -308653099 93701636 -131874007 692662262 -572438600 653891076 -177201363 19992830 524124129 -684555617 -506024692 -479737070 -654208046 804943654 469322821 -298293195 -235332248 111083579 489671134 -140309698 -272444574 -433279883 -424061851 742165803 235043527 -635389236 143585296 -883780705 292832837 908369458 813936824 -162149699 452276018 -3819582 -267258388 -90904488 -881833896 -676770163 625161166 -434024017 -820956744 -937905649
-565094918 663720008 -195018788 996556217 682343962 478067747 -239016524 -411937646 -85829824 115595403 -742886141 -993189507 201523104 -248261424 764207223 -18266579 -164489317 -765764583 338434571 31830183 518584944 -111286181 -640336439 -76607285 351711659 683345004 364368481 -814729270 -689461057 311376990 -629668263 920070734 -196399203 164597592 794389172 760563030 -858552708 -884216032 575643784 34354351 -394192042 799511155 629835392 -700408668 203199963 842372847 -459059673 353580445 -384301270 -629736162 669006593 370412982 -892058530 -308138339 -338527858 -347505323 129419468 685197328 -682598545 386265565 -907030963 -11659547
-498052518 -879387791 386864556 -436966868 -725113135 -121033272 485843192 -175484214 745976750 617172098 -819419162 921919679 -716316134 508321396 56160229 -24861172 370763966 -94637929 937632616 624006534 -163711037 939709809 391698592 771721412 354393599 -840044852 -613433202 -362046844 -659566100 769356671 -272466319 236612997 141576702 -319432064 -866128871 15908138 -610721762 927854397 -476133183 -133161385 -730113678 -550493163 666055310 586679630 -368811916 -124013006 -141296490 -985372994 788157864 872105625 -635616281 -4811077 910586597 -774359534 -750821731 -785592574 -863447289 -280411458 -107775510 954129611 998786966 -358879533
-468715333 -877910939 772853745 -301406695 758628420 -761771516 -783516494 100382492 -298899871 3002592 -193207814 397973263 -360033000 -391901248 -280727413 968100120 934083896 -858045480 -692219178 -437262036 -562676190 -397896979 836777627 -855276887 509276743 -76064078 -309251475 -321812796 441735378 -871507470 430696380 851154612 125529993 -850451535 -672237595 -837383690 -895447401 320714562 343842133 904703716 803811828 374320999 123280065 898962822 -954691067 403805772 -940656441 569801052 -685503191 -819788131 -183872947 908163184 608283854 -672954252 -458669285 616809017 -554373093 -40128078 703921541 73919333 609061724 -614523672
166214543 -363975310 -595912065 -540494002 188887477 -442651679 -981433518 924536210 -557112812 -572718419 252338905 -640939996 -534681134 482244520 -480146531 905306611 96423679 812595078 91441211 -284206170 -441757275 -213795266 -374297107 858716515 584950260 -511767792 160766751 791197176 -197669043 -123887070 876120595 -348330291 450558846 984299843 572166979 425225384 -581501619 -756973649 -649493504 -729343215 742671244 544729595 843119902 -347580756 -427402466 711972489 506211998 -178955094 -888690746 -484302553 571286756 171561024 496991073 -195056707 -673743017 258450538 252880521 -948499915 -164708634 -229483866 -116913916 980640602
78220069 -835395197 852657278 -672960052 -58097758 743504257 279486577 930470546 -833792711 -552468408 127863709 -422331264 -542257150 -421116435 416517831 -604790191 -738551845 -749833875 -603665578 341829672 916828890 -144040213 799312534 -709927664 -162607280 -191755141 782318612 -475851119 108788480 99033090 580310229 -624613500 -262859668 997363249 -873318793 871550347 788009698 129818997 -206609298 -997101037 -962093368 -338308169 2644163 -296241254 64873864 55443976 -299992310 425411854 -55657441 -570077554 703688211 132890085 148307367 -889966468 -429864908 -734967434 -71214136 -764799854 579877657 579021456 21655462 -511769856
-773109544 -774383213 -189736557 939740793 -875905786 -461888401 33662845 -845764173 -139432215 -354965119 -483699993 -685830464 -965273427 919425053 -786464513 -70553663 636202245 303223721 -54270735 324062902 856098826 -766070999 -769331284 112667201 556593546 8011949 382413480 -521740613 493952993 -479630192 339909558 339726270 92348851 -200495696 706529167 -705311307 566313976 963378497 -17837258 -653893087 665243464 -730852755 -271792164 -16823080 -288592668 340437565 275991655 -459856219 164398890 -570039481 498090922 -953797063 85971888 -139143703 -726039939 -361751784 -614371943 -787810788 316167172 -552661468 -37675745 -355860791
-198271742 509471473 45884193 -308953244 -300217275 220456591 -807738111 954329626 780330708 -268203031 -22854673 -786053687 -953143219 626217120 602277175 -723586389 -627410852 -44374742 247063518 536350140 -44390171 -532032827 966076321 895737895 -47091995 562279984 222334348 168770663 -598416737 -198979033 -785518554 -142487793 121018221 -856307676 825715304 383659357 -255399492 -632373290 -961107009 -738814345 -133147123 912097760 -300831972 597921573 -270607149 679176274 764351617 -840963879 -372137465 -208919300 979311958 945607191 -939345882 419130589 233743058 12697676 109017699 -94484121 -332593604 628354542 865390809 -255356647
-126160237 809955775 -670859203 914766113 -767628312 216172667 152503049 -567083740 -358850874 -998339412 785938087 -468168282 -227818199 -767890583 152821195 -530348067 -405537097 -660911324 -602765041 -625267968 773974440 -605097992 -989541090 65875018 931908791 -156623167 220451250 42349027 -479395954 -512004822 259205152 506417528 -215488190 -506998762 -959907436 -61964631 320748252 404586688 252456432 785290588 -936011603 -504230423 477423687 -227248952 -584878142 -323476110 375416384 -131050268 -866030018 972498409 -212506416 -198830158 -986496486 -46423241 599127696 742707398 -413674408 -634484311 -114748036 869703437 -277512058 -84437462
330855703 213556020 -588465771 130959578 -107075105 -71584366 92108610 788070414 970098016 -154870043 -301626311 -456523901 -803634352 246512607 579541261 123634140 24893107 786548693 -281425897 169256600 -134739510 540406759 683131972 575759384 34863278 -412168575 -730464795 -965072721 466573913 -807887604 -875855606 -721845944 -384223352 216976264 -696968627 608299928 -851118433 399599801 876603383 -659563864 -293618020 -711744262 -924015260 -150825965 -932941108 602617393 889646486 -213650646 -164042078 -632625233 889922699 -432847118 942254239 526414449 12730808 -160963490 448309247 546475522 338426131 -943036494 839012739 39639681
565798244 -892093598 407415418 -200022565 7769570 -92810439 70836248 -56688537 -147626919 582225005 906598543 99330630 165756920 494057807 958888118 -67653012 850228517 917435049 -11477782 463943673 -673898348 -312864862 201322524 495222399 -789736099 53024277 -726766455 -877877941 721739596 -901412887 43700718 480264237 35710582 -134060418 -360037037 829295729 -703559901 -667137652 812355664 -575474655 551350130 -608579293 -109004220 -529045801 -548309985 163459552 -790983882 549975686 269452006 887644604 99298592 495740232 -382522153 -305182370 -273905486 675439879 822661086 -234988570 938521859 394389235 179117839 417269577
899886638 424856815 -892780866 -187062117 609263875 -519522622 230502454 -92772704 -802829380 418928626 190185127 987442738 -393471642 258201280 433763431 -736796094 229164893 174108091 953543264 -940085800 -250499432 568228840 -579526892 -193895263 528409462 -558881214 894426589 828137608 -847731710 90107329 16119580 -266346981 -75521456 124138086 304215746 -204051965 -586345510 -264670283 937284746 -620391393 745634740 -743527309 -254790730 656623699 797728355 364239838 588857798 163925024 614212646 490658716 305483001 136415984 101853831 -388242235 319107350 882850193 517243682 -200306491 153220026 -113118508 -341020325 928577842
466482652 -353415710 -317030844 251071733 783130971 -670891402 -845356882 981295263 -118779166 903968335 -159910448 266903275 288732721 -331064965 -499592067 -943566916 -275700429 19531823 -264677441 -619667827 417509327 462488799 -109739261 575959593 976256632 -740260142 -609967292 105257681 -876971813 -759950559 769471492 339248017 469184094 -397888703 -656882834 -425875620 -875873484 -636085605 959398744 552358945 212220111 544613789 997530186 26416427 -693513581 518546689 2810481 -505258310 260751369 666884143 559457329 993514216 162733341 996882103 -563810778 -922830335 -691390234 597487429 260484114 -19531036 -149015600 -884752815
-932158075 -784522855 -428556355 919867665 -244329554 920442683 382574571 -60634575 725120798 335282088 -330462161 -370962132 -737827302 -136495717 -400144248 970642546 531366290 109857193 332041516 499729300 973874700 492325216 -494828563 -817840496 751228378 190330213 -419885214 187061070 108084411 588684374 -87969226 -151912102 627526220 603553756 533555451 284202393 454931720 -223645019 -82406922 -439749932 376382494 -750060224 -661605780 -529520369 36246882 -841626835 817676151 -216090499 55628883 -651477314 4696802 573264745 -444434069 -464488627 -907973682 275369485 -633775297 727985925 394216451 -499819560 960193283 -786466166
-920354003 538626121 -505368385 -269036333 855992818 -523620554 -755914989 -355571480 380694233 -267181199 -314626625 -331341051 -598263616 832747225 204933342 669113402 589438116 247054021 535310463 -139411223 -592789430 -772587611 -392338086 -621406663 -472251081 95308476 -587708481 58838212 975253081 -254326211 632096173 892741951 839764154 216266914 134395901 130634691 433256428 -693020129 -953656882 -358131521 -263265048 -446473793 630407553 120068462 657453037 342813662 967333771 -71426520 -960995216 -154209190 792222293 339033980 389206141 112704359 -754695350 -907900457 962901978 999386054 842353568 -36341162 -826654953 -215849944
1 1 1 1 1 0 1 0 1 1 0 0 1 0 0 1 1 1 1 1 1 1 1 0 1 1 0 0 1 0 1 0 1 0 0 1 1 0 1 0 1 0 1 1 0 0 0 0 1 0 1 0 1 0 0 0 1 0 1 0 1 0
1 0 0 1 0 1 1 1 0 1 0 1 0 0 0 1 1 1 0 0 1 1 0 1 0 1 0 1 0 1 1 1 0 0 1 0 0 1 0 0 0 1 1 0 0 1 0 1 0 1 1 0 0 0 1 1 0 1 1 0 0 1
1 1 1 0 1 0 0 1 0 0 0 1 1 0 1 0 1 1 1 0 1 1 1 0 1 0 1 0 1 1 1 0 1 0 1 1 0 0 0 0 1 0 1 0 1 0 1 0 1 1 1 0 1 0 1 0 1 0 1 1 1 1
1 1 0 1 0 0 0 1 1 1 0 1 0 1 0 0 0 1 1 1 0 1 0 0 0 1 0 0 0 0 0 0 0 0 0 1 1 1 0 0 0 0 0 1 0 1 1 1 0 1 0 0 1 1 0 1 0 1 0 1 1 1
1 0 1 0 1 0 1 0 1 0 1 0 1 0 1 0 1 0 1 0 1 1 1 0 0 0 0 0 1 1 1 0 1 0 1 0 1 0 1 1 1 1 0 0 1 1 1 0 1 0 0 0 1 0 0 0 0 0 1 1 0 0
1 1 0 1 0 0 0 0 0 1 1 1 0 0 0 1 0 1 0 1 1 1 0 0 0 0 0 1 0 1 1 1 0 0 0 0 1 0 0 1 0 1 0 1 0 1 0 1 0 1 0 1 1 1 0 1 0 1 0 1 0 0
1 1 1 0 1 0 1 0 0 0 1 0 1 0 1 1 0 0 1 0 1 1 1 0 1 0 1 1 1 1 1 0 1 0 1 1 1 0 0 0 1 1 1 0 1 0 1 0 1 0 1 0 1 0 0 0 0 0 1 0 0 0
0 1 0 1 1 1 0 0 0 1 0 1 0 0 0 1 0 1 0 1 0 0 0 0 0 1 0 0 0 1 0 1 1 1 1 0 1 1 0 1 1 1 1 1 0 0 1 1 0 0 0 1 0 1 1 1 0 1 0 1 0 0
1 1 1 0 1 1 0 1 0 1 1 1 1 0 1 1 1 0 0 0 1 0 1 1 0 0 1 1 1 0 1 0 0 0 1 1 1 0 1 0 1 0 1 0 0 0 1 1 1 0 1 1 1 0 1 0 1 1 1 1 1 0
0 1 0 1 0 1 0 1 0 0 0 1 0 1 0 1 0 1 1 0 0 1 0 0 0 1 1 1 1 1 0 0 0 1 0 1 0 0 0 0 1 1 0 1 0 1 1 1 1 1 1 0 1 1 0 0 1 0 0 1 0 1
1 0 1 0 1 1 0 0 1 0 1 0 1 0 0 1 1 0 1 0 1 0 1 0 0 0 0 0 1 0 0 0 0 0 1 1 1 0 1 0 1 1 1 0 1 0 1 0 1 0 1 0 0 0 1 0 0 1 0 0 1 1
0 1 1 1 0 1 0 1 1 1 1 1 0 1 1 1 0 1 0 1 0 0 0 0 1 1 1 1 0 1 0 1 0 1 0 0 1 0 1 1 0 1 0 1 0 0 0 0 0 1 0 1 0 1 0 1 1 1 0 1 0 1
1 0 1 1 0 0 0 1 1 0 1 0 1 1 0 0 1 0 1 0 1 1 1 0 1 1 1 0 1 0 1 0 0 0 1 0 0 1 0 0 1 0 1 1 1 0 0 1 0 1 1 0 1 0 1 0 1 1 1 1 1 0
0 1 1 1 0 1 0 1 0 1 0 1 0 1 0 0 0 1 0 1 0 1 0 0 0 0 0 0 1 0 0 1 0 0 0 0 0 1 0 1 1 1 0 1 0 1 0 1 1 1 0 1 0 1 0 0 0 1 0 1 0 0
0 0 1 1 1 0 1 0 1 0 1 0 0 0 1 0 0 0 0 0 0 0 1 0 1 0 0 0 1 0 0 0 1 1 1 0 1 0 0 0 1 0 1 0 1 0 0 0 1 0 1 0 1 0 1 0 1 0 0 0 0 0
0 0 0 0 1 1 1 0 1 1 0 1 0 1 0 1 0 1 0 0 0 0 0 1 0 1 0 1 0 0 0 1 0 0 1 1 0 1 0 1 0 0 1 1 0 1 1 0 1 1 0 0 1 0 0 1 1 1 0 1 0 0
1 0 0 0 1 0 1 0 1 0 0 0 0 0 1 1 1 0 1 0 1 0 0 0 1 1 1 0 1 0 1 0 0 0 1 0 1 0 1 0 1 0 1 0 0 0 1 0 1 0 1 0 1 0 1 0 1 0 0 0 1 1
0 1 1 0 0 0 1 1 0 1 0 1 1 0 1 1 1 1 1 1 0 0 0 1 0 1 0 1 0 1 0 1 0 1 0 1 0 1 0 0 1 1 0 1 0 0 0 1 0 1 0 1 0 1 0 1 0 0 0 1 0 1
0 0 1 0 1 0 1 0 1 0 1 0 0 0 1 0 0 0 0 0 1 0 0 0 1 0 1 1 0 1 1 0 1 0 0 0 0 0 1 1 1 0 1 0 1 0 0 1 1 0 1 0 0 0 0 0 1 0 1 1 1 0
1 1 0 1 0 1 0 0 0 1 0 1 0 0 1 1 0 1 0 1 0 1 0 1 0 0 0 0 0 1 0 0 0 0 0 1 0 0 0 1 0 0 0 1 0 1 0 1 1 1 0 1 0 1 0 0 1 1 0 1 0 1
1 0 1 1 1 0 0 1 1 0 0 0 1 0 0 0 1 0 1 0 1 0 0 0 1 0 1 0 1 1 0 0 0 0 1 0 1 0 0 0 0 1 1 1 0 1 0 0 1 0 1 0 1 0 1 0 1 0 1 0 1 1
0 1 0 0 1 1 1 1 0 0 0 0 0 1 0 0 0 1 0 1 1 0 0 1 0 1 0 0 1 0 0 1 0 1 1 1 1 1 0 1 0 0 0 0 0 1 1 1 0 1 0 1 0 0 0 0 0 1 0 0 1 1
0 0 0 0 1 0 0 1 1 0 1 0 0 0 0 0 1 0 1 0 1 0 1 0 1 1 1 0 1 1 1 0 1 0 1 0 1 0 1 0 1 1 1 0 1 0 1 0 1 0 0 0 1 1 1 0 1 0 1 0 1 0
0 1 1 1 0 1 1 1 0 0 0 0 1 1 0 1 0 1 0 1 0 1 1 1 0 1 1 1 0 1 0 1 1 0 1 1 0 1 0 1 0 1 0 1 0 1 0 1 1 1 0 1 0 1 1 0 0 1 0 1 0 1
1 0 1 0 1 1 1 0 1 0 0 0 0 0 0 0 1 0 1 0 0 1 0 0 0 0 0 0 0 0 1 0 1 0 1 0 0 0 0 1 1 0 0 0 0 0 1 1 1 0 1 1 1 0 0 0 1 0 0 1 1 0
0 0 0 1 0 1 0 1 0 1 1 1 1 1 0 0 0 1 1 1 0 1 0 1 0 1 0 1 0 1 0 1 0 1 1 1 0 1 0 1 0 1 0 0 0 0 0 1 0 1 1 1 0 0 1 1 0 1 0 1 1 1
1 0 0 0 1 0 1 0 1 1 1 0 1 0 1 0 0 0 1 0 0 0 0 0 1 1 0 0 1 1 1 1 1 0 1 0 1 1 0 0 1 0 1 1 1 0 1 0 1 0 1 0 1 0 1 0 1 0 0 0 0 0
1 1 0 1 1 1 0 1 0 1 0 1 1 1 0 1 0 1 1 1 0 1 0 1 1 1 0 1 0 1 0 0 0 1 0 0 0 1 0 1 1 1 1 1 0 0 1 0 0 1 0 0 0 1 0 1 1 0 0 0 0 0
1 0 1 0 0 0 1 0 0 0 1 0 1 0 0 0 0 1 1 1 1 0 0 0 1 0 1 0 1 0 1 0 0 0 1 1 0 1 1 1 1 0 1 0 1 0 1 0 0 0 1 0 1 0 1 0 1 0 1 0 1 0
0 0 0 1 0 1 0 1 0 1 0 1 0 1 0 1 0 0 1 1 0 1 0 1 0 1 0 1 1 0 0 1 0 1 1 1 0 0 0 1 1 1 0 1 0 1 0 1 0 1 0 1 0 0 0 1 0 1 0 0 1 1
0 0 1 0 1 0 1 0 1 0 1 0 1 0 1 0 1 1 0 1 1 1 1 1 1 0 1 0 0 1 1 0 0 0 1 1 1 0 1 1 0 0 0 0 1 0 1 0 1 0 1 0 1 0 1 0 1 0 1 0 0 0
0 1 0 1 0 0 0 1 0 1 0 1 1 1 1 1 0 1 0 1 1 1 1 1 0 1 0 0 0 0 0 1 0 1 0 0 0 1 0 1 0 1 0 0 0 0 1 1 1 1 0 1 0 1 0 1 1 1 0 0 0 1
1 0 1 0 1 0 0 0 0 1 0 1 1 0 1 1 1 0 1 0 1 1 0 0 1 0 0 0 1 0 0 0 1 0 1 0 0 0 1 0 1 0 1 0 1 0 1 0 1 0 1 0 1 0 1 0 1 0 0 1 1 0
1 0 0 1 1 1 1 1 0 1 0 0 0 1 1 1 0 1 0 1 0 0 0 0 0 1 0 0 0 1 0 1 1 1 0 1 1 1 0 1 1 1 0 0 0 1 0 1 0 0 0 1 0 1 0 1 0 0 0 1 0 1
1 0 1 1 1 0 0 0 1 0 1 0 1 1 1 1 1 1 1 0 1 1 1 1 1 1 1 1 1 0 0 1 1 0 1 0 0 0 1 0 0 0 0 0 1 0 1 0 0 0 0 1 1 0 0 0 0 0 1 1 1 1
0 0 0 1 0 1 0 0 0 1 1 1 0 1 0 0 0 1 0 0 0 0 0 0 0 1 0 0 0 0 0 1 0 1 0 0 1 1 1 0 1 1 1 0 0 1 0 1 0 1 0 1 1 1 0 0 1 1 0 1 0 1
1 1 0 0 1 1 1 1 1 0 1 1 1 0 1 1 1 1 0 0 1 0 0 0 1 0 0 1 1 1 1 0 1 0 1 0 1 0 0 0 0 1 1 0 1 1 1 1 1 0 1 0 1 0 0 0 1 1 1 0 1 0
1 1 0 0 1 1 0 1 1 1 0 0 1 1 1 1 1 0 0 0 0 1 0 0 0 0 0 0 0 1 0 1 0 1 0 1 0 0 0 1 0 1 0 0 0 1 0 1 0 1 1 1 0 1 0 1 0 1 0 1 0 0
1 0 1 0 1 0 1 0 1 0 1 1 1 1 1 0 1 0 1 0 1 1 0 0 1 0 1 0 1 0 0 1 1 0 0 0 1 1 1 0 0 1 0 0 1 0 1 0 1 0 1 1 1 0 1 0 0 0 0 0 0 0
0 1 0 1 1 0 0 0 0 1 0 1 0 1 1 1 0 1 0 1 0 1 0 1 0 0 0 1 0 1 0 1 1 1 0 0 0 1 1 1 0 1 0 1 0 1 0 1 0 1 0 1 0 1 1 1 0 0 0 1 0 1
0 0 1 0 1 0 0 0 0 0 0 0 0 0 1 0 1 0 1 0 0 0 1 1 0 0 1 0 1 0 1 0 1 0 1 0 1 0 1 0 1 0 0 0 1 0 1 0 1 0 1 0 1 0 1 0 1 0 1 0 1 1
1 0 0 1 1 1 0 0 1 1 0 1 0 1 0 1 1 1 1 1 0 0 0 1 0 1 0 1 0 1 0 1 1 1 0 0 0 1 0 1 0 1 0 1 0 1 1 0 0 1 0 1 1 0 0 1 1 1 1 1 1 1
0 1 1 1 1 0 0 0 1 0 1 0 1 1 1 0 0 0 0 0 0 0 0 0 0 0 1 0 1 1 1 0 1 0 1 0 1 0 1 0 0 0 0 1 1 1 0 0 0 1 1 0 1 0 1 1 0 0 1 1 1 1
0 1 1 1 0 1 0 1 0 1 0 1 0 1 0 1 1 1 0 1 0 1 0 1 0 1 0 1 0 0 0 0 0 1 0 1 0 1 0 1 0 0 0 1 1 1 0 1 0 1 0 0 1 1 0 0 0 0 0 1 0 1
0 0 1 0 1 0 1 0 0 1 1 1 1 0 1 0 1 0 0 0 1 0 0 1 1 0 1 0 0 0 1 0 1 1 1 0 0 0 1 0 1 0 1 0 1 0 0 0 0 1 1 0 0 0 0 1 0 1 1 1 1 0
0 1 0 1 0 1 1 1 1 1 0 1 0 1 0 1 0 1 0 1 0 1 0 1 1 0 0 0 1 1 0 1 0 1 0 0 1 1 1 1 0 0 0 1 0 1 1 1 0 1 0 0 0 1 0 1 1 1 0 1 0 1
1 1 1 1 0 1 1 1 1 0 0 0 1 1 0 1 0 0 1 0 1 0 1 0 1 0 1 0 0 0 0 0 1 0 1 0 1 1 0 0 0 0 0 0 0 0 1 0 1 0 1 1 1 0 0 1 1 0 1 0 1 0
0 1 0 1 0 1 1 1 1 1 0 1 0 1 0 1 1 0 0 1 0 0 0 1 0 1 0 1 0 1 0 1 0 1 0 1 0 1 0 1 0 1 0 1 0 0 0 1 0 1 0 1 0 1 0 0 1 1 0 1 0 1
1 0 1 1 1 1 1 1 1 0 0 0 0 0 1 0 1 0 1 0 0 0 1 1 1 0 0 0 1 0 1 0 1 1 1 0 1 0 1 0 1 1 1 1 1 1 1 0 1 0 0 1 1 0 1 0 1 0 0 0 0 1
0 1 0 1 0 0 1 0 0 1 0 0 1 1 0 1 0 1 0 1 0 0 0 1 1 1 1 1 0 1 0 0 1 1 0 1 0 1 0 1 0 1 0 1 0 0 0 1 0 1 1 0 0 0 0 1 0 1 1 1 0 1
0 0 1 1 1 0 1 0 1 1 0 0 1 0 1 0 1 1 1 1 1 0 1 0 1 0 1 1 0 0 1 0 1 0 1 0 1 0 1 0 0 0 1 1 1 0 0 0 0 0 1 1 1 1 0 0 1 0 0 1 1 0
0 1 0 1 0 1 1 1 1 0 0 1 0 0 0 0 0 0 1 1 0 1 0 1 0 1 0 1 0 1 0 1 0 1 0 1 0 1 0 1 0 1 0 1 0 1 0 1 1 1 0 1 0 1 1 0 0 1 1 1 0 0
1 0 1 1 1 0 1 0 1 0 1 0 0 0 0 1 1 0 0 0 1 0 1 0 1 0 1 0 1 0 0 1 0 1 1 0 1 0 0 0 1 0 0 1 1 0 1 1 1 1 1 0 1 1 1 0 1 1 1 0 1 0
0 1 0 1 0 1 0 1 1 1 0 1 0 1 0 1 0 1 0 1 0 1 0 1 0 1 0 1 0 1 0 1 1 1 0 0 0 1 0 1 0 1 0 0 0 0 0 1 1 1 1 0 0 1 1 1 0 1 0 1 1 1
1 0 0 1 1 0 1 1 0 0 1 0 1 0 1 0 1 0 1 0 1 1 0 0 0 0 0 0 0 0 1 0 0 0 1 1 0 0 1 1 1 0 0 0 1 0 1 0 1 0 1 0 1 0 1 0 1 0 1 0 0 0
0 1 0 1 0 1 0 0 1 1 1 1 1 0 0 0 0 0 0 1 0 1 1 0 1 1 0 1 0 0 0 1 0 1 1 1 0 0 1 1 0 1 0 1 0 0 1 0 0 1 1 0 1 0 1 1 0 1 0 0 0 1
1 1 0 0 0 0 1 0 1 0 1 0 1 0 1 0 1 0 1 1 1 1 1 0 1 0 0 1 1 1 1 0 1 0 0 0 1 0 1 0 1 0 1 1 1 0 0 0 1 1 1 0 1 0 1 0 0 1 1 0 1 0
0 1 0 1 0 1 0 1 0 0 0 1 0 1 0 1 1 1 0 1 0 1 1 1 1 1 0 1 0 1 0 0 0 0 0 0 0 1 0 1 0 1 0 1 0 1 0 1 0 1 0 1 0 1 0 1 0 1 0 1 1 1
1 1 1 0 1 0 1 0 1 0 0 0 1 0 1 0 1 0 0 1 1 0 1 0 0 0 1 1 0 0 1 0 1 0 0 0 0 1 0 0 1 0 1 0 1 0 0 0 1 0 0 0 0 0 1 0 0 0 0 0 1 1
1 0 1 1 0 1 1 1 0 1 0 1 0 1 0 1 0 1 0 1 0 0 0 1 0 1 1 1 0 0 0 1 1 1 0 0 0 1 0 0 0 0 1 1 0 1 0 1 1 1 0 1 0 1 1 1 0 1 0 0 0 1
1 0 1 1 1 0 1 0 1 0 1 0 1 1 1 0 1 0 1 0 0 0 1 0 1 0 1 0 0 1 0 0 0 0 1 0 1 0 1 1 1 0 1 0 1 0 1 0 1 0 1 0 0 0 1 0 0 0 0 0 1 0
0 0 0 0 0 1 0 1 0 1 0 1 0 1 0 1 0 1 0 0 1 1 0 1 1 1 0 1 1 0 0 1 0 1 0 1 0 1 0 1 0 1 0 0 0 1 0 1 0 1 0 0 0 1 0 1 0 1 0 1 1 1
1 1 1 0 0 0 1 0 1 1 1 0 1 0 1 1 1 0 0 0 1 0 1 1 1 0 0 0 0 1 0 0 1 0 1 0 1 0 1 0 0 0 0 0 1 0 1 0 1 0 1 0 1 0 0 1 0 0 1 0 1 0
1 1 0 0 0 1 0 1 0 1 1 1 0 0 0 1 0 1 1 0 0 1 0 1 0 1 0 1 1 1 0 1 1 1 0 1 0 0 0 1 0 1 0 1 0 0 0 1 0 1 1 1 0 0 0 1 0 1 0 1 0 0
1 0 1 0 1 0 0 0 1 0 0 0 1 0 0 0 1 0 1 1 1 0 1 0 1 1 1 0 1 0 1 1 1 0 0 0 1 1 1 0 1 0 1 0 0 1 1 0 1 0 1 0 1 1 1 1 1 0 1 0 1 0
1 1 0 1 0 0 0 1 0 1 1 0 0 1 0 1 0 0 0 1 1 1 1 1 0 1 0 1 0 1 1 1 0 1 1 1 1 1 0 1 1 1 0 1 0 1 0 1 0 1 0 0 1 1 0 1 0 0 0 0 0 1
