69 62
-100 -69 -32 89 30 77 40 16 -3 83 13 7 53 -71 -5 98 58 39 -71 -86 -17 -81 15 -68 -79 -66 -39 38 -3 -21 -18 7 85 81 -47 68 -72 48 -53 -53 40 21 5 -2 -65 67 -18 50 -83 -67 -4 -97 40 -100 -47 -34 52 78 39 -71 69 88
-54 92 52 95 -86 68 31 -70 -23 -64 38 -99 2 41 74 -32 11 -96 66 -70 7 78 31 96 -28 -93 80 5 -22 -46 -17 28 -2 99 0 7 29 52 18 -70 16 -7 -71 -51 10 -24 -74 -97 -100 86 -91 11 -85 8 40 -39 -71 -14 46 71 97 39
57 -22 18 0 -5 -10 27 -62 -14 85 -96 -57 -65 -41 83 -8 86 27 -64 43 -23 -95 46 -62 -62 1 6 80 -10 28 -68 93 23 58 63 -85 -34 -95 85 43 -38 15 77 38 -52 -94 -47 -80 -67 64 62 48 30 -30 66 -92 -85 62 -33 51 7 -29
-73 45 -43 -58 51 -33 -12 -49 16 -4 29 -48 9 -97 -75 -41 -15 71 73 21 75 -10 -60 92 -74 -52 97 -64 -6 -68 96 -19 -33 8 -24 -96 70 42 8 60 -22 67 76 -42 -54 -34 25 31 57 17 -5 6 62 -37 -94 85 10 6 -18 24 99 76
16 78 -79 27 92 -92 -70 -54 32 50 -70 4 20 44 35 -49 -54 94 68 95 17 76 -44 -96 18 -89 95 28 -96 16 56 32 12 -84 -73 17 -90 -17 56 35 18 -7 -30 73 38 -8 43 66 24 -58 -63 -27 -22 -85 -42 -57 52 82 25 -3 -52 -24
47 -85 54 54 -43 -88 -48 64 22 -55 -27 -99 -67 99 13 -1 73 23 -3 -69 20 -88 -85 -79 9 3 58 -17 4 49 -1 3 70 2 -74 -53 -24 -15 -68 28 -69 -22 3 8 24 62 66 37 -69 -76 89 95 -44 -53 -1 3 -30 -16 -90 69 -89 70
-25 12 53 -22 -82 4 36 28 -94 65 -25 66 75 21 -17 14 80 14 22 72 62 70 -44 -100 -97 -77 55 -60 81 -46 -15 -48 4 -97 -96 -19 -28 26 -2 -19 74 -96 34 -17 -33 85 -24 11 54 32 14 52 -76 -52 -5 3 50 70 49 67 -89 -27
31 -72 -18 -18 -24 -66 77 -67 74 -85 -100 -85 -79 76 50 35 15 -74 -92 -44 -15 3 79 -17 53 -63 12 86 -41 67 -20 -85 62 -88 40 2 0 -51 77 -19 -30 -90 76 8 -20 -54 -26 -62 -15 82 -46 -52 -52 91 -18 31 -4 69 -63 -64 40 49
-88 -43 54 47 -33 -79 -75 44 9 79 48 94 -45 -81 57 83 15 25 2 -84 3 -8 65 -44 19 99 33 -15 96 -71 -56 -97 96 -77 -82 18 67 -5 53 48 1 26 -87 -81 92 -78 89 -86 10 -65 94 -49 26 -40 71 42 29 7 -7 25 54 -60
-36 -39 -78 -74 100 20 -6 -47 -47 -95 -75 11 59 61 25 -4 -55 85 -12 78 13 -74 64 68 -80 7 34 10 17 -20 6 69 82 77 0 -70 -17 37 -42 51 -47 24 90 -36 96 18 25 80 33 -36 -6 -91 82 6 -74 -99 3 -30 95 19 64 6
-75 -10 -17 -4 37 83 65 30 18 50 -8 81 -5 10 4 81 -16 6 -73 -26 -37 14 -2 5 -19 -31 -38 -86 -97 2 39 -31 39 44 45 67 48 93 14 -34 54 -49 -43 12 62 -62 31 63 -48 -83 -85 47 77 32 -79 -70 -24 -11 -43 -28 -32 -14
3 45 20 -77 43 -16 66 -96 -24 37 -67 -68 -68 15 84 35 2 -56 25 -70 78 12 -37 85 -23 98 61 99 -88 -99 -17 -10 49 -15 1 18 85 -96 -26 78 -80 -40 57 6 -40 10 -40 -16 62 4 -65 31 -36 -5 -81 -6 -36 40 40 52 58 -81
56 -79 61 -72 51 85 47 4 77 98 77 77 40 -89 -47 -70 89 -32 30 -9 35 30 31 56 -79 -63 -100 -100 -67 -60 -57 4 -54 9 58 47 88 -97 -15 10 68 -1 -81 -1 -67 42 -52 -34 -93 -24 71 75 83 0 -25 -52 -81 78 -8 -83 64 70
95 -45 -33 -81 -84 42 -2 -84 -37 18 -49 -55 -80 -81 -87 -43 -41 -2 -59 51 11 58 -55 -62 18 -78 82 47 -25 42 -63 49 -39 22 -84 -100 65 -95 89 75 -63 -7 -13 -4 32 26 42 71 -75 -26 -31 -86 -41 70 54 -64 73 28 -11 63 57 -19
-18 -7 56 -33 -92 -61 -60 -32 -65 -88 -86 8 8 -52 -58 -52 -77 -93 -8 92 59 92 30 92 -22 -69 -78 -16 -30 -61 -72 -87 -61 8 -6 64 26 68 81 63 11 -37 -40 -24 -14 -94 47 17 -42 -11 -81 -50 -41 -19 26 -35 -74 -20 41 15 2 31
-44 -81 68 35 21 -18 -98 -28 76 -85 99 -58 41 21 12 -45 47 13 -52 -50 1 -76 4 -28 47 94 58 43 -30 96 -60 -51 -96 34 -36 8 -63 25 -87 30 20 32 -10 -66 -59 67 27 -20 -95 -2 90 -74 -81 35 -30 -26 -77 99 -46 17 37 24
93 -50 -92 82 51 -10 0 -96 93 -57 45 51 57 48 -53 8 16 36 -18 -31 95 91 83 70 -59 8 -18 -42 -62 92 -93 16 57 25 40 37 -42 20 -19 -47 66 -23 -66 74 59 53 32 -1 -1 -43 57 24 12 -85 -47 59 -11 61 68 -84 -94 40
40 -3 89 50 98 4 -28 50 57 -52 -4 -82 -97 -61 -37 -33 10 30 -21 -72 23 -4 -97 59 53 87 -13 -8 0 -46 -83 4 -65 -24 -66 -27 -81 18 27 27 -37 -91 43 -31 -79 -100 -10 -46 61 33 57 94 57 36 5 -88 -72 -53 -55 -40 -55 29
64 -84 -66 -6 78 -90 -48 55 68 -2 85 33 -88 -32 77 -96 60 -69 -80 -77 -92 -33 59 -60 -82 84 4 -66 -52 100 71 -8 18 -29 -3 6 -76 40 76 15 -7 -13 -99 83 68 -78 6 -15 99 -66 -11 -21 -31 27 95 -59 66 -95 5 -36 -42 49
94 -19 26 -60 -11 -46 61 -47 -37 -55 -43 -46 -8 52 47 52 39 -86 55 7 -62 -23 77 -13 -19 -85 -86 -10 67 -58 26 20 44 -82 30 -60 24 -9 -40 -67 -14 -63 11 -5 -26 -85 83 49 -35 -59 -12 13 1 -13 -12 36 -69 57 82 -71 20 -34
38 -98 -89 -11 -45 -79 29 13 -44 -14 -49 -47 -74 -55 26 36 -6 -35 -6 44 -13 81 48 -53 -20 80 84 -43 -41 83 -46 -50 -46 43 3 49 -61 -21 -67 58 3 35 -80 -42 -23 85 30 -88 -30 98 -37 -37 84 -98 68 29 38 25 -77 -87 82 20
26 86 22 40 -51 -93 48 97 91 74 4 -31 -3 91 33 -14 85 -80 -19 -10 -44 -9 -22 15 28 -62 42 -4 11 -66 -37 -51 -89 1 62 -17 -76 68 47 -84 -57 -90 73 -13 12 83 -69 62 -11 51 -60 -88 -24 -95 40 41 -45 26 52 50 9 -2
-6 -74 -49 -72 -51 -2 82 -30 -13 -5 87 1 58 -58 32 -12 69 -83 -82 43 -94 46 -89 47 47 -39 70 -6 -14 91 53 89 -23 -78 -61 69 1 -70 38 -4 63 7 -5 10 -54 -38 -31 -22 -42 85 -67 -25 -42 -61 -77 -17 72 -61 81 45 8 -30
-40 16 31 -87 -24 24 59 42 57 15 -62 -93 15 -89 -74 -6 47 96 -40 -48 -22 13 -70 -6 -86 18 55 -60 -61 -7 -56 41 -26 13 83 -13 -20 67 -86 -27 49 7 5 40 -9 -92 94 -88 -72 25 85 87 60 -29 -2 -85 -96 -48 19 -45 -14 76
34 -82 -77 -27 44 48 -9 -88 56 -12 -25 72 -52 -4 13 91 0 -19 -59 84 42 -26 58 8 -93 -47 51 -10 12 -59 20 -99 16 -53 -97 90 -24 66 -26 -98 30 -17 46 -65 76 -62 87 34 -72 -79 -62 81 -1 -84 -39 93 -45 -13 69 34 -19 -89
75 -25 -23 -18 -73 -14 -6 89 20 48 -71 13 -82 -46 44 48 -72 -79 61 -83 49 53 -75 42 50 -73 -65 65 -3 -38 -39 6 54 70 5 -68 100 79 -68 -87 44 -97 19 75 -30 -27 58 16 -89 -27 14 -50 -81 -54 -39 -12 32 -96 -31 68 69 26
-98 -31 -75 -76 -28 74 61 -1 0 47 66 74 95 21 56 -54 -13 79 2 -74 61 48 29 -51 92 19 93 27 -34 50 53 61 -37 -83 -79 78 19 -45 -94 89 87 -31 -7 -80 -64 -53 -88 -48 -91 -55 -40 -41 33 65 -27 84 -100 -47 8 -51 -79 95
71 -65 -44 -89 -5 -61 29 15 -6 60 2 -65 19 35 -83 8 -45 7 8 18 27 -49 -97 -38 -25 -30 4 88 88 -24 25 -85 -100 27 -88 -99 -89 -60 -11 94 14 -41 -20 64 -33 13 -88 -3 -23 -84 -10 -11 54 -69 95 79 -73 52 87 79 -34 81
36 61 65 22 -13 62 -79 -92 76 -87 95 -38 32 -99 67 99 52 -64 74 67 79 -78 -99 31 -59 -100 16 -37 -99 95 -49 -15 12 -63 -87 -7 -25 42 8 51 27 -6 -5 -29 22 -77 -43 26 -35 61 86 36 65 -62 43 -12 -21 -67 39 22 19 96
24 93 -51 -21 40 75 -3 31 -52 93 12 89 -21 30 64 27 45 51 -8 -8 -62 76 45 25 45 -23 -48 66 -71 -5 79 -42 -48 -86 -28 42 -71 -23 83 65 -100 34 56 -77 34 -79 -3 -40 95 9 -57 -76 -39 5 27 23 -97 46 53 -55 50 -63
40 -58 -27 -12 7 -12 -39 -56 -32 73 93 -47 -78 -42 -92 -42 63 -82 -19 -67 2 76 -93 20 -82 94 -70 -6 26 30 -74 80 96 -61 23 -48 -43 12 -69 -64 -87 7 65 -89 27 -19 -92 -10 -63 69 -7 -98 -6 -90 -71 32 -13 93 -1 -93 -7 -68
-36 -85 -24 -97 23 88 43 94 -37 -93 -52 -16 5 -19 -67 72 -71 -89 35 25 -90 -89 -75 -64 -12 -91 -64 93 97 55 36 -12 -64 63 -87 73 26 25 90 66 -48 -35 -35 -60 53 -55 -40 -57 -50 23 -9 -60 -32 60 -64 38 36 -3 -72 -79 53 -60
71 -42 -73 44 49 21 -21 -53 61 40 -90 -92 29 52 92 -62 -59 -1 13 5 3 25 -6 -22 -84 43 57 53 -23 -27 42 -99 70 31 -42 -82 -70 -6 -15 -2 -89 -38 22 84 -40 82 35 -20 -68 54 67 -18 35 -33 -36 52 11 -90 74 15 -67 -7
14 58 39 74 85 68 9 -19 -93 92 -79 -55 63 10 -17 85 -47 71 72 -56 -10 -64 45 -96 93 21 98 -91 66 60 27 -94 92 24 -6 81 53 -48 36 6 52 38 49 -36 -7 -43 -37 -72 -15 -10 93 -91 -82 -58 9 30 64 27 92 -77 -85 42
-32 -57 65 -66 31 -33 -40 36 94 56 -3 -53 -64 36 45 -53 -40 24 -39 70 39 8 79 -28 50 14 -55 -21 -14 -74 -17 -96 -63 94 -75 -17 -95 88 27 51 69 -87 -86 -32 -2 -34 -24 -2 97 -8 2 64 13 -46 1 -72 -38 70 -59 -31 69 84
-30 7 64 97 -49 34 53 -86 19 -86 -66 24 -94 15 -3 25 -59 -13 61 -77 -48 5 1 -11 -63 5 9 22 83 83 17 -93 0 96 -97 76 86 -80 -36 77 -4 -16 93 29 63 92 79 90 63 24 -25 1 55 48 64 -79 81 52 -69 -67 -72 14
-25 41 -98 67 39 50 23 39 15 -81 -34 -7 4 -97 -71 -23 -22 -46 -46 -37 -43 -35 -14 80 -44 -18 16 -18 93 -89 -99 23 -67 -82 -52 -41 24 51 -38 -66 19 34 -78 -2 27 48 -8 42 7 -80 -20 -53 48 16 24 32 69 -30 52 50 5 33
90 44 -7 -77 -38 -14 92 68 56 -29 79 -22 -24 -19 -6 -7 29 -77 73 42 24 -8 -14 -31 96 -27 -35 -63 -8 54 -53 3 84 6 -30 -8 -43 -64 -45 26 -9 -71 -27 24 -58 -55 -28 -44 63 73 67 -41 40 -96 98 -5 -53 -9 34 -3 -36 11
87 2 -60 -41 9 33 -8 23 71 -44 -80 -16 -14 61 11 63 -3 26 36 0 -48 49 -77 -58 5 17 -1 -13 13 53 42 69 -1 -57 -87 7 -73 56 8 -29 -51 -41 -56 -25 -3 -88 -8 -58 72 -36 -45 -19 51 -56 -28 54 -24 91 -92 12 -7 38
28 29 85 63 -29 -48 67 -38 -72 56 94 -24 -82 -83 99 -25 -3 9 -11 -75 -27 -32 73 -28 80 -35 22 -79 43 -12 -87 83 92 84 10 -60 -51 -73 -22 71 -4 35 -30 8 82 -30 -60 95 79 24 7 71 -50 -99 -63 -77 -56 74 13 -48 -80 -76
92 -1 -23 -34 -100 94 -5 45 24 -58 83 -97 -37 61 19 99 -5 -79 -89 84 -76 -50 -86 -72 -61 53 -57 85 -86 -68 41 -93 39 -70 63 50 -91 1 0 42 55 23 30 55 -80 35 30 56 -27 10 61 28 -83 -25 -68 19 70 -7 -95 1 -45 79
57 -5 -18 -56 11 -35 19 -100 70 70 46 84 10 -40 34 40 20 17 -21 90 -74 24 -75 -69 -55 56 -5 88 -45 23 -38 100 49 -62 67 -77 78 66 38 -52 -99 -92 -72 -77 55 57 -54 94 96 63 42 -39 -85 -46 -68 -82 -37 80 -55 -3 84 8
-78 -87 21 35 -59 51 36 82 72 9 -91 30 78 -13 22 52 -68 -45 91 43 -98 2 75 28 -17 -31 32 -60 -85 69 35 32 92 -98 12 51 -34 -90 11 84 -4 46 -68 -96 -30 12 -51 -36 59 20 61 -69 -96 6 -2 -96 -26 97 3 -80 -13 40
7 98 -99 11 -23 -98 -51 13 10 -53 18 75 73 -46 47 13 -78 -91 84 92 98 18 -60 -58 23 16 -19 91 31 -52 -91 -9 -53 -46 -52 -71 91 79 78 35 -26 -2 -64 27 -15 -9 -6 -43 8 -92 52 56 -96 -9 41 56 76 2 88 6 69 -57
-27 -59 17 39 23 27 75 6 -55 10 93 100 72 -9 -88 -55 21 50 -78 35 42 -15 10 -48 -91 71 23 9 5 61 -55 -84 19 -27 -61 -98 -29 -41 82 57 -6 -42 84 1 3 -14 -97 -8 34 -40 89 -10 1 -72 -42 45 -90 -86 35 100 25 63
-100 53 66 -92 -57 -69 -67 -6 -51 93 -14 -16 -91 -35 89 24 90 -63 23 96 -52 -3 -89 -2 -31 49 -25 24 54 62 98 -29 89 46 45 5 87 62 87 100 36 -90 58 -5 -25 89 65 -10 -28 3 -31 51 -75 17 4 -92 -97 62 -60 40 89 27
-74 -30 -95 96 2 -27 -61 -12 -76 -16 -62 23 -96 -26 32 26 -19 -2 90 20 -11 72 -14 72 71 -15 31 -84 -1 -69 -59 -7 -35 -1 0 -65 87 19 79 -34 -64 68 -98 19 35 0 -70 -1 44 57 -38 16 -36 -72 2 90 77 4 68 13 -44 -78
-42 15 14 -44 -83 -79 78 7 -37 0 76 54 59 -52 -54 -97 -85 -7 59 -63 -67 -16 -36 -56 -63 -66 -55 -92 -53 -78 -16 75 -61 -40 -2 -62 -10 -16 46 21 35 17 100 -61 36 -80 -82 -3 -28 -86 67 -77 -44 3 89 -15 -90 -85 22 -15 89 -75
-30 91 -12 16 63 -95 -76 94 -75 -80 -37 12 -83 -25 49 -3 -9 48 -27 2 19 57 -5 -62 40 -39 -80 -58 -28 -60 -91 85 -4 55 -57 14 61 30 -1 10 -36 -64 30 -29 80 -79 -47 76 70 -48 69 5 -62 -43 40 -100 -33 12 -87 59 -41 69
48 -14 52 93 -3 -86 63 27 -31 -32 45 7 -5 26 -47 55 -90 -41 4 53 36 -53 -77 -29 75 60 -69 27 17 -58 -82 -31 26 -54 -68 87 51 3 29 -81 -74 9 -94 -93 -62 -60 -54 34 55 -17 32 -14 -84 -87 32 -69 -86 56 75 -37 61 -94
-63 -20 -38 -69 49 -98 -26 17 85 65 99 -19 -90 -86 7 93 -38 -60 17 -2 98 66 -47 3 13 90 -77 -6 -20 -52 -54 -8 22 56 -16 89 -86 -27 27 54 43 25 -72 -44 74 22 7 -35 -14 29 98 15 -65 -43 4 81 62 -49 -89 -23 -9 86
87 -11 -33 -73 -87 32 -40 -27 77 -10 40 37 59 -56 50 -62 38 -80 25 -78 -62 -75 -83 23 24 44 39 -14 71 -65 56 17 70 55 -95 -29 -32 -92 48 -35 50 -15 42 -73 -54 -31 -67 24 96 6 46 47 39 19 -41 -26 -67 0 -22 46 -87 73
31 -39 -35 -15 -24 69 16 65 -35 14 48 -99 -88 90 -36 35 34 -57 -36 90 -15 -78 -78 37 -11 96 -94 -3 -98 -62 -17 -53 -4 -53 77 -50 0 28 -73 -63 37 -57 -72 56 -87 -49 89 -51 -22 -54 -96 85 5 -35 -88 -98 -45 57 41 -56 73 -26
46 -46 -27 -80 76 76 0 47 -58 20 -24 100 57 -97 -90 -55 93 -44 45 -28 -49 25 -49 -69 1 41 69 -28 58 -98 11 -13 -15 -31 56 -5 -96 -87 20 63 67 74 41 11 -47 97 93 91 -91 -38 -28 85 -15 63 85 -87 -73 -29 -33 -61 30 -28
-85 -46 -16 5 26 65 -29 12 51 32 -28 88 -5 8 -66 -99 68 58 99 -9 92 -87 -85 -22 45 9 69 -78 76 -95 -72 -37 63 27 81 -63 -76 -47 -52 -39 84 11 -84 -38 43 -85 -15 66 -99 -39 -33 19 29 -66 93 44 8 93 -47 -15 -76 -60
-28 -83 86 -72 71 -46 85 -2 -66 7 -25 46 -17 -10 -19 32 -42 74 27 40 -27 -24 -51 -95 58 92 -60 99 -42 -29 -24 82 35 -82 63 8 -18 -78 67 -61 -36 -32 -79 59 -38 35 -36 15 -89 21 -11 -90 50 -54 -89 98 71 56 -56 -21 -37 41
-48 4 27 80 24 45 -63 72 -74 57 84 54 62 -93 29 -42 -42 -98 11 -35 10 2 -86 57 53 -21 -46 46 -14 -11 6 33 -87 43 -87 -5 -88 -82 26 -15 -35 59 -59 38 52 4 -79 58 -25 -72 -44 27 20 -11 -8 -10 -45 11 -91 15 -66 -37
-77 -17 11 -32 -94 -100 -69 32 29 42 -16 -70 100 -92 57 -84 4 47 -55 44 70 -56 72 38 -41 82 28 -29 26 68 38 -21 -44 -45 57 7 75 -31 92 -90 -66 20 -89 30 -30 -46 17 19 -32 36 -75 74 27 -43 -61 81 11 24 21 42 -19 -8
71 4 39 -48 68 36 26 -70 -17 -85 32 -82 91 -48 75 12 14 -86 83 73 86 -60 57 20 -55 -11 -49 -49 -43 25 -12 99 29 -3 50 31 9 24 40 7 97 -78 35 94 -19 -16 6 97 -70 68 -14 -65 1 -72 -39 17 33 91 -35 -16 45 35
13 -36 -64 -11 -79 9 35 -23 -79 -17 -52 -14 -49 -47 -40 -20 62 70 -53 -65 6 17 -48 -58 12 97 50 -91 97 70 -22 46 66 -81 -45 -86 -78 -5 -98 -62 57 55 1 -75 94 -71 -49 -85 7 56 64 -24 -92 -65 -19 87 -21 -24 9 -71 19 54
76 -55 -40 95 29 19 -17 -22 -6 -71 68 -27 36 39 35 -97 34 19 -45 -19 -84 0 22 12 60 -49 49 27 -39 -54 -3 27 -18 -44 39 -15 -27 69 86 11 41 -99 27 13 -51 100 92 -4 19 43 52 -62 95 41 -45 3 98 59 94 -76 -96 59
-6 88 -46 -98 -10 -50 54 -23 81 -51 -48 97 89 -40 89 5 -4 25 -50 -40 -71 -1 -91 -83 39 48 -32 94 -9 79 98 53 -94 23 85 -65 99 47 28 -18 -59 14 8 63 -5 21 80 12 -59 66 14 -98 -77 -79 -51 -69 -62 -20 -10 26 20 74
-55 -76 89 56 -34 -57 6 -28 69 72 -28 26 18 -58 -9 34 47 5 -1 9 -77 -2 -2 -85 48 -37 4 23 -21 54 15 70 28 -13 87 44 79 -54 61 -69 -74 -16 -34 6 -81 -65 50 -47 54 12 -95 -18 39 33 -66 -17 -42 4 29 -17 -88 73
80 86 7 39 1 80 -14 61 -55 47 -85 -23 97 48 -62 99 20 49 31 -20 93 -25 34 40 -92 -18 -19 84 -79 -56 25 -69 39 91 11 -22 -10 66 55 64 -24 -46 -66 -45 -100 77 25 -20 -67 -83 55 27 -75 -76 2 -38 8 -21 -89 -36 -86 84
-93 -34 -95 -45 -21 17 -64 -72 66 4 6 27 -32 46 30 98 -19 -78 61 90 19 65 59 15 -69 -10 64 9 -95 51 -95 86 4 62 83 25 43 -78 -89 5 80 -91 98 99 53 -28 -48 99 11 -8 -20 54 -54 -5 63 -67 -49 83 91 56 -13 -20
28 -95 0 0 -62 29 79 -8 2 -68 -79 -89 48 71 64 -84 -7 -52 58 87 77 34 18 95 -65 96 77 16 -35 -97 -5 56 -75 -51 63 59 -83 91 -9 -51 64 14 -58 -34 23 70 -4 41 -71 8 -99 2 71 75 -88 -96 56 -88 -13 26 -71 -35
35 -12 -8 11 65 -10 17 14 43 34 67 -87 81 2 33 -96 79 33 64 -7 -61 98 76 52 50 46 86 36 -98 -95 -6 -49 -57 68 54 -25 -40 -75 -92 44 -73 -76 27 26 7 2 -56 -89 75 46 -61 16 35 74 -46 -15 10 -11 -42 -84 8 54
92 -32 -24 9 -83 39 -4 -94 -86 33 70 -53 -65 -4 100 -1 96 94 97 48 -83 -26 79 -66 14 32 -81 72 -92 40 -3 8 -89 45 31 -22 80 69 99 82 -48 99 54 -60 -48 -54 37 82 -38 -16 -52 -5 98 1 3 75 1 -24 -8 -100 42 -48
-25 81 -75 -7 46 86 27 -92 82 -28 -84 -23 -19 -67 -36 99 -37 67 -77 99 67 26 -53 6 8 -100 -27 -2 -19 28 46 18 51 -59 -70 98 88 -37 -89 38 68 -98 -66 -61 31 100 -16 -66 -71 6 22 -49 -29 -85 52 -7 -57 -60 62 -93 -96 -64
0 0 1 0 0 1 1 0 0 1 1 0 0 0 1 1 1 0 0 0 1 0 0 0 0 1 0 1 1 0 0 0 0 0 0 0 0 1 1 1 0 1 1 0 1 1 0 0 1 1 0 1 0 1 0 0 0 1 0 0 1 1
1 0 1 0 0 0 0 0 0 0 0 1 0 1 1 0 0 0 1 1 1 0 0 1 1 1 1 1 0 0 1 1 1 1 1 0 1 0 0 0 1 0 0 1 1 0 0 0 0 1 0 0 1 0 0 1 1 0 0 0 0 1
0 0 1 1 0 1 1 0 0 0 0 1 1 1 1 1 1 0 0 0 0 0 1 0 1 1 0 1 0 0 1 0 0 0 1 0 1 0 1 0 0 1 1 0 0 0 0 0 1 1 1 0 1 0 1 1 1 1 1 1 1 1
0 0 0 1 1 0 1 0 0 1 1 1 1 1 1 0 1 1 1 1 0 0 0 1 1 0 0 0 1 1 0 1 0 1 1 1 0 1 1 1 1 0 1 1 0 0 1 1 1 1 0 1 1 1 1 0 0 0 1 0 1 0
0 1 1 0 0 1 0 1 0 1 1 0 1 0 0 1 1 0 0 0 1 0 1 1 0 0 1 0 0 1 0 0 0 1 0 1 0 1 0 0 0 0 1 0 1 1 0 1 1 1 1 0 1 0 1 0 1 1 0 1 1 1
0 0 1 1 1 0 0 0 0 0 0 1 0 1 1 0 0 0 0 0 0 0 1 1 1 0 0 1 0 0 0 0 0 0 0 1 0 1 1 1 0 0 1 0 1 1 1 0 1 0 0 0 0 1 1 1 1 1 0 1 1 1
1 0 1 0 1 1 1 0 0 0 0 0 1 0 1 0 0 0 0 1 1 1 0 0 1 1 1 1 1 0 1 0 1 0 1 1 0 1 0 0 0 1 0 1 1 1 0 0 1 0 0 0 0 0 0 0 0 1 1 0 1 0
0 0 1 1 1 0 0 1 1 0 0 0 0 1 1 0 0 0 1 1 0 1 0 0 0 0 0 1 1 1 0 0 0 1 1 0 0 0 0 0 0 1 0 1 1 0 1 1 0 0 1 0 0 0 0 0 1 0 1 1 1 0
1 0 1 1 0 1 0 0 0 0 0 1 0 1 1 1 1 1 0 0 1 1 0 0 0 0 1 0 0 1 1 0 0 0 1 0 0 1 1 1 1 0 1 0 1 0 1 0 0 1 1 0 1 0 0 1 0 1 1 0 1 1
1 1 1 1 1 1 1 0 1 1 1 0 1 0 0 0 0 0 1 0 1 1 0 0 1 1 1 0 1 1 0 0 1 0 0 0 0 0 1 1 0 0 0 1 0 0 1 1 1 1 0 0 0 1 0 1 0 0 0 0 0 1
0 0 1 1 0 0 1 0 1 1 1 0 1 0 1 1 0 0 0 0 0 0 0 0 1 0 0 0 1 0 1 0 1 0 0 1 0 1 0 0 1 1 1 0 0 0 0 0 0 0 1 1 1 0 1 0 0 0 1 1 0 1
1 1 1 0 0 1 0 1 1 1 1 0 1 1 0 0 0 0 1 1 0 1 0 0 1 0 1 0 1 1 0 1 0 1 0 1 0 1 1 1 1 0 0 1 0 0 1 0 1 0 1 0 0 0 0 0 0 0 1 0 0 0
0 0 1 0 1 0 0 0 0 0 1 1 0 0 0 1 0 0 1 1 1 0 1 1 1 0 0 1 1 1 1 0 1 1 1 0 0 1 0 0 1 0 1 0 0 1 0 1 1 1 1 1 1 1 1 1 1 0 0 0 1 1
1 0 1 0 0 1 0 1 0 1 0 1 0 0 0 0 1 0 0 1 0 0 1 0 1 1 1 0 1 0 1 1 1 1 0 1 0 0 1 1 0 1 1 0 1 0 0 0 1 0 1 0 1 1 0 1 1 0 0 1 0 0
1 1 0 1 0 1 0 1 0 0 0 1 1 1 0 1 1 1 0 1 1 0 0 1 1 0 1 0 1 1 0 0 0 0 1 1 1 0 0 1 1 1 1 1 1 1 1 0 1 0 1 0 0 1 1 0 1 0 0 1 1 0
1 1 0 1 0 1 1 1 0 1 1 0 1 0 1 0 0 0 0 1 1 0 0 1 0 1 0 0 1 1 0 0 1 1 1 1 0 1 0 1 1 1 0 0 0 1 0 0 0 0 0 0 0 0 0 1 0 0 0 1 0 0
0 1 0 0 0 1 1 1 0 0 1 0 1 1 0 1 0 1 0 1 0 1 1 1 0 1 0 0 0 1 0 0 0 0 0 0 0 1 1 0 1 0 0 0 0 0 0 0 0 1 0 1 1 1 1 0 1 1 0 1 1 0
1 0 0 0 1 1 0 0 1 0 1 1 1 0 0 1 1 0 1 1 1 0 1 0 0 1 1 0 1 0 0 0 0 1 1 0 1 1 1 0 0 1 1 1 1 0 0 0 1 1 1 0 0 0 0 1 0 1 0 0 0 1
0 1 0 1 0 0 0 0 0 1 1 1 0 0 0 1 1 0 0 1 1 1 0 1 1 0 0 1 1 0 0 0 0 0 1 0 1 0 1 1 0 0 0 0 0 0 0 0 1 0 1 1 0 1 0 0 0 0 0 0 0 0
0 1 0 1 0 0 0 1 0 1 1 1 0 0 1 1 0 1 1 0 0 0 0 0 0 0 0 1 0 0 0 1 0 1 1 0 1 1 0 1 1 0 0 0 1 0 0 0 0 0 0 1 0 0 0 1 0 0 0 1 0 1
0 1 0 0 1 1 1 1 1 1 1 1 1 1 0 1 1 1 0 1 1 1 1 0 1 1 1 0 0 0 1 1 0 0 0 0 0 1 1 1 1 1 1 1 1 1 0 0 1 0 0 0 1 1 1 1 1 0 1 1 1 0
1 1 1 1 1 1 0 0 1 1 0 0 0 0 0 0 0 0 1 0 0 0 1 0 0 0 0 0 1 1 1 0 0 1 1 1 1 1 0 0 1 1 1 0 1 1 0 0 1 1 1 1 1 0 1 0 1 1 1 0 0 0
0 1 0 0 0 0 0 0 1 0 1 1 0 0 0 0 0 0 1 1 1 1 1 1 0 0 1 1 0 1 1 1 0 0 0 1 1 1 1 0 0 0 1 1 1 0 0 0 0 1 1 0 0 1 0 1 0 1 1 0 1 0
0 0 0 1 0 0 0 0 1 1 1 0 0 1 1 0 0 1 1 0 1 1 0 0 0 0 1 0 1 1 1 0 0 1 1 1 1 0 0 0 1 0 1 1 0 0 1 1 1 1 1 0 1 0 1 1 1 0 1 1 1 0
0 0 0 0 1 1 1 0 0 1 1 0 0 1 0 0 0 0 1 0 0 0 0 1 1 0 0 1 0 0 1 1 1 0 0 1 1 1 0 0 1 1 1 0 0 0 1 0 1 0 1 1 1 0 1 0 1 0 0 0 1 0
0 1 1 0 0 1 1 1 0 0 1 1 1 0 0 1 0 1 1 1 0 1 1 0 0 0 1 0 0 1 1 1 1 0 0 1 0 0 0 1 1 1 0 0 0 1 0 0 0 1 0 0 0 0 1 0 0 0 0 1 1 0
1 1 1 0 1 1 1 1 0 0 0 0 0 0 1 1 0 0 1 1 0 1 1 1 0 0 0 0 1 0 1 0 1 0 0 0 1 1 1 0 1 0 0 0 0 0 0 1 0 1 1 0 0 1 0 1 1 1 1 0 0 1
1 1 1 0 1 0 1 0 0 1 1 0 0 1 0 1 0 1 1 0 1 0 1 0 0 0 1 1 0 0 0 0 0 1 0 1 0 1 1 1 0 1 1 1 1 1 0 1 0 0 1 0 0 1 1 1 1 1 1 1 1 1
0 0 1 0 0 0 1 0 1 0 1 1 0 0 0 0 0 1 0 0 0 0 1 1 0 0 0 1 1 0 1 0 0 1 1 0 1 1 0 0 1 1 1 1 1 0 0 1 0 1 0 0 1 0 0 0 0 1 1 0 1 1
1 0 0 1 0 0 0 1 0 1 0 1 0 0 1 1 0 0 0 0 1 1 1 0 1 1 0 1 0 1 0 1 1 0 1 1 0 0 0 1 1 0 1 0 1 1 0 1 1 1 1 0 1 0 0 0 0 1 1 1 1 0
0 1 1 0 1 1 0 1 1 1 1 0 1 1 1 0 0 1 1 0 1 0 0 1 1 1 0 0 1 0 0 1 0 0 1 1 1 0 1 1 1 0 0 0 0 0 0 1 0 1 0 1 0 1 0 0 1 0 1 1 0 1
0 0 0 1 1 1 1 1 0 1 1 0 1 1 0 1 1 0 1 0 1 0 0 1 0 1 0 0 1 1 1 1 1 1 1 1 0 1 0 1 0 1 1 0 1 1 1 1 0 0 1 0 1 0 0 1 0 0 1 1 0 1
0 0 0 1 0 1 0 1 0 0 0 1 0 0 1 1 1 1 0 0 0 0 0 0 1 1 1 0 0 0 0 1 0 0 0 0 0 1 1 1 0 0 1 0 0 1 1 1 1 1 0 1 0 0 1 0 0 0 0 0 1 0
1 0 0 1 0 0 1 1 1 0 0 1 1 0 0 0 1 0 1 1 0 0 1 1 0 1 1 0 0 0 0 0 0 0 0 0 1 1 1 1 1 1 0 1 1 1 0 0 1 1 1 0 0 1 0 0 1 1 1 0 1 1
0 1 1 0 0 1 1 1 0 0 0 1 0 0 1 1 0 1 1 0 0 0 0 1 1 0 1 1 0 1 0 0 1 0 0 0 1 1 1 1 0 0 1 0 1 1 1 1 0 0 1 1 0 0 0 1 0 0 0 0 1 1
0 0 1 1 1 0 1 1 0 1 1 1 1 0 0 1 0 0 0 0 1 1 1 0 1 1 1 0 1 0 0 0 1 1 1 1 0 1 1 1 0 1 0 1 1 0 1 1 0 0 1 1 1 0 0 1 1 0 1 1 0 0
0 1 0 1 0 1 0 1 1 1 0 0 0 1 0 1 1 1 1 1 0 0 0 1 1 0 1 0 1 1 0 0 1 0 1 0 0 0 0 0 0 1 0 0 0 0 0 1 0 0 0 1 0 1 0 0 1 0 1 1 1 0
0 1 0 1 0 1 0 1 1 0 0 0 0 0 1 1 1 0 0 1 0 1 0 1 0 0 0 0 1 0 0 1 1 1 1 1 1 1 1 0 0 0 1 0 1 0 0 1 0 1 1 1 0 0 1 0 0 1 1 1 1 1
0 0 1 1 1 1 1 0 1 1 0 0 1 1 0 0 1 1 1 0 0 1 0 1 0 1 0 0 0 1 0 1 0 0 1 0 0 0 1 0 0 1 0 1 0 1 0 0 1 1 0 0 1 1 0 0 1 0 1 0 1 0
0 0 0 0 0 0 1 0 1 0 1 0 0 1 1 1 0 1 1 0 1 1 1 0 1 0 1 0 0 1 1 1 1 1 1 1 1 0 1 0 0 0 1 0 0 1 1 1 0 0 1 1 1 0 0 1 1 1 1 0 1 1
1 1 1 0 0 0 1 0 1 0 0 1 1 1 0 0 0 0 0 1 1 1 1 0 1 0 0 1 0 0 1 0 0 0 1 1 1 1 0 0 1 0 0 0 0 0 1 0 1 0 1 0 0 1 1 0 0 1 1 1 1 0
1 1 1 0 1 1 0 0 1 0 1 0 0 1 1 0 1 1 0 1 0 0 0 0 1 1 0 1 1 0 1 0 1 0 1 1 0 1 0 0 1 0 1 0 1 0 1 1 0 1 0 1 0 0 0 0 1 0 1 1 0 1
1 1 0 0 0 1 0 0 1 1 1 0 0 1 0 1 0 1 1 0 0 1 0 1 1 1 0 0 1 1 0 0 0 1 1 1 1 1 1 1 1 0 1 1 0 0 1 1 1 1 1 1 0 1 1 0 0 0 1 0 1 0
1 0 1 0 0 0 1 0 0 0 1 1 0 1 1 0 0 1 0 1 1 0 1 1 0 1 1 0 0 0 0 1 0 0 1 1 0 0 1 1 1 1 1 1 0 1 0 1 0 0 0 1 0 0 1 0 1 0 1 1 0 1
1 1 0 1 1 0 0 1 0 0 1 0 1 1 0 0 0 1 1 0 1 0 0 1 1 0 0 1 1 0 1 1 0 1 0 1 1 1 0 0 1 1 0 0 0 1 1 1 1 1 1 0 1 0 1 1 0 1 0 0 1 0
0 1 0 1 0 0 0 1 1 0 1 1 1 1 1 1 0 1 0 1 0 1 1 0 1 1 1 0 1 0 0 0 0 0 0 0 1 0 0 0 1 0 1 0 0 0 0 0 0 1 1 1 0 0 0 1 1 1 0 0 0 1
1 0 0 1 1 0 0 1 1 1 1 1 0 1 0 0 0 0 1 1 1 0 1 0 1 0 0 1 1 1 1 1 0 1 0 1 1 1 0 0 0 1 0 1 1 1 1 1 0 0 1 1 0 1 1 0 0 0 0 1 1 1
1 0 0 1 0 0 0 1 1 1 1 0 1 0 0 1 0 0 1 1 1 0 0 1 0 1 1 1 1 1 0 0 0 1 1 1 1 0 0 0 1 0 1 1 0 1 1 1 1 0 0 1 0 1 1 1 0 1 0 1 1 0
1 0 1 0 1 1 1 0 1 0 0 0 1 0 1 0 1 1 1 1 1 1 0 1 1 1 0 0 0 1 0 0 0 0 0 0 1 1 0 0 0 1 1 1 0 0 1 1 1 0 1 1 0 0 1 0 1 0 0 0 0 0
0 0 1 0 1 1 0 0 1 0 1 1 0 0 1 1 0 1 1 0 1 0 1 0 0 0 1 0 0 0 0 0 0 1 1 0 1 1 0 1 0 0 1 1 0 1 0 1 1 1 1 0 0 1 0 1 0 1 1 1 1 1
0 1 0 1 1 1 0 1 1 1 1 1 0 1 1 1 1 1 1 1 1 0 1 0 0 1 0 0 1 0 0 1 1 0 0 0 1 1 1 1 1 1 0 0 1 0 0 0 0 0 1 1 1 1 1 1 1 1 0 1 0 0
1 1 0 1 0 0 1 0 1 1 0 1 1 0 1 1 1 1 1 1 0 0 0 0 1 0 0 1 0 1 0 1 1 0 1 1 1 1 0 0 0 0 1 1 0 0 1 0 0 0 1 0 1 0 0 0 0 0 0 1 0 1
1 1 0 1 1 1 0 1 0 1 0 1 1 1 1 1 0 1 0 0 1 0 1 1 1 0 0 0 0 1 0 0 1 0 1 0 1 0 1 0 1 0 1 1 0 1 1 1 0 1 0 0 1 1 1 0 0 0 1 1 1 0
1 1 1 0 1 1 0 0 1 0 1 0 0 0 0 0 1 1 0 1 0 0 1 1 0 0 1 1 1 0 0 1 1 0 1 1 0 1 0 0 1 1 0 1 0 1 0 0 1 1 0 1 0 0 1 1 0 1 1 1 1 1
1 1 0 1 0 0 1 1 0 1 1 0 0 1 0 0 1 1 1 1 1 1 1 0 1 0 1 0 0 0 0 1 0 0 1 0 1 1 1 0 1 0 0 0 0 0 1 1 1 0 1 1 0 0 0 0 0 1 1 1 0 1
0 1 0 1 0 1 1 1 0 0 0 0 1 1 1 1 1 0 0 0 1 0 0 0 1 0 1 1 0 0 1 0 0 0 0 0 1 1 1 1 0 0 1 0 1 1 1 0 0 1 0 1 1 1 0 1 1 0 1 0 1 0
0 0 0 1 0 0 0 0 1 1 0 1 0 0 1 1 1 1 0 0 1 0 1 1 1 0 0 0 0 1 0 1 0 0 0 0 0 0 0 1 0 0 0 1 1 1 0 0 0 1 0 0 1 1 0 0 0 0 1 0 1 0
1 1 0 1 1 0 0 0 1 1 0 0 0 0 0 0 0 1 0 1 1 1 0 1 0 1 1 0 1 1 0 0 1 0 0 0 1 0 0 1 1 1 0 1 0 1 0 0 1 0 0 1 1 0 1 0 1 0 0 1 1 0
0 1 0 1 0 0 0 1 1 0 0 0 0 1 0 1 1 0 1 1 1 1 1 1 1 1 1 0 1 1 1 0 0 0 0 0 0 0 1 1 0 0 0 1 1 0 1 1 0 0 0 0 1 0 0 0 1 1 0 1 1 1
1 1 0 0 0 1 0 1 1 1 1 0 1 0 1 0 1 1 0 1 1 1 1 1 0 0 0 1 0 0 1 0 1 1 1 1 1 1 1 0 1 1 1 1 1 1 1 0 1 0 1 0 1 1 1 1 0 0 1 1 1 1
0 1 0 1 0 1 1 1 1 1 1 1 1 1 1 1 1 1 0 0 0 0 0 0 0 0 0 0 0 0 0 1 0 1 0 0 0 1 0 0 1 1 0 1 0 1 1 1 0 0 1 1 1 1 0 1 0 0 0 0 1 0
0 0 0 0 1 1 1 1 0 1 0 1 0 0 1 1 0 0 0 1 0 0 1 1 0 0 1 0 1 1 1 0 1 0 1 0 0 1 0 0 0 1 1 0 1 1 0 0 1 1 0 1 0 1 0 1 0 1 0 1 0 1
1 1 1 0 1 0 0 1 0 1 1 1 1 0 1 1 0 0 1 1 1 1 1 1 1 1 0 1 1 0 0 1 1 1 0 0 1 1 1 1 0 0 0 0 1 1 1 0 1 1 1 1 0 1 0 0 1 0 1 1 1 1
1 0 0 0 0 0 1 1 0 0 1 0 1 0 1 0 1 0 0 0 1 1 1 1 0 0 1 1 0 1 1 1 0 1 1 1 0 0 0 0 0 1 1 1 1 0 0 0 1 0 1 1 1 0 1 0 1 1 1 1 0 0
0 0 0 1 0 0 0 1 1 0 1 0 0 1 0 0 0 0 1 1 0 1 0 0 1 0 1 1 1 1 0 0 1 0 1 1 1 1 1 0 0 0 1 0 1 0 0 0 0 0 0 0 1 1 0 0 0 1 1 1 0 1
0 1 1 1 1 1 1 0 0 1 1 0 1 1 1 1 0 0 1 1 0 0 0 1 1 0 1 1 0 1 0 1 0 0 1 0 0 1 1 0 0 1 0 1 1 0 0 0 1 1 1 1 0 0 0 0 1 0 0 0 0 1
1 1 1 1 0 0 1 0 1 1 1 1 1 0 0 1 1 0 0 0 1 1 0 0 0 0 0 0 0 1 0 1 1 1 1 1 1 1 1 1 1 1 1 0 1 0 1 0 0 1 1 1 1 1 1 0 1 0 1 0 0 0
0 0 1 0 0 0 0 0 1 1 1 1 1 1 0 0 1 0 1 1 0 1 1 0 0 1 1 0 1 0 0 1 0 1 1 0 0 1 0 1 1 1 0 0 1 1 1 0 1 0 0 0 0 1 0 0 1 1 1 0 0 1
0 1 0 1 1 0 1 1 1 0 1 0 1 1 1 1 1 0 1 1 1 0 0 1 1 1 1 1 0 0 0 0 1 1 1 0 1 1 0 0 1 1 0 1 1 1 1 1 1 0 1 0 0 0 1 0 0 0 0 1 1 0
