68 60
608685988 -521286363 583327535 -797694333 -406473287 959628528 -679694753 280051142 -238745014 -570164369 -34658418 9521569 969816634 -917160786 -118996188 -856533426 -914824785 -221929816 7237866 672236242 -47013466 914420291 948586342 788716332 633420813 -562532494 -221949885 501412013 87615131 538977024 554877791 593887668 919123678 435680568 -725684575 535692141 -205031221 -197246712 548004001 848867284 8362757 999634911 650883055 -155179601 535725156 -460317976 642070384 354781922 506965527 -713673357 -626117531 -799077775 552119607 557933811 890665654 555868300 616482903 13754517 661269499 -33209962
211128811 68035666 787687064 310509856 945076277 -347668604 -451271160 -578515294 -221146453 -612057906 861973892 95271693 -846702053 -321434583 531883944 942460354 -964798825 -909862617 -785766816 -218160322 -829632329 398896225 214040893 858230548 644152981 -499707786 194131895 786836498 173804844 572296603 -15209227 784385812 308731289 882573876 -724681881 -22842670 -790897246 -683829469 -836647632 -204854776 540250081 173257178 519110915 -531136902 85360871 329002789 554020786 378923180 305101640 -691071646 -988796111 73916945 -829235980 -442858914 995518742 -204149877 326928176 -663396718 -976305423 -355409176
-312178565 634318032 135593186 -464481004 157426999 -788736573 266342959 -430205155 50235098 472178517 964530504 542281714 -233812298 -392470621 -785735319 -453477682 -542451753 -462027950 -118382962 915745748 -471989315 -895655158 399252281 -953373916 755409531 -946457528 672435469 293163867 -162002904 534270867 -792291673 -112567541 47072132 50462244 335528494 675016845 398762076 -163037621 -106280470 91238443 -994060937 473444937 -860256852 547254528 -851434419 676101500 349855672 282654226 -356912936 890546632 192852156 -997553857 -263492551 -873554239 571522022 -343705186 908144472 -641037278 820602396 832678058
734054839 -72085282 -194858744 -422334515 -118527967 -458937027 -846759372 357497734 335438095 -833221519 688742559 471269025 805909450 49669680 -139671244 -674549386 -448939627 652109044 -541360150 303473635 -223984455 -764602315 -111080609 943933998 936014376 20053498 -610454060 911777586 -442054807 603732758 -922901545 -833621286 163049777 -531232155 -574660658 507431529 -683320431 -392688322 -950858325 810941328 -773732464 -434524091 -497239262 911863789 -371771832 418259546 -207333555 61428765 -519201746 -775746063 -484842037 -934540412 -33401396 -673293217 324077075 -339883678 -536237022 -694305702 522356491 -972915006
-926273497 243223156 -945580800 218219048 -727539325 66764567 478819233 -463563013 -757256213 -614021299 180920059 -891785575 20378067 107229024 363068396 -580521794 -837499721 658286287 -386014693 856117798 629515220 -127149445 53455551 -310543843 -606481147 255135877 653950726 -592781165 -647821165 -861818475 -131195136 -577429685 -337619133 -78006341 -31724901 957814790 397337872 683528541 -284667342 -175763364 698294093 725557944 797015827 49106532 817211681 111149531 -526347124 -317094632 -279086903 409870378 -32449664 242902398 -537004818 441063993 433196990 -304410792 -190889720 428142380 502818172 812906028
72213771 -720992693 -961526929 97736107 780424621 -32667091 670320736 -564075335 234792182 -149457937 333047095 -55506301 67666087 -692581742 -323907453 -884147362 -909443139 -502493163 -330236300 -737381473 -82597853 305121663 -672422867 -18805288 -505248717 -870495412 906824373 -495716496 -383193924 725043302 -680975369 -208538073 -623227664 965807657 -111699785 7349988 -124063161 -775258945 322853418 -395665756 -18822936 748587641 -717284444 -583394540 -873672967 -522289172 543591804 802473237 -588463672 485011342 331720894 970449743 916751465 458388267 -633397150 381239348 -317378870 517342355 36974134 -469858723
-318170860 912815150 389295418 -858993285 -135548526 -97797329 -942351737 61266474 -211775765 -356013695 -437767205 -526060912 362276999 652543995 404041887 -489221370 462511974 14638765 -378886760 130594392 747011189 -867858639 -204331403 948227042 -29338976 -494473993 224834681 292554537 106988814 -638794788 656885655 848197124 964077026 627876233 659874705 878403266 862423799 785918111 18304360 581054536 225451773 697179501 -667165752 -851516492 -58943330 425386577 -183630757 159042190 -463575679 -294932979 618232559 -240196245 226373211 -589446611 -454934267 -804146282 -770774106 263661988 162898315 760565484
-843743395 456164265 157842828 -905548102 142143282 -338740825 304895665 153881572 925955751 -516417633 304694564 -985902758 956973361 490186792 -842136777 159233251 -877369616 -553640861 -442999595 265370226 779435136 339408208 486604648 209969555 -421958888 12879227 390866191 802078762 331066241 -483927669 815247963 -95607708 -94757749 405390554 -966195705 -222011029 -840696412 -119959123 304643510 -982989717 220544874 798967901 -110857141 -916460615 -991699976 758325156 976693190 377950584 720526750 -270787904 -903843228 108594142 666087858 832011126 -436344269 871763403 -300613028 991734157 616000712 -874425872
600101170 913705076 86098763 263970223 901212621 604404541 300462020 413552158 955367789 -494415142 449212418 883261137 688613832 1069154 -244270241 942324694 -940734142 735548921 -907985637 -598359528 275515376 968997858 215897055 867650766 202876367 871278732 -925760137 287909174 -371098414 866784343 -216168651 253660114 -732268312 957776096 46726658 -581600700 -4672920 -292911861 -778966893 -587200303 -563703612 -46995540 -945817324 -840096502 560667424 -353088133 -761046686 -923363868 -585110470 947310 379413735 98685432 886496676 -928422343 860354779 707034957 359752869 -153709230 929199228 184928884
557439705 -637779516 -427412784 -515352859 -923170141 484254951 -815885833 565209887 -488320497 56510116 -618573393 -837329224 -817772078 940842086 -996719299 -748112395 -544504418 -633427463 279711690 669034649 -681497137 775273290 610620135 -396176885 616204599 -898123095 -769766595 44207494 -898317074 -623359192 593403984 -233395814 -448260333 166699750 930824892 11333279 -536476232 234140924 -292653556 111008195 687455135 -117081378 261275690 -158043647 753567062 -591950702 -392699231 -769437266 620105768 -218087402 -989110170 -197811956 80616810 -245091280 275432902 -381944840 -607053331 -900854112 559392131 570968216
-387353206 -276424765 21271940 -968212098 674750870 342513569 89127882 283399909 1492753 -301580259 -353076861 -60345805 708338889 -494168943 -652137297 353904927 -460604070 89744372 464714216 887310877 -862431231 -197731034 80596202 298255507 -293943336 877616173 198690017 406876508 434917998 -717368284 683159033 -250162312 740881850 -475535499 565489701 -99220347 -933234311 632005533 -151062518 800841893 14271867 225869271 -739622842 590828106 228410924 525012900 -858407765 -80448894 581134539 -954620911 -844549643 207353248 21849829 -303189001 -670334334 -412204422 -275314816 110896124 -675112064 -527303065
-70790787 -202034556 -719663788 614191231 701463943 416739933 -593765808 -931408582 -398256236 922075634 -960480502 -314382264 -664994976 168578324 61108753 59261246 -942740657 183104375 -664704315 9714401 784743102 -43416098 -538498111 885290997 296719001 867606110 -671909445 65277228 316386601 347856481 483949748 121982745 -54821255 845418395 578655984 -430478276 -250741997 425274551 937927926 956503246 -455128256 -341925451 -486737760 358781228 -638247555 497444571 638012270 98494942 -291374079 -293300095 815333681 719558650 129316667 41680385 775206322 600007049 -950625711 844226311 552616777 -107677027
-847987685 268648794 596907975 -101357567 491484684 -353282351 -84566401 -872028207 -192681114 868617856 270179596 -947586884 208775745 29697433 -285529059 -785685932 -333694702 -890084456 -181652091 818882448 417660323 -963143210 -588593671 -293126750 -188353901 144088877 -404062766 -856477860 683029779 -293738229 -206276263 646540171 788045854 -295829669 678451969 823359519 -392990047 403454429 -858895620 -57926684 365347187 137615810 -333651804 -852233144 -749066859 -3871030 -115357987 291274930 809466851 -893763061 347178406 395586139 906383019 931073263 -323470855 -15234533 -357876785 689105927 -251689816 422131880
831655205 -909263164 -133111148 631878329 615645103 -277423043 361725608 284694643 -378563707 -512254373 636636878 438962028 11233917 -875868925 585950380 130536217 188253239 698413592 -526158021 566448282 -292450923 -543849597 -968804636 831725236 595333206 931752608 -533744207 -619331647 -201462857 870078607 15742 -740894907 -323382506 733223371 769248136 383294522 513995432 361920177 -792798009 -823732133 14112015 -535837875 307717578 709372144 863833224 82355366 525884917 -82199588 -979687705 152620949 -47341109 6724793 -650243299 -378947614 669113767 -817778299 -940356223 -871646545 -587372218 -473496370
-216460480 216634251 782485013 713217364 -708596304 -388321997 68032884 220821959 -399900313 973751364 -417776169 176359198 -696876901 -331292187 343833355 351994727 717438742 -702502631 -541096946 814931197 660974626 577694013 972480581 137503468 -961598723 185612948 -698341755 -456355309 -992548196 813845013 856087206 -789630139 667777095 -956240834 313716976 -865781411 -486080056 -494020939 -569373524 -881443977 -648986353 706283596 889431488 896466734 790889583 -772070039 -954659068 671191037 -944247568 667232780 252946686 -539398368 277873465 922704077 270426248 -122132107 -270561466 727011921 -34334314 -496540656
495335799 343313960 -509558555 8381622 34952066 -909108423 432442095 435478948 433197723 172862831 -896117797 -104752702 -914609236 814518335 -823329614 -386911860 268168801 602068415 -970138038 -692700735 -914674769 707494765 756416565 628248353 -831583702 179969049 -174614444 -469644377 637160143 100194856 -198366398 -849510174 -325630669 -494625112 -133305537 -503559997 -709481339 -293888764 -592551677 385291801 -50536159 12835916 -308991804 731183914 497001120 -699139264 391316094 572783453 535096931 256283945 879972692 702089809 -663373151 486540699 -276689253 680638283 -636918824 -197263794 -539672754 56487661
-954018038 -221860535 -422223892 818709638 -782525316 -555037352 642119358 66982802 376495528 382788451 -590199736 -410142617 25391357 -612866166 357135395 -790432717 -135208261 539779802 189114938 -592065360 -828687396 228198077 567285485 319597102 -759442307 989645255 -679675373 7281965 158605439 -841632948 -398529447 -755771948 928849037 87499652 -938884939 -139164107 -123197321 483671627 389126922 61301966 171962581 616440943 24010118 468714868 -276851368 682568757 -480008684 -852253567 -750390652 428378667 255117426 905369040 810608 -490324295 512116130 60399320 -147338287 503179957 -350563870 -92498970
891017436 -956192779 428517846 -371243825 872519242 -864034034 -365480403 -561981267 -666676286 474058184 878749822 -262513217 -247398894 388604637 -844950178 929325614 579084677 718434536 -526579339 619386841 -765101693 453070500 -708798552 636273099 548128817 127862932 688412774 -880805052 654647391 459191425 664123279 268360495 445535688 933405118 48382047 506631710 706263764 413215158 177561654 633985212 -840980282 238648340 -569030665 731284430 716952990 -116212471 -390676309 -830012241 -277773101 311840042 -330834648 334868113 771138139 703505312 303208032 -827974287 -83405095 -932085317 -325182876 457719888
-782495084 -944019421 -81820252 677965923 472913218 618942294 27840036 -186920750 784038098 -99949104 -512082976 -931930578 688820080 -435970 600353492 -733886342 172554312 698977703 331646604 490472701 -618629682 -280425777 500856463 618930629 -140536624 -927138269 -541804578 -215665212 -956036104 -361713385 -208706339 -612910538 -562804024 900042187 -771174034 747428033 255925832 404503295 -255086561 -772129167 -536606144 -330857396 -69751995 269305257 838022825 -211484159 236213705 -956769712 -187108785 -150254193 900824651 732872036 -468506313 65946764 527735221 684703697 -102726285 538225633 -673262659 797279550
657683012 967160371 -205568355 175432719 68533401 -17131803 148626633 -689754233 -342206804 777733662 571269930 894209518 346551216 -988732844 161312713 413780263 359920159 60218785 -436989698 760582631 224699524 139254988 -334009828 523322733 -157740667 -919654517 -878081170 -683699136 -288102475 -122029533 452182440 173633046 -505862491 -482674659 486737060 546816010 605960240 -104287940 855147151 -676432092 -777688891 777274202 842038800 -985575197 -736574504 749270605 -544846061 -444025182 -512806218 -712593432 -103936785 439231114 -735284155 551731413 -435849737 376434853 347403656 -384452461 -969798952 330879765
380062970 309667061 692714367 -388760607 -313692051 -574992019 -967702423 284370864 554296601 -138156878 -793697530 -326086520 -919520686 335910353 -911953687 -738348065 596852878 320043506 576873941 -832121461 -893676321 -564993879 989896932 -435447171 -993249159 -573592752 -239709024 464916315 -962808256 666339305 -695350675 -801023765 -812491297 942810188 -763841898 792531812 -361440855 -196499848 901956151 523540496 -839577654 -889182255 570117471 -591311222 -855982141 -73915207 754371935 555970770 856814605 115502253 -21575748 480414566 -332368685 392923077 679944690 61513243 -577560850 -696104358 447172578 -921452801
774716300 -961167832 428152850 -441501272 539433184 -346961629 -39961389 -940622437 157373737 -157691307 704955169 59971860 280808698 806786389 -641463289 -860005230 -64285482 -737015261 924431227 -980202182 -542177748 -714901232 868832144 964515517 257841190 -340237629 166506128 424127577 101278756 222750486 -757561872 868295655 420728614 -457135229 876194130 -246509679 -47558171 -38582733 225140372 971454563 433783866 -41897322 842471474 265993387 -710924721 -309190459 709916706 226482833 828366995 944857764 945035608 -477386923 -446006387 804840071 964778568 207779716 608193839 -118541076 -918574771 -310379630
-207549332 685339730 799911456 -388196975 -888796496 -335456811 316412868 485765884 872254208 159635388 -622871215 181329059 39903529 20528938 923022245 41334863 410176309 -651890333 -839765596 71160248 -208525495 -113599925 724326212 -723364431 159383717 772175848 -116275241 600478159 -100439714 453605193 -927484182 -775428083 369312122 -3679408 -924318307 -961606827 736122388 -951669745 -256552946 39200391 -466659703 -909813802 88661822 803081621 -170469876 775870926 -903406481 183774121 -30355281 413184260 -62713858 -411509658 894100611 -734783161 323287834 -828115244 485782085 -221383287 -742185316 414105899
-763828066 -113036978 222936077 665197376 -772510873 895740875 429427137 -761328775 954233433 389776189 -77494083 -475523350 -364750006 358052434 511036254 994297968 -400632512 447238272 517460139 -67297219 -568331850 -568541438 646096811 30602390 893549943 870905371 -583529485 929207253 -442625443 167364888 -677522888 -357152713 -479788141 367354276 724253340 -104546000 64392254 -579268737 -778368529 453751701 -432059505 675132893 -213629457 470702876 634436268 -888980770 -670139620 -780680201 -393912120 -773377082 651946617 91625027 444090768 -776151917 -990408341 -311351574 -91602216 263831248 -572943639 914593210
854388851 328290143 561184708 -701557338 12519856 328594655 -494440423 942529521 -400684308 -622712820 -303573655 774638640 -903224489 -791857815 389225022 -196057492 -729189246 -280997902 453080991 -505277731 -397417298 -805330056 -323481837 -857028655 996310856 -657303581 -334785691 646909113 15072840 -856449490 353879079 818007320 279746868 965749208 -684825580 103926742 -93818831 -462145462 -607702133 642820345 -948540196 -317220661 56527932 -305271639 390830813 -663611538 -819522125 -791817886 -752163728 75493271 441961196 379194098 -741676977 -515222286 -17459983 315022425 739381459 -715668098 -94832324 -595000809
-671858170 807961237 12005546 -218554259 -978822520 691858129 933893749 -196846506 -246505084 781306646 -806161950 -310467991 412351990 -343004386 -540507605 -986109355 -892767592 639431356 -468896762 -611859137 -941034472 622193706 -425260437 355420229 419729019 65436457 440751384 682962309 106202857 288807330 527168695 -181359309 391503278 -484165527 -318909168 -504574568 -770349987 750592129 -70528502 -761799715 -446887573 745792271 561841694 44401 -777478339 -509044280 654023995 -328953640 20792935 733786577 682073070 825884253 -10476270 783147535 91064359 181379849 -204184863 -488710995 831765940 361716790
51615334 881884053 -823820388 118631644 -749437822 -226322822 943220359 237875930 754656947 152114886 -994889746 877933738 147627919 -700645487 -652119166 927784854 -462967476 19516762 118940180 379518070 -776692753 795757550 -863504017 -229995494 541029943 620377393 -467313494 -543224502 915697839 -208414729 619509998 -490091588 -302967636 513221735 -614838688 469987325 -878127513 -526814017 373937585 695954010 449427413 201086722 -905534322 -808454725 308517654 -392444720 4167083 -109963750 -708775121 -311794335 -773063579 -979772507 893511306 787691404 -67245296 -563888515 853495993 -740001588 636851486 925240535
-599553332 -753024585 894835682 -995165808 21997735 -810352019 -678389346 868539736 783012710 306145014 740081766 -661701558 -262393492 592681533 -426768464 533878170 640156599 -86887730 -364917650 -946157426 -849475099 799974723 -807182120 -288030743 977467741 914074853 720947441 637552619 -921602395 685840466 -549513952 974245871 45589026 995943628 838519087 11416880 359086606 69964215 -111343764 715518897 -194985754 -950777012 954659306 847501314 417775012 -655084050 488036154 -31011743 -830828566 -726388379 -584172067 953268784 635729120 -590402923 -900153790 -337012387 -879688074 -635249017 -379521121 -912631063
-658157176 548504148 -608004332 814675815 677153749 -853728953 140461938 219643211 -434074598 -829440915 429368971 302423334 843325654 852188384 -763172752 160446073 187956380 934291055 -12768075 -380664034 75390029 -284681594 -349969721 953215164 991541386 564096444 -587518159 -679136642 -762496252 -326675800 -844611436 -754738898 -34949211 989524586 -295197934 721078726 -377349002 -262652117 -943454879 572600433 -79877730 -837758827 -737194347 -621020502 -286138988 -605015746 -353172064 -375090305 -950407363 837053813 -809347502 836998827 -930912941 391431548 -326161406 -711963449 153169058 37871154 553959604 253906810
-238277489 -581252429 785410359 879686543 -684125545 -340440937 800757168 528098089 382656143 12142804 -670074382 455554451 -481762097 532499843 -991768079 493021757 924751241 415297684 -503467188 -868888364 -8064231 594621420 -133911887 536929588 232191365 -368569396 607871725 418200943 -128165305 658355574 747436056 -782699964 371029589 400123120 684708694 520221469 857677728 -243823189 -732046453 276547068 255044067 822629756 -130682324 -86506058 912828594 695496256 -907891691 -612837139 -142556067 -818426800 758856815 -983154880 684631908 -652671768 -314684128 934223184 442774683 -601831885 261416556 -35961732
-819304515 961072214 825752431 -729728402 981279692 80960792 366635120 -121276891 -27994301 -132020552 359866097 499878845 712950384 -389504674 -50747052 -781991252 -42615354 -688320156 292486453 808125659 90232928 232500128 -667299965 304477466 697134900 -927178069 622139309 652430189 -590335888 -669258122 -326085249 558809724 893914554 39398799 649191606 269055921 -768827006 148876029 314742383 -963838614 865690644 612719732 -671800217 701682931 -804484769 -545760307 203325543 -185580646 -65805260 -693318068 186223699 147410573 -535898891 -822269601 -801283287 120369848 360094009 -21375691 -179235882 843545629
-938675320 -260257707 -441173839 514508115 -452390867 212872689 -172844703 90477791 811453093 -759013889 122151166 -844108858 304702083 259530887 -555836966 -665102311 -990784734 -839450767 580124417 -531098793 -625775102 -149519765 -910840364 -540479915 936628287 278823713 657771461 -750289694 564869580 -666859504 739033204 -694960861 -384897927 -970109844 176165419 -951659900 746890420 941288135 312652943 152788855 -452358216 865612903 801432223 986384711 -198466086 332522663 -382605449 59095533 -862892876 -549237378 200609610 762303241 252952680 -641953559 -477704928 -628396690 -103350160 323474006 495960094 -705953586
-937519149 -522740503 -484045748 794214193 -292505505 -441459137 41734160 838359194 -570274989 -920116410 381173899 942031586 -494726327 -383939819 593796379 868779817 -184902227 88016064 -936149735 533900558 -395964038 206535484 216081142 654693712 129104595 -475663866 963954612 -909195360 -835732464 -754205894 -140540612 -852379501 374083240 82065406 493596130 -706541244 -857493771 -919323158 -898224118 935604721 913696220 -157090264 13821629 -461902646 708232799 -96602472 -487104239 739046275 971930563 900734933 -111797570 -9380931 -751450878 -50008939 -477875239 -673722910 -229295235 -983630347 -358953157 570162395
655088996 -466247085 -230976206 998061537 855828114 -974317696 -107449570 533103361 602018732 399638327 -465336850 -585879123 -414730704 195114978 -708409603 -520432701 617788418 23293415 -213757944 495451767 -120980840 662762662 -598327481 688344974 -456909336 804235681 555561737 -106066505 592496746 111288060 790437139 -172701035 -747376982 4081194 -236041500 -150693062 -878754083 -326104163 710578231 332675740 406991597 338995969 636493378 -304016351 113483771 -772282793 -57689907 -377691843 -294953795 -203669846 -61308723 -418376202 205003521 822027222 95404391 -311791971 437530907 -591684921 -638308740 -526076997
-275219656 -707159761 -779791491 -589560256 -707316563 147081168 198460136 -982636835 -980227971 -198019902 -530462789 51035670 620885638 -212339818 191296219 -265207737 -43747500 -479421823 199942302 316170435 196543480 -816313831 -384125790 254971273 124959235 187214972 749384179 685521895 -735914455 -445550152 -959891188 457552103 671013729 -837627473 812754604 -821898765 -504846274 -783488162 -356385770 819598578 982202196 -161844803 -797465446 150938911 -720383554 563593938 -770880549 506424132 698655135 212118419 600749216 -28535706 434457898 -965531425 -728118746 563168198 7509562 945368273 -137912756 806064134
-644891984 665773384 962039586 -11856980 -941992331 869785780 -888950108 162021480 628597515 173584127 694500869 -663244051 -994380800 434216145 521176257 -557466243 185489616 -803993108 41751491 -145375541 510344744 857781664 115407715 -158027129 141658356 307147160 615618968 -670154168 7781240 -301273766 -451734767 -415632322 743433021 -276331311 -832521278 265986928 109389637 646140134 773366030 -987088041 -320241033 691460587 562838293 -132651108 259090347 -111581992 147010969 -471975254 429737854 -176656952 310837785 857612617 -178224586 -314072380 -239814034 -335303553 994806390 -198188197 583167373 -930836403
490326114 237484544 -423593804 -283195764 556907937 843114732 35348909 224043246 -363128323 711931914 164418454 -808619182 212590928 -200507936 5535023 240095524 70423947 -55187499 -57526430 832154980 659034935 -972984778 200407093 -795480314 -920394763 -634762855 -341600259 -705344972 484302668 -96416419 380433124 496828785 289078757 -663141805 157473984 9260442 -939991154 190118984 -786642693 360905805 668709806 170819740 165571902 -171272964 -91514823 -408898176 739336148 85929301 -178483738 406350484 569011623 12064372 780245099 368664963 554421883 150643261 -765391106 -328521664 -707896933 601702597
-330138635 736082886 816558315 903780506 179085779 -89959375 277712769 188737060 168296063 180302716 439879290 780644205 811909192 -188426210 -496431783 975688933 27464802 393617957 -645360227 -797098570 136622996 -548057797 652940236 504597449 35798831 -69317883 427952435 -145261637 971811960 -175230195 359379413 -580997944 573545221 -309013739 52491477 603618811 -897165500 -603794840 742898847 651288476 999881442 102351767 556264958 -626386292 -431198416 -663863479 -665532807 52231626 -795581283 779480179 -474038608 455005989 -786310714 780698156 814151378 -388421942 -735060912 -438155405 -523185313 236721238
-550799337 294883907 -368880947 -441996088 932594971 -442387500 168899303 -112111033 388305236 91516656 738478487 193968386 -939305616 -42514345 -33984056 50448211 87737546 -813842014 885829169 -593793152 756978334 900266256 250789599 -724588384 643772423 -462285748 842388153 598751183 -713890840 379328646 313616179 -673920018 -124183149 783840964 634618296 320292212 -622597842 -360630285 729216314 -627767817 -283825992 10178949 627465853 -929108204 830450037 78030528 -576295247 -443823652 -849579428 -112144472 -673027243 -28889870 872189184 265120614 -901193138 -919421228 848921126 -287907234 536394452 370963272
573281201 626141542 823388719 783708038 957884571 632447395 307700855 -29278623 -290500001 907936644 -570561459 -686275676 448095036 21572446 640007205 50228044 230003692 753503359 -755289816 581653569 -311657229 -289405417 626469470 -725545730 -294025492 -579571527 -450518237 610095684 -201670280 -482146040 -427268306 -706662049 -421889651 231761952 -573664954 951067189 -962795774 419880570 -745696690 -308716062 -105964798 -171830839 746942810 -385274358 523872845 928415942 -881602298 298716 712734768 828735894 -634762984 13758606 171055710 211032931 -795044396 -620737751 -476494969 -684701069 -854373236 933437265
-774876397 -619969314 -46555365 -834095973 -725619730 -832702585 -369348911 939779727 -818138907 -439768824 687945825 878195729 -183024931 630878899 640632319 -977747347 -361765433 -238771978 636330789 829459747 414682056 817800488 -634414165 -378229033 15734254 -545481552 -203037673 -605348373 -683120463 -16627409 896805660 68828650 816794457 -880355015 549460046 286019059 39851366 50746556 -342398308 -460809740 -335691746 -771720875 548650934 -963117811 47904580 -857657163 607551031 -84131752 468587791 -4870192 63937835 603437565 -65510690 -684169022 777786352 988136271 -391893412 989263821 -447351204 816849424
-86178165 910287703 761992073 -735707058 -717776533 -226083595 -176771324 -444891482 898889959 838345676 -720193742 -815534183 -566779980 829055268 569483414 -777059297 538670735 -652007279 -916775056 661726975 -30553599 -828407687 616889204 -608951691 303412973 -194592531 -658693697 765447628 167208980 768782059 211313499 -603489714 318139553 364567514 201040805 98737399 413625316 897873563 -976721362 224340108 -345216317 -215717144 753061362 740212057 -53979590 732967400 335360427 79690220 938837072 -809397516 473888923 -316754999 469293355 -334636433 653226798 10597022 978609636 217655858 -553367248 -555275362
843297625 -825881195 514894246 114840861 807960569 -497110585 -358993768 -811894601 728613896 470032524 530525370 580946388 405680026 -185412601 8156966 900818644 -283587621 -434631587 -148660453 -618090922 460284565 -652988096 175311828 591666890 -173109754 -570279665 94159306 234561167 862209971 -706556582 -47002409 -17473481 -979339149 796619193 433650164 -823726980 510491000 -470699029 823439068 334186876 -546748215 594414759 470134251 3392536 -41928419 -878132314 20803645 -586021989 449492767 817936368 -661961095 27313079 279402819 747784396 998903682 -785889977 203986961 -664281886 289790571 655875457
978077101 990706914 -383724354 -169310483 885728185 592586532 41315277 793436277 -63616683 -445669931 911290606 507094943 -959454953 937060208 -723993948 42221539 -985240242 -199681964 -625909095 203383029 -692165782 835541884 395833298 -103471783 -755549161 754692340 -434325359 -222271462 611584275 -148143097 -691493307 -963064791 -781411329 -300520965 947432468 -289871586 717609432 -383828121 514117120 770395619 354657568 488602174 923443022 -180980805 -953577300 -868055601 785234633 -139330094 468664135 386730555 -933397079 -539862850 186307915 -452294966 904543282 99243708 61508878 98830810 299598921 882017297
-673941229 -930818473 572406942 -604377261 -441536001 -363470759 -671458379 39279812 -981065783 -902876907 -527454564 691520956 876670679 80849013 616240886 -797255510 -200474545 128671724 -280080613 -881167589 602092144 -784943751 985869715 -773174962 -961876686 -796524413 933561045 -314382658 32270633 832057039 414365641 -794274994 -279761208 638889913 -460162963 -666033178 944508327 -333439220 813249582 -615090457 -303094668 980986420 894452386 -102460845 524284495 -791250112 487867844 58336597 -675540073 -732745015 90210005 -673961515 5115045 -195675576 -755409432 669497395 -52588854 -82989485 308555722 -554061015
259294873 598766173 -956483695 387381293 -979013875 979651576 -389411279 -236661632 -515843342 546730346 -556285578 -58660099 113445227 321770650 599123419 134964935 -877376970 554997164 -646110515 -189737232 9982785 494222999 -375047314 195452326 120421139 -15352210 -222984124 547252629 -828374649 -449698428 -890908147 -686116153 -693827344 142901730 470168950 -430614734 634244893 192508207 613616144 433870596 468106415 -197269201 223650518 -220658826 955798581 -157839041 -586283342 -239565052 933856499 -391148862 184008499 652179879 336742353 13364830 -281410646 -462564536 -859916982 79557959 -743319628 566714755
551472744 -659273906 -208116823 -899599278 275326019 -881278144 -895278229 453601163 553610085 -474863291 491923890 769538258 -236137274 62833430 540324845 270521415 684468212 653074370 -837427387 302128006 364856255 883981815 800602935 417618655 -58921931 60340834 228608514 -65383784 763477862 217081413 -539325662 887392572 -351788690 243753908 -96031599 910682595 129142355 862497551 -627908702 655171427 -628903343 -526085276 -454800659 834721630 787981397 303451623 783208853 436801475 149694251 -922887149 -266976233 -513650613 151945350 -165743023 993416254 -650462567 112592859 516614801 348675271 -795447566
812378596 -395125257 -79086498 373113494 879980394 148216645 -586386860 638889344 -46190877 -859028014 817618341 331972445 308837600 -755282771 378712828 -762195976 -942982903 -419295371 606139700 481323800 721706495 251186706 207873599 -664808404 165878150 65506952 -536759375 -47025436 -949511867 -414934777 317009839 -274042377 -393432331 -328773833 268109278 952182669 -918534637 879770270 723032245 -355591110 -633362219 -320965648 120825366 548469770 -889536930 341637850 434397847 62039399 -613784688 471587828 981649580 988212245 554323057 -803679585 -387996041 -353103811 793615308 -436084676 330305338 559017095
-482733866 214992455 -944707905 108478658 361068870 -738328766 669769533 481039563 -522822449 592667244 717767140 237883559 1173134 684631393 -810422365 -634671309 -366737788 879904082 344920968 836433879 898249509 -289618348 280417360 227185990 -389440423 -26117168 -83662854 -415565723 -419649947 -171137538 585072194 -221702006 -812146300 -25612913 -381463994 459874828 822212119 456902972 559757568 -948163109 -513890497 -98784902 684518004 -784256570 -278421338 624489359 502100029 -761445726 -530635675 -516991789 408760194 228661971 -74034760 230654321 -635321585 -823564764 703536588 115304419 -553651428 525702235
361543868 -565931163 -735529383 -587528905 873263988 610563136 -894392372 858013438 815253148 -779096317 151371066 -149486669 949577813 -610696420 692541032 -488170335 959813256 609882363 -470521181 167886161 471715541 -563974995 -41472486 542092147 212911619 -531388274 -144303081 431569425 653081352 -223737004 -992409869 665732238 304097081 675273387 925290054 765718316 -215567945 982829296 795401111 -274895235 -2894144 356678553 -727651491 398787396 90064498 -689877696 -545262412 -761665034 -729388585 -577265346 758909810 419564210 107335155 71476432 -396344130 -243155801 -831975177 341789319 203969563 808298707
-688381695 921695162 178384375 -997428352 -586666105 -382080947 -666321649 128278737 436794991 719475813 562825910 927781601 872511459 -51691094 651209165 -807803645 -846008366 122847157 -406867899 -292059315 991006502 783271831 639404785 -372385452 -442042585 -169007099 -219976839 44858725 -291038238 672575204 -75675956 165903878 393212976 863245372 418736149 196829893 -431331631 705961088 13240487 154123819 314967887 -743716489 -496000620 -958901727 575816607 733967912 651936301 457569396 719868311 -206790043 -534501802 847453833 -740738969 172239922 -589761155 327621743 291231551 -977157475 568557469 -4979411
-793624940 -538995193 -11254932 937702837 -127151929 671042370 303579298 775318915 -225214009 -569513525 394766544 -545669264 70111715 -700055570 -77560015 -414690164 -765268645 557992310 -153725716 133925461 823663704 622434305 -567402660 921703224 -146869223 -413928833 -822383494 -269299608 434187828 -967067560 611833421 -259779728 642131081 -386412220 -950465988 -352785566 -751235995 237256142 -896642199 -633799285 -616032846 -582539748 -241431951 457420013 697967928 -856036617 -172444502 -381094181 336155105 -220493160 380989466 -57104705 100550414 -425292259 514894319 727664392 -194805026 -919551241 274320402 -893342217
-603577149 726557922 201930917 806783387 108052541 -88973892 712266132 830606290 -286644256 301572684 -415197750 227297836 106224053 -336832578 -898533401 233407923 -307236504 977860881 358060099 491879093 -245068907 314786551 594994189 -406132086 653736284 330526910 -698304011 -212080238 88684581 891977634 28475348 320955653 338514819 601288409 -62704825 540822810 215949001 -760477180 -207089946 -618264191 -515493969 268511278 -49642344 -118410574 500325878 292557804 -296182500 -148328926 981925755 721916837 12383523 -862073040 960922150 -107561611 726434718 -859162375 -372327901 37718296 195227546 -626413543
599211099 -475998129 -543619900 -120882399 -841943818 153479681 99593849 -121716837 -679422275 975143932 591707934 975378417 644919486 -430517414 414798846 453835823 -354524898 -868883511 568533658 724819151 675273307 859280007 -638096849 984710289 -847576273 293851700 -370737749 -378944845 -785216506 -645612352 -922336116 -474143985 799231396 -28213595 192086385 360050691 -565863987 85734366 298343928 -428244738 -251617857 446459176 604703291 -512318811 276048425 -994624172 -481980668 -193394139 -233911241 2034392 51913509 -470938117 -84763613 -340634131 -439894770 -79508184 102121601 246384518 -244999474 362889618
-362761633 -38422744 430654464 -297603288 -745847941 -437966226 -662603966 393756164 10126286 -784411578 207505950 -601176584 536926543 454364639 -918055893 -560088398 -968417814 -508812609 -357079552 469319501 82571026 -253990240 256605515 68695084 636211698 -122771672 -980970373 -711409403 193588196 -233188915 -275171540 443601106 909854440 921379159 846145892 51839339 545211382 791415974 -765021407 769708556 678306333 -442619057 -433569558 18254545 877357176 876011822 -692530759 851169515 -673644949 -580294462 424775933 -834810755 -318608947 -836542042 -234736498 922912502 130488424 972303794 -191573346 -688006230
-912779789 -424057235 -848228626 971763902 289439620 -3311024 -755458157 -980591678 -926059468 392159458 316051565 754292049 394273232 -344935456 -613590010 -791676747 -474775048 300798579 -396618192 115803522 -178511047 -265917268 -208946113 14576212 -339245244 241693826 -448284356 -890467487 993301558 -870055568 -616641257 -677198659 898591191 198559942 -445562292 380939854 -88196753 435727718 17817850 181802162 -763360081 441400548 -260917931 -931362421 465079522 -937776762 866059916 528566607 162657643 -776655268 -181789429 591766918 293650356 908511368 -835771835 209148256 822248253 -262394636 -96905312 -294463029
-681476353 583266987 -44346426 721620021 151882549 -864959101 -6632428 -938983118 123531244 432828236 513692395 312185851 -604130459 -864238139 -62450511 581843391 -628724326 992839255 -915903599 -454506938 362909251 -253606825 -659194317 720266914 -769370976 846271486 78670263 -294091735 749643619 -475667597 601010246 -19827104 242521670 -791338991 933585784 -323518248 -866273506 625374327 -170477098 75028263 494772924 -48517790 706208710 129015882 514164681 -241279272 -47167272 798829060 910231718 171587889 -755563152 334852630 241173801 -602313269 423408031 117525245 -49653485 -180190006 245162686 156313569
-927720049 -127396608 -608874836 -237217319 -204413769 231435495 207815779 -987716849 -460731161 240990061 245061572 300568928 544134261 539237325 76725714 -167603772 8317556 200085212 -550734115 488802190 -69762163 -883890571 535744682 506875975 -574366745 -235156991 -272965612 313193815 410054126 -455541196 823633027 -466691467 -202947119 -194835173 377935294 -247377167 129005376 -367983133 -878388490 -765981135 -370712510 342415464 849110112 40408610 581088065 -487847419 883549606 498786357 987281214 214088550 -442701948 238444917 -334360234 -369311691 -780836281 -39915427 637725374 -545358137 -452172220 563456603
-215013095 676343171 53369739 635160558 -469432861 371939409 273739173 -373057405 -752713433 63151325 52624953 -925996214 -937619010 466353435 920664948 936215698 675609104 -469414358 -400734026 539931838 -759422976 -781593352 -140364396 398015006 481399433 603687754 973558405 -205540428 783196957 834796 999710439 258614790 -301640358 15205663 72732677 626437769 -558972605 -928493545 787314912 -83580163 -643712438 -8967979 -597185416 -496719230 435398349 -428039088 -833724650 -92603282 -526745128 -108669730 -82592670 258177154 -534830827 113382266 -50232334 814196190 2238189 65065372 293244954 775124732
102662700 -76926927 870344268 772779718 -657775086 -908485458 -993127913 662560297 -50763543 -745513910 517201805 281895973 -489242875 556929098 957986025 559108074 -780469346 706154436 809311468 407667599 787128726 -644219848 -712192642 -230653856 -764979751 142566322 920427918 -459220725 -385786937 727877471 -889400457 -662742513 792308300 -607337139 474366450 451141740 560422261 466889820 567630936 909670962 471498830 776962388 -832821796 968554980 400193283 907248788 -160355997 293101675 -344742032 -738286232 -49545033 920167766 26518286 610593029 534843130 -247247618 732862184 -647654865 454657313 414740450
-693059887 -179878072 -497424387 242925521 -651161484 -332965483 -171069579 633494775 313302961 -765108648 73533033 142601783 -865864412 -65555522 -926112509 363851272 -436424048 150034295 -670784879 620204111 -415682006 -89090071 57734040 -430859181 -165688082 632716636 640871561 -342215039 778313594 277864584 -894783561 -89127700 887640686 -582240892 669806733 -518933572 776825383 795243045 976645592 774710928 316492165 -108090521 -724726949 19606807 873597377 -497968999 57110438 104366012 -699828743 45490397 -562259414 975013124 -456624613 653473447 -636650922 46165827 -974988671 90876566 551489810 -345462696
757557487 -470892014 -111052572 -79091879 -224836683 -142013683 -962426731 -175933790 234182083 -412058506 -853201539 -579965648 -221499464 690323771 -964833744 349030582 789870501 -982912832 559896200 289510760 71649169 154477339 -914175373 -310690770 -298370384 640721379 25485472 779403966 521538292 -519428853 -665228498 -58932450 467286719 -706344176 -195932420 746626731 404864045 505539084 -542770958 -474916384 -95803438 -597642789 817523349 -25447895 -183844885 -838083479 -735489955 358504820 97255520 862229571 231819342 -305221635 531487524 -856644799 365867890 617675752 -690433313 -167038793 619130804 -990185352
10836839 -513827064 383271073 573335624 520564928 418696947 699004750 -736683221 -284297771 -501297129 545325039 -791663130 240420029 -849895353 -851624680 -59378335 -512858551 93038256 438662307 157058457 -678765145 -776510127 401499037 -940278540 -354298687 549839438 954810576 344561784 862398302 -980274418 -105200658 -172823864 524258870 -929358771 717342247 -826683268 626485936 -819714198 166487865 -95788333 348290826 994247262 -733194142 -964637619 872508515 -422579924 509271768 329947862 -645448055 66230517 -757993674 -245927502 -833981598 988204963 -917006846 396687458 466046173 -159735982 930413744 -702786670
-303413337 -613268835 -689116935 -114793317 714051138 -284530219 -527948119 45940966 -948222441 -792498721 278655732 4053621 -550233425 -665375757 729743408 -931066905 -41297871 -481471256 -283281430 -784481840 363116733 -69450298 -699926588 -912144712 456472426 468043006 998285859 423657494 -991469484 -505214888 -210751545 74126405 430891620 608873089 65691934 383647633 735708475 895556850 766962518 350742533 -754996398 -451344586 951712641 -324125464 -996858483 -354827881 -878341208 167983453 860533997 -324854045 -478521980 949876177 -714459694 -732559184 -696679963 357851614 -774606239 -777967733 -605765553 155259129
-120539412 -649161279 876530066 -329595414 588013640 343796392 -441599018 554517647 -187583263 306406620 -86582247 512601573 -320436743 962465576 80284077 -727669013 745721367 -18975887 -418996015 891419021 -839847321 430397843 -498075593 197291985 656798730 99676992 222511504 -395784379 912050196 -812205477 -628487504 353825200 20156966 -665996428 176711228 -226228321 -328032266 -734114048 -518084041 69328836 -593722345 430145055 109647461 -239599319 867543565 768712130 503030164 659232044 -531691750 250485835 36219371 -465255799 600800888 -902778875 -311413942 832178520 -671985272 -25127514 -41192272 -222982929
-970699264 -90337447 792967176 -202216870 -117993789 394193031 -655905659 487465641 -292562602 -432288878 213485212 967398866 -35931320 240364208 -497930532 -529589864 676917247 -267213767 -876203423 505608905 849150756 -38722507 406098989 752966473 -178158190 983882541 -945261206 -905332451 -118118983 744364775 819858833 -846259870 677411884 981695993 -671080681 -556638220 -926975916 -600893747 -995945333 726967508 -772794842 -934106937 -397245824 583664691 -147733883 -937793155 625320864 383873755 199747622 612381674 -9687722 409698108 948794091 -347378820 250964851 972438769 945988078 -112566650 544948406 -909436754
428100043 -575102254 893497843 -307072112 -209636565 -130071939 312286706 -890332948 -434605428 427614937 645345857 494401208 653728357 141486875 -731224907 -732922839 -596754555 214842748 466416819 -394637738 -917631353 -866033253 -913979741 913105380 -716281645 -627799383 73676424 360518866 -530471745 -105618717 641678167 809590675 -757728793 -267007644 -935846531 -1033171 -801640670 -291099472 -978247044 132115884 298434902 571003759 546230048 -197532552 427478479 778134089 -548125920 -980143521 558050820 -305339816 686673801 -501049470 -418319297 -13801621 -787775974 782877002 -595971543 462670379 105598758 -50055940
731863740 -294284994 286192724 871135971 743903034 283613702 -132679057 -174128092 486947498 638712154 399851331 -162510839 401606230 -494620077 -963457052 -972494871 -974833188 -747835564 -359110770 396206118 -770295118 179099829 -938704729 -642704927 -546858094 63897569 -44604958 609454692 238720205 485934472 341585100 -438920204 838829351 263396447 228746165 65590362 -104184850 499674188 -517508303 806600501 -39876799 -117829799 -602090748 684158741 400200055 16523021 824130397 -945644075 -150933440 -332957689 194689672 407867224 -712574177 -415350487 -588502121 306273578 724224424 -90233930 445233896 934775675
1 0 1 0 1 0 1 0 1 0 1 0 1 0 1 0 1 0 1 0 1 0 1 0 1 0 1 0 1 0 1 0 1 0 1 0 1 0 1 0 1 0 1 0 1 0 1 0 1 0 1 0 1 0 1 0 1 0 1 0
0 1 0 1 0 1 0 1 0 1 0 1 0 1 0 1 0 1 0 1 0 1 0 1 0 1 0 1 0 1 0 1 0 1 0 1 0 1 0 1 0 1 0 1 0 1 0 1 0 1 0 1 0 1 0 1 0 1 0 1
1 0 1 0 1 0 1 0 1 0 1 0 1 0 1 0 1 0 1 0 1 0 1 0 1 0 1 0 1 0 1 0 1 0 1 0 1 0 1 0 1 0 1 0 1 0 1 0 1 0 1 0 1 0 1 0 1 0 1 0
0 1 0 1 0 1 0 1 0 1 0 1 0 1 0 1 0 1 0 1 0 1 0 1 0 1 0 1 0 1 0 1 0 1 0 1 0 1 0 1 0 1 0 1 0 1 0 1 0 1 0 1 0 1 0 1 0 1 0 1
1 0 1 0 1 0 1 0 1 0 1 0 1 0 1 0 1 0 1 0 1 0 1 0 1 0 1 0 1 0 1 0 1 0 1 0 1 0 1 0 1 0 1 0 1 0 1 0 1 0 1 0 1 0 1 0 1 0 1 0
0 1 0 1 0 1 0 1 0 1 0 1 0 1 0 1 0 1 0 1 0 1 0 1 0 1 0 1 0 1 0 1 0 1 0 1 0 1 0 1 0 1 0 1 0 1 0 1 0 1 0 1 0 1 0 1 0 1 0 1
1 0 1 0 1 0 1 0 1 0 1 0 1 0 1 0 1 0 1 0 1 0 1 0 1 0 1 0 1 0 1 0 1 0 1 0 1 0 1 0 1 0 1 0 1 0 1 0 1 0 1 0 1 0 1 0 1 0 1 0
0 1 0 1 0 1 0 1 0 1 0 1 0 1 0 1 0 1 0 1 0 1 0 1 0 1 0 1 0 1 0 1 0 1 0 1 0 1 0 1 0 1 0 1 0 1 0 1 0 1 0 1 0 1 0 1 0 1 0 1
1 0 1 0 1 0 1 0 1 0 1 0 1 0 1 0 1 0 1 0 1 0 1 0 1 0 1 0 1 0 1 0 1 0 1 0 1 0 1 0 1 0 1 0 1 0 1 0 1 0 1 0 1 0 1 0 1 0 1 0
0 1 0 1 0 1 0 1 0 1 0 1 0 1 0 1 0 1 0 1 0 1 0 1 0 1 0 1 0 1 0 1 0 1 0 1 0 1 0 1 0 1 0 1 0 1 0 1 0 1 0 1 0 1 0 1 0 1 0 1
1 0 1 0 1 0 1 0 1 0 1 0 1 0 1 0 1 0 1 0 1 0 1 0 1 0 1 0 1 0 1 0 1 0 1 0 1 0 1 0 1 0 1 0 1 0 1 0 1 0 1 0 1 0 1 0 1 0 1 0
0 1 0 1 0 1 0 1 0 1 0 1 0 1 0 1 0 1 0 1 0 1 0 1 0 1 0 1 0 1 0 1 0 1 0 1 0 1 0 1 0 1 0 1 0 1 0 1 0 1 0 1 0 1 0 1 0 1 0 1
1 0 1 0 1 0 1 0 1 0 1 0 1 0 1 0 1 0 1 0 1 0 1 0 1 0 1 0 1 0 1 0 1 0 1 0 1 0 1 0 1 0 1 0 1 0 1 0 1 0 1 0 1 0 1 0 1 0 1 0
0 1 0 1 0 1 0 1 0 1 0 1 0 1 0 1 0 1 0 1 0 1 0 1 0 1 0 1 0 1 0 1 0 1 0 1 0 1 0 1 0 1 0 1 0 1 0 1 0 1 0 1 0 1 0 1 0 1 0 1
1 0 1 0 1 0 1 0 1 0 1 0 1 0 1 0 1 0 1 0 1 0 1 0 1 0 1 0 1 0 1 0 1 0 1 0 1 0 1 0 1 0 1 0 1 0 1 0 1 0 1 0 1 0 1 0 1 0 1 0
0 1 0 1 0 1 0 1 0 1 0 1 0 1 0 1 0 1 0 1 0 1 0 1 0 1 0 1 0 1 0 1 0 1 0 1 0 1 0 1 0 1 0 1 0 1 0 1 0 1 0 1 0 1 0 1 0 1 0 1
1 0 1 0 1 0 1 0 1 0 1 0 1 0 1 0 1 0 1 0 1 0 1 0 1 0 1 0 1 0 1 0 1 0 1 0 1 0 1 0 1 0 1 0 1 0 1 0 1 0 1 0 1 0 1 0 1 0 1 0
0 1 0 1 0 1 0 1 0 1 0 1 0 1 0 1 0 1 0 1 0 1 0 1 0 1 0 1 0 1 0 1 0 1 0 1 0 1 0 1 0 1 0 1 0 1 0 1 0 1 0 1 0 1 0 1 0 1 0 1
1 0 1 0 1 0 1 0 1 0 1 0 1 0 1 0 1 0 1 0 1 0 1 0 1 0 1 0 1 0 1 0 1 0 1 0 1 0 1 0 1 0 1 0 1 0 1 0 1 0 1 0 1 0 1 0 1 0 1 0
0 1 0 1 0 1 0 1 0 1 0 1 0 1 0 1 0 1 0 1 0 1 0 1 0 1 0 1 0 1 0 1 0 1 0 1 0 1 0 1 0 1 0 1 0 1 0 1 0 1 0 1 0 1 0 1 0 1 0 1
1 0 1 0 1 0 1 0 1 0 1 0 1 0 1 0 1 0 1 0 1 0 1 0 1 0 1 0 1 0 1 0 1 0 1 0 1 0 1 0 1 0 1 0 1 0 1 0 1 0 1 0 1 0 1 0 1 0 1 0
0 1 0 1 0 1 0 1 0 1 0 1 0 1 0 1 0 1 0 1 0 1 0 1 0 1 0 1 0 1 0 1 0 1 0 1 0 1 0 1 0 1 0 1 0 1 0 1 0 1 0 1 0 1 0 1 0 1 0 1
1 0 1 0 1 0 1 0 1 0 1 0 1 0 1 0 1 0 1 0 1 0 1 0 1 0 1 0 1 0 1 0 1 0 1 0 1 0 1 0 1 0 1 0 1 0 1 0 1 0 1 0 1 0 1 0 1 0 1 0
0 1 0 1 0 1 0 1 0 1 0 1 0 1 0 1 0 1 0 1 0 1 0 1 0 1 0 1 0 1 0 1 0 1 0 1 0 1 0 1 0 1 0 1 0 1 0 1 0 1 0 1 0 1 0 1 0 1 0 1
1 0 1 0 1 0 1 0 1 0 1 0 1 0 1 0 1 0 1 0 1 0 1 0 1 0 1 0 1 0 1 0 1 0 1 0 1 0 1 0 1 0 1 0 1 0 1 0 1 0 1 0 1 0 1 0 1 0 1 0
0 1 0 1 0 1 0 1 0 1 0 1 0 1 0 1 0 1 0 1 0 1 0 1 0 1 0 1 0 1 0 1 0 1 0 1 0 1 0 1 0 1 0 1 0 1 0 1 0 1 0 1 0 1 0 1 0 1 0 1
1 0 1 0 1 0 1 0 1 0 1 0 1 0 1 0 1 0 1 0 1 0 1 0 1 0 1 0 1 0 1 0 1 0 1 0 1 0 1 0 1 0 1 0 1 0 1 0 1 0 1 0 1 0 1 0 1 0 1 0
0 1 0 1 0 1 0 1 0 1 0 1 0 1 0 1 0 1 0 1 0 1 0 1 0 1 0 1 0 1 0 1 0 1 0 1 0 1 0 1 0 1 0 1 0 1 0 1 0 1 0 1 0 1 0 1 0 1 0 1
1 0 1 0 1 0 1 0 1 0 1 0 1 0 1 0 1 0 1 0 1 0 1 0 1 0 1 0 1 0 1 0 1 0 1 0 1 0 1 0 1 0 1 0 1 0 1 0 1 0 1 0 1 0 1 0 1 0 1 0
0 1 0 1 0 1 0 1 0 1 0 1 0 1 0 1 0 1 0 1 0 1 0 1 0 1 0 1 0 1 0 1 0 1 0 1 0 1 0 1 0 1 0 1 0 1 0 1 0 1 0 1 0 1 0 1 0 1 0 1
1 0 1 0 1 0 1 0 1 0 1 0 1 0 1 0 1 0 1 0 1 0 1 0 1 0 1 0 1 0 1 0 1 0 1 0 1 0 1 0 1 0 1 0 1 0 1 0 1 0 1 0 1 0 1 0 1 0 1 0
0 1 0 1 0 1 0 1 0 1 0 1 0 1 0 1 0 1 0 1 0 1 0 1 0 1 0 1 0 1 0 1 0 1 0 1 0 1 0 1 0 1 0 1 0 1 0 1 0 1 0 1 0 1 0 1 0 1 0 1
1 0 1 0 1 0 1 0 1 0 1 0 1 0 1 0 1 0 1 0 1 0 1 0 1 0 1 0 1 0 1 0 1 0 1 0 1 0 1 0 1 0 1 0 1 0 1 0 1 0 1 0 1 0 1 0 1 0 1 0
0 1 0 1 0 1 0 1 0 1 0 1 0 1 0 1 0 1 0 1 0 1 0 1 0 1 0 1 0 1 0 1 0 1 0 1 0 1 0 1 0 1 0 1 0 1 0 1 0 1 0 1 0 1 0 1 0 1 0 1
1 0 1 0 1 0 1 0 1 0 1 0 1 0 1 0 1 0 1 0 1 0 1 0 1 0 1 0 1 0 1 0 1 0 1 0 1 0 1 0 1 0 1 0 1 0 1 0 1 0 1 0 1 0 1 0 1 0 1 0
0 1 0 1 0 1 0 1 0 1 0 1 0 1 0 1 0 1 0 1 0 1 0 1 0 1 0 1 0 1 0 1 0 1 0 1 0 1 0 1 0 1 0 1 0 1 0 1 0 1 0 1 0 1 0 1 0 1 0 1
1 0 1 0 1 0 1 0 1 0 1 0 1 0 1 0 1 0 1 0 1 0 1 0 1 0 1 0 1 0 1 0 1 0 1 0 1 0 1 0 1 0 1 0 1 0 1 0 1 0 1 0 1 0 1 0 1 0 1 0
0 1 0 1 0 1 0 1 0 1 0 1 0 1 0 1 0 1 0 1 0 1 0 1 0 1 0 1 0 1 0 1 0 1 0 1 0 1 0 1 0 1 0 1 0 1 0 1 0 1 0 1 0 1 0 1 0 1 0 1
1 0 1 0 1 0 1 0 1 0 1 0 1 0 1 0 1 0 1 0 1 0 1 0 1 0 1 0 1 0 1 0 1 0 1 0 1 0 1 0 1 0 1 0 1 0 1 0 1 0 1 0 1 0 1 0 1 0 1 0
0 1 0 1 0 1 0 1 0 1 0 1 0 1 0 1 0 1 0 1 0 1 0 1 0 1 0 1 0 1 0 1 0 1 0 1 0 1 0 1 0 1 0 1 0 1 0 1 0 1 0 1 0 1 0 1 0 1 0 1
1 0 1 0 1 0 1 0 1 0 1 0 1 0 1 0 1 0 1 0 1 0 1 0 1 0 1 0 1 0 1 0 1 0 1 0 1 0 1 0 1 0 1 0 1 0 1 0 1 0 1 0 1 0 1 0 1 0 1 0
0 1 0 1 0 1 0 1 0 1 0 1 0 1 0 1 0 1 0 1 0 1 0 1 0 1 0 1 0 1 0 1 0 1 0 1 0 1 0 1 0 1 0 1 0 1 0 1 0 1 0 1 0 1 0 1 0 1 0 1
1 0 1 0 1 0 1 0 1 0 1 0 1 0 1 0 1 0 1 0 1 0 1 0 1 0 1 0 1 0 1 0 1 0 1 0 1 0 1 0 1 0 1 0 1 0 1 0 1 0 1 0 1 0 1 0 1 0 1 0
0 1 0 1 0 1 0 1 0 1 0 1 0 1 0 1 0 1 0 1 0 1 0 1 0 1 0 1 0 1 0 1 0 1 0 1 0 1 0 1 0 1 0 1 0 1 0 1 0 1 0 1 0 1 0 1 0 1 0 1
1 0 1 0 1 0 1 0 1 0 1 0 1 0 1 0 1 0 1 0 1 0 1 0 1 0 1 0 1 0 1 0 1 0 1 0 1 0 1 0 1 0 1 0 1 0 1 0 1 0 1 0 1 0 1 0 1 0 1 0
0 1 0 1 0 1 0 1 0 1 0 1 0 1 0 1 0 1 0 1 0 1 0 1 0 1 0 1 0 1 0 1 0 1 0 1 0 1 0 1 0 1 0 1 0 1 0 1 0 1 0 1 0 1 0 1 0 1 0 1
1 0 1 0 1 0 1 0 1 0 1 0 1 0 1 0 1 0 1 0 1 0 1 0 1 0 1 0 1 0 1 0 1 0 1 0 1 0 1 0 1 0 1 0 1 0 1 0 1 0 1 0 1 0 1 0 1 0 1 0
0 1 0 1 0 1 0 1 0 1 0 1 0 1 0 1 0 1 0 1 0 1 0 1 0 1 0 1 0 1 0 1 0 1 0 1 0 1 0 1 0 1 0 1 0 1 0 1 0 1 0 1 0 1 0 1 0 1 0 1
1 0 1 0 1 0 1 0 1 0 1 0 1 0 1 0 1 0 1 0 1 0 1 0 1 0 1 0 1 0 1 0 1 0 1 0 1 0 1 0 1 0 1 0 1 0 1 0 1 0 1 0 1 0 1 0 1 0 1 0
0 1 0 1 0 1 0 1 0 1 0 1 0 1 0 1 0 1 0 1 0 1 0 1 0 1 0 1 0 1 0 1 0 1 0 1 0 1 0 1 0 1 0 1 0 1 0 1 0 1 0 1 0 1 0 1 0 1 0 1
1 0 1 0 1 0 1 0 1 0 1 0 1 0 1 0 1 0 1 0 1 0 1 0 1 0 1 0 1 0 1 0 1 0 1 0 1 0 1 0 1 0 1 0 1 0 1 0 1 0 1 0 1 0 1 0 1 0 1 0
0 1 0 1 0 1 0 1 0 1 0 1 0 1 0 1 0 1 0 1 0 1 0 1 0 1 0 1 0 1 0 1 0 1 0 1 0 1 0 1 0 1 0 1 0 1 0 1 0 1 0 1 0 1 0 1 0 1 0 1
1 0 1 0 1 0 1 0 1 0 1 0 1 0 1 0 1 0 1 0 1 0 1 0 1 0 1 0 1 0 1 0 1 0 1 0 1 0 1 0 1 0 1 0 1 0 1 0 1 0 1 0 1 0 1 0 1 0 1 0
0 1 0 1 0 1 0 1 0 1 0 1 0 1 0 1 0 1 0 1 0 1 0 1 0 1 0 1 0 1 0 1 0 1 0 1 0 1 0 1 0 1 0 1 0 1 0 1 0 1 0 1 0 1 0 1 0 1 0 1
1 0 1 0 1 0 1 0 1 0 1 0 1 0 1 0 1 0 1 0 1 0 1 0 1 0 1 0 1 0 1 0 1 0 1 0 1 0 1 0 1 0 1 0 1 0 1 0 1 0 1 0 1 0 1 0 1 0 1 0
0 1 0 1 0 1 0 1 0 1 0 1 0 1 0 1 0 1 0 1 0 1 0 1 0 1 0 1 0 1 0 1 0 1 0 1 0 1 0 1 0 1 0 1 0 1 0 1 0 1 0 1 0 1 0 1 0 1 0 1
1 0 1 0 1 0 1 0 1 0 1 0 1 0 1 0 1 0 1 0 1 0 1 0 1 0 1 0 1 0 1 0 1 0 1 0 1 0 1 0 1 0 1 0 1 0 1 0 1 0 1 0 1 0 1 0 1 0 1 0
0 1 0 1 0 1 0 1 0 1 0 1 0 1 0 1 0 1 0 1 0 1 0 1 0 1 0 1 0 1 0 1 0 1 0 1 0 1 0 1 0 1 0 1 0 1 0 1 0 1 0 1 0 1 0 1 0 1 0 1
1 0 1 0 1 0 1 0 1 0 1 0 1 0 1 0 1 0 1 0 1 0 1 0 1 0 1 0 1 0 1 0 1 0 1 0 1 0 1 0 1 0 1 0 1 0 1 0 1 0 1 0 1 0 1 0 1 0 1 0
0 1 0 1 0 1 0 1 0 1 0 1 0 1 0 1 0 1 0 1 0 1 0 1 0 1 0 1 0 1 0 1 0 1 0 1 0 1 0 1 0 1 0 1 0 1 0 1 0 1 0 1 0 1 0 1 0 1 0 1
1 0 1 0 1 0 1 0 1 0 1 0 1 0 1 0 1 0 1 0 1 0 1 0 1 0 1 0 1 0 1 0 1 0 1 0 1 0 1 0 1 0 1 0 1 0 1 0 1 0 1 0 1 0 1 0 1 0 1 0
0 1 0 1 0 1 0 1 0 1 0 1 0 1 0 1 0 1 0 1 0 1 0 1 0 1 0 1 0 1 0 1 0 1 0 1 0 1 0 1 0 1 0 1 0 1 0 1 0 1 0 1 0 1 0 1 0 1 0 1
1 0 1 0 1 0 1 0 1 0 1 0 1 0 1 0 1 0 1 0 1 0 1 0 1 0 1 0 1 0 1 0 1 0 1 0 1 0 1 0 1 0 1 0 1 0 1 0 1 0 1 0 1 0 1 0 1 0 1 0
0 1 0 1 0 1 0 1 0 1 0 1 0 1 0 1 0 1 0 1 0 1 0 1 0 1 0 1 0 1 0 1 0 1 0 1 0 1 0 1 0 1 0 1 0 1 0 1 0 1 0 1 0 1 0 1 0 1 0 1
1 0 1 0 1 0 1 0 1 0 1 0 1 0 1 0 1 0 1 0 1 0 1 0 1 0 1 0 1 0 1 0 1 0 1 0 1 0 1 0 1 0 1 0 1 0 1 0 1 0 1 0 1 0 1 0 1 0 1 0
0 1 0 1 0 1 0 1 0 1 0 1 0 1 0 1 0 1 0 1 0 1 0 1 0 1 0 1 0 1 0 1 0 1 0 1 0 1 0 1 0 1 0 1 0 1 0 1 0 1 0 1 0 1 0 1 0 1 0 1
1 0 1 0 1 0 1 0 1 0 1 0 1 0 1 0 1 0 1 0 1 0 1 0 1 0 1 0 1 0 1 0 1 0 1 0 1 0 1 0 1 0 1 0 1 0 1 0 1 0 1 0 1 0 1 0 1 0 1 0
0 1 0 1 0 1 0 1 0 1 0 1 0 1 0 1 0 1 0 1 0 1 0 1 0 1 0 1 0 1 0 1 0 1 0 1 0 1 0 1 0 1 0 1 0 1 0 1 0 1 0 1 0 1 0 1 0 1 0 1
