89 77
-84 -51 77 -63 37 -41 -68 55 5 26 37 66 14 55 -10 -54 82 -65 -7 36 -54 -62 -44 -97 14 99 -59 25 -26 24 44 -37 49 -24 97 34 -53 -74 -57 -56 92 61 -31 75 39 -4 -19 -29 -32 13 -34 -70 -94 9 -10 -41 -16 46 59 3 -94 91 -7 96 83 50 57 -65 -88 -33 -31 65 3 73 91 16 49
15 18 -57 88 -3 11 -9 -26 63 25 -93 70 21 27 -42 36 -25 -79 76 99 19 -59 -89 12 -91 -65 -37 -70 14 36 83 -68 88 39 5 -30 40 -32 91 28 85 37 20 24 97 54 3 -6 62 -35 54 0 2 14 -71 94 -74 -37 28 48 -21 51 99 -97 -58 -20 -84 -10 -2 -42 30 53 51 -38 -56 -51 -15
-45 72 -11 -42 52 29 -60 -40 -54 -73 -56 -78 36 -27 54 33 56 -49 91 34 31 22 -21 -98 76 80 -31 88 -71 -15 -98 -90 27 -26 60 -1 -58 -45 93 -35 28 72 -16 26 98 23 -99 87 -12 97 -48 75 50 -22 -45 -7 -70 -94 31 -11 65 21 27 64 -60 13 89 10 -12 63 20 88 -79 -36 -97 54 22
16 -46 86 -75 24 -82 2 20 -41 -12 -18 41 74 0 66 -78 54 52 -50 16 -74 -14 -98 37 1 1 49 67 2 -35 -19 -57 10 8 -11 -42 84 21 6 86 87 71 -10 72 18 -27 53 -19 -38 96 -87 -49 15 -96 85 33 64 4 -63 -47 84 33 72 21 44 70 -43 -12 29 -3 40 23 1 43 -24 31 0
-52 -87 -47 11 -7 32 -49 -86 99 -84 -88 -66 -51 -48 12 41 -91 -50 80 69 35 62 65 11 -83 -89 63 21 -94 45 -57 -50 93 -36 -58 -56 -67 36 2 -75 59 53 -93 -94 43 29 51 -30 95 -72 41 -41 -80 15 44 78 -42 84 38 83 -62 37 -65 -70 82 15 -20 -79 -75 52 -96 -54 -88 -96 -55 -75 -56
49 94 29 32 -91 16 -71 61 33 30 46 32 -17 -27 -61 -20 -65 87 70 89 -71 60 21 97 89 63 -56 -79 5 -85 13 34 99 37 -85 64 -42 11 83 -54 43 37 -69 -45 -49 51 -10 -48 -5 -80 -39 60 67 -27 -66 33 91 1 78 87 -21 0 -85 9 -28 -39 52 70 -77 -36 37 -50 -90 91 78 -57 61
-79 18 -2 83 33 -5 9 -28 -32 3 -36 -55 -51 -50 -54 42 -56 55 -41 68 -15 1 68 -53 -94 87 35 9 64 -67 51 40 -75 24 46 -100 -62 -69 -79 -83 -76 84 -85 44 52 -81 -30 67 19 74 -13 -70 45 16 -56 -1 62 -15 15 21 2 41 -96 73 33 -48 -89 -71 -76 59 83 -35 -55 50 -74 91 -3
-87 71 86 -38 90 84 6 -82 -78 19 -34 -82 91 59 66 3 -21 -2 -33 45 3 -70 -80 -75 34 -79 -67 -65 -13 93 -73 48 -76 -8 18 -100 -56 -69 -14 -5 8 53 97 92 21 -81 7 -29 -78 61 91 -48 -49 23 65 56 80 -39 -35 23 0 -72 -65 53 -88 -18 -24 57 -11 -8 99 76 -39 -58 31 -40 0
-62 -20 -80 45 29 68 41 62 -66 -67 -30 -18 -100 60 64 41 -1 36 -35 -67 -71 -73 -46 -72 19 84 10 68 -83 97 25 -94 -90 -37 -52 -10 69 44 99 -57 55 -36 37 58 -94 11 -86 47 -7 29 87 -20 -15 64 -66 -24 -85 18 84 -53 -52 47 55 -68 81 -63 -73 -4 -41 24 99 -47 1 -59 -96 29 -85
65 -50 32 -17 19 -4 -61 78 -62 -59 -97 -94 -80 -30 -51 -95 24 -22 87 84 -71 39 -2 73 -62 -85 -98 -59 -15 -37 -89 -34 -73 83 30 65 -18 82 -69 -65 -10 -88 -44 -98 -52 13 26 -3 -36 -85 -7 7 -63 -82 38 -76 -30 83 45 28 -41 -17 -79 37 60 49 23 -17 5 -53 13 86 84 -91 -66 0 70
-61 57 -32 -44 -15 92 -78 33 35 83 -73 -1 -39 -10 35 0 -21 73 6 -15 -55 -91 -64 81 39 -1 1 -93 95 -81 -16 -73 55 60 33 -48 -100 -97 -12 98 -25 69 4 90 -57 57 -43 19 -25 49 90 46 98 -33 46 9 -20 -21 81 -93 19 38 -75 -1 70 -86 10 55 -68 65 -82 20 -63 -36 9 3 44
-50 41 1 44 -73 41 10 -4 -76 -17 -2 -60 31 70 54 35 3 -55 -91 -86 -68 17 -70 18 -68 -87 -10 -39 32 -65 17 -55 21 -82 -95 33 21 -54 70 88 94 -92 -73 -65 77 -25 -95 -50 -58 -46 18 90 24 79 65 54 71 -78 -56 -33 9 -90 -28 52 -26 77 -3 70 41 -33 41 -83 68 -35 21 -45 27
14 -17 37 32 49 62 -18 -65 92 35 30 34 20 28 -12 24 -66 -67 -97 25 22 82 60 -35 30 -36 -77 22 -14 8 -62 -69 65 -74 62 63 78 -81 -49 41 15 -24 68 21 -2 87 31 -61 39 52 -70 -26 81 42 18 0 0 -66 -94 -20 90 23 99 68 -15 -66 -45 44 -56 8 -100 -81 18 49 47 80 -1
-52 -16 19 32 40 -12 70 -3 -67 40 -78 45 40 27 -50 -18 -53 -1 -50 30 96 4 31 -95 -49 -18 39 67 70 -24 43 56 73 16 57 -14 66 -67 -57 -28 -86 -2 -29 37 -39 -91 20 86 27 -59 -47 23 28 -9 97 -1 -19 -77 10 -29 78 93 -10 -47 -66 -34 -53 13 -78 45 74 -12 -78 77 19 -17 66
-95 94 -54 24 -59 -11 -2 97 -34 -40 91 73 -35 -95 -94 -62 96 18 -38 44 26 -85 -7 23 69 24 -82 69 -28 -30 61 -85 -75 29 -6 -63 95 -70 49 0 1 94 61 3 92 59 48 -94 -87 69 -61 -45 61 -49 -90 -23 76 39 -78 2 -76 96 -51 -77 12 23 14 71 -92 -80 81 56 -2 49 45 -3 -34
-57 -52 92 31 -96 -5 -6 -50 49 51 81 98 -55 -25 -55 84 -67 0 99 67 -3 -91 41 -69 -1 -2 74 87 59 -38 45 29 -41 24 67 66 68 27 -6 -51 96 42 23 96 -83 -89 68 -52 81 -67 74 -12 -16 -32 -32 -75 -96 -56 21 60 11 22 51 0 42 -70 -75 -70 -49 20 98 27 -20 -95 82 -75 -86
-88 -96 92 -91 38 -95 -34 -34 71 -20 64 41 -74 -14 35 33 -49 24 -24 -8 59 51 96 27 -93 -13 -73 20 -95 27 -63 10 83 -97 37 -17 41 -65 -79 -23 -22 -20 -66 11 -71 -47 30 -92 30 -52 -68 41 -30 -84 -37 -82 -85 84 9 74 41 -15 -92 60 48 -15 78 1 71 5 -99 96 72 9 31 87 -30
25 84 -98 27 46 -12 52 97 89 -5 98 51 -82 73 -43 19 -27 15 -32 -17 -90 -41 25 96 -61 83 18 59 18 -39 67 -97 66 38 -74 93 -18 -24 60 38 57 80 54 -22 -39 -32 21 -27 -2 57 -42 -81 45 1 89 -84 56 -61 25 25 32 78 -79 16 62 -13 -92 38 30 -95 -10 99 69 -93 -47 -87 -44
85 83 48 93 99 62 -94 -34 35 -81 -29 -36 99 -92 -53 -86 14 -88 7 -78 27 -8 20 99 -2 -29 86 92 52 -83 24 88 -7 -11 -12 -86 -4 -32 46 58 37 45 68 97 -75 -53 -79 -63 -57 7 -30 49 46 -61 -48 -88 -80 -69 -24 -9 25 -55 -1 -84 74 -44 -23 -28 36 -92 -4 9 32 58 88 44 -96
30 27 -51 19 -32 74 1 61 -45 66 27 13 62 80 -82 28 -11 13 41 -77 96 31 -60 -69 35 -68 82 82 -50 -56 -48 -43 -99 -32 -67 73 -6 -81 26 -17 33 82 12 -64 -75 -48 -88 -76 -55 -4 -98 73 58 5 -23 58 11 -19 -50 70 80 -47 27 59 16 97 18 18 77 81 -35 52 13 71 76 86 -26
-58 -59 9 -3 -38 -52 -58 48 92 36 -80 -83 -71 -76 81 -62 6 61 50 47 -42 -61 5 81 -32 -86 -99 16 -6 67 -55 67 -61 63 -100 74 -56 99 25 -20 -83 -76 -51 -14 -26 -43 85 -85 -42 -25 -70 82 -89 -63 -30 62 91 -72 -39 -88 -4 -24 0 58 71 91 -52 22 -2 50 58 28 45 42 -62 -40 -27
-23 -7 -5 -96 -87 -68 25 4 -5 -79 -52 68 -16 -80 -9 -62 -68 19 37 66 -68 -38 34 -69 -63 -6 2 -89 14 -58 -31 -66 47 30 3 -59 -94 -89 -3 37 2 -85 -37 17 17 99 51 -57 38 82 -46 -13 -88 12 22 -63 74 -9 -92 18 -49 -23 -77 -48 -89 -70 89 -99 -85 -13 28 -71 21 87 -37 27 -12
-23 14 -54 -25 -18 -69 -61 -81 69 -53 62 -94 60 52 5 61 20 80 -59 50 39 38 24 51 -95 40 89 -75 -18 4 -47 80 -70 -89 -94 -42 87 -49 27 -70 -78 47 -93 -4 14 -95 49 -94 -90 15 35 88 85 34 13 -77 -24 63 77 26 22 7 29 -34 -73 -75 0 -52 75 30 57 -87 -4 -84 -8 5 -49
-93 30 3 47 -48 -45 -16 35 94 46 90 -64 -53 5 -93 -22 58 -19 46 -1 -78 92 -87 -92 -48 -59 91 76 24 -43 8 46 58 -68 -37 -73 -69 -59 -21 -63 0 -63 9 50 -46 40 97 -73 79 -54 39 -62 -19 -2 92 -79 -3 -7 -87 -94 29 -7 51 -84 94 -62 88 -25 71 -79 80 -17 66 -1 56 -91 -34
-32 59 95 84 28 -6 32 -34 -42 -34 -37 13 -69 -14 60 66 -51 22 -40 -17 73 66 6 46 -26 8 46 -30 -80 -34 -31 78 27 -62 -16 59 67 78 -70 21 91 -10 -7 -56 -91 7 -60 23 -78 -53 50 -75 -38 82 69 40 -99 -45 5 26 -13 -37 79 66 -22 45 -91 -14 6 20 -57 -94 -58 61 83 38 -83
95 9 99 -3 95 42 -48 67 40 3 -45 55 -48 -44 -55 -38 97 -50 89 -35 5 27 -53 -73 3 -24 -35 -25 -54 81 -97 -85 -37 60 16 81 77 33 -72 84 3 -56 -24 74 8 35 -98 35 -59 86 93 20 -86 44 -43 12 4 -4 -9 6 -74 -84 83 33 11 76 5 -35 -94 -2 -82 -81 91 -76 -33 -50 34
-5 75 -25 -6 87 -35 62 -61 8 -40 -18 86 -5 22 35 48 59 19 38 -34 73 50 -40 41 -7 48 -94 18 -32 -88 -35 -81 27 71 14 -58 50 49 28 -39 77 36 -75 -94 -35 83 53 -95 -74 53 65 45 27 80 -69 80 83 47 23 -19 -37 44 -51 -74 -60 -38 -9 -71 -2 98 78 27 -75 -40 -31 80 -77
47 -98 65 -18 -77 -45 87 -93 -91 30 -9 11 44 44 -25 -11 -95 56 24 -83 -44 -52 60 -20 -50 -12 66 -33 78 73 -57 -52 32 76 63 98 35 -84 -43 80 66 -39 -9 33 29 -15 -50 -9 -7 -12 -12 86 -43 59 -73 10 -74 -10 -59 -36 -34 -26 -8 48 -88 -8 -84 58 -73 59 -58 -61 63 -52 96 -50 -4
96 -22 8 -14 -63 3 23 -99 -59 -55 -70 -6 -100 93 -46 94 -96 42 24 69 81 -57 -73 -99 2 -77 -62 61 -66 1 -95 0 32 -44 -64 -90 17 93 -23 92 10 90 -92 75 -11 -31 91 39 -65 6 -61 73 -31 73 -56 -73 95 36 95 2 16 -93 -78 64 48 -92 72 -92 90 57 -53 -69 -14 -4 6 -33 -86
90 -33 -95 11 83 -47 -61 -74 42 29 -60 27 40 -14 -57 -53 53 -30 -90 -95 9 71 -29 -58 32 -58 -80 -75 -19 18 88 51 -48 -43 -35 75 -70 51 2 50 88 47 -28 -10 -81 17 93 60 56 -8 -7 99 -68 -51 -27 43 33 -56 -44 -14 -75 64 -100 32 -78 45 -47 9 -5 47 8 19 -66 36 23 -56 82
-10 75 46 -61 -52 65 62 68 19 -31 82 13 -13 40 66 -67 -10 21 -64 -23 95 6 -37 -51 -80 -44 33 66 55 -43 -79 -39 1 -40 16 63 38 78 97 34 88 -1 -30 99 15 66 -35 -68 -26 -22 37 -100 -52 93 58 57 -29 -42 -18 -83 -35 6 -80 12 -96 -98 97 36 -57 16 78 6 -76 15 -27 60 -22
36 19 -92 88 82 21 -84 -77 12 86 70 66 -58 -32 -42 -24 -38 46 81 53 4 -62 97 22 95 11 15 87 -79 -63 -96 78 -60 -36 66 -6 31 65 56 84 -35 6 -35 -100 84 89 -98 -89 57 -93 -93 -73 -14 43 -65 12 -69 -23 -51 -94 -99 -65 46 59 76 -89 8 -10 64 97 25 7 -17 -85 77 -6 80
55 68 34 83 -89 16 -97 48 -100 -59 -40 -27 23 89 -68 -77 87 78 39 3 37 -10 -37 77 -99 -97 13 -70 14 -1 98 3 98 17 90 -32 74 -8 -52 6 84 -52 26 67 -65 -93 77 -29 -95 -70 20 -55 -42 59 98 -58 -92 -23 -34 -67 5 -22 -10 11 -60 -83 -98 -31 43 -52 -74 60 -43 -37 -54 -10 -32
26 86 -90 -51 39 -87 62 58 -80 -63 -85 -25 72 -24 90 -71 55 -90 -23 84 -25 -65 76 -60 -52 29 90 -67 67 -63 23 -55 -97 94 -14 34 -48 -25 41 25 -99 -45 4 78 91 -67 -40 25 -74 25 -10 89 7 35 -53 19 -17 -86 -72 13 -52 -74 -60 27 9 -34 65 65 -13 -27 76 50 -47 53 -71 9 43
-100 71 -89 78 63 88 68 -98 60 68 73 -34 60 -82 85 -99 -15 -81 46 -87 -4 89 -6 -96 19 -81 -73 -12 -39 -5 -48 -57 -10 47 65 24 -16 25 53 92 10 97 -3 -95 12 -44 -44 30 -69 -66 1 71 -62 -44 -35 -64 -31 24 86 72 -98 -48 -29 80 25 80 8 99 37 -33 28 -88 -69 -16 -7 -42 40
-13 -12 -23 59 59 30 -70 -24 40 -62 91 -40 -24 -40 -6 28 -63 -47 85 39 27 28 96 4 68 96 75 -87 83 91 48 -54 33 59 27 73 -99 -93 -5 52 -65 -40 -48 71 95 20 -27 -12 -33 75 63 -88 -26 -51 30 -72 95 83 -67 27 -55 -100 85 90 72 -62 71 93 -4 73 -39 8 16 0 39 -73 -3
-28 78 -11 72 -7 -42 99 -22 66 -90 -58 95 67 77 -46 -46 92 -98 -74 94 -55 74 48 -17 -56 -19 75 -30 -53 18 -2 67 94 72 -33 38 91 89 -32 -40 12 0 -88 -66 -23 75 -83 -10 -53 90 40 5 -16 -57 -86 64 0 -2 -18 -25 70 23 -2 -49 -36 -23 -77 -40 64 17 -33 70 19 -45 -3 27 -35
0 -12 69 -87 98 -56 59 -50 -44 -95 -90 -72 13 -80 -18 -68 -34 87 -69 -36 1 80 85 2 -27 -47 94 -73 88 54 -98 -34 68 47 71 37 -67 12 -38 20 1 55 -15 -14 17 41 63 -52 32 -33 53 46 -87 94 7 -25 -34 29 -18 8 -98 -6 71 6 -2 55 44 -56 -76 78 1 -69 40 3 25 28 59
89 -30 -51 12 88 63 -100 41 14 5 -56 11 75 -16 6 -42 97 94 59 23 -85 -4 -78 -42 -27 -24 96 6 5 95 87 43 41 39 88 -61 -23 72 52 96 -18 71 85 29 84 -53 -32 39 99 -85 22 -58 12 7 -69 -52 -46 71 -10 -91 -42 25 27 -32 64 55 5 -11 -93 55 96 23 41 -51 -66 84 -74
86 -89 -78 -31 -42 -89 -100 -96 85 3 62 -92 22 -60 -99 37 -88 47 19 -9 48 60 -95 -75 -10 30 -19 -12 95 -62 -89 84 -53 -45 71 2 0 61 17 65 39 1 -77 -85 -91 -47 -98 -69 85 -11 -93 44 35 -36 -88 -73 84 55 -5 -15 -51 -62 55 -85 41 -44 -91 -81 -73 -38 -52 79 43 31 51 -49 -4
-2 79 38 6 91 1 -87 81 -49 -31 -14 -23 42 41 55 -65 -42 99 61 80 74 84 38 13 -44 93 73 -29 -69 -48 -47 99 -77 0 -64 -100 66 92 46 64 3 -19 52 -91 33 22 -18 -11 -58 4 -31 40 36 -35 -95 -88 -28 -74 55 -75 -90 56 88 -54 -32 -86 -87 96 26 -35 -15 81 -71 -44 88 16 -62
98 15 -1 -78 33 -32 -71 43 16 -72 -39 90 -76 41 -53 47 19 -19 82 -11 5 -97 49 90 91 68 45 17 45 67 -30 38 86 25 -98 82 -5 -72 -45 96 20 41 -87 46 -22 -73 3 24 -14 86 65 97 -32 -84 -82 44 -96 63 -21 -85 72 -57 -93 -83 26 -83 80 -43 -31 36 -42 0 -78 -26 -65 -72 14
58 -1 -73 92 21 40 -11 36 -57 -7 46 -79 -72 -6 -82 -98 43 -4 -73 -83 -15 -97 -28 76 -15 11 -34 -46 54 42 -57 0 50 -34 -91 34 98 0 82 16 -15 -7 -47 24 -79 -52 11 -25 -57 3 -77 16 23 -15 -97 12 17 -16 -31 -93 66 4 84 81 -35 72 -70 60 -13 15 45 93 -79 -58 -35 -51 58
48 66 -30 -4 -7 3 67 -17 -40 14 -56 -85 14 24 61 25 -100 -33 72 -51 -83 -82 -87 58 79 -31 -14 -25 24 -54 87 17 -18 -29 40 1 -65 -75 -27 47 -94 88 17 -57 38 84 57 -61 -6 -40 31 -47 -35 -63 90 71 -73 -3 -40 84 -9 -1 -9 40 -10 6 -87 -2 -77 90 62 25 -79 95 46 78 54
-99 23 -87 -2 46 -13 -22 -88 18 -18 -16 14 56 -81 -42 27 30 -99 -74 -8 66 -76 44 55 2 -81 -12 84 -79 56 -65 -32 99 -90 -87 8 35 15 62 54 2 -66 15 -90 -37 -26 -8 84 -19 48 -60 -76 1 81 2 -7 -4 -80 1 -45 79 78 -86 -93 -27 -1 -34 -32 85 24 64 87 -71 18 11 -98 22
-58 87 42 -3 88 72 -62 -87 33 48 -69 50 96 -41 -91 -71 17 24 6 21 89 -75 38 -91 -31 -19 -61 7 -71 13 54 -15 -50 93 -51 94 -98 -92 34 27 -28 7 -4 42 72 -50 -92 -81 -79 -17 27 73 5 -56 58 75 -56 -9 34 52 83 -76 86 -37 31 1 53 55 26 96 28 -49 -39 -90 -20 53 -73
-9 -9 -48 -91 26 -31 34 -37 30 21 -33 -51 -83 -35 -89 25 8 62 -50 24 -85 99 -30 -45 11 -79 -20 -63 69 -93 35 -34 -8 -18 -51 6 94 24 -56 -30 -41 -67 56 -7 -9 -78 -95 -13 57 -2 -72 -54 20 -3 29 74 -11 -41 -36 -21 -28 -31 -92 -83 -37 -78 -82 83 77 -80 -22 -46 -36 -53 -97 -76 -74
-37 91 -8 -8 54 -70 -51 75 -75 -7 -9 62 71 37 40 -12 54 63 67 -64 -39 19 13 6 -15 50 4 -60 72 53 -35 -55 6 26 57 -4 46 -20 96 -16 -7 94 -95 -41 -62 56 79 -4 82 29 56 -58 -60 36 -21 -6 43 6 32 79 90 -65 -19 16 77 73 -83 78 -97 -19 -77 -68 75 -68 40 31 86
61 97 53 -91 -65 21 37 43 33 6 96 86 -65 -27 -66 -93 -96 -93 52 -74 31 69 -92 31 31 7 46 -22 42 45 30 61 -53 70 -74 87 -86 -14 5 39 65 21 -56 2 -43 20 16 -62 31 88 44 -61 35 1 88 -9 40 -68 -66 -59 65 56 -67 86 28 -91 63 0 -95 30 31 -90 5 97 18 16 96
-11 -67 -82 3 11 -40 35 -10 -80 -54 -40 -55 90 45 70 -87 -64 10 -32 6 7 56 1 -21 -6 -46 26 13 -54 -57 14 15 87 -10 97 69 -67 48 30 -96 -38 -64 -40 -70 -89 9 68 -70 38 32 -99 2 91 -94 -96 79 -27 -90 65 -63 -81 -82 -51 12 -54 18 -62 -11 -10 -67 -28 89 -47 44 65 3 70
69 39 68 -63 -76 -44 88 66 -4 -42 86 -80 -68 -75 -24 9 -9 -58 21 87 9 89 83 21 87 77 24 -62 14 -38 -45 77 6 -81 -57 2 -88 21 -8 -93 -82 44 48 -85 -21 21 -52 -49 -13 -25 -21 -42 83 46 87 -93 -12 25 95 -40 20 90 67 -44 54 -28 -54 56 -21 0 -7 -97 9 8 85 -11 -29
80 27 50 41 2 93 94 57 -79 56 -97 -34 -72 -12 -88 64 35 -28 -67 20 -98 -98 -52 6 13 61 -90 84 -36 85 71 92 -88 38 89 1 69 -91 88 74 74 -33 -62 -44 98 -72 53 9 -36 20 -91 25 5 -93 -82 0 28 -22 -73 -97 55 39 40 -81 -20 93 -43 92 26 -63 59 39 81 52 83 -58 79
-93 -11 80 -35 83 94 -37 -87 25 61 97 61 -15 -5 -93 56 44 -95 -76 -44 -8 -50 -15 -80 -69 16 86 -66 -9 -53 -83 47 -11 -8 -4 -66 -77 72 -52 -77 -9 66 -39 81 41 -39 -57 -55 -4 -71 73 0 -50 3 -72 31 41 23 42 10 88 -87 88 -21 -27 -80 37 55 -86 -69 -100 97 -89 -92 17 -98 28
-55 -61 -71 -1 33 96 -16 -24 29 -87 -97 91 -97 64 -5 -2 -58 40 -55 -36 -78 -85 -40 89 70 49 -3 -9 -76 -48 21 40 13 -65 16 -11 96 48 -36 -42 43 -19 80 -93 -64 -30 -38 -37 66 -37 -45 98 72 31 -39 0 -7 -59 -51 -56 -63 -18 -81 -33 -37 -84 -90 -58 -81 -87 -20 8 6 -53 -94 -48 -4
71 0 77 -44 35 -89 87 2 -16 -77 -17 13 32 -21 82 -100 -84 58 -57 -93 9 -85 65 30 -28 17 -42 -19 -28 -43 57 40 7 11 -43 93 71 87 43 -32 -98 -12 -2 82 -48 77 -43 85 -7 16 -72 94 -9 71 7 12 32 9 -8 -23 -73 -95 -9 -9 83 -19 -30 -68 -96 18 14 -87 74 -51 52 -73 15
37 88 -45 77 -49 68 84 77 -54 -80 -94 62 45 45 41 -68 -42 -6 54 -6 13 38 98 5 39 -49 -27 -53 -81 -21 -83 45 -54 -100 -2 97 41 25 -60 99 -91 -44 -57 92 -10 -26 -42 -21 -12 73 0 -36 -46 -33 30 -74 -48 -25 77 34 -80 -7 -77 40 59 18 -72 76 45 -47 -65 65 -74 -30 12 -20 26
59 -40 77 -100 -26 83 81 6 87 1 68 92 14 41 5 -6 30 -70 -86 98 39 46 62 67 -46 -52 -72 30 -76 -8 14 -13 60 14 -55 -36 -57 -81 26 48 44 -37 70 -45 60 8 -2 -37 84 25 58 14 30 -21 -97 99 85 -100 -49 54 80 -12 8 -48 -40 -71 -57 -18 -35 -19 -26 80 70 -61 52 -59 -56
75 -28 -67 -6 41 9 95 -74 45 -96 77 89 -50 78 60 71 -40 4 16 97 88 16 56 -72 29 30 46 87 -6 14 -22 68 33 -80 -9 23 -54 78 -11 -2 -84 0 57 32 3 62 82 96 59 41 61 -75 84 -85 52 24 -82 -7 74 69 -1 -3 98 -66 27 25 72 -12 51 57 80 -9 -39 88 39 -40 99
70 -89 -67 -74 -48 46 21 -20 -64 -64 45 25 23 76 42 99 24 29 -49 -72 -33 98 57 -59 50 -48 49 -100 -9 -89 -86 53 -90 42 53 -72 64 -85 -87 49 24 -58 54 -83 40 12 84 -51 -72 -37 63 97 -13 -100 86 -57 -62 -82 20 12 -3 -95 46 89 70 37 -65 90 97 92 17 3 -70 -35 52 19 -3
-46 28 -26 83 61 13 54 -76 -2 50 90 48 56 24 1 18 5 68 40 87 55 28 -45 35 -15 -100 -71 54 -99 -25 -85 37 31 -39 -90 -53 81 -45 -26 -62 88 -89 21 -84 15 12 -3 31 43 -92 74 -31 -48 -84 -36 -41 -14 51 -13 -28 45 63 76 1 -87 -11 -68 88 -88 39 90 -43 18 -85 17 -41 -28
-55 -51 -29 68 -19 71 -94 -48 86 44 -60 31 78 -21 -27 -41 92 -2 87 -79 -98 -80 16 -53 -78 25 -98 20 -1 -66 -96 69 -17 68 38 -26 56 -83 -100 79 -68 -52 -53 -56 -91 46 56 -30 -59 -61 -7 96 13 -69 21 72 -4 28 -12 39 -85 99 55 84 -42 -16 25 75 -11 71 94 85 44 20 75 61 24
71 -34 -65 59 40 -57 -44 -46 -3 39 9 -43 2 23 -63 38 16 -3 -9 -98 89 -13 97 20 67 49 26 23 91 -52 -65 -9 44 -42 12 -2 72 55 71 -91 53 -52 45 4 12 16 -45 98 62 57 96 -82 64 4 18 45 -87 -5 54 -67 -46 -82 -100 -71 61 32 58 46 -40 43 23 -83 12 6 -69 -61 9
30 -10 37 21 75 -26 16 -19 -43 -35 -57 59 -50 -79 78 56 34 -26 47 -5 -100 -39 -37 -45 -86 -50 68 26 -83 85 32 -30 -6 -88 -8 84 36 -39 2 -1 -83 9 52 -10 -62 44 66 70 -97 -45 -63 22 -13 -23 -91 63 -27 -69 72 86 -9 58 92 63 -38 83 -85 -52 35 97 -75 7 84 -56 -78 -27 94
-27 -96 59 29 93 47 61 28 59 -85 -84 -85 -34 -38 -8 -42 98 31 79 88 -27 46 -11 80 -19 0 -20 -13 41 -39 -59 98 -11 73 8 -91 50 8 41 -33 -75 -50 4 36 -33 -46 -15 -15 21 -72 35 -85 -96 -56 -50 -45 -81 -19 -81 48 -44 -69 41 78 -27 -11 -3 38 76 -26 25 -35 -71 -50 36 89 -2
-17 49 -79 -61 -63 34 84 -85 -78 87 93 -58 -78 16 22 25 79 -9 -29 -29 4 -7 0 -38 -17 -10 -11 -83 91 -82 -80 3 75 -33 92 -68 8 -59 98 -42 13 -7 -99 -13 16 -82 18 -32 36 47 23 97 -27 52 -85 -44 28 15 -81 43 -52 10 44 -90 4 -60 37 -88 -66 44 -83 -32 -65 4 -68 -84 -9
97 46 -47 -77 -22 -67 62 90 -72 24 81 -11 -75 84 -14 35 96 -38 63 35 -33 -63 55 75 54 70 -37 -40 63 16 -6 47 18 9 -36 12 24 34 -94 81 90 -66 -85 -38 80 19 26 70 -50 44 -82 16 -39 -78 -94 -74 3 -61 -90 -86 51 -68 85 -16 1 35 2 63 64 -88 -60 11 37 78 81 34 -49
-60 10 38 7 49 51 50 -94 95 71 -79 -12 -25 25 -93 -72 -35 86 73 -11 85 81 -45 -13 94 6 16 -9 -49 -13 -58 82 71 52 -5 -79 1 87 27 25 40 -9 -70 57 -49 4 -28 21 -83 -45 -77 -49 78 98 -14 88 21 -89 0 -72 9 -78 78 59 53 -41 68 -59 -83 -40 -47 -50 86 -93 26 49 -27
64 -75 -30 -5 22 46 46 31 70 10 -32 -92 -41 -30 -47 4 -44 -46 -97 -99 43 19 34 44 -72 93 91 40 57 17 -35 72 -69 6 88 55 45 -46 -77 -82 -13 -4 -93 51 22 -96 90 81 10 98 17 -56 -88 14 64 54 93 -41 -43 86 -21 15 -44 40 -18 39 -73 66 82 31 -10 13 -69 -96 -16 58 4
48 58 -17 52 -2 7 53 -26 22 -15 84 41 55 39 -47 -24 3 -97 -66 82 31 46 -30 -45 -36 -90 -20 60 78 -73 82 10 -13 -70 -58 3 53 17 12 70 -85 -29 29 -94 -99 94 -16 15 -33 -90 -63 69 -16 -18 26 58 11 4 -55 -48 -19 33 50 38 72 -63 -41 61 56 -96 -51 70 -67 54 49 -94 -96
29 -5 66 25 -32 25 -96 -56 6 -1 -58 98 -49 -66 62 -66 -58 -93 89 97 -64 89 44 -49 -36 73 79 -45 27 97 40 25 50 -14 96 -94 61 39 28 15 -65 -29 63 -46 88 -70 -34 -95 -35 3 -68 84 38 -12 -18 34 -4 -33 2 31 -30 20 -12 -88 -59 30 -63 2 -65 -22 -72 55 -8 -3 -27 -22 -26
-90 -81 86 -9 4 29 98 -52 -63 -43 -48 -55 95 -27 -25 -78 -6 -18 -67 -40 -50 85 -56 83 -94 11 7 -94 -18 -8 -92 -6 81 59 53 -20 -82 13 -29 -6 -57 64 -21 -6 98 -6 44 11 -77 -66 39 -96 75 -60 -66 -68 -88 31 -2 -19 69 -32 -18 19 -21 73 69 98 -33 -19 39 -9 14 -18 33 0 95
-1 93 -73 40 -60 72 -89 -84 62 42 -9 83 91 45 -72 -14 53 42 -14 -36 33 -48 -76 81 60 -26 51 47 73 59 -38 -82 54 52 43 -96 -24 -10 61 -7 -53 -91 -65 -5 -25 52 -100 -99 63 -66 47 -35 -12 4 -96 -60 -23 -49 -97 -63 -88 -15 -15 8 -42 15 -38 -28 2 74 -94 -94 -77 -57 90 -39 -13
-29 88 31 -90 -30 49 -35 72 -86 -1 30 94 -84 75 4 59 27 -19 20 38 -17 10 27 26 -76 -60 32 15 -41 40 -21 7 -55 -75 -33 11 40 97 45 70 26 -32 17 -30 -85 -57 0 -78 -48 5 50 -72 60 67 45 40 -76 -34 -38 -51 7 -37 -84 35 -96 18 13 -92 94 -82 -53 46 35 52 -52 61 68
-87 70 -11 49 81 11 -45 -82 6 34 -83 81 22 -8 14 -27 24 97 87 94 48 -14 -86 94 -71 41 81 23 -38 -56 -41 -71 -52 53 68 -42 -53 21 79 -99 27 27 -89 52 93 -61 35 -22 -87 44 59 -84 -98 13 6 -2 73 -73 5 -76 51 -28 -48 89 -34 -82 79 -57 -24 83 60 -48 81 55 96 -50 34
-78 98 -50 46 36 95 26 46 -2 -74 70 -49 -37 -36 -5 78 80 -72 -93 -24 -41 -73 -84 19 -94 90 57 49 -26 54 -59 -58 77 61 17 95 -15 59 63 45 -42 -84 -88 51 71 52 44 44 -12 -25 16 -55 -29 -38 45 -70 -20 -7 -2 -70 -31 59 73 -80 85 75 -22 19 -4 -72 -11 77 -44 -17 27 -44 67
79 -2 -43 -31 45 48 65 -33 -79 81 -59 -96 -7 32 85 87 93 -12 81 1 91 67 -94 68 92 50 62 96 -2 22 34 29 -29 -93 64 -34 90 -61 18 -35 21 -31 -11 -42 -21 -18 -71 -96 -10 -92 -24 97 63 90 -99 -71 -71 47 87 -69 3 -94 -50 95 -30 -31 22 -61 95 64 74 -60 60 -35 -14 -33 5
-86 39 -12 -35 -22 -2 -82 6 88 4 36 61 -100 -79 -76 -67 -41 56 32 99 -95 94 25 74 33 97 92 56 85 51 -70 24 -46 79 -28 18 94 -53 23 -64 -28 38 4 -38 81 68 -21 -76 -35 -73 -63 30 91 49 -65 76 -44 40 -10 -64 -40 -23 -73 -43 7 -64 48 61 8 62 -52 -99 -8 -12 -87 -82 -51
7 -48 -88 75 -68 33 19 -81 -2 -34 -50 18 14 56 -85 -56 -37 -49 -14 41 -78 -98 -10 56 -41 77 -19 -6 -43 -28 -29 17 -6 4 97 -54 63 -64 -30 36 -74 52 -25 3 -12 -51 -45 43 50 -63 97 32 -57 -16 85 61 -72 35 56 4 10 -20 -96 54 22 78 47 3 -1 -73 35 76 -7 75 62 -66 -14
-86 -1 -86 21 -35 -95 -44 -44 5 -62 0 94 -75 -98 -92 34 33 53 42 59 95 26 -92 -20 -20 -18 -43 30 98 -75 37 -9 65 -57 37 -3 28 57 60 -84 69 61 -31 -36 -100 -33 34 6 92 2 85 16 -50 67 -75 -96 33 -5 -80 77 90 -29 6 76 -95 59 12 74 -3 3 -39 61 -23 -90 -16 80 -50
-76 80 30 -93 -81 -87 -26 -45 32 -8 56 14 42 -44 -16 2 -25 -94 72 35 -93 54 -45 -48 54 11 -41 56 61 -19 58 -51 -85 45 97 -39 84 -100 -75 62 82 43 -18 50 -28 -53 68 -38 -85 -95 -100 -50 -41 4 16 22 -78 2 -69 -69 3 15 59 81 -19 32 24 -5 97 79 -69 72 82 56 82 93 47
-45 28 43 62 -93 -96 74 71 86 -21 -91 -81 -10 -7 16 -26 64 -53 8 -37 -54 50 -53 38 34 -69 -72 54 5 84 -41 -20 -66 -2 27 56 87 -13 55 83 44 65 0 53 -26 48 -7 63 -82 -39 68 -69 -37 8 48 35 5 -61 -82 -72 -93 67 -7 4 -78 -46 13 1 22 -91 -90 -21 -58 -91 84 -68 83
57 -98 -25 -70 -50 -51 23 -37 17 26 0 80 -28 43 94 -55 7 -38 -74 -25 81 38 -31 -8 88 -90 64 -68 -51 -29 -100 -11 -29 -91 -75 -100 65 -23 78 -39 -74 2 94 2 -75 14 42 73 1 2 73 -25 3 24 -71 -51 -71 -41 88 -51 65 76 61 -4 -97 48 16 -53 3 -6 -73 -26 -66 -9 59 5 31
87 -37 -87 -95 74 23 -15 -49 98 47 45 99 -14 85 50 -86 95 23 80 -84 -89 66 48 -69 88 -92 59 -62 73 -47 -97 97 -2 -23 26 62 64 -33 -12 -35 68 92 -64 51 -82 5 -53 56 69 -45 16 3 -88 74 -68 26 -47 20 -26 -78 -47 -50 0 -92 -76 3 -92 -23 -73 -24 -79 -9 -9 65 -51 36 -93
-54 -64 26 -51 -73 22 44 5 -80 -91 40 -1 63 -89 -75 -2 -60 -14 -17 25 99 -73 73 4 76 -56 -85 -6 -4 13 52 34 -46 32 1 31 77 -88 46 29 67 -21 92 -87 -67 -96 -20 -96 -38 4 -45 35 80 82 71 -63 -30 64 65 53 15 -40 -5 10 95 5 -36 -44 -29 -89 1 25 -3 0 -49 -40 62
-49 -90 -72 -65 -19 -40 -100 -70 15 10 61 -22 -53 42 25 -80 62 18 -61 80 45 -28 11 43 -93 -65 -80 37 42 -48 82 -22 -75 -4 -11 -3 70 -59 -21 1 -100 -77 -95 -28 7 -11 -27 41 87 -39 86 69 -7 24 60 59 -5 85 -54 -68 67 -24 2 -23 99 -26 31 99 -97 51 -24 -58 50 98 28 -32 -51
-44 73 -32 -54 23 -22 37 -55 -7 -56 85 -63 -10 87 8 -15 -58 -83 19 -18 -29 30 -23 72 49 -28 63 -55 -50 46 -65 29 -36 -50 -1 -16 29 39 -22 -51 23 -82 -48 35 40 64 -62 -35 11 -27 97 89 -93 91 79 48 -64 -74 -51 72 80 -57 87 23 -89 35 -75 49 58 -83 35 -92 -31 14 20 90 51
52 82 22 -18 25 -31 2 -9 -91 5 97 15 -57 -23 -15 -17 -40 -7 59 37 72 2 -75 15 -75 -72 -25 55 41 -47 -90 96 91 -55 -34 0 -95 92 -93 23 77 3 97 71 69 57 74 12 0 -3 -48 85 -83 22 68 -4 -98 98 -74 -13 54 -89 70 39 -82 -83 -13 -55 94 91 -6 58 50 -31 17 23 2
-66 68 -58 95 -36 39 -24 -61 73 -67 -48 17 -1 89 -30 85 54 -84 -1 -76 -65 -2 72 47 52 56 -87 -92 15 -55 1 14 -15 31 38 6 -60 40 -66 17 11 50 59 -36 -32 -88 87 46 -26 -2 89 37 -80 95 14 -68 65 52 91 -5 6 -80 74 -49 17 -38 92 52 -81 99 62 8 -12 -87 -82 -31 -43
27 96 -6 63 -67 44 74 38 -2 -94 30 49 -48 57 -16 -20 72 52 -57 69 -65 -17 17 44 8 32 79 92 59 -79 -48 -97 -79 -75 -72 41 -23 25 82 11 -22 61 -4 -45 -46 27 -94 34 47 -81 -35 -17 52 -17 46 74 -50 62 78 -93 56 -53 23 20 35 47 -40 68 -78 79 -99 70 93 63 -98 -31 99
