31 80
-90 34 66 62 58 22 -22 51 -41 37 61 18 -57 37 -40 -90 97 6 -53 -71 63 -17 4 -1 85 39 92 -94 27 16 -42 -73 -83 94 -91 -22 1 49 45 -34 -79 55 -99 39 65 87 99 19 19 -79 24 78 -71 33 54 93 -13 21 95 -82 82 29 -72 30 -60 -61 -66 67 -71 -21 -25 -77 77 -12 77 -12 -65 16 38 -19
0 -15 72 -100 25 84 75 -30 15 50 78 -83 80 -4 -89 -27 -30 16 62 97 -7 42 -39 -22 -46 12 -51 -25 -65 -32 3 -61 -6 -3 81 -52 52 17 -77 -43 72 -26 58 -17 4 -40 -84 -77 88 77 -13 36 -13 30 -46 35 34 78 86 18 81 -88 50 -44 39 -34 53 5 85 -33 15 -2 -16 16 26 -36 7 -49 -90 -62
95 51 -80 84 -35 -8 99 46 -53 -22 39 59 -33 40 25 -22 -72 -93 3 54 67 95 -42 -43 -43 -31 22 4 81 -79 -11 17 -27 74 -54 -95 24 -32 3 -53 14 -87 0 44 47 -1 42 -4 -27 -59 -44 9 13 -48 -7 75 56 72 -74 47 -14 -17 -23 -88 -6 -47 -69 99 -4 53 -30 -78 75 -45 42 -84 19 -34 36 -46
-26 -36 -49 85 4 -53 -81 -90 -71 -66 35 70 -14 -95 -69 23 -80 73 82 -6 48 -1 64 3 90 -81 -21 51 -87 68 -88 -92 -54 47 -100 -6 96 -57 64 -65 47 -61 20 -89 -56 46 -6 -2 -75 89 55 55 86 88 -90 -26 2 -42 -58 88 98 -6 60 98 -38 -2 -68 47 -23 -67 52 -90 -68 46 97 -85 -66 54 -89 37
-22 34 -85 40 52 -83 -5 -68 13 -33 -32 37 77 23 -93 -52 14 -29 -82 -10 7 29 -68 -28 -42 87 -5 -13 58 -93 -15 84 -73 44 -59 79 -45 17 -33 -45 73 51 43 -31 60 -75 34 -6 46 -77 -94 -2 -87 -98 -49 -25 54 -33 89 -35 61 98 48 4 44 -34 85 -38 43 98 3 -59 87 -14 94 -12 21 89 91 93
90 89 -8 15 65 81 -19 89 36 -98 27 -13 86 -82 92 -93 -47 -15 84 -85 99 -96 -26 32 47 19 -70 -1 9 37 -51 43 -38 -29 49 -86 61 -51 95 0 -96 12 42 -76 -81 13 -58 -46 -35 -4 -87 -71 13 -68 -88 -10 97 78 -99 -96 8 73 -56 -35 -35 -47 92 -67 -26 51 52 -90 -86 55 5 -25 -26 -17 77 -46
10 64 -4 59 71 -98 -86 -42 36 60 -94 72 -62 -4 -59 60 -76 20 -14 81 11 -14 12 34 -95 -30 4 78 44 -75 -55 65 38 -68 -98 27 2 61 99 -9 -87 37 -82 -97 54 63 99 -58 15 36 1 -74 54 -21 96 -60 6 99 -64 64 49 55 83 -71 17 81 -91 -80 70 10 19 99 -32 56 -77 30 -82 17 2 77
-66 -32 -77 -59 -19 78 -18 -93 97 90 -24 -67 21 -20 58 0 -59 -66 -92 26 -61 76 -13 -63 57 70 -80 51 24 99 35 80 32 -39 -48 60 -23 -14 17 1 -54 -32 76 -83 56 -99 -66 -16 17 -12 -32 -39 -87 44 73 9 -44 6 -83 32 5 -67 37 78 -89 30 -10 85 98 -32 -66 -99 73 -67 36 -88 -47 -95 0 -96
-60 -53 35 45 95 -78 48 3 96 1 3 67 -3 38 16 -47 -7 0 95 -50 32 -25 -33 -65 -51 -80 65 14 17 73 -57 -41 -73 -46 36 -42 -2 -27 -59 23 -73 95 9 86 71 23 69 64 55 -66 -5 -47 74 -80 11 79 -97 10 18 -49 24 76 -61 71 -86 -38 -28 52 30 21 10 85 -49 71 -89 -17 5 87 -78 -45
57 73 64 61 -46 2 -13 30 47 -78 -72 51 14 75 -100 7 -11 -38 25 7 -57 -21 6 -75 -7 -46 -35 -80 -91 -81 34 50 -49 -71 -40 1 38 46 77 58 -19 49 -63 -93 3 22 59 15 -41 -45 -11 -96 -48 -17 -55 -8 93 71 4 -80 64 -66 -14 -75 0 21 -22 7 31 35 59 -44 89 95 -97 -91 6 92 -17 31
-78 -52 0 53 -85 -72 68 84 -54 63 -60 -25 22 69 -44 36 -3 77 63 38 37 10 -91 -36 -22 -69 58 83 8 86 97 -1 -76 54 8 0 86 -33 78 50 -62 41 -5 -91 -97 -13 -81 55 -18 99 70 22 -33 99 57 -61 42 -58 80 51 2 59 -80 -49 -66 -72 39 55 -70 -61 -24 19 35 -42 3 10 66 -95 75 70
-85 60 63 -81 -33 -43 -31 -17 55 15 -5 -65 -23 28 36 0 -96 99 -99 28 7 13 -48 37 -74 -27 75 -66 -96 -97 -79 -15 44 11 -78 -79 83 97 -99 50 -14 14 35 -11 64 96 53 40 -23 71 40 -75 21 45 -72 98 19 -81 -29 1 50 76 80 -79 -95 -58 -32 52 4 -82 -29 42 82 13 14 -33 94 -8 44 80
-53 19 -14 -44 -93 82 56 -88 41 -60 -76 -37 -66 -47 -95 76 81 -19 -64 -63 18 -51 93 -55 -47 -14 22 -13 34 3 8 49 60 -72 -85 -8 -62 29 -90 -95 42 -85 -51 -59 60 13 42 3 -19 1 -29 94 -19 38 75 -74 53 53 -70 35 -75 75 -95 -47 -51 -11 73 -96 26 13 -36 20 -12 -67 -97 -19 70 -39 -67 -65
-67 -86 95 -52 -44 -41 -13 64 -73 7 83 -74 -25 69 -72 18 -66 35 -42 -2 -85 -77 -15 -23 0 25 56 36 -62 28 18 -81 49 -97 46 52 9 11 -41 -39 39 48 8 76 -40 -85 -76 -86 -9 -30 -55 9 -43 -66 -98 -49 -82 -40 -46 -45 -23 -33 23 18 -40 97 -32 -76 -62 16 86 96 -27 -17 73 -99 -72 61 -27 -69
-25 41 19 73 -64 47 -62 64 70 49 93 16 -61 90 78 82 -44 95 19 -18 16 87 -79 -35 33 92 63 -87 -2 -22 -84 -92 -32 -64 43 -10 75 85 77 19 -97 45 7 -99 40 -4 -98 -98 -93 -62 -63 -24 -85 -9 79 -88 -94 65 0 -8 -45 -69 88 29 -32 48 -7 -72 -1 65 -1 -64 -85 -28 -86 88 -96 78 80 -75
38 73 34 92 -86 25 -96 1 73 -37 -42 50 -9 40 17 29 -72 81 53 -16 4 59 -87 16 -72 29 6 -45 -46 -49 -13 -23 -3 -43 36 40 -74 -28 -100 -96 -74 -75 -47 64 98 16 63 94 -81 42 24 -44 -78 -70 -46 -23 79 56 -79 45 87 23 95 33 80 -82 -87 70 -64 73 36 -50 17 -75 -88 -24 -92 27 11 -9
-65 -52 81 -91 -47 31 19 52 95 -97 -91 -34 -32 24 -27 85 -26 27 48 29 -74 96 39 -23 82 -85 -93 -5 20 66 76 -32 -82 22 -88 3 -64 73 66 89 90 87 33 93 -38 8 -53 5 48 92 2 93 56 -40 -3 42 40 -80 -46 -6 35 -83 35 89 -99 -71 -18 -33 80 25 17 -47 -74 -93 30 68 -56 87 -92 18
30 3 -90 -58 -16 49 63 -14 5 -60 -50 -85 -39 51 55 3 68 -59 34 95 -39 78 88 90 93 -71 19 -38 -47 30 -27 58 -72 45 -44 -16 -59 -68 -84 -41 -33 78 -34 -72 -26 37 -96 4 91 -31 92 13 27 17 85 -2 -75 65 96 47 -100 -3 24 -18 -58 -43 68 27 22 -95 29 3 -57 -49 -78 71 -14 58 -26 69
-6 -34 21 79 94 -86 82 83 14 -36 -35 28 98 -29 -36 -10 88 41 -81 47 -100 -49 -96 -100 69 -90 -53 -86 77 -37 -78 95 -48 59 -100 -17 17 0 79 11 74 18 83 -97 -69 -39 65 3 -99 -55 60 84 -89 -17 71 52 64 52 16 -40 -66 56 -5 88 31 48 -15 -52 54 -5 34 52 -32 26 9 -55 87 62 24 19
-58 -10 84 43 30 33 89 10 -63 -88 -55 8 46 -40 -95 41 13 -25 45 62 -5 -20 5 -64 79 -76 -80 -14 53 67 32 56 19 72 -67 -6 3 -44 79 5 49 -69 -66 60 69 28 93 -37 35 22 -9 13 73 -77 7 -34 80 -38 -34 27 -41 -81 9 -24 28 -42 25 42 44 -32 -48 87 14 61 -8 -85 99 67 -42 -59
-80 45 47 -48 -17 -17 89 -66 27 25 -51 -70 -69 -77 4 -3 -48 -7 56 -76 -30 -58 52 -81 96 -43 70 69 -1 77 28 46 46 -27 -19 33 -1 81 -78 -56 95 -60 77 97 -62 39 -8 14 -71 -40 -32 70 37 -26 52 13 -47 52 -31 -78 -29 -52 96 -64 -61 78 10 8 -9 -79 -94 -84 86 -23 68 86 12 -14 45 -30
13 -52 -21 -14 -99 -17 14 65 23 17 64 2 85 -42 -55 -22 -16 -65 -11 91 -64 -98 74 -14 78 8 -44 -69 -72 36 27 -5 13 -44 89 -65 90 -22 68 19 -100 -35 43 69 -18 11 55 -76 -19 64 -9 99 10 48 80 -94 -24 -14 84 23 -72 -73 35 32 25 25 -64 -52 -69 62 -98 67 94 47 -30 20 6 36 66 -90
-78 59 -74 -56 -3 -95 46 44 36 -1 -91 89 -46 -56 -43 -95 97 -69 -22 -77 -39 60 -69 -14 -26 -8 -74 77 -99 -15 51 -17 78 -82 -75 42 49 -26 52 16 34 46 62 -45 -9 -30 7 -10 -36 -71 78 91 -84 -12 35 30 91 -33 30 1 -14 33 73 -54 -85 81 89 -94 85 -47 73 55 66 96 87 -20 55 43 99 -57
-85 -21 13 12 68 -83 -82 -24 -81 -19 18 17 78 -20 -43 76 -57 29 36 -90 -70 58 13 7 -21 -4 9 52 1 -45 72 4 -42 83 38 14 -7 -89 -51 -23 80 82 67 -21 -31 84 -10 6 67 49 -43 -32 48 33 -64 -30 78 -37 27 -5 87 -37 62 93 53 14 -15 57 2 91 23 39 23 93 -32 -23 83 -10 20 48
39 6 60 54 -1 -91 3 54 -85 93 21 97 39 -93 30 -53 48 -9 -2 -35 80 -63 -68 -20 76 -57 -79 65 84 -27 -41 -70 34 36 -6 10 -81 -90 69 -11 34 -15 47 78 90 -46 -33 52 -89 68 -98 98 -20 16 93 38 95 71 7 -3 35 -73 -56 29 46 -54 85 10 -89 -83 14 -83 -37 79 74 90 -96 -71 -6 -23
-39 -91 96 -56 19 89 -79 63 79 22 49 -44 74 4 -26 -97 89 89 -56 -40 49 2 -81 32 13 -8 -83 54 -47 47 21 -61 39 19 -75 -41 -8 4 56 22 -42 -21 -17 29 -97 -51 -55 -38 28 88 -16 -69 43 60 54 -59 90 12 32 -48 -91 13 26 -64 -95 -90 -21 32 -38 -64 3 -70 -62 -97 90 98 99 -38 -54 -4
-81 -24 71 -5 38 76 22 67 -24 34 -44 65 -85 -78 -87 -14 7 -67 60 81 56 -51 25 53 52 -38 -71 -54 38 34 -40 -89 66 -7 44 -80 17 -7 -52 84 16 -69 -64 -54 84 31 -24 -16 8 49 16 60 11 -68 82 38 84 59 68 -11 -65 -18 67 -71 28 18 56 10 -98 -20 26 47 33 79 -68 -95 32 -53 -87 9
30 57 -99 -81 -69 -3 -74 -19 -31 -21 91 -29 8 45 -60 -12 55 -29 -30 97 -21 28 -97 -76 45 29 49 24 79 40 -93 -9 -89 -2 -11 12 24 15 -90 26 -67 9 23 -60 -89 -48 -87 7 41 13 -6 -19 73 50 -4 -29 -86 5 -66 -19 -87 67 79 41 44 -81 24 49 97 -53 41 69 -18 78 -97 40 -67 22 85 -78
75 80 16 30 16 54 -56 -12 -71 -24 -53 -46 -43 46 68 -81 -59 77 -100 -16 -64 8 -8 -50 -51 89 -20 16 2 -96 45 -83 60 -53 -35 -28 -96 -65 83 -72 -70 -18 -71 54 76 49 82 33 66 -32 19 -72 51 -25 -39 -3 50 19 12 10 -19 30 -85 24 -42 -1 -80 40 73 -18 77 21 -59 -98 -73 -79 -66 -60 -47 7
-94 95 -68 -39 67 80 46 51 85 52 41 63 -96 -73 6 -5 -57 -45 65 -40 26 -30 -81 -84 42 57 69 -69 99 -27 -22 49 30 34 64 -5 72 -54 -97 -2 77 -53 51 -16 -95 44 31 -42 16 -16 -31 61 -60 68 -72 46 96 -90 -4 -77 75 -73 12 47 -34 -61 86 -26 57 85 -53 47 35 -64 -32 11 25 20 -44 -39
-7 22 -25 -96 24 3 -80 89 -8 30 90 -61 -99 -96 40 73 -78 31 -18 -94 -80 -29 58 -81 55 -76 34 18 72 56 -16 -100 -54 -52 3 15 59 56 72 -26 34 -8 17 -85 59 64 -91 47 -70 -87 -87 -97 91 -71 44 -84 -15 -73 33 -61 94 39 -96 87 67 -85 22 84 96 35 87 14 46 -51 81 -79 91 25 91 -94
