53 94
37 75 -86 -94 24 -7 96 27 48 -30 -54 -58 83 -37 82 -57 70 21 -29 -3 -32 -60 -43 1 -74 -82 24 -78 0 -75 41 44 -52 -24 -69 74 -22 -33 -40 90 -88 54 17 -23 94 68 49 22 28 60 16 67 43 -53 15 41 66 -77 64 67 -70 72 56 -74 76 2 -81 -57 -7 -54 23 77 98 32 75 57 82 -4 -38 60 80 3 20 48 1 84 28 41 -91 -100 -2 -83 -55 -73
-4 34 -74 96 -68 94 71 27 92 -51 8 97 72 -81 85 52 -69 -64 -87 -53 -52 60 -87 55 75 -78 88 71 -27 -40 12 50 28 -80 32 44 18 -87 91 -78 -49 17 73 -23 -15 -70 -39 91 -52 74 79 28 -37 79 3 52 45 83 33 70 91 -91 42 -40 96 80 99 92 50 39 53 -33 89 65 -75 -65 -90 -46 -19 91 -58 42 66 77 47 82 7 83 97 -4 10 -41 80 -93
-67 59 -14 -45 -72 97 -44 -55 -67 -54 74 94 60 -59 70 48 32 -54 17 89 -78 -97 40 68 -19 -52 0 86 -87 74 -75 26 -36 -31 -48 0 86 -86 23 30 -5 66 41 78 -58 -71 -86 -6 84 73 84 6 -1 -85 -57 -66 61 -74 -70 16 40 89 -30 98 94 99 26 -25 4 41 -4 -82 -17 56 71 -93 -69 76 10 43 24 8 -73 -70 -23 23 12 71 31 90 -66 -38 -82 -22
-90 84 69 -55 81 -8 -84 4 74 1 -79 60 83 13 -44 22 53 32 84 71 -92 -92 73 75 -42 -1 59 -40 37 -19 -94 55 -62 39 -88 -45 -3 -28 -83 5 82 -72 -47 -90 38 -61 -25 -18 -5 67 48 5 56 -100 -35 -7 85 62 -71 16 70 72 30 -2 -67 -20 -1 64 -75 -21 38 -54 -28 42 -96 62 -64 -59 13 -26 13 43 -84 -60 -18 42 -34 95 -77 -27 -62 49 -31 -21
49 -72 0 -14 -14 -39 -7 -45 73 67 47 -48 44 51 -48 19 95 -52 -61 89 0 -46 -4 -49 21 -25 21 67 68 45 16 -42 19 -4 35 -39 -86 54 -30 -10 85 -22 -29 56 30 71 -66 54 43 -71 -4 -77 -100 16 90 -78 72 23 22 8 48 2 -39 -54 28 -36 21 9 -99 -97 64 -85 98 -75 34 52 -65 0 -92 -35 -53 -59 1 27 -40 -18 57 91 97 39 92 -75 -9 -87
-4 -82 -100 22 70 91 84 -44 59 11 72 22 -55 -36 -91 71 -33 56 93 80 89 -87 -91 -77 1 43 70 57 55 -63 -9 82 90 67 -13 35 15 -2 -81 13 74 -4 64 -77 -93 -26 90 99 18 40 3 -55 -43 -84 57 -63 65 73 97 -52 24 60 26 -60 19 -72 41 -29 48 50 39 -71 -91 40 64 -51 46 -100 29 -42 2 -92 60 -94 93 -28 29 -66 66 53 -47 -49 39 -25
87 1 94 13 -17 -66 48 -72 26 9 -99 55 -39 -77 -22 13 -75 38 42 60 -17 65 -96 41 34 -85 -5 -65 -58 75 27 17 -51 63 -60 -86 -5 27 24 71 82 -51 -38 64 43 -89 -88 -14 28 -84 96 -88 -10 31 -73 12 30 -32 53 48 -1 0 -59 -46 70 -49 52 -32 -74 -4 -64 -49 21 93 43 35 31 39 -57 82 -31 24 28 89 -72 83 -15 36 -77 -35 -24 0 30 78
-76 51 -79 -31 -65 54 -7 87 71 33 -59 -24 72 48 75 12 97 93 -4 -22 48 62 45 -33 -74 25 0 65 -21 -59 -30 -76 -23 26 -42 45 -36 68 42 -19 -27 -92 -79 16 -85 -40 -71 -34 83 -92 5 50 -31 -56 -11 -31 -8 19 -68 -18 -18 -31 19 -68 92 2 -83 26 60 11 -13 -2 11 32 56 19 -54 10 -25 -91 39 -27 -28 -41 81 30 40 43 45 -13 9 -86 -54 27
-23 -44 -52 88 86 -54 47 66 -94 25 9 54 -76 -22 45 -26 63 -15 93 3 -39 18 -88 88 -26 43 37 -7 62 14 39 67 -91 61 -79 62 65 -45 -76 -7 -55 24 -82 85 52 5 37 -52 8 -95 61 99 12 91 -2 70 72 66 49 59 43 -15 4 -46 -19 78 4 91 6 62 -69 65 79 -79 11 29 48 -36 49 69 89 54 -83 63 53 58 50 -63 -28 39 81 75 88 -11
58 63 -46 9 21 7 -58 58 -51 96 -84 -51 -17 86 -96 -58 19 17 -44 -48 64 22 -43 55 84 -40 51 -36 60 -16 -91 -32 24 51 -75 -75 -21 67 55 57 34 17 0 -60 -77 -47 92 -92 56 86 16 23 -12 32 -54 74 61 -77 -82 -25 34 67 -94 -45 31 -20 -44 33 -17 -74 74 89 -54 65 3 -98 -89 85 36 23 -54 14 -83 91 -62 46 93 -14 77 -13 43 81 45 -78
-9 -66 87 -4 72 78 56 33 48 -92 -45 58 -3 -62 -86 67 40 28 81 -16 67 51 17 7 87 56 -93 -73 68 -78 90 -81 29 -23 -97 -45 34 -92 -17 -38 71 -16 -96 91 54 97 92 -55 57 -10 -75 -75 74 72 -47 91 62 -36 64 -41 -73 -22 92 82 -38 -60 63 55 33 -62 36 19 89 -91 -25 -59 78 -44 62 -6 -43 92 52 -61 -54 -46 -68 99 -28 78 35 -20 94 96
-39 2 -49 -34 97 42 92 58 46 -29 60 29 -72 22 5 0 0 -53 -43 37 -23 -51 92 -31 64 62 -48 21 -19 -35 -32 -3 33 -9 -59 -79 2 -29 -99 -78 -98 11 -70 7 29 0 3 48 1 38 26 82 -14 -56 -18 -75 -19 4 17 98 37 66 84 2 37 97 -14 -45 -43 -21 -85 59 -53 -38 -14 -38 -21 83 41 59 90 -78 -22 -61 8 -98 -47 -98 -92 78 -31 -26 -20 -20
76 -99 -43 -7 64 69 8 -23 22 -3 86 40 -28 95 -3 -10 -19 56 11 87 15 -64 -22 6 -90 -21 93 99 87 -41 -6 82 -57 22 0 -90 29 54 43 -11 -26 -64 78 -74 40 -66 64 -47 -8 -64 3 -18 80 89 72 -80 -45 -59 7 43 35 21 -66 92 -51 31 -1 -88 -13 -80 95 -16 -77 11 -60 -77 -35 -81 79 12 -29 67 90 -51 4 -99 76 85 90 -92 -54 14 61 -86
32 42 -74 94 9 55 -7 -39 -68 8 21 64 47 -65 -67 81 40 24 12 49 -39 -73 -99 29 44 20 81 40 32 77 -75 44 -38 -91 2 -51 -57 92 46 -38 33 56 -84 -67 64 58 48 5 -77 19 -19 -78 88 -87 -38 81 -24 -11 -38 -72 38 -73 -29 -27 65 -20 -63 -30 72 71 4 91 -18 93 24 67 47 -83 60 60 -87 -24 37 61 38 69 67 -47 -23 1 -5 38 -65 85
-9 11 32 88 -4 -3 -75 62 -70 4 -27 -63 -39 -22 75 63 2 99 98 -20 -29 43 -100 82 72 93 -42 -58 14 0 81 -35 -71 -9 53 -25 33 16 54 -29 -24 -60 -29 -21 71 -47 85 -55 -6 69 -91 1 -55 52 89 73 -47 36 -23 15 -86 87 -44 18 9 0 64 67 -23 -94 66 29 -26 -3 83 91 3 -86 -28 -31 -68 97 51 -18 -50 -96 -90 49 -34 -97 55 57 23 3
-31 -23 -96 -56 74 28 -83 -14 -38 29 -28 -11 91 -78 -69 83 -79 41 65 -2 35 -20 42 55 90 -14 -17 71 98 94 69 59 -16 -52 68 13 -69 -96 43 81 -67 -79 66 -51 -53 -1 -63 -11 -93 -39 55 -59 14 -6 77 -40 -18 -84 92 65 -54 -11 44 33 -48 90 7 88 58 -47 45 -17 92 91 -63 -67 -84 -6 91 -72 -37 -49 16 14 -52 -64 -57 -83 -38 -96 -35 0 15 23
-92 75 -14 27 39 65 -48 7 41 51 78 -85 -89 -20 -66 -76 -61 3 -87 -99 -94 -39 4 -34 -40 20 -3 -59 -13 11 -41 83 85 2 -11 48 -98 64 -84 48 -79 23 20 95 -35 52 -24 -84 -80 16 36 -5 39 -26 22 -83 16 -98 -88 11 92 17 -19 -31 31 38 -14 96 -22 -12 95 -2 68 -71 6 2 28 -5 -5 10 -95 -59 4 -57 38 -100 19 36 -72 3 -46 -5 97 91
79 -39 3 7 -72 -21 37 63 8 -72 66 10 75 -7 -30 -22 46 -41 -32 -45 -86 83 78 77 83 -84 78 26 -4 68 3 -71 -98 -84 -81 4 88 -31 -74 31 48 -49 34 -94 -69 -74 -47 -15 -70 -79 -20 -30 -82 -50 17 23 -91 -77 19 -84 -67 -66 25 43 33 1 36 -74 98 -69 77 -75 15 26 86 -71 -1 -49 47 24 -50 43 -91 2 -9 73 94 -21 2 75 64 -14 86 90
58 65 0 64 -29 -58 13 89 -30 -7 -52 -79 5 -41 -73 15 -58 86 -77 -94 91 -30 -98 -93 -3 -96 74 -36 27 50 -33 31 -16 -86 37 -38 10 -78 -23 97 69 -94 64 -12 -97 -85 -14 -45 -91 85 -31 8 -74 -68 75 4 30 80 -93 92 -10 28 -25 -91 98 31 -18 30 35 -94 64 5 -82 -78 82 84 92 -18 -23 -91 -100 -13 79 -76 -18 78 -75 44 -55 73 -72 -91 64 -22
71 -59 -25 8 51 84 -35 40 31 -76 45 -17 99 80 21 -80 -84 -60 82 -23 -42 7 -77 -63 -76 68 78 36 -97 -57 24 -45 -66 70 -55 -11 -99 -51 -89 2 97 -10 58 18 18 -39 96 -47 50 -95 -23 -74 13 55 13 -91 -30 -21 -19 41 -95 96 -16 54 -59 -64 -17 -58 59 -72 -77 9 36 -28 -83 43 16 86 94 -87 -53 91 48 28 61 46 85 -7 -20 42 -49 48 -19 -14
-49 76 -13 -29 -55 -86 31 37 80 -51 48 -3 62 -38 44 95 -9 -1 32 -22 79 -7 -75 -68 33 95 68 -88 -62 -63 52 76 -99 53 -7 72 71 -86 -42 68 94 -90 -10 -46 -82 62 -72 68 -4 13 57 -26 -66 86 38 79 51 -43 2 13 7 -29 -19 -97 -62 24 38 94 -14 -33 26 94 -59 52 -26 -39 -45 -80 97 38 11 -71 93 -80 94 91 -96 97 65 -12 6 25 -97 -97
-63 -14 70 31 59 22 -8 46 27 -70 -35 70 71 -68 95 64 -7 44 46 -44 -27 -89 53 48 34 -22 37 4 31 -43 56 -27 63 53 1 48 80 -66 10 -14 -7 -95 -58 -2 -22 -61 40 -58 96 -66 35 37 17 -92 -76 45 -20 16 -11 21 -51 16 44 37 8 -56 35 92 20 40 8 -30 -38 90 -88 2 -90 84 -88 90 93 -91 -84 -42 71 -67 67 -7 72 29 -53 -42 25 66
25 7 -68 -20 -92 -21 -48 -92 75 -99 -15 69 -85 91 -20 65 -91 60 -55 39 -8 -99 74 36 91 -42 -93 -31 -34 8 -85 35 -23 82 66 88 -12 61 -93 -32 73 4 -20 -62 23 -64 51 74 49 -5 -44 79 31 -45 16 -39 -46 -46 96 -62 -99 -37 -38 -20 59 -89 -85 44 44 98 -58 78 -44 87 76 -62 77 51 84 61 99 88 -35 26 96 80 82 -54 98 -82 85 50 -94 -81
-97 85 -25 -34 -42 -31 -94 -55 -32 -74 18 -18 -24 20 75 50 -41 44 -93 -45 -76 -46 -43 68 47 -39 -22 73 98 -40 68 76 97 -76 -52 -97 -84 -42 -25 67 90 -42 77 -95 -80 -88 91 -50 -53 30 1 60 90 -50 77 -81 -56 -66 33 -35 32 -27 -61 -30 97 43 52 34 -84 -44 -52 64 36 -48 60 23 30 -9 -77 7 -56 -76 29 27 95 15 -48 32 28 -81 17 -48 -9 0
-65 72 -26 73 6 55 95 49 -81 -96 -11 -20 46 -7 -8 8 -27 -91 72 -75 87 -9 42 -12 14 -56 12 6 65 19 -50 33 8 -41 97 79 -54 -51 93 -65 -46 26 -43 -96 -35 -41 6 -5 39 -48 -95 -7 -17 49 12 93 56 63 -33 -30 65 -66 -3 -56 39 -25 -14 83 24 85 -75 93 12 72 -58 22 24 81 -23 -7 -45 -1 -21 -16 45 -55 -76 -6 4 -67 22 -76 16 -47
-10 46 74 -96 -80 8 41 -81 -17 76 85 -80 -35 53 15 -57 -16 57 -16 -85 -81 -53 81 15 -29 36 19 66 -39 99 -64 83 94 98 -38 -39 -28 -69 -21 -5 -3 19 -100 19 -27 -50 -86 -56 -83 51 54 -28 -60 -7 -85 -93 89 42 93 45 -41 63 57 22 -80 4 47 4 -99 62 39 8 -28 98 83 -47 -28 23 -55 -59 -3 -49 61 42 83 -38 -12 -4 85 44 51 24 16 40
25 48 10 -51 10 23 92 72 -34 8 -81 -30 89 10 90 -21 12 -25 -70 -18 -68 -99 44 55 -46 -92 39 -45 -21 25 -74 -49 -95 98 -44 -76 25 11 -80 25 -42 -39 92 -31 -26 13 -56 -49 3 -61 -44 39 61 28 -90 -65 -81 -47 -87 -2 -97 41 -1 11 -23 -76 -81 -31 -98 32 -46 82 -7 -44 -85 42 26 92 14 37 23 -52 59 3 8 72 -6 26 1 -4 64 -59 -59 -1
-93 -35 1 69 35 -99 -17 -10 82 -38 -67 -63 -43 10 -67 -91 -37 60 -10 -63 93 -71 27 -15 95 -55 -30 -12 -65 -71 15 -99 -85 -85 -78 -41 47 47 -26 84 -49 17 -12 63 26 43 48 97 -48 -60 -95 25 -43 49 -89 23 -90 -93 -24 -29 -69 89 76 -55 6 95 98 40 -92 47 50 -77 65 24 -84 16 -31 -44 -47 -41 60 -10 -79 53 -79 43 -20 10 -82 -80 -11 63 -89 53
76 -28 93 -31 -29 81 -95 86 -53 84 90 54 -73 -70 74 37 -31 -95 -72 17 68 13 98 -64 91 41 64 -47 56 -87 -71 38 30 -10 -24 55 99 34 7 27 -31 12 7 75 76 -74 -25 -41 -23 -59 83 61 -4 -79 71 95 -38 -18 76 5 9 17 -79 34 -12 -25 78 -61 20 -61 85 -58 -13 -42 -37 15 -29 76 38 33 -41 -52 14 51 -64 41 0 64 -54 -1 -23 68 -72 -9
-8 -20 -67 -89 -16 69 -76 -45 20 -49 35 41 -76 99 -68 44 7 -45 28 -26 97 -86 -1 92 55 -28 28 -3 48 94 -92 -93 -74 89 9 45 -3 -85 -19 -4 -36 -49 17 -52 -86 -90 63 -27 3 94 33 -93 67 -62 -85 -53 73 -14 -42 48 88 36 95 52 42 -45 64 66 -18 47 46 92 -20 -83 -5 40 14 -71 84 65 49 97 53 67 -84 4 -37 -34 -95 -14 -46 31 -6 69
-15 -61 5 81 43 -2 26 -72 -49 -36 69 -30 -30 13 32 -37 -5 6 -53 60 95 -19 94 -10 -33 61 37 -67 95 28 -51 98 -48 -71 -17 51 56 1 74 -17 16 83 38 4 6 -37 63 -20 -84 -99 -66 56 73 75 6 -29 -97 64 -99 -70 61 85 -70 90 21 -29 -82 26 -56 -61 94 -69 73 75 40 -66 -33 26 27 -20 79 77 92 -36 -6 83 -49 -24 -5 -42 98 57 67 -77
0 5 -32 36 -35 77 51 43 45 52 -94 50 -38 77 -18 73 70 20 -99 80 77 80 66 37 15 -65 19 16 -60 42 91 -66 16 35 -86 -21 -54 -11 18 18 -56 90 11 42 5 67 -55 -87 -43 19 76 -92 48 12 97 11 -90 71 95 31 10 -10 44 -27 -6 29 33 -25 62 88 -85 -63 30 -18 68 33 -95 47 50 -78 51 -71 53 -53 -90 9 -9 44 -27 -63 -73 -24 69 84
-66 74 -99 66 -90 17 16 -16 -16 5 -64 -41 -91 -73 -59 -95 23 -84 -34 23 -7 67 71 -66 -12 47 -4 43 -29 86 -20 85 -95 67 34 -46 18 57 56 93 95 73 -51 -50 -58 -82 65 10 -78 -57 -26 -92 -58 29 82 28 56 -67 -38 -1 -4 -56 -48 32 -3 -47 -88 62 76 95 72 77 50 52 -18 -95 64 12 39 -96 -31 58 76 48 -74 8 -65 42 67 54 47 5 -16 53
97 -59 51 -28 -56 53 -85 18 22 -54 -80 -3 -29 -54 81 11 28 46 -10 -81 24 -60 88 38 -72 72 21 -70 -19 59 72 38 70 76 -95 -68 -71 -81 89 68 42 83 -63 61 75 81 -13 -39 43 -31 -96 84 97 71 84 -99 -70 -74 87 48 -46 -13 -91 -93 31 -58 96 -56 60 45 29 -61 -91 -79 68 68 46 -84 -12 -33 -71 19 -33 50 32 57 89 -66 -41 93 63 -94 78 -59
-42 -76 86 26 -71 57 17 13 -49 -88 7 35 -85 82 -74 53 -26 52 -87 -13 -69 48 -12 -21 -7 97 -1 68 14 94 90 -97 34 41 40 88 -62 87 71 34 -18 18 -9 9 -27 -34 -88 -12 -16 26 -79 74 -52 -48 -18 75 67 -2 -54 -5 5 -51 -83 -85 67 89 80 73 61 90 -81 9 -28 -85 -75 11 -94 -46 95 7 -63 -17 57 63 2 96 -10 -84 -1 68 -1 27 67 39
-55 -16 -96 61 27 -36 -40 90 -88 -60 80 -94 51 50 -22 -52 -80 0 -61 -60 35 42 -91 25 43 -5 -43 -44 -66 -37 -9 35 -21 7 -32 -35 -84 -7 -27 79 -69 18 18 86 78 13 -50 -75 -74 78 -27 1 4 83 85 83 29 -62 93 -33 -32 -53 43 -53 -43 -89 -27 97 49 -63 -5 -80 7 68 -53 0 -39 -67 -84 93 7 50 -25 -82 -9 35 -22 86 29 64 7 -14 -75 -100
14 85 31 -48 -90 -95 74 -53 57 -50 -67 -32 73 16 26 89 -67 -100 -53 51 -7 34 -39 -79 69 -14 -21 21 52 -72 68 -11 63 66 -16 -53 -13 -44 -56 55 89 1 92 -32 53 -51 41 33 -71 -39 92 -55 27 79 -43 -19 36 -98 -26 50 90 -16 -66 -42 48 -94 -47 -26 92 -93 19 -26 -14 17 -11 -28 63 -23 47 -99 -39 29 -97 92 -75 99 89 64 88 -5 -33 22 -30 73
2 63 -8 61 66 -92 34 -1 34 54 76 70 88 -54 56 -46 60 6 51 -72 -26 13 -17 63 -51 97 -94 89 -3 -30 -11 60 -7 73 -81 -46 10 -54 99 -75 -2 66 -49 -25 44 -44 38 -7 -97 35 89 50 -15 -45 81 91 -70 -16 64 -48 33 -84 57 -63 -69 99 -51 -54 25 -78 56 0 -42 -49 3 14 34 58 -5 94 73 -44 -38 -77 -24 63 -52 -10 -96 -58 36 48 -37 86
72 -56 -81 -34 -30 -99 49 -77 -7 -41 -61 -33 24 -95 -7 34 29 41 -95 -14 21 -21 74 7 -74 90 78 34 -3 16 -30 -73 41 9 61 72 -65 -13 -97 37 79 -79 -27 -87 70 -64 50 -98 -42 -63 80 11 -12 -79 31 21 40 -99 5 -68 -14 -38 23 -16 91 11 -26 36 -6 -28 70 -55 -72 -41 27 69 30 -67 85 70 -83 8 -51 -30 14 86 -8 1 35 -8 -92 53 -59 28
-15 96 96 56 82 79 -68 64 -13 86 -90 1 13 -76 -42 -9 41 -64 -14 -68 -95 -92 -53 50 93 65 -67 83 20 28 -67 63 -23 63 15 -74 80 -61 -34 70 -15 -68 -97 -73 21 13 -25 -59 46 70 -36 70 -20 19 2 -43 -11 -65 40 46 12 -71 66 -54 6 14 -48 -2 -63 95 -90 7 -82 -20 -27 -63 72 -16 34 -16 93 63 -67 -58 -51 38 -3 86 97 -45 -21 8 -99 76
-60 -33 41 -28 -5 31 -36 75 78 -13 -38 -75 -1 14 -63 -74 85 24 -42 68 -12 83 93 -18 11 -9 88 -69 85 -85 -97 -34 -77 -20 -95 89 16 -61 -86 48 84 66 86 -81 76 -33 53 -90 -22 -99 -88 36 73 -81 99 42 -11 -42 27 65 80 -35 49 -26 -17 11 15 -91 -33 88 -21 -35 -94 -4 -86 -22 -50 -12 71 48 64 -74 -52 7 84 56 32 -78 -23 44 1 -12 99 -57
-28 53 -16 -47 11 -23 16 31 -10 50 22 -96 -3 47 -20 21 13 69 -10 13 -15 -11 30 -41 59 -26 -16 9 -13 -75 -74 56 15 2 -9 41 52 60 -85 -24 -44 -57 42 -49 40 -34 6 98 71 -60 70 -88 64 -17 -99 44 -75 23 -78 -52 89 27 -39 -70 27 61 34 74 -5 23 96 -21 -12 93 -91 -31 74 -35 -44 -94 54 45 -49 8 -15 -52 -94 47 -19 76 64 31 -70 -58
20 -93 -33 86 74 91 -17 56 7 56 -57 -36 63 -74 -12 -58 -66 14 2 -23 -55 93 35 -60 -99 55 52 -51 -16 24 95 78 -33 -11 -36 -90 8 -98 -15 81 49 -98 -52 58 -88 94 -42 -48 -4 15 34 6 60 -10 62 -88 -41 13 -30 -29 -45 -64 -9 76 82 -10 90 76 -6 81 -8 -54 -36 70 -60 -39 -40 -88 55 -21 -18 18 -25 -17 -24 -35 -61 7 -66 -87 -26 -51 18 7
-53 31 62 14 56 72 26 76 21 -7 18 -32 62 -64 47 -42 71 -96 77 90 24 1 -67 80 58 -31 -4 -93 -55 99 -92 -83 -46 72 17 23 -50 67 62 73 80 96 -47 84 -37 56 -91 46 23 -66 -49 14 22 -66 -61 40 -94 31 63 27 2 54 -72 81 -11 85 -60 23 -34 36 -8 -9 64 -81 -69 98 3 39 50 -7 -81 38 21 93 49 -35 34 -51 92 24 -95 -39 42 85
16 85 -45 88 -56 80 -99 -29 39 53 29 -44 -41 73 45 -17 70 86 -10 78 56 -16 24 22 91 15 -16 -28 -63 84 32 -88 -29 -17 -19 25 83 -56 -66 72 91 52 -80 97 -4 -38 -70 -72 -62 47 93 48 38 63 43 -86 12 -51 37 -4 -41 -43 -51 0 -39 0 83 -66 -33 16 -58 52 35 20 41 -75 84 -67 -31 -72 52 -30 -60 68 65 -38 76 24 70 1 99 -57 18 28
9 -45 17 64 68 -15 18 55 -80 -97 -7 53 15 -79 -58 -54 -85 81 78 -15 66 16 -48 97 64 16 34 -47 11 21 -20 -71 35 -100 5 38 -31 -95 -26 -97 -6 23 -20 -10 -69 -12 -22 9 31 -5 46 90 -1 6 26 35 -6 -69 -98 94 -67 70 -44 -20 60 32 -12 92 9 -49 90 22 68 30 84 -32 93 62 -88 -46 -82 -76 86 53 60 -59 -31 33 -49 88 12 47 -80 -45
74 -44 -45 -39 63 -72 -99 10 69 29 88 -85 -14 -68 68 7 -88 28 -16 -98 28 -84 -79 86 -92 67 -94 -81 -6 -26 -19 35 46 82 65 -26 -44 -13 -83 58 -71 92 -29 78 -100 56 -24 80 98 -64 12 -63 98 -83 -51 -64 51 33 -7 97 -86 -63 51 -33 32 6 -91 71 -4 13 16 8 5 67 -57 -96 43 92 67 -32 70 -98 58 51 -9 -94 33 11 -10 -21 60 45 35 -62
-45 -34 -95 -8 -16 -3 -25 85 -50 91 -87 -7 4 -16 -73 58 74 16 45 -34 -12 78 99 -7 -12 63 69 72 60 27 21 -57 77 -56 -9 -40 -46 39 -82 53 96 75 53 -96 -6 23 65 40 -73 -97 21 -9 -97 -71 77 99 -81 69 -24 -31 -79 20 0 -40 -80 -27 -5 -51 -70 -34 -17 3 86 -16 -95 -58 -72 35 -65 32 -22 61 -89 -5 -82 61 -81 -25 -46 4 -17 -89 10 79
-68 -33 -84 22 -58 -15 24 -80 59 24 79 -61 -67 44 -74 -18 -54 -40 3 26 -52 -24 -81 73 -88 -17 76 69 -22 23 -64 36 -23 43 -14 -14 -34 -22 29 -73 3 76 20 -45 50 66 -83 -96 43 -79 33 23 42 -9 -70 77 -88 81 -35 -41 33 -44 -54 35 95 67 74 89 -11 -71 41 -45 -66 55 -84 8 -50 79 -27 47 65 82 -76 -61 -45 16 -48 65 40 -34 86 98 -67 77
33 -67 -58 -40 83 84 -87 85 -37 82 -29 -8 96 -61 10 13 -99 77 -13 -19 93 -42 -3 10 -71 6 46 -26 31 38 12 -63 93 -71 -58 10 6 82 -44 56 -60 -34 36 89 -88 11 23 -54 86 -71 -85 24 76 56 -6 55 -28 11 83 -95 79 60 87 -55 29 -97 -49 8 59 27 85 96 92 -90 -88 -16 -93 89 -37 79 -81 92 -80 -12 -64 42 -47 53 -95 41 -97 -66 39 -93
-73 93 -47 80 90 52 17 88 -85 -50 42 27 15 86 49 91 24 -68 33 93 74 -47 58 -20 98 -43 26 30 -13 39 7 -53 11 -3 51 59 45 36 8 95 -88 50 -74 44 -39 -29 -36 3 -60 -55 99 -28 -55 -65 -47 -68 68 -25 68 92 -83 -38 -35 13 -30 -47 16 -79 2 -71 57 43 -45 44 49 -71 -3 22 65 72 -95 77 -2 50 37 85 54 -44 -47 99 -54 -77 -25 88
-4 96 -50 16 83 56 79 3 44 17 76 4 -5 -70 -26 89 27 3 86 74 18 21 -18 61 -48 3 88 -56 42 89 7 -63 98 52 -18 91 89 34 62 98 -64 67 51 -15 83 -24 33 26 -89 99 -29 70 -82 96 -52 21 96 -46 -39 -24 -52 -24 -9 28 32 -71 73 -30 85 70 29 -10 94 -96 40 -67 -22 -30 55 90 40 88 95 -86 35 -40 -1 -74 -74 47 -27 81 65 -24
5 -77 77 40 -15 -67 93 -11 -34 94 37 65 -45 -26 79 -71 16 41 -76 -69 76 13 -24 -89 -33 -24 -63 53 42 -68 33 -41 27 -52 10 88 29 12 73 94 -16 59 -26 84 21 92 67 11 60 -58 -69 -21 81 -7 -42 60 -83 -62 50 -63 65 -79 -69 -89 64 -64 -74 74 -75 -10 98 1 -69 5 -31 -77 76 25 -74 91 28 27 55 -88 -10 -36 -28 -41 -25 -82 -24 -11 -6 -73
