79 42
87 -54 93 17 -60 -56 71 -82 -12 45 38 -87 92 -89 -82 94 -2 77 74 -29 -40 -85 9 70 -78 -84 64 -74 -17 79 40 -17 73 -83 1 26 87 -38 39 -77 -64 82
12 69 36 -10 54 -69 -72 39 34 -31 -37 59 -15 -69 95 29 42 -61 10 -39 41 -55 -99 72 -18 22 -60 -55 57 -79 8 -14 -75 -34 -46 69 -62 12 25 -27 -41 46
77 -85 -89 -20 85 -36 36 -69 -26 -98 58 -86 -84 -93 -83 -74 -2 -76 85 57 5 82 -15 6 -42 -39 -78 40 -63 31 41 -21 -72 3 20 -21 75 97 -19 76 -28 85
-5 -6 31 69 13 74 -20 -28 -4 1 63 93 -8 43 -48 21 70 -50 -89 28 -63 32 58 84 23 15 -13 -77 77 40 11 70 -59 89 -4 -97 38 51 53 -95 -27 -70
86 24 11 -89 55 -25 55 48 -67 -36 94 78 -67 -42 -24 47 43 -70 53 93 -75 -46 23 -32 -37 -64 57 -9 42 74 -87 -20 50 46 34 -7 45 -41 -35 -67 89 -64
24 43 -33 33 48 61 36 64 -4 29 96 -23 49 61 -74 -7 61 -56 91 -57 54 -9 99 13 -21 88 -88 -50 -74 -27 -60 -8 0 -31 65 -77 -51 80 30 -6 58 23
-3 18 76 -95 -93 -15 -30 -60 96 -86 -50 -100 80 -27 96 78 -95 -69 84 64 45 75 -43 -57 82 -81 -94 56 57 -85 -17 -5 84 30 31 -3 -29 -15 33 61 73 -72
-71 73 -54 -33 -8 -6 23 -8 -10 -26 70 50 55 36 -36 51 20 -27 52 9 12 -15 -99 -91 90 -33 -82 -15 25 -30 -75 4 -67 16 17 -77 -60 -52 -44 -70 77 31
-19 -28 -81 -94 37 87 37 -49 57 -84 -88 -55 -89 54 -58 -87 -52 -64 50 -22 -59 -69 -20 -41 85 -40 -29 68 -25 19 88 99 84 -78 -100 88 -50 -59 84 70 78 37
-84 -53 -69 41 -14 -71 -99 47 77 47 65 -24 38 -64 -27 23 45 66 7 3 -89 -94 -15 -29 46 -34 -25 -70 -70 -86 28 28 -89 7 -70 87 30 -23 -48 -83 -71 -80
89 9 -23 -54 83 -89 50 -34 -3 -30 10 12 -76 80 30 -93 64 -88 21 -69 -77 0 17 61 98 48 99 -16 46 -29 30 -11 -35 -90 87 85 77 -15 -29 -87 -87 -89
98 -23 87 33 -46 97 -72 55 -81 2 -54 89 82 -43 43 -45 56 -26 -1 -80 -36 94 92 32 -33 48 28 61 -81 -71 -94 -38 62 26 -47 -27 53 -33 -7 -33 -72 37
-13 -39 83 96 63 -87 13 -62 27 37 76 59 -41 71 -6 -99 8 42 -33 -81 50 -36 38 -51 -23 69 -52 -34 9 -41 94 -18 68 61 -13 -44 4 33 -5 -98 -46 17
5 -76 -57 58 87 67 -8 -40 -87 76 -33 -99 35 4 -88 40 97 -44 9 87 -85 -21 86 -96 -38 3 -29 68 0 -79 68 45 -48 9 1 -30 14 42 62 -63 -9 -66
-94 60 12 77 54 71 11 82 49 48 95 6 -63 -80 33 -53 84 9 -57 83 96 97 -53 -13 16 -10 -81 82 64 82 -79 -17 -37 -62 -31 58 -37 97 -30 40 0 10
16 69 -12 -3 55 -82 -49 -39 45 -59 -97 -92 49 40 -77 7 -77 -85 -49 -34 -43 21 58 -26 19 65 38 -17 -89 -25 -40 -84 40 10 -23 -80 76 90 -100 28 76 -19
57 -65 7 -95 73 85 -71 62 11 -53 45 -30 -74 -55 -79 20 48 48 1 77 39 -81 -25 36 -90 25 9 25 -54 -7 83 -12 94 -7 -97 -1 75 -73 82 -23 4 9
-40 60 -39 2 -93 -30 66 -99 32 -44 6 74 3 82 -4 39 93 -38 91 -55 -78 -54 53 -13 80 88 89 13 4 -83 89 25 71 77 -95 74 -38 35 -70 78 -3 2
13 14 22 22 83 51 -40 92 53 -21 66 40 -88 12 -62 54 -5 -71 97 35 68 -6 -55 84 23 25 -92 63 -80 2 -89 89 68 -22 71 -9 -13 36 -61 89 41 0
-6 -52 -19 -43 46 -40 57 32 9 49 -29 6 38 -39 99 62 52 -66 -50 90 54 -97 -38 15 -97 -75 60 -5 20 40 -18 -49 98 88 45 -34 -6 53 -70 -75 -38 -55
-97 -62 7 -28 68 33 71 96 -30 13 99 -82 9 -91 -19 56 -11 -80 -10 49 22 -15 51 -30 88 38 -95 95 -81 13 94 73 39 -8 98 61 -44 -4 95 29 69 68
-19 85 7 -45 81 -80 -97 90 -74 68 -73 -74 -68 -92 -67 -67 -8 -3 16 -21 85 83 -43 32 26 -12 -31 77 27 77 -96 -89 -4 -28 -91 90 -13 14 -70 -87 38 1
18 -59 37 13 6 69 1 -81 -99 77 61 54 -65 74 -76 65 -92 12 -85 -16 32 -83 -31 99 -14 -79 68 -64 -66 -82 -75 97 -33 -97 -97 60 1 -85 -29 69 38 -29
-8 -31 -41 92 -6 -52 85 -86 56 -74 -80 22 -46 98 64 65 -37 -17 82 -7 -13 -78 -66 91 81 59 -17 -62 -65 39 -22 -2 -75 -26 -53 -47 99 14 -28 -2 -79 -88
-2 19 98 17 21 -55 -72 51 16 81 17 -75 31 -39 -69 -47 -80 24 -12 69 -38 -66 -43 -20 -13 79 -73 -51 88 89 -73 -52 -28 -76 -58 56 -77 26 -4 -67 -26 -49
-34 -62 89 11 -75 46 -85 53 18 47 79 -70 23 99 41 -49 95 -6 -22 -45 0 76 -88 -88 24 -73 -48 12 -58 91 -67 -6 19 42 61 39 16 -22 -54 26 -87 45
6 11 -93 -61 3 40 18 38 -30 67 -50 -34 -5 80 -89 -74 -20 -50 22 -49 -91 -5 14 -5 -13 -11 -69 21 -13 -97 50 -17 10 -56 -31 76 75 -94 0 15 -56 -94
-71 -76 -68 -85 27 -35 65 24 37 -96 86 26 -39 79 -45 14 47 -89 -81 35 36 -34 74 -30 50 -82 23 -97 -22 47 4 -9 95 84 -59 -70 29 37 -83 -37 98 5
-17 -82 -45 85 13 -30 -21 -48 94 63 -25 8 -67 33 -35 -63 -48 -27 -17 -67 -98 51 26 16 -28 29 -68 52 34 -1 61 80 57 -40 61 -12 56 88 -9 -87 96 50
-36 78 12 -12 -21 -58 37 -84 71 88 -19 -11 73 23 -54 -61 80 68 -2 -93 95 16 68 95 -2 -50 69 41 59 -8 85 53 -6 -7 55 -69 -38 67 -8 21 -69 82
66 46 69 -31 55 -92 -86 59 -54 -96 -89 -99 80 28 -82 74 -76 -92 -32 -10 -84 -49 17 -16 -42 63 68 17 63 40 42 -38 -59 6 53 22 27 -86 1 -53 -99 78
-67 87 -75 -82 -66 -48 45 -22 -83 -60 22 49 18 98 -95 96 -7 -39 67 -92 -20 24 70 60 -87 78 94 -14 69 -61 41 92 -71 -42 -61 -18 -83 -80 8 42 -86 -96
35 -61 4 65 95 77 -57 33 60 -79 17 -52 -91 -95 -87 1 55 -17 -57 -14 92 82 -84 34 -7 27 35 66 -91 37 48 -20 -77 -28 79 -68 -79 -1 40 3 98 1
-14 94 -39 -20 30 55 15 -17 6 -38 71 -39 -83 -69 64 54 -80 94 -69 -61 -18 62 -74 92 44 -78 -9 -74 -52 -66 -91 89 78 -58 -77 30 87 0 14 90 -94 82
82 81 69 97 32 -17 61 20 -21 -5 28 -88 83 -3 58 -51 33 97 41 57 -12 -44 -82 84 -61 -26 -19 -36 -4 33 84 50 45 33 18 -20 9 61 -55 -20 -59 61
-93 57 43 76 -23 4 63 56 73 38 -64 -8 -48 -40 -23 -59 22 -93 73 -37 42 -86 -96 50 -42 60 83 -7 53 -42 -7 -62 -15 89 86 12 -15 95 16 60 75 -60
25 45 95 99 21 99 -99 86 -4 58 78 -94 50 -60 -71 18 5 -62 -41 51 -2 -70 9 32 -4 75 59 78 45 -67 -40 -77 -9 -44 -48 35 -58 87 -49 59 -49 -53
-80 74 68 -50 10 28 -64 49 1 -95 38 13 32 -91 61 25 -26 26 95 10 47 83 -54 21 -43 -7 -98 -79 -50 84 -40 57 -81 50 -10 0 97 36 36 -99 11 -47
15 73 56 -22 72 15 -37 -7 -77 68 -64 12 1 95 5 78 11 26 -79 79 16 1 91 -22 40 -13 -74 -16 -31 -73 -53 -60 82 73 -40 -73 -9 -43 56 -84 -20 -78
3 -66 5 -77 -80 8 -98 -70 32 -98 46 -82 12 -13 -78 15 50 82 -97 -49 99 -8 -49 43 -31 -94 -88 50 -57 -85 65 61 41 9 78 72 23 -79 -10 -96 -69 71
52 -98 -77 -13 99 91 27 0 5 52 83 87 13 -73 81 -28 4 -50 -88 -41 97 -51 81 93 -60 -97 25 0 -51 61 -93 -28 -32 41 87 3 -84 -32 68 -52 53 -98
41 -48 86 71 -86 -59 -30 -93 73 62 85 57 36 -94 -49 -1 -98 44 -31 -15 64 -76 -69 -88 0 12 -59 37 -14 29 53 -2 47 58 0 32 -76 -3 52 -73 4 26
-11 -71 96 41 6 1 22 71 -5 67 -88 -25 -51 -53 -81 4 62 -37 47 -53 54 -76 68 -1 -20 -27 -18 -43 88 -30 41 97 -79 86 95 -88 35 -59 -14 80 -77 43
-51 -91 -98 73 59 -83 -17 17 58 6 71 -8 33 14 -70 -37 32 3 96 93 -18 77 81 -80 81 -23 -28 -62 17 15 -63 -14 6 6 70 -29 68 -58 31 48 36 6
90 0 -35 55 -22 -19 -30 49 -79 -97 53 -59 -44 30 44 82 -78 40 -28 -92 -91 -24 36 -86 36 48 51 46 -48 -24 12 83 -67 7 48 -38 -29 -23 -67 -27 -82 -63
-58 -48 83 25 -46 -51 93 17 98 -97 -74 36 29 -23 89 65 -57 -81 -88 -40 -38 69 -39 -5 -38 87 -57 -57 -32 57 -90 -13 31 56 -10 -47 59 56 60 -6 -61 -40
-66 95 -76 43 -83 45 -24 96 96 -95 38 -4 -34 4 -52 -2 12 80 3 76 -48 36 98 12 21 -99 -83 -11 73 -74 -1 23 27 56 -98 -80 16 -35 38 -7 -25 50
-95 64 -84 -4 77 47 19 28 -58 -59 -58 21 14 28 -24 -67 98 59 -22 19 79 84 21 -72 93 -48 82 -7 -14 -22 -57 -20 -94 34 11 56 78 99 -12 66 -30 62
-90 -91 -52 96 70 18 17 -86 32 -63 74 16 86 31 -32 -52 -54 56 -37 99 78 -82 -39 -64 -78 98 -59 -64 -2 83 14 78 57 53 27 88 -87 36 3 -70 -45 -95
41 -23 45 -12 -57 -86 -86 3 50 -12 -90 -71 71 -37 90 90 -75 55 51 6 -53 -3 22 -35 -61 28 -41 2 -41 -13 74 3 -38 -64 73 31 -85 -76 56 41 46 -43
-75 -84 -21 12 -5 24 -93 73 -71 -60 -80 59 79 -52 4 20 -47 -59 -67 61 -81 -98 -49 86 -37 2 -45 48 -52 35 -81 70 91 -39 5 -95 -51 -53 65 -20 -95 61
93 0 -62 26 -33 -15 -74 -12 -11 -8 56 -37 16 25 99 -22 -17 -40 -96 72 93 40 -30 13 -82 4 -96 35 38 26 -29 -16 42 92 80 -47 3 25 96 80 64 -44
-82 -95 -77 75 49 82 -40 -6 -61 65 -7 57 -32 34 29 -4 11 -15 -78 33 70 -99 -48 71 89 -34 48 -43 -67 33 -91 -7 -55 -95 -30 3 -100 39 29 -80 4 -83
34 99 -81 -8 -6 73 96 85 -51 -21 36 77 54 -94 -83 -68 31 -50 62 -34 21 7 -87 -6 -84 -40 94 -12 -58 73 20 22 -40 -44 5 -74 14 -46 -83 14 72 23
83 -48 21 -5 -45 40 -89 18 -77 7 39 39 -3 -3 82 44 -43 -97 27 85 -53 -71 44 38 -5 53 -32 -71 -29 -59 43 37 84 5 -29 -93 -3 69 -24 -37 -84 61
-21 55 14 -70 -21 70 -62 -32 29 -44 -55 16 53 -1 -88 -3 80 -51 25 25 4 45 95 -11 -94 -61 -31 89 -61 -72 89 -64 41 -40 -83 64 -49 70 69 72 68 -82
78 -21 -85 -87 -66 85 86 -66 81 51 -67 -18 28 0 66 89 40 60 -57 -88 -23 15 98 -77 56 -72 71 -12 37 15 6 99 -87 41 23 -69 -45 21 67 68 -55 58
61 -94 -22 36 -95 -81 10 -65 60 93 37 -77 69 -57 23 41 1 -80 84 -100 -11 -37 -77 -85 -40 92 -8 -50 14 -33 58 15 53 -15 -38 76 89 59 86 -78 -45 -34
13 -76 -14 51 -20 -84 72 10 0 8 -96 38 12 41 6 46 -19 -8 96 79 -100 42 99 -63 85 -66 -38 71 78 52 -78 -61 97 57 89 49 21 -16 1 50 34 91
-17 52 60 10 1 64 10 -62 96 21 -81 -14 -46 -5 33 67 10 -54 -72 -82 52 -60 41 66 67 64 -85 6 -58 -16 18 75 3 -3 11 -90 18 26 87 21 38 -97
67 -16 95 -89 -18 -62 35 12 53 63 -10 41 76 8 -48 -73 -2 29 38 -100 -97 -37 -45 66 48 14 -48 -68 -61 81 -6 6 31 -5 -68 -51 -2 -12 -52 -43 69 96
-46 66 28 75 86 0 -90 94 -39 7 -37 -39 -96 -87 92 58 -36 30 -49 -68 -19 75 36 -60 -64 -42 -73 -8 6 -59 32 9 79 55 -65 2 -9 -22 27 65 48 -41
-12 54 96 -68 -1 97 -27 16 -13 97 -10 52 10 -6 -61 32 -62 71 40 84 -67 89 -66 -72 -74 30 34 85 92 61 26 62 59 -71 53 9 -39 -20 27 -61 71 -98
61 -85 49 22 -66 85 88 -16 98 10 -3 -56 -51 -11 48 -58 24 81 59 -37 -81 66 40 83 78 98 -94 10 70 -11 43 20 -21 70 89 16 40 11 14 -100 36 71
24 -57 -18 -41 -65 -5 -49 -9 -58 -30 80 77 -85 -45 -84 53 34 52 7 79 62 26 -97 -41 65 87 9 -12 -17 91 -9 19 14 -58 -15 4 41 85 17 37 -2 43
-12 77 -77 -78 -74 28 80 90 5 -30 9 -31 73 53 19 75 -14 7 -95 -60 42 -58 -97 -76 4 -91 7 83 -34 -92 18 -35 51 36 -46 -65 76 38 -19 3 24 -68
52 -24 41 -40 -75 -90 74 75 -50 -64 45 -79 -37 -6 81 -61 25 -67 -11 60 -100 -23 -26 33 86 -45 79 67 -87 55 89 95 -57 -88 -96 79 32 -91 73 18 4 -26
41 74 -95 48 88 77 -57 -44 86 46 -62 -57 20 -100 16 -18 62 99 20 8 47 -7 -78 48 -67 52 -12 51 15 75 -92 -9 -27 -86 74 5 87 -14 -7 -88 -95 16
-99 86 -19 53 96 87 -39 14 -51 75 -54 84 -52 33 17 78 -88 -66 21 -34 -11 66 -30 58 54 -23 72 -20 94 32 -97 -76 93 -49 -87 20 93 54 24 92 86 -37
59 7 -97 19 83 -75 93 -18 42 -37 -39 -16 -34 16 -3 -35 98 -46 -49 -75 -49 -80 90 41 97 -55 33 5 12 45 -83 -98 -79 -22 49 -67 -93 26 92 -20 -73 18
-10 -31 -53 38 -9 -39 -18 83 92 7 -7 86 99 -83 44 -76 90 33 28 -47 99 44 -4 -100 -93 -88 -23 -21 35 32 -85 67 61 20 -96 -37 27 -20 -69 97 29 -3
-43 37 -30 -38 91 -35 97 45 89 -40 -8 70 -60 -73 -20 -69 -10 17 -46 1 -26 -74 -50 -23 -90 38 -30 31 -47 -29 26 -9 -20 20 -83 -47 -59 60 -34 47 -47 75
28 -20 74 -78 30 39 -79 68 -13 7 -96 -5 -87 90 -52 -63 -52 41 81 -39 66 62 78 -51 61 -79 18 -15 -63 -41 62 -96 -98 -67 45 37 -33 27 59 -3 68 -4
-70 91 -2 76 10 35 65 35 41 43 -41 -14 9 -65 26 -77 -86 61 -39 6 0 24 55 -55 30 0 89 -8 -30 -6 7 -66 3 76 68 2 73 -28 25 -11 28 -31
-41 -54 79 -78 36 39 14 62 -49 20 94 -92 -9 26 -68 28 -86 5 96 -75 82 -19 -93 32 76 66 -49 -12 99 38 55 -52 11 -65 -97 86 -46 -60 61 -26 -100 40
-17 58 86 37 -17 47 -22 -52 61 44 37 -14 19 53 62 -20 -25 -13 -31 -90 4 -70 -22 -48 10 3 13 -13 31 67 -11 -21 86 -84 52 -99 -25 -30 -93 2 63 -87
-6 -44 42 85 50 -7 -50 73 -87 54 -86 52 -18 70 38 81 -51 99 93 95 21 92 0 17 -96 64 -35 -11 11 97 48 -46 -96 -44 -24 -82 -16 65 -2 14 -52 46
89 67 21 -95 6 -39 66 53 -58 56 51 -60 31 -40 28 94 -32 17 20 1 39 57 -10 74 -50 66 95 59 78 -85 -6 -83 26 -27 56 40 39 -55 -28 80 -62 72
-50 90 67 51 46 -80 96 -92 52 -47 5 77 13 53 51 -16 -32 47 -98 6 -94 -12 -52 -12 95 -61 -85 -94 -54 -27 65 38 -17 55 2 -79 47 -42 54 40 76 -30
