100 55
-2 95 -89 -60 -89 87 88 -19 -62 -89 -58 2 -61 17 -51 70 12 -92 -30 94 83 14 2 95 -17 -23 -68 -53 -92 51 -52 -42 68 -69 73 -32 1 32 -38 12 72 28 85 -39 48 41 8 -74 4 -93 -68 19 -3 22 -74
53 28 -7 -9 43 94 92 71 15 48 29 -59 63 -19 -87 -78 -67 -82 10 -56 -29 49 28 85 -29 -58 -68 36 -90 62 91 -43 -45 -20 -41 -61 26 -32 90 87 -54 -22 -8 67 88 52 83 66 -56 59 -7 -2 25 -33 65
-54 93 81 17 -22 -26 -83 -37 -9 39 88 -38 -89 -87 -93 -24 12 93 57 49 -45 58 21 -91 57 87 -96 -23 -23 -37 34 16 25 -13 -2 89 -98 4 -93 -71 -12 -22 55 -22 59 -96 63 -53 62 -31 -27 26 -11 78 -94
31 86 -32 52 -77 88 49 -79 -78 -48 -18 28 68 0 80 -49 18 76 -84 10 -81 -50 23 27 21 53 53 39 74 -94 4 -72 42 83 -99 -72 -81 59 -37 -60 5 -39 15 60 -93 48 2 -22 -24 16 -36 -63 18 2 78
0 -11 -70 35 95 73 -48 12 -47 -27 7 -68 43 83 -38 8 12 -4 11 52 13 -19 -98 -46 -45 58 -2 76 11 42 14 28 -11 -77 -29 97 -68 0 -40 29 85 0 -86 14 70 25 21 -94 65 -28 -34 -34 25 -69 -61
-25 -45 32 79 2 33 48 67 58 -93 40 89 -31 -97 -74 -53 73 3 -85 28 66 -96 -48 76 95 98 87 -14 68 -75 -77 -91 27 -70 75 84 31 26 91 23 -32 -22 -69 61 41 15 -21 39 -90 92 -81 5 -86 -70 32
47 40 56 -92 63 -96 3 23 53 52 -33 10 99 -77 39 19 -37 78 -39 36 61 -54 5 56 -83 -35 -88 -45 -67 52 -76 -38 39 52 18 12 -75 56 3 -81 92 -85 -69 -27 14 -26 -57 8 47 -36 -39 -28 67 83 -7
44 -90 -90 30 -16 -100 9 21 -35 -62 69 9 21 28 -59 92 -71 -7 -33 -75 77 -52 15 99 99 20 17 -47 34 -50 -42 -6 -9 25 40 54 5 58 -79 78 -6 -23 73 -75 -94 28 -17 -1 -33 -61 82 94 -55 52 -16
-37 -45 40 -82 -78 -74 -83 9 -55 42 -43 -27 66 98 -9 -44 -90 95 -59 41 5 40 -18 5 -60 -23 68 82 -10 -87 80 15 -58 72 -83 3 59 -31 -94 13 77 4 12 -29 87 87 52 -47 54 78 -4 -67 -7 17 -24
-95 -14 -75 59 -87 -28 61 79 85 36 -93 73 24 29 57 -12 50 -25 -59 -83 59 15 45 55 26 -91 79 24 61 74 4 99 -23 -95 45 -88 37 72 -50 33 -62 -26 75 -50 53 39 65 67 -64 14 -82 40 -91 -14 51
49 -51 60 -72 55 25 -24 -87 -64 -42 50 -72 -94 38 67 -85 -10 21 68 56 66 49 2 78 -57 -10 -37 -10 -27 81 -56 97 -85 75 19 -13 3 -56 98 -95 37 -16 69 63 -29 54 37 37 30 -80 93 91 63 62 70
58 -48 -98 45 -91 84 -10 40 88 67 -12 -15 -25 -37 91 81 -53 -12 31 97 97 -14 -93 -99 11 65 -79 10 -54 -76 -14 74 -84 -42 30 77 -45 61 -66 34 39 83 -57 -81 -91 79 58 -59 -81 36 75 95 -26 -88 -25
92 -27 -25 81 75 88 -47 -58 79 5 -71 -65 -69 1 72 -33 -9 -90 74 -66 36 -68 -89 -43 -3 -50 -36 -5 14 -66 -77 -48 -23 -61 -32 -72 31 -62 -66 -31 -4 -13 -38 -15 -98 -82 -67 -38 -49 6 -16 87 9 84 67
-12 -87 7 86 8 95 42 12 22 69 38 -11 -43 46 -14 99 93 74 8 87 11 79 3 12 -89 -71 78 52 35 -99 -3 -61 -34 -6 -94 81 2 -94 -39 -13 -45 16 -59 12 2 49 -25 64 56 -64 20 65 55 5 46
-42 93 46 -82 24 -54 -31 -32 -1 -99 48 7 61 65 -34 -21 -95 6 -55 64 78 -35 -80 18 61 60 47 -11 -7 -45 81 -31 1 -26 29 -66 -29 -76 -12 52 71 79 -6 -17 -30 -75 91 81 36 -18 -48 72 60 -81 66
49 -30 -81 78 93 29 24 34 -12 86 72 15 -89 -67 -24 63 34 59 -19 25 81 -16 -91 -14 -54 69 -20 46 68 -4 40 -80 -97 -81 -95 -90 -12 -33 -58 -55 45 46 60 -52 -24 14 80 -46 -7 51 -98 -28 -2 79 50
11 14 -59 48 -93 -28 -8 8 -31 -95 -12 44 -41 -96 -35 92 -10 -90 55 -6 11 -30 -82 50 76 -31 48 -4 -92 5 95 -83 -83 54 -61 -46 54 -87 15 70 -74 9 -30 78 88 -77 -87 -4 32 -81 75 -47 60 11 -18
-97 38 66 -64 -3 81 -82 40 -53 17 97 -74 -15 -16 66 -64 12 95 -66 7 -95 -38 -67 34 -92 -9 30 81 3 96 -2 -28 -10 -97 -19 -20 -70 -22 1 -14 -81 -25 -33 -8 -49 97 15 -43 88 99 88 -75 -93 -76 68
15 -75 -20 -67 65 -74 23 -96 57 -95 96 -95 -67 -29 -73 -73 70 8 -18 17 64 10 -64 -7 -91 91 59 -88 -70 -11 55 74 -54 7 -65 11 98 27 88 -85 70 70 -40 -10 58 -48 97 47 -70 61 86 30 93 11 -83
39 -8 12 -18 -59 -88 6 11 -90 -22 -78 -16 -23 -26 -70 12 62 41 -82 0 21 34 -47 32 57 0 31 -40 78 9 -46 65 9 38 21 -68 -65 77 -64 55 9 31 37 -91 38 28 -21 -14 89 3 -87 -88 37 -73 45
-53 -66 -18 38 -68 -31 59 -74 12 -1 -57 -20 -65 -81 11 73 91 -14 -79 -38 -15 -6 -52 69 -85 -19 53 -41 -57 78 48 -51 67 29 78 -94 -79 0 35 33 93 -46 -29 -69 -99 11 -15 66 64 33 32 -33 10 -59 70
17 7 73 -82 -8 5 -24 -44 9 -8 38 -82 -70 40 98 -15 1 -75 -39 -86 -56 -98 -42 -49 19 -74 -82 13 -99 40 40 -54 96 -91 -27 -75 -45 -4 92 -3 -79 57 -94 -96 72 88 -80 -34 79 -77 53 36 -36 99 -67
-91 20 -100 26 78 12 -11 -94 -24 24 14 -31 36 -38 73 81 -38 -35 -90 -48 -5 66 90 81 -80 -37 -16 -28 -38 70 44 42 43 77 -77 12 -28 83 -74 -76 -87 -55 17 62 42 59 -17 -40 59 76 72 8 -9 81 -2
-75 -96 -60 76 -56 82 80 80 12 -15 -83 98 -84 -89 -28 13 -68 51 -43 -9 -36 -65 62 -36 40 -56 -88 -65 50 20 -75 -53 92 -74 -84 70 1 21 -88 39 -28 -17 -43 42 -13 -96 -67 2 37 39 -94 47 -71 -29 -3
-24 -39 89 -57 34 -33 74 5 -31 -17 75 17 -81 85 4 55 -21 40 -99 -35 43 -48 61 95 -99 -100 -58 -70 -30 -73 -26 -49 -60 91 -81 66 -22 -42 81 35 -47 29 53 52 -90 -42 -83 37 -87 34 51 93 28 -85 -40
58 -91 51 70 -85 55 -99 64 19 32 -73 32 -72 -18 -32 65 -3 43 -82 -50 -43 -93 84 82 -14 -52 -38 -6 -83 -66 29 40 86 82 -23 -47 69 -33 76 -39 66 19 92 -83 -37 -97 52 -14 76 -26 3 -36 -20 48 77
-14 -35 -54 63 8 -4 72 53 -92 82 37 94 -67 -78 50 -46 -15 -76 -42 -62 -57 25 5 10 -68 96 -61 -69 17 -39 11 -5 12 79 -77 -31 -50 11 90 27 6 55 -90 -22 36 -80 -17 81 88 97 64 -86 -76 -13 -9
-78 -41 -55 -78 -90 -92 -45 -20 -26 82 33 -72 -24 -35 -38 -50 -64 37 -51 -36 38 37 33 55 17 55 -8 10 27 30 -23 -59 45 -44 54 -38 77 53 -93 -52 60 43 65 57 -27 75 -63 -86 75 73 -92 -16 -94 -8 -21
97 -72 -100 51 -77 13 -61 -93 72 -86 41 -47 91 94 -53 17 51 79 79 55 5 -25 -46 8 22 52 82 -84 81 -92 -91 -1 46 32 40 88 60 -63 85 -23 80 73 -33 -56 -2 92 -24 -67 -8 -66 70 85 85 30 89
-66 -45 19 0 93 88 38 -92 20 77 -47 -12 -16 -3 94 -53 -94 28 83 55 -4 -37 20 -69 -42 -13 42 96 -63 -96 -22 -17 61 65 73 -5 -42 28 79 93 -76 -89 -71 -9 59 -67 36 84 -33 93 -89 -49 84 -79 96
60 -50 94 25 5 -99 -41 20 94 -77 15 -11 67 40 86 -88 16 -91 -60 42 -40 0 -4 -20 42 -48 -45 5 41 -14 33 63 -77 19 70 -74 -27 31 -31 -12 53 -31 37 88 80 67 -66 -25 -19 -72 -5 52 41 -31 67
69 -84 -27 69 -74 4 -52 82 -6 97 -74 -10 -10 -88 55 47 -64 12 -26 45 32 66 71 67 -25 36 -11 -52 -3 -23 92 -46 -57 -54 62 99 9 56 20 13 -81 4 55 60 -53 -1 71 -71 -46 -29 -4 -83 -33 -79 51
38 5 -83 -52 17 -73 -25 34 -79 34 -76 -30 14 -98 -92 88 -78 -96 21 -58 0 68 40 -90 38 -47 -54 -55 13 45 -90 81 -74 59 -96 21 87 -63 45 -69 54 39 90 -29 -42 -35 74 8 0 69 4 42 35 -63 76
75 -41 78 1 87 62 33 -9 -65 -68 24 62 -97 89 -100 -6 -82 -68 45 -68 87 82 39 97 -58 -73 -68 26 -36 -3 83 -52 7 -69 31 -16 -60 -97 -61 -74 -10 15 -52 37 -85 -11 -1 -74 -27 25 -27 -78 63 -21 3
-15 16 73 71 -27 37 -43 -55 94 -54 19 46 23 40 81 -13 73 94 -8 8 -41 -71 99 -70 81 70 -74 -67 -51 -38 80 -46 50 64 67 30 15 74 -36 75 52 -61 78 -85 63 13 84 -22 58 63 -97 75 -30 -31 68
-99 -5 58 50 -32 -21 -62 26 -69 -35 -12 96 7 6 46 -63 2 -75 36 21 61 -2 -31 -97 54 72 -48 11 -51 -32 -21 56 -71 5 -47 5 -21 -3 -75 97 -18 -32 -75 -35 36 12 72 -27 -67 48 -13 -16 -36 38 6
-93 74 2 50 36 23 24 -42 -42 13 77 43 25 64 -60 -84 12 -29 -100 18 45 5 -48 -73 71 -12 23 82 94 -64 5 -62 -97 3 -62 86 28 -80 65 -77 -18 26 -20 16 -37 46 54 -49 35 -61 97 45 -42 -64 57
-28 -24 31 49 -58 -1 -14 77 70 -60 -77 -65 -15 -48 56 -3 -21 74 86 -85 -1 -66 13 -27 62 -65 37 32 -12 -48 -25 41 87 72 71 -74 98 44 -55 -60 57 74 57 -23 -82 3 -89 11 -85 87 -5 -56 -79 72 -18
-57 33 -80 -7 39 96 -68 33 71 8 46 27 86 -19 93 -91 68 45 -32 -26 -16 52 99 -74 11 -58 16 -7 -99 -50 73 -9 94 63 -59 -16 -80 25 -70 15 -77 -81 -69 -68 57 -42 -31 -66 -52 -40 -42 -79 -60 26 -88
-100 -51 -77 -5 -34 80 86 -46 83 73 -23 23 -39 73 31 -39 -16 93 27 -34 -7 -97 -2 -15 -91 -85 19 -11 -46 61 49 75 -70 97 9 32 -52 11 -31 91 -81 -96 -49 30 -12 68 10 -94 -100 -75 -75 96 34 -48 77
13 10 91 -42 -19 -87 -37 33 12 -25 7 1 -88 83 20 6 83 -3 67 -87 33 42 0 89 -68 -13 -53 61 8 -81 -68 -29 44 -53 -93 33 -75 -89 94 26 2 -13 -89 91 -77 57 37 78 -13 36 18 79 -56 42 68
69 96 62 32 67 95 -39 68 -8 -34 -46 -85 84 22 -93 -33 -52 13 78 -6 -81 96 72 85 97 82 -11 -99 48 52 -12 34 22 14 68 -62 95 -76 79 86 91 -12 -2 -21 6 -25 -27 60 -82 -25 -7 86 -84 -64 39
-12 -17 41 -1 36 46 85 88 -7 52 93 77 -62 16 -96 9 75 22 -90 -64 -85 48 -63 -10 86 -71 6 67 68 -36 -78 47 -62 24 -8 -94 31 -89 74 31 73 -97 30 26 57 -8 19 96 60 39 -13 22 51 -22 60
21 54 -27 -86 -100 -27 -3 39 63 -9 75 86 78 -26 4 -4 -15 34 -82 -88 42 61 -35 -12 -37 95 -65 36 -94 4 -84 71 34 75 50 -68 -83 -57 -64 47 -1 67 34 99 12 1 -60 34 92 68 50 83 -82 40 -32
44 10 -98 5 -39 -36 -4 70 43 -50 -12 -40 51 -27 -92 93 -87 79 54 27 1 -37 33 -79 77 74 31 -85 81 36 -72 -48 90 86 -32 83 88 67 76 -1 -49 -72 35 38 -16 84 10 92 77 40 -64 -9 -19 19 68
65 -11 34 -84 -31 96 78 79 23 39 46 76 -65 -92 15 -67 -80 11 40 55 94 -29 -5 43 -84 -44 -7 1 93 -46 93 59 13 41 -52 41 4 -88 19 -44 3 -94 26 12 34 -5 -64 77 97 17 7 -81 -66 -61 -23
-18 -34 38 98 66 -57 -43 -72 7 -75 -23 9 31 -52 -62 28 78 38 20 -93 -73 -12 -82 87 -34 18 -33 -44 -35 7 73 -2 -53 -38 -14 -44 -55 -85 57 -76 -9 49 -50 16 71 32 69 -96 -25 -42 -19 16 69 -59 -100
82 38 -45 -35 -73 64 -72 52 -13 81 -56 -63 -50 88 -77 4 50 74 17 88 17 47 89 -69 39 94 -21 60 -47 -82 -91 -42 36 15 67 92 40 16 51 -59 -34 -30 8 3 -96 -91 -19 -58 -71 -94 -52 54 37 -24 -41
65 -14 99 39 42 -98 90 -93 -69 -78 -64 36 36 -40 -11 30 -100 -78 53 65 -1 91 -46 9 40 17 14 -53 25 43 11 82 -23 95 -66 -72 46 56 97 56 -52 -58 -15 92 -76 -74 -17 58 -24 -36 82 -51 53 -10 69
-71 58 -5 -59 -26 49 51 -33 33 -5 -56 -41 56 1 86 83 -52 96 -41 65 -12 -44 27 30 31 41 38 26 -54 30 97 32 67 43 -58 81 -91 12 54 91 62 -65 69 -82 85 -22 41 -40 -25 88 -2 -38 -4 78 -74
-5 13 -8 -57 35 97 -30 -83 18 -47 36 -70 -23 48 -19 -13 97 -17 -61 -27 4 32 -46 47 -31 -31 92 -22 -93 -93 -96 -1 -92 -60 85 -89 -26 26 88 97 -29 81 -100 23 53 78 -78 66 0 85 -94 48 55 64 -87
-22 20 -7 67 -21 84 66 90 -66 -38 -85 -73 -33 -5 12 -63 69 -70 -12 -76 86 -51 -63 -52 84 -24 88 26 -50 96 39 46 18 18 -47 61 -55 -11 74 69 -4 -10 -53 55 -34 27 89 -20 2 -95 -55 20 -58 -47 15
42 79 -63 -81 -20 0 32 99 -15 93 -60 -81 84 45 71 -55 -56 64 14 -20 60 20 -84 39 -14 -18 -33 26 -45 40 -62 57 29 -98 59 76 -97 -59 -83 37 3 45 -80 36 -35 46 24 -17 -4 58 -36 94 -73 42 -8
71 98 -28 20 -59 89 -6 -10 94 44 78 -82 -11 91 13 89 37 -52 26 32 47 27 -59 -7 -50 -23 -53 94 41 -72 -65 -35 41 -67 -23 -63 -61 7 -90 -90 -24 24 49 -46 27 -70 -47 98 99 -93 -70 -21 -30 -20 -16
-94 53 78 74 30 -60 94 99 -3 60 -85 -49 84 68 -83 28 -13 -91 16 -2 7 62 -70 -8 82 -90 73 -1 96 -45 96 57 -60 -45 4 -73 -37 17 -54 95 62 -38 43 -11 30 16 82 -94 51 46 78 85 -82 70 -77
18 88 48 -50 -48 17 91 -32 8 -51 9 58 10 45 62 -37 10 -14 -7 -10 67 -89 6 -9 -94 -80 35 -1 87 21 -6 -66 88 -85 -97 -87 54 -91 -30 -20 -61 -89 -17 -7 36 -69 -28 82 -36 8 -6 67 -62 -8 32
92 -20 24 36 53 19 -11 83 43 81 -19 92 -22 -56 -28 -16 -61 -12 48 -100 -71 60 -25 -54 -74 -66 -48 -11 -37 65 71 -12 88 -90 13 33 48 -87 -9 90 57 -27 -19 47 -30 46 -98 -99 78 -53 98 -30 97 19 96
90 -16 -73 -78 -14 69 24 46 75 3 -94 14 -7 -1 42 -7 -35 -64 68 27 87 -47 89 -69 -48 52 -26 -52 55 33 -40 -58 -62 -41 -89 38 16 90 -96 -53 93 -74 72 74 -91 67 93 -35 68 2 -1 -17 22 -34 15
-45 42 -90 55 -98 -28 82 -61 66 4 20 14 4 65 66 -64 -64 17 97 6 -13 21 -52 -70 -62 25 -36 93 57 10 -46 -86 -66 11 -13 69 -88 89 -4 -4 -86 29 55 -3 4 -69 -20 96 -61 -79 -53 38 -72 -7 -88
-38 -57 66 -7 39 -55 -4 36 -14 -4 3 12 57 -23 62 -66 76 -97 64 -25 11 6 39 57 41 86 -85 37 87 25 -95 42 -92 78 -40 -57 19 -81 -52 -27 6 -98 66 -63 90 83 99 -71 74 -23 28 53 -63 -6 -68
-8 -30 0 -16 -58 -62 -82 92 88 -32 -26 -93 -2 11 -28 17 -99 30 42 47 -63 64 61 -73 20 -73 -15 72 48 -51 33 -60 89 59 73 -24 71 -98 95 76 -85 -81 23 83 -1 55 -58 77 59 26 74 99 45 -61 -40
-37 24 49 69 -10 -87 -47 -31 -91 30 -100 -71 -85 -17 -13 -68 -1 -14 47 -79 -72 74 86 87 -82 63 -93 52 15 52 68 42 7 93 2 7 76 23 45 99 -55 -35 -74 56 56 0 25 -19 54 46 -45 60 -79 78 32
-91 53 -29 -8 2 16 39 34 20 -21 58 26 -27 26 11 -81 -96 -34 54 16 -90 -40 95 81 -53 56 -58 16 0 48 -76 -83 -71 -86 76 -47 42 1 77 14 54 23 -81 -33 -55 42 -67 97 -57 -20 -70 -5 11 60 -98
-22 -52 7 -69 56 -35 -77 11 94 -84 85 53 -65 94 1 63 -90 25 -38 22 91 -7 27 4 -5 -41 85 -63 30 -89 -47 -19 68 -47 57 12 42 11 -29 36 41 -11 38 11 -39 -91 -17 -51 92 -45 45 -84 -99 -73 -12
-72 -77 -54 -41 -46 1 -37 -22 11 0 -53 -17 -46 -50 -6 15 78 -63 11 28 -63 -65 70 20 78 -80 54 72 28 -50 18 -66 34 -13 79 -28 38 -100 -83 -26 33 -19 -40 -55 69 -27 3 -47 -54 -53 -64 -64 21 -63 -37
-80 50 48 -88 -69 20 -67 34 -87 42 -46 13 10 -84 96 54 -84 -26 -53 42 87 76 78 -12 79 40 -95 27 58 31 -8 35 -5 26 62 3 -74 -100 58 47 -27 -72 -47 -10 -86 29 -28 -73 53 -77 -69 23 -23 -32 -86
39 -70 -89 2 -4 10 9 -29 70 -76 86 74 -19 -16 -19 -90 57 33 58 7 -71 43 -16 -16 78 65 56 -76 -15 -66 -56 -33 -30 42 -25 -73 75 63 32 -45 12 93 38 90 -16 19 -17 -81 0 -82 59 -100 -98 -89 -98
5 -75 72 76 -18 87 31 13 -57 -65 23 2 63 40 75 -74 -97 -91 -12 8 -88 99 61 33 -72 76 85 -23 80 61 20 7 50 42 -70 40 -46 41 92 -10 57 -52 -15 -51 50 -13 20 19 87 -63 66 87 -29 94 31
67 54 -51 28 52 -12 -26 19 98 79 79 30 -37 -50 7 -35 28 -34 91 71 -29 96 -76 -5 47 -45 -23 55 -15 92 -15 33 63 -69 83 -53 -18 -9 -38 52 15 -35 75 -67 54 -91 -39 -86 -73 -59 11 66 74 34 11
-16 -15 4 67 51 -98 26 -92 26 98 -98 -89 44 52 -78 -81 -25 7 -46 6 39 8 -36 -41 90 86 30 -12 26 90 -9 89 -45 -47 -63 -48 53 -33 53 -89 -45 -65 -81 -41 -11 41 -61 -2 68 -6 -55 15 -84 -86 45
9 -1 18 -6 -35 -97 44 -8 12 -37 -24 -62 -95 30 28 85 58 85 36 -17 -12 24 -86 28 -73 -38 -96 7 8 -100 51 7 -33 63 -94 -96 56 -7 48 51 21 17 86 -64 -100 -42 60 91 -3 -34 -63 37 95 27 34
-27 -77 -22 7 94 24 -33 20 67 -63 -37 -57 -24 4 55 -27 50 37 14 -46 -30 -93 -91 -8 70 56 -98 87 -31 70 -89 -17 -51 -88 52 -54 -67 -33 92 -19 39 7 -38 -72 -62 82 58 -52 -3 -6 -32 29 -8 -68 -69
48 15 -21 -81 70 -20 -61 27 65 91 72 -56 39 -35 -90 -76 85 -3 -22 -90 -98 95 32 -30 -76 90 -18 -89 30 99 -55 72 -30 -20 63 -40 13 -19 -43 -71 81 -62 98 -2 -26 -92 -13 79 -27 45 -32 45 8 -2 -73
95 78 -37 0 -99 86 98 -87 83 65 -49 -86 56 -83 28 -85 39 -49 79 29 45 -79 60 -1 45 -92 -91 -54 56 71 -25 39 9 9 39 63 -56 -68 -59 -29 53 91 -96 -42 88 -43 58 -65 86 18 -28 27 -97 13 29
82 77 -53 -49 -39 55 19 35 40 55 -58 7 -27 -31 -23 -75 -79 6 33 -91 -31 96 14 45 -96 30 -77 1 -69 42 -99 -34 -99 -63 -31 59 44 -62 51 -39 35 51 -75 10 -55 88 -27 -7 -6 38 98 -96 37 -33 -56
-80 -58 7 -79 44 29 -82 -98 71 54 -49 79 -57 42 -47 80 18 22 11 29 -72 -93 37 7 97 54 12 -81 17 0 -89 -22 -88 33 -16 -35 7 -39 45 -53 -16 7 -80 69 -51 85 3 -79 44 -93 24 -49 98 -93 -32
79 69 -67 -70 -49 70 12 -74 84 71 -71 35 62 25 47 -50 34 -38 54 -52 58 -20 52 -55 -1 -39 -80 82 42 -18 73 -80 -73 86 -41 94 75 49 -24 -75 -25 -12 46 -34 77 -5 55 16 -93 68 -75 -30 87 5 70
-13 -55 33 63 -24 15 79 -19 54 -36 35 60 -87 -6 1 12 12 -29 -32 32 26 2 -93 -95 -52 47 14 -85 -36 -77 47 -83 -7 64 66 -1 -60 69 74 -41 82 9 85 -35 -37 37 -33 -80 75 -73 89 -96 -73 12 83
-3 34 14 -48 -17 8 54 -70 -16 43 36 -82 -72 4 -35 -15 47 -28 -44 74 64 -77 -44 50 -84 -78 -20 -87 -28 -44 -52 67 -85 18 -65 19 -45 -17 -70 39 -89 72 -20 84 9 -95 -18 -45 38 76 5 -4 -50 11 -42
-54 0 16 33 -56 -83 67 1 -30 92 27 83 -10 -10 41 21 -52 90 2 25 77 -28 83 -39 -8 -62 97 -35 51 16 -55 12 15 52 70 -97 -4 52 50 92 -40 38 79 -31 90 -24 -99 87 36 25 -25 -30 16 80 81
-66 -71 -100 -3 52 -19 -20 -18 -27 -54 -96 52 78 31 -17 34 28 37 -46 -60 -86 86 -63 -43 49 -68 -27 -16 24 -67 -43 45 20 -3 -67 86 -79 12 36 82 58 -14 -68 18 53 89 56 83 42 -6 17 99 -90 -46 -39
-33 83 70 36 76 -62 76 -5 -11 -36 84 51 29 37 -88 -66 5 2 -88 -31 8 -4 16 -91 -36 94 86 -79 -68 -76 54 0 -36 -44 -63 -1 21 33 -2 -14 34 -99 -89 96 -22 -65 -9 -36 -82 -98 -6 21 -19 53 -90
-80 47 -73 -39 44 -33 -4 -45 -58 12 -75 21 -1 -95 -60 34 -13 -100 -8 -11 -85 36 96 43 77 23 45 34 49 -14 5 43 -40 -62 13 -36 -55 51 -25 -64 -60 -49 5 67 18 33 -36 -71 52 -53 84 62 75 -4 -65
35 88 -10 8 -40 94 23 47 -35 -68 -18 50 -98 63 17 85 22 40 85 69 -14 90 -99 49 73 70 -98 -78 99 -6 3 -51 16 -49 28 23 58 -86 44 41 -58 -90 59 -45 39 -8 89 53 -53 -37 -43 44 -54 29 53
-86 -100 -6 30 34 -69 -97 -81 2 -23 -87 49 17 82 -17 89 27 77 29 49 -93 39 3 -29 -48 -71 54 48 -13 -52 -67 25 -80 26 -90 -68 43 -50 -86 -40 -67 54 -10 -68 39 -24 20 -83 86 59 57 39 -96 -41 16
-41 -10 -8 63 6 74 47 49 0 98 73 36 77 94 44 91 32 -73 64 94 63 -8 -86 64 10 -94 -17 -38 87 -62 -50 -97 -36 53 6 -32 -17 -96 67 -64 19 57 11 -46 76 58 62 -54 -11 -65 -35 -95 -72 -91 98
-99 30 78 25 -24 -17 90 93 -16 -12 0 21 15 3 5 24 76 -94 44 56 50 -96 -72 -53 39 -55 -10 95 -65 -48 -58 23 34 66 -62 -63 -100 56 -32 59 27 -51 -3 -35 -18 89 59 -73 92 -91 -84 62 3 40 23
-60 -54 58 91 70 -71 -73 -30 50 47 54 64 -16 -36 -62 67 -80 16 88 85 -60 -20 -30 39 -16 -72 92 -31 71 28 69 16 -97 27 81 -81 -15 93 -84 -39 -70 -60 -47 37 77 97 -4 -61 4 -16 -3 -25 -36 49 46
76 25 8 38 -62 -70 71 -89 74 -65 -45 13 -79 -88 4 -79 -92 -57 -39 76 -52 -32 -5 -96 66 40 -87 -13 92 -68 -35 -51 56 -52 4 -11 -32 32 43 54 86 57 -48 80 26 99 -97 76 27 65 -26 -80 -5 58 -45
-100 46 -21 -100 92 27 -51 -32 -81 59 40 -92 -1 42 80 56 26 -100 87 59 56 -70 11 -4 22 -75 1 -5 3 -86 -78 -65 97 71 37 26 30 53 -66 -70 -5 54 21 88 -51 -79 -6 86 -46 19 -64 -3 -66 40 -81
-11 -33 67 -50 -16 61 -46 -16 -39 -57 -74 -9 -15 -94 -23 15 -45 -77 33 4 1 -66 36 -2 -91 40 4 -20 -100 66 69 -25 -16 -9 -60 -63 22 88 -69 77 -8 85 82 -56 91 -88 -16 64 83 -19 -85 28 13 -60 60
-67 -3 82 -58 20 90 84 -96 44 87 -27 25 -16 99 59 -60 -56 51 -19 -28 64 -66 -9 66 -30 -54 -46 4 -2 77 69 72 -18 -74 88 42 87 -67 43 42 29 33 3 90 -91 -39 5 -18 -23 60 85 84 -56 92 -23
54 60 16 -39 70 40 -6 -54 -71 42 33 -68 -97 37 47 -15 83 -14 53 31 62 88 30 -57 64 9 10 -42 -71 39 -44 84 85 -89 -75 28 63 -84 -22 -53 -41 -49 -76 61 -50 -42 31 4 -30 11 53 -14 -75 -73 -84
9 35 87 53 96 76 -99 -34 -15 -58 73 74 -55 -1 -86 31 -32 97 63 0 -14 -1 99 -67 13 -81 -87 -72 60 -79 28 73 58 -50 67 -91 99 52 74 9 -96 42 -20 93 -23 15 -56 63 -39 -16 -94 -66 60 -15 67
17 -20 -13 -21 -90 -84 47 -82 -25 36 42 -83 -70 -97 74 -1 95 -15 48 40 48 20 70 -48 -60 -75 -61 22 -44 3 -27 -65 -5 56 -26 74 63 92 -70 22 -59 37 -89 54 -100 11 -82 12 7 -45 -7 -61 33 -86 -50
41 -27 85 -13 29 4 7 82 -34 -5 19 -17 -27 -85 -78 -89 91 74 -90 4 -99 35 -32 15 71 17 0 21 79 -86 -5 28 -20 90 49 23 -73 -91 31 57 56 -71 91 95 -68 -70 15 65 -27 -40 -9 -62 -5 -49 86
85 -94 -90 -10 -53 67 -86 70 74 -8 99 -87 -80 -78 -98 -27 -71 -75 -11 -79 93 15 -99 -53 -82 -59 -66 -64 72 -18 96 13 -55 -100 84 78 -5 -8 96 -11 8 -99 -72 93 -74 -64 -87 -1 -5 -42 -17 -59 74 -65 -14
-3 54 98 12 -47 39 24 -50 -68 -37 -99 -76 -57 95 -11 -82 62 78 91 49 -44 -40 0 -59 46 -2 98 -97 -98 38 -21 -22 -49 19 76 26 -31 46 25 -6 -99 66 -82 62 -21 84 34 -29 9 -46 -61 86 24 15 27
-22 -14 84 -46 -10 78 -8 83 -98 -9 42 99 -8 1 -58 0 34 -58 7 54 -21 -64 -91 -16 47 -48 -33 20 47 71 58 0 -80 -6 -22 -44 -70 27 -48 56 44 -90 -83 56 38 81 15 -91 -48 16 -38 -59 -63 16 88
5 66 -86 67 -33 84 58 34 55 -41 -80 2 2 -3 94 -25 57 -2 -68 -44 -6 77 65 24 56 -46 -45 -71 -28 18 73 -19 -20 84 22 -2 11 -99 0 22 -64 87 42 4 84 -59 -89 -75 -82 -54 -47 -1 57 -29 -39
