82 73
-73 -1 2 12 -85 -11 -6 21 -27 -38 40 19 99 15 -68 96 81 15 -48 -100 30 -62 88 -54 4 -27 -82 97 -40 76 17 15 99 -14 47 33 72 -80 -15 -3 -65 12 -26 4 -95 -60 10 42 -43 -36 -80 56 -45 -76 -10 -19 55 -2 8 16 -89 46 32 -16 80 -5 52 71 23 21 0 -35 12
-33 62 73 -5 70 83 -18 -2 67 -36 -53 -91 6 -40 34 -56 19 56 -2 14 42 20 -1 46 -79 -80 -32 -97 -52 63 -29 75 64 -89 -37 -7 -83 -27 34 -37 -69 18 52 5 6 -89 59 -88 36 -84 -27 -11 29 47 -37 45 -51 -13 83 65 31 -89 -32 -98 34 57 16 -85 32 82 87 -50 20
-52 3 -61 -76 -30 -97 -98 40 -58 75 76 -86 -48 -20 -43 -10 -18 -48 85 -92 23 -27 -61 -5 -67 2 -7 -24 58 94 61 23 81 48 95 -31 -63 46 -68 80 -91 -70 66 -57 56 50 70 45 -40 -1 -46 -13 -73 -72 67 91 98 96 -22 -52 -77 5 33 -12 -30 83 -24 -11 -36 -96 16 -5 -6
41 9 36 86 -59 39 -63 73 -8 -78 21 -72 19 -26 59 72 -70 -57 -11 47 70 73 -86 30 52 40 39 76 -11 44 82 -36 -41 -1 -77 -14 53 89 83 33 -13 -13 -31 -95 53 -21 -77 71 -89 16 -54 46 39 -41 66 5 -85 29 80 -56 77 38 28 -85 -10 -75 1 -92 -14 -84 -13 17 -16
-66 96 -14 -91 44 66 40 -63 -27 76 -90 -38 -63 91 -1 -16 72 15 -15 49 -10 -22 40 -19 91 17 85 36 -48 80 -40 -33 -29 -22 44 -67 95 -7 18 47 14 75 -55 -50 25 -34 -51 83 -47 -11 -43 79 -34 68 90 68 88 -16 -76 68 -35 -85 -10 -32 58 -74 94 -36 -35 -97 38 33 90
78 30 51 -59 91 46 20 8 18 -98 8 -35 89 -87 99 29 -71 81 -24 58 3 4 -60 -29 29 64 -54 54 -51 27 -65 75 -2 94 9 -59 -79 -86 84 -76 29 68 45 90 58 85 -30 -53 -86 21 -79 8 -87 17 9 45 -18 -6 -17 34 11 -23 41 23 50 8 -64 -13 -32 -62 81 79 87
85 28 46 14 -57 66 56 43 55 0 -9 36 -18 57 97 -46 -99 83 -88 56 -64 -8 47 -5 20 8 -26 -95 -3 -35 -1 63 59 63 9 -42 86 -55 28 29 71 36 23 -11 -95 -54 -1 57 48 -18 65 12 -79 -62 10 64 58 65 -35 28 -37 6 -67 37 -26 -12 59 41 -94 -48 57 -40 70
20 -48 12 60 54 -57 -62 76 -48 -59 -72 3 16 98 98 -37 51 97 -48 -59 -10 16 67 60 -59 43 -56 28 -17 -50 27 -37 -22 33 -32 -89 -93 41 -11 -32 97 -76 -20 -82 -21 13 8 -82 38 10 -10 26 83 -30 -89 -41 -79 -86 -30 -69 79 -62 31 38 -35 -44 -87 -80 83 -12 12 -12 49
-66 -1 99 25 -20 51 52 98 -57 -26 42 39 -31 -63 22 63 -39 80 95 -34 38 -53 0 68 47 -8 -23 37 -94 -60 -88 -23 59 -94 1 -60 -25 -45 3 -64 10 -73 78 89 6 90 -86 -63 -26 90 -7 -82 -46 24 24 9 3 -91 97 -56 -39 55 -75 47 26 -19 -88 -14 62 55 -42 22 57
97 13 -87 -71 -14 10 38 -87 -25 24 -11 -59 -83 -98 75 23 88 -7 94 -54 13 26 -44 -68 95 -87 13 89 -72 -86 -43 69 -43 -9 -25 -94 80 62 -66 -20 0 84 21 -23 91 -62 50 77 47 72 -42 4 6 23 -95 -23 40 -85 -53 -41 21 -23 78 -66 -29 -20 -78 57 -28 -98 -47 37 -44
-2 -67 -44 -86 77 86 3 29 -66 24 33 -31 5 20 -39 -31 22 38 -39 63 34 -48 76 -78 -83 -83 53 -32 75 -9 -74 -12 -51 61 95 33 78 -1 -22 64 11 92 15 -90 35 -33 -76 90 99 77 39 -19 -19 10 55 -77 25 -99 55 -23 -100 -55 85 0 17 -43 -70 97 78 37 -22 40 -8
50 -81 46 57 -63 41 2 73 40 -79 16 -38 -50 -66 -27 -39 35 -89 90 -22 -27 90 55 -53 -12 -51 33 -76 49 -45 7 -36 99 -31 33 -72 57 57 -70 0 55 55 48 98 -29 -86 33 -92 -73 85 -71 20 36 23 1 -31 -60 -40 42 8 -87 -75 98 40 53 -59 -98 79 -47 20 -15 96 -38
-24 28 53 -31 -69 -17 10 -31 97 -2 -22 -42 98 -81 54 76 90 -5 -30 -90 -25 44 -38 -55 -37 -74 -10 -48 50 40 74 17 -26 85 -31 71 57 30 -93 34 18 -62 -44 -68 5 -95 55 13 -44 -59 91 -15 98 -6 36 56 18 80 -19 -26 99 -9 -59 60 87 -14 -64 71 4 38 0 -24 42
-35 -69 44 30 -50 30 45 -74 -32 98 80 22 -41 -42 16 -93 53 21 43 -10 21 -70 11 12 -60 -47 64 -85 -40 -16 68 47 -34 -74 -80 -34 -97 58 85 -80 -29 63 5 43 -63 22 -62 86 68 -43 15 -11 74 -97 -57 28 -38 -35 42 39 76 51 95 -70 -58 -91 -90 -92 35 51 -3 -54 86
-29 -66 -71 -16 -18 15 -37 63 78 74 54 -49 87 6 -95 -91 26 62 97 -79 -14 -72 43 92 -39 -96 90 -93 -86 22 -5 59 -19 -59 -17 -83 22 -74 66 43 -50 -91 -78 44 31 1 -7 12 -62 -22 -58 -80 68 -18 57 65 -64 53 46 -25 46 54 52 -97 -67 1 79 72 84 -74 42 90 -8
70 -39 64 17 49 69 40 -19 15 1 57 73 59 -3 44 -91 -91 81 78 7 -34 13 13 -21 50 -41 -88 10 -39 92 60 25 -58 -54 20 -12 12 -43 41 42 61 1 -61 -63 -58 -24 -10 21 -81 -29 -80 -10 -81 -66 -14 16 -8 72 22 32 -82 72 16 19 -27 -82 8 -88 -60 73 -2 57 69
-27 -2 -75 95 -80 -33 2 69 92 -73 74 16 55 -39 83 -70 97 -55 44 5 54 95 21 -20 -74 -53 54 63 81 72 74 -43 -82 -13 29 -3 -19 -82 19 38 92 -24 75 80 -1 -48 -35 66 -76 82 -96 -90 -34 40 -41 9 -16 13 -60 95 68 94 -18 79 -92 -78 -97 -86 97 -76 89 42 -46
46 98 49 16 -89 61 -97 71 24 -69 -31 -81 36 -30 -58 76 -57 61 99 -61 9 52 49 -17 -62 -3 -11 58 -96 -29 57 -65 94 46 74 -32 -64 11 -94 35 -12 38 -98 83 11 -67 -78 28 -39 62 83 54 -40 -36 85 -82 28 86 -17 74 -77 1 -68 -77 -21 47 59 8 24 -65 -95 8 78
63 77 -24 28 -88 60 62 50 89 -57 -75 -60 -90 34 -37 -57 11 38 39 -84 -69 73 46 43 94 -12 -56 -78 98 -99 22 -43 -88 46 -97 -72 43 -98 -92 83 13 -49 16 45 -5 -56 -100 92 2 -85 -30 -4 -46 -7 0 22 73 61 31 75 43 22 -19 -22 49 41 -8 -42 -89 87 -36 91 35
35 14 74 67 94 82 75 -43 -82 -30 10 -59 -36 -48 -58 -69 -74 -49 78 59 -35 20 20 97 79 -14 7 76 -9 31 -5 18 67 89 -92 84 62 -67 -21 -36 39 -71 -49 44 -37 -96 -48 -23 15 -2 25 40 56 -52 52 -56 54 87 -30 -24 22 12 -94 82 -65 -1 -70 -80 95 76 20 -27 -49
53 -13 -8 28 62 -41 -51 8 93 -12 36 25 -91 97 38 -17 45 48 -35 84 -83 -39 -21 79 89 -67 -10 65 -55 -32 66 -60 39 21 56 33 35 -72 78 1 -28 48 -1 94 -49 -60 -76 27 -35 -48 -30 49 56 -48 -10 51 22 -52 55 84 34 84 -85 -24 -65 -98 -12 -88 -98 14 92 -62 58
-11 95 25 58 53 -95 96 7 -69 32 21 -58 62 -78 -12 -48 16 -79 -8 48 -45 54 -55 -91 -19 53 -29 -87 95 -56 -52 65 -94 70 72 -51 35 13 -48 -54 -87 69 -64 -41 -100 -57 40 45 16 38 30 91 -46 -19 17 16 -77 -78 -55 18 75 -15 37 87 64 -53 93 50 38 -23 2 16 25
11 -38 27 97 -82 -24 -74 37 70 68 -93 84 24 39 -70 -73 83 2 74 -53 -41 -33 -91 6 95 -57 -49 -56 51 5 -1 44 34 68 -31 -58 70 77 -93 7 56 11 -97 -65 -3 -21 -55 -62 33 -27 -63 95 -93 -24 99 -19 25 -58 -83 54 22 3 0 -55 57 84 -21 -86 55 -91 -84 61 -20
-36 65 -13 -82 -84 -26 4 -54 60 -97 94 60 -46 16 44 -39 10 -20 -5 -1 83 43 17 -24 43 -81 -50 -14 -46 -63 8 -62 61 -25 -87 -70 -84 -47 84 -23 94 68 9 -86 -93 -66 -76 72 -69 43 -51 56 -83 40 -45 -65 10 54 -22 6 -93 -95 -33 -93 72 -14 -23 2 58 33 -93 -77 -29
-65 63 62 -11 51 61 4 25 11 60 -72 -7 -50 -8 23 47 88 -19 -13 -88 -91 27 38 -5 57 -38 -99 70 56 80 -6 -13 -95 -63 87 -65 80 62 -48 -28 61 25 80 79 -73 72 -66 52 -76 -64 -38 64 -75 19 -5 32 -18 -19 19 96 -20 -52 45 71 -46 -34 69 33 93 16 49 -44 71
-100 -1 95 -95 10 -49 16 -92 42 90 -59 49 16 -45 46 23 33 -20 97 86 30 -60 -51 26 47 17 -85 10 -54 -23 25 -79 -36 -27 41 -59 62 -9 67 14 -12 59 -98 97 66 36 -100 -50 79 65 79 -26 87 -40 14 33 -36 65 -35 7 53 31 60 -35 -79 50 -98 10 94 56 -4 59 21
21 19 68 -16 -95 60 -39 -33 -79 67 28 87 -8 58 -10 92 80 15 11 -24 -21 3 57 -99 71 -60 10 7 89 -3 -5 46 -47 -84 20 35 71 85 32 -32 52 -99 -81 5 69 -94 19 32 51 -87 71 -68 38 -65 55 86 -93 36 -13 84 -85 -75 -58 -42 30 33 -9 18 24 71 -27 -85 27
38 -24 -79 69 -20 -58 7 68 -77 -13 73 -65 33 53 84 54 -9 79 74 -67 36 -77 -90 53 59 78 -90 -5 42 62 -73 -59 -20 -25 60 18 -30 -17 98 -54 -43 -17 94 -58 71 -21 32 9 -21 -28 -28 55 18 36 78 -52 -72 -40 -10 -71 -74 -19 -84 18 49 -84 -82 -52 -6 40 -56 93 -56
-37 67 44 59 -61 49 59 -70 74 -56 -95 -41 7 61 77 -39 39 51 80 -53 16 52 11 -21 15 -66 -95 -26 -56 74 -82 -6 -10 33 32 4 -100 -48 84 -46 -85 -1 20 44 37 52 56 -73 1 -12 19 -7 56 93 -1 -44 80 -83 83 29 30 39 -84 -36 9 -88 82 9 -99 45 -3 77 -58
-16 79 -41 -35 98 99 8 55 74 87 -79 -76 55 -42 -21 30 -13 81 -57 -29 -48 -17 -1 -12 -72 -21 -84 87 23 37 -94 90 -13 -93 -47 97 -96 16 38 25 53 78 -15 -82 -85 57 32 -86 -97 -52 99 39 45 -56 -79 47 -57 49 28 -62 39 4 33 -56 42 38 11 7 -99 -57 31 -41 44
-9 -62 -68 0 -73 10 60 97 43 -21 -86 77 14 4 58 0 -65 81 70 36 26 -38 80 -86 -78 -21 -24 74 -90 85 57 72 74 -99 -97 -64 -40 -37 20 10 -66 -34 44 97 -95 -97 -52 -23 -78 43 34 15 -72 -52 57 -82 -81 -94 -12 -97 79 46 70 72 -16 24 -65 32 12 -46 -70 26 37
-60 44 -56 58 -47 63 -38 -92 50 88 0 61 97 -43 36 -37 -95 27 19 -30 44 71 -83 24 -43 68 -6 -4 -41 45 96 -87 45 3 -53 8 44 -31 -51 -100 -34 22 6 -30 -39 10 60 40 23 -19 -18 -3 22 20 22 74 51 14 14 -41 74 78 53 65 -38 -23 -38 51 -57 51 39 51 -9
-67 -95 -2 74 73 -9 -26 67 -23 -22 -94 -60 -3 44 95 -15 -84 12 70 76 -11 96 -90 33 62 -68 -21 34 -19 42 -41 -42 84 -38 -55 53 82 69 -29 -49 8 -92 -64 -26 -70 -89 54 41 95 27 64 -13 -70 -62 7 67 -14 25 -55 -83 -50 -26 34 -7 45 -71 43 66 -3 -27 81 50 43
7 -80 -20 74 -42 -97 66 -65 91 -99 16 -99 -37 -36 40 -20 34 -36 -24 -96 27 -68 -39 54 -83 85 -39 66 -40 31 36 -89 -7 -15 -34 -1 66 66 4 92 -3 5 -13 -75 -38 29 -7 -83 -89 77 -93 41 96 -85 -9 -47 -73 -10 -29 -16 -11 62 -83 87 -54 -45 -12 63 82 16 -33 94 89
-7 5 -20 -1 -69 -68 69 -41 -13 -10 -54 85 -71 73 84 55 -26 38 40 -3 -43 -99 -22 67 -18 -82 11 -65 -64 -37 68 6 -56 -44 24 84 45 -37 44 -53 94 -79 -45 43 30 -63 96 11 46 28 -30 96 12 -44 -41 52 -21 -59 -94 -80 19 -32 15 -59 98 -86 -94 -74 19 -12 -78 26 -42
-19 59 -46 16 37 4 -26 45 83 -34 -67 99 -78 47 -52 -15 -73 -66 14 72 22 -65 -19 -8 61 -71 16 86 -87 -49 -91 -100 -40 4 -23 33 -33 98 38 35 -67 -60 -100 -93 -1 90 -36 -64 61 -3 96 -89 -99 68 -97 89 -1 47 48 84 -95 82 68 71 68 52 49 -63 -18 0 60 -87 17
-77 30 -37 91 -24 -69 97 -56 -48 -81 32 -59 22 -30 45 47 34 22 -32 -100 -28 94 47 31 20 9 30 2 -97 -17 -2 94 -35 -5 75 -1 -40 -94 59 -42 -57 -53 76 -17 -92 -57 -83 -100 83 -85 -33 -71 77 -61 69 -77 44 -94 -78 50 -97 -88 10 6 -96 -94 -36 -47 4 0 -58 -31 34
-21 26 -39 -24 70 15 -56 -22 -90 -77 26 93 77 -64 -34 -85 -5 -60 -56 -32 38 94 8 -3 20 61 -13 34 -50 27 55 73 -72 -86 45 40 54 54 -94 -17 33 -77 -10 83 41 -56 66 75 -91 53 3 65 -86 -79 4 -45 -39 -58 -69 -13 52 25 50 -37 9 13 -31 -43 -9 -1 2 -14 -55
0 -51 49 -14 -82 -90 -14 16 -28 -21 68 11 -5 82 -60 32 -40 -85 95 -79 72 -71 -7 79 10 -65 -17 35 52 24 26 -80 -71 -32 61 -74 41 33 65 27 89 -80 -49 98 44 -22 70 41 -86 1 -3 -99 -31 -12 -93 -63 1 -59 45 63 -28 84 64 70 30 -27 -8 -3 -39 -11 80 -73 -92
43 27 63 93 44 -54 -27 -52 -49 71 58 74 3 65 56 -69 53 41 -90 16 -26 -20 83 -97 93 -46 96 -82 -87 87 43 78 -38 -88 17 29 80 -40 -52 -17 -76 59 13 78 -34 51 -20 -49 -66 -63 -66 -2 71 38 -18 93 -48 59 7 49 53 62 8 -42 22 21 33 -4 71 -80 -67 -14 79
-22 49 -70 85 64 -4 93 80 -98 -17 32 -35 -74 71 55 -89 90 -95 -47 9 -36 93 84 72 -20 70 -93 79 -78 97 -99 74 12 36 -24 -16 -6 33 -67 -13 -56 98 22 -39 -52 23 -11 -8 0 22 87 61 42 -85 73 54 43 -87 97 -79 13 -81 -15 -68 48 -98 55 -33 15 -78 96 -17 38
-25 71 -84 95 -10 8 52 45 -48 -62 41 32 -38 52 -55 -61 -95 31 94 -70 -80 4 77 -56 -32 -64 90 56 -24 45 92 -70 69 -93 68 48 91 -65 -20 -15 -60 90 94 54 -39 93 -78 -68 47 67 -60 -71 -77 73 29 -6 74 -87 89 28 -94 93 74 34 -43 -14 3 71 -9 2 63 -52 93
-49 -86 -52 48 13 -40 -11 27 63 -43 50 65 13 -92 63 -77 44 85 69 73 -73 -79 71 -58 28 23 -84 -71 26 -12 -35 -63 -6 46 41 -32 -61 98 80 92 67 87 21 -14 -6 3 -17 3 17 44 97 4 83 -79 97 49 -86 -54 86 -86 94 -59 -26 -72 50 -85 -18 -95 79 10 -53 -86 -11
-44 57 -99 95 -72 58 -100 -58 -49 -47 4 -63 -70 0 29 52 -93 6 65 78 -95 77 -93 -17 95 3 50 82 -33 63 22 -65 -61 -9 -69 -92 4 -40 -52 -3 7 29 -79 82 5 11 -77 -24 -47 21 -57 91 32 83 10 -54 -20 24 68 -21 41 12 -64 40 92 79 -93 -30 -88 0 -21 -82 90
-59 2 85 96 27 -5 -80 -50 -39 -20 -77 1 -96 60 26 72 53 -1 10 0 74 0 65 22 -39 -34 -40 34 91 -54 -97 34 -47 -56 58 -76 17 -100 75 -55 10 15 81 30 -13 74 -1 -3 -87 -46 -73 12 -32 76 33 83 -3 19 6 84 81 -40 10 -50 -16 -54 -38 74 83 -50 -70 2 -62
32 10 -34 -50 -77 74 -78 86 21 27 13 -16 95 96 -86 67 -85 45 76 90 23 62 -66 75 81 -36 -71 33 51 -68 -71 -33 -15 72 -46 79 72 -14 -98 -30 -71 85 3 48 -97 -34 99 -30 -50 92 -12 -26 -76 76 -71 50 -36 -56 -96 45 -40 25 -10 43 -65 -30 -96 -1 8 63 -93 -50 14
22 78 -79 4 52 -26 59 -13 -61 98 -12 81 59 97 -11 52 63 49 -3 64 81 -39 92 21 -80 -39 70 -92 97 -48 66 -85 -100 6 3 64 57 -44 -58 66 27 16 -35 -98 19 13 -76 41 24 11 42 -31 -99 67 67 -15 51 69 -13 -92 9 5 -91 17 65 -85 93 0 -90 -21 11 37 -29
85 1 -86 -11 -99 38 98 -93 -99 -36 75 12 -54 -33 43 34 69 -48 -33 78 -86 57 -56 69 -66 97 -41 -63 -76 9 -15 99 -55 64 -58 95 1 5 -65 8 33 -45 39 39 -9 50 -44 54 -65 99 -66 49 -89 76 -41 79 -75 -43 74 92 24 -94 41 83 36 58 -38 -68 1 15 -94 64 -82
39 -59 28 -93 90 -44 69 -28 37 -16 57 45 15 -34 71 82 82 -60 23 21 -84 -61 76 -34 -42 -91 -87 -58 45 32 58 -4 -89 84 29 -52 -16 82 89 21 38 14 -34 74 -54 46 -99 -37 88 -29 40 -51 48 55 5 -97 -58 -89 -48 -26 94 -52 -49 -21 -59 -3 50 84 12 47 66 -15 -82
-89 72 -89 60 -81 1 26 -41 7 81 -50 -42 -26 79 87 56 -14 24 2 12 60 -18 -60 -41 -1 89 33 -58 -30 -74 -1 -12 -44 96 52 -65 8 84 30 46 -55 -54 18 -43 88 81 86 -83 -29 65 43 69 80 -33 85 -26 67 12 -35 29 -84 79 1 -62 84 21 -62 1 18 -26 62 -26 9
-39 -73 -89 60 43 68 44 -99 4 31 90 65 -30 87 25 64 10 94 -85 84 44 -74 86 57 -9 -41 -61 20 69 12 -97 -58 16 71 -30 -37 37 2 63 29 0 16 83 -25 64 50 58 -81 36 22 -74 19 -82 38 25 56 79 -75 -11 31 51 -33 97 49 94 89 39 44 -48 86 -68 38 5
28 80 -55 0 79 55 -24 -95 -4 -57 -31 -92 -64 83 91 84 58 38 74 -57 79 -12 -47 -92 37 6 88 51 -46 -19 62 4 85 -71 -80 74 -92 33 42 -7 80 -34 -75 70 22 -77 -38 38 96 64 78 -86 68 -56 7 65 -13 -49 -42 -90 -100 40 61 4 -55 -67 -85 63 -61 80 14 37 -14
82 -80 68 55 -53 -44 62 94 -71 -53 43 -82 -28 50 -35 59 -31 87 18 22 -19 -12 -91 90 -19 -13 -50 -62 52 75 35 10 -67 89 -89 36 25 -46 75 20 82 -8 90 77 81 51 -95 -11 -90 19 38 -50 -58 51 -81 47 17 -97 -33 -61 44 -62 -50 96 77 -87 54 -13 -2 60 -75 -7 59
-2 23 97 15 -70 75 -71 44 1 82 -90 97 17 -5 24 1 0 91 -59 -14 -30 35 68 59 79 98 -27 42 1 84 -17 -52 92 27 90 -42 -34 29 47 28 25 -97 -3 -40 -25 25 -51 -51 -42 41 39 44 -36 -60 38 47 12 50 18 36 97 57 5 -75 -29 -43 -63 93 64 15 -41 -99 20
35 35 -23 4 -41 62 -4 64 81 -37 -45 -33 -56 95 -7 15 -98 83 -34 -11 75 91 -83 10 53 -84 -58 -49 8 98 97 26 25 15 -99 -55 -57 19 64 -58 -45 -56 -9 52 -49 45 -32 -38 -82 22 -18 45 -37 58 5 58 -36 -27 95 12 -24 -58 94 -13 -42 -37 51 -42 16 60 -73 66 -80
6 64 19 98 -23 -35 2 -53 92 -91 -80 40 32 93 35 17 50 49 22 -81 -76 -2 21 -28 -34 21 -6 -54 73 -54 -95 39 45 -51 51 80 -4 64 57 76 -82 -29 31 90 94 -35 36 -84 -43 -68 -18 -2 21 -73 91 10 -88 1 -3 62 -5 -32 78 25 -83 31 -3 -47 -12 -39 -9 73 19
32 81 89 -60 -35 -3 14 36 80 -84 -68 95 89 27 65 90 -8 -64 -77 -56 -5 -25 -67 -18 30 88 38 91 8 75 -14 -54 -13 -1 -90 -21 52 95 -98 -39 60 -65 -95 -44 -18 5 -97 18 58 99 -86 89 -87 -76 -69 -71 98 21 46 -80 77 54 -96 21 -90 -95 16 -63 -61 50 -12 3 49
-89 94 -69 53 75 39 -87 71 69 -87 15 -37 -34 -37 12 -5 11 -47 42 -41 80 99 -5 -33 -90 71 55 -6 -51 25 1 56 -90 -95 92 -99 90 30 -73 70 -81 98 -48 -95 -91 54 -80 16 -69 96 75 63 -88 81 -84 -97 47 -36 -74 -31 -39 -60 61 -74 -87 -27 30 47 -19 46 45 65 -23
5 -82 51 8 -29 -58 59 -19 -94 82 -11 14 12 -32 61 -93 78 -11 72 -10 -27 -50 -90 99 23 19 99 17 -98 -55 -98 -38 64 -25 -31 88 -6 60 90 48 7 -89 -15 -69 27 30 91 -94 -75 -37 94 -85 44 -28 -41 2 49 -86 -15 -23 22 77 62 -46 37 37 10 -84 -84 -4 -18 45 55
90 -77 -25 7 -47 7 -82 -86 -78 -83 24 18 -73 64 78 34 83 48 -21 47 87 33 -14 43 -1 15 -67 -96 -4 -25 -93 99 99 58 33 47 14 99 37 43 17 -29 78 -66 47 82 -88 59 -18 25 47 88 -47 -98 50 99 5 8 -14 6 46 44 -69 82 98 -33 -62 83 -10 21 -81 -53 -48
41 -19 49 -68 -91 40 -5 11 69 14 41 -14 63 97 -52 -17 -99 -68 -17 -40 7 -68 -91 63 -54 89 -69 -7 70 -59 79 -57 -65 -28 90 47 -55 93 82 -45 49 56 10 97 42 64 30 -27 62 67 2 84 -58 -81 -54 -14 -21 -1 -80 -1 -27 7 -39 -10 76 68 1 54 22 -9 80 12 -72
-84 -20 -72 40 -82 9 -33 -94 -74 79 33 -94 91 -76 76 2 20 89 17 -100 -28 8 -91 10 61 70 82 -21 80 -82 -1 17 19 79 86 -79 44 -82 37 -61 53 -57 -49 -13 73 96 -13 -66 39 -82 53 49 -12 61 -68 -33 13 98 28 25 -74 -85 12 -85 -76 9 -21 93 -78 76 -25 -81 34
96 -18 -56 9 48 -8 -79 24 40 -19 29 97 -10 -29 -100 31 92 82 -96 -79 -49 -100 7 -64 92 79 -5 87 4 -83 -9 26 -43 -98 75 -30 91 -20 89 17 -74 39 16 -40 62 -78 -87 -7 76 6 96 50 -61 -43 -3 31 87 90 -28 99 45 -17 18 64 83 55 10 53 33 53 -81 -73 -40
-67 -78 36 2 65 61 84 51 -10 -15 -48 14 -39 13 24 -30 84 -63 7 -25 78 -14 18 84 -55 -82 9 11 -3 -86 45 7 29 -6 67 -68 25 58 -1 -8 92 58 -76 -56 39 63 -93 -42 29 7 -45 -38 -16 29 -64 -25 -84 39 47 -48 -21 -36 96 -94 33 -47 -43 3 -88 -2 -29 91 -33
-27 22 -78 -34 -86 -87 50 62 -31 38 71 -98 -60 -93 84 -95 13 -66 16 -50 -61 51 -23 -88 -48 99 -9 -48 34 7 -52 39 -80 -11 -29 0 16 -54 -81 13 14 81 93 49 -73 91 20 -18 -81 -73 -77 -56 -32 52 -83 66 -83 13 -63 -17 -66 -76 76 92 -68 -70 -93 -84 71 53 83 19 -35
28 -20 23 22 -9 -34 84 38 42 -14 40 67 -53 -100 -41 40 -62 40 31 -47 -23 66 -19 40 4 10 -30 72 -45 -56 -23 55 -19 -83 -94 73 16 -14 84 -46 -18 -84 70 -100 97 17 23 -77 -61 -4 -2 37 31 55 -76 14 28 -79 98 -38 11 -26 -83 -52 39 -57 25 -17 -83 89 12 -45 44
50 -54 -77 30 -39 90 -4 7 30 -26 48 54 -46 40 92 -22 71 -44 71 -10 -5 -31 -20 48 98 28 41 -49 58 70 33 -85 -13 -4 7 -15 78 88 -35 55 -76 62 99 -75 -45 -22 51 -83 61 -88 -19 36 73 -37 -9 -79 14 -94 23 -51 93 -7 -20 4 87 -68 81 75 87 -55 4 -14 -71
46 62 29 -6 -48 3 -99 -54 86 -3 28 -48 93 20 -79 84 5 57 16 3 -92 91 14 70 -54 90 -12 -76 -11 -79 -71 82 94 25 -43 88 43 28 11 78 -90 -25 -41 -82 -82 -52 -95 99 -84 -73 0 -93 49 -97 2 89 46 31 -54 30 12 -2 36 89 22 -4 78 -4 67 46 -17 -95 -64
-77 92 5 -2 55 -80 -60 47 32 52 37 -89 -16 -17 55 25 27 88 -4 7 18 -86 45 -2 -98 95 87 -31 -56 -56 36 28 -63 -36 92 -44 93 39 54 22 30 -100 -30 22 -26 -1 73 -47 -51 -12 55 -4 -68 -68 -89 -66 -40 -7 -89 91 -53 15 -58 67 32 54 36 50 -82 -11 -87 -87 -41
-86 -40 78 17 -89 -91 87 -12 -73 -83 37 -35 -55 -27 94 -30 91 62 -53 15 36 87 83 -55 -85 68 -97 17 -45 -83 41 -52 -69 10 -97 88 9 29 -68 57 -40 40 -16 -59 -30 -86 -42 52 87 12 -25 -52 -27 64 -10 -4 -94 68 3 88 81 -69 76 44 -94 -75 57 -59 69 89 -26 20 -81
-40 -41 -76 -58 43 55 -18 -54 -89 -79 10 -83 -72 -54 -39 -4 28 -97 25 -66 -54 3 17 -43 99 -68 -42 -6 39 -17 29 -90 -13 48 -23 -42 98 -41 -81 -18 -47 23 72 82 63 97 0 25 -51 89 -3 -61 -22 -73 17 84 -69 48 27 -23 -39 -90 -13 75 -85 5 69 -94 14 31 -88 11 -55
-45 -24 -27 78 34 96 40 -90 -54 -60 -25 44 94 85 56 -35 -3 -90 2 30 -14 88 -2 -89 45 9 -39 -17 80 25 24 40 20 96 -83 12 -36 -86 98 72 58 93 83 -17 74 -83 -79 -6 -100 -34 -60 -17 29 74 8 56 -80 98 -77 30 96 -54 54 -3 58 81 35 33 -87 -90 94 33 10
2 -42 67 -87 57 94 17 75 26 -9 83 38 10 -63 -91 78 19 17 -30 -15 83 -27 -8 37 10 70 70 -80 92 -99 -21 80 9 -79 -39 77 73 -96 83 44 59 12 -78 -75 -89 -8 38 -33 19 -5 83 -30 60 60 10 -75 -59 55 -55 -95 52 -74 -66 -82 99 -84 56 76 -84 -50 46 21 1
-21 -43 -14 51 53 -5 67 81 -8 9 18 -44 3 81 58 24 -51 45 -60 70 90 0 -30 55 -90 8 8 59 41 -20 -40 28 -37 66 -99 -84 -22 37 26 -74 41 -83 -13 4 -5 15 68 -43 33 79 -23 -87 -15 -37 -18 71 96 66 16 94 88 28 43 -53 93 -36 30 52 60 3 20 10 62
71 44 -76 -60 -36 -13 -71 -53 -7 -48 -34 42 46 97 2 89 -27 60 69 84 87 -16 -24 16 -80 -19 -47 70 -58 -7 29 -2 93 5 20 13 -41 79 -57 -14 18 81 5 -99 90 58 -25 -70 1 -84 -88 -43 -44 30 -71 45 -32 82 4 86 -20 89 -89 -15 -63 38 51 63 -24 -23 -34 71 -78
-35 86 12 -90 43 -9 -86 -50 40 -90 42 -13 29 -9 76 3 5 4 -44 -8 -83 55 16 -14 -41 -37 -87 -65 39 69 -87 -38 18 56 92 2 59 18 98 -83 8 -31 51 37 -43 -78 -68 -87 7 -21 41 -41 -85 -1 75 -87 64 18 28 5 -70 94 81 25 73 -19 8 71 -22 -9 25 -43 -92
79 2 81 -75 -55 93 51 94 -65 5 11 93 -51 33 -12 -31 -31 48 -39 75 -49 -34 -8 75 11 -42 68 40 -80 32 55 44 17 52 31 80 -10 32 -72 20 -31 55 -13 -15 -54 -77 13 2 -80 -52 91 32 -48 -15 -59 86 -13 54 89 -83 -85 47 89 -63 46 36 -49 59 -9 77 -16 55 -39
-96 71 33 69 32 12 -92 62 -15 -4 -37 19 10 42 84 -67 -87 6 -87 89 -51 70 89 88 24 -54 39 13 43 -76 -15 15 39 95 3 -32 41 8 45 5 -18 -13 -45 -97 8 63 -37 -8 -41 -60 -4 -6 83 -5 -83 -91 32 -33 60 32 11 75 -24 82 21 -68 1 -7 86 49 -74 -21 -92
88 31 27 -37 -38 -67 -2 23 -14 -65 -18 -88 66 -42 -98 13 -26 58 88 45 -3 14 -60 -79 -66 26 1 -42 15 8 -31 -30 -68 81 -48 -76 -3 17 -35 -55 -80 64 77 -75 -62 26 75 63 -56 42 -76 -64 43 98 -53 12 -69 78 16 10 43 98 -89 -15 -35 -8 6 59 -17 23 -66 71 -73
16 38 -31 99 -13 92 -83 92 -54 -42 -36 60 -92 -48 46 -99 -43 -34 81 68 51 61 8 14 84 -43 -72 1 38 -7 55 6 24 -6 13 -2 87 -63 -48 83 -61 4 -30 24 76 -13 46 27 -73 -85 -61 -14 -59 -6 -32 76 -27 -60 -87 90 -96 54 89 -67 -18 -55 -15 9 56 -23 -17 91 -10
-81 50 39 -54 -61 77 -90 52 62 74 53 87 7 -63 -31 -21 28 25 18 -28 44 -90 93 -76 27 36 7 -59 37 3 -66 65 -42 -13 -62 -18 18 10 93 60 80 -4 22 -40 -84 58 -84 -82 62 94 -87 -54 85 93 21 8 -89 -58 53 -66 -43 -93 -21 -34 51 62 48 -8 46 -42 -72 47 9
-55 -27 -22 57 52 54 6 56 -24 -64 11 7 87 -75 -68 39 1 77 -53 1 -96 99 -12 92 74 90 72 72 40 -17 -59 -7 -86 -88 76 86 -26 -3 -44 -78 -15 38 -99 -29 -84 62 87 57 -30 -66 36 17 -62 -83 -37 83 48 15 62 -40 17 35 -34 -56 23 9 70 75 -7 -61 -18 -18 22
