93 84
11 63 33 14 -36 41 -23 -28 96 -39 -14 -74 0 -33 -14 -2 56 -93 83 45 79 63 -8 55 -52 -16 29 -46 18 -72 -97 8 -59 40 -38 -42 53 -91 -6 -76 -62 -56 -45 61 -63 18 85 57 -2 31 -86 50 50 99 90 -61 88 -54 -22 64 -78 -4 96 25 -47 49 -38 81 -3 -22 -41 -89 66 -79 61 -70 -45 -95 13 -38 -5 -80 -51 13
-6 -29 -4 63 -100 -13 67 -26 -55 -32 -94 -59 32 91 57 70 85 16 -40 62 21 -44 32 -52 -24 -13 76 25 -34 -3 10 95 -12 -7 87 -53 -87 -21 -22 13 85 2 79 -94 -94 13 -33 55 93 -80 -67 24 54 -7 60 -6 -91 56 -40 46 -56 62 19 -9 43 77 25 -1 31 72 -19 -20 -2 -12 -91 -71 6 -96 -52 -70 52 -55 -1 -33
19 25 2 21 -75 33 67 41 96 -36 62 -33 -51 94 19 -54 61 60 86 -83 -67 -90 -26 73 -92 99 -16 0 -45 -21 -76 73 -52 -85 48 85 -51 61 -53 50 71 -42 -43 -43 -38 76 -2 -99 -76 -49 -68 -74 -38 -26 64 20 61 78 27 96 49 -65 93 87 10 -56 55 -23 0 -84 -30 -72 53 -20 23 66 91 -49 -32 64 43 -41 23 -48
12 -10 -43 -32 -79 33 29 -36 -25 -12 -61 33 53 -98 -25 27 -52 -98 -17 20 33 78 76 70 72 -56 -45 91 -85 -82 62 75 36 -43 76 6 15 -67 39 42 60 74 76 -41 60 23 97 97 -39 84 18 -42 11 45 -68 -55 -40 -98 29 -82 -84 99 -45 -89 -55 4 -75 -58 16 -7 71 -21 25 -6 -30 97 -8 -45 -29 -12 -8 22 -45 -42
-4 17 71 -93 -60 -95 80 41 -43 55 69 -21 4 -46 -40 -32 -100 -27 -25 55 14 3 -100 -34 48 -80 -81 -60 89 66 58 -44 68 40 -91 -61 -85 -39 -53 3 -10 17 -28 -31 -60 -41 -83 -37 18 42 61 -74 -38 -75 26 7 37 56 -13 25 19 2 -97 -89 50 44 -42 -70 -82 39 13 5 80 25 96 71 66 -36 84 96 -70 -17 43 -56
93 9 27 44 38 11 -39 -45 79 5 -14 96 -65 -36 -6 -32 68 34 16 31 59 -33 42 -18 -10 -57 29 88 -99 -12 32 68 24 -34 97 -11 -92 -25 -80 41 84 -85 83 -89 -38 16 97 -19 -90 -29 -61 89 38 -92 72 -34 7 34 -64 40 -29 98 35 -4 -5 -68 43 42 -89 54 79 -100 11 -3 18 36 -60 97 -93 65 12 -63 -50 34
66 55 83 -74 38 -99 5 -85 -45 -72 -34 -10 38 43 25 -14 14 95 -48 -12 92 -86 -33 -25 21 -90 -63 -13 -99 44 97 -52 -34 64 -28 0 26 -65 -83 -8 -26 38 96 18 -97 60 -53 95 -39 91 50 -7 -18 -45 19 -17 -4 72 89 -84 58 4 12 93 3 -32 33 -6 -60 56 70 -98 -77 36 1 18 73 -26 33 -9 74 49 -51 -93
-39 70 12 -98 -71 13 -27 93 26 18 8 54 49 -90 59 53 -61 -88 -22 30 -29 -61 17 -67 -86 34 -44 -13 -26 49 -39 25 -97 -27 68 -6 29 71 59 91 -66 21 -21 -65 47 10 43 25 72 48 -65 16 93 42 -16 -62 -45 54 66 -54 -72 19 -74 -84 -67 -96 89 -60 40 -35 53 25 37 38 38 95 86 5 -56 93 -53 -33 87 -84
43 -46 6 -86 43 -60 -100 86 -90 -32 20 12 38 29 -3 -93 -15 24 89 -58 48 -77 -87 -56 -43 38 -15 -21 27 69 -8 10 42 58 19 45 -46 -36 -21 77 32 -57 -84 -47 -9 -18 -10 -79 57 -9 -95 -7 71 -74 13 -56 29 -35 88 -95 0 -85 -4 -71 -76 18 24 51 -46 21 -67 -24 15 41 52 -85 -69 -45 86 84 -40 82 68 35
97 -73 -72 80 -91 -45 76 32 -20 -73 -46 -77 -7 42 -45 -13 97 -98 -20 -41 -77 68 -35 74 -56 -70 52 93 -99 -70 -22 92 78 -4 -100 88 14 -81 69 88 -68 -44 73 62 96 83 45 15 63 -38 -82 58 -77 10 -72 45 46 -75 0 -4 64 -58 67 92 55 -97 -49 -8 63 49 -13 73 -45 79 11 -29 -14 -60 -73 29 21 14 61 -79
-8 -69 -93 -19 -58 -53 97 25 74 38 -33 98 -4 8 -45 -1 57 -55 -18 90 95 -62 71 -7 -10 53 63 30 66 4 39 51 -55 69 39 34 96 37 -47 -100 27 50 -26 80 20 -99 63 -26 -4 24 70 45 -40 -100 -91 58 45 79 -49 -14 -49 -100 30 -31 -57 -22 -43 28 27 90 -1 -4 -38 -77 -16 -28 -24 -32 -53 -67 -73 -59 3 80
-49 62 -75 84 -41 -87 86 -64 -52 68 97 -13 -87 58 28 58 -56 2 44 -29 -40 -24 93 -17 0 56 -10 44 66 -31 61 -60 -44 15 7 72 -53 35 27 -78 -8 38 80 65 64 -53 -53 54 -49 93 14 39 4 42 61 57 -45 6 -70 -5 -25 -46 60 41 54 -89 -12 14 66 -66 72 22 4 -71 -61 19 -60 -65 -52 -18 -98 -84 -82 32
23 31 48 74 89 -47 14 -70 84 -78 80 -2 -51 30 82 -50 -21 72 76 85 -33 -74 50 -16 28 53 -74 -21 -16 46 -52 -96 -15 33 79 81 -85 -71 42 40 -31 -55 34 37 -29 -51 58 -24 -41 -68 -1 95 50 -92 -99 -86 56 78 9 -83 67 -77 9 -42 97 16 -24 -33 33 94 95 -90 -25 70 96 -20 -66 -29 28 75 -83 -1 -71 -60
-83 -21 -68 -49 58 97 -75 -61 48 -84 -77 -79 -25 -45 -35 20 -70 33 3 -60 93 -39 -84 -12 -18 -40 89 16 -26 11 58 43 -49 75 63 56 -25 78 66 -41 -50 -80 27 -62 -91 10 -36 0 23 -71 79 50 -84 -14 -4 -75 -84 45 87 87 -47 -89 -62 -67 64 93 -65 76 58 29 -8 -9 -19 -9 -22 41 -72 -19 -1 35 16 -73 83 16
-84 -71 18 -42 -9 -55 16 -72 23 -76 57 -94 -78 56 -38 45 -71 -57 -73 -12 47 50 -25 -18 -29 12 52 -75 -29 -71 -72 -3 -100 55 -83 25 88 76 -13 3 -8 -16 -65 -70 82 -84 81 -15 84 51 95 70 -94 -24 -31 96 -52 32 45 69 75 -31 4 -94 21 68 -100 -68 47 -49 -9 -9 75 -27 -76 -91 59 -46 77 1 28 66 17 -35
6 -23 -38 -23 43 41 -39 -92 38 -57 -80 79 70 -82 9 56 27 73 38 61 -7 -85 41 -53 26 -55 -20 53 41 10 -53 32 -44 -10 -63 -65 -15 -83 -16 50 61 -63 69 -100 -56 -97 11 77 -51 -22 -17 -35 -23 -55 68 -45 -54 -7 -24 -11 -94 21 6 -63 -45 46 -10 99 6 -10 -70 39 -65 73 -46 -55 51 62 42 43 -44 26 66 79
-36 -89 86 46 -95 -5 -9 9 -48 11 -53 46 -43 -63 -32 -12 -87 59 79 -46 -59 -41 30 38 70 -52 -26 42 49 42 -25 -37 97 -59 80 68 79 78 75 96 42 -30 -80 32 7 -49 -31 -28 -14 77 79 -51 54 -63 -29 58 -79 24 71 -7 52 -23 -18 97 -39 4 24 -91 5 -38 -45 59 -79 68 -89 -66 75 -63 -96 -94 83 98 42 -58
35 9 -72 38 -35 66 -99 25 -20 -56 71 -88 -52 -54 -32 89 75 64 -25 -46 -100 -47 -34 -70 57 38 -67 69 97 -35 -88 -42 -93 70 37 -70 -62 26 64 98 -95 -50 -22 97 25 34 55 -33 -64 94 95 -3 4 15 -97 66 -63 -73 33 22 -1 91 -31 -75 79 81 -86 -26 15 -63 88 12 -76 -69 87 -76 64 33 28 -96 -3 -9 -77 84
-39 -72 1 -41 -46 3 -38 -19 99 38 54 2 87 25 95 25 13 -26 -26 -66 -75 -49 -2 -15 -85 97 -71 -100 -47 88 19 -2 74 -29 -60 -70 -92 -6 -39 81 -19 45 -91 95 58 -82 92 -67 -13 57 80 2 51 -29 -40 -41 95 -15 -67 -77 61 -85 55 -51 -81 -95 32 0 24 -44 54 -52 70 -40 7 34 72 -32 73 -8 -30 19 -64 -42
-97 -26 3 80 71 -62 80 77 97 -41 87 -9 18 1 53 -4 14 74 -54 20 -34 48 -11 -4 -93 80 -50 -45 34 -61 36 -21 9 -88 8 -70 40 -61 42 1 -36 -59 19 69 -8 43 -85 -20 -19 27 -77 -6 -60 -20 93 21 25 85 19 -74 -78 -31 38 -55 47 26 -96 -50 -51 84 59 41 22 3 -29 -18 76 23 58 -14 -10 55 91 86
73 -92 25 -11 -54 -88 -8 -72 -45 46 68 -24 -36 -45 33 -68 -20 13 99 43 88 -77 48 12 76 -18 90 -20 56 -73 0 -72 52 -71 -48 -85 -81 -89 62 -93 92 -55 16 55 -82 -37 -75 51 -74 79 67 -8 -30 69 32 -35 -96 71 19 3 -44 74 52 -57 6 82 -55 -15 -89 36 -29 -43 -99 90 -63 7 -66 -53 -13 -59 82 -23 -71 40
-69 -97 92 -38 49 51 -51 94 25 -48 -34 5 -98 55 70 53 83 31 -87 31 24 50 54 -40 -77 -38 10 -16 56 84 86 10 -4 51 77 -85 39 -72 -15 -65 -48 18 38 -24 -83 -24 30 -56 -13 -34 -74 65 43 -64 -79 42 86 24 36 53 -6 -50 -94 63 -91 -31 17 -80 9 57 -3 36 -47 14 83 1 3 22 -79 18 62 11 -100 -53
46 -28 57 21 86 46 88 4 -51 9 86 -72 -59 -33 -38 -7 -96 -37 -77 -82 99 55 -33 48 79 80 -25 74 -91 94 41 -12 -38 62 14 65 4 66 -98 13 -84 69 24 -29 84 -9 7 37 -61 24 -39 -99 -82 42 -31 4 -86 -17 24 -86 15 37 -97 -83 31 -49 -24 45 -17 55 -34 -89 -3 16 18 -8 59 -87 64 -27 -29 -10 -87 9
-100 9 49 -57 43 -30 28 40 29 -38 -11 -18 -4 -2 95 -62 -80 74 -16 -84 64 84 27 33 74 -5 60 -87 -1 96 -23 2 18 -53 87 23 -85 65 51 -75 54 12 51 55 41 -60 84 56 39 -19 -60 -6 70 49 -86 68 -40 -65 -27 17 -72 -21 -13 -57 43 81 -60 -75 -87 -68 85 81 51 -36 57 88 -40 24 -43 15 19 63 2 -62
71 -67 -95 43 -26 52 -6 -99 6 97 38 33 -35 57 -50 81 -34 84 91 -13 -28 -79 23 25 -81 10 -37 -1 -35 32 -13 -44 -38 2 -41 4 -69 -69 99 -68 16 -86 -38 8 0 -43 -58 11 9 -24 27 93 -8 11 -19 25 -10 2 78 -73 68 33 -43 -25 -16 -33 -100 -96 -32 82 8 0 54 4 -50 76 21 53 -44 -14 -85 40 -18 85
80 -38 -53 -95 22 17 -49 -72 49 33 97 -19 80 53 -80 62 13 -84 97 -89 -79 -7 -100 77 92 -57 81 -1 -100 -11 -51 20 -77 -73 49 65 70 46 -12 26 83 1 -32 -60 -29 91 -93 72 -47 62 87 -38 25 -24 -29 90 -68 93 -13 -6 -13 14 46 -78 -62 89 -65 -39 95 97 -33 53 35 -9 16 -59 49 -71 -19 92 -4 -14 -88 64
-50 34 -12 -100 22 -73 28 -29 41 -53 -69 55 28 25 -34 65 1 19 62 -23 97 -3 3 -40 81 55 -34 -45 -57 -57 93 -13 -49 53 -59 -77 -39 27 -94 -86 -3 37 -45 82 58 37 84 72 -69 -93 -53 -67 -84 99 71 -12 -93 -26 -90 93 -14 21 -1 49 -76 -29 87 -17 78 75 7 95 0 -61 69 -59 44 -73 82 95 70 33 29 -70
28 39 46 11 -56 -3 69 42 4 -67 12 59 -90 -36 82 -96 20 47 -38 -63 -63 -43 -5 -98 33 -9 -63 -66 73 -51 12 -23 -70 27 71 27 48 -52 92 9 38 22 -34 -23 -83 55 14 -19 -36 77 -77 17 65 -28 12 6 89 -53 71 77 -59 -16 0 -48 -58 94 2 -11 -54 -100 -39 -28 -49 88 75 -85 0 -20 36 -88 -26 31 17 -33
-80 -25 72 -35 6 -83 -74 -4 -54 -87 96 7 40 -31 -89 41 -57 -68 -75 9 -72 -68 -27 41 15 19 34 31 -63 36 30 3 -59 -98 55 -6 -35 45 21 51 -65 -79 -98 -40 -10 43 85 -25 -49 37 33 -31 81 -87 34 -62 -100 -3 -6 43 -67 45 89 -3 41 -31 9 -25 73 -31 27 -47 60 71 -46 33 19 -100 -2 -98 -47 -83 -4 4
-23 -49 92 47 93 81 -70 20 -68 -95 -62 4 11 -63 78 98 -9 27 98 -97 18 -29 82 19 -27 52 2 -41 -59 -10 93 -63 -23 63 -78 -72 10 87 60 41 27 96 -95 33 12 -59 -58 84 42 -86 -63 53 9 -59 87 14 -76 76 63 -69 -52 15 70 -6 -40 -9 84 -75 4 7 -1 20 5 -46 -34 -84 -53 -34 -23 61 -96 23 -40 -93
-24 14 65 82 -62 -61 -34 56 -50 97 -98 69 -65 -22 -46 70 75 -22 27 -29 -96 48 -86 -99 -7 -30 -72 92 -23 -63 -65 -8 -32 -3 80 -9 -100 74 79 -74 90 -13 -36 59 -35 53 -44 82 22 48 23 15 92 -95 -77 -76 -98 27 33 11 55 40 -58 -82 -24 -53 -3 12 -11 -65 82 -9 25 45 34 -100 -29 -54 -70 99 -43 -89 -67 -56
90 -19 -86 72 65 89 69 -80 -81 -60 -51 83 97 -74 6 -78 -30 -52 8 -87 50 -56 15 64 64 80 -68 -89 33 -95 36 13 82 93 96 91 -54 -86 -91 92 11 -26 -100 72 3 48 5 -71 6 25 -65 77 -66 66 -85 -10 -51 39 66 31 74 45 -28 88 35 88 19 -61 -14 -88 55 -65 -37 -27 91 -43 5 1 16 81 -89 -92 -7 91
52 46 6 23 18 72 21 -78 80 28 -83 -33 46 6 -75 1 33 67 -51 97 63 66 35 -39 23 -17 33 -70 -75 71 92 11 -43 17 56 44 86 82 -37 34 -78 -44 47 51 98 16 60 -92 38 -95 -74 57 22 -61 58 94 -13 -60 46 -5 -87 -54 -6 -19 73 37 -30 35 -38 -58 45 -27 80 -17 35 -20 -96 -19 98 -82 98 -28 -47 -63
8 10 -31 -46 -42 95 -23 -66 -37 59 -94 0 63 65 -86 -84 77 -54 36 60 11 37 -49 -6 -73 93 86 69 -19 84 0 55 -82 23 -39 -10 83 17 49 -95 -14 68 -13 86 -32 45 57 -87 88 -80 -18 7 43 -43 68 -60 -40 -95 23 58 30 39 34 4 -32 16 40 74 40 17 -18 5 -81 -12 -89 -91 67 -38 32 16 -94 -48 85 -90
-57 -73 -77 -37 51 64 -9 -35 93 79 -81 79 -67 -41 96 94 53 -49 -72 1 -47 -68 -99 -74 -55 15 37 -78 68 88 55 -15 87 -21 50 -48 71 -54 21 22 -37 -77 87 10 78 12 0 -7 19 92 39 95 9 -93 61 80 65 12 -31 31 70 74 -74 -65 61 -46 19 88 -83 24 -7 85 -64 -28 34 99 58 -35 7 -100 42 -18 35 93
-74 -87 -89 37 -4 74 -75 -89 95 77 41 81 55 -29 -4 -66 -60 -40 67 57 19 32 24 -84 -78 4 87 -1 33 -49 -4 36 -31 15 -45 43 -22 0 -32 2 -16 66 -40 -33 -35 -74 15 81 85 84 -13 68 -11 -6 -15 67 5 -24 -41 90 8 -1 -94 4 -6 35 -23 -29 -6 -34 89 -89 -96 0 27 89 32 -36 -61 -40 87 84 -87 -4
-67 23 45 96 4 -78 23 -3 97 -59 45 13 80 -73 -55 -91 -100 61 -14 -17 80 -65 2 -73 -33 35 -1 4 3 -25 22 73 12 -71 29 85 -65 -23 95 -72 -39 -63 62 79 -100 -93 43 33 -38 52 82 35 55 88 -75 16 92 -58 93 -51 16 37 -64 53 -6 -33 -73 81 -91 -27 -57 10 -21 -77 67 25 45 46 -64 39 17 83 1 16
70 -31 52 14 -68 58 -20 3 -33 -26 -72 -25 86 73 -100 -29 -41 -98 79 92 61 84 37 -60 68 -16 -98 -58 44 42 -65 81 52 20 23 -41 89 -95 -76 -26 -16 -77 23 62 -64 24 69 12 -60 53 -33 -26 31 -21 53 -80 -88 -15 -57 -89 -39 66 4 -11 -78 9 -74 12 -61 18 -19 -59 90 11 -13 -5 -30 43 88 28 -99 -95 56 80
50 80 -47 -3 42 10 65 34 -40 66 32 99 88 63 65 -12 98 6 79 -14 94 62 78 38 81 -70 15 83 81 -30 -64 -86 22 4 -85 35 82 -22 -98 87 -22 99 -61 -92 -83 -58 -7 57 20 91 42 -37 67 29 30 -25 -24 -98 1 8 9 -15 -48 -61 -78 46 -54 73 79 41 92 30 55 -100 -91 -16 66 62 -92 1 4 76 -74 25
66 -9 93 45 -68 46 29 4 36 -83 33 -100 -65 78 -51 -15 -63 7 -3 -90 38 -51 62 31 -82 40 -69 -3 88 70 20 -37 10 -76 -30 -94 -32 66 -11 -88 -93 95 17 -34 52 53 -2 -55 -78 -83 -8 64 -48 70 -17 -80 -22 83 -73 5 49 67 -22 43 -28 -35 -60 68 42 42 -40 -62 -10 5 -70 54 -62 97 -68 34 47 -61 -68 45
-44 -32 86 29 -59 -73 -90 -63 6 98 -79 -9 -16 -23 5 28 -46 -33 -74 26 -92 1 -22 39 1 21 -49 36 27 -33 59 58 -77 90 21 36 96 5 -54 -7 -81 11 2 -56 -99 -48 76 -62 -86 -56 -65 26 78 -6 -85 48 -16 -26 -9 -98 28 -77 92 66 -4 60 34 -42 51 -92 -86 92 22 -1 -29 6 68 -54 49 -35 -1 54 67 -48
-61 57 -20 24 -57 22 20 89 -62 94 -97 -52 -40 -81 7 -53 77 92 -26 -93 -79 61 46 -15 -12 40 4 -97 67 24 34 62 20 93 -76 -64 39 -28 70 22 -90 25 44 -97 -26 -22 82 58 62 5 5 30 32 -19 42 88 -10 -55 -99 -74 46 -42 -52 10 -23 30 85 -32 40 -56 -91 -37 48 90 51 52 72 -99 -59 85 -40 -8 1 -59
44 16 -26 -99 89 -66 -84 -37 40 -96 -79 -44 -15 29 78 -8 -79 -29 34 8 47 28 -59 67 91 57 -9 -46 40 -76 -63 -64 84 4 -76 -98 62 37 74 -2 -9 -41 -38 -2 -20 73 39 -1 99 60 -61 63 -5 -68 80 -92 -87 -3 7 -70 -31 2 37 -98 26 60 3 12 -92 -16 -51 -34 -82 -6 77 70 -77 10 48 -65 -35 -100 89 30
38 -36 -51 86 -6 49 -33 -51 33 -79 -27 -55 43 77 91 23 -84 -1 -34 -43 11 25 75 6 30 -16 -63 -2 16 89 45 -49 -58 75 -51 3 62 85 -58 -86 -24 -63 -63 -81 -79 -7 -68 -42 -34 65 62 -55 39 -19 -3 -20 -60 -68 -45 -27 -44 5 -35 -64 67 49 -10 73 51 90 4 35 -97 34 66 -95 20 -41 -66 -85 -71 -74 91 27
-63 69 -55 1 -82 -83 60 -36 32 -96 -21 65 62 95 1 -63 -28 -41 -7 86 6 93 46 -2 -28 0 41 92 -66 -74 -9 83 -46 73 -7 12 51 35 -67 26 28 16 -59 92 -34 84 63 -13 -57 -99 45 -84 36 -47 46 -48 47 91 93 58 -68 98 80 49 -55 58 44 -33 20 7 -66 73 -94 -9 77 -32 12 16 -33 -66 20 -70 97 -59
98 -50 19 -99 96 48 -38 -83 -100 72 -40 44 -97 95 65 80 -71 16 40 -33 -1 -19 10 -84 -80 84 -80 -92 37 81 -85 49 -41 -51 -69 39 5 -1 57 13 37 75 13 78 -37 -96 58 40 1 39 73 -75 -50 56 28 97 -63 -89 52 27 95 -73 68 96 -92 -59 0 3 -65 -15 80 89 -32 -8 41 77 -98 -82 -10 7 -12 82 43 83
5 -6 50 7 96 81 98 -4 13 86 -43 41 56 46 -80 -4 -11 -75 -32 27 -59 -63 91 90 -96 -24 61 -27 68 -21 -28 33 20 -14 -2 46 92 -94 18 71 -60 -75 44 -19 -92 -87 77 65 -57 -53 58 -55 27 53 59 -51 -8 -2 -33 -62 -98 -7 -2 14 28 -31 23 -51 -90 59 -52 -4 39 84 -5 -52 -8 -51 -3 -55 15 28 -84 -4
-45 13 57 -59 62 -16 -28 -99 -51 -19 -24 91 29 53 -91 -10 -10 75 -24 34 44 52 72 78 91 -6 26 -75 27 -81 -56 4 12 80 -83 -92 -44 -89 -60 -33 86 94 42 81 70 1 72 -25 -37 51 70 3 -69 60 -27 75 13 81 27 -82 11 84 -60 64 -25 14 79 40 -17 98 31 -24 -12 12 -53 -83 -65 -54 -71 -47 85 10 -82 5
-19 20 88 50 -41 1 8 81 40 -68 -62 -95 -21 71 71 18 66 -54 -27 72 13 -56 61 -78 50 -62 94 35 37 72 -16 -71 -46 84 -85 12 -15 -54 -7 65 -7 -50 33 -72 49 68 69 42 -5 -3 -73 -33 -87 56 -1 39 -20 -32 -88 -57 -77 -83 20 -49 -23 21 77 -55 -93 -4 -74 -28 56 -62 -79 3 33 -84 -70 64 74 -59 -53 44
98 -49 -7 27 -64 -92 64 -5 -66 -78 59 -66 -77 -57 -34 33 91 0 63 -76 90 -64 66 34 -62 88 92 -45 -24 -54 -6 25 -99 50 92 -97 60 -25 92 -15 -41 22 -21 -40 71 -64 38 -36 36 61 -92 -73 -71 -31 60 -1 60 -82 12 76 85 -78 -75 -4 12 43 -74 67 -56 -40 -91 7 38 49 77 -69 6 -62 -83 -7 60 -84 85 -58
-83 68 63 -55 88 -32 -37 4 88 -73 58 86 79 -23 40 7 -19 -97 -76 -10 -31 -68 2 -32 88 -76 -77 18 -60 60 -37 -16 -66 -54 35 -49 -34 -2 -73 -96 50 97 19 54 -26 -4 -38 -37 43 21 -56 -99 -21 22 -56 79 84 54 -24 -67 75 -83 60 55 2 -78 32 -30 -3 22 -22 -5 42 -26 -9 -66 24 -27 37 30 -95 41 -24 78
-86 71 17 -73 2 -71 -36 -61 57 39 -55 41 -44 -68 78 26 38 58 -37 -52 9 -48 -75 28 -83 -61 23 -79 -48 -29 94 95 -89 88 44 26 -77 -4 71 -93 -32 75 3 48 -38 88 29 -58 9 -23 -15 -14 -66 -1 -57 73 30 22 -39 37 7 28 -31 -39 33 80 33 -58 -97 -88 -86 -57 77 64 32 -63 69 79 6 48 -19 52 -42 54
-22 -71 60 45 -69 79 12 63 -97 -93 -95 -76 65 47 -25 -4 5 -53 43 -11 51 -90 -86 87 92 8 95 6 -14 -54 49 16 -59 -32 -76 88 43 -75 -89 -94 47 16 6 64 -82 -82 -56 -36 -34 -49 -60 -41 40 46 79 33 -73 -45 49 -15 81 51 -30 56 30 19 -17 50 15 -24 49 61 -16 -93 -96 68 -7 -85 27 38 97 -20 51 35
-44 30 -23 -42 40 -23 53 89 10 24 -15 78 -74 -37 85 -86 54 -31 -4 -97 34 45 -97 -6 -87 -7 -72 65 15 72 90 -31 -32 -15 -1 -97 5 -23 58 -74 44 -25 70 -63 84 -74 -58 1 89 7 7 1 60 37 35 64 -73 93 -1 -90 48 77 -97 51 68 92 57 29 -98 67 -89 40 -24 -45 -79 10 1 14 66 -65 7 -14 -86 -93
63 4 -100 -25 75 -7 -24 30 59 -77 68 39 -97 -39 79 77 -12 -56 30 -58 -43 -71 -86 -39 44 11 1 44 -79 99 37 -75 50 8 26 -41 52 28 43 -73 57 -56 -72 95 82 31 -95 -86 -42 7 -74 -15 -4 67 41 38 -42 -60 -44 56 -1 96 8 14 -26 27 13 -49 -21 62 1 -39 -47 -74 91 49 -100 71 -73 26 -82 40 47 -47
-75 64 -57 -55 94 -23 73 -62 32 28 11 -80 -78 -83 -10 -79 -33 -80 96 14 -28 -36 -36 70 46 40 -47 -81 41 35 -64 38 -33 8 74 -31 45 2 26 60 5 68 -58 -95 -73 -59 -85 11 -15 57 -7 -20 -95 -69 -43 29 32 -38 -97 47 81 33 -93 64 34 84 43 -80 75 48 21 28 -43 -46 81 90 61 43 86 -34 56 -46 -27 -52
25 42 -59 0 -7 -11 17 91 62 81 -33 94 -1 -61 3 92 23 18 -4 83 -47 85 60 11 67 79 -43 66 -67 -47 98 -9 -93 -39 20 61 89 66 47 -54 -48 -92 60 -39 -10 77 56 -98 -30 64 -43 72 80 53 87 91 33 81 58 94 -80 -8 -54 -38 -32 -72 99 93 -30 0 98 -34 53 -15 59 34 -42 -29 -44 -19 3 51 -94 77
19 -85 59 44 -47 -70 76 -28 16 6 75 -24 0 -72 80 -56 -23 95 -48 85 16 96 -62 -50 80 -20 38 -45 51 50 -55 16 -63 86 -18 -4 24 -86 2 -78 -59 -12 31 63 66 -8 -36 70 9 80 -22 -39 95 -63 2 -48 -76 32 -51 62 -86 -51 44 10 -69 -90 50 -100 -7 -33 -10 -95 8 25 69 41 39 -71 -81 -42 87 82 25 71
82 -51 -45 -49 -23 80 59 32 -97 44 66 19 49 -4 69 92 -30 35 95 17 -47 37 -3 -20 -34 -79 -54 -62 -42 85 91 -22 83 -85 -98 -6 55 3 47 -26 34 -88 -53 3 34 7 -71 -4 -53 -91 37 90 -96 -31 39 -95 -32 -30 -93 -64 92 -62 90 65 71 67 -23 66 31 -55 -55 27 -36 72 -17 26 -17 7 68 19 53 -74 0 27
-93 92 -69 -41 36 84 36 -47 81 -48 53 67 65 78 -82 55 -31 10 97 -58 -75 -11 38 55 87 21 8 58 -9 -3 -32 -98 -59 -90 -39 72 75 -51 59 -43 46 31 -44 41 54 67 -13 -15 84 31 -1 -74 20 38 8 -5 59 32 84 -70 43 82 -75 -79 36 -17 65 26 -75 -1 10 -13 27 72 62 -36 -63 66 -46 15 25 -33 -5 5
98 43 21 86 3 88 -16 -32 54 -51 -81 -35 48 40 -5 94 -31 9 -88 85 -9 -62 13 -39 -80 84 50 -21 55 75 45 -7 -58 -100 38 72 78 30 -28 31 -45 15 -34 -86 91 96 -49 28 31 36 60 97 -5 -83 -64 83 -85 8 2 -29 -97 -31 -43 -46 81 -78 -15 33 -28 -40 0 -42 -57 39 -21 87 66 0 85 -92 41 -89 80 -96
-50 25 71 32 75 -66 12 0 17 -4 -44 10 -85 -36 87 -16 -74 -23 -100 44 93 -43 68 -26 -96 94 93 -74 4 -86 -37 90 97 7 42 -38 -72 -58 71 34 68 -7 80 64 -13 -6 1 78 -92 38 -48 -62 51 -14 -85 29 -14 -52 -8 33 -69 -66 -67 -57 -36 38 -47 15 41 -15 -93 -48 -80 -70 -14 43 -23 21 -83 -61 -27 65 -44 8
73 53 -74 -51 91 -6 76 30 76 -30 78 54 -66 -49 29 -16 -9 62 48 -100 63 -98 -21 -76 -58 4 -43 -41 -62 73 88 -58 88 30 79 30 -15 -42 59 -27 31 -98 54 16 -81 -24 36 84 57 86 -82 92 6 -67 9 -93 -86 -89 -25 34 -62 38 77 12 32 -66 -52 40 -12 -38 67 -98 -3 -46 13 30 -48 3 95 -51 32 -88 -59 81
-48 8 -50 -24 61 87 -75 28 70 1 1 -87 48 -76 -57 82 85 22 78 -87 14 95 43 -43 25 -48 -25 33 12 -28 -90 -77 -6 -26 48 34 29 -77 -42 76 22 25 -83 -42 -47 -24 -1 -3 12 48 51 21 65 4 -39 72 -15 -98 58 -22 68 -86 -57 74 15 39 41 43 37 -45 25 51 -31 6 -30 84 -62 75 -77 -7 64 -86 -7 91
70 73 85 46 -63 -3 -54 5 -24 27 -71 -3 -11 -93 -24 9 43 32 -88 -39 -89 33 14 72 36 -20 21 86 -38 51 -70 -20 63 39 64 54 -55 37 85 -67 26 46 -43 -10 -20 -93 85 -35 15 9 98 -50 42 89 91 -35 86 67 60 -76 -87 -76 -67 93 10 -51 -85 -55 -72 -10 -59 -7 7 83 9 -13 45 -66 48 95 58 -74 -33 65
7 22 56 90 1 88 -24 59 54 -12 90 25 23 27 -52 -33 -2 81 24 -64 -78 -69 7 93 -72 -91 -39 -66 -76 95 31 92 49 -63 44 -10 69 -92 -63 -54 8 -5 73 55 55 -86 -19 72 -12 -2 32 -29 8 93 -67 -21 -100 79 -64 -60 -4 45 -30 -83 -2 -31 -23 66 49 -34 -25 -54 56 57 66 -50 -71 89 -44 -84 58 -45 76 -45
52 81 69 -73 -46 -12 -67 23 -93 47 -72 29 70 -50 -10 38 78 -49 91 -13 6 -17 5 63 78 80 19 -78 -9 66 -52 -67 4 88 -2 79 41 -92 96 -88 -8 -18 18 -76 82 -32 67 42 -69 94 -21 -67 -15 -92 42 34 78 -40 -87 -45 92 66 24 -28 96 -47 31 -11 -30 72 49 23 28 -56 46 98 66 -56 40 37 57 35 72 -81
50 97 42 55 8 -56 14 79 -8 92 -40 55 97 -12 18 7 -59 -57 -32 91 -33 7 21 -18 -19 61 61 -63 47 -2 66 19 8 -59 -13 37 21 -8 -39 94 12 -97 -68 21 -81 -78 70 -11 41 10 -58 -26 32 -13 -80 81 11 -8 58 4 -2 80 -46 71 -36 -72 -26 -18 -52 -87 -4 72 31 -77 28 63 -55 57 -5 65 -82 55 41 78
24 -22 13 67 30 8 47 23 -50 -40 30 20 -59 -62 52 40 -10 -79 -74 20 50 -96 -48 -11 -32 -20 -95 -7 78 -40 -77 -100 46 22 -26 -84 35 -91 -44 66 46 -74 88 -86 -76 -52 -85 -52 59 -86 88 84 -35 -9 -7 -1 19 16 -24 -57 46 -3 -46 88 -86 71 73 -60 -19 -81 98 -44 6 43 -49 -63 -47 -35 -59 34 2 -100 -48 -58
23 -41 85 -92 -61 71 80 -87 -23 68 24 42 -18 83 -88 -45 -86 63 63 39 -8 -42 42 8 -77 85 56 73 11 30 87 11 1 8 45 21 -24 -72 25 -56 44 39 -69 -15 -56 4 -38 -56 -30 -12 -4 9 1 -73 19 -48 90 4 70 99 -81 32 29 -21 -6 -61 10 -37 81 51 84 43 50 -34 93 -9 -64 17 -10 -36 -58 6 90 51
12 -50 -63 -38 -32 11 -26 94 -2 82 10 -99 27 7 -6 76 -82 -87 -73 -44 -15 -33 77 -46 -1 -45 62 7 -50 -10 -17 -99 70 -60 -84 99 -78 90 8 -5 -73 69 -33 -62 11 -100 63 88 89 65 -77 -71 -39 60 -5 -13 85 57 -55 65 65 -93 -67 -17 66 88 75 -34 51 -49 -5 -38 27 -80 -6 -13 51 67 63 -15 -97 3 -55 -85
-12 20 47 58 49 -21 -65 -63 88 53 11 72 30 -37 0 -70 1 4 41 3 58 -21 -75 46 -93 83 92 -99 11 -96 23 34 23 -16 -23 86 -77 50 64 -7 74 -83 -96 65 -70 12 11 62 -20 48 65 -19 -45 -33 54 -85 -38 52 29 94 2 -49 -73 -90 -76 -49 81 -87 13 -52 28 -1 -64 -14 -50 -21 16 59 -14 -93 -11 -20 3 82
-74 83 -89 36 -39 -25 66 -62 -89 -24 56 71 -69 81 -65 97 -36 27 -45 -36 -87 4 -100 11 -67 8 -90 9 -52 -10 -24 72 -12 -97 -9 -16 -33 10 -53 -39 72 -12 73 12 -84 62 35 -81 -37 55 6 32 -34 -53 -46 -44 44 -60 31 16 72 33 14 -24 -67 -84 53 70 -27 48 32 13 -99 74 12 -66 -35 79 85 43 -64 39 -29 82
79 -48 64 85 -86 -18 29 48 97 -14 70 -30 -80 89 -77 -25 -78 38 -39 29 -17 66 0 -59 33 75 13 -43 51 -29 11 -68 -5 82 94 61 18 71 49 -8 17 -5 40 -51 -42 -2 -8 51 23 -74 -10 96 14 -59 -35 -63 22 90 92 -68 -51 -85 -49 -100 -53 98 60 -67 2 21 -31 -63 -82 -5 -91 -37 -10 67 84 -15 67 -49 -41 23
25 -15 3 34 -3 93 8 -7 14 -80 45 75 -42 -49 58 -67 -46 -6 -33 -53 8 50 3 -22 -63 97 87 35 -57 -86 -76 -62 -71 33 -94 -57 45 11 35 21 -99 73 15 17 45 25 33 -83 -29 30 17 86 -80 89 36 51 22 -1 57 95 59 77 85 -79 37 -38 66 -55 78 68 91 77 -61 -58 83 -10 -25 96 15 93 -11 -57 -71 -14
77 -1 -66 -10 -18 -34 -86 30 -18 66 99 -61 -58 94 -93 -72 66 -15 -54 -84 -33 8 3 -79 -51 -99 45 20 -17 31 -59 -82 -72 28 43 -78 25 -35 -22 72 -63 33 -36 -87 -60 -36 53 -20 -33 41 -50 41 -38 94 -74 84 -18 -57 52 -21 -62 29 95 -44 9 -79 -47 97 30 -92 66 -75 -29 24 33 52 -98 -84 -40 -75 29 76 -95 75
43 -96 35 -19 -12 46 42 -29 45 -6 62 42 -49 85 42 81 54 -45 96 61 -43 81 3 -54 -60 -25 -51 59 -3 -5 26 -69 3 -18 -84 21 -36 35 41 -87 -63 -83 -54 57 -29 -48 -3 27 -40 75 -83 -9 -42 -92 24 75 40 -92 -62 77 -33 29 -55 73 42 57 -16 -20 -96 93 -81 48 85 -26 83 16 -20 18 26 -89 85 83 -54 28
-73 -97 -6 41 -41 -5 49 84 26 2 -58 -83 -1 64 87 41 56 -100 -66 -65 -30 -50 41 -95 11 -60 49 93 -28 3 29 20 8 -76 24 -6 -100 29 32 48 54 2 -55 -33 91 52 -95 22 59 -39 -11 85 -88 75 -12 -86 24 -99 -62 84 -58 76 -88 87 -32 -37 -22 -24 68 -23 -63 -55 -44 14 34 78 37 -20 -50 41 -22 -53 3 -69
6 -41 -76 36 66 -82 45 53 51 13 41 84 -32 -70 63 -23 82 -81 -86 -18 -76 13 -31 -5 -98 -48 -66 91 -35 18 -54 -7 53 -46 81 31 41 94 -62 -47 98 -90 -6 37 55 -61 -23 77 92 -16 45 -23 -90 -96 94 46 53 -48 2 -36 -69 -66 -31 -25 28 91 -77 -69 -18 -99 1 -10 92 -96 -86 72 37 61 -73 -26 -70 -93 9 -56
-79 54 65 -17 3 -27 96 -45 -20 16 -96 68 -84 -86 -85 72 41 35 2 20 -88 -87 -23 -10 44 65 -63 -13 -67 -64 54 36 -43 23 26 6 -33 54 89 34 -31 -25 -33 -46 -28 -25 -49 -43 -71 57 -10 93 47 -68 23 -9 -70 -91 47 -13 45 0 -76 45 75 3 66 -62 -62 -21 -74 -65 82 -44 -10 -73 29 43 -40 -5 15 -82 27 39
24 30 60 -53 7 20 -87 31 49 34 -69 26 -13 43 55 -11 -84 -91 -91 99 -74 94 85 -60 23 -75 -65 98 -77 34 26 44 -20 -71 -72 -71 44 -53 40 -1 -62 22 -85 13 -36 -10 50 85 -28 19 80 -34 -34 -11 -83 97 33 45 34 -22 3 14 52 -54 58 -44 -37 -13 -31 36 -86 -13 -57 92 -12 68 -97 -84 20 43 -13 -75 -59 16
-79 33 -4 21 -21 36 51 -13 98 65 48 -31 75 -48 69 95 29 94 72 -22 73 -83 -10 -72 19 -74 -84 62 80 92 30 32 40 51 -53 58 22 9 41 76 -66 51 5 27 55 67 -50 -26 1 57 99 45 40 -88 -7 65 25 -53 41 0 -84 -9 82 32 59 -78 51 38 -38 20 -5 39 -64 -67 37 -18 -3 -1 -26 -25 -52 -42 -7 77
-69 -91 37 87 -48 -61 45 95 -74 78 96 -98 -31 -42 -6 42 7 6 67 34 47 -66 -1 52 6 -76 -59 -76 95 52 -60 -16 42 13 -5 -95 -7 22 -73 45 55 -86 10 3 -78 0 -46 -90 -29 -91 -56 -10 -28 38 -70 75 -71 -39 52 11 17 27 -30 94 -57 -25 33 0 60 77 -33 -8 87 10 -81 62 -40 47 17 -38 -55 -44 -86 -94
-98 -10 56 -92 -81 6 -63 -99 -45 -36 -3 -7 7 60 24 93 -40 -88 -36 72 77 -82 23 9 80 -37 25 -91 -9 48 -39 88 22 28 80 94 -97 3 62 26 -99 -26 51 15 -11 -94 1 -66 53 -67 64 7 58 -98 18 -54 -59 37 65 48 45 99 69 38 -61 91 90 -69 50 -95 -79 -46 6 -7 78 50 -26 3 -37 -53 -3 70 -6 35
-99 -93 -32 11 21 20 -95 60 -11 -100 22 -67 86 -96 54 33 -32 79 12 -75 46 22 37 8 -3 78 45 62 -3 18 67 -50 -49 20 33 42 56 -40 96 46 4 -45 68 85 -81 61 92 73 8 -67 94 -54 87 51 40 81 96 44 -55 -27 -8 33 73 30 95 42 -58 -16 -89 97 -24 97 84 -55 56 -58 -51 81 5 -29 90 91 94 -69
-82 -93 -89 55 -49 84 -42 49 4 -4 -11 76 94 -21 85 -84 34 -32 -8 -12 61 -3 64 24 49 44 -25 39 16 18 6 -74 22 -29 58 -71 -53 -34 -85 26 49 -46 39 39 -84 25 23 56 -64 4 -88 78 -89 80 5 50 -22 -41 67 37 -81 25 53 83 -67 21 -95 -74 12 -69 -54 -24 0 -20 96 -39 0 12 45 -78 49 -2 48 -16
-55 -56 -8 46 -79 -71 -39 -20 82 -63 91 -44 -85 32 -76 -81 81 -30 10 43 89 72 14 64 -38 50 -59 3 -33 69 33 74 -13 -17 -33 -62 53 -13 58 5 54 -47 -88 72 -79 36 3 4 -37 -21 67 -30 35 -72 66 61 27 -3 1 27 31 33 9 68 30 69 -28 -10 -57 91 -68 -32 30 17 68 54 -73 98 79 29 -95 38 -91 -89
-49 -28 -27 16 91 -11 -89 -46 20 34 41 -26 -54 -16 -83 -28 79 -69 -87 -59 -24 89 15 -97 -36 73 38 25 -68 36 -39 -88 4 -46 -66 17 25 -32 -7 -17 -76 9 -62 -81 -90 58 -92 19 -92 -46 -88 -12 69 -30 -31 83 -8 50 81 81 -92 -60 45 -34 -45 -76 68 31 38 64 30 51 -1 -75 58 17 75 -69 -16 -62 -98 73 -48 20
20 -93 -13 66 93 -61 25 38 -32 63 50 -72 19 -78 -55 52 -14 -92 -27 95 54 -58 -22 66 -72 -15 -15 -62 -10 -73 43 -58 53 -43 -53 -77 -95 -82 4 22 -8 91 64 64 5 50 76 -10 -76 -83 40 89 57 85 -45 -78 38 -50 46 67 92 -52 -24 -61 66 -10 2 0 -44 -77 -68 -55 -66 98 -24 -100 -23 6 28 -58 -12 -86 -18 -23
31 -63 28 -77 76 -31 -95 -27 -16 33 55 -48 -8 -80 1 -25 -65 -16 7 41 -17 60 -32 -59 22 85 83 92 83 3 -57 9 -39 42 52 -36 -77 59 97 -57 64 37 -64 8 -86 75 -10 -71 -15 63 -25 -4 -58 -97 -38 -77 -12 72 -64 -25 -7 1 -61 -65 -82 9 -35 -12 99 82 22 98 -73 80 -77 -46 78 -11 83 -50 76 79 -69 84
-16 29 4 86 45 -82 -69 -15 5 -70 50 -91 31 5 86 -4 -69 49 81 -1 -13 -94 -32 21 12 80 -9 -75 29 81 -13 95 -8 86 48 -58 -82 31 -4 -40 48 32 52 -47 -77 94 -49 -28 -12 13 40 -60 -20 92 7 66 -51 -92 25 80 62 -52 -33 -59 52 32 -27 -30 -6 83 -60 -99 57 -45 90 27 3 -100 -56 -76 77 -96 60 -15
-92 -27 24 25 -71 -57 -37 77 -49 -16 -17 88 28 5 58 19 79 43 89 88 -55 26 -94 -35 -25 -24 65 75 -81 65 -59 72 -80 46 51 26 31 3 12 -19 56 -42 91 23 57 20 -15 -55 -27 70 84 56 96 -83 77 30 30 -63 -70 3 33 -16 12 -65 -37 -99 -95 12 -88 15 -84 -40 -1 60 -69 81 83 70 33 68 -67 20 -19 31
-35 12 76 -75 17 -8 3 74 52 -74 -1 -80 2 -4 48 -47 -69 52 -53 -50 -73 52 -41 55 57 -6 -22 -84 71 14 53 51 -80 40 -59 -77 79 43 -36 -95 80 -30 63 33 0 43 -71 63 -7 33 9 94 -26 -50 79 -79 4 40 -4 -16 26 27 18 13 35 40 -54 0 -23 93 -91 -32 -36 36 -35 91 -29 -48 -91 -17 -94 -50 -90 1
