93 76
79 -45 -64 63 -95 -9 35 -50 -67 -13 -4 -39 36 -98 -37 -50 86 88 -75 -72 -91 -45 61 98 -63 -11 -53 18 -81 -13 -27 -4 -88 -81 -45 19 79 53 7 -1 43 99 -27 -76 -90 -1 -89 48 69 13 -52 7 -23 49 -62 26 37 -70 41 37 0 -56 42 -88 -11 -24 48 41 -86 -11 6 -33 -33 65 -22 -30
-89 4 -80 9 83 -93 -39 -4 -83 77 -59 -100 -54 98 63 -65 28 38 -63 -72 -97 45 -24 63 50 62 56 37 -56 21 -5 99 24 76 -34 -37 9 -23 -67 14 -46 14 -72 -57 17 29 85 -87 27 -46 49 29 28 22 -87 -42 -34 33 78 9 -97 8 56 -90 -58 -33 58 12 -49 72 -25 -51 -80 -67 82 -35
-14 -30 -36 -63 -44 -25 -70 45 28 77 77 -1 -24 -50 -49 -70 -76 9 2 5 60 86 -5 -50 -67 16 79 -79 47 57 -52 21 77 42 -5 -96 -88 35 -3 90 -79 -49 -68 16 30 -52 -13 98 39 18 88 47 41 97 -95 79 -70 -64 13 -86 70 -61 -67 15 34 5 -45 47 95 30 -7 -5 73 95 84 83
-15 60 -78 -40 71 96 -21 -100 52 23 13 89 71 -64 58 80 63 -14 37 3 -48 -6 -38 28 73 9 86 -96 -90 66 55 62 -71 69 -11 -92 -74 -51 82 60 -2 -23 69 -53 -59 97 5 67 0 63 -76 -15 17 17 -14 -23 -82 -84 44 -56 6 -69 -59 -77 -11 88 -85 22 -38 57 21 56 87 31 -12 -59
-94 35 -41 27 -6 -6 -13 81 -37 91 66 53 5 -50 28 -75 89 -8 -84 -72 31 84 21 95 92 -60 60 14 95 -56 -89 71 54 -59 -2 -96 93 90 9 91 15 40 27 -48 79 0 93 -58 9 97 70 -57 85 82 58 -99 52 -11 -56 -73 -66 36 8 -15 -69 -48 -84 83 48 88 39 0 13 -41 68 -71
-44 -87 56 99 -99 -1 66 63 24 65 2 -71 58 -60 96 19 -45 -84 -26 19 95 -28 -47 -30 -51 83 52 38 -12 89 -35 -22 20 -38 28 -12 84 58 49 16 -48 -62 93 -77 -51 2 -52 83 -88 -16 -62 -83 -5 48 -44 14 18 60 -48 86 22 5 -89 90 -41 -93 49 49 -97 9 -94 98 -20 -35 68 36
-82 23 13 -59 91 63 18 79 31 36 85 -8 -16 -38 35 41 49 -4 -64 -15 -4 35 -81 35 -50 61 69 -67 86 1 54 -94 78 58 -54 -85 53 34 65 49 27 65 12 78 -89 54 -2 -51 -42 53 -45 -81 93 -14 71 16 73 61 50 49 52 23 75 -81 91 -60 83 59 61 -64 20 -76 55 71 -79 -86
-2 -8 -8 4 -43 -23 -75 12 80 97 -8 -23 39 2 -62 -98 31 -66 -84 -55 77 36 -95 -41 13 98 -11 -90 42 -3 -59 75 -81 -41 -31 -84 -59 -56 80 -47 -42 24 2 -9 -31 -20 68 -52 79 -73 -8 -30 -26 27 99 -98 43 72 -61 -96 70 28 -88 64 -24 91 -95 79 -8 33 67 -12 94 -50 -18 -64
-96 -70 17 44 52 17 -25 57 -28 64 -63 72 24 -31 62 -21 -63 -13 48 -77 82 86 73 -68 76 -99 78 6 66 12 75 -18 2 -68 -57 44 13 45 -62 -75 16 -60 -100 84 -68 22 -49 -75 -37 -93 15 -45 -83 93 41 67 82 11 82 -81 80 74 81 -25 -89 -93 80 -67 59 -21 -57 -96 -30 87 10 -44
-25 -10 53 -16 -10 27 52 -72 -71 91 -65 -12 82 -100 62 80 18 55 -31 -19 97 -89 76 -32 -73 2 -47 9 50 80 -26 -65 -63 -79 16 75 9 60 80 -54 69 14 -19 -82 4 -89 74 -33 -74 99 -38 -90 78 47 -47 -5 -50 -69 -83 -32 -72 -1 5 -99 65 57 -87 37 99 94 -6 41 -69 -82 -38 -5
-73 29 -9 94 -76 -25 -52 28 96 -12 49 -64 -61 -99 53 61 59 -98 97 -66 -16 92 78 56 93 56 -30 -19 -31 20 -41 -30 21 -18 60 -28 70 75 -56 -90 -59 -18 44 70 37 -95 40 80 52 -86 -47 -53 14 -54 10 35 -89 -53 -40 -2 48 -8 -22 -20 68 33 9 -88 -14 -18 93 -84 -75 84 64 12
-77 62 47 -31 -61 -26 -43 -86 19 -68 -70 -10 57 78 29 -11 64 -71 -42 -25 -91 22 -89 60 -30 33 35 -10 82 -10 79 12 14 13 40 -79 -32 -8 -98 12 -41 18 -40 89 -78 -70 88 -48 -80 -81 -40 20 -65 -33 13 55 52 -5 34 20 -37 37 -96 -19 30 -11 -51 -58 75 -16 -5 17 33 -37 -85 -20
20 94 89 48 -78 -92 10 -69 -4 17 11 41 33 21 -45 -18 71 -31 68 63 -5 15 -2 -79 -85 -89 53 -30 -85 -17 36 95 13 67 33 6 -92 62 -5 -59 -46 71 -23 -78 16 -9 53 -4 31 -63 -62 -62 -67 -61 2 99 66 69 2 -59 -93 -80 25 -54 54 89 95 -48 -9 -27 -69 -40 -37 63 96 -94
-21 -96 -87 -98 -77 -66 34 14 75 -72 41 -38 86 33 84 -60 -14 3 84 -3 15 -97 99 80 51 58 27 86 93 -63 31 97 96 56 14 21 43 23 -52 67 -81 47 -45 80 -8 -84 83 -99 63 -45 -27 -39 -17 -3 -90 12 39 -76 -78 29 -32 -90 55 -1 16 96 -36 -81 -26 13 -47 -95 -33 79 80 -93
-17 37 29 -70 -76 22 11 60 72 -4 -25 -58 -91 36 80 -17 -98 6 -81 -52 -45 32 -37 -83 21 -16 -32 0 91 -31 81 -91 85 93 -4 -6 -17 4 -18 7 -56 36 14 -43 51 -86 30 90 -75 24 87 -56 1 63 44 48 41 23 -14 -8 -67 -51 14 5 -64 51 -97 61 97 -2 -2 -5 16 -76 -68 -88
90 69 -5 8 55 69 -33 92 9 -58 -2 94 -56 90 -19 -14 -28 41 -35 58 98 -80 47 -38 90 20 -36 94 -8 -91 72 -71 90 6 23 -88 -6 20 80 86 -27 85 -55 -79 58 90 -61 84 87 64 -16 -82 49 20 3 35 58 77 47 -70 -72 79 58 -73 19 84 -6 -78 -65 -2 -79 95 -13 27 -34 -57
-31 -1 -44 56 63 -80 46 16 -75 70 59 7 97 -30 -89 6 -1 65 58 58 77 -48 -51 46 53 98 34 48 52 -72 -29 -78 11 32 7 68 -12 -94 88 96 -88 71 79 -90 -58 -14 44 -23 -98 3 89 -94 -97 -78 55 68 46 -47 -60 -56 72 -27 -69 -95 74 14 75 58 54 -59 77 22 -16 94 40 72
-70 -26 -1 13 22 6 -26 87 -94 -79 9 60 64 -94 38 -26 -18 -94 -21 52 -100 -23 -37 88 52 -30 37 -30 -33 84 61 -10 -99 69 24 33 -11 58 50 -14 -66 -27 34 6 76 -25 -64 36 -40 -10 -59 -61 17 -40 -92 -8 48 -40 -8 -68 75 -72 79 22 -1 0 -43 37 -5 -50 -36 -87 99 -9 18 -94
-62 45 59 89 -84 18 40 -42 75 -61 32 65 40 -64 -41 53 5 -13 -99 -71 -96 87 -64 9 82 51 76 -83 88 15 -95 -56 -6 -82 38 92 67 -67 93 85 9 -61 -98 -61 -35 82 81 -13 44 60 -17 -65 31 -63 -8 -19 -56 33 90 -90 87 68 8 -79 4 98 17 -65 29 -56 11 8 -62 -16 -41 -26
63 -99 -33 -25 98 -75 -75 33 -99 -17 -82 33 62 -58 23 5 22 71 94 -21 -49 -40 20 -23 58 42 34 -33 7 41 26 65 77 25 15 74 -75 27 8 -91 -29 16 32 -35 -28 37 34 -24 54 0 -37 -80 -28 -39 48 -94 9 -84 -70 50 40 55 -33 39 -47 -25 -45 -14 38 -8 87 -11 30 85 -48 -46
-6 76 -5 1 79 85 8 86 19 -75 12 10 11 -26 -4 -39 21 73 63 85 -95 63 -21 33 -67 -52 -38 -9 -23 93 54 94 -64 -36 91 55 33 -15 -84 -25 4 19 -95 9 -71 -17 87 53 -51 -48 0 -36 54 56 69 -51 98 -66 -86 37 43 -31 9 -70 -43 44 81 9 83 -86 71 25 -81 51 -75 24
-71 -32 -77 60 -23 -44 -20 -36 -80 -85 75 -80 68 -73 -67 78 -5 1 17 55 -61 -67 -27 -95 6 -23 50 -66 11 -97 -77 5 -21 -24 -47 31 82 -44 -85 -91 95 24 4 -55 69 47 -42 98 -94 -36 6 43 48 22 -17 14 42 -99 -76 -59 50 -36 -80 -63 89 80 -16 -65 86 -72 -4 -48 74 54 -7 7
11 -83 98 80 -16 26 97 -48 4 -56 -24 40 7 7 29 69 -78 -3 54 69 65 -57 -16 18 5 -39 23 -53 -77 5 73 4 -41 73 -85 74 -59 -20 -23 20 -87 -30 -41 -81 -51 70 -74 24 67 71 -60 15 -44 -50 -78 -54 -95 79 -92 79 40 -34 36 -49 -71 -12 -56 63 88 -94 22 -63 70 -51 -51 -13
-12 91 37 29 47 -67 2 -8 10 -51 21 -2 72 49 -20 -99 98 49 -29 -24 24 -90 34 -9 -53 43 72 -26 18 33 -55 44 11 29 -51 -12 -91 -3 -55 -23 -21 3 -31 -98 12 80 70 -5 -64 -43 -44 -9 -98 -74 -88 -94 36 24 32 50 -10 -51 -13 90 -21 -35 -93 85 -84 -9 -48 -15 87 41 -17 -31
83 52 -38 -21 68 83 74 -44 -95 -99 82 -15 12 1 -2 -33 -94 34 -5 -43 20 -61 -47 56 -75 -52 15 23 -43 -90 -26 25 -3 20 80 -68 4 -54 26 15 -70 2 -8 -94 35 -83 -8 76 38 95 2 77 -34 46 22 54 72 -92 6 5 -82 19 78 -19 -12 48 -71 70 -38 -13 14 -40 -7 -26 -29 78
-31 76 -32 -23 -23 -83 -17 -22 -15 7 -22 -91 53 -50 -58 -62 2 95 31 93 39 -95 -75 -96 28 6 -3 32 29 -31 90 -91 13 -97 -27 86 69 -45 59 93 -20 -35 14 70 11 -37 -81 30 -23 -5 -6 1 -11 -65 90 -52 90 58 -33 85 -72 10 -67 8 -96 14 -49 35 -56 42 60 12 -72 57 49 -30
-20 42 39 89 -53 30 -10 -39 95 89 34 -55 78 23 -27 -40 64 -71 -3 45 82 -16 39 -32 -13 81 68 33 -27 74 99 87 -90 -76 24 19 -80 -63 4 78 69 -40 4 71 -81 6 30 -54 -66 -64 -47 62 -45 78 68 -82 -98 -14 35 10 -5 33 -27 -50 74 17 33 92 39 -60 -86 38 -57 -21 -39 -66
12 -97 42 9 18 -28 -15 -39 35 48 31 59 80 -94 -73 73 10 -26 -90 72 64 72 75 12 -15 -42 -70 -22 -36 -13 -89 79 -42 97 -86 39 52 -72 -74 80 -30 -92 -50 -80 99 -61 58 -92 73 -40 -58 44 24 -87 -100 -85 -58 64 52 83 -27 64 72 40 -3 -35 -59 67 -44 65 47 -46 47 61 44 46
-11 -83 83 -91 41 79 30 -23 -15 5 6 -31 30 89 -89 -81 91 97 -28 -6 -64 75 -53 12 -95 18 68 -17 -13 1 86 91 -1 47 3 27 75 44 -3 -39 -36 -44 -31 -57 -96 58 99 -96 -4 46 18 -91 -79 50 21 -28 60 -71 54 -65 14 -55 -82 65 33 -54 65 -82 69 -41 59 -29 33 -91 -61 67
94 -54 -64 -100 -16 -16 -38 58 -34 -30 10 -70 -99 14 11 9 24 -100 -94 22 -85 -98 -43 -66 55 48 -71 95 48 -47 -50 -57 -42 -6 70 -43 -95 -81 -68 7 56 -92 -78 -18 28 66 62 -97 -88 99 -51 4 52 -54 -48 -5 -61 61 46 5 -79 47 10 97 65 -6 -90 -31 61 66 -95 94 79 -72 29 8
96 -51 4 80 16 -3 -68 -38 -91 46 -8 -83 -9 -23 -22 21 -21 -72 37 -69 -17 65 96 50 -58 50 32 -51 -77 13 -4 -32 11 -2 47 37 -98 43 -55 -32 -65 83 7 84 20 -78 21 47 -24 4 1 3 -49 47 90 95 90 71 -23 -58 52 44 -50 -26 99 30 -90 68 -53 -28 -69 5 64 41 -3 -56
-94 56 -32 67 78 90 -90 43 -21 -26 22 -56 65 32 -83 -32 -7 52 -52 -14 41 29 -71 -34 95 -87 67 75 -48 -57 -23 -87 97 -43 -62 17 -90 43 18 42 9 3 -53 -75 53 13 -30 58 -53 -2 36 12 -99 -79 -87 59 89 -14 88 -71 41 -74 -93 -96 -23 62 44 -23 80 94 -73 95 58 -87 50 78
21 -33 -61 78 18 -70 -71 77 -1 -91 85 4 -85 30 58 31 -7 62 91 27 33 -34 60 -84 51 -52 -20 -76 -90 -90 -94 27 88 -10 29 19 78 55 32 19 6 -33 78 -41 59 45 -63 -3 -79 -3 -54 -5 26 -14 92 -56 -95 -84 34 88 52 -46 -77 44 31 -87 -70 -55 -97 -67 11 -73 84 -56 2 -19
42 -7 78 -76 -71 22 63 -47 -52 -67 4 94 -24 -49 56 75 -90 -34 -99 17 10 81 9 80 -60 -42 65 74 -25 63 83 -9 -8 16 64 -78 -31 63 50 -93 63 37 90 -89 89 12 -10 -59 10 -78 73 51 73 -27 43 -16 70 -65 82 -22 -88 52 89 44 69 -78 -96 88 49 25 -44 35 -93 90 -64 89
-84 -100 -4 38 49 21 -74 96 -13 -50 54 81 45 3 15 9 78 -15 98 59 72 72 68 -1 96 83 -92 -24 47 -27 94 38 -16 -9 75 87 -5 88 -20 -79 73 -28 77 28 -79 87 -57 86 -85 -28 -32 22 -61 -47 -74 45 -8 22 -86 -30 93 -10 -94 85 -89 -36 -94 70 -48 -30 84 79 -28 78 -11 79
90 38 42 40 -91 -35 34 84 -28 -26 38 -29 -65 33 -9 -80 19 36 46 69 63 76 82 -92 24 -92 45 32 74 12 16 -77 80 62 48 -79 -59 -11 -87 29 -20 71 58 34 45 -51 1 -68 -94 32 -87 16 -7 -10 -31 82 -78 -3 31 -2 -5 95 -43 49 -46 23 -6 96 -93 12 60 -96 -93 35 -28 -95
-4 73 -13 -91 -31 -15 36 -35 77 43 -47 -26 -41 -10 11 39 1 -49 60 71 81 -54 -97 -91 -9 41 -53 -41 0 -21 92 39 -53 22 66 19 -38 32 6 36 -61 10 58 66 -17 -33 40 37 -22 -85 -18 78 -35 -25 32 24 97 -12 54 41 13 46 56 -58 -55 -20 -32 62 -93 28 7 -99 -6 -20 -14 68
82 -9 -90 -81 32 60 26 -81 46 45 60 -47 80 79 -90 63 96 -3 2 -67 87 10 68 6 29 -9 -49 -56 44 9 -13 30 -24 -42 -66 29 -79 2 40 9 35 53 67 24 -83 39 50 -65 42 -81 25 -20 61 -87 86 83 -8 -10 15 37 71 64 -43 -42 24 -50 23 95 -11 -4 49 -69 46 46 -11 77
72 -25 59 34 11 -43 -82 35 3 64 55 -10 -76 91 -2 28 52 49 30 -34 -13 4 49 -76 6 2 -77 -1 29 -63 -5 40 -39 61 96 -96 -70 15 64 -71 40 80 -50 -43 97 14 -99 -82 42 -50 -8 61 33 -45 -20 -25 -13 61 -55 92 -31 22 44 -78 -48 81 1 -46 -31 -84 47 49 -82 -48 -76 -87
46 -98 -54 -79 -77 -84 -30 19 26 -79 -23 -11 3 -19 40 -46 90 -76 -39 41 -100 28 22 -10 30 77 -93 56 99 9 -89 -13 -52 -76 24 -98 93 14 5 -88 -26 -18 63 -81 47 -87 -86 65 -49 -77 -72 6 15 -98 24 -83 50 -95 -83 63 -32 58 -47 -95 11 39 -20 -58 -62 42 -88 12 -20 -61 23 5
95 50 -50 65 82 93 59 -62 -41 6 46 -56 -59 33 -60 -66 -3 76 42 93 19 96 24 -65 96 -88 -13 -41 94 -48 -65 -1 -53 23 -91 66 81 -9 -38 -29 13 -43 -96 -26 47 -20 -95 13 -23 -49 40 -91 -12 -65 -37 59 23 73 38 89 58 -28 41 5 50 41 30 -28 -83 -60 -29 -5 -87 -94 31 -26
-49 59 -70 29 -82 74 29 43 69 -45 93 8 1 53 18 -62 25 39 77 -24 45 48 -39 -41 62 -55 16 9 -22 -18 97 50 71 -58 1 -12 82 -18 65 86 24 -91 -90 -8 -75 -21 54 42 -54 19 -95 -58 21 67 -66 -100 92 -23 56 28 49 -80 25 1 61 52 30 52 22 -54 -54 -74 75 -92 71 34
-86 59 90 34 47 -34 -81 -79 -80 58 22 -71 -18 90 44 54 -9 65 76 27 -86 -59 -81 91 74 -49 -78 82 -81 24 -8 -26 -63 7 -89 80 -82 -72 71 79 38 -42 -24 -81 -50 -100 27 -66 -54 97 60 -73 -10 -14 6 -69 -74 85 80 -92 92 83 -17 36 18 -59 -84 46 -8 -94 -57 -38 -39 -57 92 39
-22 81 -19 -68 50 -25 64 -33 -80 83 51 74 -79 11 -75 -77 25 67 54 92 36 21 -55 -38 -35 -37 -23 1 23 -4 -21 55 -45 -10 -21 -40 25 -4 -47 11 74 24 44 -22 -44 65 -65 -89 -73 -48 4 93 -47 -48 55 -42 -59 -83 45 -60 -86 -58 -12 -63 -96 85 83 -86 -27 -1 -98 -47 18 -49 -61 -22
48 -72 -63 89 -25 3 98 -54 -49 -59 77 96 -8 -27 -87 -62 8 45 -49 -85 -13 -58 56 -30 -8 -71 -33 -78 -71 -93 79 58 -69 16 32 71 -89 44 -10 0 -97 69 -13 -94 93 -99 7 -91 1 -56 77 23 98 -71 -81 56 -8 73 12 46 -17 50 9 -46 -75 88 38 -94 -17 18 -29 88 -71 96 74 11
22 -43 -18 44 -89 -17 53 -76 7 68 -78 -20 -26 -8 -82 -51 59 -36 64 -86 -24 -23 10 -94 -87 30 -82 -70 5 -83 -63 -61 -39 20 -9 -17 -63 51 -57 -86 48 -54 -24 -2 -79 85 36 -8 -57 -6 -60 -94 42 58 -44 -48 19 -57 9 54 -5 5 88 -55 95 -5 -24 -18 -34 76 91 -47 61 33 -79 -81
75 -71 -98 -3 17 -60 29 42 -28 44 -43 -14 95 6 11 45 -54 -65 -16 23 -57 -22 -20 49 -25 89 -14 -95 24 -6 -42 -3 -6 4 29 21 -94 57 -12 -46 -98 -9 -60 -78 99 -6 -76 -3 -5 -4 -9 60 99 -48 0 -63 92 35 27 -6 79 -52 -18 -30 55 -99 72 -79 -30 -38 64 -46 -48 26 9 -2
95 76 -91 56 62 -52 56 -88 89 29 -98 84 29 -71 -41 -20 12 7 -15 -76 58 85 -1 16 -63 -9 34 -30 -70 86 -83 -40 21 -93 53 -84 -77 -10 0 -68 42 11 -91 -93 -79 60 69 -81 -27 -59 -16 29 -13 -77 -77 25 38 39 -32 -53 27 82 -9 78 76 -64 -28 -45 74 -70 -39 38 -74 -49 -27 -89
89 60 -75 3 19 76 -6 67 -55 -72 35 -98 43 -6 68 -93 61 63 -65 26 35 99 43 -36 58 49 18 -49 13 68 -57 -90 6 64 7 -80 5 60 55 -24 94 20 -97 -2 22 33 94 -36 62 20 38 11 43 59 73 -82 -51 -29 -5 -81 6 63 58 -94 -34 -48 4 -9 29 -98 72 35 40 -11 -56 97
-16 -44 68 4 -81 -46 91 1 44 -31 94 43 -71 23 -35 95 83 -29 22 -23 81 -91 51 70 -79 34 -60 44 16 70 12 79 40 -46 8 69 -97 -32 38 -100 54 -28 2 42 -25 46 71 -11 58 -26 68 -75 -15 95 28 -57 82 -57 -45 83 6 37 -18 -40 72 76 -6 46 8 79 95 44 -40 -99 54 -29
78 80 41 -13 12 -48 -45 60 -4 77 -40 -8 -16 -91 -99 80 -87 -29 99 20 62 -71 96 6 80 71 95 33 20 -52 -31 -66 88 12 -20 -1 97 -94 35 -88 -12 96 -50 -61 99 -98 -69 -85 27 -41 -43 -93 -100 42 20 71 -16 71 13 99 88 -72 92 83 35 66 -97 -61 -32 60 61 24 87 0 -90 94
-61 47 84 -52 90 66 27 29 8 -98 93 40 72 -16 34 10 29 -87 -2 -46 40 43 2 -50 -13 -35 7 -76 69 76 1 11 -17 -69 -63 -45 -33 91 -75 66 -22 22 -92 65 -48 17 -44 94 74 0 55 -69 -89 -17 -50 -25 -88 94 -52 52 -64 -12 -74 33 48 96 -15 96 -94 -85 12 26 76 2 -16 -86
-89 -13 -11 -48 25 -91 95 47 -96 -35 -38 24 -24 -58 81 -32 71 -95 -67 -24 22 38 92 43 42 -78 -41 -82 -99 1 -31 67 -1 -51 21 -58 -48 -49 -57 84 67 78 -98 72 -53 -34 -96 -56 -55 -93 -18 15 25 -18 -54 21 65 -33 -81 -84 -12 4 -97 -76 78 -64 51 -39 33 95 86 -61 31 49 -94 -9
97 -90 -96 36 -49 9 -54 64 -47 8 -100 -100 85 18 50 94 -22 50 27 29 -67 19 55 -30 42 -67 -28 93 -19 -17 -73 21 97 -91 1 -84 33 4 40 98 -35 -13 33 -62 -73 -52 -38 -46 79 36 36 14 68 -89 -79 -9 60 80 -54 40 -11 55 28 34 28 -77 -60 -63 55 -77 25 -74 62 48 49 -67
-57 69 39 -62 3 -15 59 24 -94 -4 -15 -46 38 -24 -57 -74 15 82 -86 -2 2 -63 96 1 32 -25 -60 -78 -20 -26 21 -57 -67 36 -25 12 -67 42 -50 17 -39 -31 56 -54 98 86 -69 -91 35 24 72 -15 3 -9 38 61 5 72 -31 -41 23 -58 76 -2 -15 10 -20 -86 86 -90 -41 -30 -41 31 94 22
62 66 -97 -65 80 -24 30 -36 -49 -84 60 -50 95 -99 40 -91 -1 87 6 84 -94 -73 5 11 87 -50 -2 76 21 21 -71 8 -77 59 50 27 -65 11 -68 -35 -98 1 92 50 -20 -42 -6 44 -13 98 99 -32 57 -38 -85 71 -10 -22 -31 5 -53 -44 75 55 -23 2 20 57 -96 -56 -5 -43 -17 94 -82 27
-12 -20 -50 69 69 23 68 -38 -82 99 -83 -10 -77 -63 -22 -81 -39 60 91 83 -8 54 -74 48 11 -40 -14 -27 -45 -38 -48 -73 -95 7 36 -18 27 69 25 -70 25 27 99 -64 88 -76 -15 -15 6 60 -22 12 -65 -32 -58 74 32 -14 -23 -93 -46 -67 4 16 97 -42 29 89 -82 28 -64 -80 -70 -54 -75 37
-53 -70 12 58 -20 60 -17 90 48 15 -65 86 -1 -9 -7 -7 -20 -72 -87 37 22 -78 -88 -12 30 -42 3 92 72 -73 -60 -11 -58 -100 13 44 -39 -27 -70 69 -31 -36 -98 -44 -41 -81 65 -11 -95 19 -88 -82 22 99 85 -55 58 32 -47 -42 44 -85 63 88 -89 -94 67 -42 22 -17 -77 -3 -53 -65 -99 69
17 17 1 25 -96 -27 -8 35 25 -40 -11 -41 -100 21 74 -58 62 29 95 94 30 75 -17 -64 -86 49 11 91 62 7 51 23 29 -58 90 60 90 47 -55 -53 -87 17 -89 94 -46 -85 -17 -12 -10 -2 -22 -33 13 -41 -72 -38 -49 -28 -15 93 65 53 64 3 -29 -43 66 22 -89 -80 52 97 -11 23 -85 45
-43 -38 23 -80 -20 -10 -29 -68 -22 -33 -98 68 -77 23 -83 52 46 64 85 73 -30 -97 76 -1 -49 33 -9 -94 -60 42 -87 -26 -51 3 3 -21 71 44 -97 -21 -57 99 -71 -34 47 51 24 -55 -5 -71 17 50 12 -45 37 14 98 -22 -28 47 7 -63 -6 -56 -95 -98 -79 83 89 -24 56 -34 -70 -54 -70 56
91 -56 97 82 73 -81 -76 28 95 34 55 93 -57 74 59 8 86 21 21 11 -61 -54 75 74 -88 12 85 11 -100 -11 88 51 -57 -35 8 73 -56 3 -1 -79 76 67 73 -76 80 65 51 -75 89 -27 75 71 65 80 89 -98 -27 77 -42 -60 12 -69 -21 -91 43 -85 -90 92 -25 5 65 55 -37 -81 -52 57
-61 -48 36 86 -49 18 75 12 4 71 -87 -95 87 46 -13 -65 36 37 -92 -25 -50 73 -38 13 -96 4 -30 8 51 -66 -50 -19 -79 -9 -98 92 25 52 -43 59 76 80 61 33 -72 29 -67 -82 -30 59 74 10 -54 -81 4 43 -31 -96 59 -62 54 -9 57 80 -38 -35 -38 93 88 -54 33 66 73 90 77 -80
54 10 -4 40 55 -28 6 20 -35 -17 -11 85 -85 -29 3 55 -94 -85 -3 -30 -99 -21 23 -45 -38 12 -40 -78 90 -90 -73 -51 -94 -50 22 -83 -37 -88 -74 31 -8 -73 44 45 22 -14 -30 14 -72 65 -63 -28 83 -71 -43 92 95 3 -95 -20 -8 36 45 -16 52 48 -27 -3 -26 -63 84 -87 34 23 9 58
-62 96 89 23 -72 82 -75 28 53 -99 61 -62 -79 -89 -52 -74 -20 -77 22 73 -28 -54 16 -72 -32 28 -41 92 85 -80 -28 60 -18 66 -17 34 98 -27 -79 -76 -39 74 62 36 -74 -97 82 -54 -76 51 -53 -57 -94 89 -32 -74 96 60 -40 -97 23 -30 62 19 12 -45 36 87 85 59 62 -30 -9 14 80 81
16 20 42 54 64 -10 35 77 -59 -32 20 -65 -89 -74 86 97 -87 68 54 -33 -14 -55 -72 -34 91 -68 -37 80 33 82 99 -13 -51 -90 -60 68 -54 34 62 64 22 44 44 67 5 -83 1 -20 43 14 69 -63 97 -60 68 -25 66 23 -16 -35 13 -75 -72 -55 69 28 -95 3 48 -1 -100 17 45 88 24 66
-62 -25 98 -65 -51 -46 -30 -41 81 38 -9 -38 51 -28 29 32 -75 -16 6 -69 -22 70 72 -62 -13 62 -50 -8 26 42 -15 -92 6 36 -72 -6 -42 -98 -99 -70 1 92 -6 63 5 28 51 27 -33 90 -98 -63 59 5 89 -45 51 86 -61 -35 -99 90 -98 2 40 -74 -61 -27 48 -86 14 -54 67 81 35 -41
74 -89 -23 -43 -60 -4 -25 67 -49 -87 85 -3 96 64 -77 25 -43 25 55 -14 -86 -6 -61 72 49 23 78 -64 -51 -30 36 -88 56 85 -56 94 83 -19 49 -87 -57 9 -38 -24 -86 76 55 -22 -28 47 77 38 98 82 1 35 -86 -68 68 26 -72 -78 45 -29 -95 -52 39 78 -98 14 -60 12 83 54 -61 68
0 57 46 -23 40 59 71 92 33 54 -12 -73 -21 -46 72 42 -84 -17 4 65 -77 15 22 -19 43 55 65 18 99 -89 -59 49 -12 -64 -64 95 10 -90 -11 54 -66 30 28 90 3 9 27 -25 97 -71 19 -63 -98 -100 -99 -61 51 55 95 -36 -90 -11 10 -9 12 32 62 -85 82 87 -72 -6 -85 57 42 53
28 56 -60 80 -42 89 90 82 -76 28 29 56 78 87 -33 -93 85 -1 -7 70 -55 -78 -81 4 -57 -49 95 82 94 -97 -19 25 20 64 3 -49 -76 -81 -25 -26 -84 30 -99 -67 44 -18 -57 -59 49 -1 -46 -9 26 5 -69 -84 -30 69 10 -83 -72 97 54 -36 60 72 16 75 19 -70 -68 -60 29 -54 -74 -96
36 -3 17 -13 -56 -86 -66 24 -63 -62 -45 -86 -76 -46 2 67 73 55 35 -56 20 97 60 4 75 91 -56 83 -64 -78 -10 34 -48 11 -60 -58 34 -86 84 -94 -76 -63 70 14 51 54 13 -36 25 -80 -10 -13 -12 27 -42 26 92 97 -44 -3 93 11 -9 -76 -50 -39 -71 21 -31 -57 -68 -26 4 73 84 -89
-17 -8 -34 72 80 -11 -50 -33 75 93 79 -75 70 -3 -57 -15 76 8 -95 68 31 7 -41 -17 83 48 55 -6 33 75 -99 87 10 32 90 23 -27 85 4 3 43 31 -98 53 48 -33 -63 -33 -84 47 50 -100 -69 -100 -66 78 2 -10 4 -32 67 30 90 69 -30 16 -5 -23 9 -79 -97 -1 74 -14 -13 26
-29 70 -30 79 30 -96 -4 -54 -79 17 55 65 -68 33 11 63 65 -85 42 2 25 54 -32 -2 60 -32 95 -94 -63 -90 70 92 15 -70 -69 73 -14 28 -49 -32 -21 -11 81 -80 1 47 -83 -26 61 97 46 44 -83 98 9 46 70 -45 21 -74 87 -38 32 67 -4 92 75 86 -24 43 1 -75 47 73 68 3
-5 -53 -23 -65 85 -31 53 -28 -17 -91 31 -87 -81 34 15 74 -66 -25 0 63 33 -4 -85 -4 8 12 -84 -55 -58 -52 64 -46 -87 51 23 73 42 -22 71 42 6 22 -47 -8 -10 12 -88 -82 4 -12 -89 -39 80 65 25 4 10 40 39 -84 80 55 -82 -3 10 88 96 84 4 -35 76 94 60 78 -56 -95
69 90 -99 -62 -86 50 -21 -97 -73 -12 -89 -42 -35 6 27 30 -83 -47 -67 4 -73 57 -14 96 -53 -38 69 -15 -65 61 -86 78 -54 91 -96 -1 64 49 -66 35 71 -28 37 -45 42 95 47 -25 -92 -37 46 63 -8 -97 -8 -99 -50 -48 -23 17 -88 90 -79 29 14 64 -64 11 -58 80 80 -69 40 18 -38 -95
-71 35 11 -25 -81 61 -48 -90 53 -95 -41 59 30 -16 -8 -88 55 -34 -68 16 32 -88 -27 -65 -12 -89 -1 33 -30 14 -26 -94 34 57 -25 14 -92 46 75 34 -91 88 9 26 3 25 67 -28 -52 56 28 -43 2 -100 -80 52 -71 56 -11 -84 -4 -25 57 -35 85 -63 76 -20 44 -57 -1 1 49 -85 -59 -6
61 68 -87 47 30 41 64 38 58 -21 -88 -16 15 -72 -47 83 -41 6 -13 41 97 -76 -7 57 -2 -1 -59 61 -86 60 3 84 60 96 -94 72 -9 -96 -88 10 -95 -42 -59 -60 -92 -78 12 -24 4 2 37 -88 -96 -94 -81 29 76 55 -92 -52 94 96 84 -18 95 -50 -17 95 -91 6 85 89 -81 -59 64 -87
65 68 93 98 40 -85 -57 65 -40 -54 -12 -87 -12 6 36 -24 5 -55 -49 -55 32 62 -26 -85 81 -53 -26 59 76 -49 32 -26 -43 70 4 17 86 91 63 -60 -62 -51 82 91 -89 5 -10 -57 -87 -1 20 -10 37 -81 74 78 91 -34 83 0 24 37 -43 10 -22 -55 -70 37 29 -72 23 -7 -35 91 -71 -91
-35 -68 96 -5 -32 -7 -20 35 15 2 -32 15 42 -56 60 -8 -86 38 -88 95 6 45 -99 -10 -12 50 6 -72 -77 -77 95 -19 -34 50 45 -5 -20 0 -66 66 6 78 -62 70 -8 -96 98 83 99 51 0 -20 42 65 -73 44 -76 -94 61 -71 10 37 -34 53 -30 55 -86 -81 -61 67 -70 -71 -79 44 63 3
-85 -57 68 49 -61 -4 -51 -31 70 37 -40 31 -35 -96 26 -68 -53 34 -99 36 -64 29 17 -73 -11 51 -7 74 73 83 48 -73 44 60 -45 2 58 -48 -48 -90 -70 75 31 15 -57 -29 72 89 6 -14 5 -95 25 -23 -7 -38 -68 48 -6 -52 47 36 -77 96 91 -64 -51 -50 -80 -81 -41 -62 45 -8 84 93
-6 -4 -4 0 -21 -92 61 70 70 -2 -93 82 -49 -7 -19 31 -39 -98 -14 -81 96 -13 92 70 -76 90 -11 -96 -71 47 71 -73 53 -78 24 -23 -54 -79 -3 -94 4 -22 22 -73 -83 -1 -53 35 -96 -94 61 20 10 4 0 -32 7 17 15 69 12 -98 -39 78 97 -50 75 -11 -62 -48 86 53 -34 29 -6 -49
23 49 -69 -64 3 -40 -6 -96 -22 19 -32 -82 9 -61 7 -86 -89 61 -71 75 70 7 -3 -22 -92 -94 78 -49 -37 88 7 27 45 -32 -19 -90 -44 -33 35 -7 -72 73 36 -10 -62 -47 -36 -65 66 -27 63 -91 52 -26 -65 10 -72 -10 -96 -32 -62 -85 -58 -93 15 -13 -7 69 25 -8 24 89 76 78 -12 58
74 -86 46 12 -68 -10 -36 3 -5 -6 -40 27 22 -43 1 -88 -28 -75 38 63 -84 83 72 -83 -53 50 -73 -90 22 89 -80 88 65 -65 -58 -30 55 -97 -89 -49 50 28 -64 23 -98 63 -77 -17 17 -73 31 -56 86 -1 -31 62 -6 -82 -22 -6 54 35 9 18 62 -48 67 -49 -71 81 -8 40 43 68 -40 -59
-1 75 -99 -82 25 -16 -14 52 -85 -40 12 -24 -26 -68 33 -12 -53 -84 39 -17 -46 92 -99 -83 75 99 -24 -43 -68 -79 87 -28 -38 -38 7 -85 19 -79 94 69 12 -42 42 -68 -2 -54 -22 60 94 75 72 -17 -67 -29 -19 -30 93 38 -59 -40 -18 60 -35 -10 31 -93 -70 -25 25 81 -93 -7 8 -72 10 64
-85 43 95 89 -57 -72 -82 -86 -73 -33 42 -96 7 -46 -86 0 56 44 74 50 30 95 -67 -69 73 -63 42 -94 -47 -17 13 77 -91 61 -73 -59 94 -100 32 -56 31 -59 -20 21 -40 78 92 29 60 -78 23 24 -33 53 -8 45 -4 49 74 -97 -51 -30 57 4 68 97 11 95 35 23 -89 -31 -17 -80 52 11
82 -22 61 31 64 38 43 0 74 -82 28 15 -70 0 75 63 -82 -86 64 12 48 -98 -22 79 5 0 97 85 85 -18 41 9 19 -33 -92 -10 45 55 -33 -86 -34 -70 40 -64 -22 -34 -90 -20 -30 46 97 68 -23 21 -76 37 -3 -88 -87 20 10 63 -37 -65 44 -3 -95 -14 -85 29 18 -50 -20 72 4 -33
-82 -20 -62 -35 34 7 -35 -98 -82 -11 -31 -71 91 -58 -76 -34 -98 60 91 21 76 59 -67 36 -46 73 -20 76 -28 -32 9 6 92 66 -49 10 -11 -59 -13 81 -96 63 -70 -4 -81 -45 -92 19 41 -44 -73 19 -75 -46 -81 18 50 59 37 -91 -82 -84 54 -92 85 -96 29 -13 -59 -33 -69 -3 39 27 86 -4
1 -17 -48 4 10 97 -62 -7 85 -79 0 45 -46 -54 62 47 -87 -15 83 65 -87 -4 21 56 8 14 38 81 -37 -80 -59 2 8 33 -8 -25 -38 -56 -87 -41 5 41 -10 30 59 87 -74 3 -25 90 -80 -99 31 41 30 -79 -1 49 -37 -73 84 70 32 -97 -98 89 5 -74 -79 92 -58 13 53 -62 51 -21
-75 90 61 10 70 -19 -66 72 -71 -11 -7 -97 10 81 -94 62 81 -66 54 -63 57 73 -18 -25 -57 -14 72 35 -51 -29 23 6 -48 -46 60 -22 87 50 68 66 69 17 4 40 -47 -75 11 -58 -29 56 63 90 74 -18 -77 12 60 -67 47 -15 -99 76 -80 -51 -28 -65 -22 69 2 34 -53 35 -20 92 89 -83
-37 6 -33 96 -93 -29 12 64 -64 -13 -59 -44 -64 -5 -60 8 68 -1 -96 18 -80 50 63 25 -26 -27 -94 35 -2 70 32 -97 -6 51 -91 42 -26 40 -52 45 -83 -3 -5 -74 -94 -12 14 62 -68 -79 -49 84 -26 3 28 40 21 -86 57 82 -77 -31 48 -52 52 -99 -50 5 -33 -89 -89 32 71 -65 53 -60
-93 -39 -67 -75 27 37 75 19 -60 -79 -56 -79 -27 -86 -40 -39 -69 59 -55 -83 98 -100 -24 -95 13 -41 6 40 79 -9 -5 -19 83 -22 18 83 -62 9 6 -74 99 -75 11 60 87 36 -16 54 -3 36 91 27 43 -1 -75 31 -25 80 64 -97 69 -3 -18 65 -22 30 -12 -54 -96 77 87 -57 34 -10 -43 -72
3 49 -56 42 34 21 54 -91 57 -41 77 -67 22 99 -91 -100 -39 -69 -18 40 71 -98 19 1 55 -78 -65 37 -69 -83 -25 47 81 64 64 -90 58 -43 59 -94 90 -21 54 -35 26 -40 30 95 -77 -98 -23 -14 -84 97 88 -49 -35 64 12 -56 12 65 49 -80 0 34 17 32 21 13 -6 84 16 68 -38 -27
59 -66 9 64 10 -64 -7 -17 63 48 -38 -82 -29 62 97 97 -98 -85 89 35 -38 -18 50 58 -21 -19 73 18 25 -95 -87 -89 32 14 56 -65 -65 -7 -99 -57 -95 -94 -31 37 57 20 -61 -74 97 -61 -95 -39 -83 78 -77 -69 -45 76 42 36 -2 -53 33 26 27 -17 11 52 27 -55 85 74 2 16 69 -76
-73 -52 -60 96 -3 0 0 -88 42 23 77 27 14 -29 -60 -22 -34 90 92 29 58 18 73 40 99 -66 -62 -79 17 82 15 -53 -60 59 -61 39 34 -13 70 89 24 3 -41 -47 20 65 32 4 -53 37 73 -30 46 -81 2 73 58 11 99 26 16 95 54 -78 10 -20 -8 -84 47 75 -92 76 81 2 97 55
