74 52
-14 -53 -67 1 -8 47 -27 22 40 23 -66 -48 94 -99 -96 -37 -55 -1 -27 -100 21 77 33 33 -30 75 51 -69 36 -55 -11 43 -52 23 -7 83 7 -12 60 -50 14 -63 -96 58 -66 -87 84 77 64 92 -58 70
-84 5 20 61 81 -72 -81 46 -96 -57 98 2 26 -81 -22 -1 23 63 53 33 49 -39 24 -8 16 28 -100 -4 -25 -7 -64 -42 -41 -28 53 -63 43 -26 14 -63 -37 -87 -66 -29 -92 35 -81 45 -16 6 80 -89
-85 79 -57 2 46 -10 71 -56 23 93 -29 -67 8 -67 -28 28 62 5 55 45 -51 -35 -53 -75 -37 50 57 94 -38 18 92 -47 98 91 -20 89 -41 -18 78 -86 -66 -62 -58 -62 53 -25 40 70 36 -97 98 -80
-65 20 -58 32 -91 -26 71 -71 -66 -29 98 22 32 -84 64 -44 58 22 56 -47 -83 22 50 29 -48 -47 -55 24 3 -37 -23 29 -49 61 -46 -43 -52 93 18 47 34 41 34 -58 68 99 -70 91 -23 -68 -33 37
-67 -70 -98 -25 -8 60 1 -23 -75 -64 -39 9 -34 -86 36 -77 -74 -16 90 -82 -97 3 -13 34 5 65 -45 -9 51 -31 -40 -57 52 -2 -53 87 61 -40 -59 81 41 -41 -67 -50 -52 -63 -97 -14 45 78 -10 96
78 43 -59 -88 -43 -4 -77 31 -24 29 77 -66 -100 50 40 -43 -89 21 96 81 7 24 10 -53 -6 28 57 91 -49 25 95 45 93 -57 33 -13 -45 -44 -79 -69 -80 -57 -82 42 -52 61 46 -79 94 74 -57 16
-73 -61 -77 -24 -98 17 58 -83 6 -41 -12 3 -82 56 -41 -40 79 3 -51 -77 11 -23 -30 -44 83 -39 -99 -76 -38 96 -3 54 -79 -97 38 -74 2 40 91 0 57 -94 -74 92 -49 -27 -26 65 89 7 -87 16
-55 -31 82 27 75 -68 -84 -75 -37 -72 -80 27 61 -35 -37 -4 -11 -29 -100 -59 64 -96 -92 -24 -6 56 87 29 97 -70 -78 33 18 -40 -10 -97 43 -57 76 29 81 48 32 24 -37 62 -85 -6 -10 -16 -84 -69
-29 18 39 -3 78 -65 65 -59 63 50 67 71 -10 -74 21 24 -13 81 -60 82 -4 -64 -49 -36 -37 47 -82 -24 -33 -7 28 -38 1 95 31 -59 -70 76 -99 -17 28 0 -62 8 54 -86 -73 -73 59 92 -91 -90
-43 -86 10 96 -91 67 35 -57 -89 -92 51 -86 -36 -95 -29 7 -16 -19 43 -67 -50 -69 71 -34 -32 -26 53 43 -45 -34 22 -47 -62 -100 -60 -6 34 49 -61 71 46 18 90 68 84 -98 20 -28 -33 90 98 -1
-66 85 -93 81 -43 24 63 -35 59 89 -40 90 -12 56 -78 28 -48 8 5 -82 -4 42 -95 63 31 -41 -87 91 39 -51 -38 -52 37 52 62 95 -90 -79 -84 12 99 59 11 17 84 -28 -65 -34 -39 -55 -78 -50
17 38 -17 68 62 -60 -77 -4 -72 -68 -75 -60 97 -23 -9 66 81 25 -43 32 -44 -36 70 38 32 -87 9 30 3 52 82 46 -3 -100 -68 9 -55 -75 1 31 90 -7 -72 -65 -100 60 -41 -38 -40 64 -7 -63
-76 46 41 -63 42 14 -64 78 -24 1 20 31 56 -75 89 48 0 -55 4 53 85 -54 -90 -50 -20 -83 69 29 66 69 -15 32 12 31 -98 75 89 45 -3 -74 22 -80 40 71 -86 81 -58 1 -36 26 59 29
-31 16 28 -1 91 -13 66 -75 -18 -22 21 -52 -51 33 66 28 76 12 96 -52 -33 -8 95 48 -45 -96 -94 -86 51 70 -25 -96 31 26 -67 -75 31 96 69 18 30 93 44 -19 -27 -14 -72 42 77 92 -72 -46
-14 83 -63 -78 -68 33 22 -67 63 38 -40 68 -75 74 -1 29 18 18 -97 90 25 -9 86 20 -90 43 -82 -17 -37 -35 46 -25 -66 47 -35 91 59 78 50 58 46 -55 -99 91 -28 54 90 -23 83 -14 -32 31
15 48 -59 16 -34 43 76 58 -98 47 -7 -92 85 -75 -52 -58 -15 53 13 87 34 89 -9 -83 -43 -65 95 -40 -94 16 39 80 16 79 22 -87 31 -20 83 52 -2 57 -30 8 62 76 29 -72 -9 39 -49 -18
-30 -44 29 -96 30 -43 94 67 15 -21 -3 -82 -92 -99 -28 88 40 -68 91 -4 83 85 1 -5 1 -50 -39 90 -76 -12 -31 63 -51 -12 24 -10 -55 24 22 81 90 -3 -71 -97 3 3 85 -28 -88 -100 -5 -70
-43 -79 69 13 54 9 -64 77 95 91 91 -24 85 7 23 55 -51 48 8 42 91 -52 -68 -58 13 7 81 -3 -47 -100 -37 -26 20 30 78 39 -75 -90 -47 49 82 38 -100 3 -63 -74 -85 57 89 -92 67 -42
-6 -39 -59 48 82 74 -95 19 -22 -60 5 -39 -63 -92 -75 40 63 -43 85 -92 -4 59 69 47 -55 -56 -4 -34 15 -11 -24 30 -41 84 -99 -49 19 99 61 95 19 43 -98 66 2 90 98 81 34 -90 -53 8
44 83 61 -91 69 47 -31 -67 6 43 -33 49 59 -11 -37 -78 -34 84 -28 -64 28 91 81 -23 80 82 -60 -80 87 49 92 -60 68 14 -3 83 -19 -95 -21 15 6 94 63 8 84 -5 -16 -55 -36 -37 22 -49
69 10 4 -73 -68 58 20 79 87 37 -17 -87 43 -12 -75 60 -63 -57 9 19 -41 -34 -56 89 -61 79 -68 -51 86 -23 53 -21 86 -79 -25 91 -84 -5 97 6 80 27 -43 -90 73 -20 44 -43 10 73 52 -39
41 90 -52 6 -87 -63 -90 5 2 -98 94 84 -88 96 -93 93 26 -59 20 76 27 91 53 59 -2 -1 -86 -80 -82 -9 -61 33 -4 -69 -32 -1 -60 49 -33 1 -46 82 68 58 89 22 -80 -2 20 79 29 -40
9 21 -40 0 -14 30 -80 -44 -2 48 79 76 64 57 -41 -30 -90 -49 22 -70 -59 -100 85 -74 -22 13 -59 53 -76 -69 -45 93 -15 -39 -34 22 -58 -50 -98 -31 35 -18 15 41 -83 76 95 81 54 -69 4 -65
66 -27 17 -65 -44 -69 3 -54 57 -81 87 0 -38 -26 -98 84 32 18 59 88 27 -17 -28 57 -5 60 -24 59 -45 28 49 -32 99 -74 57 -3 45 -39 81 78 42 36 -32 -61 -34 -19 9 -69 25 89 80 72
-73 60 78 -6 -29 -79 -5 57 -17 -29 -68 -75 71 -19 -11 -15 -9 71 56 96 1 -54 -98 94 4 -50 -34 -87 -46 -46 76 41 32 76 -68 -58 -21 74 63 -78 49 8 69 -17 -18 66 20 66 -56 85 -81 24
53 49 83 7 -100 73 -74 -72 49 -90 -80 76 -43 17 79 61 -43 -64 22 30 -15 -29 85 29 64 79 -49 -32 -86 -22 -1 62 -50 -88 61 88 -10 -74 16 88 -25 -43 4 -80 61 49 70 -75 -97 -37 -3 86
-97 -84 12 -40 13 -46 69 -84 20 48 0 59 -92 -23 44 -64 -38 -27 5 -57 -3 31 79 45 -38 30 -6 88 -45 11 46 -80 99 -54 -15 -49 -43 -3 55 61 -2 77 65 -26 -89 50 -71 16 -48 29 37 95
42 4 -46 -84 83 -34 82 -18 -25 39 9 95 -51 -10 21 26 -72 78 12 83 -1 66 -85 8 -56 44 -92 -50 80 -1 -9 88 37 -85 28 59 -32 90 -25 13 -3 81 -42 64 13 -40 -65 49 -18 -91 37 -10
-7 -98 -27 -56 -83 -57 -76 60 -22 -29 91 72 -56 13 -74 -67 -23 -87 -15 -97 52 -33 -21 45 67 56 24 -67 16 4 -54 -49 -37 99 40 -26 -89 -6 50 26 62 89 -29 -47 -46 -22 -73 -49 -82 -27 31 51
68 34 59 -51 -64 30 88 -3 52 -54 50 -35 -27 47 -77 2 -26 23 45 23 -99 80 -36 -62 91 -6 -32 59 79 -76 74 66 -59 -78 68 48 90 -47 -98 -23 -85 86 14 57 39 -4 -97 45 -85 84 62 19
5 -70 -47 84 -53 -51 -88 32 68 7 81 3 31 -26 39 -89 -46 -13 -54 18 30 81 29 -54 26 80 68 62 12 74 -92 -18 39 69 88 94 10 35 -88 -98 5 -50 29 94 98 -64 -77 1 65 42 13 -25
-85 91 -24 16 -92 -13 -87 -75 75 89 -48 -95 -84 90 -71 -56 -32 11 -24 -66 26 33 -67 19 -66 -10 0 38 -59 15 31 -16 60 44 -74 75 -82 -9 -26 51 -57 96 49 75 -38 65 77 58 -59 -58 39 -49
20 -9 82 -69 -69 -79 40 79 88 25 71 -42 -80 -29 -24 -36 96 18 29 -97 -41 33 80 -92 -77 89 -92 -27 49 28 -42 -62 -15 -22 -61 -67 -23 -15 33 35 -79 -22 46 -80 -58 9 78 -86 -61 -82 27 -15
61 -94 -83 -51 22 44 -67 -64 44 -27 -20 -91 75 32 -55 -30 -72 6 -37 -86 7 96 -28 -26 16 63 -25 53 85 -79 -5 49 88 92 55 68 2 64 -24 3 -89 48 -54 74 -48 50 -92 97 41 79 39 53
-4 92 -56 33 -11 -94 67 38 -8 -84 -6 24 -24 71 79 36 -47 70 -65 -89 96 31 -17 -31 2 7 83 50 34 69 -75 83 87 62 58 88 77 -83 -85 84 35 6 35 85 -3 59 -100 -22 -86 -98 -88 75
-15 -32 -20 56 -49 41 -73 -91 92 -23 76 -4 -40 -10 59 11 -72 -89 -33 39 -35 89 28 17 -17 8 -49 -80 -59 -80 51 87 88 -92 81 65 17 -98 -25 99 -64 41 36 80 -57 12 27 82 -10 71 94 -24
24 -93 93 51 38 -27 -8 45 2 -29 -95 52 55 3 53 -85 -41 64 68 -13 13 -67 -89 -48 -84 -81 49 62 -25 -50 -7 30 -37 61 -72 59 -6 -53 -98 34 -47 89 -71 17 -4 -92 -79 -9 89 -83 21 -43
74 -1 26 19 71 -80 22 22 -5 -92 -80 97 -50 -65 -70 97 83 26 -79 94 26 -40 60 -90 57 -15 68 -100 -1 -58 -13 65 1 -83 -32 90 -80 48 81 43 58 -31 50 1 -64 -63 46 30 -31 42 -54 -7
-59 89 -30 36 13 24 -65 82 64 2 -2 -16 73 72 -57 -5 -81 12 -61 -13 45 -35 -81 63 -77 -78 -79 33 -84 -6 97 -37 -69 36 -94 -22 7 26 49 -94 -90 51 -11 -6 -63 -16 -17 65 45 55 44 -40
26 -41 88 98 -41 4 -50 27 53 -44 85 -3 42 80 -11 96 -87 -41 35 -38 -55 -41 73 -11 -61 -91 -87 -47 -80 -72 -45 -54 -22 25 5 -21 74 13 27 42 74 -98 -89 14 -93 86 -86 -1 -94 -74 4 12
55 -49 97 -93 22 39 45 13 81 -26 73 -97 -26 33 77 -87 -51 -66 24 -40 -59 9 -97 62 39 7 18 -67 90 -63 -43 72 -55 -29 -10 -69 -70 37 50 -12 -15 90 -99 9 84 -8 -31 28 -88 39 54 -67
44 -43 -60 86 -100 81 -91 -67 -95 -66 54 53 71 51 15 22 -97 -31 57 54 -34 -44 -81 48 14 -51 -64 20 11 -17 37 95 -23 98 -2 21 36 -67 -94 68 87 -2 46 -69 33 -26 13 18 86 1 -15 12
-54 -60 -15 -54 67 18 -77 -22 -97 80 -68 24 -5 -81 -26 3 37 -94 65 60 5 -87 6 74 -48 78 31 -63 -19 -58 75 93 92 -71 57 -87 10 85 34 -83 66 24 -60 -57 -79 -59 -44 57 81 34 51 36
-39 31 -99 -53 26 -15 -42 43 29 31 94 -47 51 -99 71 37 -19 71 28 13 -10 32 36 21 77 60 55 -26 -73 99 72 -28 -44 -56 84 -27 -95 40 -14 7 -98 -18 35 80 -7 46 36 76 11 -32 90 43
17 -24 -99 -31 86 -28 -24 2 47 6 39 21 23 75 -30 40 -13 -62 -46 -19 -31 73 10 -77 -35 -19 -96 -56 -68 -64 27 38 37 -56 -10 -21 -36 -91 -58 21 97 11 73 14 -8 57 -40 29 -46 -71 -65 61
-68 57 26 57 31 -63 -38 -8 -56 -25 39 -74 -48 79 -64 52 31 -25 74 72 -52 -6 -66 -73 97 -46 -82 51 69 83 48 24 -39 22 43 19 -65 36 10 53 -25 -84 48 -100 20 -89 -93 34 39 -95 11 -78
-78 -86 -43 81 64 -98 59 42 75 58 -18 53 86 -8 -49 8 -59 53 -46 -99 89 32 68 -90 8 54 -18 -81 36 12 18 68 -77 -44 -50 75 -41 -59 -41 34 -98 92 -96 -20 45 -41 91 -16 25 43 71 -5
14 -37 67 -97 4 13 -54 43 6 40 -81 -67 -67 -7 98 -83 -60 -90 52 -76 93 82 -49 13 -35 -46 66 3 -53 55 -84 28 -90 85 -90 20 72 -93 -10 53 61 5 25 37 -79 -57 89 64 -31 90 -41 63
72 43 3 9 77 10 66 82 -85 89 47 82 -94 46 13 -1 -68 -86 -53 77 50 -77 9 60 -97 -50 -46 83 37 -39 -37 -28 47 -87 -21 96 47 31 -93 -36 -79 96 32 44 88 93 87 -33 48 -40 -8 83
51 17 62 -21 -89 -56 -34 -18 -64 75 -34 -6 10 42 8 -48 2 89 30 90 38 -50 48 82 -15 -52 28 21 68 95 6 88 10 -56 -95 97 -6 -93 -100 -79 -78 -80 64 -31 97 -25 89 99 -66 -72 -69 26
-80 41 -57 -27 -82 33 -2 -89 56 85 77 -13 -99 32 -55 78 46 40 45 -35 51 87 10 65 -67 -96 -1 -64 -61 59 -71 -98 73 82 4 76 -91 -59 42 88 -76 18 -68 84 -98 -87 -17 51 -51 -1 -8 -39
-21 -30 -20 11 52 45 -15 8 73 99 73 -90 -17 -95 32 55 80 31 99 61 0 -32 75 -4 19 19 75 -33 61 -8 -90 -2 58 31 -59 30 7 -3 40 -31 96 32 -6 0 52 94 -6 95 -82 73 63 -64
29 -3 83 18 30 53 36 -22 -40 -53 39 -53 8 39 -50 11 -33 50 91 22 97 -86 21 86 -2 -48 -29 -85 38 33 22 -56 -31 51 -60 22 38 24 34 61 -27 -57 -6 -16 -19 -71 22 64 82 74 11 44
98 -63 -31 -88 23 41 -22 -13 -38 16 -47 -19 62 96 38 -39 -86 -91 -97 55 -61 86 64 37 -38 -25 30 -33 17 -2 -88 93 20 28 47 76 -26 -65 -56 -9 -95 -2 56 -64 -70 21 39 -71 -36 17 24 -8
84 -42 -88 43 -35 55 69 56 -43 -67 -55 -32 -16 53 -81 -20 83 -69 69 -48 83 -45 -78 -8 -17 -39 -14 -31 -77 -65 -88 -63 79 -64 75 -87 40 -54 60 -39 -3 81 -97 85 -92 -54 72 15 30 -51 -8 -59
-24 -97 0 29 -60 14 -43 30 -73 14 28 -55 -20 11 96 -25 33 64 -53 76 16 -40 -47 -99 -22 76 -13 -98 79 -12 -38 71 0 25 97 88 72 90 40 -22 -56 -91 -97 0 -77 33 96 -34 26 97 97 88
-56 44 -32 -81 -24 -13 -33 24 -26 10 66 5 67 42 -58 -65 -99 22 29 20 6 13 47 -50 -4 32 -69 69 -71 -35 -98 -18 92 -77 99 51 -80 86 5 -11 43 21 33 -57 -47 10 -10 37 -6 -38 25 76
-55 54 68 36 -1 97 -32 -92 88 59 -21 -35 20 78 99 26 56 55 52 5 94 -82 -66 37 -62 25 50 47 -65 -50 70 -21 -6 32 96 25 -84 -100 80 92 46 45 -32 45 -32 -28 64 10 34 76 -83 -63
87 85 -54 48 31 15 -6 55 -76 41 84 -96 47 -53 16 -83 -53 33 82 67 11 49 -67 86 96 -9 65 -10 -35 38 -1 80 30 90 52 15 6 -21 77 -92 -23 -83 -13 -28 1 38 -57 -31 77 -24 -73 -36
-10 -57 -8 -47 76 -59 79 -45 -39 29 -13 90 12 20 45 -14 -63 54 52 47 -74 8 10 -19 -15 -22 74 36 32 -8 78 20 -7 -71 60 -99 -36 79 57 -53 -34 40 -71 -48 39 20 -43 58 30 81 -42 -90
-85 -69 25 -91 -75 79 4 -1 62 2 -64 53 -77 -50 39 -85 32 -51 24 45 -76 -63 -72 -55 97 18 59 38 -73 33 60 -5 -56 -42 -55 12 79 -11 -85 0 93 -90 -20 94 20 -51 -78 -94 0 15 11 -22
75 -50 -87 -59 24 62 -32 -90 -6 25 45 30 22 -56 -78 88 -27 -76 47 -55 7 76 91 48 21 39 -76 50 5 28 -5 -48 -5 80 35 45 -26 88 67 3 -63 -96 -6 70 75 -29 83 83 65 -29 97 34
26 76 -3 33 60 4 53 -85 29 94 -81 -14 -76 -97 71 -48 -23 48 53 -76 59 21 75 -37 48 -35 29 -11 10 -44 -79 -7 96 -59 -7 -85 -94 -68 -89 -34 42 99 72 5 -65 -77 20 54 -45 -83 61 -39
-9 33 15 53 -2 79 -1 36 96 -99 30 -56 8 56 -48 -66 -73 78 15 26 58 -44 -82 -13 -38 -13 75 72 -29 56 68 43 -97 -36 30 -51 99 81 -54 -94 11 7 -39 6 33 -75 -47 9 -76 36 48 -17
-89 -40 56 -21 46 -24 -84 -83 73 -87 90 -87 -6 -58 65 82 41 -5 21 22 74 -31 -95 -76 -3 -28 53 4 -73 -100 -88 86 79 -71 63 13 -12 75 14 -99 93 88 -50 -77 -40 63 -16 -84 63 28 57 -79
71 93 -17 -63 35 -59 75 63 66 39 -33 -58 60 -3 90 98 -46 1 98 -72 -25 69 -87 -63 33 30 42 -61 84 14 -42 -87 -47 49 99 13 -29 -72 -44 -61 -61 53 -34 -9 -67 -10 -6 -15 82 -83 23 63
15 -73 50 68 -59 44 -48 40 74 -1 67 -71 -63 -18 20 48 5 -84 72 -1 -92 -51 -83 97 58 -22 38 -62 35 14 -2 33 -75 55 42 35 12 49 -46 -37 88 -48 -31 -34 69 68 2 35 89 42 38 51
68 1 51 -43 11 -38 31 -34 44 -13 -42 -73 -71 69 40 39 -57 21 39 82 -10 -72 -9 10 -34 91 -10 -75 -40 -6 -90 -17 42 87 -39 90 -49 53 -83 -76 -25 -27 -72 -72 -29 33 5 54 -44 -96 -73 -65
-36 -63 -2 84 -60 67 56 -33 64 84 -47 -68 -40 24 -42 81 -80 -11 15 76 91 -28 -77 -20 -61 99 -95 -94 44 17 -5 -15 -22 73 29 60 -96 19 -41 -1 2 71 39 -94 45 28 -85 73 -58 56 54 -34
-16 -8 16 -45 10 -94 -85 27 0 -23 75 25 -56 18 69 -13 -64 36 52 63 87 -59 80 -73 -47 -45 -40 42 55 63 1 -53 -82 9 39 -42 -98 80 83 -73 -90 -56 -10 -59 -74 -94 70 -40 14 -18 78 55
-51 92 58 -67 -92 60 44 -12 12 -62 65 -78 85 -98 -89 -52 56 67 66 32 32 6 -11 -17 4 57 -73 -85 -88 -47 -66 -67 -98 -19 -96 99 30 40 -57 40 53 -39 93 -68 -91 -47 -23 -51 57 -36 -40 -90
20 -37 -57 95 -93 -87 -24 5 72 -51 -20 -45 -96 -16 -16 49 7 23 -5 21 -38 67 78 -32 -50 80 -60 -86 -24 -46 36 71 60 -57 -19 -20 9 0 -70 -11 -100 73 -73 -63 69 60 -29 88 -9 -23 85 19
-92 10 -85 62 96 -60 25 90 60 47 39 -91 -97 17 -9 6 72 -32 37 -93 6 -33 48 53 19 91 80 -73 -65 -26 -1 -53 73 28 -59 62 -29 -12 -17 -83 47 -39 -79 -9 68 -46 12 -35 -98 47 56 -88
-43 -27 38 -23 -36 -21 -33 -41 21 -50 41 -20 27 50 4 89 96 90 87 99 -16 -55 41 -34 -27 66 -83 82 -75 -42 84 -69 -39 4 49 45 -73 -91 -70 -82 66 -16 -93 54 48 -13 87 46 21 -92 -31 69
