94 48
57 65 -39 -7 -60 -21 -92 97 -60 18 43 27 -17 -52 57 70 86 -81 21 -84 34 2 41 -17 13 4 75 84 51 83 91 68 -64 -40 54 57 51 -46 -77 38 -77 64 44 2 49 -85 -17 -66
-9 -6 77 -20 47 -32 -70 59 47 91 -1 -55 -69 22 -91 32 52 -62 -37 -52 23 -47 81 -5 -23 67 61 -66 26 -68 -34 -96 -33 5 -96 -100 -19 73 -72 -76 51 4 -16 55 95 31 68 42
-5 -89 -58 -69 57 95 -17 97 77 27 -80 -96 -37 -49 8 -28 64 94 -74 36 -83 31 25 57 -95 21 -59 7 -50 39 -86 -37 71 23 80 -75 17 -82 -19 -88 -88 8 83 -80 98 -92 59 -93
10 -57 -34 35 -34 33 -66 -85 -30 -40 -80 -48 -64 52 -91 98 64 -45 73 -93 -75 5 -21 47 -24 10 46 -59 -63 19 -40 13 75 -73 -47 -62 0 23 86 -6 -19 68 -1 99 86 63 -67 56
-99 -55 49 -51 71 -12 -32 55 47 -38 -85 24 8 52 -97 -95 77 54 -81 8 -13 57 3 29 -46 57 35 47 95 48 92 -43 -82 -30 7 -94 -34 51 30 24 -19 -74 -8 -88 38 56 -65 -96
-25 -100 64 -66 88 -25 19 -67 49 71 -84 85 20 64 73 56 35 7 84 -70 -45 58 27 -15 41 63 87 -26 -21 93 -46 -95 -22 -64 28 28 -42 1 -73 -79 3 -11 -31 29 75 13 19 -47
13 -10 88 95 -60 89 -24 10 -61 -66 -26 1 47 44 78 45 -99 4 50 57 -82 72 71 -78 -33 21 -44 46 -90 -16 59 90 91 -71 59 -2 19 73 -83 44 -5 65 69 10 19 6 12 -100
8 8 76 -19 -90 74 83 31 70 -57 75 1 -3 82 73 -24 21 -74 77 -6 56 88 -95 7 -55 -86 -42 40 -34 89 -84 85 -29 18 -16 -47 -88 -56 -54 89 47 -39 63 -91 38 26 29 -98
-100 -49 -43 -39 34 95 54 26 -2 -96 24 -75 -48 -81 -67 -40 -89 3 -41 45 92 35 30 -89 18 -52 24 83 -37 47 -50 -39 -65 75 85 3 73 -97 90 -66 -54 58 26 -18 42 7 -71 -10
-77 99 -79 88 -55 -23 93 18 -89 -24 -66 -77 -68 99 -90 -44 78 -39 -53 81 -51 70 -34 -94 -45 98 -43 93 -14 9 86 79 48 -94 -75 -61 31 -45 -56 -30 -33 86 -96 -84 95 -19 35 29
25 -85 -64 11 -97 38 18 -9 -61 79 -87 58 -93 -68 -91 74 -60 57 -100 78 70 2 46 38 -63 44 48 46 -98 5 6 -4 -79 32 -20 -32 -35 61 70 12 -79 -15 94 -60 -86 34 -10 64
-71 -50 7 40 -58 -3 17 63 -51 -45 52 18 -72 -30 -41 83 -83 -88 -90 -15 -30 45 -71 -70 70 -96 35 20 -87 18 -63 73 -73 51 12 -15 -40 3 23 28 -52 -12 -99 -72 46 22 77 -49
46 83 -40 -83 3 45 93 -15 33 52 10 42 7 -28 -19 -28 -84 54 83 34 92 -34 58 -74 -83 -27 -46 95 -81 56 -30 74 51 -23 32 77 18 -3 -24 -48 2 45 25 -99 93 32 -61 33
34 89 62 59 -96 13 -72 20 88 80 5 96 -93 48 -4 -68 52 -46 -97 -96 62 52 83 -48 -55 -69 -71 21 26 -50 -52 9 -80 51 -13 -5 -74 88 -38 -17 70 4 -84 66 66 95 68 -91
81 -57 -19 23 -24 12 -35 -24 47 95 33 83 94 94 62 -44 -1 -69 -60 -69 -91 15 7 95 -18 -55 89 -2 -19 67 -14 -100 19 -34 -87 90 95 28 -64 57 -37 47 59 23 9 -55 57 -31
-98 -77 -33 -86 -26 -30 1 -93 24 62 26 -28 -5 -43 69 73 17 -48 -51 -56 51 -4 -14 34 -99 -68 93 -32 -84 37 63 -79 -27 -14 53 49 64 9 -2 -53 4 21 31 -5 -20 5 23 -99
11 -42 -25 -14 36 -100 -67 -76 -58 31 -39 71 -50 83 30 91 5 8 85 31 51 4 71 -15 -53 -19 18 -69 73 68 38 -32 -86 38 80 39 3 69 -57 47 13 86 -11 -60 -57 -52 -9 96
60 13 89 45 71 43 84 26 -84 -98 98 -99 33 80 27 97 -19 82 24 -48 -97 -51 -96 98 18 -61 42 -26 88 -26 2 31 -11 -79 -9 35 21 30 -19 57 24 8 -50 49 20 99 -10 17
12 -56 -97 28 -23 -99 90 13 -90 -68 -49 -3 40 27 39 97 13 20 88 0 -44 86 65 -4 -42 92 63 78 19 -45 -57 31 56 -54 -20 -68 31 -99 -5 -31 48 -61 -42 90 15 -86 62 -66
-66 30 -52 -35 -36 41 90 43 54 -24 -75 13 -91 -62 -75 20 -32 71 25 48 -69 46 -99 -82 72 -33 -67 -43 -42 26 86 -11 -1 -32 -93 -55 -10 -15 94 -65 88 -51 -41 6 98 79 26 -33
20 70 44 87 5 6 38 83 -65 -48 53 61 -28 -91 -55 87 0 -48 4 45 -55 12 6 -16 53 99 95 -72 91 -6 -76 65 -43 -39 -58 49 75 7 63 65 -36 -67 -2 -13 -7 82 93 -45
-94 31 -15 -72 29 -60 -63 -91 84 -85 -69 -21 -17 -54 84 82 -30 -41 -33 -73 -73 56 79 0 -33 -88 -48 46 -51 -79 3 98 -36 22 -8 -85 11 -1 89 -65 -75 11 -100 80 70 -15 -46 57
99 80 30 -31 -95 72 48 -97 -72 -8 98 71 65 -54 2 27 -66 3 10 -18 -54 -97 12 29 -31 77 74 79 -64 6 5 38 56 36 85 15 47 -71 80 -74 48 -27 62 53 -44 61 -60 -41
-79 56 -41 32 58 -21 -52 0 -49 -41 93 -57 -34 -79 63 -53 2 -93 18 -41 59 -54 -56 -34 -34 23 66 41 71 18 79 22 -28 91 -42 -78 -4 -61 55 95 -81 43 -99 1 -97 58 -66 13
8 37 -82 -76 68 91 56 -9 35 39 -25 75 17 -47 -92 79 15 22 1 67 -97 -25 78 3 66 -24 -55 68 52 58 83 7 91 -61 -87 -12 35 -53 24 8 54 19 85 82 -38 18 99 -30
-45 56 -50 76 51 62 80 20 -73 5 74 57 12 47 -42 -97 9 -13 66 -49 -57 -84 72 2 31 60 99 -81 -30 77 12 -55 7 -63 -66 12 40 -6 -49 49 86 76 -24 96 -89 66 63 21
4 22 11 -26 40 -19 -57 29 54 59 -45 -39 2 -54 -41 89 99 73 25 28 -1 43 -7 66 -32 36 -93 -56 -27 -29 53 18 -76 53 82 73 -98 71 70 -81 -76 -26 27 -55 9 58 -29 -67
39 -64 -9 -29 -49 31 63 25 11 93 59 -55 -17 3 -31 94 -1 86 88 55 34 -32 5 -21 16 -98 92 94 -25 91 1 -21 44 -66 7 42 49 95 73 -85 34 -9 -73 -60 84 -88 -92 88
-33 59 69 17 67 33 84 -81 18 68 -34 -7 -91 7 -47 35 9 3 50 -63 35 -77 55 -29 -38 -94 -88 89 52 -60 83 -87 -84 10 -95 15 -38 10 67 60 99 95 64 -86 -86 84 -13 86
7 15 1 -65 -81 51 -8 31 -99 46 15 -57 56 -99 97 24 -28 77 11 -41 5 -4 -39 -71 -30 -58 -92 56 -42 -84 15 -44 -75 -62 -22 13 37 32 54 -57 2 84 73 79 -9 -67 5 14
-23 27 -27 -44 14 -3 31 -9 -81 -69 -80 -61 2 46 -36 44 59 -60 -3 2 51 96 31 60 -7 90 97 65 17 51 46 -46 50 27 77 -4 -99 7 29 -11 -86 85 61 77 -67 -71 -45 23
49 -43 20 -9 -45 29 68 78 -85 -95 -2 -44 -81 22 -19 -83 24 79 84 32 -96 32 -77 -28 36 -44 27 35 71 -57 -75 4 -16 22 69 59 -99 61 61 -100 87 97 23 -32 79 -40 26 23
-62 -18 -47 -97 89 -38 -31 27 -92 64 50 -88 25 -25 63 -92 -41 -35 9 -89 -97 42 57 -33 37 -29 -11 6 -60 64 13 -41 -88 32 -18 10 56 67 78 -13 67 -71 1 -47 -31 -71 -20 62
-82 84 72 -61 -61 99 -70 30 -58 -75 -48 -2 -29 -90 30 -74 -53 29 73 40 -77 37 12 -12 24 -33 18 -63 74 61 75 35 14 41 -6 62 -87 -57 -2 -86 -15 -39 -64 -1 6 -38 -52 27
49 -67 -4 42 12 -25 -47 -27 -29 -38 75 94 65 -61 27 2 14 -98 47 -80 55 -96 6 82 -2 46 -68 -14 -28 -36 96 -25 -92 40 -43 -81 2 65 38 95 -20 -38 21 -87 -96 -85 -91 -19
94 90 38 83 63 -75 82 7 -42 43 6 -42 -10 -92 18 57 -76 79 -99 32 -66 75 -14 -55 -36 -17 -32 73 -26 -11 9 57 -25 68 80 4 56 -2 41 -31 16 50 -76 76 10 -29 50 98
40 72 -61 -67 79 -11 -25 92 82 -63 67 78 -77 -86 -97 32 -8 94 -10 -2 19 -37 85 87 -60 98 23 -12 10 -25 8 1 -88 12 25 -35 -35 71 -69 7 7 -63 -24 90 -72 -16 86 10
-47 -41 -19 -97 30 44 36 -79 -29 -53 -25 -35 30 -7 -69 8 -28 60 -27 -40 -80 -63 72 -29 -15 93 -83 26 -76 16 -24 -66 50 87 -88 47 28 -87 -33 41 -69 -43 -45 39 4 50 -19 -68
-99 -66 -24 -56 97 51 -4 7 -54 -49 19 97 -56 75 -61 -43 84 -34 6 -17 82 59 -58 20 87 24 45 -100 95 80 -68 63 -14 60 26 -5 -89 -43 -41 77 -6 -83 -22 -67 -54 -65 64 -25
-34 52 54 87 -46 -48 -95 -59 -84 4 59 -79 92 5 -47 1 -69 -44 19 -47 75 -49 67 50 79 -31 -38 -74 20 94 -73 51 89 65 57 -42 35 -23 -41 -38 -92 89 -50 41 -52 -73 91 -87
81 -24 18 -21 -45 10 -18 -32 -37 -54 74 -11 -18 94 87 -71 84 -75 47 -11 77 -98 90 43 62 -65 38 17 -56 32 -12 -88 -5 7 -8 -72 89 92 50 -49 -83 -81 -45 -38 -26 97 -38 -77
-33 17 -72 27 -39 80 72 25 58 -1 83 36 88 -49 34 -50 -95 32 -50 9 69 7 5 54 62 -70 -19 4 38 -26 -50 54 -38 91 -61 -23 62 -27 98 20 -47 -65 12 -32 -86 35 39 18
-5 -99 -38 22 85 -55 0 78 93 -86 32 4 5 -51 -28 21 6 28 90 70 -84 -33 16 11 -86 -72 91 13 56 14 0 52 90 -35 -28 94 -13 12 74 63 82 7 -76 -31 -28 29 4 -75
-54 -19 27 59 -12 -43 89 -41 21 99 86 60 -95 71 -32 -43 -75 -64 -34 -62 23 31 -11 -48 -50 -87 -23 36 -6 -96 70 -55 -26 60 -1 88 -27 -10 7 63 67 -34 -98 21 -50 -34 46 -19
-83 62 -10 -39 95 -63 87 1 -9 64 -90 61 -9 -59 -15 -1 -37 -53 -74 -44 55 60 40 -100 19 -21 -54 31 6 11 25 -53 25 23 -98 60 77 84 -63 3 -49 28 20 91 75 -4 -17 -89
-8 -47 95 -9 19 14 -19 -19 -75 -80 -36 19 81 -98 -85 -16 -47 -37 -44 -45 -72 -57 91 62 14 69 99 -66 55 70 14 82 -43 -11 -100 43 7 -92 -58 -37 -54 39 98 -64 -17 47 10 59
-51 27 -88 -44 9 -38 53 -47 11 19 -53 -81 98 -55 87 -16 -5 1 35 -51 94 54 -46 -90 49 47 70 55 -55 39 94 53 -90 -11 68 2 71 -91 15 -75 -82 -57 -69 -66 37 22 -6 0
56 60 -3 8 45 76 -29 -11 18 -40 30 -88 -74 -84 -31 14 -61 58 -10 -85 -6 0 88 2 -9 -33 -43 -78 62 -51 46 -85 -65 78 90 74 22 46 95 80 14 -78 34 26 -82 71 26 -99
-12 11 48 48 -78 99 -95 46 95 21 -1 52 -73 -73 45 -8 5 -73 49 59 80 20 -81 33 -29 -91 76 46 -94 9 -96 -54 18 -50 80 -96 -40 -82 50 -68 5 63 34 -85 16 98 5 -32
-84 -89 84 -36 -61 70 -13 -27 76 33 18 43 33 48 68 -9 36 -83 63 84 -29 89 27 -30 -87 55 -90 96 -97 -72 -65 19 -37 38 -63 85 -56 -52 -69 -33 22 -66 94 -23 -92 30 30 -55
58 14 -92 75 -84 -11 60 81 84 19 -21 67 -74 -9 91 -72 -45 76 89 69 70 -73 -34 53 -53 20 -98 2 65 1 -74 99 -83 -21 33 -10 49 -56 92 24 29 -19 24 91 53 17 -16 -49
42 -39 92 -76 -82 -11 -2 79 -30 99 51 60 2 35 11 -22 52 -53 20 -35 -12 -37 -44 32 4 -36 38 25 42 12 48 89 -78 -3 -70 52 -82 -32 49 -34 51 75 -20 -17 -90 11 -41 -79
15 86 -42 -41 77 7 -68 48 -55 87 14 -20 -49 -62 97 -18 -29 17 -5 -29 64 46 96 42 -1 21 -29 -36 -90 64 64 -66 71 -5 7 -76 -46 -86 60 -47 -3 8 -19 -76 -37 66 4 -27
-28 19 78 -39 76 57 3 42 -3 39 -66 82 81 -92 39 -31 -6 -92 -41 -98 53 -58 28 -30 -48 -58 6 -13 23 20 25 -17 -75 68 76 -41 32 79 -15 -89 -90 99 22 11 -33 -26 20 -85
-61 56 14 -78 6 -38 11 28 -56 -55 24 -17 -94 -64 72 75 38 -35 -11 60 78 -22 -20 96 -56 -33 -77 44 73 6 -42 4 -97 -65 -29 11 99 93 -93 -33 87 33 74 88 44 70 40 -86
32 36 -15 50 85 97 74 -10 53 13 61 71 29 36 95 -93 96 9 -65 78 54 41 -70 -6 -28 54 -35 -1 -98 -10 -22 12 -95 -21 -96 -66 -82 -36 -20 24 68 67 -4 -100 30 -96 -11 -95
-27 39 -22 -2 14 -75 17 30 -65 -40 -23 -92 70 16 -41 16 4 -79 -15 -86 -64 -78 90 -97 30 -5 23 67 97 -94 -79 -18 -2 -17 12 97 -76 9 55 66 -39 64 -42 -42 -66 -52 37 -49
46 54 77 78 -69 -35 19 -93 26 -4 79 -38 48 83 91 32 52 -62 -83 -9 -49 13 22 -97 -95 44 -76 54 -90 2 20 -88 1 -63 92 42 -16 -68 73 -77 56 30 -36 36 26 25 82 58
54 -8 -92 26 -73 1 44 -20 -24 -51 66 91 37 11 6 -60 44 -4 -18 -92 -27 48 2 -25 -71 -8 86 -73 39 5 -32 66 -27 -94 -61 -33 44 21 3 -22 84 -44 -95 54 -13 21 -23 10
-32 54 3 7 -92 -17 -49 -31 -100 -20 21 -68 -80 80 75 73 -81 -34 32 -96 55 -95 33 -48 -41 39 73 -50 24 -71 -33 43 4 -65 10 89 53 26 -88 -58 1 49 80 -94 -68 -80 -20 -66
-18 -2 12 85 -57 29 22 -1 41 -88 -70 -20 77 16 -2 -34 64 23 -35 98 7 49 -67 81 -56 96 -88 25 -69 -89 83 -87 66 -48 -58 -50 53 90 44 87 -88 13 -20 -65 65 41 78 12
-92 -90 98 68 58 36 -19 40 18 7 5 -5 38 -77 0 -52 81 -82 56 26 -81 -2 25 -41 -34 -16 22 -39 36 -53 -31 -43 -31 45 10 -12 -74 -44 -22 -85 -10 7 79 6 -36 -58 -30 -51
85 47 -80 65 -89 -21 -17 0 10 64 2 95 39 -72 85 80 94 -86 4 77 92 -41 -38 -21 4 -80 -74 74 85 -2 19 68 -19 -77 39 12 -43 39 -20 1 29 -75 -74 35 40 -41 28 38
76 -98 -14 36 -69 79 62 -56 53 98 74 8 -94 -91 -79 66 18 -39 -11 35 -25 -60 -63 27 86 71 -93 -67 -54 -73 84 94 49 57 66 -36 -21 -38 -10 -7 -96 30 -14 40 -78 74 -91 -25
51 -53 -86 -75 55 16 61 -82 53 69 -72 -36 -86 42 94 17 63 -4 -42 -21 69 42 -55 55 70 66 -1 57 -75 5 -33 34 -48 -40 94 -37 4 61 -54 -15 83 25 -89 -71 -30 -9 -15 86
-58 -35 76 -7 -8 62 81 -39 -59 -40 17 -29 -61 -34 30 27 -31 16 48 -44 -33 42 -98 84 -26 -62 -58 -12 97 -90 71 86 -44 78 -28 -25 4 85 68 -80 55 94 -88 -80 77 -99 -44 76
63 91 -71 33 -25 46 -70 8 33 9 14 20 -24 87 -50 41 -77 14 -96 -19 -15 57 35 -21 92 -82 -5 29 18 -62 87 -94 -63 66 -7 49 60 43 -18 61 81 68 55 97 -18 -78 -57 -82
35 -52 62 -38 48 -31 -74 -5 10 47 -20 53 99 53 88 24 40 83 -64 -51 47 16 -70 82 48 -20 33 52 -85 0 -78 -11 -70 26 8 -9 32 -3 -28 96 -85 -39 -15 30 86 70 39 -28
67 -81 54 -99 55 -67 -34 24 45 9 -20 37 -25 87 15 -96 26 -9 -60 99 2 -67 -73 -47 86 -61 27 -40 -91 -34 12 -66 90 14 -22 96 -36 74 33 -26 -8 84 -33 -37 19 32 -34 -52
82 -85 27 39 21 49 93 -26 52 95 98 -100 24 -5 -74 -97 93 -87 14 87 -18 39 -68 -67 -46 99 3 31 -66 -69 -26 52 -93 6 4 91 -55 -31 63 81 -84 4 21 -70 14 30 -42 -89
69 -50 32 -23 -50 -92 -89 37 10 16 0 1 -64 1 56 -50 -52 -96 49 22 -10 30 -19 95 62 10 30 -47 -9 -8 37 29 -39 -97 41 -1 -69 10 10 -35 80 25 70 88 2 0 20 18
37 -55 -96 -40 -27 -82 -89 51 50 89 19 66 -37 -49 -56 -62 -15 -30 88 -24 -83 55 53 70 -35 -48 -35 -68 35 10 90 9 14 -31 50 -46 -3 -62 36 -45 -47 81 93 52 67 93 -86 93
38 -7 55 85 -67 -28 -17 -89 -24 -13 4 -2 67 54 10 -21 64 -24 -97 -20 -65 -62 30 87 -78 -5 -44 56 30 -47 2 55 -74 -29 60 29 26 2 -71 25 -63 -12 13 -26 -5 75 11 -41
82 -98 -49 69 -87 23 -21 -32 86 -35 -16 -91 -20 -22 15 -9 4 40 24 -31 -91 71 11 83 49 42 -18 -29 74 67 -90 -11 12 -52 81 -58 93 39 -4 94 83 0 -80 4 -99 -62 -54 78
-99 31 -61 89 52 53 -3 -98 23 69 -24 94 -48 -99 -52 -17 39 80 -9 47 -5 52 9 64 67 -99 -19 21 42 80 -21 68 59 -54 -99 -36 57 -30 -57 -95 51 -11 26 -66 -91 1 10 59
-6 -37 39 -81 97 77 1 -41 -66 -62 -16 31 -22 -100 -22 48 -35 16 6 59 -13 -72 -8 21 -99 -46 70 -92 -46 71 43 -55 86 62 26 -82 -55 41 -58 58 90 81 15 98 -18 78 31 19
84 -31 53 29 99 14 42 -46 54 -84 -54 -41 -82 -1 78 10 -31 72 56 -35 10 26 22 -78 57 -8 98 -24 85 -58 9 -84 -41 37 83 -45 -24 -68 -93 15 69 -77 63 -16 34 -79 -38 29
77 88 64 -100 -11 -9 82 46 -69 9 -5 6 79 36 9 -12 78 13 -32 -91 66 97 -12 -43 -85 -9 -67 39 -43 21 32 51 17 40 -4 -78 -55 80 18 71 54 27 -64 -41 -12 -80 -25 -14
73 -9 84 50 -22 -17 -92 -29 38 -64 4 -29 7 67 -88 68 46 87 -6 88 -34 -83 77 -91 -20 77 -14 25 61 2 -93 71 89 -36 79 -70 47 -99 45 90 -32 -97 -4 -83 32 43 -22 7
-69 20 75 13 -100 78 -35 79 -92 57 17 84 9 -93 -43 10 13 -76 -32 -74 -63 -13 -11 -79 41 -30 28 4 41 -18 -43 -91 48 33 55 66 28 19 32 -91 47 94 -67 -87 73 41 -36 12
-19 96 -96 38 40 -47 -42 -55 71 18 -75 -15 -63 -6 67 -83 54 13 -10 -57 -11 12 87 -31 20 -84 46 40 19 93 -46 93 -30 -98 -88 -79 45 64 86 49 20 88 -16 99 -16 80 42 -48
83 -16 -97 -69 -48 -55 -6 96 91 -85 67 -80 9 0 5 -92 3 64 -19 -8 -1 -34 93 98 -72 90 98 -85 -89 17 3 -26 82 2 -45 70 44 -78 65 77 -28 83 78 98 -29 16 -18 -46
16 68 10 -14 78 52 53 60 41 34 70 57 37 -69 94 -18 40 51 11 -71 57 64 99 -34 -80 12 -35 -59 -49 -89 68 -98 -46 4 62 -32 -77 66 28 -90 25 -9 -29 36 -22 -64 -93 16
-41 -12 36 -100 -57 -63 -14 59 -66 -42 49 10 -33 68 -95 97 -24 55 72 58 -35 -63 -36 1 -16 -32 72 92 47 55 57 61 -82 27 1 62 -49 -9 -68 -3 -73 -54 -79 88 58 86 -21 -78
82 -27 -87 63 -68 -65 -5 -76 68 71 -82 -45 -85 63 -55 37 77 -79 81 88 -80 -40 -70 -44 -79 -42 79 48 97 -49 -60 74 89 -27 -7 87 81 22 74 -24 -25 35 21 -26 -18 18 59 39
5 -81 -85 10 -46 -74 60 23 86 19 -15 58 11 -42 -54 49 19 73 88 20 -5 68 72 -35 -88 -100 -35 96 -55 -41 7 -92 -83 35 -48 10 -82 -81 -47 23 -98 -86 40 69 -72 -77 -83 -10
-21 88 -19 43 18 -37 -81 -30 64 -70 69 -82 90 -26 -19 52 37 86 40 35 -61 85 99 -45 -9 25 -84 -70 -63 -26 -9 10 46 -70 -78 -1 -73 10 -75 -57 62 -3 54 35 -92 -33 28 22
38 49 99 -13 -95 87 -32 -4 59 -94 21 8 -84 23 22 -36 -82 -89 -35 13 89 97 -77 -19 -54 -3 81 93 -60 90 -18 -22 -1 -61 -15 -77 96 69 -15 25 18 -28 -38 32 -20 -2 -12 -51
-38 80 -33 -24 0 24 33 84 4 98 44 -67 -4 -89 -39 -15 16 -37 -47 26 25 22 -2 99 26 -98 -43 -47 -2 -93 -81 -100 -70 75 88 -2 85 -58 -9 -37 -67 -35 -25 82 11 -50 6 19
-6 67 36 -31 -37 -76 -98 -54 -11 -54 52 12 4 -90 95 -6 15 9 24 47 62 53 -75 99 44 92 -92 60 49 72 -91 23 -84 -6 -38 -17 79 -34 -13 37 -46 -17 -32 8 -75 16 54 -49
56 91 -90 -83 14 4 -22 83 89 -24 49 -51 71 59 -51 22 -26 -16 67 -11 -36 -11 19 -52 50 -43 97 -34 -47 -57 19 26 38 -41 -21 -11 50 -4 -17 12 69 -54 40 -54 28 8 -8 -25
-56 77 23 98 -22 -89 -41 33 44 -20 95 30 -63 68 -3 19 -81 54 7 -95 -28 -29 -44 -74 -73 -40 23 14 -31 32 -44 -13 43 -55 69 47 -31 -59 -81 -87 56 28 -7 39 -44 -56 -83 3
77 49 2 -71 -53 -38 -31 -32 -49 12 79 -1 4 -39 -54 33 -2 60 -49 28 -46 63 27 -9 78 -91 56 -46 18 73 27 26 -40 47 76 -51 -65 -55 46 59 -90 60 -41 -91 71 -27 -78 -70
18 -74 -85 -8 36 -51 2 -63 -81 31 52 94 60 9 63 7 -2 -49 45 44 57 81 -70 -42 -21 -6 -15 41 -30 -6 91 38 54 47 10 -20 -81 16 -18 -33 26 2 -11 68 9 86 -88 75
