74 62
-50 96 80 86 33 -50 5 11 51 27 66 23 52 -30 55 92 55 36 30 21 34 96 -73 -61 43 57 -46 48 -2 16 -46 74 28 -4 0 -70 -74 24 13 -2 50 -100 -84 -36 13 6 87 16 42 74 9 64 34 -65 -92 -19 44 93 12 -35 -81 -20
-12 15 62 -2 47 -34 19 -88 -95 10 -25 36 48 -45 32 51 -27 8 84 57 -17 -57 -66 -71 18 -35 -49 28 76 -88 86 -68 -72 43 91 -99 79 50 32 38 35 79 17 84 86 84 -34 0 -85 98 54 98 34 -31 79 -58 26 -95 35 -26 42 -79
92 24 -56 21 52 33 -34 -43 30 -62 -78 -60 -71 -85 -99 63 6 29 39 -81 -88 -60 25 -16 84 12 98 58 -39 67 -10 79 -31 56 -69 87 96 -13 -2 -47 85 61 -18 67 -49 97 47 -45 -79 27 -53 38 41 87 99 -94 -58 61 36 80 48 -60
80 60 52 5 18 7 72 -86 -58 -84 -28 30 -1 34 82 94 -5 42 87 25 29 97 18 -28 -46 80 -52 -47 38 -70 -95 -80 24 -10 -10 -10 99 -10 51 -74 86 -49 43 -18 -10 -78 42 -69 -38 -38 -81 -33 -49 -97 74 90 -3 66 -89 62 -62 42
67 96 -18 -18 -66 -20 -65 -52 26 64 62 -54 60 -37 1 43 48 -41 50 36 42 -58 -64 -33 34 -39 20 47 7 -58 -1 14 -73 83 -38 68 77 -18 86 24 85 -34 54 -92 53 -96 -23 -84 68 27 -28 7 -49 -19 -57 -30 -23 -31 -1 -7 59 -40
-51 15 -68 -7 -44 -65 -77 -12 -23 36 67 -5 62 -66 62 -30 -65 -1 -3 -59 64 -27 87 -4 -66 32 -24 27 -42 22 91 -75 84 85 91 98 69 -79 -89 30 -2 38 -27 44 -34 -95 -96 -85 81 -22 52 7 39 -20 25 11 28 72 -10 -26 33 79
73 -76 -36 -33 -68 -65 -45 -48 57 53 6 -49 -6 99 30 -45 -70 -38 -72 -82 -56 57 -41 -34 86 59 49 84 -60 11 49 -12 -54 -43 -83 7 -58 31 56 -27 51 48 90 -65 -21 -89 -34 -28 -27 -81 21 -85 -30 49 -62 49 -3 19 53 58 2 0
-60 -67 -39 -64 -33 -13 2 10 -78 48 -78 -17 -95 86 63 -80 -98 30 33 3 63 -32 90 -95 -66 -27 -9 -84 -7 -5 -57 -33 27 -55 4 -18 -94 92 -89 57 -77 97 9 3 34 35 -57 -33 -17 56 21 -27 -3 -17 15 9 29 -100 76 84 -13 -41
-12 64 -90 82 75 30 -10 -22 30 -13 9 24 -10 98 -1 -16 -94 51 -33 -71 -46 37 97 -2 18 -65 78 -92 99 70 -12 54 16 -30 -26 46 -89 -7 75 37 -58 8 -18 52 81 7 -49 -29 -71 -68 96 -14 23 -21 34 -42 -6 93 56 -65 85 -1
12 88 68 93 -15 -66 24 -75 82 -4 88 88 57 -74 11 -25 -94 5 12 35 -72 43 93 96 -24 -57 -73 -86 21 67 -39 73 12 36 39 -95 57 58 -35 -3 97 -48 -100 92 34 -58 11 28 -89 30 -54 -25 1 75 -28 27 -37 1 -69 95 -20 9
32 75 98 43 18 -98 -43 49 95 86 73 9 65 -84 57 20 91 69 -16 93 -52 64 -95 76 -61 -75 -5 51 4 59 85 24 41 61 88 61 13 13 60 -3 13 -14 -37 -97 96 -58 -10 -73 -72 -53 -28 -20 -79 79 10 -44 -22 21 72 -17 -62 22
-24 58 -59 72 28 -94 -41 -42 64 4 -40 32 -18 74 96 -44 -55 57 -52 21 52 -23 66 51 3 -84 -46 -45 -70 -77 46 33 37 77 -44 -13 -72 -31 16 -49 48 31 -17 -64 -55 66 26 -67 82 48 -89 -37 70 -27 -33 12 52 -60 35 15 65 32
-96 -70 -28 34 53 -98 34 76 66 -62 36 -10 -93 -6 70 -74 69 -87 -55 -67 -79 53 3 64 -97 19 -59 36 60 98 -91 -58 39 19 -3 -31 -96 -47 -76 -15 82 -10 4 -88 60 7 36 71 -30 -71 -42 -40 -79 -12 27 -55 74 -74 38 60 -50 -53
-42 20 -28 -4 -56 42 -42 -75 37 65 -5 -60 -56 -49 -23 -41 -45 21 24 -92 97 33 -73 39 -49 50 9 80 -9 -77 -8 51 77 -60 14 20 -2 -3 -65 -54 -83 -20 91 19 -72 41 2 40 -94 32 57 75 83 39 68 -10 -51 -87 -44 -10 64 58
51 40 -8 -92 -66 43 53 33 99 86 36 -62 50 -53 -20 -89 56 -76 67 96 -54 44 -78 -13 40 -30 -74 -57 90 26 73 17 -1 92 97 69 -77 81 -41 -97 16 99 34 -22 41 76 36 -31 -5 -6 -51 76 -35 97 -96 -26 82 50 -45 -52 -60 -13
10 -32 -53 63 -50 -97 -2 79 42 -89 97 -88 15 78 -8 87 -48 15 19 43 24 38 42 42 -5 45 43 -50 75 40 -39 33 -76 39 15 -81 -23 -39 -2 -28 16 49 60 -67 83 52 -18 19 -71 96 -33 77 37 -84 -40 77 -83 -29 74 -33 53 34
34 21 5 69 -35 38 -31 -3 -43 -40 71 29 -70 -85 -26 -51 -44 8 53 54 -81 -86 90 -18 64 36 36 7 40 -28 59 -84 -73 30 30 59 -6 43 13 33 24 -60 -47 82 -30 -15 56 88 -23 -49 -10 -25 -4 50 -8 14 -14 -57 -30 24 -60 21
-4 -60 -33 -92 -8 25 -87 71 -33 30 49 30 85 57 84 88 66 63 -98 -25 -78 4 62 -44 79 -45 85 84 86 -81 -81 75 -72 99 -62 -8 97 -97 -64 97 -50 52 -32 17 -94 27 58 -26 98 64 74 64 83 5 84 -48 24 84 -95 5 64 -28
25 44 23 -15 50 17 35 -51 -81 81 82 -37 -28 -54 74 -19 -95 -59 -78 20 -66 67 -49 25 70 -66 25 -46 23 -15 0 -17 49 -85 -24 -3 -68 -89 45 -94 -9 23 -85 34 78 -45 60 -70 -76 -99 32 99 74 95 -8 -62 -26 -89 -12 53 -1 -39
-58 72 55 53 54 -64 11 67 46 -96 -8 -60 33 3 30 -53 -16 -95 81 4 94 69 77 -84 -51 94 50 34 -25 5 -48 -36 18 78 -83 -100 -50 -93 61 -100 -24 -75 -71 55 52 12 91 19 -18 -47 -16 52 2 2 87 99 -82 6 -70 -65 -76 -31
-5 -46 4 -70 -87 -89 -39 -52 90 58 -46 -62 90 -63 -44 -26 -51 -7 -26 -53 18 21 -50 -95 -30 3 -94 2 55 54 -70 43 -41 19 28 -28 27 -82 47 4 59 -19 -20 31 -67 -63 57 -63 53 -8 -7 7 39 -3 33 60 -53 84 75 -71 -31 48
56 -7 5 -88 98 -28 -12 66 -32 -14 -80 -26 38 -21 -9 -57 36 52 -61 -75 -11 77 -90 -50 75 -87 69 -42 64 -75 -41 -19 -32 -44 -51 8 70 -86 -69 -22 -19 48 80 68 -8 -89 -61 -37 -61 9 -66 -62 59 52 -96 55 99 80 70 -30 66 76
-15 -5 -7 -28 94 -85 -79 37 -71 87 44 -28 -61 -80 58 44 55 46 -88 62 -9 -34 20 -50 -36 -63 99 19 14 -73 -17 23 16 -20 59 48 40 34 1 -65 -34 -65 47 -17 91 -15 -100 8 -5 -49 -71 76 -82 9 -34 -31 43 -37 -70 -47 86 -2
-96 62 60 -1 -10 66 -60 92 -81 -82 97 -84 44 73 13 79 62 59 56 -50 0 -21 -86 92 -22 -66 69 77 -56 9 62 77 -99 -95 -67 -99 -86 40 -94 49 92 51 19 -2 -75 -62 12 10 9 39 -26 60 35 -61 35 70 17 -83 41 71 -2 84
-91 22 -10 55 89 4 87 -77 73 -78 -41 85 3 91 8 9 -50 51 -21 -93 -44 -24 -28 27 98 -41 58 -18 -1 -54 10 -22 19 -47 44 98 -37 79 -98 3 34 -10 -33 94 -6 21 79 88 11 1 70 78 -77 -62 -14 -52 39 -96 28 8 -72 -83
-3 -5 -94 -52 -91 40 89 67 77 72 -27 -3 86 -68 -25 -77 89 -19 76 -12 -80 17 -70 -38 -20 14 -47 -56 1 -36 -52 41 -89 -26 8 -15 19 42 -20 -70 -99 57 -71 80 -69 81 75 78 22 -39 -23 37 -77 -20 -22 -87 92 -63 -39 -89 -64 -30
-78 52 -31 61 -11 0 -76 -48 -45 99 63 24 -66 -66 -34 67 -74 45 94 -61 -63 -5 -19 70 -61 31 -7 -99 38 -99 -63 34 -13 -32 17 -2 -30 23 -14 65 38 54 -87 -93 77 -81 6 74 -65 -40 -15 -35 -59 -58 -48 49 92 34 83 90 -15 -29
92 -52 55 -19 73 2 -42 48 20 39 -33 -44 5 43 70 -77 13 -24 -49 39 -25 -11 60 -81 -93 -5 -11 20 98 -73 -39 40 -95 -73 -91 25 79 -7 59 -37 -15 -56 12 4 -47 71 -16 -5 98 59 93 -93 -88 -3 -9 61 -3 -59 95 -4 -98 37
79 21 64 37 -59 86 -83 26 62 -50 -5 5 -11 -18 -25 73 44 78 -42 69 -6 3 -28 -53 -11 96 -40 7 10 82 64 84 -53 -79 -31 -36 -48 -77 -70 -73 17 19 9 70 -13 -21 -82 -9 -31 13 -1 -100 53 8 67 -1 63 -48 -21 -71 -91 -89
78 -36 92 -92 4 -19 14 73 61 -10 -36 9 35 34 69 1 29 -21 -32 31 14 -63 15 -16 -27 83 -83 46 86 35 -23 90 -23 -19 -29 46 -63 48 -58 55 88 80 -34 -79 97 51 5 -37 -10 19 73 92 11 -21 -1 38 99 -34 -58 -7 65 -100
-99 76 -79 70 -41 64 49 -92 57 61 82 -35 -88 49 3 -41 -96 -10 -56 -97 -61 -12 47 52 63 -49 83 15 -77 2 -52 -75 82 99 39 8 25 -55 -30 -69 54 -36 -13 -83 -54 84 41 15 -48 -44 3 25 46 -64 -40 -70 4 85 -65 39 -69 -56
79 94 56 -63 25 -29 -72 73 -19 -69 -98 51 -29 -25 -61 -57 52 99 -27 -92 -25 -88 67 15 -97 6 96 15 -43 78 31 83 -77 -57 -98 46 -95 -25 -83 57 11 -51 -56 -86 10 84 -53 -28 18 -61 -65 -25 36 -37 -70 65 -51 32 19 -43 55 -20
46 -53 -10 64 -60 24 69 36 -32 -32 -30 9 -3 -39 -96 92 -76 -22 44 86 -92 -5 -38 -85 18 55 48 8 28 -25 99 -8 89 57 41 0 -36 -15 -57 73 8 38 20 -10 53 -87 -75 15 75 65 82 14 -25 -45 57 72 76 16 2 53 -84 -90
91 99 -73 -4 53 16 -61 -16 14 79 93 -36 -32 22 -57 97 74 -27 35 -6 -67 41 22 12 -38 41 -96 4 -38 -55 -13 82 -2 -42 -78 76 48 -40 76 -10 -94 79 -63 65 -27 23 -60 89 -83 -10 -79 60 11 48 -54 -56 -53 -96 -43 76 -8 42
48 -15 -12 -10 23 34 36 72 21 -54 -29 -66 73 61 -91 -70 -45 42 55 25 -16 47 -50 -37 -54 -66 -51 -61 19 -58 75 25 83 -35 93 94 40 -27 71 72 -2 12 96 79 64 -71 -1 -33 77 -13 -47 39 -42 -28 29 -31 -66 78 -95 -69 27 -19
-59 30 -83 5 -23 -35 5 21 -5 -97 -64 -11 99 -15 92 75 -53 46 65 -100 41 -32 3 10 -57 36 -40 -47 -19 -64 45 62 69 40 46 -94 -96 -30 5 35 -41 31 -93 91 68 -13 -3 -98 73 -74 56 -98 49 12 72 65 -58 -14 14 -58 -21 42
24 19 -45 33 77 11 -30 14 89 -66 67 -66 54 -23 81 30 12 39 81 -71 90 24 39 11 -59 -30 49 28 -40 -91 -70 -23 -91 11 -25 31 -13 72 -65 -95 -71 62 -98 -51 -71 -84 -45 26 -39 -56 -77 21 -82 10 -59 -28 41 51 -24 58 71 -1
33 -28 67 95 90 -85 31 57 63 51 -52 -37 -30 -100 -42 22 -94 55 -45 -32 31 59 28 -51 -22 8 -3 -33 -85 91 -6 -69 -14 92 91 -83 74 53 2 -57 10 -100 2 6 -82 58 -94 22 46 37 98 -73 -42 -14 86 40 78 -33 -80 -69 74 -71
-85 -63 52 9 -3 -9 -48 28 -100 -15 -63 67 -36 22 -22 56 16 20 88 59 -48 30 -34 -36 -39 27 65 1 83 57 -59 58 -41 25 -41 27 56 -75 -4 -86 68 -17 34 74 -30 36 -2 39 -34 33 -58 -22 34 12 -96 -25 -32 -65 -38 30 -18 16
-76 55 64 20 67 58 -68 -51 63 69 -14 18 23 -25 43 -97 11 -91 12 52 -46 90 -13 74 69 21 25 -6 91 77 0 -56 -89 80 70 -15 -64 45 -53 -71 23 6 80 -23 -74 -37 -72 -97 -9 -46 83 85 -70 59 -23 6 -61 -76 -44 54 44 72
81 -62 70 -51 -7 33 -42 5 -22 89 30 21 43 28 65 -35 0 -20 3 80 -85 -19 48 85 60 -70 44 92 98 -29 3 45 26 53 90 93 55 19 -43 90 28 11 18 2 -50 20 -74 -17 52 7 23 -50 19 35 -54 -97 85 -3 -10 87 -77 -88
89 61 27 -22 -63 34 -45 -57 -75 -12 22 -23 -59 -83 -58 -24 95 -49 -60 -17 12 75 44 -49 66 -77 -44 -16 -93 -44 14 -75 54 -9 -37 55 29 -54 -37 85 -18 59 11 -69 -2 -75 -26 96 -77 6 71 68 8 24 -19 18 -57 87 0 -70 34 66
60 34 82 -91 75 30 -36 22 -8 -98 17 63 -31 71 37 3 68 -3 26 -76 14 -81 5 -51 31 -5 17 -60 -94 35 -37 -94 -76 -56 -42 -43 91 7 -8 -26 25 -7 -84 31 -40 -1 89 -17 -72 69 20 49 -40 87 41 89 97 90 24 33 49 28
30 -52 -25 -34 -40 49 98 -88 -57 -31 22 -26 33 -36 73 -62 4 81 59 51 -47 -3 -43 84 38 38 28 23 -68 -48 62 -68 27 87 -76 28 -62 -1 40 11 -69 -39 -15 -98 -50 -66 20 -87 77 32 -91 -12 -95 15 47 -17 67 42 -56 -77 -59 -81
-95 -69 -78 69 -76 67 -30 -41 -82 87 51 -12 -80 -88 53 -19 72 35 52 30 -67 42 -76 -40 -76 -81 48 -34 4 -67 19 -41 25 -95 3 28 -34 98 -30 -45 60 93 79 75 75 52 -76 48 54 -16 57 49 28 84 18 88 -92 -12 -83 -70 -55 38
30 -32 -74 31 70 -51 84 81 49 41 -55 36 -58 70 -93 83 45 -15 53 96 69 -14 -70 -38 67 -73 80 -50 -79 6 -90 36 6 -22 41 -92 75 40 -85 89 14 83 14 -44 50 68 -57 -28 95 70 -58 -60 78 89 13 5 79 5 8 -10 -2 18
-20 -95 12 -11 90 -31 50 -75 -59 -95 11 -25 98 22 -6 23 89 -65 -78 -40 -79 75 -75 62 32 52 31 89 -85 -45 -37 45 -54 -35 6 40 48 4 11 52 18 -79 79 22 -82 24 47 5 -82 -100 70 -89 45 93 2 -8 -23 -48 -71 -83 -15 22
-55 -16 -95 46 53 -60 20 -65 23 -84 41 -55 26 -9 -14 -76 31 -25 -48 4 51 -86 -37 43 46 56 81 -1 79 -41 28 94 -74 -13 65 62 -54 65 29 -22 -36 6 11 -38 -76 60 37 -30 83 -27 15 -2 73 67 -22 -28 -89 -49 47 3 -81 -8
-63 3 67 -42 33 -99 43 63 -76 -61 -68 58 72 67 45 -29 31 9 59 -33 -93 75 -88 0 50 -80 -97 -13 92 -21 -45 95 -61 -91 80 89 65 -39 -30 -82 49 92 69 0 -25 -99 -43 5 -15 49 -73 -28 98 74 -24 50 69 24 4 36 -65 -8
89 -50 8 -99 -74 -45 -45 -12 -82 -51 -69 5 -95 40 -24 47 -68 -54 -61 90 72 94 71 -21 -95 -79 73 11 -16 52 -95 81 91 75 16 -6 -53 21 68 6 6 -18 59 -100 79 9 -91 -31 -61 -86 60 -35 28 -13 -88 -82 3 -11 30 41 -6 41
-31 -34 -72 -41 -44 -100 -32 71 15 -19 60 7 -88 -29 -50 61 43 43 -24 -36 69 65 77 -4 -82 -100 -89 -35 -3 67 97 -68 -96 -88 -32 26 -20 92 30 41 74 59 -33 57 59 33 -8 98 61 22 76 90 77 -58 -15 17 56 76 -69 -69 -43 -96
-89 5 62 -74 -93 -28 95 -31 -44 -13 37 -1 -57 -5 27 -1 28 -24 80 -63 40 -78 -43 13 98 33 -98 -26 64 37 48 -40 -69 28 -38 -72 -87 93 -34 -5 17 84 33 2 44 -41 33 -92 -70 41 31 -4 -70 -75 69 53 15 14 10 3 79 -28
-69 -60 37 -47 -28 -50 -86 -44 16 27 -65 -2 -34 -85 -82 -13 84 -40 50 -44 80 -80 44 3 -4 -34 -89 -18 66 50 -89 23 -72 42 -75 -13 -2 -63 -26 66 -42 15 45 -25 -53 -70 -83 57 13 -13 92 -32 35 -92 76 91 -85 -16 -84 -54 -98 43
-9 88 15 28 3 91 -51 40 21 63 63 74 99 -48 -40 15 -79 -57 76 14 8 -82 81 -96 20 -97 25 36 -27 2 -73 95 17 61 -40 18 -33 -23 -20 28 47 59 60 -23 33 -15 -33 -45 -53 -3 -48 -8 -34 -42 74 29 -61 45 15 -23 -94 -3
-84 -11 -12 -88 -14 -69 58 77 -15 75 -20 -2 -67 62 63 -87 -3 -27 -95 37 -22 2 47 0 -91 49 89 70 -68 24 59 69 -41 93 31 7 45 -25 66 -89 -36 39 13 63 57 24 53 33 93 -59 44 -51 49 19 -15 -29 27 -57 62 26 49 88
-48 -64 -19 15 44 -14 42 -74 96 -82 -42 88 -32 -57 33 -8 -13 -6 69 -92 -59 -73 -18 -53 -75 89 -61 -100 -86 -31 -75 41 -7 7 -16 44 -14 -5 41 17 -59 -44 -49 -35 -65 -41 84 84 -7 -6 45 1 -30 -71 -48 18 68 -80 62 -78 69 90
49 19 -97 -22 -56 -21 -15 -24 -39 -57 -65 71 -2 94 -64 68 59 -49 -17 57 86 92 45 -13 -72 57 -12 -79 60 -48 15 -18 61 -81 -16 -71 -92 -67 97 -85 83 -72 0 -72 -36 43 -75 -31 61 -34 53 89 -8 -34 36 -97 -3 55 -17 -68 -4 -17
72 -90 64 -4 -43 59 -99 -7 83 -6 -26 93 70 -89 16 -76 -12 -75 -13 -29 -52 -15 -94 -18 -79 12 -23 -76 27 81 78 -19 -8 40 -21 -29 22 58 -13 -73 29 -98 27 -51 -69 91 3 -38 47 39 -43 29 26 56 -51 -20 -29 -79 -31 -56 82 -17
91 28 -73 -92 -43 90 -68 -36 -99 79 -40 -34 25 -96 -50 93 -60 61 -83 16 -86 4 -39 71 8 -55 58 7 -65 -12 -13 7 -45 -84 61 -44 -65 -5 -83 -62 91 42 -4 -20 9 63 -26 62 -44 -69 14 64 90 17 -89 -50 84 -60 -83 -50 -69 56
-66 -95 -35 -20 -21 -42 -56 -10 -5 92 7 15 58 -26 11 56 5 60 83 -66 90 -73 46 -13 -18 -68 48 5 22 -2 -4 42 -6 85 -6 -100 -41 -5 -31 -95 61 -7 -90 78 64 -83 86 -90 -14 71 -40 -27 57 53 30 90 -4 11 -51 92 4 38
35 36 57 -93 -15 4 19 83 90 -66 -6 -5 99 24 -32 -55 -22 -90 -51 1 4 -39 -37 25 -87 -97 59 97 -93 66 -33 -40 -64 -75 58 50 -45 61 69 6 -94 -36 -76 -64 -85 -12 -16 2 -7 42 38 -64 -98 -8 88 -68 -72 24 -46 -9 -87 -34
-25 -78 82 86 85 84 32 53 23 -12 10 12 -38 41 41 50 -38 -72 56 -55 -19 -10 -17 -27 8 30 27 -80 -47 13 40 49 -3 85 -23 61 -93 -9 47 -57 24 20 49 -11 68 -10 -69 3 85 -62 -14 -4 -46 57 -82 -51 3 47 -79 12 -96 99
-73 9 -73 48 86 21 -94 -20 73 32 -17 63 0 31 18 14 -87 -82 64 49 -75 57 -18 18 -52 18 -87 79 -22 -10 -57 -23 -41 -7 62 13 97 -5 83 43 -43 74 -58 -82 -10 -94 68 99 60 75 -51 13 -31 58 39 -88 -40 -85 83 -43 -41 -35
-50 22 -9 -50 35 18 17 41 86 91 -12 60 -92 -18 76 -89 58 -85 -20 2 83 22 -89 23 14 93 11 -40 -49 -14 80 -86 -43 67 56 18 68 -95 -81 14 -20 -74 61 31 57 -70 -31 -67 12 87 -8 4 10 -68 63 -65 -52 -97 -99 -86 -41 38
-20 -93 44 64 90 36 26 16 59 -6 11 -70 -55 -62 -75 1 70 -75 34 -73 -79 64 74 -26 96 -94 -73 -97 -99 16 9 57 92 -21 -93 -51 -92 28 -34 0 20 -74 -59 8 -17 -91 -48 -62 75 -34 44 99 -34 -25 -85 -19 -61 -56 89 77 92 18
-25 19 -65 -81 59 -86 -74 -5 47 40 42 81 48 88 -8 -16 42 -10 31 96 -21 -14 0 -56 77 -79 -57 18 -16 25 -39 49 -9 76 -42 17 58 -98 -94 80 92 58 -10 91 -74 -55 -36 84 -37 -27 -53 51 21 94 71 -13 65 98 85 -10 -18 34
37 52 -5 11 -71 56 81 10 -51 -93 -41 -92 -80 -83 -83 45 -70 -64 52 -25 54 96 -92 77 98 0 -83 56 -36 -81 34 82 88 43 -14 -55 7 -20 -47 -10 -38 44 -33 -81 7 -18 79 -62 -5 85 -93 51 9 22 86 80 -55 24 -62 -62 37 26
35 -9 57 54 -100 38 -23 30 80 42 94 36 -28 19 -44 -98 -13 -71 6 81 97 -5 -77 -19 -11 -1 46 10 33 26 88 57 -29 -54 -8 94 33 50 14 5 88 -74 68 74 -74 -24 94 -43 -39 74 84 22 -49 -99 -99 22 95 17 -90 86 -64 70
52 -45 -63 -21 86 51 -15 44 -18 1 -88 81 -54 95 -19 -43 70 52 41 85 20 52 35 -62 -97 56 70 -96 -44 -3 49 -41 -7 25 13 9 3 19 52 -42 -93 74 7 -59 0 10 -79 36 59 90 -53 89 -81 57 79 -94 80 19 57 82 5 -74
-94 -51 33 66 -73 78 46 -88 98 -74 99 -55 79 -16 40 -21 -70 -45 94 0 15 40 -11 -97 -22 44 40 -57 -48 -40 92 -63 -27 -65 -55 70 23 -88 64 49 83 -11 30 -42 -57 -53 -49 -30 88 59 63 -27 -35 -96 45 -66 91 -38 -15 -43 -38 66
87 -25 80 47 68 93 61 56 40 30 -33 59 61 55 -65 86 -40 -32 -21 -4 45 -71 61 -94 -57 36 -52 -62 -32 -52 49 -17 -98 -9 93 83 56 -48 49 78 71 32 79 80 -56 6 71 8 64 -4 -85 85 -55 -20 23 53 -51 -21 -28 85 72 69
20 -87 58 17 75 -52 93 -74 12 -71 -11 78 9 35 22 42 -49 11 -94 -41 9 48 90 -97 -84 11 -100 -62 -77 -77 -33 95 -69 -58 83 -2 -14 82 20 -80 -12 -85 -63 0 46 13 -41 -12 55 5 -68 39 -29 -93 33 -31 18 26 -25 -30 89 -61
-19 34 55 47 -24 20 -46 60 -35 -100 34 -6 -5 -89 -17 -66 -51 98 47 63 30 -2 -53 -9 13 74 -6 68 92 10 94 -9 67 54 46 -12 -86 -82 -61 28 -17 -36 55 79 20 2 -94 -42 37 54 39 -31 97 -60 -25 -68 -33 -53 -43 23 11 -30
26 5 -31 84 73 13 -88 1 -67 -32 -13 -64 1 2 44 -95 -63 -19 -38 0 -72 -70 69 47 1 -39 15 -93 34 35 -67 -94 5 46 86 -85 -8 -79 27 -73 -72 33 -56 -34 -54 -21 2 -99 -37 34 -46 7 -80 76 -79 17 64 -48 -28 -62 -32 98
