95 48
-86 75 99 36 2 -77 -73 12 -57 47 -64 -63 50 7 -51 -65 87 -3 -93 -87 53 38 -79 35 -25 -90 -15 -15 27 25 60 48 -87 -81 -83 -45 94 -97 49 42 26 79 53 -91 38 11 81 71
-22 36 -4 -23 94 43 -56 -12 -25 -41 -49 28 21 98 -83 81 83 -77 -56 15 -42 79 -18 -96 41 49 22 -88 88 5 82 90 -20 7 -37 -94 -81 -95 -51 -6 32 -100 -60 -16 -31 15 -73 64
31 -50 -84 -2 -94 37 29 87 53 53 -94 -23 96 -11 7 -96 5 -3 -41 -62 -33 -41 8 21 -6 16 -23 95 -89 14 -63 -18 6 -47 98 -30 -95 70 -34 -56 31 -86 97 -16 14 -28 -72 97
68 -41 -72 -5 0 22 41 37 -52 -63 -12 16 6 -97 -92 -52 56 76 17 42 -91 45 -78 89 76 -55 84 29 -54 2 -75 -51 -13 28 78 -52 -40 46 -87 -22 16 55 24 -85 -96 3 -58 40
-67 86 -7 -59 -12 -33 64 44 -1 81 81 24 11 -2 -73 4 80 5 -22 -84 16 -42 31 76 -76 51 -70 48 3 -95 -79 -60 93 -89 43 -19 -65 87 40 88 -57 83 67 97 90 57 69 -90
-60 41 -76 37 -80 -73 -84 -37 33 -67 -52 47 88 42 -92 23 95 64 -90 -79 -2 27 75 4 19 -98 79 56 -89 50 -64 75 -73 49 -94 -42 -24 96 63 39 -25 28 -19 33 -33 54 72 33
-68 -47 66 -31 72 -53 40 -94 -20 -85 -49 93 90 -14 86 76 -32 -3 46 -17 -24 -86 -48 65 85 24 -75 36 0 20 -36 -55 -28 10 -89 -83 -89 -80 -17 41 10 17 10 -15 -69 17 -39 55
33 44 23 24 31 4 -33 -97 37 67 -27 73 -37 -3 -56 -31 15 -47 -26 37 -15 -78 65 -15 -99 1 -88 18 -47 -34 9 85 56 39 14 81 -26 31 -91 51 -99 -78 12 40 23 -88 53 -56
-3 -71 78 -47 87 -64 -44 18 45 -21 10 33 -66 34 92 7 -90 -43 -47 34 -11 67 89 -69 -10 -16 91 18 -67 -98 73 -58 61 40 8 -31 -7 -77 -93 -20 -31 -10 15 -49 0 92 52 59
-61 -73 10 -20 -20 -9 27 73 -48 35 -16 69 -3 -57 -97 67 -15 79 74 6 -65 -86 11 -17 -93 27 -33 74 -64 20 -95 -21 87 -60 -23 93 -61 19 92 99 3 -85 -35 -61 39 18 -20 -41
79 29 54 -2 96 -50 -26 67 -71 9 3 -44 -59 -92 81 70 -31 -27 -27 70 73 16 27 35 30 -79 65 19 -93 -49 58 19 64 98 -84 98 -18 -57 -53 -96 4 -87 -14 -36 -63 82 54 67
-29 98 -50 -80 15 46 56 -64 58 -91 13 84 -40 -25 0 -19 91 -48 -45 -61 47 -52 58 -66 75 -94 -60 -87 98 -90 -56 -28 -85 -62 84 1 -51 53 -21 89 -89 22 64 96 88 -70 46 46
18 77 -69 71 36 93 -84 62 88 77 18 -27 -15 -31 13 -16 58 13 -16 -13 11 -85 77 -48 21 -67 34 -74 25 -41 -83 -18 3 89 -4 -40 45 -84 -96 -10 89 42 3 23 46 43 71 -97
-72 -4 81 -68 57 59 6 -60 -12 97 36 -2 28 -49 12 86 -56 -11 -66 85 89 22 -81 88 31 72 -65 -73 -87 -45 5 -7 -44 23 71 46 62 11 68 -59 12 3 77 48 8 34 3 -12
71 72 -14 -91 74 -34 -33 90 66 32 86 -3 42 1 -88 -82 -88 45 -54 -88 -76 43 -23 -61 -100 -45 -75 -36 63 -25 -85 -46 88 91 24 -54 86 1 -30 -2 -14 -63 89 97 -96 -9 70 -26
-38 79 -77 1 25 -99 92 -50 61 -80 -92 50 7 -18 43 -57 -99 -82 78 -13 -98 -38 -9 42 -82 68 -97 35 92 98 66 89 83 61 49 67 -34 -66 -19 23 7 -14 19 58 -87 40 99 18
84 88 46 -88 18 -81 39 56 -8 -8 -15 -29 54 13 33 -9 51 86 -35 -91 3 -64 61 -28 -14 34 -23 20 -67 37 -60 5 -49 90 47 -23 -87 -16 1 71 -26 -66 -51 49 22 94 -19 -95
-55 -30 -26 -57 -89 -93 91 -90 -51 0 63 -80 -53 4 29 63 -20 -29 66 -42 93 46 -91 47 1 -59 -90 -42 -84 -91 -35 -11 -17 58 -92 -63 20 -81 8 -83 -14 11 83 -10 -85 14 78 16
92 36 14 -89 44 97 -60 48 -87 22 -63 -96 71 67 -47 68 83 -82 23 3 -24 -45 26 -30 -81 -12 -89 47 52 42 -57 88 38 13 -69 76 7 40 -19 33 86 73 0 -56 -15 16 58 -33
-98 69 -24 -26 -20 -33 -93 -53 77 -30 43 49 95 -23 -7 -65 -20 21 17 -27 -90 -52 32 -36 31 -19 -6 15 32 -21 -33 36 32 96 14 -40 88 52 59 58 -76 -74 -27 46 -36 -22 -93 45
-92 36 -31 -94 1 -28 37 33 -67 91 -25 -29 45 53 -16 -99 -31 -97 82 -78 -29 -86 -40 -58 28 -56 55 -4 3 78 -26 -62 55 60 -54 -4 79 1 53 62 8 -94 64 46 -24 -91 54 81
-56 -16 82 -60 -73 -40 -92 6 -76 39 73 45 4 53 97 -66 53 -86 -36 41 34 -69 47 -92 -88 51 -60 -73 -72 -76 -32 -9 95 94 16 71 66 -89 -90 92 53 -52 -31 -16 -18 -18 -12 17
-26 17 40 -5 -64 1 -5 27 5 -91 11 77 -74 17 94 -79 -44 -25 12 57 -75 22 15 71 -40 -66 -15 20 -94 90 71 -60 89 38 13 56 -86 -45 58 76 46 89 -19 50 83 -51 80 -50
-96 -4 -76 -44 -80 94 54 79 -78 -82 -48 -21 96 72 19 -51 -24 -92 -13 -62 48 -53 35 5 69 87 -21 -59 61 -16 -81 30 50 -20 -30 6 26 30 67 20 22 -61 -33 -100 -8 65 -89 61
-87 -55 -5 39 -63 -66 7 -65 72 -74 68 -2 -92 97 -86 73 76 -56 -2 65 5 79 39 61 -85 -66 53 -97 -78 12 -93 -75 -83 29 28 73 -33 -81 -36 83 -72 -81 65 -83 66 -31 -86 95
-36 -41 78 68 31 -39 0 -27 88 94 26 60 -2 66 -24 52 -60 -7 -58 -65 -24 -93 76 -1 -91 -31 89 10 21 23 -90 40 4 -78 -20 -65 41 3 -7 -15 -34 -100 -98 -45 -13 19 -99 -79
69 -3 18 -31 -75 -19 -9 69 94 -99 -20 37 -49 52 6 -12 18 88 -33 2 51 -26 71 98 13 24 -46 92 42 70 42 78 66 56 -33 -34 -74 -5 99 4 28 2 -22 -26 86 95 -46 -85
-1 2 32 52 -99 49 -36 -56 93 97 85 55 3 60 72 98 57 43 61 72 42 45 -94 20 64 -87 52 13 -93 -39 -53 -34 42 64 -74 87 -17 45 -17 51 -26 40 -40 77 62 -100 6 -44
-93 -11 -100 -90 27 68 59 60 -80 65 -7 -70 -83 33 56 -21 85 1 -71 -78 8 17 80 -84 95 60 2 4 98 15 -60 94 -48 15 -19 -48 -49 -56 87 -26 84 84 -6 46 6 72 65 -37
94 29 -15 22 73 -34 24 33 -39 30 99 37 -55 -36 10 87 96 33 -9 55 7 -80 93 -63 -82 79 -99 -33 -84 -90 39 -41 -58 22 31 65 98 -4 22 -4 20 -27 99 -79 -15 84 -95 39
-22 -22 83 57 -29 -11 93 -75 -51 -76 -68 15 40 18 -87 37 5 -22 66 -52 -13 50 98 -37 -48 -62 -53 -82 59 -82 16 22 -57 42 -65 -57 75 -82 47 -54 -56 -85 -9 92 -38 77 -25 -97
-37 17 83 -17 -4 48 53 -40 5 -100 -54 -26 23 83 88 -60 8 -22 -11 -15 -98 -20 -36 -55 72 67 -52 -48 50 6 -14 60 63 20 -32 -69 36 -81 30 -23 2 -43 -72 47 -44 -29 -65 -70
50 26 -19 0 -10 87 59 24 37 -75 -35 -7 23 70 89 75 90 -46 -93 -2 4 95 85 72 65 -6 21 -53 92 13 24 -42 -72 49 -27 -78 -71 62 61 56 14 57 2 -31 59 68 -100 -82
69 -84 12 -87 84 -80 -13 -36 -80 93 82 33 77 -86 -72 25 65 72 -9 1 -72 65 -24 81 -51 -82 -23 -89 -52 -23 20 -12 54 -78 -15 -19 12 -96 14 -59 32 54 95 -55 -16 -47 33 -68
-84 39 -77 99 51 66 -10 68 56 -12 -28 99 -93 13 88 -83 -27 11 -4 -7 12 42 25 -77 32 -28 -30 -30 37 19 -62 77 82 21 15 34 81 6 -33 -81 -48 76 -70 -35 -32 -33 -8 -63
28 -48 -27 52 59 60 -79 62 90 64 -19 -18 -20 71 83 -42 59 -22 77 -99 -12 72 -87 36 93 -90 -44 -11 18 -96 -4 -88 81 32 74 80 83 30 16 -58 12 -62 63 68 -92 46 93 69
-49 95 -19 11 26 85 -18 -15 -33 41 -87 -69 -69 95 77 -30 -26 -100 -51 -52 66 -71 69 -53 7 25 -87 -4 7 -16 95 -92 30 -52 -75 -42 -60 -88 38 0 38 -18 97 -97 33 53 90 7
-23 -77 13 72 -23 77 49 -43 19 13 -47 87 11 68 -63 1 71 -64 71 21 -78 55 55 80 65 -100 60 97 5 -71 68 -17 34 -2 -93 -44 -96 65 2 -12 64 -49 -94 -93 -23 -46 3 -90
51 -52 -94 56 -77 -70 -45 -48 17 52 -77 89 -89 52 -15 91 -5 45 -34 80 -10 -74 58 -79 62 -25 49 -63 -88 75 30 26 -46 31 15 39 -55 -78 -31 82 -2 -10 61 -97 71 -42 67 89
-61 -97 54 -20 -3 -100 -47 66 -36 12 -40 -55 82 -33 -38 -59 -36 58 76 26 42 -41 42 -3 80 17 -86 12 -44 -82 -86 2 -79 -27 -69 0 -29 2 -99 -64 -37 47 -58 12 -99 -90 53 -57
1 -12 28 57 87 -24 93 -7 7 -3 83 70 -41 -52 36 -81 30 46 86 -60 81 -80 64 -92 -13 24 59 0 -29 54 73 24 56 -57 -60 52 -56 46 -78 94 -46 -13 31 -49 -40 73 -77 62
58 -29 -2 -56 15 15 82 -44 -68 6 72 55 -54 -38 -35 -64 91 64 -26 -84 93 -80 41 60 42 -37 -18 5 55 -43 79 -15 -68 83 12 -60 12 -41 -31 90 -66 -15 -100 71 34 32 -46 -65
-32 -15 -47 -33 -35 87 -61 -85 -80 92 -79 -62 -36 -33 46 -57 22 79 -2 41 2 -73 55 -51 -72 42 95 26 -35 -96 -58 -27 56 98 -35 -26 18 11 -17 83 9 71 95 -36 -9 -48 18 -49
-74 47 -10 69 63 -64 -20 -60 -44 81 2 -90 -46 -68 75 34 -77 50 -77 -46 90 -37 86 53 -96 -52 -56 53 -41 -72 -69 -37 85 -38 84 2 -4 -23 -74 -31 -40 -35 -76 -99 32 65 -87 71
-24 -54 34 -95 -58 87 -98 -57 -36 -38 -27 20 13 54 63 -70 -29 24 -34 62 -79 83 -9 -61 85 79 61 54 88 -30 -10 98 24 17 2 45 86 -95 -31 10 20 -87 13 97 17 -70 8 -68
64 26 22 -77 77 93 14 18 82 -34 77 41 -70 -52 -12 -35 84 48 60 69 89 38 -1 39 41 -78 56 28 -45 -35 -99 -15 44 -16 -68 7 26 -80 -84 78 -95 27 29 86 -82 -22 67 -82
66 -81 -33 24 -63 25 14 -20 -69 69 22 13 -69 7 -41 -31 94 -30 -66 84 -90 52 -8 -17 8 21 -100 -43 -37 -22 -71 71 58 29 75 72 36 -65 88 19 -70 89 -72 28 0 7 -60 -4
-97 78 30 41 98 48 -14 69 16 61 -29 -58 34 -60 -8 -98 -50 3 -31 -76 11 -13 -67 -29 -19 -89 85 1 -61 -34 -49 -22 95 -33 51 46 -26 13 -86 0 25 -13 17 41 51 97 48 -43
-99 -8 -41 -60 -26 67 -93 -85 -34 -82 30 -92 44 83 5 59 62 11 22 19 10 -14 -55 41 67 30 38 6 86 89 -33 11 70 69 -16 -72 -76 39 -52 69 35 -81 -38 -59 99 71 64 16
68 -22 62 56 -34 -48 86 54 78 -25 66 69 -69 -5 -65 39 -78 -71 9 80 47 72 -97 -56 -27 -86 -55 -92 40 -54 -33 55 -88 -3 83 -91 17 -34 57 -64 -7 -67 -74 15 66 72 79 51
-39 29 -68 68 13 46 69 52 36 -10 99 66 -14 67 -70 -15 -68 84 -3 74 -36 61 27 16 21 41 73 -62 -46 79 72 54 -78 80 40 -84 15 8 13 -31 -49 -5 -23 85 51 98 50 47
-34 -90 -27 -1 -9 -59 3 84 43 90 -13 -80 84 89 97 -48 -17 83 53 -72 61 -81 87 7 16 34 58 55 25 81 -2 -57 55 -92 10 -20 34 85 9 70 0 -71 13 87 -8 -58 18 17
-50 -66 -84 24 -81 10 19 -26 -75 35 -18 -90 -75 61 94 -53 14 -66 37 -38 53 45 78 -4 15 -2 54 -79 70 -43 -61 -46 72 80 36 -59 36 -78 -54 -90 -49 -50 -82 -28 86 -7 67 -6
-43 -69 4 71 23 14 -79 88 39 96 -90 12 30 22 -51 65 -99 98 -50 29 86 -97 -13 55 -2 -79 -71 39 62 -30 -44 19 2 3 97 -52 9 96 -6 33 95 -25 -90 -94 -65 -94 -57 -17
21 83 -48 90 -77 72 71 50 -94 15 39 65 -5 -37 49 24 6 -57 28 90 59 -6 66 55 -56 -83 -27 58 -61 -55 -38 44 23 60 -28 -94 -76 -43 36 -3 -78 -10 -64 -87 78 -54 42 -56
25 -97 67 31 13 61 16 -95 82 55 51 -93 -24 -46 92 81 -99 -92 -6 -25 -79 95 36 33 -40 -74 -99 -33 -73 -97 -88 75 -13 58 -16 -67 -41 -15 -100 -95 -91 -48 25 47 -97 -82 -1 -76
-83 -4 64 -57 -7 30 -33 63 -30 96 -90 -13 6 92 10 17 -76 -95 -93 -69 -96 93 22 -26 -8 -10 -3 13 -1 -67 59 7 -64 52 96 44 14 41 35 85 73 -36 33 -12 -29 -58 -63 66
3 67 58 -88 82 25 -73 -72 -60 9 -94 -75 -6 -35 22 24 94 27 57 53 38 57 -38 69 60 -55 -96 -67 93 -73 -100 -82 -39 -7 23 -18 -61 -74 -58 -48 -6 42 13 55 70 25 58 -63
30 -70 -84 98 -94 -26 44 45 93 88 -86 -37 -99 -41 -45 -99 38 50 17 -76 12 12 36 92 32 -87 -24 -13 -36 -73 -57 8 -46 -40 32 90 82 31 55 47 66 24 -81 7 -60 -42 -66 -89
-22 -65 -87 74 21 10 23 -35 -66 -35 -86 -78 -68 96 -37 31 8 -26 93 87 45 -28 85 -62 -19 -86 -96 -63 -25 -85 -18 5 29 0 46 48 -91 -47 98 83 22 38 -93 74 -50 -5 -80 -3
9 51 84 96 -99 54 -3 14 -92 38 44 81 -7 -34 -14 -91 38 20 16 -90 6 49 -38 -41 -18 -42 -100 12 -86 -71 -75 -70 -91 64 -85 -91 -32 -99 -64 3 -49 3 -84 -24 33 -80 82 -88
-73 28 47 44 -10 -23 33 -97 72 10 60 81 39 9 67 22 28 -92 28 -1 55 16 -11 33 88 -95 -50 12 54 -7 47 -25 -50 47 60 -22 -2 57 70 93 -46 5 19 79 -74 -12 -87 -39
21 0 23 84 90 40 -44 96 -3 2 44 -74 33 72 -96 49 -100 -74 38 -8 -50 -78 -55 39 -43 -27 -94 -17 -1 -7 -25 35 -46 52 -37 69 -79 -44 13 -48 96 67 -10 7 2 22 21 21
72 -64 -10 47 85 -28 43 47 80 -94 8 58 98 57 45 -36 -47 63 72 -94 -53 53 -15 25 -33 39 -30 54 81 -86 47 -51 -100 6 -14 21 -99 -82 91 59 -35 -51 5 -57 -49 -44 -76 36
-13 58 -66 -100 58 -37 71 -61 35 75 66 -14 5 -75 69 79 -82 55 -4 -61 76 -23 -71 -19 82 -90 -54 -67 5 -63 59 67 -41 84 -34 97 -76 -11 -16 14 -45 -6 86 37 -33 -26 -9 -99
31 28 12 10 43 -60 -59 52 8 -84 -34 -98 29 89 74 10 -25 -18 7 99 74 -93 -86 75 25 2 -68 -10 -88 54 94 62 47 -75 56 57 -78 40 24 8 55 -80 33 73 -89 -93 -94 79
-87 -89 -39 -80 20 -26 96 -96 -93 -37 38 -91 -98 -35 -31 -54 78 -95 -86 87 -80 -52 17 -15 -25 97 76 54 -77 64 2 -76 -50 96 61 58 -39 14 7 23 -62 -66 27 41 -47 -54 -80 33
36 81 98 22 63 -55 73 87 -81 16 86 -3 -39 -65 -78 -9 -98 -23 66 -40 -13 26 9 -50 86 27 -12 -84 -61 13 -5 3 8 28 46 -35 -3 -81 23 -54 -23 69 79 -58 -31 -95 -29 -38
25 57 -72 -15 32 19 68 -65 -73 -23 -64 45 -54 88 -45 -96 11 75 96 3 -45 29 75 -38 -61 -65 -97 73 -86 -98 28 -53 -97 -40 31 47 25 41 35 -40 5 -87 15 -43 -80 32 -97 -88
-27 -58 -25 -94 -79 44 13 -65 70 54 -1 -74 -83 -43 -11 92 31 72 -80 -95 -90 -21 99 75 31 19 97 58 -77 -16 56 -28 -82 -92 44 89 -65 -93 6 -71 66 91 -66 85 50 -58 -9 -28
3 62 66 -33 86 97 -34 -9 -42 -99 47 77 36 -82 -28 26 -90 -59 54 88 -11 67 61 41 62 -2 -91 -50 -95 -61 -15 -69 17 -3 38 25 -29 -68 -84 -76 -30 -38 96 86 -70 -14 93 51
-84 34 53 -49 26 -85 98 -67 -68 86 -54 -62 -71 -31 99 40 41 -37 27 -81 -29 28 43 17 91 88 -4 -91 95 13 3 -48 -63 3 49 -26 79 -52 -82 -2 -86 -76 -65 -25 -12 -5 38 77
-19 -96 25 -63 -57 -32 85 48 81 96 36 19 -31 31 60 -97 -18 55 -53 -27 -68 37 64 -67 -79 -65 -44 46 64 -81 -16 -87 76 93 16 -49 31 -55 25 -40 35 -47 -41 -66 -15 47 74 10
56 87 -54 45 57 96 25 -72 65 40 -49 -56 -2 -19 -28 52 69 -14 81 82 99 -42 -8 -70 18 -77 5 -72 55 -26 29 -57 74 -78 38 -4 -90 42 -1 9 65 -25 26 -53 -18 70 -97 -1
-23 -66 59 32 66 -88 88 -36 -34 -8 79 -17 -85 -69 -13 72 19 -95 -88 91 2 69 -100 -1 75 -61 -51 49 -41 74 67 56 48 -86 87 18 -98 -9 35 -33 -81 -66 -92 69 52 15 22 -100
74 -60 -81 -61 30 -87 -17 -47 -51 53 -90 25 -5 24 -9 56 2 53 59 9 29 -54 25 -53 -83 -51 84 -31 76 -7 21 26 -72 18 68 -38 10 13 -15 -71 16 -4 -33 34 72 -39 83 -97
30 -24 -95 -13 24 -95 33 8 72 30 96 83 -55 10 49 52 5 91 -35 -62 14 -14 81 78 -28 -63 71 -50 63 -4 64 94 -42 -38 41 50 -81 -27 43 55 31 56 23 90 -92 -54 -23 -23
1 1 12 -47 -70 -80 31 56 17 35 -33 60 -8 50 -35 -37 16 -52 17 13 -7 -10 -81 86 -53 -99 73 24 -3 -72 29 33 -21 -87 -96 81 -99 78 3 79 -82 43 94 -28 67 18 -6 72
-99 93 75 -29 -80 75 -98 7 -28 58 86 28 67 85 -98 -52 -59 -50 98 9 57 -36 78 99 -83 0 20 70 -81 -99 40 19 -83 -81 86 38 -14 85 -57 16 98 17 -73 -34 -8 56 -62 18
-43 -75 -87 72 -20 -77 47 -68 20 -61 9 26 -2 -94 -66 -34 -65 63 83 -27 -32 84 42 -53 84 18 -77 46 -38 -46 27 -93 -100 9 61 24 71 -93 47 -6 -92 -52 -82 24 -26 19 52 40
-67 -73 -39 -48 -6 -89 39 63 -4 -67 -5 -35 26 -70 1 -24 -86 -72 -17 32 -46 -93 -75 -66 61 74 34 64 -96 61 19 0 53 -65 40 -97 79 46 -9 -4 64 17 94 -7 16 -87 3 47
47 -30 -50 -88 36 -76 9 62 -2 22 70 99 27 -38 -70 40 -56 -1 -96 98 -7 74 -6 41 -39 86 -4 91 52 70 -79 81 -54 9 26 64 15 -34 67 59 41 -17 -32 23 -23 -70 33 -49
-74 -11 66 -39 -10 -77 -10 -72 -9 13 -91 -69 37 10 91 -65 -68 -22 35 -32 1 -25 52 70 -20 46 99 53 32 -60 16 -43 -17 4 -3 -68 -57 -72 37 -16 97 -2 34 -30 -68 -19 90 -1
61 -65 66 89 -69 -54 -13 37 -24 82 28 54 -70 -55 48 -54 42 -6 34 99 -84 98 -2 1 -7 24 34 -90 81 6 -91 -5 -75 -72 -66 -63 93 5 80 -62 61 28 -19 0 -75 41 72 6
96 -32 72 -2 21 48 -46 -61 61 -28 -3 73 -84 -18 -52 -23 -12 61 15 9 -74 -47 -20 -53 34 -29 45 -11 58 59 49 25 9 61 -33 -18 25 67 23 22 -82 9 44 -7 -43 12 88 99
-54 -3 -18 49 -8 69 -18 -30 33 -71 4 -37 24 39 10 -45 -51 -39 39 -15 50 -13 -89 -93 20 96 54 56 -28 41 -48 -88 -98 -80 66 82 -95 -30 -74 -18 64 35 2 84 -95 -33 -29 -51
84 22 -31 -7 -98 -89 26 48 -73 48 3 29 -80 -43 76 -1 -71 -57 -36 82 -70 47 28 -82 -96 -45 -88 23 67 -40 -12 -11 22 -23 -68 36 -58 -17 -73 -66 30 74 60 -8 -22 15 -60 -86
99 34 -38 75 -77 -35 -79 52 33 73 -66 4 -1 53 -66 92 -62 -75 64 -36 82 -76 14 86 98 6 87 -88 -22 -49 -95 -96 92 48 46 -69 -12 -37 -91 -81 67 -68 -38 35 -27 11 -80 -93
-87 -80 -2 7 -79 94 -65 54 -4 -37 -17 -97 -96 70 -62 49 -13 2 -73 -92 84 -78 78 87 -43 -99 54 3 85 -51 74 48 -5 -30 -75 47 -19 -76 -21 24 -38 -7 -71 60 -76 -76 56 -35
-62 -65 -18 77 92 -38 -74 -76 -39 4 -39 46 46 49 -35 61 -96 12 -67 43 -68 -9 -15 -54 36 98 -89 95 61 96 -14 -36 63 -56 42 22 44 10 60 30 69 88 -36 -84 57 71 -24 24
-72 70 38 -61 -65 7 97 38 -36 -61 -96 -32 28 -13 96 -10 19 -84 -61 78 60 35 -32 38 -54 25 -99 -85 71 48 67 51 58 95 17 30 -34 -5 44 -53 24 -65 -19 -9 -15 28 -62 -12
-66 -4 98 -33 44 -20 -53 10 88 48 79 60 61 52 -89 -51 -9 24 77 -42 -8 51 -40 -16 33 92 -92 53 -84 68 -95 -68 -97 -48 69 -16 20 -74 -92 11 30 -59 23 -49 86 98 -46 94
-9 24 51 -86 -1 80 96 -1 -89 10 79 64 -11 -45 36 -1 -72 -57 -97 81 35 32 36 -63 78 -17 31 4 25 75 63 62 -6 80 66 -30 57 90 -23 -97 82 -22 54 -23 -5 80 -85 30
-57 -46 -27 -77 -14 27 65 -51 38 -57 -82 84 -91 -58 -29 -76 -32 40 -54 -49 -9 0 -91 40 -62 12 -89 1 8 75 -97 63 -11 56 -15 -12 57 -82 5 -27 55 45 36 -99 91 4 -32 90
56 -97 75 -41 -55 35 -61 -14 6 79 69 22 -78 -51 7 4 74 82 -30 5 88 82 -88 3 -55 72 -6 -79 11 37 45 -72 36 -3 -34 83 -49 26 -68 -51 56 44 -3 -22 -46 14 -21 91
