89 42
86 -33 7 -16 30 -44 64 95 -82 -75 24 -21 76 -14 -92 26 -77 24 -50 -10 -63 86 58 32 19 71 -10 -52 94 48 -88 28 -40 5 84 -65 -91 -25 86 -93 22 -55
-11 -80 -97 91 -95 -41 0 38 -49 -100 -42 -63 -38 71 -85 -5 -29 89 -84 -62 -68 5 1 67 82 20 66 27 26 23 8 -66 -35 -34 -55 38 -10 94 80 47 -84 -45
-83 48 91 -94 81 -100 -72 18 -12 34 -60 -37 66 -31 8 8 20 -96 -5 34 99 46 24 -75 34 -83 51 -10 45 28 -59 -3 84 -99 70 55 84 -21 35 -96 80 -71
-48 -89 -100 47 -89 10 -5 70 -70 20 -63 -17 77 -52 -93 86 -32 -1 61 45 -37 9 -4 6 11 -32 6 48 76 18 -9 -17 -57 80 22 93 47 50 7 -43 22 29
-23 -30 13 35 90 11 44 -62 42 -87 -10 55 -10 52 -79 20 78 -61 -92 48 17 27 -22 -66 71 -53 47 65 -24 69 -8 -98 59 14 -41 26 -15 -46 71 14 51 -62
-27 -24 0 23 -72 -52 76 -60 -37 58 -10 31 80 -38 -31 72 79 -67 54 -91 79 38 -65 -51 84 -22 54 19 -30 67 -1 38 1 59 60 79 -78 -81 32 90 -56 -7
38 -71 -70 83 51 53 88 49 89 54 -20 -66 -91 -43 -4 -46 59 -88 -51 -38 48 -42 42 0 -31 12 -92 -75 -78 -50 -100 -92 57 -70 64 -23 5 -78 -6 -54 97 16
55 -51 -35 7 -90 66 -73 -25 39 26 -59 -6 31 -24 -10 85 57 54 -62 65 14 -100 8 10 -23 53 95 71 -44 74 -74 11 79 67 -97 -45 83 34 17 -14 65 -53
-98 25 48 74 -43 99 -73 91 57 0 15 47 49 48 21 77 41 -61 71 -8 24 -9 93 -64 43 -55 -86 59 91 -41 -94 77 75 -43 -18 -42 -35 -42 -66 -53 69 78
-97 71 5 30 37 84 -93 56 82 4 -32 -93 88 -67 -86 -95 -28 52 4 47 67 -7 -52 -60 -7 4 -58 -34 -17 94 79 2 53 -92 -99 -62 -39 63 -27 36 -98 -41
36 -80 17 -7 -70 82 -96 70 -84 -31 44 -98 -7 -81 80 69 16 35 -62 69 -88 -37 82 -68 -41 -35 48 -96 71 80 19 -48 -26 -10 55 -52 -43 -19 95 -88 -21 -49
-44 -27 66 86 20 -16 -21 -92 54 31 -98 74 77 -63 37 -97 -21 54 -87 44 96 87 -12 -51 3 -9 -63 90 -96 90 -15 -81 43 -68 -96 57 28 94 -9 -30 76 5
-93 -33 -98 -77 85 -88 -7 89 27 -1 -98 -19 88 29 85 -55 0 49 -68 -4 -82 -62 42 6 25 31 -39 -10 -92 37 -29 -91 -75 26 63 -64 -7 -41 51 50 -42 75
-20 -71 48 -67 12 90 88 -46 -45 -1 98 40 9 80 30 -70 -85 -32 -78 -67 -68 25 -90 90 70 66 -88 46 9 -32 96 -50 -85 3 6 70 56 -61 -37 52 20 10
78 97 -73 68 72 -40 -71 44 -46 50 78 -40 61 49 75 -16 25 43 74 -29 19 -7 -70 -44 -31 17 -85 -37 64 -24 16 -10 8 -52 -67 -23 -51 -86 -53 75 58 -53
-86 19 -7 -19 71 3 -82 -73 46 -52 -19 -44 58 -86 -95 83 -62 98 15 -50 38 73 -31 3 91 -89 -57 40 -78 60 -13 58 40 97 -60 -17 90 82 6 74 55 50
24 79 -62 56 86 55 72 -63 87 78 -9 -27 -86 -60 88 -98 -83 -31 46 79 30 -51 -25 -46 -19 38 -93 -11 -31 99 10 -11 34 -79 83 -37 80 52 -85 -98 -62 56
-14 -14 -15 -24 -68 -89 -82 55 86 93 -31 -43 -32 79 12 84 -30 -91 55 20 -78 -26 85 -5 -19 -99 87 -7 59 -84 71 -4 40 78 32 63 -72 90 -92 -96 51 -99
22 58 -14 -82 -55 -88 33 64 -24 -77 85 4 -72 -99 -41 77 -93 7 -47 -80 70 65 81 35 -67 56 -68 21 -34 -27 21 -81 3 59 -42 18 -60 -71 93 96 12 65
-13 -25 67 23 -14 12 -60 54 -99 60 7 48 -28 49 66 -51 95 50 -84 -90 51 -28 -70 -22 67 48 -27 0 -15 53 -28 -58 -27 16 -50 1 37 -64 50 -34 -98 -33
-37 -47 -47 -10 -26 68 -78 48 -98 -22 69 -69 82 29 90 10 5 -27 -45 62 -2 81 10 -59 -87 27 -39 27 -34 79 -60 9 40 -28 74 44 65 46 12 -16 -20 -69
-84 44 -61 -35 90 -1 74 -17 83 -5 99 -84 92 1 36 76 -51 5 -82 96 -39 43 -49 16 20 -30 -85 51 -82 49 -42 39 32 -97 45 10 60 -65 37 56 98 68
84 -83 -32 -95 -49 -83 66 -100 99 -6 66 -44 -71 87 90 -23 -4 19 -49 35 92 -73 -64 -51 -88 -45 -56 -29 -33 30 32 -54 -9 -43 -87 55 -94 -2 -17 26 6 -19
50 28 52 -33 82 -88 -52 -75 48 -74 86 -61 21 -3 -84 98 -19 -14 -82 2 -12 -68 -74 44 -44 18 29 -41 45 71 61 73 -9 -60 50 -71 -92 7 43 -86 -63 3
60 -61 -82 40 65 37 -68 -12 60 -12 -17 -54 -41 90 20 -14 33 56 -28 33 58 86 65 59 1 -35 -15 -34 -15 67 65 -95 -49 78 -100 53 -33 -59 -52 10 79 -12
-32 85 28 78 -17 16 76 0 91 26 20 -93 -63 -47 99 18 -95 78 -26 -3 41 0 -91 62 15 -84 30 -86 -26 51 9 89 72 20 -100 -6 -51 -45 -65 -80 35 -62
-29 -38 -73 -17 -50 -78 -69 70 82 -5 64 89 -64 -23 -50 61 -10 -68 41 -65 0 -99 -2 7 78 -76 -57 83 35 -32 11 -97 62 41 -86 36 -84 59 -65 -82 -27 -84
55 27 46 -64 33 -39 56 -94 -58 15 86 -18 -45 -26 28 61 53 -95 -50 80 4 3 -49 41 35 32 36 -34 -33 -57 16 -81 93 -66 41 67 1 -33 26 -83 -43 -94
-86 -51 -41 -70 -19 -36 -18 -12 -30 80 -98 -75 -43 -71 81 -52 -2 3 -23 40 41 -99 83 27 31 -79 62 -25 -27 86 -75 -16 -20 34 1 -70 -95 35 99 28 -34 -24
0 -26 64 75 37 23 42 10 93 -14 -86 94 -15 81 82 68 -33 -6 98 -6 -25 -15 -68 -44 -22 39 -40 -96 59 82 -7 63 2 61 24 -51 79 -39 -80 -14 84 35
-71 2 -50 0 -63 -6 -27 -57 0 -28 26 -90 98 -75 -71 64 -22 77 -25 69 53 -42 21 -86 53 -72 70 -78 -64 13 -75 53 16 -39 -13 17 92 12 -88 -82 78 75
55 -50 22 -69 -33 29 -49 -40 -82 -99 65 -35 41 -67 -33 -76 98 67 42 -71 65 15 70 -86 95 27 -78 -86 55 64 -2 70 -35 -70 -72 55 43 30 -56 -71 49 18
-3 4 21 -97 79 -15 -20 -21 38 55 96 -54 82 6 -69 -18 21 51 82 -68 -9 54 13 64 -72 -71 86 -84 -21 34 -80 93 33 82 -6 47 -29 31 84 75 -60 -65
-87 -91 14 53 -26 2 28 57 -54 -78 -47 99 14 98 -89 73 63 38 49 -78 -94 -11 37 65 -33 37 52 13 -63 -7 -51 96 21 -16 89 39 97 32 -65 -14 -25 10
11 45 -23 40 51 -42 15 -36 11 -88 -24 -69 25 63 21 90 -29 92 60 7 -57 -45 99 60 -69 84 27 -57 47 15 -64 85 -73 -100 62 -47 -99 -23 -74 7 23 29
17 6 93 13 44 -3 -98 60 -76 -19 -13 81 -100 -97 28 -52 85 -96 18 -64 38 -54 60 -57 60 37 -98 42 83 -10 39 97 78 30 -47 3 -69 -34 23 -83 66 73
-6 -72 16 28 36 22 79 -55 -15 -3 96 -30 -30 24 -20 12 -28 -15 -81 81 -55 12 -2 -21 -98 -96 19 78 -28 63 -58 -27 -78 -95 14 56 75 -29 -24 -44 68 -67
-33 -20 82 61 -43 -65 81 22 1 25 31 -27 -62 -42 -86 -18 83 -4 -41 65 31 97 -83 -61 -98 -75 97 -5 1 89 36 98 83 -56 82 -58 -80 -20 12 -7 10 -19
48 -19 -15 -66 -50 -21 75 -40 23 -99 6 -13 -62 80 97 -54 23 -34 1 -42 -97 -70 -21 38 -37 93 -84 62 -100 -79 97 -83 -21 -91 85 35 19 64 21 -13 36 -23
-38 85 25 -74 -49 -89 67 -13 49 -27 39 -42 -1 23 77 9 -46 -22 -5 -49 87 82 42 -37 67 -50 -24 -11 -49 -60 -67 -58 84 -10 -31 -34 63 -43 46 -28 8 -98
-78 94 32 98 -55 -79 98 -70 -40 -53 -84 98 52 23 93 62 -4 -38 -95 91 20 43 83 31 76 40 -30 -69 9 63 31 -57 -14 -63 70 -25 53 62 3 -91 75 -75
55 72 57 35 43 83 33 -26 28 -72 64 -30 -8 31 -31 76 48 -7 -62 45 30 58 -58 41 -88 15 19 -96 -50 36 -28 -43 -47 17 -95 -83 -76 22 -42 -94 -24 -52
33 41 2 -26 16 -15 48 80 11 -98 4 -1 85 12 -33 -15 25 55 -94 -74 27 -70 65 -41 -92 -42 33 46 58 -10 76 -10 -40 18 -70 -60 -63 -64 -70 39 75 57
-55 -84 -7 -93 -85 -67 57 58 -32 -77 -32 -43 -80 -63 -21 47 90 19 -33 -22 -72 -89 11 -5 48 -62 36 82 -73 -34 -95 -96 39 19 -39 -26 11 52 -38 27 -17 99
-29 -2 53 -32 92 -59 6 -3 -28 -58 78 5 -85 68 83 -97 -39 93 79 -34 47 1 -45 -53 29 76 -49 45 51 -56 96 55 -4 5 -23 42 -8 75 -51 69 -63 74
-28 19 -96 -89 92 -68 81 97 65 54 -92 -19 -40 -99 -11 -33 40 -40 -26 -38 -61 -50 -84 -54 -92 1 -81 79 80 -86 78 85 2 70 -93 90 18 -49 42 40 -26 -42
32 12 -60 -25 -87 -51 54 -43 74 73 -33 9 -47 76 5 29 50 91 15 -91 27 72 65 -8 18 15 62 -85 -91 -80 -99 -82 -77 -35 7 60 25 -17 -88 -59 63 -100
60 14 -52 5 -68 20 55 -51 25 -43 64 -77 32 96 31 -36 -17 69 -69 90 15 -49 21 50 -70 -95 29 77 71 63 -51 -91 -77 79 22 27 -70 80 8 30 -89 -78
86 6 -16 70 -96 49 -2 -9 66 86 27 -80 -2 73 37 -8 14 -1 -70 -84 76 -70 52 -20 -91 -9 79 -71 -21 77 -40 -100 35 -55 73 -53 63 24 -54 -80 -4 36
-14 66 -42 51 -25 -40 -54 28 -70 -93 84 -36 30 -53 -37 96 98 93 -62 76 85 44 72 19 90 6 98 40 93 -80 -88 -84 84 -28 69 0 -79 -55 10 6 -49 84
14 19 2 -18 87 -32 84 -50 -12 41 54 -95 -58 -43 -28 -97 67 -80 92 87 -11 -43 -48 70 67 8 -94 44 -57 19 48 -57 -64 -65 -32 -60 -72 77 5 51 -71 -3
-38 59 67 -57 -42 38 -79 -7 -79 -90 21 -55 63 0 -47 -37 51 16 -9 -20 13 93 -77 23 -17 -58 -80 -80 36 93 -40 -32 25 -53 57 -87 65 92 52 19 52 -27
47 -18 96 83 -75 24 3 -19 -12 -15 -49 85 -56 -67 95 3 78 9 -39 19 83 -86 53 -64 -34 91 -19 88 76 -66 76 -14 -77 -75 -28 -18 16 56 99 20 13 49
38 47 69 79 -55 -69 66 -88 37 13 -39 67 43 -46 68 21 -63 -5 -87 -95 -22 -9 -47 53 50 41 91 91 67 76 97 -90 57 -12 -100 86 61 31 -4 -83 -72 43
58 -6 86 26 -86 62 69 28 -53 38 -34 -13 -7 -72 99 13 44 97 90 53 18 54 33 27 35 41 -38 -99 -36 -73 73 -50 -98 0 60 -97 -57 31 -46 43 -6 43
-97 7 43 -100 63 97 -27 -86 -24 -16 71 -6 62 -4 76 42 -39 -64 -54 40 -15 -43 -42 -43 69 97 -27 32 80 -24 70 97 13 73 23 -94 21 69 37 -83 -73 -5
64 -78 -49 -64 85 15 89 -43 -98 -2 -17 -39 16 9 10 -16 -61 -47 38 12 23 -17 -23 -28 -99 34 -66 -14 -36 83 -36 -55 -75 21 12 -66 96 -70 -93 14 8 1
60 9 69 4 67 -67 89 1 93 -26 -66 -81 -37 -83 -75 -4 -71 79 -55 28 -30 47 -74 61 -2 22 36 -47 63 18 -79 3 -48 53 45 -43 15 -57 -9 -94 52 -66
-87 -41 66 -50 63 -48 -89 60 6 -64 79 47 59 -72 37 -23 1 60 -4 9 47 43 98 29 33 54 86 39 -75 -86 -68 -91 73 -71 39 -90 60 -83 -73 -15 -30 63
-45 -48 28 31 64 53 -49 93 -30 -12 -93 -88 82 82 55 85 74 -60 -12 -38 85 90 23 -45 90 93 -86 60 -70 23 -75 32 -49 -70 -79 98 -80 85 14 -69 -94 50
-90 -45 -6 35 1 75 24 62 58 -30 -26 -50 73 -98 18 60 -29 5 -57 85 95 37 43 -90 10 9 20 14 14 -11 -84 -13 70 -28 95 88 -75 87 75 -51 64 -23
-64 7 65 -63 79 98 -11 -8 -97 28 64 -92 62 83 48 -69 21 98 -57 20 -65 -16 61 -21 60 90 -19 -13 89 -94 -50 -87 -54 87 38 30 -78 -9 82 -19 50 -14
-79 14 -32 34 1 -14 -46 -96 89 -88 -44 -80 98 15 95 95 -80 -91 -14 -68 77 24 -12 -35 -1 -13 19 -84 41 -45 31 42 16 -46 11 -23 87 12 -43 -24 77 56
-5 3 -52 -62 56 42 94 -10 -57 -45 -85 -25 56 58 86 -47 -71 -88 73 -53 71 -15 -34 74 93 -78 -96 -62 -93 -61 -7 -18 27 -94 29 90 0 -24 -50 -58 -40 32
-6 22 12 61 -62 40 -59 -21 36 45 97 -47 -13 12 78 37 38 76 -10 -72 -10 -48 -52 -44 4 72 94 -77 42 -27 -4 -54 48 37 64 -18 -45 64 30 13 -31 57
-18 25 96 49 87 -80 47 25 -34 23 -11 -97 15 81 -47 -36 -52 -46 49 -69 -68 41 -97 11 -43 -59 41 -88 -3 71 -72 -25 -67 -71 -61 1 95 -67 -51 -61 2 -87
-60 -29 -92 -31 -60 5 71 -50 83 -33 -25 94 62 25 -53 67 -36 -62 33 -64 81 15 71 34 30 20 40 27 71 56 -29 37 93 -68 -6 -99 -91 85 57 38 -40 2
54 -96 77 79 -7 -65 -12 36 -13 89 84 72 -12 -77 80 -70 -89 -13 -43 -63 89 -93 -1 26 2 20 -12 -22 98 -14 89 60 56 -65 83 -43 63 98 81 -33 -69 -95
-31 3 -85 -12 0 -14 -74 -44 -2 -42 42 -84 -95 36 83 -65 -47 -83 66 -86 -52 -99 62 11 66 99 -97 -77 -60 -5 -72 -48 88 80 60 69 -32 54 -43 6 -92 86
-71 -33 -75 11 78 -59 -4 -18 -64 47 -54 21 -96 21 25 -71 -42 82 59 23 99 -74 10 63 -96 -17 -41 -4 36 -62 6 -61 20 76 -94 71 -13 -98 -43 44 60 -8
91 19 -59 76 -24 -74 55 -1 71 -43 19 -44 45 95 -33 90 -19 12 81 46 36 -45 -76 4 -8 72 65 74 29 57 63 -3 -40 32 -74 -47 -16 -13 56 -61 -63 35
-7 -7 -38 10 -55 -4 74 -24 39 20 87 -41 -8 85 -73 -58 -8 74 -54 -69 -55 -73 55 69 -38 -77 95 96 33 45 47 -30 12 53 -94 94 -60 -81 -90 95 -20 12
93 95 17 74 55 40 42 -51 -34 27 9 53 18 -1 82 50 38 93 99 -27 -69 42 -75 -87 -29 84 -37 -46 -7 -88 96 -67 -89 -5 -2 -40 -48 -33 -60 -29 23 -39
-96 -41 -49 41 -59 94 -75 34 -26 -76 43 34 -60 76 -97 -28 -4 -90 -37 -92 37 -41 -91 -94 8 -47 90 92 -95 77 39 -67 -51 78 -40 74 52 -88 -83 30 49 41
-23 36 -80 -58 28 69 63 -31 20 67 -56 58 72 70 -74 36 77 52 14 -38 -20 -2 9 81 44 49 -17 -81 20 10 93 -20 -44 -98 -15 40 -76 73 -34 -3 -100 -59
84 -73 -66 -59 41 -31 -15 90 -66 -14 96 -34 -85 88 -93 55 61 91 -37 -42 -87 77 -69 -7 17 57 14 -98 6 34 -28 -79 -26 -75 -87 96 81 -39 87 85 55 69
-46 27 12 -4 12 84 38 37 19 -54 -74 45 -40 37 -51 -23 -30 93 34 -66 66 1 33 4 -97 -1 -51 -5 -83 -84 57 -76 34 -2 84 -53 -71 64 -13 -76 43 62
20 -92 -6 -30 -24 -88 -17 70 31 28 47 75 27 -19 -78 97 54 -97 45 -32 -19 95 -32 -89 -14 96 -47 59 76 -88 74 82 58 32 -15 -9 48 -97 -41 -23 64 57
-84 -24 84 31 65 64 11 -42 -27 -71 -77 84 68 53 -18 72 -84 36 -8 26 66 -99 -56 99 85 -58 -27 86 17 -91 -69 -90 0 40 -11 90 75 18 -19 47 -33 -9
66 93 62 66 -86 53 -54 -68 16 17 90 -64 23 68 -58 -3 16 -13 93 52 40 84 -6 -62 -82 -74 50 -96 59 66 -39 -23 91 -87 94 -60 91 -74 -60 -45 52 -67
-70 91 79 75 -59 69 33 0 -92 -60 8 59 28 16 70 -100 -35 50 -82 -8 53 89 -3 32 -76 -76 68 91 56 49 -5 14 -14 -82 39 -31 -40 38 -97 76 92 30
27 -47 93 80 -66 68 12 71 38 -88 -94 -43 9 3 -72 82 -29 -75 87 -42 61 -3 10 -40 -32 -59 48 23 -70 63 -2 98 -8 -32 -84 -85 -43 76 -1 -31 -62 -78
16 -50 -89 -31 -38 -98 -32 51 -7 1 -5 -55 34 -53 73 96 -19 -54 76 -30 -78 71 8 47 -13 73 12 6 -18 -2 -53 -97 79 44 -26 3 67 87 -100 -98 31 -5
29 19 -62 -43 3 16 8 -35 90 -68 81 -65 -46 15 65 -94 27 97 1 -65 64 6 23 46 94 39 97 30 -17 -12 23 -68 -46 -63 -46 -73 78 95 -65 73 -49 -83
-31 88 15 39 38 5 -15 -83 -24 -28 98 -1 72 70 -71 39 -42 12 40 -65 59 4 19 -82 26 -55 -39 -27 -92 -98 89 -50 68 -45 87 63 26 99 -2 27 -20 -43
32 58 -46 98 20 -37 -32 -74 -32 -89 57 -61 -41 -65 82 82 20 32 -34 51 -72 86 -64 -24 33 -89 85 84 67 -46 -5 57 -45 8 -75 -53 -94 25 65 95 70 26
75 -31 71 94 35 36 1 66 84 26 -83 -27 -49 78 61 -48 -32 -72 48 -85 -42 -6 98 48 -23 41 -24 75 -1 22 91 74 -72 29 43 -38 75 85 85 82 0 97
-40 -76 39 79 -44 33 57 -1 -12 -76 54 6 -34 -78 62 -28 17 89 4 -70 -50 22 -64 24 50 99 44 62 99 33 89 -23 -16 10 42 9 38 -53 -63 73 96 23
-87 22 -97 -9 5 -69 99 33 95 -36 40 -81 -53 -70 93 -70 -100 55 41 46 -49 -22 -90 31 15 -43 -62 60 -39 -43 -100 -84 -47 -46 28 86 -76 88 -10 -27 72 -12
