74 67
-77 -37 70 -51 -64 -17 -71 58 -84 81 84 -34 -69 57 22 39 -68 -81 33 37 33 -66 56 4 73 43 4 79 -46 -16 69 9 18 76 31 13 64 38 67 -22 -89 98 24 15 91 43 -7 -11 46 97 -32 -92 -51 -12 -45 -34 -41 -94 -89 -52 30 94 74 -11 1 -94 22
62 -48 94 58 -89 50 -15 3 34 -52 -58 -93 -79 -13 3 8 0 -28 63 57 57 -15 -86 -91 23 39 -22 -36 -35 -10 -85 9 -17 -31 78 -23 25 94 -43 -99 -25 39 85 -50 -83 -93 29 -30 88 95 -58 73 28 97 28 -90 32 -74 -35 42 -89 42 55 91 -88 -72 -42
-59 -48 3 -82 -41 6 -51 -98 -86 -81 -99 -42 29 -36 30 -54 -36 -71 -27 32 -14 -17 19 -10 93 -60 53 7 57 33 40 -88 -48 -12 -55 -99 -88 -89 -84 34 -99 -95 -38 95 -7 -28 9 -29 33 -97 -1 -100 2 4 -98 -2 76 28 -49 -61 29 -22 -40 -79 -15 -35 -49
58 -7 90 -100 -8 33 50 -78 71 94 -64 -17 88 -72 -67 -75 67 21 -1 -57 -60 31 -16 -65 42 -82 -69 -1 76 -8 12 63 -100 24 -72 47 1 -67 -38 -83 7 61 -72 57 74 42 29 -25 -45 -69 -39 -35 42 -26 14 -58 -100 37 -12 -42 39 -26 55 87 -4 -73 -49
-45 -12 -22 81 83 -17 -51 -60 23 -56 14 70 -57 -91 -83 -40 10 -99 34 -9 12 -13 -48 -3 53 18 42 56 32 -63 -82 8 -55 -78 15 79 -5 -34 79 -60 25 -5 60 32 -77 -32 58 -83 -28 23 50 -44 -79 -100 34 54 -44 -10 -84 -27 82 -60 -61 28 -47 -54 76
-4 31 -84 -6 -16 95 -46 -28 -45 -51 60 -38 -95 68 56 -26 44 -19 -38 -96 72 -77 75 -3 0 53 45 -72 -78 -29 45 65 0 37 18 -98 41 81 -2 -73 -16 -45 -29 30 -61 -71 87 -97 -74 39 83 20 41 65 0 -36 24 32 83 85 49 -89 43 -97 -5 30 -88
-61 93 22 6 -28 21 14 43 93 -78 -19 77 43 4 49 -33 -3 -62 79 -34 -95 36 -60 -25 -64 -13 36 3 53 -51 -70 29 -30 78 -25 99 4 -93 -35 76 -25 72 62 -38 -19 13 97 -25 -53 -76 -50 12 -43 -42 41 32 -61 -41 -100 -34 -45 31 -40 58 18 10 -52
5 29 -54 90 -73 29 20 -99 -83 -86 -15 -56 -77 -57 37 11 -45 62 77 63 -41 -91 4 37 11 98 71 81 47 -29 -13 -59 27 33 11 35 11 38 -18 -22 -42 -84 -81 -18 -46 -16 -33 89 18 15 -87 38 -53 -73 -52 72 91 -23 -97 22 -70 78 23 33 -26 -56 -100
17 2 42 85 93 78 42 49 10 -67 -66 -47 -41 -70 -19 18 -98 -19 64 94 -52 -99 -32 -11 -19 70 -54 16 -70 29 72 -49 92 25 -87 -21 -66 -27 -75 -98 62 -53 81 82 -84 -37 10 8 62 68 88 -70 -69 10 -40 -5 94 49 47 77 86 17 67 -38 -84 -30 84
-41 -28 82 4 -89 8 13 -54 -76 9 92 -75 67 -41 41 63 24 67 58 -48 47 35 12 -19 -34 -90 -31 97 -65 17 13 -86 34 -31 -50 -97 34 -79 66 9 -34 -26 70 63 -21 -95 -44 14 -72 29 -4 -16 75 10 -10 -59 26 66 -42 0 -67 90 -78 60 -70 3 64
86 32 -87 67 -92 72 67 24 6 56 -84 -76 60 -21 -95 -88 49 38 -67 72 -50 19 66 -72 66 19 -64 -80 -31 56 74 -15 66 33 63 -96 -51 -38 -73 19 12 -21 -24 18 -86 23 71 72 -22 -40 50 73 25 16 -19 -66 -42 91 59 -9 89 36 -32 -87 98 62 21
16 -5 -68 20 94 -79 26 -60 29 -82 93 23 -55 -53 -32 -86 98 77 41 -36 -63 21 44 -69 -24 -44 -89 92 55 14 -59 -95 4 7 -34 -8 66 -21 -90 33 78 10 5 8 14 -51 -16 44 74 -22 -65 -41 -32 -90 6 96 3 75 -65 -99 -5 -73 -73 -60 59 -33 -8
76 55 -52 8 15 -60 22 -80 -37 93 -18 -1 66 -46 64 16 -42 -60 89 1 97 -41 5 13 44 -9 28 77 -82 94 29 58 -72 -44 68 -73 -50 48 -87 84 -56 78 -7 -35 74 82 64 -43 9 -68 70 -11 -49 -75 -30 66 17 -32 -51 -90 -1 -52 1 -43 -13 -95 -47
10 -26 57 2 27 -9 2 -61 -61 -35 57 -31 -90 -88 -31 78 -38 -22 68 59 61 -28 1 -61 -87 -82 -82 -78 -1 -49 48 -99 -37 54 17 44 -76 32 73 22 71 -61 -96 -69 44 -78 -86 -24 -23 66 13 15 -83 -20 31 53 72 -91 -44 56 -55 -38 -34 16 -39 32 -3
44 -34 82 -94 -79 -54 -68 -98 31 -27 -88 72 13 -80 7 79 14 68 99 -51 -5 -62 42 37 67 36 -11 86 48 -93 18 -41 44 -37 -58 22 28 -84 -49 28 76 67 10 -45 43 80 -40 -61 -7 -39 7 9 46 95 94 97 76 62 -80 38 95 -61 -75 -41 12 -94 -67
52 80 -2 -26 73 -62 4 -40 -54 36 -22 -41 57 -18 -37 33 11 28 22 41 -39 34 97 59 94 -36 -40 0 4 42 99 60 -67 -44 38 -89 94 -86 18 -71 -26 72 -100 -30 56 -24 -12 -71 -68 -16 -95 66 77 85 28 -67 -97 8 -62 -67 95 56 -2 86 -24 -16 86
-53 67 -37 20 39 70 -27 96 98 80 60 -69 -2 20 55 23 19 84 5 -74 55 17 -78 9 10 24 -59 -93 90 30 69 20 98 -73 -59 -95 -8 11 45 84 -49 35 84 -64 -70 26 -61 -79 -14 47 -37 -87 90 -69 -86 37 -8 38 42 10 71 -10 90 -14 -45 99 -71
19 -51 76 -32 -54 -96 46 -9 99 35 -17 -61 77 -8 -82 87 -12 91 13 40 22 39 -23 -67 -21 -18 -78 7 94 -56 -34 38 -79 22 -46 -36 64 39 -68 54 -3 74 59 71 68 -3 -24 -65 71 29 73 29 -3 -49 -30 -48 62 31 63 29 90 -9 1 -60 -13 43 77
75 -48 -62 99 71 52 -1 -4 96 70 96 21 93 -6 31 92 -8 88 96 73 -5 59 10 63 3 -19 97 67 35 73 -37 44 -20 57 -78 -85 -28 73 -23 -51 85 28 59 -18 -24 -27 40 97 81 -40 -23 61 21 -45 30 42 89 7 94 85 20 -45 87 -64 40 -77 47
69 13 84 66 -60 -9 12 52 -93 -39 72 -79 -18 65 -26 3 -97 -18 44 -43 63 95 -56 54 -98 14 -47 7 -64 -74 94 -96 41 -24 -10 72 2 -28 63 -84 35 -18 -61 26 -13 -49 56 86 -41 62 39 77 95 6 64 -16 -81 -94 -61 67 -99 22 -86 -41 -98 -57 77
92 -26 70 54 27 -1 73 -97 59 57 -37 -32 -62 76 70 -27 95 -54 -51 71 30 64 6 34 99 -34 -48 23 74 -19 -46 19 -26 -64 37 56 -71 55 -6 -94 44 -88 -98 -4 79 30 77 52 35 -97 -67 69 70 -16 -11 -60 -49 36 93 -3 -46 29 -57 30 86 -22 -65
36 5 -55 0 45 92 -89 -57 70 92 -50 -85 -26 8 86 -59 26 89 56 -76 74 94 -42 60 76 -65 55 40 48 -85 90 38 -68 41 8 -93 -71 -68 55 78 -91 -29 60 81 -22 48 65 37 46 6 -57 -59 -27 -47 53 -18 -67 -39 26 5 56 71 -56 65 79 91 -30
59 -52 -51 -81 -92 -31 -94 -65 94 23 -31 -27 -3 -70 47 70 -1 83 72 17 65 70 7 -33 -44 86 -88 -51 81 -91 12 16 -71 -56 44 -48 -56 -31 -38 80 -94 -49 44 28 6 -92 34 -20 50 6 -21 -15 63 -8 90 -42 -57 -15 -81 -79 93 54 67 -15 84 -29 76
9 -22 -1 -62 54 61 17 -71 -50 63 14 0 -22 -58 85 89 -34 -96 68 -37 6 -27 19 28 83 -43 -87 -14 78 20 71 20 -13 -22 74 36 42 -32 -75 -32 -69 8 78 9 24 -12 -81 -92 -89 -6 0 -24 -97 -49 67 -10 99 1 17 71 -82 -39 -37 -29 -10 25 -86
30 51 -6 -37 24 -94 98 30 -3 37 -44 54 90 -91 23 54 -47 75 76 89 47 -21 -30 27 92 50 -76 -18 -54 -39 78 -32 -7 -54 36 99 -85 83 -36 -68 36 57 12 49 12 -73 -81 -3 -8 -41 -92 -3 -43 -72 -81 72 55 -55 -75 82 81 21 -94 50 -27 -17 -83
21 -25 47 -18 -54 69 86 -82 48 34 -98 -8 92 19 62 -97 -48 33 -27 81 -88 -63 -36 2 30 64 -7 -77 -23 18 41 -43 -7 61 54 41 63 73 -55 -39 43 -60 82 -4 5 35 6 -90 -8 43 -64 -2 -93 -15 27 -75 10 70 78 -44 93 -56 25 36 -64 -83 -33
-93 11 97 -83 -74 42 97 18 -6 31 -88 39 40 -90 -29 -15 -39 82 49 -91 61 86 61 83 42 47 -26 62 -37 -56 70 91 -41 13 58 -64 -76 69 26 39 99 98 -46 2 -99 -54 56 97 -65 27 15 42 66 74 83 -79 31 13 -35 -63 9 66 -62 -95 18 -73 79
66 -5 28 -97 -88 -2 -98 -95 -73 -74 -43 -77 -80 66 -32 -60 52 29 71 41 16 50 -95 14 25 38 -1 87 -6 54 8 -17 60 -61 7 56 46 -77 35 76 -35 10 77 53 -91 -23 55 48 -16 -3 -45 -81 95 3 -71 14 -73 -21 -11 6 86 10 -56 97 -74 53 46
-35 88 18 89 -83 29 -55 -4 75 -71 4 -86 3 -55 83 87 92 -74 -93 95 -32 -69 -17 -2 71 -20 79 24 -82 -1 -72 -6 30 31 -60 88 -54 54 84 80 8 51 91 95 68 -3 21 11 90 23 24 9 -53 20 34 32 41 -84 27 30 46 -64 -84 -79 -62 2 56
88 20 33 -30 51 -77 84 63 -48 12 -76 -18 56 23 -1 61 -87 -10 -38 77 -11 -66 -89 -32 51 -47 -48 98 45 98 42 79 -87 -6 -51 -85 -28 11 -85 -8 68 44 39 -77 92 92 81 -33 -90 -94 -9 -49 -60 -52 21 62 -65 -90 -48 49 28 -66 -73 63 84 -34 11
-80 26 17 -63 20 -5 66 -58 69 81 -15 34 8 -64 -57 -80 56 -91 -28 -59 44 35 63 -1 -95 24 62 -56 -53 87 -34 -85 -16 47 37 -50 -91 13 -74 24 69 -75 -26 -35 55 63 -83 64 -80 -64 78 8 -6 61 -46 14 -69 -41 -87 -82 40 -92 -5 84 99 -54 23
-7 -38 -62 -62 -98 -29 82 18 -48 61 59 -21 -11 -32 -92 -38 -35 72 -1 -32 -27 86 83 73 16 -32 97 -43 63 -15 -45 -89 -85 28 18 20 79 13 23 -2 -85 57 -76 -14 -17 -17 99 -65 -67 -17 -41 57 11 26 -45 -84 47 1 40 60 -77 59 50 -44 3 98 29
-42 20 -35 -68 -21 -48 83 58 -69 -1 46 -75 -2 -64 -26 87 76 -80 32 87 99 90 86 -49 79 89 64 -41 -65 -78 44 19 -58 12 -78 -88 78 60 27 61 -92 -27 -36 56 40 -27 -27 94 51 -82 -17 6 -98 2 -84 80 32 80 73 26 80 39 82 -68 -68 0 -91
-51 2 18 -46 -3 -19 -64 -95 -59 -5 -83 84 -77 76 74 15 -46 -43 79 93 74 -3 -95 -83 -92 39 99 -27 8 -6 -80 -19 74 78 7 71 -5 88 8 69 -84 -41 -17 -76 -16 -16 23 96 -46 15 56 1 45 31 -37 92 -53 -52 85 -44 -8 -41 -5 82 71 -87 86
2 85 -69 -33 -87 93 -90 92 -44 52 -25 83 -45 -18 13 46 -2 -95 54 -25 54 32 94 -42 47 -46 -70 -22 -44 5 76 85 44 60 -80 -86 -76 73 14 -29 -83 -1 -80 -34 15 -41 79 32 -10 -3 -38 -43 -12 36 55 -18 -57 72 12 -60 76 -46 -17 -60 -92 17 -3
-92 -82 -34 57 -75 -74 97 61 9 61 -77 -11 39 -40 99 -86 12 5 45 -43 28 -85 80 -51 -86 -31 47 -62 -100 50 -22 10 99 -96 70 77 -39 -57 -14 -92 4 -29 27 39 66 -99 -13 -89 -99 -87 -35 -15 -55 -85 52 52 -13 -100 -36 -67 -51 -97 -63 -23 -73 -79 95
-70 32 -56 2 -26 -98 19 7 -51 -46 19 67 89 -89 81 -54 2 20 8 90 -61 72 -13 98 -57 14 10 -83 -15 89 33 35 -70 -38 -86 81 11 -57 77 16 54 14 -68 12 -48 83 -28 -10 2 14 65 -4 -8 -95 48 -9 33 96 -37 -27 57 73 -31 65 -61 -18 -84
-40 -61 -39 71 52 11 71 -64 30 -92 -16 -22 48 55 31 -26 73 -100 13 27 36 -12 -30 -37 -37 18 -42 -48 -24 79 -3 -9 69 46 42 -37 -99 -68 85 70 90 68 39 84 -49 91 -59 64 -15 55 12 -38 -94 -91 -83 89 38 68 81 30 10 -84 54 25 -23 59 98
-95 25 -55 23 86 62 50 96 40 -19 -12 35 77 -100 -47 47 23 24 -81 -40 29 86 -97 33 52 22 75 74 84 -51 -93 2 -89 74 33 30 80 83 68 58 -79 -31 -86 31 -64 -86 -78 46 -94 61 97 28 55 91 -6 -1 -79 84 67 16 -24 15 -42 -87 -9 -25 -34
89 61 -46 11 -42 -36 -5 -9 -70 -98 91 65 -31 -71 -93 2 -7 80 5 47 -45 -27 -84 -10 49 -45 -95 12 -15 -15 7 -34 57 -20 41 -97 -21 35 19 89 35 -79 95 -49 -42 -50 -71 51 -34 95 76 36 -4 -96 54 58 -51 87 49 -91 55 -13 -100 42 -35 69 -54
-97 66 61 -15 -94 27 -88 54 -12 88 -88 47 -20 -36 37 56 42 -86 -93 50 -24 -69 -52 73 24 93 63 29 58 86 -64 -36 -92 -14 -69 21 16 25 75 -40 -48 -83 -8 61 45 -86 -79 90 -24 54 -35 -96 32 19 -40 -96 -98 -13 -68 -14 -74 -100 -98 95 55 -68 59
-64 -45 22 -13 -59 91 -35 -75 -77 53 81 -61 -8 -40 88 62 0 2 -89 -11 -98 -9 -48 -21 -21 -51 -42 -33 98 -90 -81 -41 -16 -59 -14 39 22 20 41 7 97 -66 72 -5 75 49 -25 71 -61 -50 76 -86 -77 75 -75 -86 64 16 -11 -63 7 -86 -12 71 -26 -19 92
96 25 93 -55 -34 63 -66 -96 -62 84 98 -100 95 63 -77 29 -8 -42 -22 2 -20 81 -65 -40 38 45 42 67 -38 -5 98 -12 36 -24 -68 -100 -45 21 22 -71 63 -7 36 6 -65 -26 90 -80 54 65 -13 -66 -26 -50 66 48 -35 -60 8 11 -40 -51 -27 -69 -83 -71 -70
-45 -11 -53 -82 42 42 -84 -73 94 -51 14 -61 -91 -52 -4 32 97 -6 -56 57 -68 -33 84 26 -67 -79 -74 -98 -15 -93 70 14 14 13 -95 -3 -53 -76 -77 -30 84 91 -87 14 -3 -70 -27 -25 93 31 13 76 5 -38 -99 49 32 -66 92 5 53 84 21 18 -29 -71 72
53 22 36 24 39 -73 -87 45 -93 -8 -31 13 17 79 37 -42 42 -38 88 48 -67 37 77 1 -15 48 74 0 44 -51 -29 70 -68 48 -46 58 4 -8 -11 -60 33 -91 -88 4 29 -30 93 -100 28 -92 -79 -53 -98 -5 25 84 68 -46 12 -74 61 90 3 13 3 20 -74
-71 10 -26 -71 69 -7 68 -16 -6 -83 3 -26 -67 -70 -45 52 -49 83 83 15 -76 -36 -38 11 47 -19 27 -89 -13 50 -1 17 -92 -31 -6 -4 23 76 -97 -81 -64 55 77 48 11 60 22 49 -83 -91 -35 -23 -45 2 8 -2 -53 12 -81 -87 2 81 28 35 -67 65 -5
87 76 -81 -52 -33 -92 93 -90 84 61 49 -98 -8 -5 -20 96 38 88 -98 -3 -59 -94 -62 15 89 8 87 -15 -38 -29 49 10 -7 -85 85 -53 88 -40 45 14 -63 -70 -13 26 -94 3 -32 21 -81 -13 -1 -87 24 -28 38 -46 77 15 -51 -10 64 22 11 30 -70 12 21
85 16 -30 95 22 63 -20 -24 -29 -42 59 -87 43 35 -4 -17 75 72 57 -95 65 15 6 -100 -27 -84 22 77 72 -22 -49 -74 89 -31 52 -99 62 47 90 -23 -16 -68 45 -41 -77 -70 43 -36 -20 -44 73 59 -29 30 -83 89 99 -98 -100 8 40 -86 36 -15 56 74 -83
21 13 95 84 -98 -46 85 -24 -15 12 -92 -96 39 -37 93 -36 28 81 83 -100 -9 -54 -9 -10 36 -3 -63 -84 6 -6 68 -28 49 84 50 -94 15 -55 55 99 -24 87 -30 -61 56 -63 41 -94 76 99 -75 -13 -35 98 -10 85 96 64 48 -75 -19 -82 -66 -5 -49 -94 -91
-20 3 -76 -43 -72 84 44 11 53 -82 -82 42 -60 34 48 36 26 -14 43 20 18 -74 -48 -99 -56 21 13 -32 -39 -72 64 2 -54 35 36 -84 6 -35 74 -80 4 -85 -71 80 8 8 -88 -40 17 55 -20 79 -85 -100 30 -46 6 -72 -90 75 -58 83 -26 -48 92 71 32
6 13 -53 89 47 98 21 -62 -86 16 -100 -99 34 40 -12 45 -87 1 -69 -79 55 -11 84 -22 -27 -22 26 67 -57 58 55 73 74 -43 -11 -70 74 21 -35 19 -48 34 23 -91 89 55 25 -81 10 -27 -37 10 10 54 -70 -7 57 -59 67 39 88 -4 51 54 17 46 60
-11 -95 -90 -5 49 -22 -32 -48 -8 54 -89 54 -46 -32 86 83 -64 61 50 -78 -62 68 -33 -49 -61 -38 43 43 -16 -63 24 -39 17 10 86 47 -49 88 88 73 63 47 -2 -14 77 -67 -69 -91 -35 72 0 -60 37 -8 -8 30 -25 -34 -83 -66 -90 -43 27 -71 -73 -81 -52
73 51 91 -36 -32 57 54 93 -82 89 96 -2 -1 -50 -95 79 47 -77 -76 -47 -8 -22 -70 84 -19 -47 66 32 -25 -49 -9 47 16 85 -93 27 94 -97 19 -11 3 29 58 -26 -54 69 -86 49 60 36 72 48 -76 5 80 94 96 41 42 5 42 -88 -21 49 37 30 62
-19 75 17 12 -76 6 82 -70 -85 14 -6 19 -19 51 87 -43 -90 -12 -64 -96 -19 7 -59 68 19 -55 58 -38 1 16 69 70 -78 39 6 3 -76 -78 -97 -64 -27 67 -84 -38 -69 44 29 10 -60 78 -62 48 87 -71 -34 8 11 -99 62 52 -65 -47 92 -86 50 50 71
88 92 -10 21 13 -100 -24 52 17 -29 -17 -74 39 0 -5 -61 -78 14 -64 -37 -97 -21 -2 52 -14 -69 -33 96 27 93 75 67 89 -85 73 -60 7 -88 79 -22 55 -11 -5 9 -67 -12 -93 92 -3 -95 -22 -75 -96 -75 28 -85 -6 -19 68 -12 -81 83 19 -93 24 -69 -12
-29 -23 -39 86 -75 69 -47 34 22 -45 30 53 5 74 -80 -32 83 11 16 -18 -4 39 -35 14 45 -23 -20 -78 95 -92 91 71 67 24 95 -26 -51 17 15 66 14 17 56 43 77 -56 -30 34 -26 65 83 94 -74 -26 75 -50 22 -66 -56 -40 -74 -18 -69 10 19 -34 -38
-41 -37 21 -57 84 9 8 -7 19 -35 31 -87 24 14 -16 88 -6 34 17 -81 44 45 -32 -97 -19 -16 -19 99 44 60 26 74 -8 71 -7 -47 -72 70 -41 33 -2 -84 -48 -76 73 -14 -61 30 19 -32 79 90 80 -86 -66 -86 0 14 -31 -5 7 -3 44 80 -37 32 -92
46 93 70 -18 32 -36 67 17 27 -98 19 -65 37 9 -1 0 58 65 6 64 -33 -62 80 -94 99 9 -89 -99 -46 94 -33 70 -68 -35 -16 -99 -18 -27 -86 -100 -73 87 48 62 -99 -93 -9 -19 80 24 1 7 88 84 -27 -87 43 19 58 -76 42 -86 84 -89 76 -58 -99
-51 -29 80 -24 -31 78 -12 -54 -49 -50 59 33 -51 29 -98 90 82 -37 27 -26 37 -29 -75 -35 -47 -82 87 -18 24 -41 -87 -20 5 55 46 29 87 -15 21 32 83 8 47 69 64 87 64 -30 -7 -54 2 -78 -9 -20 -66 -64 37 -40 -19 -83 64 -61 22 54 -74 -46 -96
-94 78 32 18 59 -55 35 56 34 -57 -72 -39 -56 53 91 -64 -54 -91 44 8 -20 71 39 -37 -62 79 -38 28 99 15 20 51 -1 94 -44 98 26 -95 -81 -26 89 33 -33 32 -43 -83 -48 -100 -2 -7 92 -7 49 -73 -6 42 -51 -18 19 13 -38 -16 5 26 -45 16 -61
38 38 -61 -83 -39 50 -90 3 -100 -40 57 -56 31 21 -61 -3 -46 -33 -42 99 -38 13 43 -83 -89 -68 57 62 36 15 51 -17 30 39 8 83 -56 -76 -57 22 78 -86 17 19 -95 -17 1 -51 -53 -68 58 57 35 -53 65 50 43 72 -93 69 -80 -94 -97 -34 -14 -20 -89
2 -11 7 -37 87 94 19 -74 25 66 78 29 -42 12 51 70 4 45 30 -59 -47 17 87 45 11 95 -83 5 -78 73 -10 -72 -37 62 -76 -38 46 -68 -86 -80 10 -39 -49 71 -25 -28 -30 -57 -92 -24 -73 -71 50 57 -48 31 -63 9 56 -52 -38 13 -100 52 -20 -100 19
28 27 64 48 45 22 8 77 -3 71 -92 41 -57 -95 51 -35 -20 45 -54 52 -30 -11 14 -6 20 -19 -60 -49 50 -25 78 -37 -22 -58 -55 -92 95 5 61 -83 -87 -64 53 -38 45 27 63 57 -25 90 -50 -85 77 17 -2 -12 37 93 -49 -74 -30 26 -26 -51 19 -81 -48
-9 -91 39 -23 -6 -54 -31 93 98 2 -94 -60 43 -47 -47 -13 -28 -88 -4 88 53 -56 -79 22 -54 -27 -49 34 -72 -72 -34 -51 0 -65 -100 -84 18 -79 -78 -36 27 76 -26 -54 -46 50 -14 98 64 -20 -99 77 30 45 9 -47 -93 26 29 -92 -91 -1 11 16 -88 -66 -36
-58 -43 -75 -5 60 -35 13 -40 -48 7 -70 22 42 -98 64 46 -35 -50 74 -19 95 -88 -87 -92 82 92 -69 -41 25 -90 -55 -24 86 -27 38 36 59 -32 -99 -74 -72 49 -46 -93 -3 -90 92 -98 -48 -34 -7 -91 -15 -94 26 -36 12 -4 -55 -32 63 -13 -15 38 85 79 36
77 26 67 2 2 80 49 73 42 97 50 -64 -91 -90 -43 57 -15 -17 72 38 -91 92 5 59 -25 -60 -25 -84 -72 -53 -83 24 -2 -23 -66 30 -54 -79 62 -97 -28 -40 56 -51 75 47 60 -14 -23 1 3 -36 -81 17 89 -48 5 -50 -87 44 -52 -88 -49 33 96 -48 -86
73 -48 99 41 21 -41 24 72 58 -64 -62 67 -43 -58 -33 98 -67 -30 -14 -91 64 56 -58 -86 88 4 28 37 55 -87 7 -73 -71 10 62 26 98 -51 -55 83 -96 -36 32 -39 81 14 33 62 -16 -98 -32 84 -68 50 83 33 9 -1 -25 86 -53 -22 53 -68 -88 -54 33
-88 -34 -100 5 -55 6 -73 -87 -49 23 10 -66 78 -35 -77 35 -45 51 -78 63 31 -50 -100 -96 34 92 68 20 98 78 47 -67 -45 -46 -10 66 57 60 -38 -67 -100 -51 67 31 -69 -60 -63 -6 93 -19 87 -80 43 63 77 40 42 67 5 26 32 25 -64 91 69 -51 42
-86 -76 -94 67 83 65 -83 31 -36 85 -18 17 -41 -16 -94 -21 -48 46 77 -71 71 94 -90 -1 71 -17 35 -33 0 19 -65 64 19 -7 1 43 -11 -43 47 -64 -35 -93 10 65 8 12 43 13 37 56 -97 56 93 -35 23 -64 -19 38 99 27 63 -64 -8 -56 70 -15 72
-45 -87 49 -47 29 81 -26 -80 51 62 -86 -33 85 -25 64 -75 -78 -63 -80 69 26 67 30 18 -68 15 2 -39 -46 10 59 31 1 88 -67 13 5 50 -99 -79 -91 73 -78 15 -93 88 -1 -57 23 37 14 -63 20 -80 95 39 -30 -73 57 41 -18 73 -16 63 -57 81 -40
-70 -22 62 49 -4 73 65 19 -14 -57 14 68 -66 23 31 -72 -54 -11 93 -56 -46 53 8 -66 -71 -36 73 -64 -97 44 -98 -93 -63 75 -10 81 -55 -59 -66 -50 8 -31 83 -16 17 50 24 -67 -24 -17 -14 -38 67 -99 -62 89 -16 84 -21 -70 -9 31 -42 5 -39 -96 98
-98 -23 -85 39 50 1 -55 69 -70 -7 64 -72 -42 36 73 23 -92 91 59 -35 1 22 78 15 22 -17 98 24 79 90 -7 2 24 11 -78 85 -56 -50 79 -91 -29 -28 26 22 19 93 -61 11 47 -47 -59 41 -26 27 -6 -75 45 48 4 85 40 76 14 -67 -98 79 58
72 48 -2 -4 -46 -29 76 -74 -44 59 11 -51 -88 -78 -43 92 85 -30 40 64 -99 -65 -38 5 -75 -39 96 -41 84 -72 -75 -46 8 1 -46 -66 -90 73 41 21 -16 79 -82 -17 -92 78 -48 25 90 -62 -36 -63 94 -60 -53 61 63 -63 -11 -100 -73 40 70 36 -99 -69 16
-50 -65 93 41 -64 59 -98 -65 -63 32 -61 33 -86 -16 57 -1 75 73 74 -27 92 61 -47 92 -43 -10 75 -87 63 30 64 -86 -51 -58 -48 70 -43 77 41 -59 60 -60 32 -64 -95 63 -43 -30 24 -74 68 15 -46 -59 -79 -100 2 -79 52 -33 -36 12 -27 40 49 -5 82
