99 83
-97 16 -90 71 93 14 4 63 62 -36 78 61 -80 2 -33 -96 -96 69 -12 88 -39 87 25 31 -3 -56 -12 78 -14 93 74 21 17 -71 32 -45 99 26 53 -81 53 -67 15 6 6 -4 83 -18 63 -81 -87 42 -70 -95 71 -57 -75 -60 -52 -2 9 -41 40 -84 -66 47 19 -98 34 -20 -77 -95 2 86 -6 8 40 -17 22 79 77 -69 99
-40 32 -99 -74 -92 -88 3 -69 77 71 -74 58 -15 -1 99 45 81 57 61 86 -69 4 30 54 69 11 19 1 67 -13 80 8 66 11 -68 -58 -82 -4 70 -80 -39 -5 40 -89 5 -20 -61 -32 12 65 -4 14 -90 12 -3 21 43 50 39 34 57 88 -98 90 8 -14 -67 -24 4 73 -28 11 -21 -51 63 47 -80 -100 -15 -6 -33 66 -7
74 89 1 84 -66 2 58 59 -62 -6 -99 62 -57 -15 -50 16 42 -97 -31 -99 52 -85 -26 -70 50 -23 -24 84 13 73 -29 4 4 -74 -60 -55 81 76 14 71 -6 62 2 -81 -55 -17 70 -58 30 -49 -7 -54 -93 40 -82 90 32 -38 79 -59 -40 75 68 94 -29 -61 21 -97 -34 -56 36 12 48 45 -74 -71 -73 8 19 -90 -14 -12 83
-47 -80 44 68 -99 -95 -39 74 59 -45 -26 -82 38 8 89 -77 99 -59 37 -84 96 46 -34 65 -28 65 53 -20 -32 96 -75 -33 69 51 -99 89 70 -19 63 49 -66 -99 -80 57 21 -87 -64 -82 -89 -26 44 87 54 -69 51 69 -39 -82 30 42 77 39 44 61 -37 44 44 -20 10 4 -4 11 -9 16 -47 92 41 -49 48 39 74 17 37
-11 -13 47 26 -57 -33 96 3 -67 -60 31 -41 -93 37 -77 -79 22 51 -81 -9 32 -52 67 -69 40 77 18 57 38 84 71 -24 -99 -87 -63 92 -46 -9 -42 -77 -44 37 -17 -9 -28 50 64 67 31 64 -4 -54 -63 88 -66 -68 93 46 11 2 26 -66 -18 4 80 -73 75 81 20 -40 8 31 55 96 41 -4 78 -6 -44 -28 -2 65 -20
99 -90 -48 17 21 -86 -18 56 -76 -28 -89 15 -77 53 -66 -100 33 85 98 71 -17 -16 22 -84 -35 -62 86 37 10 -45 -49 -56 -13 -10 46 29 -18 7 -4 83 -65 99 32 19 -85 -43 53 20 -45 22 -11 17 91 -4 -2 -48 -36 23 5 29 78 -24 -71 -10 -46 42 65 32 55 85 -24 -86 -85 -40 -65 -48 -11 -32 12 -61 57 23 -54
31 19 30 -15 -11 23 29 23 34 56 74 47 -8 -88 -79 -95 -29 -72 -100 -77 -57 16 27 30 -72 33 69 51 -7 -15 -65 -24 -15 -49 -12 54 35 79 -26 45 6 80 36 -94 85 76 -28 87 7 -88 -53 -21 -40 21 -37 -19 73 95 84 -77 87 92 -97 -17 32 22 -50 -43 -69 68 -32 -34 -89 38 -77 9 -28 0 67 -6 -86 -95 59
-29 55 -76 57 -86 29 -98 46 -77 19 -71 22 -72 34 25 -27 22 -85 -66 43 -22 -65 -31 -94 44 87 2 29 -30 85 89 43 64 -85 83 -12 87 -45 7 27 28 -74 -78 -83 -94 -55 -64 17 90 92 20 56 2 -91 2 -9 -93 -3 75 10 88 -39 -32 -84 4 -4 -5 -75 -85 59 82 74 -12 41 93 99 -67 27 51 -15 -88 -1 -24
-41 -83 49 -15 -70 -25 -66 -85 20 83 -35 0 -67 -50 82 91 27 79 92 -17 -28 37 -6 75 -95 -38 -70 -15 86 -16 -62 -16 -81 99 83 -50 -19 -65 -38 17 56 -85 0 -8 -9 -97 -75 77 79 18 32 54 17 -49 82 -100 63 32 -51 44 -97 -85 -57 -99 0 20 59 -48 5 84 -87 -17 9 9 -44 -25 -6 -90 45 55 56 -68 62
-10 -25 80 -62 -64 -44 15 -5 82 29 56 -84 14 -44 -55 -95 97 76 -3 83 51 -44 84 -64 30 85 -37 -78 -61 55 85 86 -23 57 -6 89 23 -40 -56 30 -60 -41 39 -45 53 64 -31 -3 -89 74 98 64 94 4 84 -76 93 17 -2 -92 -65 -68 70 57 -51 77 -99 94 -32 76 -54 -35 50 -66 41 59 80 -41 13 31 -93 -49 51
-80 88 79 -46 88 20 -19 96 -85 -5 -98 70 -59 -37 60 55 51 85 -40 77 56 -76 66 13 91 -72 31 92 79 85 33 1 76 80 -67 60 44 18 -22 -48 24 -31 -34 -66 -13 -5 69 58 47 52 -76 -47 47 65 74 -13 -51 69 96 86 -67 -3 -77 3 -78 88 -56 69 -40 -15 15 -66 81 47 19 36 -5 -60 -23 53 10 -11 6
-81 58 -6 -82 -92 -40 -25 27 99 34 -86 27 57 51 30 -59 -62 -52 -1 5 59 95 -49 14 -86 46 48 -41 97 -4 18 -63 -18 65 87 -96 30 84 54 56 36 36 -3 -38 44 -48 -5 -82 -11 72 29 3 54 -53 -89 -42 0 2 53 -96 -75 61 -70 67 -57 -12 -96 -99 20 49 -47 -98 88 77 -41 -49 83 79 -89 -45 69 12 -37
-93 -9 43 55 52 20 -23 12 -29 -87 93 -84 -27 64 -36 93 96 19 47 -78 -90 -17 43 94 -77 46 -78 -62 -76 90 -72 8 50 55 25 -47 -80 -72 -71 -3 -7 21 44 9 22 4 -57 54 -25 21 -66 -57 -17 -30 72 -78 -51 -90 0 -93 -80 -11 -67 -74 10 5 68 -60 73 -92 -60 71 -22 82 -30 9 70 80 30 74 -62 57 -98
41 -54 64 -54 -51 -26 66 96 -76 95 -35 -15 -5 -29 81 43 -9 -81 70 96 -84 -91 -89 87 20 -65 -58 42 -6 -78 71 72 39 -50 -95 67 -3 -83 18 -36 -77 -6 -86 -42 16 -44 36 24 -53 51 -80 -89 98 -61 -68 -20 -55 87 29 9 6 71 24 66 35 68 -35 82 11 3 79 -13 81 17 -75 42 -91 -66 -3 -54 56 -43 57
72 -94 67 50 63 66 22 77 -51 -74 -96 -53 69 -77 -68 -59 -41 23 0 8 -19 -59 -45 -19 79 -86 41 -28 -87 -66 44 -54 19 12 94 -24 -79 -43 61 55 -43 17 -18 56 2 72 -3 25 42 49 -53 -27 26 -47 25 -38 -77 -10 -76 -87 93 -100 49 42 40 -56 99 71 67 3 -85 17 80 33 -64 40 -17 -46 -25 71 -37 25 92
-42 2 99 98 -59 -56 50 71 85 22 43 -4 -71 39 13 35 5 -52 -76 17 -10 48 -52 -57 -30 94 9 4 97 98 -58 -75 -44 -43 69 39 53 -3 -73 75 95 -36 -44 -68 88 -64 -43 -42 60 -61 39 95 51 -28 51 82 -74 54 -19 9 -58 -25 9 -61 70 67 -51 -33 -38 82 -61 40 64 -81 -67 97 -75 99 -74 67 -69 90 -90
28 82 76 -42 10 -67 6 -19 -23 -18 -62 90 73 -83 12 35 27 -75 -49 -10 -59 55 -80 6 21 10 -88 25 -62 -45 8 31 -7 18 -96 -35 55 30 -64 -38 -86 82 11 1 37 -9 33 25 -45 28 4 42 59 12 93 -23 -11 -25 7 -19 -83 83 68 99 -83 28 -88 23 88 -71 -45 44 52 -63 2 -90 79 30 -96 -50 -58 -46 89
37 -46 55 -97 84 -85 -21 -31 -92 57 -93 -88 82 57 39 76 -27 85 -73 -25 -53 16 36 -32 40 -72 -14 66 -55 -27 -92 6 40 -48 17 -89 -31 -1 6 60 36 57 36 -85 20 -43 75 84 -97 0 -42 -28 -33 54 97 -53 33 80 -15 -72 19 87 -68 99 -29 64 9 43 -26 33 72 25 87 83 52 13 -16 -80 -80 72 61 54 9
90 31 -67 66 60 -17 -58 69 -8 -20 -19 -79 32 -2 32 -49 93 -84 0 -78 97 27 -89 86 14 87 -62 87 64 -25 50 5 -63 -28 -50 -17 12 -61 -5 -10 -68 -60 78 3 -83 81 9 12 51 42 -60 59 19 -48 94 -57 86 9 29 -17 93 -3 26 52 89 -42 56 -50 -14 5 -42 74 83 -54 91 67 -85 -5 -46 -97 -57 42 -82
83 -18 72 56 -23 -98 -66 -2 -88 45 30 94 -99 18 29 -4 65 -83 -36 -40 99 12 87 -13 -72 32 6 4 -88 56 -62 54 -45 -36 18 60 -85 92 14 48 35 -46 -69 -89 48 -36 -7 33 -48 -9 -7 -96 49 57 -52 95 -70 62 -72 -2 -25 78 -77 -5 -71 -44 -59 -54 -99 25 73 96 47 34 44 5 -34 64 -7 96 -71 39 -11
63 -46 17 23 -1 82 -21 65 -15 37 32 61 -58 -8 -3 -22 28 88 70 38 25 -68 87 33 -57 6 20 79 -71 14 -91 94 -43 24 -44 -64 -94 15 73 43 -12 90 -64 -48 22 85 -55 -79 -8 -93 89 70 -63 -61 -9 -23 70 32 -62 1 -29 14 96 44 41 -22 -94 89 49 25 47 -99 -64 68 -91 -5 20 -14 39 -23 -2 -2 -20
-31 -40 11 76 -50 -31 85 48 80 86 34 50 -7 -20 81 -69 -88 83 -63 -44 70 -99 53 -97 -32 -25 94 63 -20 15 18 -59 71 -89 52 -11 6 -71 84 56 -60 60 -95 98 -53 13 43 95 46 89 -98 -62 -1 26 68 -34 -59 88 -62 -79 -56 18 30 -34 16 -66 95 -78 -14 -83 93 56 -92 2 -77 17 -100 85 -13 -10 -36 -29 32
-56 24 64 17 -85 -37 47 77 -67 -26 57 -54 -51 43 92 35 18 -46 70 89 50 82 -85 40 -67 -70 -85 -58 -88 39 56 -97 -26 33 38 -51 -36 82 -69 63 -68 -10 -79 55 52 65 10 24 71 -42 36 -9 -67 60 -43 9 87 38 32 54 54 90 96 52 -20 1 85 55 58 81 45 -56 -100 -96 -92 -12 98 98 -65 -18 88 -67 -66
63 -31 -21 -24 5 71 7 35 -54 6 -5 -100 -26 58 90 -92 8 78 82 -52 -39 38 76 90 89 47 -74 4 86 93 0 -44 18 54 79 45 4 -74 47 -67 82 -7 44 36 30 -8 -86 -76 54 -66 11 -7 -15 90 57 -22 -50 -77 37 81 -57 -9 -33 40 -25 12 -97 -4 71 -62 -20 -58 -89 72 91 -41 -93 78 42 20 -77 -29 61
-77 80 57 80 -75 4 46 86 -51 -46 4 -70 23 -66 -93 -3 -52 37 12 -49 85 88 -71 -71 -82 53 28 -6 -74 87 -2 96 35 -25 81 -31 -77 -70 72 -29 -16 -19 -99 1 60 39 27 -25 14 -42 37 -72 91 13 22 85 -16 12 -29 -55 -25 -40 22 83 89 21 60 -36 -93 -15 -79 -14 -77 82 34 -52 37 -85 -100 -42 -39 -13 -53
-41 31 -33 70 -39 86 -79 49 -79 -87 72 50 -40 -36 -30 33 -39 -51 72 -87 -100 54 -23 -92 26 18 -7 46 66 -18 -29 -40 51 50 -59 88 -77 -88 -85 55 -64 -76 62 -44 -67 -4 -33 95 39 35 -65 0 49 -40 -56 -31 -60 -92 -15 57 59 28 -18 43 94 -100 -65 -34 44 69 -14 -66 -9 -1 -85 -21 11 19 -85 88 -32 82 -66
-1 -96 -54 -39 -13 50 -13 84 86 96 -60 61 12 -2 -60 -67 -17 -68 -75 -41 -28 6 3 94 87 10 46 -18 35 34 -76 6 92 -22 -92 -36 8 -28 70 89 51 10 -18 -65 -70 28 -30 -8 91 -69 74 17 11 53 8 39 -48 10 -8 64 8 -90 97 30 -71 16 -67 15 98 -31 86 81 41 -30 41 -68 47 -32 63 15 -30 -79 -71
72 -94 91 61 -97 -26 -70 55 50 95 91 -23 -34 -12 0 -3 44 -32 -5 34 82 41 77 -34 -28 58 -79 3 51 68 21 -35 -35 -8 33 50 -20 89 -4 27 59 0 -77 83 -81 -81 -86 37 3 -87 56 -45 -34 66 -26 -76 72 -93 -23 -59 27 -71 -48 76 63 -73 80 -32 49 -71 62 -11 4 11 -60 39 -96 32 -16 77 74 79 -55
64 76 -69 4 44 -25 -78 46 -90 79 65 2 -50 30 -58 -50 -49 27 94 -39 -19 60 -40 95 46 -87 73 0 -68 -29 25 6 50 -59 54 46 -91 -14 48 89 77 23 -12 67 -68 90 -43 -21 -26 -52 80 21 98 27 -33 60 -56 19 17 -44 11 61 -73 39 9 96 -86 85 -72 -96 -61 26 -13 -44 -93 43 -74 -36 4 -71 54 51 -49
-87 28 -95 64 27 -20 -28 72 -14 9 49 9 27 76 -11 -9 41 -100 57 -60 88 56 13 -4 -39 -13 99 99 -58 14 -40 -28 7 -83 -49 67 43 43 -1 -19 -45 15 61 -89 43 -37 -51 28 2 -86 69 -29 -99 11 -86 96 -73 99 -96 74 19 -49 -60 -67 77 -70 20 73 -26 92 41 18 -98 -28 20 89 -89 88 79 -61 96 -14 -75
73 39 -84 52 48 11 72 50 41 8 -95 -66 -36 36 62 -8 -72 -30 32 -20 22 69 -14 11 47 -57 -24 -5 99 50 83 -64 -100 31 44 2 90 -10 -33 33 65 -83 -13 -2 23 -4 -73 12 -70 -96 39 79 -71 -34 14 -20 -94 35 -74 25 -84 98 70 -58 22 -43 11 -52 -8 -25 43 -51 -80 34 -82 -35 -64 -92 -67 -17 53 -32 -72
-53 -20 -94 -94 -66 -32 -93 -56 42 -1 -58 -70 48 -11 -79 1 19 25 -16 74 -81 -97 70 -79 -86 -74 94 -23 -95 27 -94 59 -34 -27 73 38 9 18 -74 -90 -3 -14 -81 40 -19 -93 43 -92 22 -44 -33 -68 -74 23 -77 -67 -67 80 8 -53 -93 27 -19 97 3 45 -13 41 70 57 -83 -87 51 -82 4 -33 -67 55 -38 39 45 -77 45
-22 -86 70 -25 -39 -9 24 -21 -78 76 76 -54 -86 63 -36 71 36 -60 67 24 81 10 -69 -89 -32 25 1 -25 64 49 -11 -22 28 -76 54 -38 54 -66 77 -65 71 -4 16 -63 -11 -100 -69 -81 70 -93 -86 -57 -51 60 -70 -82 91 -97 -8 -38 -97 -87 -78 -74 25 -13 61 -90 35 53 -41 76 -79 -52 -98 -54 43 -87 40 -7 80 52 45
57 94 33 49 -22 7 -54 94 -45 13 53 -14 -47 66 -33 -35 26 65 81 86 -94 89 34 -26 -51 3 -26 93 -74 -6 -82 -45 -64 -69 -1 26 -21 -19 55 50 -22 26 69 77 26 -26 89 21 -59 -16 68 -54 -72 -17 -7 -16 9 70 76 16 86 27 41 -42 34 53 80 91 -23 -4 32 92 -34 77 -94 59 18 30 -32 -4 -64 -65 37
19 -81 34 86 68 -56 20 -54 -93 -88 92 -10 13 -72 -45 -92 46 99 -67 -100 60 48 15 -85 60 33 -63 20 44 -53 -97 93 89 -9 98 -61 -54 88 36 96 60 14 84 -77 32 -54 46 89 -46 11 23 52 51 -96 -9 65 40 -49 56 85 -100 62 47 82 36 -8 56 -97 18 66 7 -18 -99 -98 -4 99 39 72 38 -55 46 -25 59
-34 -97 -34 -34 -70 -8 -84 -93 -100 12 24 -32 -2 -91 73 44 58 -99 86 -36 69 -11 25 -93 -37 74 -95 82 -93 52 32 56 92 41 -46 76 -64 74 -89 65 -72 -20 -5 -31 -55 50 92 -11 -19 25 43 -20 37 -84 -65 -46 -3 97 -66 -94 -80 67 86 55 -66 73 -29 -40 -85 -88 25 -37 -70 84 21 3 -95 -59 -65 44 -57 7 -45
30 -60 -62 -16 0 72 44 -65 80 71 19 -88 -80 58 56 -21 35 -23 -40 11 56 57 -44 71 53 72 -12 67 16 41 8 -44 3 -20 -89 99 -2 -76 3 68 -23 -8 68 -8 -30 -6 -44 88 -44 -52 -92 -38 -71 61 -91 1 -48 86 -63 -16 -94 33 74 -33 90 68 -77 -95 -76 50 14 13 80 27 70 -60 -50 -98 31 -69 -13 -4 42
9 85 -18 -99 -86 68 -39 26 54 -62 -23 -33 -4 60 28 62 35 -23 -95 94 -94 -21 1 -15 -59 -37 -4 47 -77 66 31 84 15 85 61 45 -92 -24 27 33 12 -9 -79 -3 -62 -47 -3 80 87 -50 10 -23 98 -30 -87 70 19 2 94 -10 -62 71 79 16 83 -16 -71 -34 29 29 -76 29 99 -62 -57 22 43 -16 86 -38 -35 -78 43
16 -2 -74 76 -21 30 83 36 27 -34 -14 43 -72 -50 -8 82 -26 -58 50 34 -83 59 -94 -19 -15 -91 42 56 58 -57 -34 14 -92 -2 23 -56 1 69 12 -44 -27 -48 4 36 99 -8 74 9 -9 -65 72 23 3 4 16 2 -58 25 -10 -95 -15 -5 -55 27 4 -86 -52 55 89 2 56 -80 94 -40 93 17 -87 -79 24 93 23 16 -65
-38 -10 -82 43 -97 -68 63 -35 -13 -8 -30 -20 -88 31 41 94 89 -39 -5 69 23 69 6 92 90 18 49 90 46 -40 8 -50 -28 14 -47 -44 -61 77 -81 -90 -10 -75 -84 15 63 39 37 60 68 -29 -47 -36 50 -38 -6 49 -64 94 -73 -89 77 73 25 37 -52 -93 -4 10 62 80 72 -22 -48 98 -15 17 -65 -45 36 55 -38 -67 84
44 16 -83 -21 54 -87 53 44 -48 -47 -54 33 61 34 69 -24 -10 -16 29 -12 -39 91 -11 1 11 9 -78 -33 -74 -13 65 -37 -98 33 62 74 0 95 7 24 -35 -30 50 17 54 14 69 53 -32 82 -75 -79 58 31 -88 19 -20 28 -98 -58 -6 -67 -19 39 57 5 -27 39 26 -70 -99 91 61 -80 35 16 -9 -79 33 27 71 -77 -82
-24 -59 -22 -94 -64 -36 0 70 25 91 -62 -37 -71 -50 -67 43 26 74 -55 -91 45 -24 -76 68 56 57 -70 -38 98 -44 -28 9 -88 60 14 83 -47 61 -10 82 -33 -48 17 -78 -49 -19 -56 -90 35 -72 -20 8 -51 -97 93 -35 47 75 -71 48 -31 -2 19 78 43 -100 2 82 -69 -43 60 -86 41 -47 -69 -62 -39 37 94 -1 89 -19 83
71 -60 58 -60 -10 54 -90 -81 -44 -15 -34 -46 -42 -33 -40 15 -87 49 -68 -99 55 39 48 -17 -13 -47 -66 -64 -17 -2 65 -81 72 26 80 32 56 29 98 -93 76 -78 19 25 -73 70 38 36 79 42 -13 30 7 -63 -6 -43 13 -10 9 -19 -52 56 51 -41 -51 15 2 -31 -7 44 86 -83 -30 60 -58 6 83 22 46 -39 52 -43 50
25 91 -1 90 13 24 -65 -10 70 32 -56 -12 -45 4 -13 -89 -57 -22 -13 27 -18 28 -17 39 3 -32 15 -31 62 -63 -93 -64 29 11 -55 -58 -8 28 93 28 -31 -15 -2 -5 4 -89 22 88 -21 -60 -31 80 -19 -92 -22 -59 -16 -24 -5 63 28 68 -92 22 10 -48 -58 -2 -91 33 -32 68 -88 -55 -95 -31 -55 37 39 -67 -44 53 56
13 34 65 71 -64 -61 17 -7 -41 18 14 48 3 65 -88 15 -21 29 -24 -65 -58 -78 -73 74 -91 98 -19 -41 -59 -78 -58 62 68 46 -45 84 -63 94 -51 24 97 -55 -89 -50 -64 -15 77 -92 13 54 95 -28 41 -80 -38 98 -8 -73 81 -58 97 14 16 92 91 -72 66 50 80 64 -21 -39 -41 23 56 40 -100 26 -91 -51 35 74 -73
93 45 -15 68 -9 -30 41 32 -84 40 -1 98 -31 74 -64 -19 0 -76 -70 -37 28 -74 54 15 -20 0 -67 58 89 22 17 9 51 27 29 -60 -15 98 -73 34 -24 -62 -59 -77 -65 -54 -26 22 72 54 -5 37 -32 65 46 86 -29 -4 -15 19 66 -43 89 -93 -2 83 53 58 -62 41 82 -17 -76 -55 97 -51 52 11 -45 -27 -64 78 -69
25 -89 -26 85 -69 -19 71 -50 -97 -2 97 44 23 -74 -100 -9 -82 -48 70 17 -57 -2 43 50 -89 -95 12 70 48 -31 59 -69 -73 39 29 5 48 81 1 -4 40 -2 41 -86 -44 -5 87 37 -72 -43 66 52 74 39 0 48 -7 94 -99 24 64 83 21 -79 63 25 79 -51 28 49 20 -84 5 26 94 73 -63 -100 -21 79 -16 31 12
19 -63 55 -87 -69 -69 75 40 95 69 -74 78 87 33 21 -84 38 -2 27 -51 -66 -10 98 -64 75 64 -22 -31 68 -41 39 5 -1 58 94 -34 4 -92 23 59 14 -57 82 -37 77 21 -93 35 39 -80 32 39 96 3 -19 86 -81 32 29 -63 -20 11 68 12 -57 30 -29 -98 -70 -9 -100 -2 -86 -1 -26 -58 66 92 75 -59 96 49 48
56 52 -100 -36 -96 -18 -63 61 58 55 13 24 -94 -13 -58 7 -15 -98 25 -80 74 45 -21 59 31 22 92 76 -87 66 -23 -38 32 -95 89 23 -40 -49 -93 50 60 94 -10 97 71 76 -16 90 -23 39 -93 84 38 70 -3 65 6 -87 87 -89 -96 -84 -8 32 -16 23 -78 -82 59 26 -66 -93 0 -72 -92 -32 -70 1 46 -52 -13 -43 85
48 -45 -75 91 88 98 -36 -13 36 74 -42 -18 -80 24 71 72 -71 -12 -17 10 49 54 45 57 -99 12 26 14 -91 58 0 87 83 -39 27 7 64 99 30 -46 91 22 16 35 -13 -49 72 -79 24 1 15 -73 29 -43 -34 -29 80 -12 -64 42 36 -52 73 -78 87 -1 38 -17 -72 90 -41 98 -60 -12 59 -97 -63 22 11 -26 90 -6 -15
-27 -68 38 2 4 -56 3 18 49 35 -87 -25 -84 -30 -82 33 -75 -78 -25 32 45 94 -43 -34 -61 -30 52 -66 80 -32 40 -58 -28 -47 -55 -71 19 -49 8 8 50 40 -38 34 -89 -99 45 25 72 -12 81 -17 -30 91 49 -71 -43 94 -54 19 -27 50 83 -60 13 -13 85 52 -65 43 -4 -77 -33 28 63 -61 65 32 77 48 96 39 97
-49 -72 81 95 85 -90 52 -65 2 -33 -16 74 -51 46 -39 -78 66 82 85 -65 18 79 -89 39 41 -84 3 54 -59 -3 90 -2 61 -7 41 64 81 79 -11 -28 -55 -75 1 -58 49 -7 -20 -87 -69 -93 29 32 -3 34 -32 75 52 54 -59 55 89 79 31 -15 -61 -12 -38 68 -91 -58 89 -32 -22 62 23 -82 62 4 -52 -62 -33 74 42
32 76 80 17 74 13 49 24 -32 -45 -58 12 49 0 49 -74 58 74 -83 -96 -43 52 -28 -80 11 -74 97 -63 -36 -41 -73 -82 -74 16 -71 80 -99 58 -12 -14 -46 -85 -14 -70 71 61 -72 67 90 23 -54 -78 96 -80 -66 85 68 57 86 26 -80 82 26 63 43 -48 93 78 43 -82 39 44 -51 89 43 -55 59 -7 -7 2 -99 52 7
-98 -29 -11 -28 -2 -22 -91 21 -39 -11 9 -85 -58 -82 -99 -51 75 45 -50 -46 37 -40 -26 -55 89 -60 -68 -35 -61 -37 98 -21 5 86 99 -2 -77 5 -44 -51 -76 -52 -30 -14 -29 96 -43 39 30 75 -60 -3 -41 4 81 -11 -70 3 -90 -94 70 -45 -56 -66 31 73 82 -100 -21 -84 13 -50 4 61 31 80 -82 -39 -6 -28 -55 92 -97
-80 -48 72 -38 -99 -61 -9 -48 33 -93 -66 -82 16 -52 18 -29 54 -97 -9 73 -32 89 -49 -88 51 38 -96 60 -43 90 -87 48 -13 81 93 -14 -22 -43 73 -55 -21 49 59 61 64 -76 68 -83 -20 87 80 39 -53 -62 66 -68 -60 76 -43 17 64 2 -55 45 -90 34 75 -40 -19 65 40 -63 54 49 35 -13 -16 70 -43 9 -50 43 -92
63 31 81 -24 35 36 24 -7 -61 -33 -7 85 -39 -15 11 -39 -92 -100 4 77 -95 -45 11 37 -6 48 28 13 -10 20 67 -58 -62 -4 84 -90 29 73 66 60 -22 -64 -25 -12 -47 92 -28 72 63 97 97 56 -80 27 -73 50 90 -74 12 86 68 23 79 -12 -98 -86 -52 -81 51 5 2 77 28 -59 27 -1 -89 24 60 -1 -64 91 94
8 -18 29 -59 98 58 -13 7 -19 -21 45 78 -42 -59 -7 -87 -88 -5 -1 88 -27 99 85 -97 -10 18 -45 -27 -90 -17 41 -11 53 52 -96 84 44 -70 -1 -36 -99 20 -81 25 -59 -17 -95 19 92 88 38 -5 -84 -58 -65 25 -80 18 79 -75 -17 -59 69 4 73 17 -90 -59 97 -22 -70 -59 -37 -50 30 -72 33 35 -45 -55 -87 15 -44
-12 17 54 -75 50 37 -48 2 -11 96 -15 94 4 1 29 22 16 -32 91 13 64 50 89 41 51 1 81 13 5 23 26 -32 -21 -44 -22 86 -94 54 51 14 52 73 43 4 -43 32 32 -40 -67 10 -100 14 31 64 -50 31 -23 21 -15 80 85 63 -40 -30 -32 -74 34 18 24 99 -21 -46 60 11 -53 -17 62 -84 35 -36 68 -82 45
95 -96 -35 12 34 -92 79 -44 93 -30 -39 26 74 43 -41 -81 17 -26 -69 -39 -59 -61 46 -86 15 -40 93 5 -14 85 93 -17 54 -45 74 11 -7 34 -3 -23 19 51 36 -81 -56 75 -10 -57 -21 -78 95 -21 -87 74 57 -33 84 60 -4 39 98 -33 79 -23 53 -78 63 -21 35 -36 39 80 -79 58 33 -33 -12 -7 68 28 32 77 95
-52 -11 65 60 43 6 8 81 -8 84 51 -77 -61 19 -21 99 77 -62 26 46 9 1 85 -81 58 -66 -59 -56 -26 -63 -49 26 9 1 -96 17 -43 94 -84 27 -80 -56 -7 50 -10 -89 40 39 -72 93 36 98 -51 -14 -66 87 9 -10 55 -21 -76 52 87 72 -68 69 62 93 -67 -38 -94 -62 -33 62 1 -45 -71 91 -81 -70 -51 -92 -39
-22 -100 -93 -61 -15 67 -19 -49 -91 -34 -30 39 10 -20 89 37 -5 11 -45 64 -24 78 71 -62 -90 68 -18 33 -91 51 39 90 14 36 94 -60 84 1 -55 68 -27 68 -84 -11 40 -86 77 43 -63 40 -14 48 -78 -44 49 54 29 95 40 69 40 -94 95 31 -57 15 -94 -85 -16 81 -61 -32 19 -25 -56 -70 -15 84 97 -87 7 -53 -3
-80 91 97 61 -85 30 -53 -79 21 -94 50 26 80 -27 36 71 -58 71 69 -100 25 41 -90 -88 -82 94 76 93 -97 -98 68 -2 8 -23 -2 20 -22 -95 -65 81 47 51 12 -95 -51 -48 -92 45 71 -10 -11 82 40 -36 41 -62 17 -98 34 -38 52 -10 -44 -37 82 -60 10 52 19 23 -84 40 12 -92 -17 -84 6 -97 53 -11 52 -56 -41
87 -36 63 49 -56 58 42 -75 46 90 46 -94 -34 45 -75 85 -97 29 56 25 -50 84 37 -53 -36 -30 90 9 -43 -58 91 93 66 -65 79 -11 49 -21 98 53 -30 95 -9 22 -18 -64 -60 32 -4 -6 -45 -58 -36 63 -51 -47 63 18 50 -16 38 -36 15 -2 18 -57 -33 -35 68 -86 13 42 79 -100 48 56 -21 -68 -56 58 -94 -56 73
91 96 92 53 -24 47 6 63 -95 88 48 -43 -53 -71 -99 -83 57 -13 40 -76 85 27 -39 82 -63 -4 -87 58 -37 59 -32 9 9 99 13 77 -48 -70 -50 80 36 60 24 -20 35 94 -63 65 58 -11 68 -82 -3 24 -18 -67 9 3 63 57 76 -74 -94 -36 -89 22 -96 -92 -86 -54 49 93 -7 -96 61 -58 54 -39 3 -83 -97 -46 80
-53 90 21 90 -88 -82 -65 -35 78 19 -5 86 49 -11 -25 -50 90 53 70 89 72 33 -90 63 -80 61 -6 35 -82 9 -6 58 -83 -28 89 31 75 66 -40 45 9 11 -30 -13 -15 -52 -24 -65 56 89 -67 -92 55 27 -44 -98 84 -98 -31 24 94 -33 -75 -76 90 44 -82 -29 -17 60 -90 -75 33 65 -29 43 28 35 -33 -86 -66 -25 -87
99 90 -81 28 58 -38 -76 14 -21 -27 17 -77 68 -46 -62 75 95 4 52 -14 -98 54 23 -34 -60 -55 10 94 81 -61 -82 -31 -58 66 37 -59 42 -62 28 73 -4 -77 39 -67 83 86 76 -24 74 -87 75 82 -25 -95 52 -61 -17 8 -86 -68 -70 -56 -42 -91 -99 14 -82 -26 39 -14 -16 -30 91 23 -38 97 0 -10 12 -43 -98 -73 -96
31 -22 -30 -16 91 99 66 -7 25 -42 12 95 93 -73 -64 -22 73 1 -59 -81 82 -32 89 25 56 85 89 -7 98 89 69 60 -70 -50 96 12 68 2 39 -54 -19 -99 64 58 -7 93 -59 7 85 -48 57 -79 95 -53 -54 44 19 40 -33 -36 31 -100 4 -59 -31 -70 -84 55 -97 -46 -9 74 72 31 -52 70 65 24 -17 47 -46 84 15
-57 82 -29 -6 -52 -8 -62 66 -77 36 87 36 61 77 31 -11 -38 -91 77 56 99 -62 19 63 -52 13 61 86 -23 -80 92 86 64 -100 -31 72 -56 -87 -45 47 8 10 -46 12 -28 15 -35 -68 75 -52 73 77 -52 51 -22 -63 -62 -42 39 50 62 95 -23 62 -44 -85 -11 93 16 20 -29 -31 43 95 -43 -84 40 -26 51 -15 -100 -2 -98
-28 62 -21 -43 19 51 2 -59 -87 4 -81 -61 1 -44 49 -33 -88 61 83 33 -90 83 -12 -25 -90 -53 41 11 -21 68 -15 -58 -35 -9 -38 1 85 84 98 -98 -10 -10 33 18 -59 95 37 54 -78 86 37 -74 70 -56 -70 -62 -41 12 10 -69 67 -92 -81 24 -46 1 64 1 -34 -97 -89 -53 -33 -87 -61 22 82 61 -74 27 26 43 49
75 -22 -62 79 -4 74 -60 -32 -28 96 43 -41 -69 -56 -100 -10 -20 -49 67 -41 52 -59 -17 78 63 17 -89 -50 47 1 -3 -79 -34 18 -62 77 -82 69 -94 67 -34 35 89 9 -32 18 39 -30 -39 -48 -72 -28 49 47 47 -13 20 -6 92 92 -72 95 -77 52 31 -35 -57 -22 -73 64 38 -5 -23 43 -9 61 -73 -75 82 69 -23 72 -97
-67 18 93 -95 32 46 -84 44 48 -66 67 -27 -94 0 84 49 56 1 60 -31 -64 -92 73 -44 50 16 28 -27 -48 92 39 -34 1 30 65 -2 -49 61 47 7 98 -77 13 -21 -21 39 -2 48 30 34 57 -55 10 33 -4 -48 34 98 29 1 49 42 38 24 26 -26 -15 77 -90 57 -27 78 2 -35 39 86 -33 54 20 -11 -29 75 -98
-39 97 -42 45 75 -19 -42 -64 60 90 67 77 -94 -1 58 85 6 -25 25 -29 -80 72 22 -10 13 -66 51 53 88 65 -4 11 -82 -51 -36 12 -50 41 -67 -2 65 66 6 -77 -26 64 -54 38 -70 -24 31 44 54 -100 -28 21 -71 -95 38 -6 -49 -89 -51 -54 98 -90 -69 40 64 -17 76 39 69 72 -92 65 51 -19 86 -45 31 -21 41
14 94 62 48 58 72 6 33 27 -84 93 -91 -64 92 -36 -22 34 -38 23 -34 90 -62 -98 -83 -50 -46 -10 77 -42 48 47 -8 65 -45 -18 1 -67 4 30 83 -41 78 11 -26 -40 -60 88 -5 -47 -46 -7 98 88 -17 -21 -79 83 -6 -53 -56 -28 18 -60 -44 -98 -94 -99 41 -9 -11 34 -61 -73 -2 -55 -10 -40 91 -40 36 86 10 -58
-81 -56 29 -41 40 -9 43 92 -72 -33 31 -46 -92 -75 85 -95 22 80 -95 40 -6 18 -38 -41 -42 -72 -96 -10 30 -96 -38 -36 -34 -21 75 66 97 -5 37 -87 -46 -17 22 -87 -70 85 19 -100 25 87 10 -62 72 81 20 -34 -34 57 51 -80 -23 -56 -64 -59 -41 -47 33 20 22 71 -95 -86 73 4 0 -55 36 -73 -68 -60 -86 45 72
14 68 -13 -52 60 21 19 -51 -72 -60 -74 54 63 10 65 -73 -91 -91 18 70 48 -84 84 20 -94 11 -78 -55 27 9 57 1 -10 48 1 16 50 -83 21 61 85 25 33 -68 44 -57 -77 -74 53 -73 29 20 -87 -62 90 18 52 -89 -73 1 -57 77 68 -41 -15 -86 -61 -5 65 36 16 91 62 6 1 80 43 -27 -24 77 37 12 -17
-100 30 12 -76 -30 8 -40 93 44 26 48 61 -55 47 -29 80 74 -89 75 27 -8 69 92 -73 4 -69 70 -88 5 43 3 -79 53 64 66 99 69 92 21 29 42 -77 -72 -67 8 -73 27 56 -89 14 90 55 90 73 -5 -69 71 -98 -48 -38 44 88 77 -62 15 30 12 -34 82 -7 23 63 -4 98 -18 -20 -61 43 -6 28 24 44 -47
3 -36 10 67 -12 10 -5 28 95 44 -11 83 -13 51 -41 50 85 89 96 -97 -14 -70 31 -70 -55 42 42 -16 44 -8 59 23 -80 -37 -48 91 99 12 -70 57 55 -35 24 99 -20 88 29 99 90 -53 -81 -69 -58 -70 -46 -29 -59 -35 36 -84 7 20 -38 14 -42 17 -37 -75 88 93 -21 -47 -40 -59 75 45 84 78 71 32 -13 -73 -88
-21 37 46 43 99 -9 -99 73 -57 -82 46 -95 -44 12 69 11 -73 -62 -67 -74 50 5 -10 53 -21 92 -26 60 41 -8 -59 26 -7 -4 -43 -6 88 56 -79 98 57 -71 -35 -9 -30 51 72 -72 58 -47 -59 75 -35 52 72 69 -76 51 -17 -42 6 -6 -50 -60 19 70 -1 47 35 39 42 53 50 -17 34 38 -73 50 56 -22 -82 -1 52
42 74 -90 57 -99 -25 -30 -55 -60 23 -80 57 -64 -94 1 -27 -70 -44 85 -9 -85 -46 -16 -92 13 53 58 -1 26 74 -7 99 -4 -31 26 -37 -44 -35 -56 92 30 -21 44 -90 61 -90 21 6 83 -13 -23 72 92 32 -43 99 -4 26 66 21 -34 0 -87 -63 15 -6 -79 -83 10 94 30 89 68 -21 -61 -99 59 -49 -13 -77 -37 -17 -91
69 -7 -10 -82 -49 -45 -57 -61 -80 -40 -34 31 54 -68 -52 -78 -40 -97 65 -29 -9 -57 80 -41 71 74 -43 -53 -62 40 -15 -58 79 56 98 42 33 35 -76 -51 74 -34 53 35 66 60 -16 -66 -93 -93 24 -96 15 61 -41 -72 35 82 23 36 -99 4 25 86 -59 -13 -99 26 -88 -70 -63 39 -93 -86 -59 76 -50 29 -26 -68 22 -74 9
21 7 7 -85 46 -46 59 15 -17 84 -11 15 21 71 56 -58 -42 -19 -79 -58 -71 49 26 14 -6 9 49 -58 -99 -55 32 5 73 9 -83 99 -49 67 13 67 -93 21 85 -77 66 -98 1 39 -84 94 32 82 -19 46 -40 -9 54 43 46 0 65 29 -7 92 -67 -43 -56 46 -74 -10 -16 52 -15 10 -78 -27 -18 72 -43 -58 39 -99 -56
87 -8 90 -29 -71 -24 12 30 43 87 -31 -55 94 -32 -55 54 -19 89 -13 44 -55 48 11 54 36 73 -64 92 -60 85 -86 -57 -93 -91 11 82 -44 7 -59 -40 -40 -24 -27 89 -69 99 -65 65 80 -95 -69 98 -76 89 -26 -56 41 -86 -77 37 25 39 -29 7 79 42 91 47 -32 -52 78 -92 -49 75 -38 23 -70 37 79 39 -25 -27 -27
80 3 -44 -51 8 36 -79 -93 -38 -11 -92 74 23 26 15 -79 -15 -3 -74 69 97 -24 73 -33 -20 20 55 -9 58 -54 69 9 64 -33 -48 -57 -90 53 -49 -89 -38 0 93 -49 30 -42 93 -98 48 -53 -42 -12 33 11 -71 -3 25 -31 -87 49 -47 64 -53 16 80 -96 -59 -3 -38 -52 4 32 -99 89 -87 24 -50 -31 12 49 20 -79 19
2 3 -48 -20 -30 52 -23 -38 -11 67 50 61 -23 98 38 77 6 60 24 15 45 75 -39 -15 15 86 44 -85 18 85 96 -26 8 -25 -18 34 56 -9 83 42 -23 -70 48 11 -76 -52 -71 -98 66 -20 10 33 6 -19 56 44 35 22 -17 -78 81 92 -48 47 -4 -99 38 -94 94 -63 97 -77 7 -83 -46 -66 34 32 72 -16 65 82 -14
9 -53 -23 86 19 -75 -75 10 59 -81 87 -31 -19 -79 -82 -24 20 77 50 97 58 -98 20 48 77 58 45 36 -84 20 -58 -16 72 13 88 -5 62 -44 -19 -68 -77 -77 -17 66 49 28 72 -28 74 -100 -47 -36 -70 -89 47 65 -6 -4 -85 -43 -55 42 -16 -12 54 59 42 -66 -52 24 22 -89 -75 -67 28 -35 -22 -41 -4 89 -63 11 8
82 41 80 22 94 10 -8 74 -93 -88 3 81 5 -70 -83 96 57 -91 89 94 -71 -57 30 -33 88 -15 -47 -61 41 92 99 -98 75 87 -84 17 -88 95 -1 -55 30 81 72 87 29 84 68 72 18 -61 -96 94 19 65 -59 -26 -68 -19 -94 -37 98 -47 -38 59 62 21 -16 -80 -92 57 -16 26 37 -61 -56 76 2 38 -65 92 10 -84 52
-98 37 -12 -62 -5 -7 31 -53 14 -19 16 83 -1 -91 19 -50 68 -67 -56 92 -27 -55 31 43 -2 -43 53 -50 -22 -72 -88 78 46 22 48 6 68 39 -9 -5 -14 98 -86 83 -22 -90 48 69 -21 -78 -86 -22 -56 -94 -76 -46 -9 45 -28 -38 -52 6 24 -52 -97 -64 -12 -96 35 5 44 66 57 -56 23 -68 -19 34 -35 61 22 26 -70
10 28 8 -53 92 5 -28 0 -38 89 10 3 0 31 -7 25 40 -97 -100 -42 73 17 1 54 -91 -42 48 -47 7 -50 86 62 -68 49 43 -53 97 74 -40 60 -50 -47 13 -6 -38 8 58 -50 -1 -24 -99 -1 87 76 35 -33 6 62 -6 -51 82 25 62 -9 1 -40 -62 -67 -94 -51 -78 -90 -25 19 -9 -3 -48 88 19 28 -92 -42 -83
-84 76 25 -33 -44 -8 -58 -18 -16 54 65 2 -68 -80 15 -41 -95 -18 -42 -46 -18 27 41 -80 3 92 -87 -52 34 -25 -16 -65 56 0 -32 5 59 82 12 -43 43 -76 -35 -62 -19 -31 -33 40 14 21 85 40 85 13 66 48 29 -74 -31 4 -55 -80 -8 74 17 84 -39 -91 84 68 -47 -65 6 83 -60 -11 4 37 33 -82 -91 39 -79
84 67 -54 6 -42 -86 92 -70 37 17 40 -50 53 55 -89 -92 -42 -80 55 14 36 72 -13 -16 60 -26 -5 -69 33 -43 -43 -84 -91 47 84 -59 -61 19 96 -53 -59 9 -58 -80 1 -77 98 -7 -78 22 58 -62 -52 33 -51 -24 79 -26 -77 -89 64 55 -18 30 -76 58 34 -16 15 -33 65 -44 37 58 -53 71 46 -43 -52 88 15 -40 69
68 62 -93 15 -92 -10 26 14 52 -43 18 19 5 26 -100 44 -91 -22 -97 24 -27 -36 -29 -83 67 84 -12 -67 41 14 3 -71 -82 76 -69 92 -44 25 90 -29 -30 94 23 3 98 -4 83 75 61 92 27 60 -66 -20 -67 -1 4 -13 -32 -51 20 -90 33 85 -73 84 4 9 -24 -65 39 42 -56 -36 -99 94 -83 -27 -38 -34 48 -44 98
53 -81 -37 -1 78 11 90 11 -11 -94 17 74 1 71 -10 -52 32 -56 -7 17 -45 -48 55 77 -52 55 12 -9 -98 -89 -93 -99 -21 -40 -21 2 20 -50 34 82 -60 97 -35 85 13 -10 -68 -29 48 -52 56 7 47 -95 -74 95 -82 46 -48 3 41 56 18 75 -25 -95 -22 78 -64 15 99 -24 82 -94 -60 3 42 -76 -51 -54 10 92 1
34 69 -53 -93 -6 -53 -85 90 5 -7 -11 30 85 40 -86 96 74 -86 -4 -35 -93 -72 62 -52 4 15 9 -80 65 28 64 95 97 14 86 -4 -97 11 31 42 77 -58 12 90 18 -65 67 -73 -58 -45 87 48 -85 13 43 46 71 -59 -51 -42 -89 80 33 -15 37 -79 -38 -70 5 -89 -55 8 -27 -50 31 -19 -45 -54 -75 13 44 1 -90
3 33 -63 43 -55 -4 3 48 47 -76 -34 -83 -90 -66 -58 -16 13 45 78 -8 43 -45 91 -19 -82 32 91 62 20 -23 79 91 -48 -19 29 69 79 45 65 74 75 -62 -84 -51 -73 43 37 54 21 22 -32 -10 -11 23 52 62 -42 40 -86 72 -6 -48 -46 -19 -11 38 -24 49 62 87 -65 -4 -39 7 -76 -54 12 -44 47 13 97 -39 70
-30 4 -46 -70 73 93 -69 53 25 8 -18 -60 36 11 -27 -70 86 -1 -28 -34 76 3 43 -26 -93 29 -21 91 30 90 -58 30 -52 -95 -100 -100 16 83 83 78 -85 -83 -74 60 -24 49 -55 36 38 82 52 -11 -85 -73 -49 48 -89 -6 85 65 7 -16 4 27 -13 -77 -52 82 -46 -41 -11 -83 45 -69 -90 51 -15 41 -61 -68 -88 87 87
-52 -54 -34 90 -76 56 42 93 10 -86 67 44 -6 33 -52 -70 -60 -49 -77 76 -8 -66 80 -26 24 15 57 -69 -43 -76 77 -20 28 -72 24 46 -95 53 30 -8 13 -19 -69 13 -67 -51 19 88 19 -97 45 -11 89 88 45 96 -61 82 74 16 36 -86 -99 -29 -4 92 -28 -72 24 29 -66 17 2 -22 0 56 -29 -89 -73 -5 6 -61 -2
99 55 26 -70 25 -100 34 -28 18 -37 66 32 45 28 32 52 66 8 -38 82 -98 90 -32 73 -60 61 80 -47 -90 -34 17 -74 -100 -69 -20 55 -44 20 87 31 18 57 -20 -45 58 13 75 -58 20 -87 11 -78 95 60 46 -17 58 -79 30 97 23 -22 98 -91 -88 20 -66 -5 86 26 -46 3 -48 30 73 17 73 -50 44 -77 69 -12 48
-43 -83 80 46 98 25 -71 18 -58 -66 -38 -26 -70 9 18 88 48 58 22 -55 -25 -53 27 -57 -23 -37 -49 -99 -85 -50 -89 65 -60 -72 -41 95 -6 -86 -75 84 98 -12 54 70 -26 92 53 -78 92 -82 57 -59 -28 -44 -17 39 -14 -97 -96 -99 38 -41 -43 -97 48 95 -49 -15 79 21 75 85 -13 33 31 40 33 83 78 -100 64 -46 26
-81 90 -14 -37 90 77 -50 -54 -100 83 15 59 -56 6 27 -77 44 64 1 77 -77 -78 -76 84 -26 -69 -34 76 -98 -84 95 65 85 25 38 93 -26 74 -72 20 18 43 -74 -53 -3 65 -61 -80 64 -33 -33 -13 88 -65 -42 13 -73 -36 77 88 -79 23 13 -73 17 -23 -64 63 53 17 4 -49 -89 -18 62 12 46 56 56 96 69 -62 -82
