54 57
38 -69 50 -36 79 -80 35 -53 -53 -29 -46 17 -41 88 38 2 -14 73 -36 36 12 38 92 34 74 -46 83 33 15 -1 -85 18 45 -4 97 98 -44 6 37 -34 18 37 -65 51 12 -87 -80 76 -77 69 95 -27 91 42 53 72 64
-98 -5 78 10 -41 98 -15 -6 -21 19 7 -11 -94 -32 81 81 78 66 -43 -42 41 -59 73 71 -40 -79 33 -96 63 -37 -70 2 69 -77 0 6 1 -25 53 14 -43 32 -37 10 42 18 -20 -63 -11 18 80 -18 8 92 47 -43 52
27 -9 -18 5 -100 88 -22 86 -76 30 3 -73 -23 87 -95 -76 -49 46 10 0 29 -33 57 42 -41 3 27 -57 45 39 54 56 59 -72 43 -67 98 -86 -51 33 -49 -63 58 -72 -14 71 -62 -17 26 -97 38 -76 -80 -63 -46 -75 -7
80 62 69 -80 -24 -63 -100 99 60 -1 -26 36 -9 -18 -97 -14 57 -85 93 97 -60 -70 -49 -64 -16 -99 -12 -38 68 84 -33 -48 -3 -90 2 -43 4 -73 89 -7 -93 19 80 41 -40 50 31 47 -2 77 -99 -10 -80 0 51 -38 -89
-40 -6 77 -42 -26 -89 4 84 20 -10 -60 57 48 70 87 -11 -73 35 59 13 4 97 -83 71 -95 32 25 -47 -19 -45 46 -27 38 5 0 96 57 -90 -19 98 32 42 37 -80 -69 -29 91 65 -62 -16 17 62 -70 62 43 22 -50
-10 11 -32 72 79 -99 -70 -88 46 -53 49 44 27 -52 42 73 -75 -32 1 -47 -72 -17 96 61 -1 -45 -61 -76 61 75 1 21 8 -94 -51 -14 -48 -33 13 -82 68 -82 -53 16 38 -1 -53 0 72 -35 92 25 94 -62 50 -9 78
65 -5 91 -90 -76 -39 -18 -51 -49 96 -94 45 -43 56 79 55 -71 -68 -68 -1 -1 20 20 -95 76 -95 36 29 -36 -9 49 -49 -45 -97 -25 2 -66 -74 24 -67 -30 0 25 -26 -27 25 -84 79 -20 38 89 -57 -91 -97 6 -86 -34
71 81 -29 -99 -73 83 41 -55 -80 -41 -25 -15 55 27 -87 36 -98 7 36 24 97 -36 -19 47 47 -41 45 87 -30 13 -21 -87 -57 -71 74 -11 -71 92 -36 75 -77 36 80 -83 -90 -72 -32 35 98 59 38 -49 -56 -8 24 -69 63
53 -7 95 5 58 10 -17 -39 -77 97 -36 -89 36 -31 66 11 37 42 42 89 23 -62 -63 4 94 28 -79 14 -81 -63 38 -88 91 -76 -77 90 -83 -87 -50 -19 48 49 98 -49 68 95 84 -33 3 -97 32 -71 95 -8 28 52 -33
39 5 -46 26 70 65 -64 99 13 29 48 85 -80 -24 -85 -40 80 -73 66 60 -89 82 62 -18 78 95 -98 89 -39 -90 66 71 -90 -27 -82 -88 -55 21 1 -22 -84 36 -2 82 -43 4 -6 58 88 19 -57 43 47 29 -15 -75 63
-64 48 -27 -99 -34 -83 -91 -7 -8 -40 42 -30 64 89 -29 -31 64 37 -43 82 89 35 -17 49 -25 72 42 97 -29 48 96 99 25 14 34 -67 -4 -98 90 -79 62 -31 64 -49 68 -31 91 85 -32 93 -90 78 9 -90 -90 -87 -7
-53 1 13 -90 -53 65 -31 67 -54 88 72 -89 -67 -2 -100 14 -23 -47 -78 87 32 29 88 -66 -34 68 90 83 43 64 -86 75 -70 23 9 -75 -70 5 -95 31 -38 40 -74 81 -54 88 85 82 -89 -58 -86 -69 88 79 -88 81 -9
-16 -43 -49 10 36 28 -85 19 68 95 -89 -100 -97 -52 51 -49 -46 -33 -87 61 -39 41 -39 -59 86 48 -17 -1 -87 71 -7 9 -38 15 -99 75 -5 5 11 -82 57 -58 -18 82 -20 49 -71 -32 -51 60 39 -19 -80 10 84 -63 66
11 -86 46 77 -76 55 61 -63 -40 -67 53 -83 47 57 -35 -2 -17 65 -52 -97 40 -73 -25 2 -100 35 3 78 47 73 -60 -14 -53 -90 -67 -80 7 -55 25 61 -15 -33 81 -15 98 -17 -66 -46 -55 -64 -70 -58 -70 15 2 80 40
61 71 -46 -16 -7 -42 5 1 -94 -84 36 -31 80 -51 -48 -95 -29 -17 -81 44 -20 -93 -82 84 -13 76 -23 6 88 83 -24 31 -74 -47 -91 -34 68 6 43 -60 -82 34 57 1 -60 -13 -57 -95 -38 -65 89 -81 -24 -70 -31 48 -6
-15 -71 -68 74 -48 -94 -15 52 33 -89 48 59 -66 -91 28 10 -15 -41 -24 38 25 -4 24 -30 96 60 2 26 20 12 -82 45 -86 -74 85 37 17 -59 6 80 -50 -33 31 -12 60 -29 57 -2 47 85 -92 -84 57 31 -66 76 20
-85 14 -76 32 -25 -67 -20 72 -33 88 -63 88 -55 63 99 98 93 25 -56 41 84 84 -54 -75 27 -9 87 73 88 99 -55 -95 -28 58 -11 24 -23 94 87 -16 61 5 -66 44 39 -13 -53 -13 -54 56 -16 37 97 -12 -1 3 -54
65 -40 -94 -66 80 55 40 55 78 77 90 -38 96 70 -67 23 -52 52 -68 -97 98 -22 82 22 -76 -5 -24 -87 -87 19 24 -22 -56 -58 -45 25 -4 0 -31 -99 -70 77 -73 -5 -69 -86 86 78 -26 51 -95 -96 85 -42 -66 -8 -93
96 -79 -3 -36 15 -18 66 -42 72 94 10 -1 90 83 -50 -81 -29 -65 68 -49 -79 -38 90 82 51 19 35 59 9 17 33 31 41 -22 -67 -92 -52 -77 -5 -86 -40 -7 -39 97 -81 32 17 -44 80 -14 -36 37 -92 -30 -38 -16 44
65 80 28 -38 -15 33 31 13 17 32 -94 -8 80 -12 29 -59 29 37 67 94 -50 22 2 -12 -17 52 -4 76 -66 70 -63 -49 -27 78 65 32 -49 15 -44 -4 -89 62 -20 5 -59 46 -34 87 82 -41 5 71 -42 -1 55 -56 72
-68 -68 -96 70 72 44 90 37 61 64 53 -21 -21 29 6 -60 81 -20 25 -54 72 -3 -98 -64 70 -59 57 -72 81 -67 -38 -37 -14 -90 -9 10 21 50 15 -38 -82 20 -96 85 -66 -14 -78 -49 -98 -47 -58 -82 -85 11 18 -58 -29
-67 -26 -76 15 28 92 41 -71 57 83 -95 56 -55 76 -84 -71 -14 81 -59 -72 -21 -5 -38 -32 -60 27 -93 95 -66 -93 -42 85 -4 -75 -79 -49 42 12 58 -73 93 75 -4 14 35 59 75 -3 12 96 34 80 65 -66 91 -60 -60
32 -57 -61 -55 65 6 -3 -53 30 57 -87 -39 68 -67 -27 66 78 75 -54 31 -22 15 -53 41 77 -90 55 -85 20 -69 -27 17 -76 -21 16 -39 92 -49 43 24 58 82 -98 9 -30 -36 82 89 86 54 -94 94 -85 15 98 -22 32
63 -12 -86 61 42 -55 -36 25 -82 -67 16 20 89 54 -2 -9 69 -74 24 64 -27 -73 33 -94 -35 22 -73 85 60 59 -11 -78 -91 24 52 1 -81 88 -100 -34 90 43 -83 -22 -77 -49 98 30 -54 64 24 -43 -71 -29 99 98 -41
31 -22 0 70 62 36 -15 -14 -53 -28 17 -36 -100 -95 -37 69 33 -16 -4 -41 -91 -50 -9 56 37 -64 89 32 71 14 -66 -59 13 8 3 -99 -70 -57 78 -51 -20 55 -21 -89 26 -13 -88 89 -96 -46 67 35 33 9 -61 32 -92
33 36 -14 -30 2 71 -96 -17 88 -24 -55 -25 93 42 5 -77 31 96 1 76 19 30 -68 -8 66 -80 64 -22 -45 -16 -5 78 66 -98 -2 5 79 11 -43 -66 66 -42 65 71 -2 -5 51 18 -61 73 42 -54 32 43 70 8 -56
-55 94 97 -35 24 47 59 -69 -73 -19 -32 94 43 31 65 38 62 -74 -25 66 43 -65 6 -69 -51 -86 60 18 64 -71 40 -11 -64 -28 30 -90 -31 -19 66 -100 79 48 10 86 -97 45 49 77 -10 64 -22 65 -96 57 -86 -65 -77
64 -7 2 85 83 81 -88 -84 -76 72 -10 -19 -60 -77 94 62 -19 -28 -9 8 -66 -66 -2 -81 -81 -83 60 12 72 -100 -40 -99 78 17 63 19 -34 -69 33 -28 68 79 -66 66 -42 63 8 45 -100 85 -94 60 -77 39 66 -79 -37
-37 75 -82 -10 -68 -74 82 -22 93 81 -80 24 -66 25 -70 -67 -3 61 18 49 -74 50 -6 63 70 -10 -59 -12 92 -49 -100 76 -62 -4 53 1 -13 -73 2 -11 37 -71 -2 -70 0 62 -59 15 -73 -77 44 54 55 -27 -90 -4 -58
-5 81 -7 31 7 -7 -95 58 -95 67 90 48 -59 -43 70 56 6 -92 -61 -76 -29 93 82 64 64 32 61 -93 -56 90 28 70 -30 -70 -14 -3 98 -66 35 92 9 23 -80 -59 87 -53 55 -81 -24 89 61 32 21 -30 -67 -42 61
54 -18 42 35 -68 -41 -50 26 -49 70 9 62 61 -14 40 -51 1 -19 -73 -2 68 -90 -55 -72 95 -42 28 -42 -44 10 81 -55 30 -88 59 -65 -34 -75 29 -69 87 70 88 21 4 -50 85 -44 -71 -88 80 49 16 -27 -17 -19 29
47 -6 -27 35 87 2 -51 64 68 70 11 54 30 20 86 -100 58 69 71 -67 86 -60 22 -17 72 -88 -72 -81 82 -32 47 43 -72 -25 -29 55 -91 9 -72 -28 -13 -12 -97 -10 49 -14 18 -99 66 54 -78 -57 60 4 3 91 -58
-57 67 -95 -51 -35 -97 -96 -7 -99 -2 32 92 -19 34 58 59 -27 36 69 -73 -48 -17 -86 -26 -77 -40 34 -98 -98 -84 62 -14 -100 -21 -34 88 22 -85 -2 -87 -28 48 -89 -13 54 83 -30 -76 -48 9 -53 48 -3 29 -53 -83 -3
-16 -35 -83 -14 72 -82 91 15 -17 63 -86 50 -82 20 -46 60 -7 -62 84 -42 84 -59 48 -34 -2 -49 28 26 37 24 -16 4 -29 34 -23 -41 -88 -100 -37 65 15 82 -54 82 -99 -77 -6 12 79 59 5 42 -28 17 -91 -74 28
3 -45 -66 46 17 -16 -57 -24 -32 25 85 34 97 -40 66 20 17 9 -59 -46 65 2 84 36 16 79 85 -53 96 12 17 97 94 21 42 57 14 74 -9 63 -73 -25 86 -64 -21 27 -95 53 -46 -73 76 -76 -73 98 5 -32 19
2 -83 2 56 45 -2 88 -24 17 -10 -36 -80 -95 -37 -88 -65 41 39 10 -100 -4 15 50 15 -4 -10 -13 5 25 -89 25 74 -59 -6 24 59 16 38 22 -94 -24 -87 -38 -83 12 -52 44 -48 -24 -85 70 -70 19 99 -76 86 47
-20 16 76 9 -23 -31 -41 2 -67 29 79 53 -55 69 2 98 36 32 -90 -22 -22 -6 99 -100 -96 -66 -81 -1 -66 98 -47 17 -35 10 98 96 -44 40 -23 -9 38 -70 46 35 -34 -60 -87 87 6 -8 -84 -20 -44 75 -34 -27 -42
73 33 -38 39 -92 -65 11 90 -71 81 87 39 20 -1 -51 36 30 -1 -100 -42 -5 -73 14 -72 81 -35 42 -6 -27 -94 90 -50 -72 90 18 -25 3 -88 35 -13 -34 79 -98 -77 7 -69 92 48 97 -39 -34 48 -29 -75 57 33 3
43 -20 78 -6 -24 -19 -57 26 -79 32 -26 -27 36 1 15 -32 -98 -19 47 8 76 68 49 28 -26 74 -59 -53 89 94 74 -9 77 26 -67 50 -42 -52 -37 95 38 52 43 -11 -45 -9 23 15 36 83 60 -24 2 -3 8 -91 -43
-49 -84 83 -99 -90 -5 67 -86 -69 -38 -69 38 -72 -81 56 73 -51 62 32 -19 -45 50 -52 -13 -46 82 -26 77 -34 -51 63 14 -89 22 84 71 -79 -37 58 52 -64 34 7 -34 -72 -51 -77 2 -51 89 96 26 46 -7 -66 74 -40
72 42 -67 -32 87 -1 33 -80 19 -3 81 -82 -30 41 98 33 -64 -74 -40 94 -19 75 -79 58 18 84 -62 25 -60 37 65 86 -33 36 3 67 -74 -73 14 -69 74 -50 74 -41 2 -70 -52 -34 -14 78 67 -64 31 -51 38 -91 17
12 -75 -55 66 82 -56 3 -26 85 85 -73 -69 -18 -58 -16 92 48 -7 -62 -40 -4 10 -97 16 -63 -34 40 73 -21 -55 14 -1 -23 -37 -23 75 -13 79 73 46 -100 -60 -53 22 28 -17 71 -80 74 48 88 79 40 -92 27 27 -18
-29 -76 -58 92 51 13 -85 82 -3 15 -40 3 -82 38 -98 33 0 -63 -90 58 18 72 46 -12 46 -23 45 -11 82 75 -69 -26 -71 12 60 -56 10 25 54 -56 97 -35 -63 -65 93 -36 -57 53 26 -1 -4 -9 47 50 -32 30 27
-60 2 99 -12 -24 79 -16 48 -70 -60 56 63 59 -48 57 -95 65 45 89 84 1 41 -65 -24 -18 7 44 15 -74 52 -47 31 -77 87 -78 98 -97 64 -4 72 -60 21 3 -69 -21 -56 31 91 -76 -51 96 19 53 -61 -65 12 30
24 23 -16 4 42 84 -38 -36 28 -61 -36 -77 -51 2 -23 76 95 -39 -52 33 47 82 -71 21 72 -84 -22 -54 -11 86 -43 63 55 -30 -100 44 -77 64 -76 48 72 -11 91 19 -25 43 3 -96 84 -69 36 21 -20 72 -15 6 -9
6 -46 22 88 99 34 32 -69 -52 -78 54 -49 44 21 -9 28 40 61 94 -42 70 -10 97 -38 -56 -70 31 72 43 -35 -3 -22 -19 -79 -53 68 -2 69 -6 5 54 57 1 -75 88 86 -55 -73 -75 75 -27 81 44 -21 30 -71 -8
-91 38 90 -86 68 -53 24 17 73 -65 -96 -16 -19 45 -76 -25 67 -98 -82 4 21 -66 -6 35 -82 32 -24 -29 -96 49 10 60 -89 35 -21 -18 94 16 81 -77 -16 91 77 -64 58 -55 57 63 -9 93 9 -55 91 -83 4 -78 21
-33 44 5 38 0 53 -37 47 38 -13 -10 43 -68 -9 -70 8 70 -21 -90 52 62 -5 95 -83 -66 -49 -58 -71 -9 30 35 63 -70 61 74 -82 68 -71 77 -51 79 -95 90 -53 -41 -49 70 -80 50 -31 10 51 -68 59 78 -83 33
71 -29 -3 -44 32 -83 -58 -80 -22 -48 -26 -59 -66 -94 97 46 -2 -54 -66 96 52 64 71 93 87 -51 -97 58 88 -20 79 22 -94 -47 -71 12 -71 72 -31 -38 52 -7 -56 43 22 83 51 -22 -63 71 -100 16 -28 -1 -1 80 -58
-82 -8 -15 -53 65 -61 -52 96 -81 -85 -1 -7 -67 71 64 -85 61 59 -98 -98 -65 -77 68 35 16 -91 -9 -49 -13 23 -85 22 -10 -66 25 60 -10 81 -84 -8 13 21 92 -38 27 26 -78 70 98 -50 45 -23 -17 -95 -4 11 -50
-47 -67 14 69 -57 86 -82 -93 9 58 -94 42 41 14 82 -76 38 4 -47 42 -7 -48 -35 58 83 41 5 9 5 -38 26 15 -8 -14 48 -85 -57 -31 95 -33 65 4 54 -66 99 -46 31 50 -74 47 -15 -38 44 -47 -47 4 -15
26 66 -72 -16 -82 80 -66 19 69 63 23 55 -77 -71 74 15 -18 -1 40 -8 95 79 -94 -27 -91 -8 -100 -61 -18 -38 17 -80 40 1 9 -56 -65 -84 40 88 0 24 -15 -73 -35 99 75 1 -15 -74 98 62 55 2 -23 -94 -58
38 -73 15 48 -41 48 80 59 42 -10 -58 7 -18 79 -7 -31 54 56 55 95 93 -70 -31 -59 -22 76 -58 -32 -82 33 79 -95 -92 -20 94 76 -15 97 -7 -6 -60 30 51 44 -33 74 52 1 -98 -84 -81 -31 40 -89 93 -54 20
-4 -23 -77 -10 -15 -84 24 -54 -15 -55 -51 23 76 83 62 -24 -79 21 79 -97 -7 -45 -9 -61 -59 48 59 12 -29 -17 -32 44 -52 61 96 -16 26 -65 97 -49 -32 88 66 98 74 -58 15 -83 16 -42 63 -75 -20 20 -59 -5 -60
