95 81
68 77 -90 -39 -52 -28 78 -60 -14 -79 -75 -53 17 92 -86 -62 58 26 -59 -76 26 77 -66 -54 -4 -31 49 54 -24 -80 85 69 77 -15 46 11 74 69 87 -92 51 -38 75 16 74 -93 -98 14 -59 -9 0 44 95 -87 50 -50 -23 17 -12 29 -23 33 -98 98 -85 42 86 -77 64 -9 89 -59 -91 -94 -75 -68 85 -1 54 6 -23
-74 -49 54 -9 -52 20 32 33 -52 -66 -48 0 9 63 0 -88 -48 -57 17 85 -36 5 -62 31 -94 -87 87 18 -18 -14 -69 -96 -51 28 18 -53 13 44 88 -42 -22 63 -18 28 26 8 -18 75 19 64 -99 34 27 75 0 97 40 89 -62 71 90 -70 -83 2 14 29 -9 -46 -44 -30 95 23 -45 -9 -32 -59 -29 64 -43 -11 -21
-93 -91 -34 68 27 74 67 -10 66 28 6 66 69 -5 -75 71 27 -83 -99 73 70 -67 -91 -73 -67 -19 12 11 9 45 85 32 22 -100 33 -9 -60 -90 78 -30 31 -42 -25 5 -20 -58 -53 -62 94 70 35 -92 -1 25 -58 38 -22 86 -24 4 -23 -27 3 10 -62 88 -53 -52 16 -68 -55 -74 7 88 -40 53 -81 6 12 -3 -91
39 68 -11 -65 -68 93 0 -50 -30 -71 -83 -15 78 31 81 15 -55 -83 -93 5 -91 28 1 17 65 -61 -63 -34 -94 14 -70 18 -21 -64 92 -60 -43 79 -43 9 10 63 -66 72 -33 34 -59 21 -63 46 -12 -52 -87 -1 -30 -9 -70 -81 97 -47 -94 -45 -48 -29 96 -24 9 62 77 -74 53 51 -90 -69 55 32 57 -45 87 -12 -19
31 56 37 23 75 -21 -73 -54 -35 93 31 -89 -14 7 89 22 -53 -83 7 44 41 -71 75 93 -52 96 7 -61 -54 -19 -45 23 62 -75 -81 96 -49 67 26 2 -60 -3 -94 97 -68 -25 60 -18 -94 -66 94 49 72 -9 19 -56 -45 -79 31 -90 8 -48 -37 31 62 60 -76 59 -68 42 -41 10 -68 65 -32 47 32 32 43 56 35
-99 66 -44 84 81 -79 -98 23 10 86 73 84 -7 -44 -35 44 -58 -94 49 -31 8 -32 -95 93 -31 -38 90 -66 90 -64 -21 16 -93 52 -25 -52 69 -11 0 16 27 44 78 30 62 -18 72 -14 33 2 10 -42 5 -5 79 -64 62 -49 -79 -66 -11 -31 48 89 86 68 15 48 61 -95 -75 62 -51 -37 74 79 -47 25 -40 -41 -57
-28 -11 -61 -31 89 -82 68 46 -79 -51 -63 -63 -89 -18 -12 -72 -54 -33 17 -9 84 22 50 -98 -15 55 -58 89 -28 -74 -5 -34 -9 -22 97 36 98 27 25 -94 -26 86 -74 -26 2 22 11 96 -59 -44 -74 -35 -59 -6 -5 64 -56 -43 43 -42 -55 26 54 -56 93 -22 63 -57 46 73 72 43 -33 -45 -34 -60 50 -97 -51 -91 31
-47 -73 14 -99 -29 9 57 54 51 15 15 6 -29 -39 4 28 93 78 -80 84 -91 32 7 12 -52 -40 -28 -34 82 -77 1 6 -68 20 -94 20 -34 -3 59 52 -78 -95 -18 -84 98 -68 50 -35 34 28 -64 -90 18 25 -72 37 -62 -4 -60 31 7 -20 51 -85 77 78 41 -38 -11 94 -44 -7 26 -63 -22 42 -2 45 -94 64 58
11 24 18 -34 68 -11 26 -3 34 13 30 -19 -72 91 -42 13 -43 -85 55 72 28 22 23 58 79 -77 -46 24 -26 43 -67 -75 3 78 73 17 -64 -83 -86 12 19 -40 17 37 72 33 54 4 -81 -40 66 38 24 -56 68 -46 12 65 -78 15 86 15 3 1 90 -36 -21 20 -35 -6 -10 -96 -66 -20 80 -42 -22 -27 13 -47 -58
-96 36 -32 65 57 -87 27 95 -44 59 -28 78 -74 91 97 -62 -24 7 87 -76 11 -2 41 11 40 85 57 73 -81 25 -91 -87 43 -99 30 -1 83 -74 29 97 12 -27 15 -92 94 -66 27 27 76 -1 -87 3 -88 66 -74 58 38 -10 -99 -54 -33 -29 56 32 -63 -91 87 66 53 -37 -81 65 -54 48 -41 -37 -16 18 16 -93 23
1 -77 29 57 42 71 -36 5 -68 -53 79 -43 83 88 76 -22 36 -77 -29 -49 64 -38 -73 4 68 -27 -80 -84 55 -73 -20 -23 -74 -68 47 86 93 -35 -39 68 79 -22 -17 81 -88 40 -100 -73 33 -85 9 -23 92 -34 51 99 -80 -48 -75 -14 -25 33 -75 -6 94 77 -61 23 45 -32 55 -75 71 35 98 12 68 86 73 38 21
63 -91 11 -40 -23 -10 -88 -35 -87 -87 43 24 -91 63 66 -7 86 -56 -28 -32 79 -96 -97 52 -18 -39 -28 5 43 -95 -63 -80 -10 22 -83 -28 -82 -97 81 27 -1 -84 -51 -29 12 97 49 78 -90 63 -43 -9 43 -93 -38 -35 -30 -69 -69 -28 -34 86 -90 58 -23 -36 -24 80 51 -74 -80 -94 11 -73 -14 41 -35 3 95 -90 61
-42 -54 -71 -93 9 -74 28 -88 32 -57 97 -48 -17 47 -37 95 -89 -54 92 -87 -20 67 34 5 -31 -56 71 -31 -27 28 89 -28 87 28 16 -72 64 20 -9 -89 -15 -22 68 -96 45 66 35 73 -96 -28 -65 -89 56 -68 82 60 -46 -31 -40 0 -24 32 47 35 2 1 -62 -30 74 34 79 -8 -99 18 20 -97 95 -47 73 -1 6
15 90 -34 -38 -14 92 48 -69 20 -14 -95 91 59 -80 -71 -83 50 -64 -64 -49 89 -53 -94 -76 33 -53 -36 -99 27 -82 16 -87 49 -43 -67 50 -99 38 99 3 -96 -49 -27 -90 94 -52 -73 74 8 -30 -94 -50 41 -75 -74 55 38 -9 48 -88 -64 42 -44 82 -4 56 13 81 -20 33 98 -30 79 -91 67 -30 -49 42 61 -23 58
88 97 -25 11 43 84 93 -71 17 -77 -49 64 93 13 -72 -2 27 -91 30 -71 61 56 -72 -48 -67 92 -50 47 -21 -86 56 95 -46 5 -62 -51 70 35 30 -78 41 60 90 59 -18 0 99 9 61 70 82 -53 73 -61 -66 75 -50 23 -21 95 -89 -2 -95 33 87 61 64 9 -90 -76 -46 -87 -34 -93 -23 1 63 -8 -100 68 72
16 68 -30 94 -29 -93 -80 10 13 -9 -91 54 -86 43 -65 -40 -94 88 5 -29 22 -54 46 18 90 37 34 86 19 66 -41 26 74 28 31 -51 1 -8 -25 -25 54 36 35 0 -10 23 -24 -99 -12 58 -45 60 90 85 81 -29 -34 77 6 44 65 61 17 -92 -19 50 -40 -36 37 -4 72 -66 -23 9 16 -28 -95 52 -82 86 -70
-34 74 -5 -57 -92 -70 -78 74 10 -75 65 11 77 -36 -43 -24 31 -10 -61 6 23 -37 -9 -42 79 -5 99 68 2 -64 83 60 -83 41 -10 -74 -50 49 55 92 98 -96 -91 25 99 95 31 12 82 17 76 28 -31 48 42 -57 -35 -50 45 -26 10 22 -93 83 -41 -62 -2 -98 3 14 -30 68 15 13 -89 66 -58 -70 8 -24 -44
-62 13 17 -5 -24 63 -47 59 -80 -86 80 34 80 32 -25 18 -92 43 96 91 -86 90 -37 9 -3 40 -18 15 29 -78 -99 19 79 -8 -29 20 -23 21 -49 -30 -87 74 -70 -67 -98 80 87 64 95 -83 20 -1 -45 24 41 -57 -39 -32 -17 21 -23 -13 58 81 2 -45 18 -76 -35 -67 71 80 33 68 59 56 25 -68 12 16 11
83 -55 38 91 69 -59 88 -25 7 98 -40 -68 75 -39 -34 97 -50 7 20 34 39 57 -48 -80 -94 59 85 -65 83 -19 67 96 6 -32 -16 24 -98 -88 -1 -87 -35 50 56 7 12 -41 -64 -42 -5 -23 43 98 -37 94 -41 78 34 83 59 -31 -49 35 23 -42 22 -96 38 76 30 73 1 -90 -39 -83 -66 -70 -60 -18 41 -25 -23
-7 -39 -53 -15 38 55 75 37 3 -54 -56 -26 54 -65 38 3 66 63 45 4 -15 40 -99 45 35 9 78 -75 62 -32 70 -81 -57 -65 -73 32 88 -33 80 67 -14 -21 -38 41 -75 96 6 -43 85 83 -83 -1 -49 -68 88 39 -3 57 -95 -19 -26 86 66 14 -94 52 93 25 -84 39 27 -85 -47 -19 -95 64 -24 -84 -65 27 -14
-14 91 -56 -20 -93 38 0 -77 87 -11 45 -65 -94 -85 -74 51 64 20 -99 36 56 -19 -26 15 40 -29 3 -56 -22 -70 -1 -15 21 47 -17 88 -25 -17 -8 52 98 -15 -60 33 20 -95 87 -95 84 -2 49 -34 17 -57 -59 45 37 74 -22 5 -54 -11 -81 17 -4 49 20 66 23 -13 -58 17 18 -36 12 -37 -3 -12 32 -83 -18
-70 80 2 -38 7 46 -29 -85 45 -12 -58 61 50 44 -53 13 -55 7 -53 -84 -86 -12 41 40 48 19 -3 -85 -20 3 31 -71 72 25 -55 -20 7 25 40 10 -5 90 12 42 79 30 94 74 -73 15 66 28 28 64 37 -21 -60 -54 80 -31 97 6 -58 -46 -8 99 -30 70 -98 -48 -35 90 -82 28 15 -79 -58 4 3 -30 -93
-59 -96 18 -79 -21 -60 51 24 -71 -4 92 91 -46 42 -53 42 7 95 -24 -13 -31 9 -84 -43 -70 86 -29 37 31 73 -75 13 -71 12 -53 57 77 15 96 35 56 -96 -98 74 94 -92 -5 -9 69 -27 51 56 86 29 -24 72 44 41 14 30 -56 65 -12 -83 -21 87 -39 93 69 46 83 23 -65 37 -10 -73 -20 -20 -22 85 -3
38 30 68 85 40 52 -97 -63 65 -83 48 77 58 38 -21 43 -72 83 -45 -59 8 11 -45 93 2 60 -40 66 17 73 93 -50 26 89 47 -81 -53 90 -94 67 86 53 -13 7 62 -20 72 -40 -56 -87 -68 75 -66 73 -56 -53 48 -71 54 10 4 15 -72 82 16 52 49 -61 -91 97 89 40 71 -88 7 5 -62 -52 50 -44 -17
-4 17 32 15 20 20 97 95 -44 -14 -62 84 36 20 23 -39 88 98 -61 47 73 -28 17 -3 61 36 89 40 40 18 -91 68 -45 96 -100 -68 36 96 -1 6 13 -38 -85 -78 97 -54 30 21 -28 82 77 -95 83 60 13 -89 -91 66 -63 48 -56 97 84 96 -42 91 -89 -44 -71 -100 -75 -18 85 -40 -92 78 -83 -29 79 -37 33
-47 -14 -86 -18 -65 94 38 46 -15 70 -71 -54 22 32 -30 -82 89 96 -16 -92 9 2 -66 99 19 55 95 48 -98 97 59 -98 -1 66 67 91 -98 82 -94 -93 -47 -24 44 -40 -24 59 3 26 73 57 -32 68 -51 79 47 95 -22 -6 14 67 66 -34 -73 59 4 53 43 88 -22 50 -78 -31 59 46 9 -38 -71 -13 -53 18 -3
64 51 73 -38 -12 -56 90 -57 70 -6 45 -63 84 -12 64 -47 18 51 -17 -39 -10 94 90 21 42 31 86 -40 -70 -39 6 44 94 33 12 38 49 26 -54 -15 -37 92 -50 -94 76 4 54 28 75 18 48 -99 -82 -89 5 -40 -38 -26 30 37 -50 -91 -49 62 -77 -93 68 51 70 -4 74 40 -79 -85 -89 13 46 15 -92 -90 -66
65 9 60 98 -35 26 -35 7 95 89 71 95 -32 -44 99 -34 57 -79 87 74 -65 55 -92 31 96 -17 10 -78 29 -14 16 44 -64 -36 -80 49 55 -22 50 81 -94 16 -40 7 18 -98 35 9 18 44 20 -89 -69 -77 93 15 -38 86 -63 -17 -35 25 88 -75 -2 32 8 12 -42 -36 -31 24 -58 26 15 -28 82 -84 -50 -30 23
3 1 43 -89 -51 59 31 -6 -36 -54 -1 15 8 -24 64 44 62 68 -21 18 64 1 -84 -36 95 -35 -32 -47 -66 -44 -94 -8 33 -34 23 76 -10 38 -24 32 -38 -27 -48 44 -73 23 23 57 -35 60 94 -6 39 97 -68 91 63 16 57 70 -60 -3 -87 68 -45 99 58 -63 -92 31 -86 3 79 66 51 28 55 37 -72 -58 13
-72 -43 78 56 3 -7 -36 -69 -71 55 42 63 82 -82 -45 -77 -32 6 -25 81 -36 -20 -4 -20 -39 -80 78 -25 -39 44 -70 6 -72 -81 -89 67 -34 51 -17 58 -88 -100 21 6 17 -77 -90 -16 53 -23 -19 -3 -98 80 -46 -9 -61 38 51 47 5 -93 -90 73 -100 86 -99 -72 -70 -38 35 68 86 79 30 -47 -21 62 85 -85 -14
5 52 -82 6 52 14 98 30 7 74 -89 40 53 25 69 -100 80 -1 48 39 -82 -32 -22 25 -33 69 33 9 -24 -81 50 15 72 27 -42 34 -23 -33 85 -85 41 -84 -48 74 89 12 -85 32 14 -2 74 5 -18 87 35 82 61 11 53 41 41 45 -8 -100 82 19 5 -84 -33 62 -42 -77 -51 89 65 43 -71 -1 -14 -48 -81
97 -65 -100 -13 -80 79 -38 41 -64 -3 -83 1 14 98 89 29 12 57 -94 5 -93 -9 -36 -13 8 59 19 83 33 26 61 45 1 -98 68 -98 -14 -89 16 75 -69 -6 4 39 75 58 7 87 -99 28 30 -19 -35 16 32 66 97 -52 -29 -96 91 3 -91 62 94 -73 -19 -36 -74 -70 11 18 -75 -13 5 -59 -36 87 -36 -78 -81
-26 -57 -83 -44 -73 38 20 21 -33 33 -57 68 46 65 27 -41 -30 -57 48 76 -8 -67 -88 86 -40 -78 -39 40 -71 18 -52 41 61 -100 38 -71 14 70 63 -12 -47 6 26 -43 50 -54 52 92 40 -37 1 59 18 13 51 -11 10 -78 -44 -80 25 -57 38 -52 -29 -9 -24 84 92 -97 -100 -91 -4 91 -57 -67 31 15 65 -2 88
39 -98 -13 55 66 -20 18 80 -99 21 -53 -26 61 79 32 -9 -1 -69 -83 42 27 91 -95 -41 -82 -41 69 -58 -81 82 85 42 77 -64 69 79 22 35 -2 -78 27 22 17 40 -22 17 20 -6 44 -98 74 -97 -87 76 -97 50 -48 -62 93 54 -76 6 -64 47 11 23 33 -38 96 -65 25 -64 -4 -75 -76 -88 16 -22 16 -77 -90
-69 -34 43 49 86 -96 -42 90 -48 20 -25 -27 94 8 86 -93 -77 30 1 80 -46 -62 -69 -64 36 -22 -92 -90 -21 -67 -94 13 -8 -9 -42 3 -62 52 -86 59 -63 -6 -31 -7 -14 -99 23 99 27 -59 59 86 18 50 -38 -89 25 83 -57 12 -44 -45 -57 -30 -34 5 73 95 -63 -6 62 -78 68 81 -35 -38 -86 -82 35 -83 33
-3 89 -93 40 80 94 -55 5 -32 -10 90 -35 73 19 27 -35 -46 -93 -43 -31 -45 90 -95 27 70 50 71 -42 -93 41 -40 -93 -9 42 85 52 -11 37 -65 87 17 19 -40 46 56 -75 65 -92 75 -59 -58 10 -2 31 -1 -76 76 41 96 85 53 41 -76 -14 -61 94 77 -59 -55 81 -65 57 -27 61 22 94 -25 -35 -4 85 -6
-51 -88 -42 28 -35 -36 79 -31 -15 -75 -47 52 11 -31 -90 80 53 -45 13 -13 -6 -62 65 36 -91 -44 -74 79 -44 -35 86 -1 38 -84 -5 -44 -54 88 -18 77 -14 -34 0 -97 72 -9 54 -90 88 -88 58 -100 86 1 -32 64 81 -6 -26 56 89 82 -96 98 69 51 -45 -97 8 -37 88 -47 12 -60 -77 15 23 -18 -68 86 -42
-86 -43 -61 15 10 94 -98 -37 80 -74 -31 -28 -11 -61 -78 4 -5 60 60 30 -59 -76 -59 -40 -19 33 -29 -23 -98 -42 -16 23 51 6 0 -19 55 35 25 -37 -57 -42 19 54 29 55 63 -70 -90 -82 28 37 -90 -45 40 -11 -22 36 28 -11 39 85 -93 -100 89 -43 -11 -2 23 -42 -41 -16 -75 61 -51 -2 73 91 34 31 -62
91 -49 -37 -10 -51 75 -53 -36 -54 82 59 -47 1 80 4 -50 50 16 -44 -71 64 24 -38 -45 84 79 -60 -37 -80 -93 -85 41 -7 -28 -78 -35 -94 61 19 57 -92 4 -69 -36 98 87 -25 65 -28 33 -9 63 -6 -35 57 -94 27 99 -31 -62 86 -23 -9 90 58 52 -94 20 -31 -65 12 91 -86 -62 -2 -71 -97 -97 -50 50 4
33 -83 -96 -46 -50 -42 -64 42 39 44 -34 -67 -35 27 45 -92 -50 49 -63 -20 -72 94 -88 44 5 27 -2 50 56 -73 -32 42 16 -40 36 -80 34 48 -17 -63 75 -27 -49 -19 -90 13 10 16 -29 1 -3 17 -7 98 -14 -70 -3 98 92 -95 -61 -35 37 70 -11 55 -93 -90 2 -25 38 71 -16 76 61 46 -83 -57 41 -59 26
-46 17 65 42 -49 -8 91 81 68 -36 5 -72 85 16 23 32 19 -3 -62 -75 43 36 -10 22 50 32 -49 41 -32 74 -35 -68 -22 76 -92 42 5 57 -32 98 8 28 -11 94 -63 -15 -73 3 42 -14 62 -100 -43 99 92 -52 -98 96 89 99 1 -3 86 17 -77 -51 1 49 13 -73 -15 -72 30 -98 -61 -2 96 72 -76 27 -33
18 -64 -18 45 -6 -70 98 -47 85 -12 -37 48 10 25 -56 -19 86 -62 -16 -18 -71 22 -38 -73 33 -3 23 3 86 -57 11 71 37 -48 -20 65 73 -25 82 33 63 80 96 48 65 22 -79 -42 -74 13 -17 -48 -97 -89 -40 -62 69 -83 -22 -80 17 -32 -71 84 20 -56 -34 -29 -64 21 -86 -80 62 -68 51 62 -6 69 30 -64 -20
-77 46 -45 9 35 59 -25 89 49 95 -87 42 -33 -99 45 -59 -57 -5 42 31 -22 -46 -66 43 18 -61 84 13 78 -12 -22 -78 -28 -77 56 -81 68 -61 -34 39 17 -35 70 49 -5 16 -62 73 52 20 55 22 -88 -37 74 -100 -56 -39 65 -13 48 30 -11 -9 -73 65 -58 57 0 15 16 62 15 -68 -59 -89 29 42 -76 -7 -24
80 -88 -43 5 -52 -84 27 55 44 -43 -6 -4 -14 -80 -37 -34 70 -66 -9 -24 48 -92 -98 -31 38 40 -86 30 18 42 35 59 72 15 -100 97 86 -84 -50 31 5 1 -68 -70 -32 99 6 31 99 6 -54 91 -99 -29 -33 81 40 -25 -68 -21 89 12 41 12 19 -12 60 78 33 43 95 56 -52 68 -25 74 -39 -98 24 -29 -97
-95 -80 67 15 -92 66 85 93 -56 -21 47 -90 -5 10 85 66 54 -69 58 12 71 85 17 72 -42 21 4 21 -22 90 34 -46 28 34 70 38 -97 37 54 -30 -19 -7 -15 10 -66 13 -4 -83 29 -77 -65 -40 27 7 -29 65 0 77 87 -53 -74 34 -92 86 41 -79 -75 89 20 -47 27 42 -90 -43 -32 -44 45 84 99 -37 57
-6 91 -84 76 -81 79 73 -87 -34 -28 43 -45 -7 49 -80 71 -37 -56 64 -68 -82 -82 -37 81 -66 -75 93 -72 -42 -81 -44 11 18 31 97 -68 -92 34 -3 17 98 -68 -9 47 32 -16 3 -66 -6 55 -68 -10 5 -59 -51 80 -90 -64 69 24 -69 19 -95 90 -15 10 -9 18 94 39 32 56 -40 20 44 4 -83 74 37 15 -76
74 69 90 12 -87 -63 -86 12 1 -93 20 -29 62 42 -74 33 38 61 71 93 29 -40 -97 -8 -49 29 66 -22 87 -50 88 -13 -96 26 9 77 90 -41 -80 88 40 8 -19 6 15 54 39 49 -55 11 -30 25 75 -11 61 -54 20 80 55 45 -41 -73 92 94 34 92 -70 -2 -40 -34 97 66 60 -93 50 -68 15 -42 -82 -64 12
-46 -61 -62 -14 -80 59 -74 42 -59 69 48 26 -24 -8 37 40 35 -83 -23 19 -97 -27 -78 54 85 -53 77 70 90 75 80 -25 -94 50 16 42 73 88 84 -46 93 52 -87 -1 64 -18 -40 -14 -10 83 77 -38 -31 36 -16 -98 93 72 -63 -76 9 -52 16 90 -6 -16 -61 59 95 -100 20 -52 -40 58 34 55 80 85 23 -16 37
11 -71 -10 -75 -65 61 36 28 -30 -63 89 35 11 -40 -67 83 -100 -44 53 90 -25 -81 96 -27 -79 -30 42 71 -50 66 -63 97 -67 95 7 19 -83 7 -24 89 96 35 -52 -23 -41 -56 95 -52 -66 41 -89 52 90 43 -3 69 -48 -87 80 -58 56 -87 -33 -70 -39 6 -83 -78 -82 31 25 -83 82 -80 55 3 -15 16 -71 -98 71
43 -6 99 -52 41 -35 -73 8 -49 89 -11 43 4 80 39 16 54 32 35 43 22 -87 96 9 -47 64 -32 -57 40 99 -31 70 -29 62 7 -19 -22 -66 -100 56 76 92 -5 -89 91 -27 97 -70 -1 95 -59 51 50 -18 -87 -100 84 -96 -47 -53 -39 61 -92 3 0 11 9 -18 -36 -39 -52 8 40 51 -96 -43 46 -75 -81 -19 33
-77 -80 -65 37 97 1 -13 -61 -34 -34 77 41 23 56 55 -95 9 -72 38 -39 54 70 -80 -69 -4 86 -28 22 -62 98 91 -52 36 -58 45 -51 9 -73 -81 -99 -12 -3 68 89 -56 -76 -15 -72 -41 77 -67 79 -59 74 -71 37 -72 -6 -60 -15 98 -38 27 33 -46 -67 63 -60 24 -60 -81 89 32 -95 -80 34 -95 -72 33 -92 71
64 44 -56 -99 9 -86 6 -18 79 78 88 46 -18 69 -90 69 -27 -4 9 -100 55 -45 89 75 96 -71 -86 -94 62 -48 -52 -17 48 10 -69 71 -69 99 -41 32 -22 25 -36 -58 70 74 -100 77 7 -19 3 47 1 44 -84 -11 -61 -16 -77 35 -12 37 -46 -88 -18 -1 96 3 -65 -43 -90 -44 -10 85 92 98 -21 9 -76 41 -70
49 -76 95 42 9 -78 -82 -7 67 -69 -36 -54 -72 61 -95 -23 4 78 73 -42 -1 -91 -68 33 -77 71 82 -99 -46 68 -70 0 -8 51 28 -47 -14 51 46 -29 93 28 84 17 -23 -27 84 34 -17 -1 41 80 17 34 -58 83 98 47 45 3 -66 -19 80 -74 -69 80 -16 -17 -41 87 20 80 67 85 77 -79 49 -78 -65 9 -77
98 50 -84 52 -65 -30 45 98 83 60 -74 52 -16 67 46 16 -45 17 51 -47 -26 -71 -15 -9 54 -59 -47 -49 -92 19 85 -67 -41 6 58 -49 -46 10 -25 -60 -46 87 86 -12 -76 66 56 89 4 41 54 39 56 -3 37 96 70 61 -55 4 -69 64 -34 23 -81 -77 75 -94 5 -84 56 -33 -10 70 1 -33 48 -41 4 -42 -29
-18 95 34 13 -48 -83 39 -81 77 11 39 56 -98 85 96 -8 10 39 -10 31 -14 -39 83 30 -23 -62 28 6 -40 32 86 -87 57 -81 96 86 -46 25 -93 -32 12 -3 64 -23 -99 26 80 -85 59 29 -14 72 82 -79 24 34 55 31 51 -91 -42 -25 -63 -28 1 -90 67 49 -62 -80 -20 97 -21 -73 -65 -9 -36 68 -96 0 -19
-66 22 -97 -59 57 -17 74 -86 25 -3 37 9 87 31 69 72 -77 -37 79 42 18 66 -94 11 66 -83 -5 68 -20 -81 48 -22 17 -29 -34 98 49 -49 6 8 71 -64 -34 -96 81 89 13 76 -74 46 -87 -32 -71 6 -92 -78 85 -79 11 -43 -15 -59 -31 0 79 15 -100 -69 96 -87 -97 82 -6 87 72 -91 -4 22 -78 -90 -40
54 -43 61 -86 -73 -3 -48 97 67 -63 -89 68 -53 61 -48 63 21 41 -18 -74 -21 -85 -65 -7 7 -69 -82 -8 70 -66 54 -31 75 -83 32 96 94 86 -41 54 -76 59 -86 69 40 66 26 -46 90 30 -36 -44 -41 -85 17 -91 -94 -49 4 23 2 -33 12 8 3 -40 99 -79 57 -65 54 83 3 -61 85 51 -12 -86 -35 -24 -88
65 61 -38 -11 -48 -2 53 31 -28 -97 31 49 -9 -65 6 -88 -11 76 -43 2 -79 -36 -15 -40 64 50 -97 -16 43 3 -72 -18 83 -39 39 -37 -72 -97 83 46 67 -41 16 35 21 1 -69 -79 -26 -12 -67 41 34 42 -33 -37 -78 -33 -96 83 -17 -46 -53 -92 52 -81 44 43 -75 -60 -76 -8 -62 -53 35 -87 56 -32 -42 63 -54
27 65 44 -84 24 78 -43 -32 -67 55 37 37 59 80 11 5 -71 57 -19 -27 -27 -54 52 90 -84 -64 98 -22 85 71 -23 73 -15 -72 13 21 -3 -58 -67 -12 -21 51 -9 -3 -26 48 -14 -28 53 -19 23 90 -14 93 -78 60 -13 -10 -34 -14 -48 -73 -49 83 94 -45 44 -9 43 86 28 -67 -21 -59 -16 -1 75 -22 -23 19 92
-24 -85 3 -86 -20 -21 14 -58 61 53 56 88 -42 18 -24 -79 1 -9 -55 -48 -18 -79 -77 67 -100 -48 -69 25 71 -95 8 78 27 -39 -9 78 32 -58 -14 -91 -97 -40 52 -65 35 -16 -88 -29 -21 -56 51 77 -25 4 39 21 -39 23 -71 10 -97 -31 69 -14 78 -9 48 -10 81 -61 -57 -86 57 46 -50 51 71 -93 -45 84 -40
78 -3 18 17 45 31 -82 12 -10 -23 -4 57 -23 -72 58 24 -65 85 -22 -3 -85 -84 19 -74 0 78 -51 17 51 97 36 -95 -94 -18 -1 -69 29 44 9 -68 4 -21 -24 -10 -46 -21 4 26 80 -74 -78 63 -11 35 -7 68 4 76 -3 -30 95 67 75 -66 59 24 60 54 -21 62 45 26 -86 15 21 -3 -69 -51 41 27 11
-21 -75 29 -7 -69 4 -69 -28 -63 10 -38 -73 -81 48 22 -95 -78 96 89 -32 62 -23 21 -74 86 -67 -82 52 94 -15 68 39 36 -91 56 72 -68 60 -44 -24 -69 -34 0 -21 15 44 34 -100 -75 -44 85 42 -46 -65 70 -54 70 22 -69 -59 38 92 76 36 33 48 79 -56 30 -31 7 15 -84 -81 36 -68 41 -80 -71 -99 -41
8 98 -69 52 -91 12 6 0 -38 -78 -1 37 17 5 -30 -6 -97 75 12 -79 10 3 -47 -38 -18 24 41 87 97 20 -45 73 -28 23 -93 -6 -69 16 64 53 -65 83 -63 -21 57 -4 -94 88 -79 -77 17 29 33 57 14 22 -45 -39 42 7 42 -22 39 -5 88 28 -48 -42 3 -94 42 92 53 -17 -52 -48 -59 -85 99 33 -96
48 -15 -22 -44 -64 -17 33 54 -14 80 -77 18 68 23 -98 19 91 60 -50 28 -7 -76 -44 46 30 31 -60 2 90 69 -34 -30 -87 -85 24 68 1 -94 -54 -81 8 -86 50 -40 42 -91 -16 -90 -71 6 76 77 -51 52 -57 56 -97 34 64 -21 0 97 -96 96 -9 -49 -9 -40 35 26 -40 5 -18 -56 75 -27 75 25 -13 -39 1
-25 -57 63 39 -68 -76 -43 59 -19 -94 -57 -50 -42 45 -94 58 -82 -32 -6 79 44 -75 57 -70 -14 48 33 -65 57 -35 28 -63 94 -49 -70 47 67 90 -69 -39 9 -85 37 3 20 39 48 33 -49 -63 -32 -3 -6 72 -93 -12 65 -16 84 47 -41 -8 47 -23 -29 -60 30 -51 82 83 -45 -54 -67 76 -26 48 -84 -52 -46 77 -37
-44 83 44 67 49 -61 30 -84 99 -27 -5 43 -78 -87 34 -41 -90 -54 79 -96 54 20 -43 -23 99 -62 61 -27 54 -89 -11 -56 71 75 -68 -48 -16 -80 69 -76 -63 86 83 -53 29 -28 -36 -80 29 -65 96 -19 75 -24 -53 46 34 81 9 -89 52 56 10 64 4 88 -33 -72 -43 44 27 -88 -86 -27 -59 41 96 22 -42 65 97
-42 -18 -39 66 21 -92 -77 -9 -77 85 -21 -50 -83 -45 -62 33 -38 -94 75 -72 -83 0 -48 6 -5 -76 -12 27 16 -48 -57 -54 -27 73 85 -37 -92 39 0 -52 -9 -96 87 12 6 -87 -41 -56 -88 -64 -71 73 4 60 28 -74 -56 -58 13 6 26 -76 -76 40 -52 3 56 15 77 12 -50 16 46 -93 -90 -90 -45 12 94 16 -77
63 59 16 89 46 -67 80 -84 -69 67 65 43 87 79 76 -83 89 -29 -12 -80 44 -45 3 -80 -43 77 36 -21 -77 95 -7 -21 55 -8 -66 4 78 -62 45 -90 -84 -34 -12 12 68 32 -84 -82 78 -12 99 -83 87 10 -84 -19 -57 54 -2 88 -9 -13 -78 -96 33 -15 81 -92 -51 -37 62 -1 49 86 71 -66 -71 16 89 -7 -65
61 44 -69 37 88 -3 -67 8 -72 84 -64 31 41 -19 90 45 20 -70 74 -77 1 -31 -81 1 -4 -38 23 -26 38 -44 84 55 6 72 83 -4 39 85 -16 89 52 -2 68 4 73 -55 0 -38 11 -30 -1 39 59 40 46 37 63 -43 -17 84 90 -61 40 20 -34 -91 45 -25 94 84 45 -86 -96 28 -85 -59 -21 -9 67 -55 -34
-65 65 -22 -79 -55 28 13 80 -32 8 11 37 0 44 -98 76 69 41 -44 -42 99 61 -70 -42 -89 63 83 96 -75 59 -87 19 -53 -64 27 52 54 -87 39 -67 20 41 -86 -10 -38 -14 -66 -61 -57 15 -69 -51 64 -48 -54 -82 -3 14 -59 -89 -12 48 75 -100 5 38 -85 -77 70 -84 22 8 -9 -23 -38 -59 -88 -48 4 80 74
-2 -66 -67 -52 -98 -39 46 -81 25 -60 16 84 42 -2 -32 92 -23 41 22 -8 62 -48 49 -61 1 -6 -45 -92 -97 55 -43 -80 -56 66 -50 -81 -98 96 -32 62 40 72 20 53 -80 -61 -56 10 -54 -82 14 54 -57 14 -74 -98 49 -5 46 37 71 -8 -46 56 19 10 -81 10 -86 30 4 89 -45 40 -94 32 -4 -86 -93 38 -39
-6 -62 -9 -49 -17 9 74 -56 53 -95 83 -80 -26 13 -30 15 51 72 51 96 68 -32 15 -14 21 -93 -13 20 26 33 8 22 60 82 -69 -83 92 26 -11 96 63 33 -66 -15 18 -24 -66 46 -16 17 76 17 -62 70 -30 36 30 61 56 81 -28 -5 32 81 -20 -90 -94 -21 28 -33 -63 -65 97 -88 38 -92 -69 -22 68 71 -89
43 11 45 55 -19 65 -6 60 -78 69 3 39 55 38 -55 60 -33 12 -97 72 50 -11 -58 -68 -35 -85 95 -86 -84 76 41 40 -19 -46 19 -36 -98 27 36 -26 -46 -36 -23 36 -56 -30 7 -23 -60 -23 98 95 90 -39 53 -80 97 77 27 87 12 -26 93 20 7 0 -19 -72 24 2 90 45 99 68 5 66 -53 -12 -85 54 30
-38 -92 26 -40 21 -76 20 -46 -59 -16 65 20 66 83 43 -23 -28 -23 -61 3 13 -60 -47 -89 13 -51 -14 50 -100 -67 81 43 -75 44 49 -69 -79 -37 33 -70 -47 85 49 -44 32 -13 36 92 0 -80 -89 24 36 17 49 21 62 -86 11 -4 99 -19 -6 5 91 92 -61 99 -43 97 30 97 90 52 70 59 41 -68 8 63 -61
-38 -86 -3 -41 -85 62 -26 -23 -60 -18 57 55 98 2 -84 53 2 97 56 -87 -25 28 69 33 -93 -23 33 3 -96 -66 11 -19 -10 76 -35 22 -64 -41 25 85 34 -37 -62 25 -90 -79 86 65 -1 -54 91 -83 -35 -21 40 -76 -53 -87 -90 -49 69 -33 71 14 -2 -50 -43 82 -55 -51 70 -54 46 73 30 -86 -73 38 -27 17 75
-33 19 49 -77 -86 82 -27 68 -89 51 30 -52 3 -45 -42 -24 80 7 -95 53 15 -11 -48 54 -7 93 40 -18 18 -87 -5 -74 -1 49 38 -47 1 -55 -14 5 -5 -57 -34 85 73 87 37 -43 65 -62 -20 -2 78 39 95 -21 -46 -88 -91 59 -36 16 89 15 3 -13 26 -82 18 -41 -27 -40 44 2 -63 40 17 36 67 -59 -70
-66 -92 -70 -63 19 96 77 53 -34 -32 -3 -11 -92 -86 -88 66 -69 -26 -37 -86 28 5 -93 98 -27 70 60 20 81 -63 64 -78 44 71 58 -71 42 -55 4 -63 31 -48 85 44 -44 -11 23 -67 -23 -77 24 -84 70 -47 23 -81 -73 4 -86 2 15 -75 -34 82 75 39 -26 -66 -70 -69 23 -17 76 79 4 -46 -23 -68 21 36 -53
95 53 54 15 91 -12 56 64 -35 -78 26 -28 -48 -10 -63 99 -78 94 -33 85 39 31 87 -100 44 48 55 -38 -42 18 -66 59 -100 -78 0 70 18 18 24 48 24 92 -3 2 99 49 8 45 -46 -86 -75 -45 -45 -3 -96 95 63 1 18 79 -85 61 76 25 57 -42 3 20 38 64 21 -64 37 16 59 97 -20 -9 7 8 14
89 71 -70 33 -10 -53 -19 64 1 92 -87 83 -32 -67 83 37 75 -17 64 -81 -16 71 -57 -60 -59 -6 -41 -27 -96 -99 -92 -3 -44 -18 12 -81 53 -81 7 -41 38 -68 86 -26 -7 -62 -61 -38 71 -69 74 93 -64 -9 86 53 69 -35 6 92 -92 -54 -39 81 11 -95 17 -1 -39 -19 52 76 -46 67 72 -100 -7 75 -48 31 -37
-81 -62 -7 81 85 36 -56 -50 2 -2 -85 -38 64 -56 25 62 -71 -65 -80 -39 -84 53 23 -53 0 55 -26 -72 -9 83 -4 -41 -11 89 49 51 -16 97 -35 -7 -22 5 17 -5 -12 97 -27 45 -82 -96 -39 38 -99 8 -72 98 76 -6 34 93 86 51 25 50 -78 -66 -42 -51 40 -67 -51 22 -92 77 -26 71 -79 50 13 7 71
-93 -28 -24 -33 16 96 -58 -58 -7 25 58 -47 -32 -34 13 -23 -39 16 -55 -1 -31 -90 -84 -87 77 -38 -74 -19 69 89 -10 37 -31 96 -33 -29 -38 85 -95 95 4 -12 -43 -56 -22 83 49 -16 3 -48 -19 -5 92 -55 -59 88 -90 53 64 -88 41 -47 -16 63 -71 77 3 -7 -32 32 25 63 -44 -39 95 -38 -14 56 -28 47 3
-76 66 20 -50 71 -17 -30 -41 87 92 19 -82 45 -34 78 3 91 -21 -96 9 26 -1 21 -80 50 -16 8 55 -51 22 79 17 -74 -16 91 88 46 -21 -66 88 -32 -12 62 -19 86 -33 -23 -49 -86 -39 65 29 -63 75 -86 -16 93 0 -31 -86 -61 89 -32 46 -83 -18 15 41 16 -79 -3 -31 0 -2 88 -99 42 5 -31 14 -14
51 27 61 -49 -11 -35 -59 92 -74 -10 49 -48 52 -63 33 -16 -82 -79 -23 75 -80 -81 -77 -81 -61 41 -49 34 -50 -99 7 83 -47 -65 -64 34 60 -33 -66 -82 -52 -57 78 -66 6 -45 34 -47 -90 33 25 65 10 -37 45 61 98 51 89 63 27 94 -5 -26 45 -12 78 -28 -70 56 -53 -30 -80 19 -87 -93 0 -3 -14 79 55
94 -96 -55 37 34 -56 58 -67 -92 45 -25 44 76 48 65 38 43 -25 -36 61 7 12 82 35 2 56 -55 74 -88 32 -86 49 41 -34 -13 42 -21 -62 79 34 -44 -29 -28 65 14 -80 93 43 -84 -92 -78 -2 36 -62 53 85 -98 77 38 -85 -45 -68 -54 -76 1 -77 46 81 -81 93 -14 34 -100 81 -68 -94 21 75 27 -19 78
84 46 77 -64 76 -85 -99 -84 39 60 -99 23 -82 -41 16 23 48 -36 98 -19 -15 13 29 67 -47 -79 70 -88 -49 1 -28 90 -56 48 49 -29 -5 -68 53 -97 31 -38 -74 20 -25 -95 -36 51 77 92 -12 -34 -68 54 91 11 -78 82 46 -56 -98 17 40 7 -49 56 -44 44 -66 32 43 4 -28 15 7 89 -10 0 -23 -20 72
-66 -95 50 -64 39 -44 1 -11 -57 10 -52 -72 -94 -56 -26 33 46 -76 4 -51 -57 80 62 -26 5 -88 -17 36 92 -33 34 -77 75 47 16 -60 95 -33 -25 81 80 90 -35 67 99 -50 22 78 -86 66 34 72 -6 4 3 14 -69 65 61 -73 -3 -18 -74 -83 81 39 -48 97 -19 70 21 54 53 -98 -61 9 62 24 -56 -97 -68
14 95 16 -57 -2 43 59 -87 -94 -12 -79 27 -59 -40 -98 -63 24 92 -58 91 -89 -45 -44 -98 -19 -75 17 90 -33 -77 19 60 87 -77 -100 15 -56 96 -59 47 -70 -61 58 95 -2 31 -81 -93 -36 -63 19 -16 42 -57 68 51 49 -52 4 -89 -45 1 99 3 -9 -75 60 35 -72 23 52 -19 18 -5 -15 79 -89 -12 39 40 41
2 17 -20 -47 52 61 -60 -88 -89 89 21 27 -97 -91 -49 52 -83 41 25 39 18 -87 -53 74 44 62 -11 9 -57 -74 30 25 37 70 71 67 64 -96 -79 99 55 -96 44 33 -81 -85 74 15 -12 98 -93 5 -39 -61 90 82 -19 97 -33 20 -74 -59 -41 2 -30 -75 -55 -57 91 60 66 89 -5 -71 -60 19 -39 -27 58 -56 2
-1 -97 -14 92 74 -96 18 -58 -29 23 80 -36 -61 -47 -20 34 -29 -46 46 -33 -47 96 20 -44 53 -99 -94 -36 65 41 -9 63 -7 -1 13 -30 23 -34 41 -63 -22 -4 -76 -33 0 22 57 37 -22 18 -24 -87 -33 9 10 33 75 47 46 -79 9 5 28 -87 -65 -86 24 83 17 37 0 83 -71 -75 -39 -24 5 92 -88 -6 57
90 5 -52 -49 -10 -68 99 76 -29 -33 16 45 -80 -90 43 -7 31 89 40 -47 -77 95 7 69 -84 -33 -82 57 5 -88 -39 -32 -48 36 -27 -88 40 -86 98 -58 -9 -4 88 75 65 -82 -93 -48 -64 17 -55 85 50 78 -62 32 72 54 -54 -76 -48 -22 -100 48 21 15 55 -78 5 68 -51 -21 28 31 -31 -3 40 -20 73 67 76
-49 53 31 56 -11 -17 57 65 38 -29 -97 37 -82 49 -24 -86 52 -88 -90 -81 -38 77 99 3 6 -20 -62 93 48 -50 42 67 -27 13 70 31 -13 -44 -71 -73 7 58 81 -52 91 -16 -88 -59 -68 88 -29 -75 -21 17 -76 -70 58 -31 19 -16 25 18 -75 21 1 32 43 78 -46 9 79 -6 48 -66 -22 -75 -21 58 -39 -80 7
-16 25 -81 -72 10 -40 -69 -38 71 87 -7 1 -36 77 -14 21 7 -83 -84 -48 72 -85 66 -46 -88 -94 -48 -20 62 2 26 -36 -72 -80 12 65 -97 87 84 96 47 54 48 -82 53 1 -62 -9 57 -44 -85 -98 78 -11 7 53 0 74 -3 15 29 99 -62 -3 -1 -31 -34 6 -15 95 7 -62 48 -8 -43 73 52 82 -10 -97 95
-15 26 76 38 -98 17 -23 93 49 12 -12 -33 -11 66 32 6 43 20 47 -48 90 -53 -94 -85 -34 80 82 74 -90 -84 23 89 -77 49 97 -35 93 25 30 -88 31 29 -5 -13 87 -47 70 44 -25 -66 -61 75 87 48 86 48 39 57 49 -65 95 -75 -18 30 18 0 46 54 -14 -75 -21 32 77 33 12 -86 89 39 -89 2 28
-52 -12 -37 -89 -42 -66 -98 99 -55 61 -6 85 26 83 -97 -90 -25 -12 31 46 14 1 -74 42 -50 6 -61 67 -36 59 -40 90 -18 -48 -33 -31 85 44 -43 99 -18 -40 -84 -58 89 -1 -53 40 23 -95 -96 16 85 40 81 7 -2 -6 -65 6 -64 -79 85 -87 77 -24 48 -91 -59 -57 86 -18 90 -24 -60 -28 -12 -62 27 71 38
-99 18 -16 97 -24 18 -86 -65 -16 -90 1 91 10 -31 10 -49 -45 -99 91 -34 -2 17 -76 -29 22 -54 95 -7 -52 -2 -37 -35 -30 -75 -81 41 -39 41 69 43 32 47 93 -67 38 -35 -44 -59 43 -97 -76 -64 -22 -67 94 -21 33 56 37 42 -92 -27 5 -68 55 -48 -36 7 -86 13 -96 -56 82 -62 33 -2 21 -87 -49 32 -26
