54 34
-45 -21 -13 80 99 -36 -24 -98 -61 -81 -20 -84 51 -100 -25 -14 93 -42 -87 -48 -99 49 53 22 15 76 60 -10 -27 -88 -83 -65 -32 -13
-37 60 26 38 63 -92 -70 -67 32 -29 -25 -56 89 65 24 21 -46 -78 -29 17 57 6 76 79 42 33 -16 -32 12 -59 99 -52 7 -50
-25 23 -5 62 -65 63 34 43 99 -3 49 -34 36 -30 74 61 -70 -44 70 -20 -5 34 49 23 -97 36 95 43 -6 -90 -66 -2 -6 -1
-53 27 18 52 -47 18 -90 18 47 8 -40 -67 -46 27 3 -14 19 -55 69 76 -70 -22 -86 93 27 -86 70 -54 -80 68 83 -75 39 35
77 -35 -83 2 -46 -32 51 -57 70 92 33 -77 -3 35 80 -34 98 -67 -4 24 16 -78 18 19 -17 -16 69 71 -38 65 -65 -82 78 57
-81 50 -43 -81 -58 -13 68 90 79 37 -54 38 -90 -31 50 -42 15 75 2 -84 19 61 -11 -57 14 -94 70 -75 -52 4 -73 -23 -58 98
-96 14 79 92 99 -43 -44 -95 64 35 -28 -12 -35 -41 -12 26 -88 2 94 -65 48 -64 -86 -86 -32 -18 -3 54 62 61 98 -70 -37 38
31 -94 -61 -83 -79 -89 88 43 42 46 50 -33 42 -83 10 -11 19 11 -9 -6 26 56 -32 -41 -85 -38 27 36 -68 81 22 -82 13 78
4 84 93 -8 42 54 -55 38 50 7 65 44 -56 -43 83 16 51 78 -35 -28 70 46 13 89 -64 86 42 -31 25 87 17 -82 46 -41
-79 -38 -66 -37 -88 -10 -51 -42 41 -89 81 89 -18 14 -68 4 43 54 -6 -53 11 91 -29 -76 31 25 -37 16 -85 75 -48 -95 43 86
60 75 87 93 -37 -75 -85 78 -89 -86 26 -100 -94 43 -36 -57 11 -33 45 -39 54 14 -80 98 53 90 -12 -74 -53 71 -67 13 35 69
-74 3 -20 -28 94 49 40 -33 -63 68 -51 91 33 93 -53 58 60 -47 39 -53 -33 50 31 61 -69 13 -73 36 23 5 60 -70 -2 -56
23 -86 -21 -88 -35 57 82 13 -60 -27 -23 41 80 75 79 -75 -49 4 83 -6 49 24 16 -86 20 30 -97 -25 -73 -47 -18 4 22 63
32 -28 -3 31 38 -9 96 97 52 76 75 -53 -98 -37 53 56 -20 58 83 83 92 35 -38 45 31 52 -60 4 -65 -65 39 52 -88 -21
-94 -54 59 -5 2 -34 -21 -35 84 -87 10 21 -21 0 -69 19 -76 16 22 -14 88 -6 55 11 -69 56 23 26 75 73 -64 -98 10 1
83 79 -89 -27 37 59 10 -50 -7 50 95 -12 -65 -29 21 4 -90 38 40 -51 -83 43 43 -41 -71 59 66 -27 18 94 -82 -35 -82 -100
50 -98 34 -72 78 -23 22 2 -94 -37 -16 -13 -26 74 -92 95 -8 37 59 94 -19 -31 10 19 19 25 69 -15 -10 -82 91 -86 -86 -8
-94 51 1 -13 -26 92 -12 -75 -97 92 -65 23 81 -3 -7 -53 81 83 97 -19 36 -78 -57 -75 -79 25 -62 43 34 -94 -34 75 86 28
41 12 11 -62 85 68 43 93 80 -74 -100 -57 58 54 77 -14 -1 -68 54 17 -81 -40 -89 76 -38 69 27 -38 -25 40 -34 -30 14 27
68 -45 45 -27 -52 -91 32 93 -82 7 -27 -9 -95 -45 15 -67 56 -82 -39 -62 93 20 -19 27 63 68 45 -33 64 -89 26 81 -38 55
51 -21 59 14 73 -20 -34 52 -40 -83 -84 30 88 -63 -85 -61 -11 -4 -74 -16 68 -74 77 38 -16 23 -66 26 -69 -75 84 -50 -8 -85
-89 -41 33 -19 52 47 12 -87 23 -5 -44 0 -90 -9 -75 94 23 80 -17 13 -83 58 -33 -95 15 12 75 -40 -62 89 -44 -96 0 48
65 -3 -72 -10 57 -13 32 -14 -31 57 -63 17 -73 79 -70 -100 70 -55 7 -25 76 28 -52 -93 -48 17 -60 -90 39 56 -81 -71 41 71
-5 -22 -73 98 81 -13 0 13 -100 -37 -75 -8 -50 -12 -39 18 52 69 93 -31 99 40 -21 -23 -13 -74 -63 -29 18 -62 -80 -48 92 75
-42 -97 2 -2 41 83 16 4 -19 -72 20 0 7 -33 68 -13 -61 -40 62 51 -77 23 14 -55 81 -21 -52 -77 80 -69 76 10 53 -55
50 -100 -61 -12 13 -20 0 -56 -69 -24 82 -31 13 -93 70 56 61 -4 -22 12 -59 40 9 93 82 -52 -81 38 -23 77 53 -7 81 59
-72 23 -39 99 -51 -49 75 -28 8 -57 -7 -28 45 -95 46 -84 14 -88 -39 -15 -73 -12 -74 61 54 -87 -59 6 70 38 -57 52 22 -43
-18 33 6 -82 68 60 98 -86 -9 94 -6 45 -37 -39 -72 -6 49 86 44 93 -57 -10 -43 -35 24 51 -16 97 45 -88 62 -67 35 54
-87 5 -41 -40 47 81 0 81 -53 -31 -12 5 -64 -61 21 13 -97 67 61 47 51 18 56 -26 -53 -22 26 13 40 -64 -71 -70 -17 -5
-13 9 9 85 -6 -27 41 64 -81 -2 6 66 -58 -32 58 52 1 -7 82 -73 -17 -3 -90 -24 -82 85 67 -10 46 -99 -32 -71 -80 -11
-82 37 55 -21 -84 39 22 -90 57 72 19 22 -77 -48 -86 2 -88 29 -4 -22 99 -21 50 -33 73 -74 20 -1 -12 38 -9 69 -1 26
15 1 12 -39 57 -44 67 -76 36 -57 -45 -72 8 68 -42 99 64 4 40 69 -92 -14 -24 17 59 -7 98 -21 -9 66 -4 -52 -23 -56
72 20 38 -64 26 -1 26 -6 -22 -36 60 -3 -44 50 -38 -5 94 11 79 16 81 -26 -54 -87 60 63 -96 42 5 -30 29 49 -86 96
-81 -71 -49 81 -5 -55 -80 67 -99 79 97 73 50 39 -3 -32 72 -56 12 86 81 -72 -32 27 -85 15 42 37 -69 -86 88 -2 -61 -63
42 25 66 91 45 70 27 -16 23 97 65 -80 -52 90 97 -22 -55 80 72 -33 87 -65 -1 -88 42 -36 28 -91 -53 86 3 -97 50 96
68 32 88 28 63 2 -36 -6 -51 22 -12 17 -47 -98 -25 -43 8 92 89 34 92 13 62 -24 -97 32 82 79 78 -45 -15 -67 -53 -72
18 22 -40 68 1 -61 33 -71 62 14 -63 -12 56 93 -49 1 77 -99 -37 -91 78 -64 20 53 87 -78 -12 5 5 49 54 76 11 -45
62 -98 38 53 82 89 -24 73 8 52 -46 -97 16 21 29 -65 3 -86 18 53 -76 35 -8 -50 -43 14 23 -5 -43 66 75 -76 -86 -96
-37 -73 -54 -50 82 -63 -18 30 94 11 -80 -56 87 -7 36 19 98 -97 -67 73 -1 20 2 52 39 -100 33 -5 58 -55 50 90 -16 -6
-48 -39 -34 78 75 -61 83 83 33 -39 -100 -78 -90 64 85 -59 -86 1 42 -84 66 48 37 -68 -63 -81 -25 -7 -31 60 -4 61 36 64
-54 90 64 9 19 52 98 34 20 27 -94 73 69 -72 40 10 -7 77 -11 -94 24 -70 38 31 -52 37 -4 94 80 -23 15 -28 16 91
-84 89 -84 -31 -28 50 -65 67 63 -82 24 95 -63 -36 -2 32 -28 51 -7 -90 78 -15 63 -100 85 24 -28 94 48 62 70 57 31 -92
-88 47 22 33 68 -69 -18 88 -57 -45 68 -81 -33 36 46 17 88 97 83 71 48 95 83 -6 24 43 7 76 36 21 -30 -88 -75 -15
-40 -97 -51 -5 -43 85 41 -45 -86 -29 -82 33 -69 -74 -27 -13 21 -25 65 61 -98 -99 -20 -8 77 56 84 38 20 95 -69 13 42 -84
-96 58 14 30 -80 -16 25 8 33 -7 -84 -88 -32 83 34 19 -55 95 47 87 63 86 -15 -23 -83 -43 29 -65 92 -92 5 57 70 -55
73 -76 98 73 -92 22 -63 42 80 97 -23 98 52 -46 -9 -52 -83 -23 90 -91 -29 -26 -26 50 -90 90 23 -51 -72 76 -18 -97 12 -51
-16 95 -96 -98 85 -4 31 -56 23 16 -94 -68 -92 -35 72 -52 93 -83 20 25 32 12 -34 -65 91 -8 4 -42 82 5 9 -93 -30 26
39 -34 -57 64 -62 37 19 -4 13 0 -64 -54 -63 -10 -40 76 26 -71 -61 28 -99 94 49 -97 -33 88 -56 -86 32 12 -96 17 80 71
37 -59 0 39 93 70 -36 -88 -13 82 95 9 -37 61 32 -42 -57 41 -61 39 -95 47 67 -88 81 -17 79 -6 50 -35 -93 2 40 85
9 32 -35 -17 63 -21 77 22 90 28 93 -18 -45 -88 -37 20 9 57 18 -93 -72 -57 45 -76 -56 67 63 -67 -55 -59 -48 -27 85 47
3 79 22 49 53 -27 -69 14 0 -41 93 95 89 21 -42 54 38 65 -12 -2 84 -64 -53 25 80 -70 -71 10 -51 -25 13 60 -2 -19
-62 34 -28 64 -47 25 -54 90 53 3 -89 27 35 -50 -37 -55 -71 -12 -42 11 38 -85 29 -29 -61 -80 -25 -45 0 31 -9 18 -86 15
90 -17 84 60 52 -92 -76 -28 94 -90 79 79 -22 -84 79 -80 -46 -97 27 -39 54 -55 -96 22 -91 -7 87 73 -18 -75 -1 -34 -33 73
84 71 -10 87 -32 -69 -99 -1 -6 90 91 50 -60 76 -63 -55 -47 -61 -13 -20 -9 30 0 0 73 8 51 15 -80 96 67 70 -62 90
