74 68
-58 -98 -50 76 -81 -74 -6 98 63 -60 -60 49 73 -53 -53 -16 55 -96 40 86 45 -66 72 -51 -51 -11 -33 93 69 -87 -24 29 70 -33 -30 -82 46 99 69 80 -79 -8 38 -22 -29 72 55 75 -23 -91 -30 14 72 54 -49 70 -34 -98 -52 94 -64 74 5 -36 -92 -62 -68 7
-96 -63 -62 -41 58 -96 -81 28 -79 -48 -9 -31 -60 -25 70 -22 98 53 20 -20 -15 14 84 76 -61 19 -62 -86 -50 -43 92 -9 3 -71 -30 86 -54 -21 -80 -49 -5 -68 12 49 88 -3 11 -79 73 25 -47 -50 -88 -35 8 71 6 20 56 -65 -10 41 64 47 9 -21 -59 -11
89 -72 1 60 -54 43 -51 44 93 40 -78 51 71 -13 59 -36 -15 3 -25 39 -14 -68 -89 89 82 5 27 46 64 79 34 -92 -73 0 9 -38 44 71 -21 57 99 8 -46 -63 42 -30 -3 55 6 8 -38 37 -99 -99 94 26 -12 -61 75 20 -38 -59 41 -36 60 -21 -79 -7
-94 -18 45 40 -22 5 -84 42 -12 -32 93 93 46 99 9 -88 -71 -43 -90 66 -5 -71 97 -70 78 60 27 52 56 49 -32 50 -99 -63 4 89 -30 7 -57 -42 92 83 -85 33 -63 -35 -61 8 28 -51 30 -89 -41 -96 36 -33 -29 22 64 12 52 1 71 92 75 -56 -16 77
12 -11 -76 38 -47 44 72 72 46 30 -96 -98 40 -19 71 -61 31 -40 -35 -21 -85 65 -1 -67 78 -3 77 71 -2 35 -48 -45 -26 -63 75 -72 21 67 -85 52 7 22 -54 57 19 -92 88 -91 69 97 -93 79 -35 78 17 46 -32 -37 91 36 12 90 53 -13 26 33 67 -25
-9 -16 70 92 83 -28 30 -31 71 76 -22 -42 -80 82 -17 74 -39 -28 -18 -9 16 -68 -95 -70 -49 12 -98 14 -98 30 28 -88 -57 83 62 25 -94 -86 47 31 19 -21 45 29 72 -75 64 -68 87 45 93 57 56 -24 70 57 -74 58 -76 -13 68 -80 48 -59 5 35 69 -6
5 86 -93 58 62 98 0 82 5 64 -49 -19 15 -89 -42 43 14 30 -6 82 -71 4 -82 -94 58 62 68 53 89 1 67 -49 74 -39 50 66 -46 -95 60 21 72 12 -68 14 97 75 -38 -75 52 72 47 67 72 -54 21 -20 -62 90 -77 73 -13 29 -56 64 -94 83 69 95
-2 -80 -80 -73 -17 -15 86 -50 -35 25 -39 -8 97 12 -86 -65 -53 -36 81 -40 3 66 -61 47 -92 15 91 78 29 -36 84 -86 74 -81 45 -41 19 -66 -82 -99 4 -95 18 43 -60 -69 14 67 -6 -7 49 46 -83 95 -4 89 42 15 44 80 68 -45 -98 -78 -50 61 74 21
29 -19 -45 -20 12 11 38 -10 39 -83 -87 9 37 -77 54 -18 8 -15 -65 39 62 -35 44 38 13 41 91 -56 -62 -69 56 -38 19 84 -18 -14 -98 22 -100 -78 -47 -79 75 0 -52 -40 63 89 4 -25 -12 96 25 -8 75 97 -47 46 -59 67 38 -39 79 77 70 68 -26 -80
-93 43 -11 -27 -30 -31 85 -23 15 33 -83 -2 65 -53 -94 -76 33 73 24 80 -23 -38 33 -93 27 -25 38 70 23 -99 -68 -92 -31 -38 32 90 10 -13 55 34 -58 -11 -33 -10 15 83 2 -21 -24 8 -44 -13 -92 85 -94 72 -33 77 69 -74 53 46 -56 -96 18 19 30 94
-39 40 48 61 50 62 -98 -48 78 0 11 13 52 -19 -26 67 -71 78 22 3 35 -6 -83 -28 -33 -23 -7 92 -36 78 -9 91 -56 -72 -8 -86 -63 -94 -15 52 46 90 94 -93 -17 63 -9 -57 -38 47 -35 -69 24 -57 -2 80 71 -68 15 14 65 50 -38 56 -59 -13 33 -65
-44 -6 -79 34 7 41 66 37 -32 -89 -10 -17 -10 -74 16 -16 -60 -12 -97 3 -28 88 -93 -56 64 72 32 85 -95 25 -55 70 -28 54 22 -77 82 -52 -32 -63 54 6 -36 36 29 92 39 19 -55 17 97 36 70 -75 21 49 49 96 64 11 85 17 88 87 -1 -2 39 86
-75 12 32 73 75 74 49 -76 62 57 -7 -13 -27 70 -12 19 5 59 -67 90 27 98 -37 17 95 -92 -49 -16 71 26 -67 -29 -47 66 -55 36 -90 67 -84 -78 -61 -68 95 64 50 -62 87 -96 -23 9 -23 26 88 38 -96 95 -15 50 77 -45 99 89 -97 35 87 12 -13 83
-9 -77 -19 75 -29 39 48 27 79 -65 82 -76 -46 65 -20 -95 -33 28 40 -18 65 27 68 87 11 -4 -10 -19 -90 26 96 93 -74 32 -2 -23 39 -72 85 43 -21 27 -66 -82 -64 17 20 -57 -16 67 -69 93 49 95 49 29 -82 -29 9 -79 69 -82 29 -54 11 36 -4 -69
53 24 -43 8 -48 31 11 7 -45 -70 -63 13 -93 44 8 -44 47 45 -98 92 14 -74 49 -48 -18 -98 -59 10 54 -3 -54 89 -10 87 -55 -86 -83 -45 56 21 75 -100 -3 18 89 63 -57 76 37 6 35 -52 74 93 6 73 -72 27 38 -10 -16 -100 -42 76 -6 -52 49 -54
74 22 -82 -62 -8 62 -51 55 -72 52 -46 68 -6 10 -57 -2 90 23 15 68 -14 13 -48 -91 71 -88 48 99 42 73 -4 87 -97 -22 -11 46 -61 -78 76 82 -95 -46 -10 60 -74 25 83 0 -66 -10 -12 -71 -98 84 -60 -72 -60 91 9 -25 36 -36 67 -54 36 21 -36 8
-62 54 7 21 53 -29 86 60 73 -13 -1 -83 30 16 -57 -71 -13 32 18 93 64 43 73 30 -79 94 37 58 -78 -32 -85 -64 55 35 73 -48 50 85 40 85 -93 39 26 -6 -85 46 5 83 17 -48 -15 86 -39 65 79 74 66 39 -29 23 55 91 -45 -82 -56 -87 -80 -47
26 -63 -4 62 -68 -9 -44 -87 75 -57 73 88 0 78 74 -85 -63 37 76 -77 -90 -89 -44 33 12 45 -28 -14 -33 72 -44 -6 59 -17 -29 0 -12 89 -57 81 47 61 -47 79 -87 -56 68 -54 -90 63 47 7 -12 -75 -95 -55 89 -88 21 -11 -53 31 78 43 -25 70 -43 18
75 -82 24 34 -16 -66 -75 -24 26 23 -24 77 82 62 57 0 70 67 -47 -26 -73 50 -25 15 -29 15 -58 58 84 -72 -15 44 -71 -3 66 69 -84 -13 78 -61 12 -46 -67 67 35 76 73 21 91 -41 30 32 52 -20 -63 62 97 -16 91 97 76 -93 -72 86 -81 -16 90 -55
29 -36 -92 -23 -25 19 28 37 -29 -1 72 -65 51 58 -83 24 -62 38 92 -20 44 66 30 -25 -74 -88 65 33 75 37 11 14 -47 -7 46 41 -44 96 77 98 -31 -56 70 -51 13 92 56 85 7 -89 95 24 -100 29 -82 -27 90 -33 -51 -52 63 54 -69 -75 -30 58 -27 59
-15 -62 -49 -6 93 47 58 -49 11 -76 47 -25 -35 -55 75 -69 81 9 -28 -70 72 48 -93 39 81 65 42 21 -58 62 -64 -24 0 65 -53 30 23 91 -67 5 -92 92 -55 55 -69 34 72 -20 -93 -91 -1 14 -40 -14 76 -5 59 -26 65 6 15 -74 -72 7 -33 69 -16 4
87 54 -66 56 1 -70 31 -28 -55 -5 61 -37 26 -94 32 -46 -78 31 64 79 91 -81 8 -88 -84 -6 12 -48 -48 -59 39 -89 -3 -74 6 55 -16 79 41 -90 54 -4 27 48 54 80 95 -92 78 85 86 -29 -93 10 -98 -100 -11 -6 61 20 -78 -53 79 4 -23 20 36 -29
82 83 70 -27 -36 93 97 -12 39 -89 -69 30 28 5 -34 24 66 57 -28 -6 58 -58 -45 -70 4 85 97 -99 3 -64 17 -85 -9 53 -98 2 -78 94 -96 70 62 -82 45 0 -44 -34 1 -28 -8 10 97 8 99 5 45 -86 96 60 -92 -87 68 -6 84 39 -64 -57 82 -44
-72 94 87 -98 1 23 -68 25 -73 98 63 26 44 -82 -50 88 -32 -95 59 -84 61 -56 -15 80 74 65 79 79 -29 -97 42 -68 31 -26 95 -67 34 48 -23 -55 -13 -17 64 -25 80 36 59 41 -31 -16 -65 57 91 -87 -40 3 14 -26 -17 -52 89 22 5 81 -43 -98 48 -46
-97 58 -13 88 33 23 -46 53 -45 -10 -25 99 94 3 -58 -96 -86 46 -16 9 57 1 86 -67 11 28 20 19 -77 -34 9 -27 -46 13 -37 -17 -54 72 96 -93 -11 -94 74 63 -56 41 35 2 -46 -8 -62 58 57 10 52 -62 -8 81 -10 90 -79 6 -86 39 25 49 -71 85
52 -62 88 26 39 81 -43 52 37 -100 -100 38 35 71 21 -65 16 -47 -16 -93 -17 -20 12 31 64 -83 -60 47 -74 69 -68 74 -71 -49 -94 -88 55 83 16 -77 -90 34 1 12 -50 3 -38 -81 85 -66 27 65 -62 95 6 9 -26 12 71 69 -72 -86 -92 31 -32 -42 32 80
22 80 66 18 -52 84 11 -28 17 -52 -24 18 31 -24 -99 -84 8 96 -85 -48 -4 91 98 58 -98 -7 -77 58 -55 -74 -81 -81 92 47 44 -85 13 42 74 7 61 33 72 -31 -96 -40 29 -94 -23 -8 -28 -51 -13 74 86 -91 -46 -49 -74 94 -85 -24 34 -33 -86 -6 14 86
-77 -12 -59 52 67 -44 -54 -29 -65 14 -53 93 -75 -74 -64 -49 -14 1 75 94 19 7 96 -72 -80 -84 -58 71 70 31 63 25 -92 -78 -27 19 -47 19 21 48 -28 -78 -72 -20 67 -52 23 70 80 31 -56 -99 33 80 -1 -46 47 -62 -74 23 74 -89 -1 -74 82 -5 -31 -99
-95 -9 10 88 -25 -12 52 -16 54 8 -61 -21 -25 78 13 27 -36 89 91 -77 32 -79 0 96 4 50 -73 12 -28 16 -62 1 73 48 48 -60 24 35 -90 64 27 92 -54 -20 -10 -60 -21 47 76 -37 -75 -52 -37 2 -76 -31 -58 -97 71 -36 90 41 -73 63 75 -3 96 -85
47 72 95 -76 67 -74 -68 4 61 2 74 -54 -63 30 37 36 40 -34 -69 -30 31 32 46 93 28 -82 25 -16 21 24 -95 -82 20 -69 78 12 -50 -33 42 8 4 -64 9 -77 12 -46 -78 -45 -16 50 61 -29 46 -37 93 71 -70 -89 -72 -69 97 7 84 -53 -33 92 36 25
20 14 44 -22 -45 -99 33 -46 -5 71 4 -63 89 49 -39 -11 -67 -39 75 98 52 3 -61 -48 14 67 64 -99 97 59 -47 66 -82 -67 97 -71 -6 43 2 -41 15 84 93 -57 -92 42 -80 -48 -37 -38 81 -65 34 4 34 -56 -84 -4 70 65 32 87 20 -81 18 26 17 70
-15 -8 -86 -61 -63 2 -45 -44 -63 92 65 98 -56 -98 55 -27 -100 0 -65 41 -85 17 -18 25 77 -14 37 81 26 -34 46 -97 -56 -35 76 69 -17 -31 -50 -40 25 88 -67 45 -84 -12 -68 -3 -14 -96 95 62 19 28 -65 60 89 82 78 23 -20 -71 13 63 -1 2 -2 5
83 33 63 -36 -70 -34 -100 56 15 -67 72 -82 -20 -53 85 -100 -28 27 26 -22 2 -8 52 97 -46 -5 9 75 94 -42 33 -84 59 -22 -3 7 -34 -82 -51 3 81 50 60 -56 19 -53 -25 61 14 -17 6 -20 -30 -85 18 0 -86 43 -88 93 -42 -21 -92 9 -63 -77 -47 -47
60 56 72 7 -86 88 -96 11 53 6 45 96 -15 0 52 97 -40 -91 -67 -93 -2 -6 -78 68 -35 95 56 44 -28 -74 83 99 51 75 -66 -37 19 2 99 16 83 -83 -16 -35 -42 22 -69 -47 -13 12 -64 34 -59 -63 -64 -56 -59 -13 20 53 20 -87 34 -36 69 97 7 48
26 47 38 -50 -42 -80 -80 45 3 -8 -68 68 21 -79 1 14 7 62 -30 -38 92 95 81 85 33 -19 -25 68 17 24 -30 44 -64 -50 97 -99 44 47 -12 -81 57 -9 71 91 -91 -52 -88 21 -36 -39 31 -47 76 -94 94 27 -70 -7 65 -45 -81 -55 -56 -47 -18 8 -54 -50
87 -86 -67 83 57 -29 -13 29 -21 93 -42 10 76 4 88 13 -37 -2 -76 -48 33 23 57 98 79 -29 24 15 -6 53 -84 40 -82 24 2 -86 -31 20 41 -77 79 12 -61 10 39 53 60 -65 75 65 75 3 -75 -59 23 0 -47 0 43 84 -98 53 21 -93 49 98 20 27
-5 -38 -48 68 -31 8 -74 -33 -83 -18 28 -99 83 92 -78 -60 55 -44 -6 -10 -59 14 -23 -6 0 48 6 -81 71 -88 -14 -10 -98 -11 1 -40 -71 42 64 -32 70 -3 63 26 3 79 -14 99 5 12 -38 91 -37 -82 9 -79 18 45 -98 69 98 -70 -27 44 17 -68 51 -81
-17 -37 73 77 -6 74 -74 51 3 50 26 -71 56 61 -96 -9 -13 32 -4 -49 -85 -43 -2 -20 -79 32 -75 -92 -90 24 31 -70 -93 0 47 7 81 95 -63 -22 35 45 -61 21 56 -49 60 2 61 -100 1 54 51 0 77 -99 -20 -47 -71 -50 -28 -31 20 -96 -74 -92 53 13
-44 -93 -97 6 -37 -41 68 16 -50 -63 21 -67 -15 18 97 -27 -87 -10 -92 -89 67 -17 -87 11 35 39 28 -86 78 -74 33 -72 41 -35 25 -40 3 41 -74 -8 48 12 -92 23 40 33 59 -3 63 15 -14 50 -82 -72 -89 -55 91 -54 -84 -74 20 -91 4 30 -38 -10 -74 -74
83 91 0 79 96 -96 97 -32 56 82 -56 61 -12 66 64 -50 -42 -83 64 -13 68 65 38 38 89 -94 85 -23 -27 -90 87 -45 83 -35 -44 -19 68 -59 82 -71 11 53 7 77 -24 -95 54 44 -79 29 -9 14 -10 14 -94 -94 -29 -19 76 -63 -4 53 -53 -12 -68 -97 -73 16
6 59 -6 -39 -1 -78 -47 -99 -52 -6 19 -13 -40 34 -22 -84 81 79 23 48 4 -82 -53 -12 -19 82 67 99 -60 64 -77 10 -84 -7 -25 -88 -2 49 54 38 22 -66 -48 99 44 50 89 -76 -35 12 14 -54 -29 -44 -24 -12 18 -66 -97 -81 -36 97 96 -62 8 -47 66 -73
-33 81 93 31 -49 29 68 61 -77 86 -3 86 98 -25 63 7 71 -15 -53 40 -46 50 94 -24 -83 2 69 -15 49 -87 26 45 -87 19 23 73 -81 -50 -96 48 31 -34 14 59 -31 95 -23 -32 -78 83 21 25 -91 99 -56 -73 85 -69 75 78 79 -14 -56 34 62 -81 43 34
-25 43 59 28 14 -94 -77 10 -72 3 20 60 -13 -53 -2 -98 -69 -36 -90 -45 78 92 -46 25 34 -45 -5 55 -83 21 -78 60 -67 18 -50 34 -94 -62 85 20 65 -68 81 75 82 -72 -83 71 -100 -44 8 -60 15 -91 -15 -53 82 -26 -52 -38 -66 -83 3 47 11 92 25 25
49 13 99 -89 26 -78 40 -98 -33 -4 26 84 64 -6 -91 -46 -33 -3 88 -30 -9 -71 58 46 -15 23 7 -71 -49 -16 -53 57 -91 -28 -58 -11 -67 13 0 -13 -78 -27 -17 -34 -97 -1 78 -34 56 53 24 72 -7 -50 -58 48 54 2 -42 -44 67 -16 13 11 29 7 -75 -35
0 -20 -14 77 75 37 -87 -44 -7 27 3 8 81 -3 97 -59 88 -38 72 -22 77 -57 87 87 38 83 -66 30 1 30 73 0 -59 73 85 41 34 50 -45 -65 14 38 27 -66 -38 -99 -54 -96 -60 32 -89 -29 38 -82 -30 -37 71 8 87 -78 -31 73 -86 -3 -61 -62 -62 81
-9 29 51 29 6 96 -82 34 99 -44 -44 41 14 -73 -20 91 -62 -81 -47 -1 -56 -8 -33 -49 21 55 -49 -28 -62 32 -55 -76 -46 -59 -15 81 -86 0 37 19 -28 -92 -50 -64 68 -82 22 99 -9 25 57 -45 64 3 31 14 -99 -54 -72 -50 18 43 25 -6 -52 44 -82 -96
-24 88 32 2 -19 -45 25 -74 -33 -17 6 -22 94 38 45 40 39 -88 54 -34 -39 -96 31 -62 -46 -70 -38 -60 75 -88 -86 -36 66 30 78 -19 38 -54 -11 50 72 -72 -77 -87 -72 -28 51 -99 -27 25 -27 -72 41 42 49 16 93 23 -75 9 25 42 44 -4 22 -29 72 94
7 89 49 -68 5 -31 -74 46 -13 68 -13 -30 -62 -12 -84 42 30 55 -15 80 40 -80 -22 41 -100 -54 -43 88 -50 86 69 -35 33 71 62 -59 -72 92 -81 -53 -15 -50 -66 -81 6 -86 98 -49 -74 -71 -91 35 4 -10 -96 -27 54 -72 -60 -32 -16 -71 -18 81 74 6 -13 84
64 48 -35 -48 80 -71 20 -99 -23 -13 -72 -44 50 -34 69 0 25 73 -88 -100 85 -93 -46 45 62 -86 -53 -6 -93 -12 89 -79 -68 60 -80 51 -86 39 -60 -21 -12 -73 69 -77 35 -9 18 -65 -25 9 -62 14 -53 93 -66 71 -49 98 -77 80 93 2 79 85 -42 57 65 70
14 94 -66 -39 5 -10 -22 75 31 -20 -12 49 -41 -91 37 68 71 12 57 -92 83 73 95 -20 -65 -16 38 86 29 -33 32 56 52 -1 84 -32 29 -65 -66 -68 -64 -3 10 -75 47 23 57 77 73 -55 -61 -34 58 -1 38 93 -8 -42 53 87 -71 -42 85 58 83 -22 -60 95
-75 59 74 -89 -36 58 -3 60 8 -99 71 17 -87 92 -29 -100 -92 -92 16 83 34 99 -43 53 -22 29 70 -53 -19 -25 -2 86 -45 -38 -42 18 45 -70 -4 28 43 96 -25 24 -25 -60 82 7 -71 -1 55 70 84 -96 54 98 -40 -11 -34 59 97 53 59 62 -15 12 -95 -72
58 6 -32 -17 86 -1 88 -69 51 -37 47 62 -15 -23 65 -89 -91 21 -81 -19 91 79 35 -78 71 30 -70 54 -59 80 -77 70 -5 -74 8 -12 -29 -28 -13 33 85 87 75 -79 68 82 -50 -50 31 -14 -95 71 -45 -55 -67 -39 -48 40 -36 6 -47 -56 78 -26 -64 -14 -43 20
-39 77 7 51 5 25 21 16 42 58 7 -7 81 55 -29 -50 65 67 -58 63 74 -60 49 7 -52 -86 -41 -73 -63 2 -41 30 -80 -84 -27 -32 19 9 46 92 -69 -47 20 -22 11 36 -82 44 99 -1 -5 -59 54 -94 16 24 -18 71 49 -86 6 -27 69 -14 -89 23 -99 -72
-17 -41 -51 36 -72 46 -36 -96 53 24 49 25 -94 59 -9 -63 -76 1 2 33 15 -33 50 78 -65 -43 47 97 96 38 62 -61 74 -22 -93 16 55 -5 39 28 55 -68 -83 -61 63 9 -89 -11 -35 -62 54 90 71 58 90 27 28 -40 -73 50 -30 -61 88 34 42 -5 -32 -55
-62 -82 -97 36 -87 64 -95 -84 80 7 -66 -39 7 -10 -11 -36 70 31 58 -39 -27 -89 50 13 93 37 -67 -92 -71 -46 -13 46 95 -56 -31 -86 -92 -28 78 28 -1 -82 90 -21 28 75 -97 -66 36 -16 -6 -55 74 89 35 -38 -79 -21 42 -47 53 87 29 -49 -48 32 -56 -98
-2 32 -60 89 -38 -91 3 -67 90 -30 59 89 89 -21 65 66 84 64 -64 -46 15 54 50 -46 -16 10 29 -91 -77 -16 -46 7 96 3 98 29 43 -50 -78 71 -29 34 1 -100 13 49 64 -20 -63 -14 49 -12 29 -18 82 -42 -96 -69 36 -57 66 -66 55 61 -5 -34 -63 56
81 15 -49 -97 61 -83 10 -89 -72 97 38 32 18 32 47 -55 52 -78 -43 -27 -49 -63 98 -11 28 19 88 24 -99 -47 16 -16 -52 81 17 -97 2 -47 -58 -86 18 -67 92 -35 -8 -38 42 47 -60 68 81 -33 -28 -59 -58 -73 -39 -17 -11 -47 40 20 32 79 -53 92 41 70
-47 -73 92 46 -100 -5 89 -53 41 -80 -15 -72 46 18 -82 -59 63 7 -64 -50 81 2 -19 -33 50 39 -7 12 16 -32 -34 -99 50 -17 -67 -46 -12 -100 -50 -21 63 74 -99 4 88 -59 -43 87 8 -81 -15 -38 -100 -76 49 42 -11 -30 10 -96 -78 -76 -7 51 85 -87 73 -2
-4 -72 51 52 -63 -57 93 97 20 -27 46 -77 -33 13 -95 9 2 -68 -72 18 24 -44 -29 18 1 -14 -55 72 58 28 31 83 -30 -33 95 54 -9 32 66 -23 56 -78 -16 35 20 -88 -17 85 -37 -85 19 0 10 -2 5 -70 -83 -56 71 45 57 65 31 88 24 -63 -62 34
-64 69 3 60 14 -68 36 30 -73 -39 84 29 63 -71 -95 83 -51 16 -56 24 39 -73 -21 8 18 -23 42 -91 -99 29 -35 -97 -66 30 25 -32 -59 82 49 -52 64 -80 -25 89 46 -98 35 92 -40 82 67 -67 61 -33 28 67 -43 65 -64 51 -56 -91 16 -67 -8 -85 -4 7
84 -43 -32 -10 23 -59 1 26 -80 -70 41 -54 -93 51 55 0 48 -1 75 -50 74 28 -8 -71 -37 -97 -13 -44 -66 43 51 -8 -75 -59 57 -85 12 -8 -86 79 30 12 50 -75 -26 -27 99 -55 97 -39 63 -16 18 41 67 71 -35 83 -36 37 -32 -16 -98 84 7 26 -29 -52
88 -72 -31 65 78 -83 79 5 57 -58 96 1 -66 -5 -39 89 -13 71 88 -83 -10 19 30 63 -50 96 -1 18 74 4 -74 39 89 -41 -66 78 10 54 -1 91 -27 -89 -82 -89 -48 -90 -8 -87 -73 -97 -8 52 46 -82 -49 19 17 92 67 -54 70 -30 92 -34 -31 -21 -86 -8
-8 28 11 14 48 -16 44 -69 -88 -46 -91 65 -68 9 -46 3 -99 91 -80 -49 55 99 -59 60 3 -43 -70 73 30 37 -43 -74 66 -78 2 -97 27 -16 59 62 -27 78 -16 -48 -84 13 -72 -21 -5 51 88 -99 33 39 91 -31 -87 -99 27 -42 -38 -100 -18 -23 -2 15 -83 -92
38 57 58 15 22 36 48 70 37 27 -1 99 96 -50 95 5 40 46 -35 56 -23 -94 -12 -81 -5 58 86 16 62 26 28 -49 90 65 74 -90 85 18 53 84 73 82 -63 -77 -27 -92 7 -42 -62 -23 84 82 97 -52 -80 84 -85 -83 37 -69 -79 12 -42 40 -91 25 -86 20
49 49 17 -88 47 -4 78 -37 -8 12 46 -49 81 -56 -56 53 -22 -61 -59 67 -79 38 42 51 -89 61 59 13 1 41 -5 -80 34 -39 -31 -59 -2 39 37 36 -46 -8 -76 -93 -37 75 -88 -45 -75 -10 35 54 61 -99 53 87 64 5 -92 40 -12 -31 -28 2 -72 -14 8 48
-48 68 -33 -27 -76 -26 -22 39 34 -78 -67 20 72 -10 -61 52 30 42 -73 23 44 -29 -31 17 -56 -16 -58 34 -85 91 -20 75 44 -6 -5 -82 -68 -73 -65 -75 -76 84 22 -82 -12 -77 85 -66 78 13 -72 59 -53 -71 97 30 -44 -49 9 65 -53 86 29 21 -70 -53 -78 -8
-92 51 -52 -99 43 18 4 -61 74 -51 56 -37 -36 21 95 -28 5 -19 -27 -31 -8 -50 -84 -82 72 9 20 -17 -54 -91 92 26 -85 -15 25 -67 54 68 -90 -21 -71 59 -35 67 33 92 -27 81 -22 -64 69 -55 -61 85 15 98 -94 -91 9 -80 76 17 -48 -4 -88 -93 -3 15
-35 -38 45 -20 16 -81 -20 -34 11 72 81 -13 26 2 -56 -1 31 44 68 51 65 98 -93 16 89 95 -73 -41 61 -9 89 2 -64 -84 57 -72 1 -73 -77 -19 -61 -7 -52 32 -91 -5 -50 2 51 3 -95 -61 93 95 18 -81 -1 -49 80 -55 -79 22 -52 79 -25 -71 97 -10
-21 -12 13 -81 41 9 -58 74 52 -38 96 82 -1 -79 -34 98 39 22 72 38 7 49 84 37 -52 16 -57 -43 -30 59 93 -57 46 -26 -80 -12 -74 -41 -98 81 13 24 -50 -33 -44 15 -100 -57 45 37 19 44 25 68 -86 -80 -66 29 -94 -92 -71 -88 15 -94 -70 60 77 -43
80 34 44 60 82 37 -65 -22 16 53 -6 2 57 -99 67 33 86 -55 27 -4 -33 84 20 -100 -28 17 -100 47 23 -40 3 -47 -24 -53 26 -61 -55 -7 -68 -38 28 -13 -23 -21 81 -90 -15 -98 -68 -64 78 -56 -97 -58 61 30 4 85 -65 -90 -51 56 10 0 -33 -38 -91 -18
60 -12 13 64 -48 -39 -79 26 -73 -1 92 2 61 81 -28 -11 94 67 31 89 -57 22 -26 -16 36 -67 68 51 -12 63 0 37 -23 54 72 -46 -99 -34 65 -96 2 -94 -27 -83 48 76 -19 97 60 59 -81 29 -10 10 81 36 36 47 -33 -47 22 89 41 97 50 -74 64 66
-71 83 -70 53 -55 -99 -68 -8 84 -32 -48 -82 -79 22 -56 -37 98 58 -39 -21 -90 22 59 -54 39 66 -16 -38 30 -59 -37 -72 -51 80 -61 55 62 97 -72 98 -21 -10 78 -92 -74 28 39 34 -71 94 -74 35 8 -47 -15 -33 54 -32 -42 46 -67 43 74 -6 50 77 -43 -24
24 6 50 3 -44 -34 -50 -30 25 -12 71 -22 69 30 -73 6 51 -62 8 15 -69 28 27 7 -25 8 52 50 71 -22 -8 87 -1 12 41 35 55 0 -23 -48 99 47 -74 60 12 98 -43 -60 -40 79 18 82 -51 29 -2 84 4 83 -54 8 35 79 -13 -91 -45 99 -34 51
-4 -12 -2 46 -3 21 -20 39 8 -15 -17 59 -83 -55 92 -80 -26 -59 -81 -42 -100 54 -5 -94 -88 -77 -2 -95 -4 90 -47 -30 51 74 -98 -43 -3 62 34 3 48 -36 46 -99 -92 -57 -64 82 -51 -45 80 19 -57 7 64 50 21 -89 -14 83 18 10 81 -63 -28 -7 -87 99
