64 95
1 -20 59 -39 -86 -85 -13 -90 -25 2 78 -26 -90 77 -33 40 -1 66 27 -81 -5 -43 -77 22 -73 95 98 30 67 -12 40 -59 -57 28 -50 17 -80 52 -13 -2 40 -90 -57 -92 76 14 -74 -68 -86 63 79 -28 42 -59 93 41 76 36 29 -75 98 65 -71 -86 -96 -32 69 -58 -39 -98 -40 39 -92 63 -2 56 79 -37 -53 12 -86 -20 -78 -70 31 35 -81 58 80 -37 10 48 10 54 93
-34 81 -8 -33 7 -52 41 -37 -31 -93 70 10 2 -74 -70 32 -97 -89 65 70 16 82 -99 11 -16 -68 -75 88 84 -70 -70 68 18 36 -28 -82 -12 42 -83 -87 -91 61 19 5 -61 65 92 -85 -11 49 -18 -79 -41 -68 -67 71 20 87 16 -71 -68 -69 -35 22 -50 -40 -68 -24 39 50 -94 -27 -93 -45 -49 -11 99 25 -78 69 -56 65 -21 -76 -1 20 25 -52 -42 57 53 83 -43 -36 -33
98 97 38 8 86 -51 52 -48 37 66 -100 -48 59 -79 -19 -78 38 -34 -42 -16 -81 47 -30 3 -46 -20 -45 -3 23 -94 -43 -96 -94 83 -20 56 15 -15 -24 63 -93 83 -64 -72 95 -82 -51 -66 -34 -25 89 -91 -71 24 15 25 73 -71 84 -42 -59 -7 -82 16 60 61 -4 77 45 -47 63 79 -51 -27 -32 93 33 -55 26 -75 68 84 -24 83 -68 89 66 -51 24 67 44 66 -20 11 32
72 -23 39 22 -11 46 -35 96 8 36 49 -77 -47 -8 -69 -13 30 98 -36 5 -88 -42 74 -53 30 32 83 28 -40 -26 -9 -38 6 9 80 -48 -7 43 46 4 90 7 -58 -39 91 -50 75 16 -13 -58 40 88 22 56 -75 27 -45 57 88 27 -1 -63 37 -83 19 -85 73 -20 -94 12 -12 25 94 -88 45 67 3 65 -46 -23 59 -7 64 95 -45 -70 -80 49 -18 -5 19 89 57 -58 -1
15 -89 -48 66 -6 -42 49 94 -86 90 61 38 23 72 -14 -80 47 46 11 43 60 33 4 83 37 94 46 67 -73 -43 13 26 -78 -53 -15 26 -96 31 -94 -59 -36 16 7 -8 40 -36 -55 28 -55 -52 59 -22 15 -74 85 -89 95 11 -22 -47 -85 -29 -74 17 46 -11 12 49 -8 -12 -18 -56 -47 38 70 3 19 -10 29 -89 -96 93 43 -12 14 92 38 -60 -96 -51 -2 -52 88 51 -56
2 9 71 -31 -80 26 -27 -66 -72 63 -42 42 -7 -6 -90 80 72 -69 -55 -39 90 75 98 79 81 87 92 -53 85 -93 -99 53 93 -59 -48 -38 79 -28 -87 -94 92 97 -26 -85 -65 -76 4 56 24 82 64 -10 51 -19 96 8 86 -19 25 -63 -12 -2 -95 19 -61 -78 -73 -3 61 24 -46 26 -27 -76 -16 -80 -64 66 65 -98 54 -43 -22 -62 -64 37 54 49 -51 1 90 -48 -32 80 -1
99 28 70 -10 -76 -45 37 87 -90 19 -30 -13 58 82 2 99 -46 -45 -35 48 20 -39 -86 -44 10 68 -93 72 40 -38 33 32 37 -73 -45 -68 53 40 -4 -48 -43 -19 -69 -89 97 -75 -90 -69 -4 94 97 96 54 69 76 34 18 83 35 -53 -8 33 34 2 -40 5 -48 -87 -63 -43 11 -59 57 -13 -51 51 45 -30 -2 -31 99 48 17 -85 22 61 -85 -64 90 75 2 28 97 30 18
-10 86 -27 86 21 31 98 -43 -10 -48 6 -86 1 -90 49 64 -98 24 65 -26 -38 -51 24 -48 -42 58 67 -33 25 51 64 -14 61 -51 -80 -44 -88 25 -50 -1 -76 35 46 25 56 -29 49 6 64 -85 0 55 -77 -5 -57 34 -20 -22 52 -30 -20 -82 32 -40 -43 70 38 42 42 -19 -79 35 77 -47 -77 27 41 77 -21 48 -87 4 -82 28 88 88 -79 42 -69 90 -98 28 67 -70 62
-34 -56 25 -74 0 -69 28 -52 56 -30 -92 92 -26 -22 -52 -90 -60 15 75 -46 -26 8 91 87 -58 -15 -79 -8 68 -72 -74 -71 52 60 -59 24 -33 -69 -66 -81 14 4 -46 -15 68 92 72 35 -36 -44 -32 -11 84 -30 -90 -71 -96 -97 -16 -93 -70 -30 11 41 -40 35 -100 85 54 -38 35 17 22 -39 -36 -29 -11 71 41 -31 -72 -65 -62 -26 -42 -8 47 54 88 62 15 38 -2 -71 -70
-73 -36 -92 36 61 21 73 -30 -53 23 11 -70 98 -8 -29 14 89 -66 -64 -70 -66 13 57 -89 -2 -84 -52 -34 50 -63 -91 -71 -61 31 71 -98 15 5 14 85 -28 -15 32 68 -51 77 -23 -7 -77 80 22 8 69 72 13 14 19 6 -61 -91 15 18 -19 88 53 58 -4 74 52 85 66 -78 45 -91 90 10 -84 60 -57 -24 94 93 75 -76 -46 7 76 35 98 6 -46 -28 -52 -6 -53
97 3 -68 2 -56 -84 54 78 34 -90 -14 63 -61 -63 -2 -81 68 -86 94 -10 46 70 -70 -74 -40 -90 18 96 98 33 64 7 42 48 5 -37 -41 -10 -50 97 37 -98 -96 49 32 82 -6 23 77 89 -70 79 -3 -64 -30 75 75 -84 -20 87 56 -33 -100 95 84 2 -75 -1 -48 34 87 66 -78 14 -88 23 -55 -33 -72 -95 -22 -24 -87 70 -78 -15 -2 3 37 71 -45 62 30 86 22
-92 -49 -63 -67 76 44 81 -72 -69 -53 93 -80 -87 -42 -87 24 44 53 -6 -53 -61 -83 -48 63 -82 -58 53 -32 5 92 29 31 46 75 -49 -4 11 73 -61 42 35 6 -20 3 95 -97 -48 -77 24 52 85 33 -89 30 46 -77 -35 -51 30 -62 -84 33 -51 -34 5 56 -71 -53 -60 31 -49 -20 -47 -36 -94 -10 25 -37 19 -95 20 -40 81 98 -40 -35 19 -12 -82 28 -4 -55 11 -65 -67
52 -54 -67 18 -24 -25 32 -90 -98 -73 -43 24 -53 -57 -20 -78 -72 82 -31 39 -34 -25 9 30 -94 50 -87 -36 -35 -14 -76 14 -49 99 -53 -17 5 -83 74 7 49 -36 89 -19 -39 73 8 -50 66 -15 -98 71 54 -3 -28 -25 -29 -30 45 -56 71 57 -79 64 9 90 10 19 50 -92 -58 -53 -29 -64 -1 -22 16 -81 -72 -73 -66 -95 25 16 41 -88 -84 63 -7 -20 32 0 -42 -16 30
-6 -86 77 2 -60 -83 -18 76 -95 31 -53 0 -25 -39 34 67 -83 61 18 0 35 -33 90 -78 -26 20 -46 -14 20 -77 48 74 -44 64 54 -93 -46 80 -87 -68 66 2 69 -27 -45 35 88 -21 -73 -83 -68 -68 79 -31 17 -75 27 82 -5 -78 83 84 7 -1 -88 -59 75 76 -42 -61 31 -10 22 -98 39 -68 -73 7 98 -66 5 88 -80 -75 -75 -90 95 47 -49 -11 -98 -38 -43 59 38
67 27 32 -34 71 8 52 -57 -55 68 -38 55 -35 -78 -93 1 21 -96 -98 -12 -13 -60 46 -93 94 50 -75 45 56 -29 -40 -34 -73 -88 -94 14 -86 47 45 72 -81 13 -10 86 -70 61 -39 75 -16 88 -34 -95 29 -51 34 84 -5 -5 -48 -41 -67 -59 25 -35 19 13 42 -61 70 -20 -35 28 78 0 -61 -67 -15 -41 57 -78 -81 -44 64 -88 -100 32 -15 76 62 -94 16 -60 16 10 88
-43 63 -46 96 61 -62 -2 93 34 15 -82 40 26 59 17 -95 20 10 20 60 39 -15 60 43 -86 -1 8 -100 -12 75 43 45 -19 -30 96 5 -68 88 54 68 58 73 62 69 62 -48 -69 -13 35 -8 -38 -37 -40 -31 -70 -87 -58 22 29 5 -1 -28 -73 86 -76 -99 47 15 -64 -42 -13 58 -76 -50 97 -21 74 0 84 70 78 -46 -92 -76 -95 79 -39 57 56 74 -24 -95 37 -83 -89
-3 -76 40 14 -48 57 -43 62 -40 0 60 -97 -63 21 43 53 -45 -91 40 -14 7 -92 74 98 -27 -32 13 -6 91 94 44 66 89 -68 -77 -51 -80 -57 -35 71 -36 38 -92 -9 -49 -2 -48 69 -31 -96 -22 5 21 0 17 -92 -51 -66 53 2 -40 34 33 -15 -93 -84 38 -18 -2 42 62 -75 24 38 -18 -47 78 -33 -24 -11 0 -9 48 76 20 44 -59 16 32 67 58 -71 -78 -86 -2
20 50 92 -7 6 -54 67 0 -7 20 -48 -6 55 -83 -49 -36 28 65 74 -79 -47 71 -62 -50 37 -98 21 -50 -57 -32 60 -46 82 -82 92 83 -32 68 64 34 -62 -73 77 -96 -34 -20 -58 -71 -45 10 -87 -49 -39 -53 -23 52 12 -1 37 0 -85 -70 -71 20 68 -65 -36 -11 -22 -51 -22 -11 -55 49 59 -41 65 -45 -36 -38 33 -27 12 -88 70 -94 -79 -81 5 -44 -28 -1 -3 -47 -22
21 -63 -10 -28 79 -76 12 -14 25 -11 50 -36 32 38 43 -95 22 15 58 27 -35 56 -21 -38 -34 -65 36 -72 28 -89 -4 61 -19 -30 -70 -3 9 -97 33 62 -26 -65 91 70 75 45 91 -11 -100 77 -8 -74 -43 -33 -89 28 43 -85 95 59 15 54 91 68 28 70 99 -3 51 19 93 16 68 -25 27 -29 32 -81 -44 0 61 18 -33 -2 58 57 -76 -25 -100 -88 22 67 48 -3 -81
-50 -71 -66 2 -83 -100 79 87 23 -22 -44 -94 -23 95 68 5 26 -95 63 -33 9 18 -7 53 59 26 87 -40 -62 30 17 -97 26 53 49 6 -50 69 36 55 18 -22 14 40 -86 79 75 86 51 -64 27 41 -24 14 45 -25 -95 12 55 85 39 -13 -67 -21 82 -63 24 72 70 -41 -87 -18 11 -22 47 -66 -75 -15 93 23 60 -7 -17 -36 68 38 -42 -84 31 -12 25 -66 49 61 39
-5 -67 -77 -5 86 -97 87 -57 -38 -63 -77 -60 -44 97 70 -79 -15 67 86 58 -96 -5 2 51 75 -42 -16 29 -62 -62 -51 -1 -56 -5 -13 17 -30 87 64 -34 38 -36 -3 -64 0 72 3 -40 -45 58 29 -59 62 -41 74 -84 -68 7 1 -46 89 49 -29 23 -7 84 -21 75 67 -56 81 93 -73 -36 -81 -63 -76 -63 -85 89 -43 -57 -65 -56 61 71 -27 -13 80 -8 -89 -87 -93 46 94
-44 -73 80 49 72 -14 -55 49 12 -73 -31 10 31 -89 -36 -83 93 64 4 60 98 -43 27 4 6 54 35 -14 41 -23 9 -24 88 -63 -73 -81 41 -74 9 1 84 13 -21 -1 35 10 -63 -24 -37 -45 -49 -45 -5 -34 2 -41 85 -66 -17 -63 67 74 -38 -73 -85 -73 -95 43 -98 -49 -94 57 45 -95 -6 12 -43 59 -40 45 -67 -74 98 -50 -11 33 -74 86 49 -87 -85 46 -58 71 17
76 -59 81 -42 -51 30 54 19 89 70 -100 -89 -87 -44 -3 82 -36 -24 -86 20 -29 -19 61 6 81 57 61 49 95 -93 -34 -33 7 -28 -8 95 -65 97 -14 -84 -80 -24 -59 -8 40 -80 85 69 -75 38 -98 -76 -85 6 19 34 63 -49 29 96 69 -7 89 50 87 -69 67 90 -1 -40 -5 45 32 18 85 -66 63 -37 -83 -62 7 -25 -14 -44 86 -18 34 82 -62 -64 6 -32 -40 -7 96
-77 6 72 -46 -48 79 -29 89 38 -81 29 26 66 56 51 -20 -46 76 -85 70 19 51 21 -70 -26 -72 -66 34 -23 -41 51 -30 59 -94 -36 -82 -46 45 1 -59 8 -66 81 78 -54 97 8 -14 59 50 -40 -93 -47 -44 28 -77 15 -86 1 -40 -37 -36 6 -9 -88 -84 -90 62 -34 42 83 -18 49 -51 -51 -71 -64 98 19 16 54 2 -79 24 30 -57 27 94 -45 23 -95 -55 38 5 19
-1 20 84 -41 -94 94 -19 -96 4 42 19 89 -23 90 -19 91 -27 -20 -12 -52 30 -46 -43 1 18 67 -23 -52 -36 74 51 9 -37 -35 -22 30 -53 41 -56 -23 64 -21 58 95 -96 -30 -71 -47 -79 -100 87 97 75 94 -82 -41 95 -32 -58 -83 65 -89 -58 -15 -87 53 85 52 24 -58 17 6 -23 5 -8 -36 -2 95 -67 61 -43 85 -67 -30 58 -16 10 -68 -10 -8 -88 -6 -24 -10 -82
-86 -92 -70 15 -40 57 -1 -79 -50 88 -26 -26 75 57 89 -14 94 -32 65 -28 36 -16 -7 -7 -23 62 21 92 76 74 -19 58 53 33 -2 -74 -69 -57 11 80 57 35 64 -92 74 -69 -97 -48 53 -62 -89 77 10 -57 -14 -78 37 63 53 -83 66 -26 53 44 50 -62 72 67 13 25 -22 -10 41 -12 -71 -86 17 43 27 63 33 -21 79 72 9 62 -39 30 -15 42 -62 2 4 -92 -57
58 -56 30 80 38 -35 87 -36 -85 -37 -94 75 -97 1 -6 44 22 51 -100 41 -99 -36 53 -48 -19 -19 -58 2 -86 12 -51 -15 -43 64 14 70 -42 83 97 33 54 -86 -18 -11 -28 -70 -2 -94 -65 -53 -100 85 59 9 37 -83 79 -24 99 -73 78 -24 -16 -19 29 -71 89 2 37 9 96 81 80 -61 -1 -25 -30 -53 82 29 -24 -80 76 -21 -68 -16 77 -78 -4 10 82 72 -97 -72 -91
-39 -31 84 15 -12 97 84 -93 36 65 -23 5 16 62 -28 -21 62 58 58 19 -93 54 42 -83 93 -29 52 82 13 82 -91 69 -73 74 96 48 -12 -13 31 -5 58 -79 90 41 50 43 31 -93 19 -4 10 81 -27 82 -97 13 -8 85 -42 -77 78 66 30 15 6 -55 -42 37 42 -93 8 -98 -92 -8 94 9 -76 -16 89 57 13 -24 -88 -90 25 24 -34 -34 42 -14 8 53 -61 -11 13
-21 62 -84 -50 61 -89 41 -49 54 -24 29 -33 8 38 12 53 -67 -43 84 -77 -85 96 -57 -32 -48 3 26 -96 -47 20 -27 15 -95 -9 -5 47 25 97 60 -99 -85 -81 -14 -94 -5 41 -88 -95 -16 -71 -86 -36 -1 64 57 -44 -39 -69 -43 -87 94 -7 -8 6 82 -47 24 -23 63 57 93 74 -69 -70 85 -63 92 27 84 -35 -95 -62 24 43 26 -38 -36 -53 27 -86 -62 49 45 -86 7
-38 -91 -60 50 29 73 32 -83 -75 -40 -73 -17 76 82 77 48 -70 0 -71 79 -42 93 -65 -79 69 29 8 -69 25 69 -80 65 -69 -37 -88 -80 83 -89 4 -39 -81 2 0 -89 91 5 -81 -20 -64 54 -91 46 -32 -17 -91 -64 -79 23 -99 -2 72 22 -39 -64 -65 67 61 -13 -62 -73 -89 -52 -41 -97 36 -65 13 70 -70 -97 -42 -6 -51 63 -81 16 30 -96 -89 -54 -23 -28 -18 24 -58
-30 41 -11 -93 -93 -13 -29 -96 45 22 -79 18 21 26 -60 68 2 -19 60 27 -32 -84 1 57 -61 88 45 -12 -76 5 -12 -56 -23 -17 -95 42 -97 -50 50 -18 -21 -5 -8 -68 10 43 -89 -90 -90 -36 69 78 74 54 9 62 -57 -92 -23 87 -72 10 57 -99 82 74 8 -13 73 -70 -67 -37 -41 71 -6 -39 -58 32 72 -87 -24 4 84 6 -75 54 -56 36 -99 66 44 -80 -74 64 -33
95 32 33 97 28 -89 -73 19 78 49 82 57 89 -39 80 -26 -84 11 -60 -87 -85 -63 -77 -1 53 -11 67 -72 -95 64 -51 15 -12 -6 20 -12 -18 -46 30 -100 39 -31 35 -20 28 83 -60 -39 -26 6 21 -60 -27 -3 -2 -4 -32 -33 86 -11 88 92 -23 95 30 -49 -99 -30 -62 -94 -49 65 78 -81 -53 -52 -6 -77 83 10 57 40 -1 30 -52 -5 -66 90 85 -54 44 97 -17 -6 85
-70 -20 -88 18 -86 -57 7 -7 -8 -29 -78 -31 -81 -69 -30 6 -48 20 -54 1 -42 40 -79 -52 -10 -12 63 -67 -66 68 28 97 -35 -50 70 51 -100 -20 1 -51 -4 46 91 -34 63 -81 48 28 19 31 76 -36 77 -87 -96 80 74 -19 -65 -16 60 -79 16 28 -86 -68 -66 89 -47 67 -33 -62 -54 79 -46 73 -68 -66 -51 30 4 74 -98 95 17 -1 -56 89 77 80 -64 70 -87 53 56
-81 48 70 -29 27 -56 -53 90 -31 76 62 -41 3 53 -47 -95 12 89 -19 15 -21 -44 -38 40 0 -73 86 90 6 -89 -96 -54 33 0 -12 99 -61 -79 36 90 -94 49 -28 -22 3 -38 -18 -21 -35 -75 -64 -39 71 14 -69 34 -12 -47 13 79 81 13 49 -49 91 33 -42 24 -2 44 -91 55 -28 -15 -73 -70 2 11 -1 45 42 53 -29 -62 4 -10 0 -4 22 74 -74 -67 22 28 -70
78 -27 35 36 -64 22 -14 80 -55 15 37 -64 -7 96 -71 -94 5 -86 43 30 -69 -86 28 -5 39 93 -29 -94 5 -2 -29 -14 -31 46 -10 94 12 -61 -6 92 23 -28 -84 -80 61 92 -77 -87 4 14 62 -55 76 48 16 10 -21 -14 -14 79 0 -48 -62 -47 -2 38 -53 20 83 -19 -35 -15 -46 -29 30 13 15 -97 9 -14 -15 29 -98 92 -36 -10 -46 -97 95 -59 -7 -41 75 69 -63
72 14 -1 -55 15 -65 18 -30 -64 -93 -69 -52 -95 -10 -16 52 -1 -66 72 84 0 -27 70 -45 97 13 53 23 -96 9 -27 -15 -59 33 -66 -48 -3 70 -67 25 15 87 61 -99 27 76 96 59 -82 65 78 -73 43 -99 85 43 15 51 -22 -27 92 32 95 81 -71 -89 46 33 -33 -86 -20 -6 63 -31 -71 -55 -38 -89 -25 14 -87 3 8 39 47 29 14 48 -53 -94 61 -6 -54 98 -92
66 -60 -33 52 -53 -58 72 -81 -50 -16 32 -10 1 -88 -7 28 -83 -17 -28 14 61 18 29 -65 52 44 74 6 6 -94 -59 59 90 71 -69 35 14 -48 11 88 44 83 -45 60 -84 -76 31 39 41 -40 -68 -97 -72 -18 -43 72 78 -38 19 -27 -78 -4 -14 -67 -13 88 97 65 -53 47 -86 28 -28 -74 59 12 34 62 28 1 73 76 -85 -60 32 41 20 -78 31 -83 12 -24 45 -80 -24
57 -67 -79 98 -34 57 -46 -84 -42 -89 83 -72 6 91 38 39 42 14 -5 -80 -20 -66 -83 51 -12 22 61 -41 -6 47 -34 -23 -32 46 0 38 27 48 -47 -94 -69 12 -80 -78 97 -80 -20 -33 -31 -97 45 20 40 17 -87 -69 48 75 10 34 89 88 -98 35 42 -72 55 52 88 -47 3 61 -82 -29 71 0 62 48 0 -58 -73 -36 -78 55 88 -39 -51 -7 -13 62 -52 -50 -83 -39 48
55 -42 -14 13 86 -52 99 82 74 53 -67 -65 60 68 -68 90 42 3 61 19 1 51 7 57 64 32 64 -13 -45 -40 17 36 93 76 45 33 82 96 6 -83 -4 16 17 39 -100 -60 50 26 -69 22 -93 62 -62 49 57 21 15 -20 40 -24 0 -49 -95 18 93 -74 -64 -59 57 -85 -6 12 -39 -72 55 49 25 62 53 33 99 88 -11 44 81 91 -54 73 -91 74 94 57 -25 -11 -1
26 15 -55 3 96 -5 -26 40 95 91 -51 23 92 75 -95 42 -19 49 8 75 22 -81 -23 95 29 27 -8 75 80 70 55 37 -27 42 -88 71 -46 16 -31 -17 -66 -40 14 10 96 89 -35 -45 -73 -28 62 -90 18 -60 -38 -6 -15 -95 -42 78 83 78 -40 51 89 -25 -87 -61 -29 -89 19 -40 -46 -39 -68 15 21 85 -100 -81 -56 -51 75 -51 -78 -64 31 90 53 95 -67 7 -20 -1 70
31 88 38 -60 -81 35 9 -100 -71 89 77 -82 -17 59 -59 51 -74 -18 44 -89 96 52 -29 -49 -41 -70 -59 21 47 41 65 73 35 -72 71 -38 3 66 7 45 20 60 -58 61 -63 66 10 -11 -7 -21 41 74 -72 66 -59 -45 10 -10 66 29 -43 44 -21 -14 47 -45 -30 19 -8 -16 -98 14 49 68 42 -7 -59 35 -84 39 -33 85 11 -94 -28 -21 -51 27 -62 26 -81 78 -55 28 -18
-87 73 -40 14 -74 -67 -58 1 -82 95 63 19 17 43 52 -85 52 24 -98 -52 -38 60 -90 68 78 7 15 -99 -9 28 -72 18 -51 -45 -82 4 -29 50 -46 -57 -34 -98 -89 30 45 -100 6 -66 34 -100 77 26 32 -23 77 -62 -60 -62 -21 97 33 37 18 -1 79 60 87 -3 20 48 37 71 54 6 -38 -10 63 47 18 -25 17 60 10 78 84 -22 -73 -97 -25 50 -8 -18 43 76 33
-91 14 -83 -62 30 39 38 -24 -38 -67 71 -22 66 -4 28 38 36 -78 63 13 -48 -73 -33 -92 -22 28 87 77 -85 -66 33 -59 -100 -45 -19 95 66 76 -84 49 -64 -85 58 -27 9 79 4 -12 22 -3 62 -50 -81 -95 -40 36 -19 -58 90 1 39 -38 5 78 27 -75 4 -74 16 -20 51 -30 9 1 55 77 92 85 -90 -86 -28 -23 8 -35 5 9 -50 55 -2 43 -6 54 -77 86 -1
-92 -85 -27 34 -49 15 -90 58 17 37 -17 76 65 76 -71 58 34 0 23 -91 -14 16 -32 8 77 54 -13 95 3 -81 43 -96 0 28 -61 -24 -94 48 99 97 -32 -21 44 99 65 70 1 -23 -69 16 -82 37 -11 17 85 -17 79 -91 -81 17 32 -69 72 15 48 30 86 69 7 -45 -45 9 -66 -36 25 -5 85 -59 61 2 -52 -26 39 -39 -66 56 -31 -31 -29 59 7 49 -91 -50 -42
76 -83 56 -33 42 23 96 -43 73 -77 88 53 -99 -83 8 14 -19 -97 56 18 40 93 36 -28 72 -6 -65 10 70 50 58 92 7 -97 44 -75 86 0 -18 -6 -47 -58 55 -47 8 33 6 -28 43 -61 86 -90 99 -77 15 85 -92 -11 -22 -56 89 -17 -51 3 9 -33 -32 97 89 -29 47 -7 -78 33 1 -100 -92 57 64 -50 -78 32 58 -5 -48 30 31 -59 -93 -38 -44 51 -23 92 -24
99 25 3 -27 74 67 81 41 91 -38 67 -99 -1 -15 93 22 -59 -27 -74 34 -53 49 -64 -19 11 7 -13 -51 -8 -2 -63 43 -45 -25 69 -61 41 61 -8 37 32 -29 85 -67 10 -48 94 48 -56 -47 -3 48 -77 62 -25 -87 -57 -72 -2 -67 26 80 31 -59 59 -4 -76 18 -98 78 50 59 31 -11 53 -25 -20 48 -70 -43 0 -32 53 98 78 -75 -99 -69 59 -36 -99 -76 63 -88 -100
48 5 31 -41 -39 56 -18 13 -14 80 -1 76 12 54 -55 -14 86 21 -63 -34 -7 -79 -96 48 18 53 -75 -1 73 39 -59 -47 26 -42 -32 -72 -7 23 -99 27 -52 44 33 90 -68 -41 4 95 28 62 20 9 -28 -49 23 2 -80 -75 -38 -45 37 83 47 -17 92 -71 -57 22 43 -83 92 -21 63 -37 99 -73 22 88 -48 7 -11 51 26 52 -51 94 -32 58 27 52 -28 -93 72 43 -97
28 -50 -37 69 -39 36 71 -29 13 68 -52 -50 -12 11 -16 -91 -12 1 -42 -94 0 -30 62 53 -32 -12 -14 98 54 74 30 -92 82 24 87 -63 -72 7 16 -16 48 -45 -80 49 -97 28 -80 -12 -84 -86 -44 -12 22 20 97 21 60 -29 14 92 -76 -94 -27 -10 80 -47 -5 -52 13 27 -34 69 -74 -100 -25 -60 -94 71 88 -100 57 30 0 17 84 19 -76 -23 14 95 -64 -45 -83 -30 63
-90 -91 -30 55 -51 0 31 -71 97 -34 -2 -56 -56 -77 -92 39 -51 -46 39 -57 8 -44 -73 65 -80 -42 34 58 -75 -39 -64 -19 83 -93 92 -83 -68 -33 -68 -30 29 -64 3 -29 -76 20 -19 -50 -32 -97 -85 20 -7 69 -32 32 74 4 -54 57 28 -16 45 94 -11 -7 -84 -38 33 35 -94 -87 23 -43 -87 73 -8 -12 97 20 83 -88 -46 -67 -83 54 -27 57 31 -24 80 -80 96 -85 73
67 36 -65 -99 17 -99 -52 -63 37 66 -5 -79 74 37 -46 -33 -30 17 -59 6 -70 -37 -23 -25 66 40 18 -100 -59 -96 -56 99 52 -71 -19 22 47 95 -78 41 78 -29 99 35 -99 58 80 40 -17 87 -2 38 -68 99 -35 46 -26 12 -14 -74 -80 -92 32 -91 88 -69 -69 38 95 -80 -98 -95 -34 -20 69 -50 -5 -1 21 68 28 71 -61 -63 -69 -98 82 90 -45 19 89 29 66 76 68
53 -56 35 33 -66 39 22 30 90 83 -4 -14 84 67 -84 1 -30 -64 8 36 48 94 -78 -80 51 -62 30 13 2 -5 -79 74 -12 43 -8 -17 -58 -65 99 -12 -44 5 19 -88 3 -98 -22 76 -28 -76 67 -55 -5 -34 66 -25 40 -22 -60 96 -42 -70 -70 76 74 66 -46 62 -82 -88 87 46 -33 -99 42 -7 -4 27 96 -98 0 -64 -90 34 -6 26 -29 -65 -94 19 -27 -8 -74 32 39
24 39 52 -71 -4 -66 -94 -64 -82 -77 58 -48 91 39 43 -73 63 -81 -29 -5 -40 12 67 31 -72 -63 -1 82 71 93 -92 -71 40 -86 -38 -10 -70 85 60 8 -94 -73 -75 -3 16 91 -74 -26 15 -71 54 42 -47 2 17 45 42 85 -60 -54 83 -70 -65 55 43 37 83 -32 57 52 -41 -90 52 53 6 58 -42 -30 -13 -51 -57 -66 -32 -71 -34 -27 -85 -75 -35 78 -38 -27 62 60 96
-79 16 -90 -7 -41 -17 68 -6 27 -5 -21 -36 6 95 -94 51 44 61 6 50 66 64 -85 -63 -72 -78 -92 -62 68 23 28 88 39 -23 -58 89 20 -66 18 62 86 39 82 -16 73 50 -76 13 -4 -46 -80 -5 -11 -3 44 5 -11 63 -26 -68 94 -34 98 7 -62 -91 45 -67 -34 -84 -55 -30 95 -16 -87 9 -77 -73 -72 10 52 71 -75 60 96 -73 26 76 20 -26 45 -1 75 3 54
-4 -15 -76 66 -27 77 51 72 -1 7 -98 26 8 45 -18 46 -79 4 58 69 53 -19 69 -21 -47 14 -59 57 19 35 30 32 -64 29 6 23 80 -6 42 46 69 52 25 -93 37 -10 87 -75 -5 -75 -3 -96 77 -68 -49 -23 73 -94 14 50 -71 55 -41 55 -54 -3 -69 2 -81 84 -24 -100 -61 -96 -47 -83 79 7 26 30 -72 94 30 85 -11 -37 -52 -22 55 -56 -25 -65 89 46 -82
-100 59 -7 -21 28 10 43 55 -14 -54 19 86 -16 70 -33 -33 50 15 39 71 6 -28 84 -10 -74 -15 -47 74 -6 83 -87 83 31 74 65 -73 61 64 31 30 -24 65 92 88 -60 11 -26 30 23 65 65 63 -7 98 70 84 23 -9 36 22 41 86 55 46 96 72 -90 -83 -4 17 33 -99 61 81 67 56 -47 54 92 47 -59 -43 -78 14 79 1 -14 22 52 -54 9 35 -35 -70 0
47 31 -100 31 -10 35 -74 96 84 -13 -87 64 84 94 -26 -86 99 -82 -52 5 -100 64 -33 94 76 84 26 33 89 86 72 4 -89 91 87 12 91 -88 -89 -35 11 -16 -70 84 69 -28 44 -41 -48 16 -35 -81 25 -12 -60 -83 70 -88 -18 11 96 99 -40 20 -60 54 -71 -50 -46 68 75 -25 26 5 68 -98 36 -37 -48 75 -17 93 -23 50 -3 -78 89 -60 -91 -88 7 -73 32 -34 -71
-41 -9 46 65 -84 21 79 19 -42 -6 -14 38 -26 -89 -85 16 7 25 -85 -73 -75 88 -52 -58 -91 -89 -84 -36 -59 73 85 -92 61 -31 -52 -88 62 -38 89 62 -94 25 -82 -72 -99 88 -20 -57 58 53 74 0 -47 66 8 82 63 -19 -93 62 -74 91 -7 -16 95 89 63 53 85 -85 -87 85 44 80 -53 -69 26 54 -59 -37 60 26 52 20 -84 3 55 -50 -94 -32 22 -19 33 62 -6
-2 92 54 -87 -47 -8 47 73 24 -13 -64 -33 15 -27 0 -40 -35 -90 90 -57 18 80 -69 8 9 -97 -26 54 8 -10 58 96 -51 44 82 -64 11 -65 -75 87 38 -89 -17 -37 20 -89 48 27 92 95 -100 -99 67 53 -46 -75 84 -91 49 9 71 38 16 -22 -2 -65 4 30 -28 11 -49 -52 -89 25 95 71 -40 -50 85 39 17 -1 31 28 46 -46 -31 -4 86 -20 23 -81 -60 -72 6
-79 57 14 36 73 84 -37 -76 -17 21 -40 62 -85 62 -83 31 27 -37 -33 5 -19 -92 15 -90 54 -80 -35 -54 34 -44 -43 -3 -90 -35 -7 73 65 -94 -89 -92 90 29 -20 -10 70 84 -55 70 97 83 -27 29 -97 -52 76 -61 -37 -22 71 -56 56 -94 -69 -42 31 50 38 -3 -72 -65 -81 -33 -29 -6 -58 -34 65 66 -52 -46 87 -16 52 87 60 -65 -6 54 27 -21 2 99 -93 43 -28
88 76 2 -49 -33 68 74 -36 -3 28 -6 29 -42 85 -46 85 99 70 -69 33 83 66 77 32 49 -18 -69 -73 -30 97 2 -25 -46 71 26 91 64 -89 -60 -99 -42 3 -67 57 53 95 -71 92 -79 62 -20 -26 -63 26 -11 -98 -13 -29 68 36 -67 -14 53 -83 54 14 29 -86 78 71 -52 -5 -53 -95 -92 66 85 -46 -15 18 -99 -25 10 -6 82 28 -73 -76 59 -92 11 -44 -84 -40 76
53 19 -30 33 37 50 45 -5 -44 -46 13 -97 25 5 69 90 22 85 -71 -74 -59 -100 16 93 67 59 71 11 -68 -9 18 24 -89 -56 11 86 3 -60 -80 81 42 -28 -55 -75 -35 77 -33 -84 9 -14 43 55 56 24 -50 52 -94 10 12 2 46 -50 47 25 -28 -41 41 29 21 21 -30 13 85 58 -45 -58 47 -83 65 78 57 -51 -89 14 10 -66 -19 87 66 -96 21 80 -31 -71 56
46 -13 -9 -28 94 -79 -53 -15 39 -37 34 -4 -20 -10 54 -37 96 32 -84 59 -86 68 63 -90 -85 -54 -3 -79 30 69 -80 -59 96 -76 32 -53 64 -31 23 -90 -48 -66 -42 -4 -84 42 -66 -19 67 38 65 -49 20 -44 -15 25 -69 26 41 39 -68 43 -76 14 -10 -73 74 -16 -12 -11 -30 -55 48 -2 -20 83 25 -21 -82 95 -73 89 34 21 -44 -4 -34 -98 -67 -38 92 72 49 82 27
42 -47 53 -90 33 33 -69 -45 74 62 -31 -42 88 1 10 -81 64 51 -85 -31 -92 1 3 13 69 98 59 70 20 5 -61 -2 82 -87 -99 -38 -49 -8 -91 97 0 -93 -63 75 -52 -4 30 -41 2 -8 -76 37 -85 -5 90 85 5 73 60 -8 -13 -14 -76 54 71 -91 -16 -49 -39 80 99 30 -51 -65 37 82 -64 -13 -65 15 43 -27 -70 14 -13 67 -40 -40 47 -22 -74 8 -20 -74 15
-39 71 85 -76 -67 -7 74 35 -31 -1 -95 86 -3 90 78 -50 -88 -61 59 -1 67 -28 1 -19 -43 -52 47 23 -65 41 57 84 1 26 -5 91 29 77 38 -49 -55 79 49 -93 35 -46 -76 -78 -79 -68 25 2 -98 -50 -91 50 52 81 13 -31 22 -16 -68 57 36 -94 -4 -3 -11 14 59 38 40 -59 -24 36 76 -54 -26 99 97 13 48 28 86 8 -43 22 -67 73 -9 -12 -85 90 94
