83 87
91 0 -33 44 49 17 -83 -80 -66 90 -64 48 35 -46 -54 29 -16 -29 -45 3 36 81 -32 -61 -5 -82 96 79 -87 -40 0 -3 85 70 -23 71 -86 71 -48 74 10 27 -41 -18 36 54 -13 77 -40 74 -26 -40 -72 75 45 78 -15 73 76 38 -22 26 0 8 61 55 5 7 -21 -24 41 -55 -99 -15 25 2 64 31 -12 45 -23 -10 -59 -27 73 45 -100
75 -6 -83 -2 -71 75 -27 76 -98 73 -55 -70 99 63 4 -7 -2 -58 -52 -57 4 32 -59 -99 5 10 17 -79 74 33 -74 -19 -62 30 16 8 -90 -92 -95 36 17 -15 46 -33 -4 -60 -44 -34 -87 -90 43 23 -82 -92 73 -74 12 12 -70 -22 33 61 15 24 59 -28 -76 -87 -18 77 -9 72 0 -34 5 62 18 42 -9 1 -7 -75 -26 74 -57 83 -62
-57 -84 -98 -15 41 -48 -96 38 -90 -51 -91 -32 89 -55 -68 -43 56 58 -72 -17 94 -11 26 -99 -46 96 42 -75 -31 14 -58 81 -48 11 49 47 4 41 -73 -51 69 42 0 21 40 71 -12 61 12 80 86 51 39 69 -60 -97 66 28 29 -7 -86 -28 -76 4 33 50 21 59 28 10 -75 -36 -18 56 -82 66 -58 -1 -53 55 44 -86 -31 57 41 17 -81
76 23 86 24 49 -49 25 -74 -26 82 -63 65 77 -62 -92 -88 89 -22 96 39 -1 -69 74 1 18 72 88 72 97 76 34 60 92 -5 -50 8 13 46 21 -61 -52 75 95 -35 -98 93 -18 96 -34 -1 -46 10 60 -89 -56 -64 22 33 -15 4 44 -16 56 -54 56 68 -44 -32 46 -95 39 -28 -16 -91 70 18 77 -84 -78 -26 27 -57 -58 -9 -30 18 -7
-11 3 77 46 13 81 6 -45 90 63 76 -8 -2 91 31 64 65 97 -42 -76 56 26 97 -50 34 -2 81 -13 15 56 -12 5 -5 -6 5 -8 18 -63 12 -61 -45 -95 -62 65 34 -36 56 89 41 -1 80 42 86 -82 91 27 -45 1 -60 -22 -14 94 22 -60 7 -14 34 -99 -21 18 75 -49 -66 -97 -50 -32 53 65 -53 -1 20 -5 17 -8 -75 96 -14
81 74 -45 -6 83 -17 37 -50 53 -60 -37 -6 -67 -30 -90 -100 9 75 -64 95 -83 -98 35 -94 93 75 20 91 -2 29 -48 -34 80 14 5 66 62 -73 -84 5 -55 96 -90 -33 42 -4 -91 85 -73 49 -20 -97 -88 -57 -39 28 34 -26 34 -28 35 -75 22 -81 -41 96 -10 92 -45 -86 -92 -12 -88 3 2 -16 -6 76 -11 -64 -38 -15 -93 21 72 -99 -92
-55 -11 4 30 -82 -32 53 -13 93 24 -41 78 -72 -39 -25 -69 57 58 78 -25 21 47 -1 -96 83 -30 -30 -18 -23 71 -14 19 -15 95 46 -10 64 78 -10 70 8 17 4 -67 -58 -70 54 19 -90 55 97 29 5 -25 32 -50 -72 -90 -19 -100 -85 3 -58 14 45 -40 4 -35 -6 35 88 8 -24 83 -49 12 54 -4 -32 -53 42 -58 27 93 82 74 45
37 -67 16 -15 -18 28 45 89 93 -85 -40 5 -8 76 -9 -94 -17 13 38 79 2 64 -16 -27 -60 45 -32 -11 54 43 26 -82 -49 -68 -82 7 43 58 -67 -14 1 -76 -57 33 -23 94 92 -91 21 0 65 61 16 21 70 -68 29 -90 13 -2 -71 -72 -66 -28 91 20 -79 -2 -37 94 51 1 25 64 -76 1 15 80 96 73 -6 47 22 56 29 91 -19
-50 -42 -1 29 -41 -3 -71 -83 -33 34 -75 97 63 14 -56 38 -89 -67 -8 57 -27 67 82 -12 77 -51 67 -37 17 -55 -13 -65 -94 -48 31 -64 0 98 -50 -48 70 35 7 21 98 -3 65 -49 -4 38 -38 -4 -28 51 -36 32 41 14 5 -15 -49 -4 -58 98 -47 9 -2 -43 40 32 48 31 90 -74 -6 -25 -74 -25 -9 7 79 -5 0 -98 15 -14 70
52 -2 61 99 -16 59 -25 66 95 82 76 -12 -10 87 96 -11 -62 10 51 -90 5 -44 4 12 -68 25 -28 24 -98 37 45 97 88 -52 -94 95 -73 -35 -63 -47 -2 30 -90 -47 -39 -90 -87 30 -64 -81 67 -53 32 59 5 62 46 -31 50 -12 30 -97 -98 -13 99 34 78 32 -48 -52 -70 81 -98 69 81 -18 7 -99 3 4 82 81 -59 -39 -24 92 89
-73 55 -8 52 11 20 -3 -44 -67 -65 41 17 13 33 80 34 -92 57 14 -100 89 95 -29 79 61 49 -33 18 41 -3 -26 32 6 -51 -91 -54 77 -55 -2 -65 -88 26 -40 73 48 11 91 18 -23 61 -78 -41 -5 35 -71 84 35 -69 -79 -80 9 22 -22 3 -54 -63 49 -51 -31 45 -61 -72 -22 60 24 -24 72 -66 98 -46 -56 3 88 -5 -20 33 -97
-46 -28 72 64 -15 50 -52 -64 0 -83 -13 12 -85 -95 32 11 -82 5 -89 -96 -35 21 18 80 32 81 -77 49 23 29 -61 -20 -46 -94 74 -12 -75 85 80 -65 18 62 -21 69 87 -36 -14 30 -15 -16 -62 81 -71 31 -18 35 78 43 -51 84 99 -12 -1 -96 43 -53 55 92 -70 96 -17 88 -26 45 -15 36 -26 -6 58 70 -30 82 52 75 -37 -98 -52
-77 43 -32 -8 42 32 3 -35 76 -91 -7 89 17 -30 37 36 66 86 -22 28 3 -94 -93 -31 25 39 21 54 -19 -93 2 42 57 40 -57 22 51 -67 -47 63 88 1 19 -34 -53 93 -77 -18 62 97 21 -51 63 18 16 -57 -17 59 -64 96 0 49 -5 -7 13 43 -31 -11 -26 -70 -51 -53 -77 30 -79 -34 1 57 33 -36 27 80 -82 -52 -13 62 63
-60 57 51 11 50 -93 54 -54 65 -50 23 28 -66 -13 96 1 83 54 68 -29 -77 75 0 17 -97 2 65 -74 73 53 31 25 24 47 -31 46 -61 -81 65 -83 -7 -44 9 89 48 4 14 52 -35 -56 -53 97 52 74 -31 -14 -17 -46 -50 -13 92 77 -36 -58 58 80 28 89 45 59 2 -27 51 -55 59 32 45 -90 76 -58 98 50 -36 3 -40 -58 93
20 28 -28 -9 -10 60 84 78 -41 -84 4 37 -60 62 -40 98 -93 -91 -85 28 58 -77 36 58 79 49 -52 -58 -55 -64 62 75 63 -2 -64 -29 -24 -45 74 67 -22 68 61 98 79 -89 -74 64 45 48 -6 -36 -91 36 52 9 -65 -36 -59 98 -37 60 27 -69 -77 20 -83 2 95 71 -82 -27 73 -77 48 45 66 96 -100 20 -51 -20 95 44 51 86 -2
-8 14 49 21 79 10 -4 36 -11 -56 -72 44 92 21 -79 65 12 -86 -72 88 38 -18 72 -30 -33 41 24 -39 -61 26 65 27 80 -12 -79 -59 -43 20 -73 -6 -78 -2 24 68 9 -96 -24 34 14 7 -3 91 -36 -15 -15 97 -16 -21 -34 89 81 -4 -81 -37 -40 25 28 -27 36 -22 -10 -83 -87 61 44 -34 18 -86 -10 -78 21 -17 16 -39 39 52 65
81 -73 -46 -4 -33 -1 -33 78 37 -40 93 58 -52 -19 21 10 -76 59 37 -66 -30 -57 34 1 -40 -16 -86 -94 59 -57 8 -39 -71 29 85 75 -94 -20 -99 -72 -46 88 -71 34 91 47 -5 -71 -57 -2 -1 69 38 70 -73 75 61 -64 63 27 1 13 27 -55 90 -95 94 -69 43 8 37 -29 -71 65 -5 -18 -54 90 -66 75 79 84 81 32 85 81 11
-78 41 -52 32 -29 -70 -48 -1 -95 -12 43 68 -36 -63 -37 63 32 -53 -78 92 -68 -16 -9 -84 2 -60 13 53 72 -51 -49 -51 -58 -77 44 84 -30 -57 -80 -5 -16 -82 -53 -41 78 5 -82 19 54 -65 99 -83 -51 -3 92 7 44 -59 24 17 45 -73 -15 21 25 -28 -80 83 -9 63 -27 -98 79 16 -70 -17 -24 -9 8 57 -65 30 21 -99 -31 -62 -68
-82 -77 75 36 -25 7 -62 -18 -13 9 59 -79 -75 -29 -29 0 58 39 -5 -49 -44 3 -10 -70 81 89 39 -17 3 31 -17 76 9 -19 -26 84 -11 53 -9 -98 -9 88 97 -34 -93 86 -62 -87 14 -2 7 -21 31 -65 58 -61 75 21 -20 97 -79 -23 -37 -82 24 -86 -59 -27 93 -87 -11 65 -39 -60 -27 24 19 -56 -11 -50 -62 44 11 29 -82 -76 44
-45 7 -13 74 52 46 85 -97 -87 -45 -28 24 25 -82 -15 -43 24 -94 -34 -88 -98 22 25 -20 -15 46 -45 -96 61 98 17 -84 -6 61 -5 -13 79 -31 4 -86 46 42 -78 8 39 -8 -26 -89 -78 80 -51 17 24 76 -88 -50 -55 -62 25 30 11 83 40 -63 97 70 77 55 90 52 -50 37 60 77 51 21 24 -21 -80 -78 0 92 99 -70 -10 70 -42
68 -41 94 -65 67 96 -46 47 -44 -33 -56 -56 -43 -59 -18 -53 31 -37 -36 -32 -2 35 70 -2 54 56 -1 38 96 -87 -6 -12 -11 -23 -22 85 -62 75 -83 -33 85 36 -83 -99 14 33 15 50 17 -45 -41 1 -20 -96 28 -46 28 -12 -33 79 -91 48 -30 -9 -6 -15 71 99 -63 -44 -82 32 -14 65 99 36 18 13 -25 20 -29 -67 -2 -2 -50 -56 42
-30 -76 20 22 54 -71 -37 52 -70 -78 -41 -69 81 -31 20 -36 74 54 -27 52 -43 -32 -30 46 90 92 -80 34 -42 -35 41 -95 -1 -91 70 -6 -53 -37 -61 -6 -60 70 2 -97 -74 9 -70 94 -4 -1 -88 86 -8 72 6 -51 58 -27 4 -31 2 -79 -35 73 -71 -24 52 -27 61 20 -2 -85 52 -10 -86 -52 84 42 -10 -18 7 94 91 27 -12 -52 68
2 92 93 -38 52 -93 89 28 2 -48 77 -27 22 -42 -12 79 -1 -61 57 23 -96 17 91 -80 67 83 2 -51 82 -53 81 -87 22 -30 93 73 84 -73 13 53 13 -5 -85 -30 -76 12 90 59 61 -23 39 -46 -67 13 -43 49 53 -96 -60 54 42 -77 -30 79 26 98 68 -31 -89 78 14 40 -8 -76 58 42 -87 88 -74 -100 -81 -90 97 -46 -63 -86 -57
-16 -92 -82 -13 -65 13 -12 84 13 28 -43 -29 -13 -33 -38 84 37 92 -95 27 -19 -100 -30 -95 -31 -12 17 -57 -97 -58 -89 66 -90 -32 13 -24 46 50 72 34 -93 -91 -5 82 -18 -69 -39 -10 69 98 11 -98 -60 -19 -7 75 83 12 52 -48 9 -85 83 -90 26 1 -92 -70 -58 57 86 -94 66 -50 -100 32 10 -37 -83 5 71 -40 -87 50 69 4 -17
-77 33 7 -99 53 73 -57 63 -30 36 7 -68 66 68 -14 -3 -44 -63 62 -8 -18 -80 -26 -12 -87 -77 -40 -75 -64 -21 -7 82 -22 59 -50 53 -66 -73 -4 -29 15 -36 50 45 56 -70 -27 -74 -15 48 -44 30 -53 23 -42 -50 33 -47 49 -75 7 -61 92 19 -89 9 -49 36 -62 25 25 -89 20 -93 -38 79 -37 -1 3 -23 1 71 42 -57 -32 -9 58
-59 29 -38 -29 -69 72 -49 61 10 -69 12 19 -86 33 89 30 74 2 40 7 -30 -60 -61 74 78 83 55 31 -5 -60 56 98 8 38 -98 5 93 67 -90 -27 -42 -10 -29 -70 -82 -52 -34 91 6 -16 84 -86 -11 66 -25 67 -28 -48 64 -5 -46 -80 83 -82 -10 4 -5 33 3 -57 72 50 -15 79 38 93 -15 -69 32 -24 -95 31 -27 9 9 -26 -6
-17 61 71 32 -26 92 51 -9 6 80 -90 83 -2 55 -84 54 -67 33 30 -58 10 -45 21 24 29 -44 46 -51 22 -58 -9 44 -68 95 41 81 -24 17 -98 69 35 86 -51 13 -92 -56 91 -97 -25 31 -83 -46 91 4 51 -27 -85 63 -89 68 -25 36 -34 70 43 -53 -26 -94 -63 -96 -31 91 -77 -24 -80 82 -61 -67 -4 91 46 27 17 -6 70 44 77
8 -24 81 -57 96 30 -93 -93 7 -3 73 85 -20 -71 2 99 3 7 -3 64 -8 68 -41 14 -13 -68 -11 -11 -9 85 -77 73 15 -59 92 -64 -21 9 10 -91 55 -47 -47 -34 53 88 -73 -67 5 40 54 93 97 -3 62 58 -10 -32 -27 22 -48 39 -40 -86 13 19 22 90 -60 34 66 28 -89 -50 50 -86 -9 14 -1 38 -40 -12 -60 94 -75 -65 49
-40 -12 -63 50 23 29 -68 76 -42 -57 0 56 -52 -20 96 -28 -23 62 -50 -83 -63 2 76 9 -65 28 -67 61 -37 -85 18 98 -25 38 -95 -51 -34 55 -68 63 22 47 94 98 23 10 -21 22 -76 -76 -8 -78 -86 4 72 -17 -97 -39 41 -87 69 19 -49 -9 87 19 -81 86 99 68 -66 49 81 -77 -45 4 -93 -10 -61 80 -3 10 -36 25 30 63 36
15 47 7 26 18 -12 -67 -100 -55 33 -93 -21 93 15 -73 -92 97 -32 70 89 -51 -73 -47 -8 20 10 95 -94 34 -20 -13 62 74 -41 -89 -18 6 71 34 -29 80 45 38 61 89 -22 -75 -51 -23 -30 -59 -49 30 -45 -87 90 -56 -58 43 -62 -20 -99 30 -16 -40 -42 9 -41 -97 -25 -95 -6 -44 -94 -19 29 -84 27 40 -14 -9 -96 58 -91 64 -32 96
49 29 87 54 -36 -87 33 26 -72 80 20 67 -52 51 -36 -22 -29 -35 -39 -73 59 -68 -61 95 -87 12 -63 -100 82 -15 86 38 85 -13 37 -15 32 -97 -9 -17 56 -92 43 79 -75 42 77 62 -35 -30 -23 -67 -89 18 2 -14 59 -48 -2 -60 72 -87 -100 -78 46 66 -62 -45 14 71 -32 -77 95 90 16 -100 18 30 26 43 7 4 -85 13 -39 -26 -58
-6 48 -78 -25 49 62 -6 43 4 13 18 59 45 -10 -39 91 80 68 -93 -10 -85 99 46 -68 -44 27 -61 55 82 66 -16 -38 38 41 76 -61 91 84 -14 -45 -76 96 98 -69 61 -39 68 1 -35 -31 -57 99 67 -8 -87 -77 6 -80 47 4 -23 32 -81 -100 55 60 28 26 90 -14 -94 50 -69 40 -5 -33 77 5 10 9 67 -11 53 39 -36 -95 -96
-2 19 46 -64 58 -68 -20 -91 -91 19 -6 -61 94 -97 33 -46 19 -16 -10 -27 -86 -43 -13 -15 -100 -47 48 63 -37 38 22 83 -66 58 -35 53 -93 -22 -49 96 -92 -76 68 97 21 9 -33 -14 20 -77 -80 -72 2 59 20 50 33 -97 34 -69 15 90 -16 -38 -54 36 37 47 92 3 63 -23 -71 -30 1 -98 15 -79 53 74 -74 -35 8 60 87 73 62
-19 -55 -59 3 -78 26 39 -27 76 91 -25 -82 70 -48 -72 -82 39 -90 35 -88 49 69 -27 -100 -55 -56 69 -75 72 -46 15 27 -63 -92 68 -60 36 -11 -27 -74 -22 65 -58 33 10 44 32 35 20 -39 -55 -45 -92 70 -65 66 49 27 11 -89 -26 -29 27 -94 0 -95 -37 -37 -23 -49 -27 28 -91 -93 -18 68 59 -13 -77 13 -90 2 35 81 -83 -5 -65
-72 16 -2 8 37 -28 33 -17 -94 72 89 -13 89 -15 17 46 -91 -5 -7 -15 80 -87 19 -95 -98 54 90 -46 -94 85 -20 27 -89 -34 90 -46 41 -85 29 50 85 -94 59 74 -65 67 18 96 -13 -52 44 54 22 67 -28 75 -67 -84 -39 -43 45 -12 80 61 -82 -91 -58 92 -6 50 -2 -75 82 -90 -16 -94 -85 72 -93 -12 -44 -30 52 -99 -20 58 -97
-40 -14 -88 54 84 -20 9 80 53 -28 68 67 -61 96 99 45 95 -47 76 -25 75 79 48 -4 81 98 -21 -16 -49 3 -10 -44 81 93 -54 49 15 -74 -2 83 -95 11 90 -47 -39 -85 -84 57 -88 66 51 17 51 -31 -85 -84 63 -92 49 49 -61 12 -65 2 85 62 73 -28 -57 28 41 -78 -45 -78 40 -41 -3 19 94 20 24 -91 37 -98 52 3 -7
-5 -17 -70 -30 -41 -87 54 -28 34 84 -11 6 -20 -93 -4 -37 -52 66 -95 70 -10 -33 -96 -71 3 -96 50 -48 -3 70 19 9 83 -48 -76 22 -95 34 -24 47 3 14 50 73 -20 -44 -25 -76 74 63 80 -12 -83 72 -29 -83 -96 55 73 69 38 7 99 92 17 42 97 71 47 68 -4 -90 -82 12 37 90 -54 17 -91 -13 68 65 78 49 61 -81 -86
-38 43 -58 -21 -21 -21 -15 50 -62 96 85 44 68 90 34 89 -86 11 37 -41 -7 -2 -6 39 -14 57 -48 -50 -33 -91 -3 62 -33 -69 -13 14 -36 1 -5 -88 83 -58 -22 2 84 -54 57 -97 83 -95 -54 -98 69 -7 39 -29 55 -78 -100 93 -60 94 -32 80 -27 -63 49 11 54 -29 -90 93 -1 -69 -56 60 -24 30 43 14 40 80 -79 -93 64 -69 81
-54 3 38 14 20 17 -81 -86 -10 60 84 5 83 3 55 49 65 -43 0 0 90 24 -65 39 -34 19 74 12 63 -64 51 -41 69 70 70 -75 27 70 65 -45 -46 -60 -43 33 -76 81 -35 -60 68 71 -91 24 12 92 28 -58 -33 82 -20 -77 -96 -98 98 25 11 -64 -63 -6 26 90 -84 89 -38 -3 -36 -28 48 -88 -50 55 -98 -13 41 -6 -70 -5 46
23 57 -2 -79 -76 -48 -70 95 8 75 16 88 75 -22 23 -33 30 40 -82 0 86 45 10 34 83 7 -78 4 -58 61 6 -27 66 12 7 -66 -23 6 -93 3 -86 31 96 91 50 57 -5 51 2 75 -39 -46 -97 61 38 -16 -49 15 27 96 34 -61 14 -40 -1 -63 -83 -10 9 49 74 -11 98 46 30 -95 -33 57 -41 -25 3 91 84 -63 48 -49 -21
-64 35 63 64 -93 -40 14 -71 -97 31 -34 71 79 -27 -85 -40 30 -11 -48 75 82 -40 16 51 -76 -53 39 -48 85 -31 91 -94 -60 88 13 87 13 -24 -84 47 -61 -87 -60 87 -87 -52 19 11 78 -3 -84 95 63 -65 -8 95 18 57 41 29 -40 -56 -31 75 -86 -59 35 -39 55 -40 -73 -14 76 -27 28 -21 -98 78 57 27 20 41 36 -15 48 52 55
98 88 38 16 18 -88 15 57 61 18 -30 23 86 56 90 -90 80 97 20 -4 4 3 -100 -91 -38 89 -14 -56 -53 -75 -67 63 -43 70 0 -20 -40 13 -51 -94 66 21 -72 -93 30 -94 38 -23 -13 -5 -59 46 49 -94 -20 -97 -10 -44 -57 -34 19 -92 -36 15 57 -91 -62 -50 96 64 43 -41 -32 98 14 -83 33 42 34 87 81 34 64 8 -20 -45 -87
-49 -95 -66 64 31 -94 0 -40 31 -36 -43 -47 -92 -96 -79 87 61 72 34 -28 15 -98 66 8 -14 90 -83 -66 84 -45 -50 -16 77 49 -90 -51 35 -80 31 -6 47 -34 -27 -73 -65 32 95 68 -51 2 -83 91 -8 -17 34 47 65 32 92 38 1 -56 81 -21 25 -41 -91 -89 34 -28 49 -63 -57 41 -10 19 -89 34 91 -1 71 -34 10 -30 8 90 25
-64 -68 74 -88 72 -41 49 -33 9 83 18 66 69 -75 48 -33 -83 55 -53 47 -99 -83 -4 36 -78 -5 92 -46 -15 86 8 80 17 43 -97 -95 -52 -50 -90 46 -22 28 68 -42 -41 26 66 17 62 -73 69 -7 54 -73 -56 83 -92 2 -69 -76 97 52 24 -9 -67 38 -72 70 -13 -98 -31 47 -9 -54 -69 65 -74 -70 -85 54 -75 -41 7 84 -27 55 4
71 -11 18 -84 41 -32 -39 -68 45 17 38 77 -48 -12 -25 72 -7 7 -57 88 10 25 94 -45 63 89 95 81 79 -38 -93 72 -63 -42 93 -97 33 81 -99 -78 18 31 -55 -2 -2 64 -71 69 60 18 -63 35 90 -8 69 82 12 -69 31 99 83 6 61 86 -32 -98 -15 68 -69 57 -7 27 -88 -98 80 -78 97 -98 52 78 -14 -23 66 60 -24 -28 -26
-41 -68 -15 -56 -12 39 64 -45 -19 45 37 40 -29 -57 66 -45 47 -52 78 12 -94 49 -98 -96 20 -71 -5 -88 -70 13 -76 99 -76 7 -11 24 30 -4 -88 63 -4 -24 76 49 27 -82 -45 -28 -82 -23 -56 -45 23 -11 -56 5 54 -95 48 45 7 -47 16 91 79 -50 71 17 23 81 -1 56 -92 -48 -78 51 70 80 -52 -4 79 68 -29 79 -1 61 53
44 -58 -45 73 -88 65 -14 97 -98 1 -7 -51 -23 -80 -41 -44 6 -35 62 -89 8 -46 -12 14 76 -92 88 -1 62 -54 -46 28 -93 -86 79 -99 -23 -63 -85 -11 -52 33 95 -23 -22 -72 -67 55 81 15 81 3 55 -80 83 -64 26 51 -13 -75 -62 66 92 -51 -20 -61 -4 -76 56 39 -54 -1 77 25 -95 67 75 41 20 48 17 -23 10 55 -16 -73 -59
-62 96 -11 77 -60 17 77 10 9 -19 -79 -14 30 45 74 -72 -28 1 -41 62 57 -29 -63 -28 -32 -18 -59 41 -46 -5 57 -55 -75 -4 42 -73 68 -3 85 13 -25 -72 68 -13 68 -80 -100 -52 70 0 -43 63 85 -12 49 84 54 8 65 21 77 -24 -92 23 -88 8 65 -39 -10 21 16 53 63 35 -12 -76 13 -23 59 -65 -4 -14 41 27 14 61 -71
-43 27 -73 78 22 -33 63 33 72 27 -93 52 -6 48 81 14 81 98 -48 96 -16 74 24 80 -8 -66 -65 -29 67 -67 6 49 -34 85 -29 -21 -91 24 72 40 68 39 4 -71 35 53 -79 -87 -39 -49 -74 9 -27 82 21 -53 64 45 -41 45 -49 97 -9 0 96 70 5 2 34 48 4 -79 -78 67 -59 -39 -21 98 -35 32 -2 -98 69 79 -77 -3 -24
-5 -65 32 99 30 38 -14 64 -72 2 6 -45 -15 76 64 73 20 91 71 61 84 -85 17 53 -94 -32 79 92 -70 59 11 -22 -86 28 48 -7 93 -55 8 57 31 -83 -12 -50 -62 36 23 -24 -96 -98 91 68 34 -45 97 73 -40 54 -13 -91 -46 93 -27 65 78 -57 -13 51 43 -89 36 82 94 -24 -40 -17 35 74 77 -38 -42 60 -56 -30 -14 66 90
97 42 -15 41 -73 14 64 -70 -41 -16 -47 -45 -25 -80 -31 -67 -29 53 28 -54 -52 93 37 67 -75 86 4 93 71 85 -24 -91 46 -88 56 -30 -77 -25 -67 90 -38 -56 -94 72 39 -28 38 28 -67 99 57 -54 -97 -73 -67 64 43 16 87 11 75 43 -98 -39 22 57 76 13 -97 -27 83 86 28 30 -79 64 9 -90 -33 7 62 -22 -10 -63 71 59 27
36 42 -44 -99 17 -50 12 52 15 42 78 -75 18 -60 80 27 -83 91 26 -41 -91 -41 -9 -45 -80 -65 -48 -4 -57 -93 79 7 -24 -100 -63 -91 7 33 -88 89 -99 43 -32 90 17 42 -96 -4 39 1 75 -76 -10 -48 0 99 47 -23 70 -54 -70 69 12 16 -61 40 -88 -48 -11 90 31 70 45 71 69 99 83 -55 -44 15 -60 -75 -62 -9 -60 92 63
15 90 26 4 25 -20 -92 -78 -41 -91 70 -15 -27 52 -46 96 75 -33 -40 77 89 -1 -14 -82 -100 69 -25 95 8 -34 75 -60 -90 -13 76 10 89 -52 -88 9 -5 -33 -91 12 61 -77 58 4 39 81 -12 42 36 29 35 -92 -14 34 -49 -86 -32 -12 -67 97 -15 98 62 95 33 -29 33 8 -59 15 -33 -63 -89 -86 64 -13 90 -3 21 34 -13 -50 -74
79 -63 -63 -35 -53 -65 38 98 -100 -73 13 71 93 -7 -72 87 25 -28 -40 -37 24 -44 -22 38 -19 13 18 -62 -25 71 -23 25 55 75 -20 -55 1 12 93 -70 55 -15 86 9 82 50 11 26 -30 -47 -73 97 88 -60 -86 -62 58 -16 -87 -37 -25 16 -90 -66 -37 -59 -78 67 69 48 72 93 0 95 60 27 -33 20 -44 -70 52 -92 -90 26 66 -90 98
30 25 66 73 8 26 29 -42 -52 69 -62 51 59 31 -6 -56 -21 79 -48 80 -75 35 30 -20 16 23 -20 92 12 -18 91 -13 -63 -37 20 -78 64 -86 54 8 67 3 24 -48 -71 55 11 51 -52 6 -60 81 87 -72 -87 74 -6 66 42 57 40 44 -54 11 -13 -48 -11 -91 -58 6 -20 -76 -14 70 79 -32 -99 -43 67 -84 -39 -37 68 -41 -87 -92 -60
-58 -55 -97 21 78 -90 -53 -52 85 68 -56 46 -56 63 -43 -33 82 99 -58 -88 -60 16 -24 -31 72 -96 -96 72 74 -85 24 96 33 14 -76 -66 -6 -97 -59 72 62 -61 59 87 37 -68 40 14 -93 69 -38 19 34 -72 -94 -67 65 -29 19 39 -53 -43 76 -67 42 -89 90 92 -99 -87 -72 -25 -56 90 88 63 -12 37 -49 66 62 88 44 87 -20 -57 25
49 -50 80 -3 -14 25 88 -16 -86 73 78 33 -8 -40 54 -3 80 10 9 -7 -50 92 50 -30 -30 60 -52 34 29 2 11 30 -54 63 -79 37 16 20 66 92 8 -89 89 -80 -6 26 20 20 -44 85 14 4 -51 -59 -45 64 -49 -12 41 53 12 18 38 40 -37 -84 -20 37 26 37 68 23 -42 -85 -14 -79 9 -85 -11 28 43 -33 26 -14 84 -81 89
-78 -63 14 56 -43 29 -58 6 -7 10 -98 11 -69 -32 75 23 -5 -84 93 8 42 77 4 -49 -65 -44 74 -3 -21 -30 75 34 17 -33 50 47 34 31 -50 85 47 39 -11 29 -8 -15 95 -31 70 -60 30 26 60 -40 -68 84 -93 -48 62 -57 86 80 16 24 -93 -15 -79 -97 -85 59 8 -46 11 43 55 18 60 45 -81 -100 -95 60 21 -54 55 -25 99
75 33 -74 34 49 20 -58 46 73 72 -56 -6 -87 97 9 -82 13 85 -11 62 -38 47 -58 -35 -82 -61 84 -94 -65 11 -99 2 -68 -47 15 70 -39 -42 10 30 79 82 4 -19 27 -51 72 71 -58 -83 -49 -55 -59 1 -47 -88 17 30 -43 37 -71 -89 71 96 -57 59 -38 -70 -71 18 95 -73 89 -81 -68 43 63 -27 24 -12 36 -53 -58 -47 35 -95 89
33 -36 -8 -65 47 64 13 -24 -67 44 -66 88 -81 63 16 -69 25 62 25 33 -21 -61 -23 -61 84 10 94 53 45 -76 80 43 31 78 90 9 -25 4 75 -34 25 -77 76 17 52 45 10 -89 -60 80 -10 59 5 -63 -93 7 -97 -11 -97 9 93 -80 -82 -62 34 97 44 83 -58 -50 26 -23 -51 -20 -29 -52 -79 18 -10 50 81 -34 -74 -71 -86 40 73
-20 -83 14 38 -83 -55 -1 43 -84 35 4 -74 -1 -21 -68 98 43 72 -1 60 -47 -34 -43 54 21 23 96 35 -61 9 -41 60 35 -41 13 -53 -81 98 -63 87 81 -47 -33 -9 -93 62 79 58 -87 59 -52 -66 81 36 40 64 55 31 30 -68 26 -62 -56 -12 35 -76 -6 -66 -1 87 -89 49 59 68 66 89 63 -89 55 12 -98 68 76 -93 -12 26 42
-11 41 0 72 56 70 94 -30 -87 37 -100 78 -82 -18 64 -41 99 31 -76 -99 82 -68 -73 21 -66 7 53 45 9 34 9 67 -68 -46 -46 46 32 -82 -85 -83 -5 57 8 71 13 68 -42 91 75 39 90 -16 -13 -15 53 -65 1 -41 62 -64 -6 -79 -32 -77 71 67 -91 57 4 -69 20 -7 -39 62 23 94 9 -72 -24 41 -46 -85 -35 12 44 -33 -23
-73 61 4 5 46 -68 60 -1 -86 12 4 -54 23 4 -60 -34 -26 -19 -83 89 52 -77 43 -66 51 47 -21 -91 95 -92 -34 -100 20 98 -18 20 -82 -17 1 -90 -56 -28 -84 40 81 79 -14 -5 68 85 5 39 96 -77 68 97 87 -28 -90 -21 -6 -75 -59 -67 -99 -1 -74 75 -57 -43 1 86 -51 -33 44 24 -16 70 -84 -78 -53 82 -97 72 -7 64 -4
-96 55 -89 44 54 86 -43 -75 -36 -68 53 -12 -40 35 53 27 -10 98 -83 51 96 98 34 84 11 20 11 10 44 -71 -13 -38 75 -46 -79 -26 -17 -39 -11 93 97 64 -12 -17 -99 49 86 15 31 -43 45 -38 50 -96 -87 -49 -65 53 -14 -81 76 -33 85 -89 -93 -16 26 20 68 61 -11 62 77 -47 -68 -56 -87 -8 97 47 -41 -41 -55 88 69 -29 35
-81 45 -81 53 -58 -17 -77 -60 59 -58 -23 -46 -11 -89 40 -51 -80 -73 -17 21 -34 -91 -78 -26 8 8 -63 -89 -66 -62 10 18 -100 37 -45 -3 86 5 28 -16 61 -65 -67 -31 -22 -25 -60 76 -38 -16 42 55 34 96 -26 61 29 -46 -79 -56 92 64 84 -68 -59 88 -41 -94 80 -18 28 -93 -83 -85 -20 6 -22 -83 -88 36 60 -73 -54 -95 20 74 -28
21 -92 -85 41 12 81 -81 -93 67 35 -51 69 4 43 -21 50 -21 -35 60 14 34 -98 88 28 75 -41 -20 -89 -84 -77 -93 -84 71 53 -75 -9 -46 -90 -64 6 -3 46 -84 -20 50 -80 -77 7 -38 83 57 99 61 21 0 71 -38 43 15 -47 0 -1 52 -74 -85 17 -72 69 -20 -22 74 -11 82 12 -66 59 -90 -90 -97 57 -34 -41 -62 27 31 -72 -2
43 -80 39 -87 88 37 -39 -4 -29 41 88 10 98 32 -26 -43 16 -92 80 -46 4 14 6 -66 41 -40 18 16 -10 24 -89 80 95 -9 12 33 60 -54 81 20 -71 -7 97 -27 6 95 -87 33 95 42 -96 -24 -90 35 23 96 -81 95 -5 -22 -51 87 9 81 59 69 -31 80 -50 81 -82 -70 -63 99 -19 -72 49 -15 -68 -17 50 -29 -91 -55 -95 77 2
93 -5 77 99 25 -74 -90 -9 -42 15 3 -9 68 68 -32 57 0 -61 -26 19 -36 51 -10 -74 78 17 -96 30 11 85 52 7 94 -74 32 -54 35 -21 -53 80 33 -4 -39 -66 -41 -40 0 41 -74 -32 -13 -68 16 68 -67 48 87 -12 -31 44 -87 74 -65 -43 -6 -18 -63 -9 66 -6 -9 -43 -15 -56 63 -75 57 64 9 -97 35 -66 -6 -56 28 -44 -56
74 73 -69 46 -2 56 0 -89 -3 -15 85 -8 -37 -83 61 -31 93 94 -12 -83 -100 -88 -74 -5 99 15 -33 3 22 56 67 85 -29 92 -1 -98 -83 66 -49 -68 62 84 1 13 69 69 98 83 17 -71 41 82 5 54 -15 93 76 -86 42 -58 -58 -27 -79 -43 -36 96 -74 58 96 -90 -81 54 -87 -94 84 7 -82 -87 59 -69 16 25 -75 8 21 -78 -88
-56 75 44 -50 90 -15 -78 70 95 -100 -66 66 -45 9 -68 -7 -99 -67 91 -67 96 29 17 -73 -78 67 -58 -15 93 -25 -67 -19 61 87 46 69 17 7 96 -70 -59 52 13 -87 -81 -3 -43 27 0 -5 -56 -4 -74 -5 30 54 -72 -62 -63 -90 58 97 -50 95 -47 0 -48 54 -23 -97 -3 54 37 -85 37 53 62 -18 -80 6 17 99 -73 72 -6 16 -25
-80 61 52 -7 -93 -26 27 13 -10 39 -8 88 -87 75 -22 -61 -48 96 10 39 -20 -14 -12 -35 -13 86 -36 35 43 -84 67 -76 -59 -31 58 22 31 3 46 75 2 70 61 16 -2 6 -24 50 10 -66 81 41 -56 41 -50 53 16 -56 71 -79 4 -5 93 -43 -3 35 -37 65 52 55 -94 -2 -69 -99 -33 -17 -19 84 48 32 -30 -97 63 -98 72 69 -91
-49 47 -33 -77 67 99 57 85 3 -32 -52 96 57 57 99 -98 -8 -23 93 -9 38 14 75 18 -65 -86 59 -20 67 -92 60 -88 -93 94 -38 -87 -16 24 76 4 -3 -2 -4 -87 94 -18 -49 2 -55 -60 6 5 19 33 -36 87 -82 -15 -7 50 50 44 -74 48 82 7 -22 -40 -23 20 -51 -47 -44 63 75 -11 1 43 19 -16 -48 -84 40 72 33 22 -73
63 54 -74 66 -90 -78 23 69 13 43 33 32 -95 44 13 92 -91 -26 75 81 60 64 7 -42 93 -43 -62 -37 -87 -59 -19 20 57 -42 -21 47 59 -84 71 -96 78 -26 -84 10 -21 83 44 41 24 -43 43 45 -81 -2 -75 50 92 48 -36 78 71 -31 -42 91 -74 -74 87 -35 -81 95 60 -98 52 68 -96 1 7 -50 -31 51 89 -79 37 -96 -50 -56 26
-43 -93 90 91 -6 83 4 18 3 -3 63 90 95 66 -21 -20 24 86 -4 5 -36 37 59 61 -69 -64 -71 67 66 -8 8 -9 64 10 26 80 23 -60 -74 7 77 7 -81 -76 76 37 88 0 46 -27 -26 -69 -3 36 92 6 9 70 21 35 -29 -90 53 -84 43 50 80 90 77 91 48 87 17 -69 -7 -35 -13 -40 -97 8 32 -88 -70 90 -70 -99 89
-58 69 -93 13 -17 67 -9 39 -55 -51 43 -83 -56 76 -57 73 -64 15 -14 -78 13 -27 82 95 -92 -35 -24 -63 -78 -68 -49 -48 -13 -57 -34 -31 77 34 -84 23 7 64 -84 16 -100 3 -39 33 -52 15 -100 60 -28 -14 12 -32 85 -49 12 -22 35 43 -5 11 -89 87 -24 -70 87 -9 21 20 -92 -54 38 33 -51 52 33 25 98 48 0 -98 -21 -22 -51
19 -63 12 -27 -19 -99 71 33 58 97 -92 -95 16 -84 27 65 -58 42 -84 16 -63 10 13 70 -32 -23 99 -73 24 64 -60 -18 39 82 93 91 -45 25 -41 55 11 9 -33 -72 89 28 -34 32 94 -17 -58 99 70 5 -49 9 46 27 -96 -72 -21 -4 98 54 -84 -50 -79 -3 51 -59 -44 -56 -80 62 -88 29 -41 -9 -64 -68 43 53 80 -25 -5 21 65
9 -61 -97 23 -44 30 40 -86 6 -37 -9 82 36 -2 -46 14 -30 -40 -46 -25 33 -87 -99 0 -6 85 90 41 43 77 42 -43 55 88 77 64 -30 -79 26 -11 30 59 -100 -90 -9 -30 65 53 -2 36 -68 44 36 16 22 -72 77 77 16 -13 -97 30 20 1 -13 92 -99 91 -93 5 84 -77 77 -28 -12 63 55 -79 41 97 11 -53 -76 -74 45 74 18
22 59 -62 -66 -68 36 13 -29 70 4 -16 47 -81 -25 81 77 -45 -45 -97 17 -53 -77 -86 81 74 -78 -83 -62 46 37 -86 49 91 44 -20 28 -19 26 -70 -57 12 -6 51 99 53 -43 93 -36 63 65 11 -70 27 68 -74 83 -89 98 -62 70 52 99 -35 43 -57 -71 -20 2 21 32 94 -47 -93 38 -19 57 -51 -91 -70 -93 -43 63 -80 -81 -18 -30 76
46 -55 -36 91 -71 -24 -40 5 -8 58 -71 -96 -64 62 87 32 -89 75 40 54 -94 -17 97 23 65 -82 -3 78 24 -18 -52 -36 -70 -56 -64 55 -31 -30 52 57 57 -13 -10 19 30 62 30 49 -70 35 -73 47 -92 82 22 84 94 -70 1 -34 37 49 -69 -1 -2 -52 53 70 31 -95 -50 -47 92 83 -59 50 -68 -26 78 -9 91 12 84 95 80 64 -1
-63 18 16 -58 55 30 56 -82 68 12 -99 11 -63 -60 -57 70 6 -45 34 -23 -17 -94 62 -49 -12 0 -66 87 30 -81 95 -54 15 61 66 2 -86 -76 67 86 -29 -69 -22 67 -17 30 -6 -98 39 68 0 -25 1 96 -18 -56 -88 3 33 -33 13 -97 0 55 -3 -57 -26 -74 37 -11 26 82 20 -21 -68 -3 -32 -9 -77 75 20 -15 -91 10 48 -34 -58
-7 -55 -62 -91 -84 -69 26 51 95 -92 -16 37 -87 18 10 68 -69 72 -51 -84 -96 -91 -11 -87 -72 62 -7 -71 8 61 93 -67 44 49 -17 -71 15 0 30 -57 74 -85 72 55 -13 41 92 -85 -72 -42 63 79 -19 53 10 6 -30 -44 43 91 89 7 67 -27 -90 32 41 39 0 -35 45 -74 71 98 -9 -68 -34 -47 81 -27 -86 -9 10 -80 44 8 21
56 -44 70 -47 36 -2 46 66 -76 -14 -92 -48 77 -98 65 -58 -34 -89 49 -42 76 -16 -38 -22 35 97 -71 78 62 -68 79 37 8 76 20 74 -28 -97 3 -56 43 -66 -25 51 92 -62 -68 -87 16 -79 -95 -77 -74 73 -28 0 -20 -68 38 -44 72 13 -71 -76 94 -70 63 22 43 27 61 -57 1 -70 8 44 99 -13 62 29 52 -26 -87 -33 -69 -46 15
42 42 44 -66 58 -17 72 -18 -39 98 -72 -97 77 96 19 -36 -82 -8 -49 -8 98 84 -86 80 -20 34 45 65 -61 -61 2 -84 -49 75 32 39 74 35 93 63 12 -12 -53 -46 87 -83 -82 -79 4 94 53 21 -19 37 78 -62 69 73 55 66 -83 70 -46 -69 57 17 73 91 50 -68 -93 50 -11 -13 45 10 -36 24 -11 -69 91 -60 -37 42 -74 -17 -72
