79 47
59 -69 15 -20 34 -94 -97 58 78 -30 -60 -15 -21 89 84 40 -50 -58 20 10 -49 -6 -54 50 81 4 -69 18 -32 -22 -10 14 27 52 -24 -76 25 -45 81 47 72 34 55 44 -44 20 9
44 -66 -2 31 99 -51 -2 -47 -72 -15 -27 61 6 -3 73 -59 75 -4 38 -24 -65 0 -19 -65 47 -49 21 42 -77 -17 -94 21 12 3 75 -58 90 -81 32 -88 -67 56 92 12 -85 32 -73
-66 -55 48 -32 -42 -91 -10 -47 89 12 50 -22 -49 -25 92 11 94 -85 -56 76 -73 49 52 -57 39 43 -79 81 49 -16 -80 -35 -15 -94 71 -62 -68 46 -52 -34 -17 44 -86 2 -43 56 -30
23 -83 -24 83 -15 91 78 -67 -28 -34 56 74 -59 -70 54 62 74 95 20 -8 20 1 -46 -46 -60 -95 -64 -74 60 -28 93 33 -73 99 2 -51 99 -21 50 33 -42 37 -43 -13 47 -15 70
49 70 38 9 -84 -33 -59 -64 -57 -5 95 32 47 72 -60 16 50 2 -42 -78 -83 89 -43 -27 -47 -3 84 50 -59 55 36 -91 98 -38 48 -25 51 -94 88 74 -93 44 -63 -4 -60 62 -99
23 85 56 32 -16 -100 -61 67 63 44 -15 52 -42 -80 -2 45 -74 17 21 67 -90 -52 46 -54 78 0 94 72 -21 46 71 31 -85 89 90 71 -76 -15 82 44 63 -45 75 99 27 51 -45
66 40 69 47 89 -72 63 -31 20 -67 91 81 -54 -49 -20 50 3 -68 71 -33 13 29 -99 -11 23 31 21 18 2 -49 -97 -18 -43 -94 -26 1 56 92 -2 -90 -92 -74 15 -98 -71 70 -73
-72 55 50 31 79 73 -28 15 -52 6 -83 4 -42 -46 51 -85 48 -27 53 46 -62 -6 -15 22 -62 -21 -53 -7 -52 35 -23 -81 -57 -76 76 -8 -53 82 18 72 88 -8 -86 -83 0 -7 -73
-64 96 34 9 -14 42 -58 -56 50 -57 65 -78 -28 -61 66 -97 -13 49 51 -36 -30 17 58 77 -80 -48 -19 -82 -62 47 -55 3 -43 -82 60 -26 -43 58 -44 -71 -33 -44 -33 -19 22 92 -68
66 44 -58 66 -40 38 -100 64 -51 -18 92 5 24 99 59 -87 54 -61 50 3 51 -28 -39 -92 -84 -64 17 -21 -46 -65 14 99 0 -95 28 75 -79 -44 65 12 92 58 -60 -8 34 55 61
-16 -54 -78 -27 79 -55 42 -17 -82 32 -77 15 -65 -87 64 9 78 -37 -37 61 76 -98 -21 -54 62 40 86 73 -26 -14 55 4 96 -43 -87 -90 40 65 -3 -12 90 -2 -96 -83 -6 -4 -15
46 -3 -7 -87 73 -97 33 -84 -98 94 59 -89 -54 -57 -79 67 0 0 -8 1 -66 -66 57 93 -31 8 15 96 -37 83 -23 97 -84 64 -77 28 70 -13 8 -98 -10 -100 -77 -80 24 -5 79
18 -7 64 -62 9 -45 9 1 12 77 72 -96 -45 9 -68 2 -79 43 6 0 -44 -58 -9 29 -70 56 57 -31 39 17 -77 43 -4 -16 72 -27 -62 -97 -22 19 87 -7 34 44 -88 24 -36
53 40 75 97 26 16 -48 13 -34 80 -18 51 12 36 -17 -83 63 42 4 88 23 27 -86 -81 61 17 91 -41 -38 -96 -48 3 -85 -9 -75 -39 55 33 45 -20 -45 -73 40 59 94 -80 -46
2 89 -44 14 -72 -30 -75 -29 -55 -79 15 -91 -75 41 10 79 9 -61 -98 0 4 96 78 -92 20 78 -1 -3 -30 -27 -61 8 35 -86 -71 -35 88 -20 -80 66 33 93 28 47 -34 50 -17
-57 -66 87 92 -99 -21 -91 24 -27 -75 -59 -46 -51 86 -6 -84 3 70 -6 42 41 81 -91 -93 7 -43 74 86 95 24 -91 -17 87 -30 -83 -95 -78 -10 -90 54 -80 55 66 -35 -48 97 21
-84 -61 29 -7 -2 50 1 -1 54 74 -73 63 13 -57 29 -38 -23 -96 -99 94 6 89 -43 -70 57 70 2 67 -61 -41 1 -26 -94 62 -1 -26 62 33 -7 8 75 -100 -18 -34 90 -25 -77
-31 37 -8 47 18 -45 -78 49 59 32 -10 86 1 97 -16 -80 -44 -65 -2 -5 43 18 53 82 -14 -17 21 -71 -11 -11 -35 68 -23 -20 -31 -40 25 -1 99 80 -97 -84 -7 -100 91 -38 -98
84 -7 18 -85 -93 -66 -23 -26 42 -37 5 -45 -94 -59 37 -13 -65 -12 30 -77 -7 -78 43 30 20 87 53 -99 -6 3 36 14 -89 27 -84 59 -18 -8 -93 85 67 28 -61 32 -48 70 -45
8 -85 56 -54 92 24 -81 -49 51 -85 26 -70 -84 25 63 -49 -46 0 -77 -3 24 68 25 66 1 59 52 25 59 67 24 -82 -75 82 54 -31 23 38 62 42 -40 63 -46 4 54 -22 -24
-68 -87 95 65 -68 -87 -51 16 35 -30 76 -3 8 -11 -45 90 95 -7 91 -91 -94 9 -84 32 60 -49 -89 21 -22 -31 3 78 -45 12 -4 -44 -62 7 -95 14 89 65 21 -27 -24 85 48
-10 -90 -4 46 -65 78 19 -95 -83 6 -88 18 -99 -75 -1 -82 9 91 34 -89 54 -66 32 80 76 -78 21 -19 -19 24 -13 82 82 -22 -18 -69 66 -91 70 -20 4 8 89 66 -48 92 24
-94 -87 -99 -45 -64 -67 -15 95 -14 56 22 -66 -10 -27 -48 -49 -79 63 3 24 50 -81 -2 90 23 87 -55 28 78 55 -64 -30 14 5 -64 79 47 58 58 41 -65 83 -66 28 -65 21 -62
74 -2 29 50 25 20 70 -46 -19 41 92 26 -32 -2 -95 -47 7 -76 -34 37 -57 68 77 34 0 -64 84 -6 24 80 -52 -5 99 39 83 7 18 7 -89 88 -71 -23 84 -86 -90 50 24
78 -82 -85 84 36 -62 -24 -74 -8 11 -37 29 25 -31 9 36 -82 -22 -91 99 49 57 92 -14 57 93 41 -33 -70 -20 -94 82 56 -72 99 15 -76 89 57 60 29 58 57 52 -21 40 18
-53 1 80 -31 -21 -55 0 -92 94 20 -86 -96 -91 -14 37 -42 -64 38 76 20 -81 45 -54 -80 56 73 -66 59 26 98 -28 -77 66 -52 -20 -87 -28 54 -73 -67 20 82 -57 6 85 17 62
-25 98 17 -22 54 -77 41 87 -82 42 99 -18 7 -73 43 -35 85 97 8 -66 -33 -10 -39 -19 96 4 -14 -60 51 40 -17 -95 11 32 56 -6 9 60 37 56 -47 34 -12 50 71 67 -63
11 14 -1 -35 -57 -47 -16 -30 65 -90 38 -19 81 -89 55 69 5 35 89 -36 -67 61 34 52 19 -21 64 91 3 -78 61 26 -1 39 14 -54 -50 65 -92 -88 -18 -66 98 27 -17 -77 -57
-53 -70 0 39 52 42 82 -51 -36 -94 -37 -44 -63 48 -73 94 78 80 -63 -60 -48 -21 -42 -48 44 89 -57 15 19 77 85 -37 16 -55 -96 72 -55 18 -88 -19 69 76 56 -19 30 -63 56
23 22 30 -70 -6 22 31 -81 -59 -91 12 -37 -58 -34 -28 -34 2 -67 9 -68 -35 35 99 88 -94 96 82 -44 36 -23 -98 -92 38 42 -78 28 -56 -91 17 38 -93 43 -33 1 15 -21 -14
-33 51 41 74 -51 -19 25 7 80 -61 -12 -61 46 1 -38 16 83 99 -23 91 85 -50 -68 97 98 82 40 64 -55 58 11 17 -50 -57 -19 -11 34 -62 -76 70 26 33 -45 23 -10 44 10
-66 45 72 28 65 7 51 -12 71 -13 1 18 -55 67 47 -75 41 -52 -26 -23 -71 50 2 83 62 -44 -60 90 71 -68 -51 17 89 90 91 50 -99 49 -55 -51 -12 89 -62 17 -23 55 14
-46 -88 58 16 -20 -66 -89 -1 -41 -63 -24 52 -21 -87 -32 91 22 88 82 -74 -76 -50 -53 14 -42 71 52 67 -98 57 77 -26 74 -72 -25 -27 -65 -99 -56 -65 -17 -9 -20 -72 -98 80 42
31 -62 19 -51 -49 -15 60 52 -5 -32 25 93 -99 97 -25 53 64 68 -31 26 20 -95 -76 -75 75 28 -34 -30 66 91 25 -86 -87 84 82 83 -58 -70 71 -34 39 -30 97 58 -80 -87 53
-17 -60 24 -15 37 -98 -85 -74 78 -70 6 -16 9 32 -96 -2 24 -63 53 22 -19 13 -89 -80 72 60 -35 79 -4 11 23 35 83 -54 -24 -86 -65 35 12 24 -53 -26 4 -92 -7 -69 -8
-90 -67 23 -51 -74 97 -85 -65 38 2 48 24 43 83 -72 18 32 -46 73 -7 -37 -88 3 -35 -4 20 -43 -17 51 82 67 -7 -31 79 42 43 -70 24 31 3 18 4 -11 -68 38 -32 29
51 -20 74 43 22 93 56 -74 5 81 -31 56 -58 -68 -60 15 -28 40 -17 -12 -81 43 51 -14 -62 -21 -57 81 41 -9 57 -93 65 -57 -60 86 13 -1 23 -36 -83 47 50 31 58 -81 -9
25 48 -78 -50 -29 34 24 0 -28 -11 -31 -71 12 46 6 96 -38 -75 50 33 59 -74 65 37 -92 77 -41 -33 98 -86 20 -5 -57 -67 -65 34 56 -84 73 -7 85 27 -100 91 24 83 36
-76 57 54 20 -89 -62 -70 11 82 -9 52 72 -95 88 31 60 -24 -46 -3 -32 37 -6 4 -97 -19 -12 -19 77 -27 75 66 72 -52 34 69 69 -80 82 33 -26 78 77 67 -61 -34 91 8
6 -10 82 -34 -68 78 59 43 73 51 -14 3 -69 -32 15 40 90 10 -37 -94 78 19 -59 -86 -31 -55 -26 1 6 0 -55 -18 3 93 -17 88 3 -12 73 17 -17 21 -16 4 -42 50 10
-32 -94 45 21 60 -19 47 81 -3 84 -100 49 63 83 5 11 97 42 6 -80 -28 -82 -15 13 53 82 74 19 -48 47 45 45 -89 -15 93 88 84 -51 30 -9 -20 24 -43 -48 -20 74 -1
-32 40 -45 -17 -10 82 -60 -100 -89 -17 -39 26 -26 -64 -51 56 95 -88 -2 90 -52 -79 75 7 -57 29 36 -66 89 73 9 44 18 4 -42 9 -70 41 61 13 -49 48 -76 -43 -72 76 8
74 18 49 66 36 -47 -60 17 66 65 24 80 -91 -19 86 -86 54 79 20 76 37 74 -7 -63 20 69 64 51 83 64 -61 33 69 60 42 52 67 -10 -3 -74 -57 36 -50 93 -68 44 -14
44 -76 89 65 -92 82 30 76 17 33 88 -50 71 -52 -97 -74 -41 -40 22 53 -36 15 20 -93 -85 -42 58 -2 90 -23 -99 -66 48 -2 -58 -14 6 -73 -24 -17 44 12 -15 -29 87 64 37
-43 -54 51 88 -17 -46 80 -29 -58 -41 15 81 -31 31 -74 -54 9 37 36 -17 -96 58 54 -74 -67 91 -99 57 62 -84 -25 58 -25 -78 -11 -70 75 55 -42 75 -33 58 -38 -86 -65 -11 -46
-63 -12 -85 45 75 51 -63 78 -71 -68 -12 -76 -83 0 -84 58 30 -52 72 -88 -61 -90 10 81 67 -66 12 0 -51 -57 -21 36 -93 -34 19 -13 -60 -6 59 -58 -63 -52 66 58 -96 -31 -71
-81 -16 37 11 68 29 83 -60 -22 85 -78 46 -57 -71 82 -71 -18 24 64 -61 -34 48 46 14 -72 -90 -98 -54 -11 73 96 -29 -33 26 58 -20 -81 62 -80 75 -25 -97 -68 47 24 55 79
-88 63 -73 -39 -99 4 56 22 44 -21 -96 10 -18 -10 31 -90 -64 43 -6 18 18 -86 -9 61 -39 34 98 -76 95 -12 80 39 46 -81 -78 26 57 6 76 83 28 71 -18 39 -51 -82 75
-14 98 17 97 14 -11 -19 -80 51 54 -87 86 -23 -97 65 74 -62 94 22 87 19 -82 60 -28 60 63 -20 10 22 23 -93 53 36 9 27 46 -99 85 32 72 -22 -48 38 83 35 6 65
30 23 61 -92 -65 -77 92 -66 -73 -6 -13 -21 58 -26 -27 -89 -35 -18 -69 -56 59 -40 -69 28 -7 33 33 32 -24 27 4 82 -77 22 -67 82 18 -53 -85 13 47 -36 50 42 95 72 62
97 34 86 -62 -33 -82 -9 -26 -57 -55 -15 88 -50 54 9 26 -74 -45 64 -59 -90 88 -46 -84 31 -46 59 -84 74 32 83 82 80 -66 -20 -82 34 80 89 -74 -29 -23 73 -82 50 45 92
-41 20 -60 -75 -75 -7 -31 33 22 6 25 7 24 -85 79 32 -15 30 -9 -23 -35 -56 -63 39 92 -50 -71 82 2 51 13 45 -45 -28 -17 -52 -26 -68 52 63 -15 32 -45 -57 -74 -34 18
-1 20 26 54 93 89 -71 49 80 -25 -94 -79 99 -36 -95 22 -5 -10 38 76 54 15 -11 2 -83 22 95 -70 76 -50 97 34 23 -38 -36 -78 15 -55 21 48 12 -65 -59 64 21 -27 -68
-24 -73 9 -79 -5 -29 -40 -34 83 -13 -28 -46 -84 -43 73 -90 79 32 -84 60 -83 -89 62 -84 -35 -75 -3 -55 -80 -80 75 -84 -54 80 75 -89 35 34 -38 -11 -33 24 43 88 -61 11 14
3 -55 -52 81 -94 78 87 -50 -90 41 65 -89 53 39 -29 96 -95 -59 87 21 -56 -19 83 20 -12 -10 36 -69 59 -27 -67 -99 -22 -40 -88 49 14 -4 84 -100 -69 -52 -64 -8 -15 54 95
-28 51 9 -28 70 -30 -62 -97 78 57 -73 25 -67 -22 -21 -68 46 66 51 95 76 -24 88 -7 -27 75 30 99 -19 -59 -44 83 -82 98 62 78 -58 -10 -8 -82 57 -42 91 44 -64 69 -60
-80 2 -70 -45 87 -53 -32 50 -28 83 -1 -33 74 80 -63 -13 -32 94 31 20 78 -51 20 -81 23 -44 82 98 -24 -75 -28 58 48 1 68 40 -64 37 14 -31 -11 53 29 -26 -100 -80 -27
41 -43 36 24 2 -69 68 60 17 -77 55 85 -36 59 43 79 -13 45 17 39 -54 51 -77 -45 -49 53 -53 22 -27 -87 62 -71 0 -69 -39 -9 1 -10 -30 -41 -68 97 74 -73 -23 53 98
94 -64 78 -92 -61 49 -40 67 45 -46 12 78 3 50 -29 56 37 -2 -22 28 42 -55 30 -49 43 -31 98 -50 -72 -72 -89 -78 42 65 -76 73 -72 60 -50 -97 22 -77 -79 37 90 -66 -49
-79 41 -45 -7 45 19 98 84 -60 -6 48 85 -6 -56 -21 -23 -52 -79 22 62 89 30 -36 -66 -81 -28 58 13 24 -59 -48 96 -34 37 81 80 93 96 60 -56 24 -62 -55 59 31 95 24
50 31 -12 -26 85 -22 37 -23 47 1 65 -25 23 -80 75 -30 -36 -39 2 -34 48 67 -85 -66 -47 19 21 20 60 60 -67 0 -45 -76 76 75 88 -25 6 91 82 63 19 -87 64 -20 43
90 43 41 94 28 49 7 83 -7 -81 -98 66 -80 71 97 -22 42 -61 41 -65 99 -56 -43 -9 -6 22 -87 -100 -70 -81 76 63 49 78 -2 -77 65 -93 98 -33 -50 4 -88 80 15 -19 -2
47 24 43 56 -34 39 -3 -50 81 -51 -92 53 91 -32 -83 -48 86 -9 69 25 -89 30 52 2 -23 -86 -75 17 57 -9 85 68 -78 88 -6 41 50 6 -2 -47 29 22 -28 -51 24 60 90
-63 -40 -76 39 -31 -100 -38 -41 -6 -88 -96 29 -54 68 89 88 -14 85 -53 81 26 18 -30 -92 14 -79 11 -67 -8 -21 -10 77 -2 -99 32 5 78 -55 23 74 -9 76 39 -87 -46 1 68
-35 80 -50 17 80 37 -51 49 -74 -42 -25 -11 40 39 52 -75 -73 -80 -11 -70 6 25 13 -77 -83 91 -99 6 36 -7 -40 10 37 87 -1 50 -74 -71 5 -51 61 -48 -59 -4 28 -31 -13
91 95 -74 -32 -93 -29 -24 -6 95 50 69 -77 -2 -52 -57 97 -87 96 54 6 70 43 -81 97 28 -40 12 69 -57 90 94 -88 -2 78 88 -82 51 -77 -34 23 27 6 45 38 79 -15 13
-84 98 5 -91 21 -100 16 -18 -47 31 -88 -69 -27 -24 -55 -82 -29 7 43 22 -17 26 71 48 84 55 -5 84 79 -55 13 -30 65 5 -27 -43 83 70 -83 -10 13 -43 13 43 -65 45 2
42 -12 -98 -97 57 -60 -8 -49 -56 9 -62 1 -39 -92 -100 -83 78 -88 58 47 -20 -64 42 -22 -89 -99 -40 -34 -33 66 -97 92 -7 -29 51 73 96 27 -84 -78 -67 -18 54 48 -35 22 79
76 98 74 -63 -84 -91 -13 -80 -51 42 -7 -58 -52 60 14 -58 72 -5 -55 77 -86 91 22 -65 -31 -72 67 -31 -1 -74 -18 91 23 -19 77 73 -61 13 78 42 81 -98 9 96 78 28 19
17 22 33 44 -11 90 3 -37 -78 -5 95 -56 -100 -10 -10 -86 48 -47 -88 -93 -13 21 78 80 47 -28 12 -11 -34 13 54 -39 -6 13 18 94 83 8 39 -12 50 1 68 -59 -49 70 45
44 30 48 -71 -46 -17 -63 -33 65 14 -17 83 85 48 -80 99 80 71 6 -10 61 39 13 -49 -97 2 -94 -25 -61 -87 -9 57 98 21 12 42 -68 85 72 -47 -62 56 97 -77 34 61 72
33 -16 49 -80 86 67 25 -40 -100 -90 57 -41 -65 96 -36 -88 -28 -2 -92 46 -85 -33 5 50 -14 65 -11 90 68 -14 -25 -52 11 81 -32 -36 -31 78 97 -22 29 -56 -66 -72 -68 21 -34
2 46 -97 -19 70 -94 37 -26 -66 -68 -49 -99 92 15 -89 -20 37 -42 76 36 -95 63 80 62 34 -78 -60 -78 -28 78 75 -64 -100 45 -35 -34 -37 9 -3 9 -67 -33 60 15 92 -45 55
53 67 -84 71 -36 -32 -79 -64 -87 -95 44 -68 13 75 78 -72 -54 23 51 40 -8 -74 71 54 -18 -42 -94 -71 -75 5 8 52 57 -27 36 -61 33 33 -74 62 98 -25 -30 -81 -33 14 99
-26 84 26 87 -89 -6 54 -27 66 -51 -70 -83 20 -75 -3 23 -52 42 -100 -18 81 -4 -61 86 -78 -47 99 20 -67 48 53 37 -52 93 6 -78 68 -26 -36 -14 -96 22 8 8 31 48 -68
-57 41 -58 95 27 -1 -30 -17 -63 28 94 -90 58 -98 -9 15 -84 -95 -97 67 34 -42 2 64 46 88 -71 -71 -68 -8 30 59 -96 42 -49 -49 58 95 -50 -52 48 76 64 -89 29 90 -67
13 -79 -17 -72 -48 18 -66 23 -15 81 -46 53 -99 24 33 -90 -78 74 -89 -61 -69 -29 32 -73 -85 10 10 88 -49 20 25 -86 -49 -68 -35 73 -18 -25 10 -51 -17 52 22 99 -61 -76 81
-70 -80 46 -8 -29 76 -89 9 -68 83 -88 54 14 13 96 36 78 -76 -45 -13 57 -20 -13 99 60 -29 -58 -43 -45 35 88 -73 -32 -58 75 76 62 -70 -3 -76 30 45 -95 -48 -94 26 -65
-55 -95 -84 96 65 90 -53 -19 49 76 53 -32 77 -35 -50 85 -99 73 35 -54 -59 14 -20 93 40 61 48 -67 -72 84 -42 27 81 10 -96 50 31 34 -78 -75 -27 -84 -76 -32 47 56 92
