82 71
-96 2 -93 -87 -45 -57 85 -39 -67 68 23 19 16 4 -67 -86 56 -54 -67 3 -78 -28 -19 -27 33 48 -52 46 -27 -40 54 -76 77 83 -52 -64 86 36 19 42 -36 79 -77 73 48 -56 -77 73 91 -34 35 -69 67 -87 51 7 59 40 42 -99 7 30 -87 -19 41 -75 17 11 86 -29 -30
15 60 93 -67 -12 -89 73 -91 79 -6 96 49 -94 84 -12 -75 50 99 -98 11 -90 93 44 91 -39 36 89 18 18 66 -75 -38 -70 -98 70 -58 29 37 -9 -23 28 36 -88 72 -30 77 46 77 -98 -23 92 45 49 61 -6 -28 96 0 -66 39 -44 19 89 -13 -95 89 27 -83 -85 -39 8
-87 -48 -22 85 -90 49 -9 -50 49 98 -92 90 58 45 88 81 44 18 -14 12 -87 -53 8 -73 -99 61 -50 -21 9 -48 28 86 4 -14 -92 15 93 57 42 4 -21 48 29 6 40 -20 53 -48 60 -1 12 36 -10 -35 -30 87 -40 -75 -68 -2 20 -38 -42 -8 33 67 1 62 59 -72 21
-39 74 -74 35 82 1 -12 -20 32 34 -89 -18 -19 72 3 -15 26 85 -77 44 -44 -3 58 -90 39 50 -29 58 51 2 47 -7 84 70 -19 46 -50 -4 22 -1 55 -49 -71 -72 -49 37 -60 36 -57 -38 21 -82 -50 -60 -32 -52 -78 6 42 6 -3 -8 21 -34 45 -97 92 40 -96 33 90
-21 39 60 -66 33 -21 -81 10 84 54 -55 20 41 -92 -40 12 49 41 -19 95 -42 12 87 76 51 -4 -91 -19 15 -30 32 -80 -69 -24 7 -58 9 88 29 -69 96 16 -16 24 94 -20 -77 -42 93 13 55 -52 -47 -96 22 26 -32 -30 -80 70 -69 99 97 23 -59 0 -94 -63 25 -66 62
-55 -55 -36 97 73 12 -48 -60 29 -65 28 -92 -81 56 10 84 -64 46 6 40 -15 -99 36 -52 1 33 -71 67 -57 73 -34 -68 74 14 -54 98 78 -12 -33 4 3 -96 -72 84 1 -46 58 43 -10 21 -7 -3 20 -67 -45 -79 -28 40 -77 4 -49 -32 95 62 -33 24 -45 5 -47 -59 -39
25 -58 -97 -71 96 -14 24 38 50 -4 68 -7 -9 39 -46 -6 64 -23 2 52 60 90 -17 25 -4 -81 71 -74 97 80 80 -97 60 62 -91 54 -18 -62 2 -96 -31 -23 68 -16 -81 -20 21 49 -87 8 -66 -98 75 24 -51 92 -42 84 26 43 54 -20 36 88 85 -67 74 79 55 56 47
71 -48 47 -19 86 75 -87 -59 79 -51 -24 -11 0 -7 -79 -13 89 -12 -100 98 98 20 -91 34 37 -75 10 21 52 -12 77 -25 -52 95 -100 70 66 -12 80 -13 4 2 -85 30 51 -83 53 -23 39 -58 24 38 -36 -62 58 18 68 -86 68 -18 70 51 41 28 37 46 25 71 -68 19 23
46 72 -15 -57 58 6 57 27 -82 95 -43 -32 7 56 -46 -75 27 95 -91 68 -33 -28 54 -12 67 4 -34 -10 33 -92 -42 -10 39 28 -37 -3 -47 -39 -83 21 -94 -33 87 -4 68 -65 44 -92 -10 -42 15 -6 -83 -58 -37 -34 -49 -55 -99 -14 -60 26 -33 -33 69 -25 -90 5 -6 -44 -1
-87 22 65 69 91 62 8 46 -56 90 -9 15 46 59 77 20 22 -10 -21 44 -41 -49 -1 -67 73 -30 -55 -44 -58 -91 -24 72 56 10 -43 88 -9 36 -77 33 -31 72 92 44 79 -18 -48 56 -90 -48 -78 -28 3 3 83 79 -37 27 35 76 74 27 20 40 -30 -67 -94 -26 86 -89 -24
13 -73 -64 85 -80 -33 25 -49 6 -52 -66 86 43 -97 -97 12 63 -34 -46 -37 94 -49 -44 -39 -65 -58 80 72 48 -47 -17 -24 91 -7 -95 24 42 4 -38 -94 40 97 -16 -56 -37 -37 -68 -36 36 -22 87 52 49 78 -25 -83 -42 -99 -69 7 39 55 51 -94 33 -15 59 23 90 71 -23
58 21 85 13 94 -78 39 -55 98 -82 31 17 75 -1 79 37 -78 -61 -56 21 -41 -38 74 28 30 -88 85 39 25 95 -32 -72 94 13 7 -50 3 26 -62 7 -17 29 28 65 42 -17 -70 70 -16 -88 -67 46 73 80 48 -71 -43 -39 -18 -59 -65 -29 -18 44 47 16 33 -14 -76 -70 94
22 66 -47 75 -97 -48 -47 94 41 -11 3 -60 23 85 -29 99 -21 70 -86 99 -84 16 45 -13 31 -76 22 33 34 11 34 -15 -99 3 -62 -54 -38 38 45 -44 -42 -29 -90 -97 -72 -7 -38 1 9 1 5 30 -91 -4 29 -59 -63 -51 63 80 -3 -57 25 -84 61 66 -32 -78 98 -45 11
-83 -26 -95 -40 -4 -40 -73 -35 51 -76 -73 97 5 87 -69 -84 -75 -54 18 -36 -82 4 -39 -95 6 61 -64 -76 82 -40 23 -13 -65 9 16 -88 -99 8 -26 4 96 4 -33 22 26 43 38 -88 -61 -15 12 19 26 -25 -32 57 1 -98 -28 52 -52 84 90 54 50 62 -33 -40 -72 87 -49
87 -94 -32 -47 -93 27 -7 60 42 -34 54 18 -83 22 -51 -4 -55 59 23 46 97 70 29 -3 -22 -72 70 70 -73 -34 -66 -63 70 -65 -24 61 50 80 8 5 -86 48 -70 68 -13 24 95 -99 -15 30 73 39 -28 10 -52 15 40 47 -88 -50 5 -34 44 4 -7 24 -34 -52 -22 -69 -48
-94 17 -25 29 11 -53 89 36 -60 74 48 -60 46 19 94 17 8 -31 -88 -59 37 -86 -78 -62 -80 -24 69 -57 77 83 91 -54 58 21 60 38 -66 55 -23 53 -72 90 33 -49 -29 48 51 67 -63 -21 43 -84 -18 78 24 56 -50 59 -50 -42 -71 -43 7 -98 21 -88 -65 -10 5 -3 48
17 74 -38 27 42 31 33 -16 90 89 96 -16 70 70 49 73 -99 -19 91 66 33 -9 25 -32 -77 44 -40 -16 52 73 95 -99 57 48 66 -44 -74 89 -16 63 -1 48 -1 -73 -53 7 -21 -99 -38 69 -58 -93 32 31 77 -74 66 -90 -17 -90 -95 25 -100 74 61 20 -37 70 19 49 36
-74 34 -9 -57 87 58 -64 -43 12 54 -9 30 -89 60 -7 34 8 51 91 -20 -93 -100 -67 -37 -99 4 -18 59 -1 -56 64 -35 86 -46 -11 74 34 -4 -15 29 77 50 26 -15 71 61 -98 -48 8 -19 92 -97 -83 30 -90 -66 -73 54 -44 -20 64 -98 61 -62 87 80 10 47 -82 -80 -77
-20 42 45 6 25 2 -46 93 -16 -76 24 -56 79 37 -73 -53 -4 -72 36 96 -35 -96 -35 -16 93 -55 -45 -50 -98 -52 -97 29 59 -15 -72 -100 12 -30 -68 78 16 -43 -67 39 -74 -13 -66 -52 -3 -49 -2 -22 -99 81 44 81 -35 -53 -20 66 -9 51 -80 31 -56 -45 75 99 60 93 -38
50 66 11 -44 65 -29 -66 -5 -71 49 -18 -52 -24 94 -63 -5 -47 90 -17 -22 -59 -78 -91 60 66 53 -96 53 91 64 45 85 -24 -84 62 -4 -97 -74 -64 -64 -85 0 -93 12 92 31 9 -21 7 -36 43 -34 56 -89 -48 11 -51 -40 55 55 -75 -64 -16 -52 72 -16 -50 78 32 -81 -65
82 -55 -6 -49 49 -11 -88 -87 -4 -4 -76 24 -16 -14 62 -99 -60 40 -21 66 96 -56 -100 23 8 -37 85 58 -79 -11 -73 -4 -60 -100 -24 -94 33 60 88 -79 -43 -17 96 -10 -9 -69 -41 -4 55 44 85 -1 17 -12 99 25 -7 -48 -70 35 -66 -59 -60 -33 52 42 -80 35 -100 88 -7
-7 -89 80 -87 76 44 -77 34 29 70 -88 54 -81 49 57 -9 -88 -26 87 -31 33 -51 16 -1 -16 34 77 35 -60 11 57 -22 72 82 39 -96 -12 86 -45 -65 -88 70 36 62 -6 -23 -88 -48 -14 -73 65 -87 12 21 70 -72 -98 79 21 -70 -45 14 7 -28 23 -68 61 -37 -68 86 -86
63 44 -46 24 -19 -72 16 -56 68 72 38 52 -62 28 -2 88 0 -70 19 -32 43 -47 -84 43 21 -34 -64 -79 83 53 35 -88 -40 -22 88 61 83 -72 -33 -62 76 82 96 35 20 -24 17 -51 -67 -3 61 -40 80 78 -18 -36 22 37 4 43 57 -1 -50 30 92 50 16 74 40 -93 -10
36 32 80 -96 -93 -97 25 -26 -75 1 84 -82 -51 -89 74 68 -69 -81 60 89 60 12 -47 39 3 1 -12 91 -96 -76 10 -100 -16 72 49 -100 -26 27 8 20 -79 -14 -6 -91 61 74 -44 -84 62 41 -22 -50 83 67 69 -3 63 49 -32 1 70 -65 -13 74 -18 13 -73 -4 19 65 98
-36 32 26 46 -69 -94 -96 -90 1 -25 -38 56 -44 -32 16 -63 80 -93 11 21 -55 68 -23 -74 -57 92 -11 -96 49 -30 23 2 -58 50 -32 15 -49 3 0 -42 -55 -50 -92 78 -86 83 -22 -50 34 -10 -90 -68 -4 74 82 -51 28 -92 18 -43 19 4 38 -33 41 -72 -21 30 -54 17 -100
-75 -99 57 53 -20 41 -59 9 4 -8 -40 -44 6 33 73 19 -50 8 -82 -6 -18 9 -64 -18 72 77 -88 -59 3 -68 -13 99 2 76 98 -81 18 24 -35 93 67 85 66 36 64 -23 64 82 58 -12 32 -97 -6 -4 30 56 70 -77 -51 85 -98 -100 1 -3 -41 -97 -31 -56 -33 -40 92
-50 -94 94 10 -10 53 -13 87 41 73 96 -36 -96 99 27 95 -6 -87 -93 -28 -45 47 -85 92 90 26 5 -76 50 93 -79 -31 -36 -5 94 -69 -30 -100 0 -1 86 -37 -53 18 76 -49 63 50 -34 -7 -84 -17 15 77 80 34 74 -91 -73 -83 -92 74 50 52 -81 76 51 90 80 -44 23
31 51 0 85 24 -51 -9 -1 -9 35 37 95 -59 41 -47 76 -83 45 14 -92 -5 -66 -17 -68 13 95 -74 86 -87 72 -42 74 -41 95 -41 -24 -56 98 83 44 -73 32 -25 75 -65 25 -45 22 -27 -4 -50 -91 -1 64 -61 -74 -67 -92 -71 46 -17 -22 -6 -26 72 -55 -47 9 33 -85 42
-26 81 -9 -59 17 -21 -88 -85 -89 -87 53 -68 -86 64 -86 -48 33 3 38 68 67 -84 -81 -24 21 -31 59 31 67 76 8 -98 44 -19 39 -64 -63 -45 -44 -15 78 57 41 10 34 22 -84 84 -76 64 30 33 47 -79 21 95 55 -70 -4 -26 84 15 33 85 46 -60 72 -64 74 -33 -2
36 -67 -59 -15 -98 -35 65 86 49 16 -38 -38 46 -1 -99 69 -95 51 75 12 73 -44 61 -2 0 -82 44 50 -20 -44 -51 95 -2 -79 -90 -61 65 37 -54 -48 -19 -4 91 12 36 70 -79 -8 -28 98 -59 -37 -49 4 11 56 7 65 -72 -99 -82 41 0 -51 45 68 19 -39 91 -8 16
-6 0 26 59 -78 67 90 -93 68 17 -12 71 -95 -65 4 -5 -91 -14 -94 -99 81 28 70 5 82 10 -98 4 -63 76 70 -84 -60 -84 -25 -88 -34 -93 -85 -51 27 -16 88 58 -10 -78 -45 -60 78 72 95 21 -82 -1 -18 53 28 44 62 10 -11 51 -32 52 -97 55 21 -84 -81 91 -38
-73 75 64 38 69 -62 80 82 94 99 -13 -72 -81 -68 -81 -34 25 -27 53 93 -36 -100 -47 37 90 -95 -69 -20 6 52 28 -33 87 -90 43 88 16 -98 -87 32 74 21 1 46 75 -20 44 -23 -39 -84 27 -21 98 21 87 22 -42 -76 78 11 71 71 -74 -7 -33 35 -49 59 59 96 -76
78 55 10 43 25 -86 -84 37 -83 -5 40 -56 79 28 -30 91 -77 78 14 -87 -21 70 15 33 -7 -66 10 77 82 -65 73 27 83 5 -52 -7 -48 3 93 -4 -46 -71 43 33 25 -21 -70 13 -69 68 17 -21 -44 11 84 -3 -26 85 -94 61 58 -77 -86 -68 -32 -43 66 50 52 54 0
23 9 -46 -60 -87 -38 54 -19 -1 63 8 -44 -66 -11 15 -18 -62 41 75 45 -1 -66 -17 97 56 -91 38 43 0 92 60 83 -81 -6 -9 59 87 34 70 -29 -33 -10 -64 -2 24 -2 -24 -91 -89 82 56 98 66 28 20 40 -49 73 0 9 49 -87 -76 64 27 -20 55 -88 10 64 50
12 71 9 22 65 -86 -88 -96 33 -91 -88 -60 -15 -32 -4 81 -82 -96 20 60 -61 22 -38 -10 -11 -75 -8 90 59 28 -51 34 48 -99 -24 -39 60 92 -69 87 50 28 -61 -64 75 87 39 94 42 45 -32 -72 -71 -1 64 -45 76 91 -83 0 12 3 56 38 -8 17 65 -54 -1 62 -2
20 -8 -68 -76 -53 -18 96 -35 -36 -42 -36 -14 -89 19 11 -21 -14 36 -57 28 -46 60 15 -70 55 18 -51 47 96 50 48 -70 47 92 -12 -45 70 -93 -77 53 73 41 94 -59 -26 -31 44 -22 99 -51 -33 93 -89 -55 2 -77 -76 -65 31 48 91 93 97 -49 88 -92 70 -57 95 34 79
-8 -16 -37 -61 87 47 83 0 69 55 95 51 -1 95 -76 -13 58 29 -16 33 -83 -93 -72 -62 -45 -56 -62 -16 89 -56 60 30 -91 -98 -100 66 0 -15 -15 8 -58 -76 50 -43 27 91 -98 -55 -33 67 3 25 29 49 67 -77 -15 -42 -28 75 -48 33 31 62 -27 45 -44 85 -15 -60 -53
76 50 -43 -10 -21 16 10 -35 69 60 -59 34 -16 -87 -52 -26 92 -49 50 -60 23 -51 -64 -91 -56 64 -60 -29 -94 34 25 -79 68 -4 79 59 -81 -42 61 -13 -57 78 -29 11 -11 24 -3 -6 -67 38 -43 64 -20 -80 -73 4 4 61 -36 81 10 -70 47 44 -97 18 -68 97 -25 -25 10
-50 -65 80 86 72 90 43 18 85 -11 -59 54 2 97 -72 70 46 17 92 99 22 -19 81 -25 66 -49 28 99 -24 -12 73 -45 56 -36 -9 61 88 69 -62 61 24 93 93 -67 -55 -33 62 27 73 17 86 11 -38 3 -79 39 -43 34 51 -92 -96 -35 -12 55 24 8 14 80 -77 -49 4
38 4 61 69 26 44 15 33 -80 15 -46 51 -92 70 36 -64 97 -37 65 79 0 18 52 -23 31 -83 25 59 -56 -88 -40 89 19 31 29 -82 14 -11 38 -23 -68 -25 -35 98 -59 -56 71 38 5 86 4 47 -74 52 95 87 -6 -15 -72 -26 -77 89 56 -29 -26 -5 21 95 -79 67 -65
24 -24 -23 -94 -52 -58 49 37 -100 41 36 2 68 -17 80 15 24 56 91 21 -16 -92 -83 -97 79 31 -65 12 97 49 62 9 20 59 -75 57 96 87 18 -98 -87 -17 79 29 -11 -55 -68 -4 49 -46 -85 87 -79 -72 92 4 72 12 2 -100 -4 -56 -74 -69 -27 -19 75 -23 -25 -71 -23
66 31 -98 -74 -93 35 -2 -54 -2 84 -82 17 -96 56 -39 46 -40 27 71 70 -69 -33 -35 -93 78 52 39 27 -13 -71 34 -8 -31 -5 31 -95 77 37 -27 -16 13 -95 -89 77 -74 -66 94 -28 -53 83 87 90 42 -37 48 21 -38 -23 -9 69 88 -27 -19 22 -14 -97 97 -9 3 68 79
80 72 80 -46 -81 -30 43 -73 -36 -59 -98 -99 94 88 -57 42 85 31 27 55 33 -98 -4 55 27 62 -53 20 -22 -100 8 3 65 8 -33 97 -80 68 -59 37 15 22 68 16 34 79 -60 -94 41 37 -93 15 -65 5 -3 58 -2 45 7 -47 73 2 8 -23 67 -43 49 51 -98 -29 -1
79 -51 5 -9 96 -58 -59 -7 -55 -62 67 -24 -58 -24 95 81 -67 -71 87 -15 6 -67 -69 -4 -22 13 -41 -36 88 -94 -47 55 54 -73 -20 68 -99 98 92 -81 -27 -79 -54 -77 76 2 -14 23 -95 43 76 12 53 -36 96 -58 93 1 -42 -23 -55 21 4 -74 40 67 65 93 -16 -66 -70
37 -16 -36 2 19 81 -58 80 80 5 60 67 6 94 -81 89 51 -46 22 97 -57 -51 85 5 35 -73 -5 -11 -22 -40 -38 -25 44 -14 13 99 65 -50 45 31 75 81 -28 -42 -89 -40 -98 -74 -58 41 69 -39 70 -44 84 52 -90 51 -3 79 -37 -26 -57 5 76 25 -94 37 20 -62 -98
47 -55 -11 -37 75 -39 75 1 -26 69 43 -68 -66 32 55 -80 65 -7 -78 59 -31 -57 -72 -13 -22 -92 31 53 -81 62 61 24 26 -38 66 -46 -77 -23 55 49 -13 96 -9 -100 72 51 -43 11 -53 26 -34 68 -7 70 -8 -80 -24 93 11 93 -13 -36 96 37 78 -59 23 95 -67 -22 85
-4 -29 96 -99 29 -1 -89 70 91 -76 -7 86 40 88 -79 -42 84 -3 54 -50 -70 -17 -80 49 -84 -91 -61 53 -29 51 65 4 44 -81 45 94 -25 11 53 99 10 -62 55 -5 -74 -2 32 48 -63 -70 56 -25 68 20 50 -45 84 -99 83 58 -2 83 73 -52 39 47 30 -95 91 -29 77
-93 -1 22 44 52 8 99 58 48 -83 78 -93 62 42 81 97 -61 15 31 46 -48 25 -57 -16 -50 79 50 44 15 63 48 -66 54 -30 -8 -97 -39 69 39 -16 69 82 3 86 28 -10 -48 30 -5 28 58 -29 63 98 45 -90 -63 11 -14 -82 14 -59 -54 40 92 -45 -17 -24 34 21 -31
81 -80 -1 -49 -23 71 79 55 -95 74 -37 64 11 93 67 -91 20 61 -38 -43 29 72 75 -95 -3 6 -70 21 89 -32 -24 10 46 0 -45 -13 45 66 -58 15 -63 -47 -28 47 22 -76 -93 -7 -94 -62 78 -44 24 37 51 68 98 -61 -9 48 -33 98 15 18 -34 -27 56 63 58 66 -23
96 -2 -57 55 -40 -29 52 97 -49 -17 81 -82 63 24 99 -20 85 -70 28 -54 -7 -83 9 -56 -79 -14 64 -51 19 23 -31 49 -38 -15 76 -67 11 66 -21 47 49 -76 -39 58 -59 61 -36 46 -30 99 7 -45 40 -87 92 44 15 42 -8 2 79 -75 86 86 -51 -46 -48 36 56 53 -45
-100 -83 -40 11 -78 -88 70 79 24 76 37 6 91 -43 -61 -45 19 99 -75 -27 63 -46 19 1 -79 -8 -88 -36 45 -89 -47 11 96 -12 -20 -74 -50 78 59 -27 -36 27 -31 -87 -56 -1 -44 14 14 -89 52 79 -36 77 -62 83 -88 -100 -36 63 -72 39 97 -84 75 -67 -40 -38 30 64 -82
-19 41 -18 7 -89 19 -57 28 -2 99 -79 30 -81 -47 64 -14 -93 21 -15 -66 65 62 25 51 -43 45 -70 -29 71 3 14 68 87 31 -97 22 80 5 -82 -6 -54 -52 74 -76 20 -9 -13 74 -71 6 95 37 -85 77 -91 -41 94 -58 -47 37 -34 19 -40 -24 -13 78 -76 -57 28 4 -63
-33 42 63 81 21 78 -44 38 -77 -82 93 46 81 -52 -81 83 6 -65 70 83 -89 54 -17 85 16 18 54 78 -47 -76 -30 35 -30 -81 -18 24 34 -18 9 -8 -76 81 -96 -43 -37 -36 -21 -77 48 33 -35 -96 33 -96 79 95 -68 -69 -32 5 -35 63 70 35 -4 47 40 -11 98 -21 -41
-54 14 -22 97 54 -93 60 32 60 52 83 -37 -64 34 -54 -92 44 -51 55 90 81 10 5 87 -24 -20 -51 -27 -71 -58 -50 -36 52 0 42 -73 63 -80 -45 72 47 -46 61 65 2 3 38 52 -91 59 -4 -75 81 -87 -66 87 -13 99 -82 44 -28 -50 -3 66 46 -37 -48 -54 -55 43 33
-94 21 4 -80 -99 96 20 36 -23 -78 -67 -92 -22 22 -78 67 53 -20 -31 -100 23 -58 -71 90 -81 16 -74 -68 10 67 99 -26 54 3 -80 -77 72 80 -12 18 -70 -70 12 -81 -17 89 -60 -21 -87 91 -19 46 5 7 -56 92 -3 73 18 -82 -33 -33 73 19 -44 -60 62 15 43 19 67
-70 6 71 47 3 -58 0 -1 -25 -85 40 32 -11 22 -2 18 -76 19 -53 79 -9 -95 -85 -60 -33 -100 95 -33 -54 -91 49 42 -93 -49 -1 95 -54 21 -53 85 86 19 -70 -39 -96 2 -12 0 73 89 20 84 -26 -96 88 -35 83 54 -85 74 -82 -3 9 89 -50 28 59 -45 -52 22 92
-93 40 -63 58 -87 79 10 81 90 51 -42 -75 -14 -60 -84 30 4 -10 -30 73 -64 -94 37 -91 7 18 77 11 -68 15 8 -71 68 -43 61 -64 -57 -86 68 -75 -81 35 -4 53 -24 -1 85 -75 -64 8 48 57 9 -33 -44 59 53 -33 26 70 -94 69 10 27 -42 22 -33 -36 -92 -14 -63
96 -97 -8 18 14 23 81 -4 21 66 17 40 43 -12 -100 -23 -60 -94 -51 -85 6 28 -59 -10 -78 -7 -54 80 -74 79 -50 -55 -55 19 -14 56 -34 30 90 23 -91 -15 26 43 -42 -54 49 94 72 71 -27 0 73 26 8 11 86 46 2 38 61 -71 -26 13 25 35 -23 -74 -73 14 72
79 78 -18 -62 39 -44 -6 71 -70 -25 12 14 -79 -88 38 -75 33 63 -51 -44 -70 -37 74 -29 99 25 6 86 -43 95 30 -43 -91 -7 96 -47 -11 67 85 -36 -27 40 -56 73 -34 51 -67 -76 16 -36 53 -94 61 -58 -63 60 -43 38 13 -72 27 -74 39 17 87 -21 96 96 -26 -84 -21
-21 79 60 -21 45 71 -30 66 -51 -48 39 39 -92 -83 31 47 -87 9 59 95 79 33 94 -23 34 23 7 70 -10 88 -25 43 1 0 68 -82 -46 -75 4 -77 57 33 6 -94 48 36 13 43 75 41 55 -51 12 -49 93 -45 -30 -44 -20 33 -85 -91 76 -83 -32 25 93 17 -48 -42 75
-64 15 -53 -46 -49 72 33 -6 -98 -63 -28 25 -41 -42 -26 37 -10 65 -75 -31 89 -16 60 -38 50 -41 -64 -22 91 56 -76 53 42 -64 -49 74 53 -77 75 -36 -57 67 -14 42 68 13 76 92 -95 -99 4 55 -32 36 -84 -62 66 -34 -82 58 -19 -63 21 99 -79 74 99 96 -11 -30 -20
69 -41 -54 34 -86 12 66 83 -21 69 -56 -72 14 -13 -97 71 -44 92 -74 -12 44 47 35 99 29 -12 -33 -24 82 23 76 -21 -29 -18 -100 -2 -47 49 68 65 -31 18 33 1 30 93 50 60 56 33 86 -40 49 -57 79 52 -62 -60 -73 39 1 42 -31 -16 54 -13 -68 -75 38 -40 -37
80 56 -1 -79 -9 22 -85 -37 -93 -66 33 38 -85 89 48 -4 -70 84 8 -56 -98 -75 95 2 59 56 55 23 31 -77 20 -40 63 86 -68 71 34 47 48 -3 -52 -99 43 87 -66 -84 -72 74 60 -31 1 -12 -17 -74 -19 -43 -52 -1 73 -65 92 -74 -46 26 -98 92 -86 91 -6 -70 -94
29 71 -41 55 80 -72 -14 -56 -71 -14 -14 -2 75 33 -85 -3 13 -53 61 -94 3 -43 -96 -11 57 -67 26 -55 -99 71 -35 -38 69 -92 58 -98 -55 8 90 -25 -62 67 47 24 27 -69 6 -74 39 64 -64 -79 11 0 -15 -69 14 3 -40 0 -66 -70 -16 -89 84 -21 7 24 -45 -16 -11
-2 -28 81 -49 7 -82 -41 -51 -23 5 91 40 31 -48 30 65 84 79 18 -82 96 -3 33 -43 73 -94 -83 30 68 -75 -1 51 -92 0 51 52 50 27 -4 97 -19 -98 69 79 84 33 -8 -57 42 -97 89 11 56 -22 -91 -14 -38 -72 -32 6 -77 15 93 -92 26 -51 18 84 97 83 -78
-62 -37 -46 -12 -28 7 71 -44 -44 50 59 17 40 -87 -90 55 49 -25 69 -67 -63 -84 33 74 32 31 75 36 40 -34 -11 -55 -32 3 -86 -47 62 32 -40 -69 -56 54 53 -88 21 -29 -96 61 88 43 -22 -43 37 -16 -4 -18 62 92 -70 10 32 -18 -39 -23 -54 36 -75 53 -90 64 -26
-10 -85 -18 -84 71 58 -27 48 57 -16 44 29 -66 -85 -98 -33 -15 -88 -31 59 60 -44 12 95 26 73 -41 -37 22 -68 -49 97 68 -51 90 8 -26 -57 8 -25 97 -48 -46 64 -22 27 23 19 -77 60 45 5 90 -37 94 96 -100 -83 91 29 -18 64 -20 -9 36 -74 89 18 14 19 67
-36 7 50 70 -53 47 -84 3 -97 -68 91 -71 -32 53 -41 -92 -53 71 -50 73 -46 99 57 -88 66 96 -67 -85 -39 -67 15 86 -97 10 -68 80 4 -81 -48 73 51 12 -75 -84 13 11 -2 -57 -55 -20 -52 40 -6 -9 89 83 73 -17 91 97 -51 -11 51 -61 -71 -6 -9 95 93 17 13
74 -65 -68 49 -1 99 -82 57 95 -72 -71 54 49 38 57 -82 68 77 -71 -8 51 23 -44 95 8 -47 78 59 52 -3 -19 -60 -51 44 90 -7 -47 10 36 -32 -69 50 23 -82 -52 -67 -55 -7 83 85 -67 -36 -48 46 -76 3 -51 -1 -16 0 78 29 35 -43 -45 9 -80 51 19 -69 -17
-22 28 39 -1 -78 40 87 -49 -86 -79 17 29 -98 33 50 -69 -82 91 35 63 -83 -10 60 82 40 51 70 84 24 -11 69 -82 25 -31 37 55 -45 -42 -28 -45 0 78 73 -88 -56 -19 92 99 -30 -94 -90 67 -84 -4 26 44 84 6 -84 -88 -89 14 96 -80 -37 11 30 -39 41 53 21
53 93 -7 62 47 24 45 -77 -37 -59 -31 15 44 -61 -41 23 24 75 28 -54 66 -46 -97 45 -81 -31 -47 50 -85 -93 -98 -7 21 -81 11 -97 24 -49 -72 23 43 0 -32 -81 43 -69 -97 44 7 -85 -100 -64 76 -72 55 75 90 -61 -100 -97 15 83 72 -23 -13 55 19 -67 -60 -99 -9
33 -61 3 -39 4 46 -92 -91 72 -41 93 79 -25 -67 -56 -73 42 25 -48 -100 -89 60 -33 -44 -44 -9 37 -22 -41 -45 -47 -14 55 67 -11 82 -71 -34 21 -55 -76 65 -16 28 30 -4 -85 -34 -70 -68 -86 -64 73 10 32 -63 42 57 16 88 5 -74 93 56 -44 -5 23 35 99 -84 -8
74 38 21 54 52 77 91 -71 77 84 35 -57 -64 -2 -71 -50 -80 -61 -6 -70 -76 -97 11 71 66 93 35 -14 69 28 38 11 -87 88 12 -19 30 -28 41 -63 -13 -89 6 48 38 -59 -55 96 -31 -16 88 73 -66 -66 99 -56 -25 20 51 44 7 -21 45 39 37 -62 -36 -97 -85 52 -66
-67 49 44 -34 -43 79 -98 82 16 -29 72 13 22 -24 -15 79 -96 96 -48 -77 -83 42 88 -54 -92 47 -86 -9 74 98 28 26 43 7 -87 -15 -82 46 57 -100 60 39 27 -81 -23 -89 -8 -26 15 68 33 -21 -17 46 -92 -52 17 -1 -30 -13 -66 -52 -43 38 -4 28 -24 16 -70 25 -1
23 13 -60 34 -56 -46 14 36 -33 -60 52 -32 -36 33 -6 30 58 -96 -92 58 -70 -19 -95 5 -80 96 1 -15 27 -85 48 -9 -93 -37 67 -28 70 -7 91 -29 12 49 -97 -44 -100 82 71 30 -50 -25 -89 -48 11 93 -48 -9 -7 -57 -91 -13 3 47 52 -86 -24 -98 -29 17 67 -51 30
-96 60 12 62 -75 -67 -5 -100 -76 63 7 -97 -74 5 40 10 -32 -95 -55 57 -42 -58 -17 -83 -10 -49 -75 -75 73 -50 -33 -8 -88 95 6 33 -68 -83 28 -86 -23 -35 48 4 -85 2 -92 -58 74 -23 77 -60 98 -74 -61 -6 -10 -50 -71 -39 37 -17 47 40 21 -36 -25 71 -40 94 84
-79 28 -40 -22 24 80 -23 -62 53 -44 -49 52 47 -25 -14 -86 76 23 94 50 -66 69 14 69 -16 -98 -83 30 -7 -79 -50 -75 64 62 -48 -84 97 76 -86 89 -82 -58 -19 54 -78 -18 1 94 -38 51 -32 24 -43 87 -29 72 69 4 1 61 38 56 -9 -3 63 -90 5 88 47 23 21
11 90 1 41 35 -36 7 -67 -83 61 73 -45 59 -35 -91 -34 -54 -47 -82 -71 50 -97 -100 -96 -3 -17 -20 55 -84 -45 34 -86 -34 -71 -52 -19 50 -67 96 61 -56 20 73 -98 99 87 46 -73 33 -36 -84 11 -10 -92 -51 89 13 24 -8 -34 97 29 83 97 43 98 -57 -25 -43 79 -5
-23 -81 -72 -93 -5 23 -62 34 30 30 38 46 24 73 -68 28 66 -51 -7 11 2 63 -36 -28 -46 82 5 26 -31 18 39 -57 57 73 17 48 -55 48 63 42 35 -47 86 5 -56 -70 7 55 99 -35 43 -20 -5 -19 81 -67 -83 75 99 46 -62 66 48 -59 -75 -72 86 -56 32 62 -75
-3 46 -30 -76 96 -52 -5 30 81 4 36 61 52 -94 -43 -77 -43 3 -66 -68 99 90 -67 24 -84 21 18 47 -47 -33 -47 -50 -44 24 -96 -55 -97 42 2 81 -89 -19 -5 48 -7 -3 -3 59 -36 74 90 -64 87 97 59 79 -44 33 -96 85 -19 96 81 15 -67 -97 -36 -19 -77 99 -8
-65 19 -58 -6 -60 -19 94 46 48 2 12 96 -59 -68 -33 83 -18 -51 1 -6 -8 11 -6 -59 26 -54 -59 47 71 27 -40 -27 89 68 -17 -63 48 72 -77 -80 -61 16 -89 -8 30 -39 36 -81 61 72 45 56 -32 -28 37 -33 -57 99 40 30 96 -33 -8 25 30 -14 49 48 60 96 -90
66 -61 77 -83 34 49 46 -24 77 -69 -100 -66 -63 52 -34 34 93 53 -74 -14 84 -57 72 34 -5 7 94 66 70 -30 -65 -90 -26 -86 49 -12 -66 -9 76 -45 -58 1 -31 18 -89 -44 -53 55 23 -35 61 -55 32 -27 85 -80 37 -12 -25 11 68 -57 76 -86 66 -51 29 -98 -77 87 -22
