100 64
-24 67 64 -31 11 -59 -65 79 -40 71 -23 -79 -10 -47 5 -68 -27 77 58 22 56 44 -97 -10 -97 82 18 41 -71 7 -24 -13 -88 -73 77 -13 61 -4 -60 -14 -91 27 -16 -36 52 -67 -44 -9 -71 -66 -24 -11 18 19 13 -59 58 -65 92 -97 47 -89 -39 39
97 32 -90 -23 -15 -75 -83 -2 -10 61 -35 -82 77 -76 -14 7 42 -24 14 -36 -46 -73 -36 -71 35 -81 -34 -10 30 23 53 -5 -20 28 -54 -85 -89 94 51 -76 -22 5 88 -26 -12 -43 -10 -23 8 -62 11 -52 32 -80 -77 35 12 -63 19 65 54 5 -84 47
-96 -19 91 -13 16 41 -2 -76 -54 -29 -95 28 -18 -69 73 -8 84 75 1 -59 69 14 -36 -29 -12 -91 -86 62 5 -77 54 -54 5 66 31 15 83 -4 46 53 -43 87 -9 -46 69 75 36 -70 -11 93 30 -10 -48 25 29 64 60 -93 66 -11 85 -65 -29 68
84 -21 -25 31 -56 -71 90 -80 -61 97 -29 30 -64 -50 21 63 67 7 67 -57 -46 -95 63 -94 18 -53 12 95 -98 -61 10 47 68 95 -13 -92 -25 -97 -4 92 -20 -71 -75 -24 -49 -84 69 -80 62 -15 -32 98 -78 -2 82 10 17 -34 -24 -28 -90 -74 -83 -64
45 -24 -86 -42 -71 13 26 -70 65 55 53 -15 -77 -35 -5 -83 -57 -21 -60 -52 48 -79 69 -88 -66 10 -66 83 -89 24 -30 -46 31 93 -74 -68 6 93 53 82 -63 35 -93 24 -93 26 17 -35 -59 53 80 40 4 16 -86 -93 -85 -88 45 -35 48 -80 89 35
-93 39 -91 94 -52 -98 -51 19 36 -58 -74 38 72 -15 -83 -72 81 23 37 -84 39 -35 7 -20 -73 89 63 65 -22 8 -4 -93 -24 84 72 -91 -91 -32 89 -27 -37 30 -64 -61 -72 36 88 0 18 17 41 -32 80 -26 -91 -93 2 67 -14 0 36 -57 82 91
-57 -83 -57 89 24 51 -45 65 13 4 47 -82 -67 -71 -78 26 32 83 84 -11 31 -11 52 87 69 95 -97 66 -2 13 -94 -37 -98 74 -30 -86 -98 -25 -7 39 -22 -15 92 -96 87 90 -21 -87 35 -18 -96 83 77 48 68 8 15 -2 -42 94 24 -61 -35 90
-57 43 -48 6 -67 -100 -44 -2 43 76 22 -64 36 37 26 -45 -36 56 -36 -7 -87 -71 28 87 88 23 -57 92 -53 39 27 -72 -46 57 11 64 -48 -85 -100 -33 55 -76 -25 -9 6 -12 65 -96 -14 99 -57 -64 43 -65 5 28 33 57 -95 -91 -50 98 -4 -73
45 66 -47 -74 68 74 49 -70 54 67 -91 20 -68 62 -66 -95 61 53 -94 71 -13 -63 -57 -42 89 14 -19 -31 -78 -100 -57 93 -38 72 -29 -31 -93 66 98 62 -23 -48 2 -48 -73 75 74 94 46 8 -91 95 74 -23 -78 -34 56 13 91 -1 -35 30 14 -14
73 -79 -87 -88 4 12 -87 91 23 -21 -84 51 -82 43 -4 -42 92 2 -9 16 -56 86 -10 27 30 30 75 -96 -71 -34 -81 95 -24 79 42 -85 71 30 60 42 -16 91 3 -76 73 14 -18 50 -89 61 -22 -55 83 -64 35 -26 68 17 93 28 -26 94 75 -37
97 57 16 12 -67 -94 76 27 -20 -78 33 -12 8 68 14 73 -24 -48 -52 -30 21 -41 -56 -2 -79 46 -8 -46 66 -12 2 -40 92 -50 -63 9 93 54 -64 -51 28 15 28 -6 -84 -83 -50 92 22 -6 -98 20 -67 -77 -90 84 -98 37 6 42 -41 98 19 -93
7 72 -2 -78 63 60 18 1 -97 99 -34 -25 68 41 76 26 -87 93 -8 95 -29 61 29 -32 18 -10 53 93 44 -33 88 -42 -44 46 -89 72 -28 -29 0 -66 14 -20 -91 66 81 16 -80 -12 -95 32 -78 -62 -64 35 -35 -87 -27 25 -26 -21 26 -30 -65 17
42 16 -93 -78 -46 34 68 -75 56 19 74 76 -87 -14 -52 -54 55 43 52 -34 35 -58 54 8 95 6 -7 -21 56 -83 -39 -85 34 -26 -92 10 28 -5 -28 70 93 24 -4 -76 7 -8 23 91 -94 -58 -75 34 -43 78 -1 -4 -87 -50 -43 -50 -74 -49 30 -27
58 24 48 77 15 -99 -64 -72 -19 84 -3 36 -24 72 16 -24 3 -7 -26 -25 -68 -60 9 46 -22 87 -100 19 45 -24 -50 71 -27 -42 88 77 -75 -40 -78 11 -95 69 19 41 -82 4 0 -96 17 44 -49 93 -94 -82 28 -19 -94 -70 4 -77 -4 0 -40 8
-72 -55 36 34 5 -84 57 56 8 4 -9 -19 -96 90 -17 76 44 -8 24 99 -33 -26 -96 -46 74 8 -58 5 75 -73 37 -88 37 7 60 -52 16 -55 -28 -73 34 90 -71 -64 86 36 77 -21 12 -21 -47 -87 81 -70 21 5 -15 -33 -94 -86 -46 93 29 -31
-61 -23 7 89 -36 55 4 7 16 45 33 25 -40 -24 65 -42 10 -34 -87 65 -6 -20 -70 61 39 65 39 10 -14 2 88 16 -62 -57 -17 -92 -100 -82 25 73 -47 7 -10 -55 -65 48 -68 84 21 -70 -63 16 -71 11 24 -54 -35 13 -25 -44 2 23 30 88
-69 -94 10 91 53 -25 42 93 -67 -9 10 64 -69 19 -65 -17 21 61 73 81 87 79 96 -26 18 66 96 25 42 -46 15 70 -91 -56 33 -1 -71 -40 -31 -46 13 29 19 -11 74 89 -73 -28 51 -31 25 -30 -21 -64 7 -90 46 2 -93 64 -5 -36 34 45
-40 -5 -20 -65 79 -54 84 40 71 -32 98 72 -90 90 7 -75 78 -92 49 -93 -35 37 -8 -83 98 -60 32 58 -12 -50 -16 -53 -3 2 2 -93 -65 70 -60 24 86 74 47 -30 -10 54 38 -22 30 -16 88 -11 78 0 -14 -23 44 -80 47 -98 -67 -90 97 72
-69 28 69 69 2 -70 25 66 -41 26 -47 -53 -85 77 19 82 -68 84 40 -80 -68 -23 28 66 23 62 15 -67 -17 -26 77 37 66 -13 35 75 -65 -72 -5 53 92 -80 58 42 92 23 23 54 -65 -88 -49 43 -46 -50 -73 49 -8 -98 -46 23 -31 68 60 18
67 6 77 -43 -2 31 -22 -70 76 -36 -16 0 -23 20 90 30 -49 51 -42 78 45 0 27 14 81 -8 -34 -77 3 58 -11 14 28 29 -77 20 32 -98 37 96 -32 -81 -52 -92 2 60 -4 -95 -76 71 -51 51 87 -57 -88 8 73 -100 -92 89 -26 -33 -23 82
40 -88 -12 -89 -76 39 5 -88 -18 -73 14 -73 -56 71 21 95 55 -45 99 -41 7 59 -66 -33 16 75 -13 -13 -87 -77 -96 -99 84 -1 74 -16 74 73 18 26 32 45 -99 57 26 78 -52 -55 -25 -65 -63 13 -27 61 44 21 -81 -85 69 86 -68 14 -78 -24
-94 -22 3 -36 90 -4 84 77 -42 -87 -85 -95 48 71 99 55 77 59 -88 -77 -62 91 35 -81 85 69 0 -67 88 -1 -81 -29 -55 89 16 53 29 72 -21 -39 -42 -12 -18 55 -77 -60 -8 48 48 24 -10 -87 61 95 3 72 -53 66 -50 78 -21 -32 -82 -99
-31 52 41 -5 -46 -75 46 -32 -70 4 47 -3 -62 -93 -44 5 -64 -92 91 -56 46 47 44 46 95 -48 -59 49 55 41 81 78 75 -93 -74 70 -86 -85 70 39 98 19 -58 24 -3 -74 -82 -3 85 72 25 -80 78 -75 -42 -71 -13 -79 45 79 36 72 38 -97
54 71 -98 68 60 66 35 81 12 31 83 -21 45 51 80 -47 0 -4 87 -16 -84 -1 16 -30 38 51 -40 -88 -7 14 22 32 91 46 27 -80 96 34 -35 83 -46 -6 -90 35 41 -100 40 -39 80 -63 52 -47 -64 -57 92 41 -7 32 -67 59 38 51 -96 80
32 82 -29 96 -2 75 -84 64 -68 75 14 -85 17 24 39 -4 53 37 25 50 -45 -36 -72 69 -45 -25 -37 -23 -5 -33 -10 88 -81 -55 95 77 -41 78 -16 -2 48 -46 4 41 -74 7 -83 27 -24 -46 -42 44 68 -2 37 7 60 -64 -61 97 -31 -85 22 16
-8 85 47 78 -22 -39 32 13 -32 -2 -88 -19 54 65 18 77 64 -42 -78 70 83 13 2 -34 37 19 69 -12 39 5 50 -81 -23 -36 26 27 -97 46 -3 -66 83 -47 -78 -24 76 78 -42 -6 -35 75 79 -55 -16 -87 -23 -21 -59 48 -56 -7 -67 55 -16 -27
-28 64 50 -74 -9 -53 47 73 82 50 -31 74 69 94 -80 -12 -48 8 75 21 4 98 16 6 -76 -41 14 33 20 -25 80 -85 -72 -56 93 13 -87 18 -42 -35 -20 65 79 -70 -69 25 25 -47 -8 -91 7 25 -18 -64 -56 -42 66 -96 -91 -37 83 15 60 1
62 84 -20 -64 13 73 73 -93 -79 94 26 73 29 -17 -71 9 -83 -54 -5 -74 7 -77 25 43 8 -13 -50 -79 -86 14 82 -18 85 75 23 -80 -12 -6 -94 -54 9 -54 -93 39 -53 -88 -72 -99 -17 70 -89 67 -59 91 91 -42 85 24 -55 8 -46 19 -92 -37
69 95 21 -76 5 -4 39 27 77 -21 -94 -30 14 -12 -50 -35 -89 51 -85 65 -38 73 -58 23 -70 15 -50 74 18 -96 -32 -57 47 -1 -8 22 -88 23 -7 14 -44 34 23 21 -67 20 -6 -40 -20 -32 -18 7 -42 27 49 -51 -35 8 13 7 66 44 -1 75
-87 -36 -26 -13 37 -77 24 98 -2 -33 49 46 57 14 -2 -66 -65 54 -55 94 -41 50 53 -31 80 36 -35 -98 -94 79 -96 39 -75 76 -8 -27 53 -96 91 24 -76 19 25 14 -56 44 0 65 79 -13 -44 30 -57 -65 34 -22 -77 9 -9 96 -13 49 -43 -30
35 40 -10 -28 7 -90 -76 63 45 -92 48 28 4 -52 9 78 76 64 -81 -74 -98 8 -96 57 68 -7 -69 -3 -60 90 36 92 -14 -56 0 48 28 -83 -79 -89 -31 -28 -36 -95 20 64 -96 0 86 -3 58 -98 -70 95 15 -18 -11 -38 9 -12 6 42 22 -42
-78 -44 5 7 -45 -35 51 -14 97 97 -59 28 89 62 -97 -59 -34 -53 -52 -48 77 51 -82 80 -82 46 -31 61 0 -95 -69 -24 43 29 -25 -100 4 94 -46 -34 60 85 -99 62 -14 -56 -12 69 -37 -80 22 9 63 99 7 8 -19 52 42 50 -46 -16 83 9
14 -71 68 -91 71 -56 -98 -53 82 -81 -14 -26 -73 45 48 -87 -43 77 96 -52 -10 -71 -96 77 36 -61 14 24 44 -91 -99 -54 -6 74 93 67 -3 20 -58 90 84 62 -11 -59 -87 -3 75 25 21 59 -94 -49 -28 28 10 24 98 13 -13 98 87 81 -21 34
-33 -74 -86 -59 -67 24 -44 74 -87 -100 -10 -21 -49 0 -3 76 -14 89 76 74 64 -52 20 -24 48 65 -15 -43 50 -67 -21 10 -82 -33 -54 -61 -25 -43 -74 -59 -23 -72 -75 -89 -7 86 78 35 -84 -98 -51 14 3 41 40 -18 -43 -1 -46 -36 -27 95 -66 34
86 28 -41 15 -68 -76 -27 16 -83 58 -54 -31 71 -49 -83 -11 36 -44 87 -93 68 91 -60 49 -7 -65 -11 53 -87 97 12 57 79 52 -57 23 -77 -76 56 53 27 -14 92 59 -70 -77 -13 19 -72 -14 72 32 19 82 98 -22 -12 9 73 64 -67 1 20 88
-39 -31 -93 -5 44 20 1 -68 5 88 -76 58 57 66 -72 28 75 -56 73 5 24 62 24 25 31 -59 -25 -50 -23 1 32 -74 -75 -46 -21 4 40 -18 6 85 -29 92 -46 -79 85 -60 -84 -55 50 30 -54 -44 -68 80 -66 -99 9 -37 -81 31 -66 24 -74 -4
-38 -1 6 -71 62 -63 -63 -97 76 7 -50 6 -44 -63 -1 -78 55 -4 98 -54 70 -18 46 -57 3 60 81 74 2 62 -81 9 89 -88 94 -76 -58 -52 96 -30 96 55 96 49 -40 50 24 -34 57 74 26 -14 6 -55 14 46 20 30 -44 48 -72 -93 27 38
49 -83 -7 -86 -8 -55 -45 -9 71 -91 31 59 33 -99 -88 14 -55 -24 11 90 93 18 64 -37 -68 -14 -6 64 -67 15 -62 10 82 86 48 69 -35 87 28 -2 -30 -38 -51 -84 -50 -52 88 -15 -59 -98 -13 42 -78 7 -78 -67 3 -39 -71 11 19 42 43 46
-44 -60 51 -35 28 70 57 78 56 12 -8 11 -65 45 -59 64 96 28 -94 43 -67 58 52 -75 -6 -71 82 81 65 76 -97 -46 -32 -83 18 81 -74 -50 92 8 49 85 -7 41 -76 82 34 -46 -17 -14 -54 93 -25 9 56 -38 24 -44 -3 73 -72 37 -17 69
-91 34 -52 42 -86 -80 19 -77 6 -21 72 -59 61 9 -98 -16 -92 17 66 -33 -57 70 5 -42 77 16 34 -37 -26 45 81 80 -36 27 -37 80 -8 34 -9 -16 70 80 -36 -8 -61 -20 8 42 6 47 -87 -14 77 -88 2 -18 65 -97 72 64 53 52 -67 -30
11 49 -99 -70 -96 -51 -65 -26 -15 -77 94 -23 94 -86 -39 -65 -99 -82 -48 -27 -38 -25 -40 -68 -75 24 16 -32 -11 42 -83 44 -4 -38 91 -96 11 -15 13 -34 -80 -45 -25 57 -28 59 -31 -1 -14 -12 39 -7 -75 26 -41 -72 -39 3 50 34 -83 64 -97 -35
87 -16 45 -76 -88 -1 87 -40 -63 42 -99 32 31 31 8 59 76 -37 45 -83 -90 -93 79 -23 -37 -89 -50 -97 53 -100 -92 86 82 -22 -38 11 -81 -27 94 43 -33 31 24 -59 -90 78 94 -37 51 97 -36 -38 -35 49 -25 48 -75 6 76 -50 21 32 -52 -81
7 55 -36 -64 -7 61 -62 -73 -41 18 82 65 -78 48 10 -50 -16 -72 42 80 59 20 -31 -67 30 -9 -93 -40 94 -30 39 31 -83 81 -47 -96 -99 77 91 -50 99 -53 97 -5 -7 85 77 53 -23 -89 -56 30 95 -12 -13 -89 -41 50 77 93 -82 -4 -27 47
29 63 58 -2 -77 7 65 37 -38 -86 79 -76 30 69 -49 56 -39 78 -10 -83 -70 -14 22 -10 -82 -80 72 -20 56 85 5 -18 -50 97 23 40 -12 -70 -29 -57 21 -73 90 -45 46 -56 -72 70 -75 -51 84 -52 26 -92 73 99 78 -49 -3 62 -23 -84 0 45
56 -9 79 -42 63 61 -70 -94 74 -21 -85 1 -29 -82 -32 31 23 -76 -14 -60 -38 -13 78 -74 68 -56 -52 -14 99 -37 23 -69 11 -31 -20 89 -68 -54 -42 -42 51 76 -47 77 76 -32 6 -100 70 51 71 -52 23 -16 -61 46 82 -21 -68 73 -83 1 39 97
-56 71 28 -55 19 64 47 92 8 75 62 -24 -23 -68 -21 -75 -93 -6 -92 -27 75 -39 98 -36 71 89 87 18 -64 38 -45 -82 46 -47 -16 -91 -67 -41 -11 52 96 17 -16 -70 -29 20 -9 -87 -28 1 -55 -81 29 -89 97 -96 19 -16 27 -42 75 -54 10 99
-98 -81 24 6 -47 7 -89 77 59 52 80 -22 -71 -34 -14 -71 -36 0 22 -71 -59 27 -79 49 -65 -70 -7 36 94 61 83 32 23 57 12 3 8 16 -18 -72 -95 22 -34 33 -29 12 -92 60 8 72 -5 91 44 68 49 71 90 69 9 -99 1 23 -81 -100
49 -96 -69 -27 -95 -38 2 -76 -29 -59 42 -50 26 92 -59 19 -6 7 7 -1 81 -79 -61 35 84 -37 -14 -87 -51 32 38 -88 84 74 55 -4 92 -82 43 74 -49 -21 -37 90 69 -24 36 -90 -95 -50 -77 18 44 -20 45 -35 78 -14 -10 -65 1 -7 24 99
25 73 38 -41 65 -46 81 -23 40 87 -61 -43 -84 31 -54 92 -83 -42 -73 -41 -67 -68 -72 68 -41 -36 3 40 -2 -64 -100 -50 63 11 57 -10 33 -57 27 26 -45 96 -40 22 -33 25 -1 -50 39 5 -13 67 61 -71 84 17 47 -96 98 -93 58 30 -4 -24
-82 26 8 27 -53 22 -37 -99 -22 56 43 -27 31 22 -13 91 -66 -51 95 1 51 59 -87 -29 -82 94 -37 57 47 -60 38 50 39 60 42 75 -33 -75 71 41 52 30 -12 -69 28 54 -91 -53 2 93 58 23 8 -94 -50 -53 13 6 -90 49 -91 96 59 -36
-31 -21 -71 57 38 -10 40 6 -86 -70 -86 -72 20 -15 -1 -24 -37 92 -58 37 43 22 69 -80 35 -40 2 -12 -38 28 -5 37 44 94 -77 58 -89 47 62 54 -37 84 95 3 -15 -57 -73 56 -62 -84 25 21 -20 23 76 -13 -87 28 89 -86 40 31 85 -91
32 -67 33 -87 50 98 -40 -42 -41 4 57 69 -54 -8 -34 -77 39 -84 -20 92 91 -75 52 -60 70 26 41 42 -81 0 -29 -50 -42 39 -45 60 32 -27 -64 89 -42 82 -87 77 -33 -44 28 42 40 28 -73 45 25 8 45 -78 58 -78 -21 -4 53 -71 -69 45
13 70 -96 11 -24 -62 20 69 9 94 31 -12 25 -68 -7 29 79 -100 73 -91 5 -80 6 6 93 -68 14 10 44 41 46 77 46 -31 50 -81 -54 -80 -51 -86 -9 97 26 -62 -89 -26 -92 27 19 -100 -84 95 -96 -26 25 -49 -16 57 -92 49 35 64 36 52
-64 -8 79 -88 55 15 -69 65 -23 97 -92 -34 57 75 62 36 21 -60 70 81 -96 -88 -44 -90 66 7 43 -36 83 86 20 -6 -45 44 0 -43 21 -49 5 -14 -67 -17 99 88 8 92 -57 -54 35 52 0 -77 31 -88 96 90 -29 15 21 -63 -13 -37 56 -40
-97 -21 -27 31 47 -80 21 -4 -11 28 -88 -71 -45 -89 -57 -62 -89 -20 98 -50 93 84 -91 60 28 -6 64 -72 -5 -17 6 -42 13 -98 14 -19 74 82 25 8 -31 -18 -53 17 98 -10 -74 -49 -71 -11 67 66 -64 70 -6 -92 -44 -97 12 74 -37 34 31 -13
-92 -35 -78 64 -40 61 -30 -11 -9 -17 20 23 -82 -88 -77 47 24 85 5 78 58 -59 57 49 3 53 -37 47 92 -100 35 72 4 -63 19 -88 72 -55 -88 -100 -63 -18 3 92 38 -36 -64 10 -4 30 22 -29 98 72 -64 19 50 -98 28 94 -3 69 18 28
86 0 -89 28 -46 -73 75 -76 46 -22 -81 -56 -6 -36 35 -79 -27 30 87 -96 73 1 8 84 -32 -7 -58 39 -98 -42 -44 -72 25 -44 23 -12 31 -43 -14 -98 -9 -11 -87 2 35 95 -3 44 44 79 -80 -90 46 -1 -47 -7 -11 -51 -6 -20 -56 13 56 67
93 83 -29 82 38 -76 46 98 67 -90 17 34 -16 -59 -34 -94 -72 47 -8 -76 25 34 -45 -75 -22 76 56 51 2 19 31 -2 -45 -17 -14 67 87 -19 88 -33 66 -75 47 49 -23 14 -11 -12 1 24 65 -37 -6 10 -3 46 -11 61 55 -36 5 89 33 1
-30 -1 22 10 3 78 -19 -10 13 -6 -93 -41 -2 -38 84 -71 39 -87 17 -85 18 -73 -95 -20 9 -56 41 -96 87 37 78 -93 26 26 -83 84 57 33 -32 -66 18 29 84 19 40 65 -63 26 43 1 81 3 72 -15 -99 -24 -85 -59 76 94 98 41 -10 44
-28 -22 32 -60 -7 29 -8 -72 -4 -42 59 94 38 99 -27 -34 45 58 9 -100 -91 48 82 74 -83 -44 81 71 -67 -20 -40 93 -49 46 -57 32 -28 -55 -68 -45 -16 -75 -8 -49 -55 -56 -80 62 -69 99 73 45 -40 -84 48 -31 -50 -26 64 -61 -71 62 -51 62
3 6 49 88 65 -1 -27 -8 80 -14 99 -33 -81 -23 -63 -86 -41 60 97 23 33 -82 30 -51 78 -7 49 -55 69 62 -43 47 -72 -86 72 45 -48 -66 35 -98 -85 -82 84 30 34 68 -38 81 40 21 -40 57 -16 -84 70 -8 -74 94 84 -22 -87 -42 -16 -98
87 -54 -22 -17 -38 62 6 78 9 -25 34 27 -94 -38 -39 -20 -81 -18 95 12 46 72 6 63 -51 77 64 -35 38 21 -98 -26 71 -10 96 -51 29 95 46 32 83 30 95 -41 29 -36 -25 18 -70 87 -50 -8 -38 -88 -49 93 28 55 -90 11 90 91 -50 -3
97 -50 2 72 -92 -23 18 99 80 -28 57 97 45 80 -20 60 75 -31 -67 -92 52 30 -15 -40 -95 -46 94 92 -32 72 42 -68 43 -85 -40 47 -44 -20 20 -88 8 -65 -63 57 -62 80 88 -7 -22 2 -68 48 53 48 92 72 86 56 40 23 77 68 88 -6
-81 19 -79 51 47 48 -78 86 36 41 70 -7 -30 35 -54 -70 30 -85 58 37 -92 -40 -9 62 -30 -48 28 -4 3 16 41 -41 93 79 55 -36 -36 53 29 -2 27 89 -22 31 -17 -56 76 -25 -89 85 8 -21 -95 21 -93 50 -82 17 -15 76 9 50 52 -75
-4 0 -80 -63 3 67 -20 15 -27 30 35 -93 -71 -87 -4 87 -99 -98 -34 -22 -20 -50 0 -53 -47 77 33 -97 71 -29 -53 -86 84 92 -43 34 5 -5 57 -6 27 -70 34 -2 38 5 -69 82 -63 8 68 -16 14 37 -34 90 -77 -61 -94 -12 -26 11 -84 70
13 93 -34 25 -47 -93 -94 -49 36 4 23 -80 -80 20 -55 -63 90 57 -62 88 63 -31 5 38 77 59 -3 20 -51 -29 -7 34 63 -54 26 51 -88 -27 -56 -43 -56 -52 2 96 94 -42 -67 -84 -16 -77 -49 -16 93 -70 85 -24 -82 -59 -87 -41 -60 -55 72 29
11 -86 43 -37 88 -41 27 -59 87 10 59 -10 25 -21 65 10 -53 -75 5 -24 -78 -64 45 -88 -18 41 88 -60 -68 -1 57 -24 -71 79 39 -50 35 35 11 54 66 -18 33 76 55 -85 75 -36 28 -66 -54 -22 -27 -61 94 77 -67 -41 -64 3 60 60 54 83
47 32 87 79 16 63 23 -23 72 -56 -83 -1 75 94 -28 18 42 -64 -89 -29 14 -44 -88 -41 28 15 -38 -67 -36 23 -27 -19 -73 85 19 -12 -24 45 -39 -91 -70 88 -9 -22 82 -92 -100 -37 30 98 -76 -83 30 97 -53 7 -14 9 86 -14 69 82 24 63
24 62 -86 -11 98 44 23 75 86 22 87 -93 86 86 -30 -49 -73 68 56 48 12 11 -18 -11 56 -75 20 -7 6 28 21 72 -77 -29 -90 35 -50 -12 82 58 55 -61 -75 -14 78 18 -32 -73 -3 -18 5 4 65 10 75 -32 76 27 -76 59 87 53 -83 49
-33 68 93 -10 -91 -27 74 -37 74 -91 -56 -8 -78 -7 12 -77 -32 -16 -15 0 35 7 80 -39 88 -68 -51 -73 -32 13 -1 90 -4 -39 72 -83 94 -74 -89 -10 -87 -11 2 -27 67 -28 23 -38 25 75 -3 -12 20 -24 94 -57 -12 -66 -72 -82 50 -68 -75 10
-22 2 -25 -39 73 41 -96 -78 -69 52 -23 16 0 -95 97 93 -49 -3 -71 1 -76 95 -19 -85 -66 -21 85 -9 44 -70 21 -47 -22 63 82 -31 22 -90 -98 8 88 80 -98 -78 89 50 -6 -12 -77 79 20 39 -39 -61 -27 -67 16 -39 60 -85 -57 95 -80 57
83 65 -8 -66 -34 -77 57 47 -31 -53 -39 58 -17 -74 -55 5 11 33 0 13 61 -21 -59 44 18 26 -19 -38 -86 -21 86 7 -19 38 -37 16 -64 -63 -7 0 21 68 25 -95 -63 -84 88 3 17 84 -85 -92 -1 25 -74 -79 82 -3 63 -53 37 -66 -9 22
-47 -96 65 22 -20 8 -34 50 84 42 -81 46 -81 -58 93 -12 -99 6 30 -21 24 12 -95 -77 -86 49 -93 95 -64 -55 74 -29 6 -75 59 -72 19 25 71 38 62 55 -12 42 -87 19 1 -71 -83 25 1 27 31 -20 -45 -61 81 40 33 -67 -84 26 -87 -79
76 -81 -7 88 -76 -62 -26 28 20 -30 94 -75 8 -5 -77 17 51 11 -69 91 -4 97 95 -56 80 9 17 -2 56 -6 18 54 -36 -52 -70 27 40 68 41 75 -51 35 53 -98 43 86 -91 69 -17 22 -50 -84 -96 -70 44 -61 -34 44 83 1 -84 -70 6 50
93 94 -40 -52 -43 -32 -23 60 -94 10 -61 -10 99 4 -59 -12 -49 -71 -32 -74 17 18 89 -85 91 17 47 95 33 -55 -3 -90 -81 84 -15 -80 13 52 -10 -50 -62 -57 6 -60 -65 29 -27 39 -75 -84 18 -56 -86 -10 23 -79 -33 -56 -28 72 -10 86 78 26
59 62 -66 -38 56 -62 55 42 -11 -6 32 17 55 41 -37 -91 0 -81 20 75 -24 79 -58 29 3 97 -53 -5 -53 -69 43 -19 88 -13 -17 -72 -92 41 21 -17 -5 -61 79 -76 43 48 -96 -57 -31 89 78 94 -27 -83 -90 -98 -66 92 12 41 9 23 -14 80
78 37 99 -86 43 41 -63 86 61 2 28 38 92 -5 91 77 -49 60 -16 50 -56 0 31 61 25 -38 -9 -79 -9 -31 4 -78 -3 3 -100 57 -92 49 89 46 -22 -41 -50 -58 41 88 -74 -66 26 47 49 -66 -23 57 40 81 35 89 -69 -76 -11 -21 1 60
-26 -11 24 -67 96 -53 -99 89 3 99 -65 29 74 -64 -89 66 2 51 -94 43 73 -50 -54 67 -84 -30 98 -87 75 60 -55 -26 96 -12 96 61 46 -90 -1 60 54 28 -11 -69 -80 12 -81 -53 -80 46 -61 49 7 -95 61 10 -84 54 74 89 34 84 -21 31
52 -66 92 66 6 50 78 97 -91 -100 9 -81 18 -46 -74 39 75 33 52 63 3 48 97 -41 -52 99 68 -37 -39 -77 80 -9 16 -84 12 -53 72 39 -63 -72 -56 17 43 10 -80 -100 44 -34 -36 -12 69 5 -74 5 -26 -47 -21 -13 -64 -16 97 -55 -39 39
-66 -98 39 -23 -51 22 -55 72 -75 -67 59 -13 -45 -47 -80 73 -63 72 -67 36 55 -2 75 -6 -55 76 -43 -88 -8 23 -61 -17 38 45 -57 4 -12 -99 -26 -94 -82 -18 -56 -85 -70 48 -93 95 -52 59 -59 -44 46 85 -6 31 6 8 29 42 -87 -77 -31 -82
-74 -89 -86 -53 -82 85 31 62 -53 14 -92 -39 -67 -13 62 -39 -27 -90 13 -59 68 -47 89 -54 51 -90 -66 -17 65 46 -94 37 24 -82 -71 -66 -23 -90 30 -69 98 -4 -91 -66 -75 -63 7 87 18 98 -51 69 31 90 89 -93 64 86 -55 78 2 25 -91 84
52 -72 52 71 -81 81 -15 -7 85 -24 -4 18 17 -70 70 80 -83 46 -27 -33 -38 48 -39 9 -45 -73 -82 -16 -45 58 43 -6 56 -9 98 -69 40 -100 -55 89 19 50 -31 4 -7 30 -83 -91 -34 57 60 -71 26 -21 75 -99 -66 -29 -35 92 -68 43 -28 63
-18 2 37 -35 -54 1 -34 -85 69 -70 -53 -11 21 69 -86 93 -13 -11 76 59 41 35 69 -9 0 73 13 -61 -10 10 32 76 -34 40 59 -70 -41 -82 -96 54 2 80 -60 44 -58 7 -1 81 -66 9 99 -98 62 32 -80 78 50 33 16 -67 24 -79 63 9
6 99 37 -75 -57 85 55 -13 -22 76 -30 82 11 -60 -54 8 -82 37 34 10 -6 -14 4 82 74 -60 -28 57 -86 -98 -96 -75 64 -78 3 -12 -96 -3 -54 -87 -83 -90 86 -10 29 -4 -37 -29 84 41 -63 -26 51 9 -95 20 27 -8 42 -1 12 83 4 49
-37 69 36 31 -68 21 -54 57 -28 -74 88 -39 -30 -32 -100 -46 31 -99 47 -37 59 -82 7 60 -46 38 97 -8 55 87 75 28 -48 -20 74 -25 90 -81 -9 3 -82 12 -40 -69 92 14 4 -100 -9 -47 94 81 -78 23 -35 97 33 78 -29 -92 51 -94 69 -33
-59 79 3 -20 -77 -14 -79 54 -37 -55 -27 -61 -37 23 -38 42 -44 77 92 -57 -10 -99 36 -84 31 -7 -90 -77 -10 -36 74 -7 -27 38 32 -51 -82 -18 -56 10 -92 11 56 1 -43 20 63 35 47 -63 10 37 89 65 -84 -75 -52 13 -84 -77 74 -83 81 28
-19 -23 -79 -45 75 67 -61 24 48 -84 -15 -26 68 59 35 96 47 77 -32 60 27 89 -99 91 -55 84 -21 71 -18 -83 84 77 -73 -31 86 13 -62 1 -77 8 7 -22 -8 -46 64 30 69 96 -67 -7 -59 -52 82 -17 -41 70 -59 -68 3 -3 3 -12 -55 78
-30 -68 -42 -84 -36 40 49 -71 -62 -33 29 -20 87 84 -65 -36 7 62 -45 -92 88 18 25 -57 -80 -65 22 -91 39 -86 1 -81 94 99 27 -8 -48 8 2 -84 88 1 -32 61 99 -28 -1 52 -97 10 24 61 -19 -31 -59 -50 59 19 -53 -7 4 15 20 -17
-52 -9 99 80 15 -38 -23 17 -71 -86 64 85 36 48 -66 71 85 47 -19 62 79 6 17 50 -35 58 -55 -2 90 -60 41 -57 -61 70 -1 -44 -57 -12 -99 7 -66 -79 30 43 8 95 -20 53 71 27 -86 -88 80 -32 -34 -4 70 43 -95 -41 31 71 41 -42
-29 -78 -57 -26 -30 71 5 -18 -34 54 -70 -33 9 -7 49 -73 -17 24 94 82 23 -9 35 67 70 14 67 -23 45 -6 -99 53 -91 74 -38 27 -56 68 90 -33 17 -39 -20 66 -58 -74 -11 5 -3 60 51 53 61 43 -54 -72 22 -77 -41 31 -44 51 35 36
-56 -27 10 -18 87 -39 60 -62 -25 2 84 -12 24 -26 -17 95 87 41 -41 -87 57 -76 -79 -62 77 10 -76 -97 66 60 -5 74 -68 -51 -43 44 -95 0 -77 -66 57 57 97 -12 45 81 -16 91 55 -82 -45 53 51 2 -15 -22 -52 27 99 -79 -7 -5 39 -72
90 -87 -68 32 78 -64 54 -20 6 54 -68 27 -88 -41 -48 -84 -36 59 55 10 99 -91 66 88 10 -58 36 -50 65 -62 -42 13 -8 89 -89 64 -4 48 71 -5 -41 -31 -51 -24 6 -80 79 48 39 -16 99 -73 66 -90 -36 -37 -1 -61 7 -2 16 64 -89 2
-87 -11 61 4 -3 -14 20 -12 51 26 -100 44 89 -59 29 -81 -1 -75 79 53 -41 99 47 92 43 18 -28 -56 32 -52 99 -42 18 69 0 -43 64 29 22 -9 42 33 -15 -49 32 60 33 26 92 98 -62 11 66 -27 50 50 71 -4 11 77 8 32 -78 -30
37 -31 -2 -69 -10 -79 -67 59 -12 15 27 -48 51 54 29 49 94 -1 -91 66 -12 29 -82 -26 2 -33 19 -76 49 -77 19 -83 25 -55 16 45 46 6 -88 72 42 74 36 15 11 28 55 -37 -58 44 -56 90 -100 57 28 23 84 -19 53 -10 -94 93 96 0
-34 -99 62 92 80 28 57 -97 -85 68 -94 46 -17 -12 56 65 67 -39 -21 -6 58 19 25 78 -74 -36 81 83 -93 46 -1 -21 -91 -75 -32 -65 -44 -5 30 -88 47 -37 -82 90 -81 72 7 -21 30 63 38 98 63 -63 96 -85 -65 30 63 -14 28 55 73 37
-75 -46 85 -17 11 -85 -64 19 -25 49 7 70 -52 -17 94 80 85 -92 32 27 26 5 -8 29 7 -63 -57 59 86 54 -98 -49 -81 -30 -49 -84 -4 28 47 30 -6 -76 95 -89 77 88 99 72 50 -95 58 85 35 -58 -96 -92 7 63 -48 31 -56 44 -26 48
-15 -25 20 53 8 -25 3 84 64 -26 -76 -48 -6 -43 -89 -84 69 15 68 -89 27 -60 25 66 54 63 -92 -90 -21 -7 -56 -79 -83 -81 5 90 -83 -78 -85 67 -31 62 -81 -1 27 -11 90 -36 -20 44 62 -78 -55 -50 19 4 -100 -88 49 -25 -59 -98 -26 81
35 -68 34 -36 77 -90 1 27 -74 -28 -72 4 -47 -16 -4 23 17 82 32 6 -51 -74 -82 85 90 -100 64 -21 96 1 -42 65 -15 -4 -78 83 -48 -60 75 -27 -89 0 87 25 91 6 93 -42 12 32 -15 58 39 -13 57 -45 62 98 96 50 20 -44 -39 33
-87 41 -57 30 -52 -86 58 97 26 25 -20 -77 74 -81 -52 24 83 -83 -13 -50 64 -83 -91 -10 -45 26 11 -46 -1 93 87 -96 -46 -22 15 -2 51 98 -91 54 -95 10 14 -28 45 51 98 70 88 -61 52 27 15 -99 19 -9 62 -12 -9 70 67 46 -25 -81
-91 -65 83 51 61 26 22 -11 -93 64 -50 52 -44 98 -81 31 2 -15 -51 41 61 17 -71 78 9 -32 5 12 0 5 67 45 -63 87 75 92 16 28 27 -67 88 -52 -99 -85 -25 20 19 4 2 55 -34 -17 -16 82 87 -70 -53 -97 77 37 52 -68 73 -29
