63 37
-31 -26 -97 -10 47 65 70 64 -80 79 -22 46 -27 -9 -35 78 86 11 8 47 19 92 71 15 8 57 -46 42 -88 -67 -67 -58 35 30 -53 13 -21
-19 86 -38 35 91 -38 15 -87 65 -53 -17 -74 11 44 63 -93 -83 73 83 -2 -74 -41 -74 37 60 58 9 18 97 -80 -64 -64 45 -27 -70 37 43
29 80 25 16 17 -9 46 34 -36 -7 -25 61 -74 -40 -82 -84 -61 13 9 85 -92 -88 85 94 -50 -95 14 87 49 95 -26 48 4 63 -36 -99 -97
7 38 7 -86 -5 -30 -12 -12 -49 -79 -6 -18 -42 -19 -56 -95 -53 45 21 -35 94 -65 -59 -13 -30 -99 -39 -58 -11 -85 -33 53 -17 63 2 68 38
-46 59 -92 -56 -2 72 -88 59 -71 -4 18 -6 -55 -10 -11 57 8 95 -92 51 83 86 -38 -79 45 23 -4 -74 57 36 36 17 -81 -39 15 -21 86
6 -87 10 52 1 -33 52 -22 -78 46 -24 -28 99 -21 58 55 0 18 93 19 75 -94 -66 -37 36 24 -26 -86 -58 -84 -80 57 -67 73 12 -57 -57
89 -21 40 -48 -40 -60 16 -29 -49 94 -70 30 -4 71 -44 21 -24 -51 -34 10 -94 -21 -93 83 -30 78 94 -100 -24 -32 81 71 30 45 34 -7 -13
-92 -41 -49 -6 -48 27 8 82 -40 33 93 -49 -60 89 -26 -15 -23 -71 -81 -45 22 -82 -37 7 -80 -93 -8 -40 43 72 67 48 42 -57 5 -13 9
-29 -49 -77 -64 18 41 -82 27 -35 25 -67 48 -67 -46 -74 40 -8 27 -52 74 -84 42 93 -11 -93 9 61 4 -72 -97 -70 -73 -70 50 -97 -25 -66
-13 84 49 1 -62 54 40 94 -19 -45 -60 -11 -61 49 79 29 22 -41 -86 -69 32 -84 99 -93 -100 -98 90 -57 41 70 61 -2 75 -29 0 -58 -70
-52 40 13 -9 -70 -86 -84 -77 -12 -49 -10 -45 5 -28 79 -38 59 95 -8 21 33 4 58 -60 -96 9 49 -89 18 -74 -92 0 15 -30 82 -32 91
42 -74 20 47 74 -34 97 -42 33 24 -35 12 0 -50 -55 -30 -77 -35 -28 -83 -28 16 65 -24 -76 -38 20 -9 -12 -52 -8 54 91 -21 -91 -64 -96
-19 64 -68 58 14 92 21 -42 78 48 -94 -7 -11 -24 -11 -90 -45 0 15 -86 -95 78 -60 23 51 72 -77 14 -94 -82 -63 0 -11 33 -50 -41 -96
-100 -64 48 -8 -62 15 -60 5 -31 97 15 9 -27 -82 -64 -56 39 94 75 -80 -25 -86 83 -53 -48 89 -76 91 75 -76 -65 -42 -73 4 55 66 48
90 -51 -13 -91 47 -49 -22 71 53 14 32 46 -18 -89 11 -34 -5 26 -48 -6 -32 -94 -78 -41 -90 36 -55 -11 -95 -69 -65 -95 -93 -45 -81 70 -48
-51 -41 -26 68 59 56 -13 66 69 -69 -29 47 -14 70 -28 -83 -86 0 44 -52 68 9 76 14 -100 53 -35 -46 48 -6 36 -83 -54 32 58 -5 -96
49 -41 -93 -77 -47 -24 -100 -35 -64 -73 42 22 37 -78 94 56 -99 30 13 -46 -99 13 -96 34 44 -67 -52 -49 4 28 -86 -35 82 41 2 -14 -36
-3 3 -55 -84 -95 -50 69 -62 -23 20 -56 14 98 77 -12 -82 -72 43 -22 -60 -29 -81 1 -92 -53 -46 -54 -99 -46 5 2 85 -24 -83 -33 18 -59
-23 30 -73 -46 79 28 11 41 15 35 -72 -50 77 -40 -69 -34 -36 -53 63 -89 -7 7 -9 64 78 58 20 19 -48 87 -5 -96 -4 -78 -13 28 -27
27 69 65 65 31 -11 48 -44 -84 -96 -20 -43 68 -50 73 24 -77 -22 85 44 -60 0 -42 -98 -16 39 -84 -59 -71 95 -64 87 79 -68 -44 36 48
-61 53 82 -35 52 23 65 -85 -95 -16 -8 -41 -34 -96 -42 70 82 -81 78 -76 45 -96 13 35 -86 4 -10 38 55 74 -32 -74 -54 21 -26 -83 78
78 87 -87 87 21 -49 -37 26 90 -90 9 41 -72 -65 -79 54 12 -52 63 -67 -38 96 17 -66 26 29 -55 35 9 -72 98 -41 -22 -39 -50 48 -10
47 -25 -25 90 19 21 -18 32 83 16 -87 25 11 -57 31 -38 71 -56 -30 -4 60 -48 53 -40 -41 -11 -89 98 -18 -78 62 -75 -2 -85 37 -8 5
-62 96 -56 9 97 7 -26 -32 -31 -87 50 -38 2 -93 16 59 -36 -94 -46 -67 -10 -11 -10 -82 60 94 -79 46 94 -61 -100 -12 95 -96 71 -47 76
63 35 -51 38 -62 4 64 -39 -40 -73 -36 37 55 -9 -39 -12 -6 -81 -71 -34 3 3 -90 74 -15 -73 -16 -34 77 -19 67 48 -14 -71 -16 -10 92
95 59 43 -78 80 -59 27 54 8 -61 25 29 -5 47 -26 -70 -78 -75 5 88 32 -23 -75 16 -30 55 -1 47 55 3 -40 -52 -44 -62 57 89 -61
56 93 15 -4 43 91 -25 -60 0 93 86 -42 -19 88 32 -16 47 85 9 31 -99 95 0 21 -35 -42 -92 -54 13 67 68 80 -60 69 -62 76 2
67 -17 -46 -19 35 93 -48 -59 -21 -24 -34 -21 94 -65 -53 -59 -39 98 52 -3 30 28 -79 -92 -16 -29 -8 57 -15 46 -33 22 -15 14 12 -84 -24
71 7 -75 85 -47 34 83 -97 99 -33 24 4 39 -21 93 89 -12 65 31 -86 -49 -61 70 -22 -77 45 -40 -67 35 -62 30 35 -2 -13 29 -96 -29
-4 40 2 60 65 -52 58 95 -86 76 55 58 -77 6 -57 -64 63 -59 56 42 -50 24 46 23 -36 -52 -3 71 84 69 -86 -92 -35 27 13 -61 -20
26 33 -55 -55 -30 48 1 -66 -95 80 93 54 -35 26 35 51 -97 53 58 -29 92 86 -84 -13 -90 52 23 4 -46 65 -57 -91 59 35 -26 41 31
91 -97 67 16 85 -1 -57 -34 -30 53 75 67 -70 -69 46 -48 94 13 -25 62 38 74 49 31 22 -95 46 21 -50 -58 81 -21 -87 -27 17 43 6
-67 43 72 -66 9 14 38 45 -29 -75 46 -51 66 -72 54 79 -66 85 64 83 48 -90 42 19 16 -78 70 -22 -22 -24 -29 42 88 40 -61 71 70
53 14 46 49 -79 64 51 -94 15 62 -63 10 39 31 -46 22 53 32 -95 36 99 88 86 -58 -72 -98 51 -8 -96 -8 5 -67 39 85 -59 -90 25
-43 -33 -83 -29 15 90 55 -81 35 41 -72 51 17 90 52 -76 -46 -27 -53 -46 22 -97 52 -85 -83 -8 77 12 -86 17 -94 5 76 -30 44 -43 -49
-93 -76 -59 -53 -47 64 -55 -28 -28 53 -43 82 79 -2 -3 -7 -9 76 -40 3 -41 -89 45 85 -13 -4 77 -97 -100 55 59 64 -60 -14 2 73 -62
-18 -65 -47 40 34 -33 57 -21 26 25 33 -69 -47 7 -61 -93 67 32 29 83 12 98 -43 69 -27 31 24 29 -88 -90 -84 44 25 -21 32 -98 32
-31 -72 -78 -51 71 4 -14 75 72 -93 37 0 -64 60 -47 -37 -29 -18 -76 47 -16 -79 -99 47 47 44 22 26 39 32 -50 26 -13 -27 -44 -89 94
20 46 73 44 29 83 54 74 41 -99 97 -87 -38 19 84 -41 58 -67 47 15 57 66 -87 -70 -77 31 -34 94 74 33 49 -18 -56 13 92 26 -81
21 -65 64 -84 -82 -99 -85 73 -64 -19 91 -77 93 39 85 -45 30 -3 -67 -7 -54 44 -31 -91 41 -13 -17 -80 80 44 34 -5 -3 0 49 13 45
72 49 -37 68 57 76 83 -67 -8 -55 -61 -21 -82 54 8 48 93 76 24 -93 -60 42 -29 95 -16 -43 -96 -47 4 -98 76 -86 -87 -69 41 -57 57
-61 -76 -43 -87 60 71 9 -27 64 -15 -26 -79 -16 -6 24 -51 -2 11 -79 8 1 93 10 -47 21 -70 -59 33 -46 49 56 85 -2 45 -75 19 -27
48 23 50 -40 92 -81 39 43 -5 -8 77 52 95 -56 21 81 76 -48 -89 -32 13 -74 -16 -75 -4 41 -36 -96 62 -20 69 37 -34 -73 92 0 9
-6 72 16 35 -21 13 -37 63 34 -33 90 -36 3 39 -33 -82 60 -43 60 -77 32 -89 62 40 -77 24 18 -46 -73 68 39 -95 -34 -21 -60 -15 89
-99 -45 -28 -16 29 -34 69 -77 -87 -32 -18 -15 -16 56 36 38 -99 -22 57 2 59 94 -30 0 -30 -43 -46 52 97 1 55 -39 44 -20 -76 -30 32
-76 31 39 -60 -50 27 -5 -62 -16 41 99 31 51 -22 89 -17 -79 -24 -6 13 -69 22 -76 -30 94 -51 -91 34 -49 -24 -8 -57 61 -38 -15 -87 54
23 -61 67 -4 8 63 -12 73 -21 -24 84 -71 -5 61 5 0 19 -58 13 60 -31 11 57 75 -72 65 35 79 -98 63 -49 81 88 -16 91 21 75
9 53 -99 -11 6 89 32 50 -48 43 -4 -29 82 50 49 84 84 -50 -80 -67 95 -12 -99 -77 10 63 -72 24 20 -96 34 9 59 -7 -50 -18 -92
63 53 -33 60 -17 -88 -11 -25 82 -41 -2 15 -53 -49 -43 -64 89 -84 66 -31 -16 -45 14 53 -91 -45 -55 -69 -95 -4 -49 34 -51 -7 97 9 -32
-61 96 -25 13 -34 -57 62 -96 -41 50 -67 66 -98 1 86 -29 80 25 44 80 -87 85 -14 5 48 -63 88 -4 -69 64 31 -97 93 -34 48 90 21
-80 -17 -67 32 10 -50 56 74 97 39 -96 -15 -29 41 -31 83 92 16 -68 -95 -5 -10 60 -77 52 -10 -53 86 22 -45 66 -44 -9 76 -95 83 87
34 35 64 59 -51 22 45 -85 12 65 -47 -2 -12 55 63 -36 20 36 74 -19 -42 -51 -41 -64 -97 68 -21 -74 -29 44 23 40 91 -14 81 53 0
21 -67 -95 -59 -32 -13 35 -32 61 -53 -2 -31 28 62 35 70 52 79 28 -42 65 -21 -85 4 39 -12 -84 -25 -66 -92 -87 -80 55 -88 -99 3 -19
-70 -37 58 -1 -28 -32 -10 -51 -54 62 71 -79 -57 66 -98 33 -13 -8 49 -70 -53 -91 -73 -25 9 -26 -99 33 -90 15 -9 17 -67 46 35 37 -46
90 51 15 -37 46 73 44 -26 -62 72 -13 -53 -52 80 -84 -77 -70 -21 84 97 -37 38 -42 15 71 18 -5 -67 77 75 38 -66 68 8 -47 27 35
-44 36 60 76 -76 16 -53 -90 75 54 -92 3 10 37 -45 -86 -68 52 44 14 49 44 -64 14 57 18 46 -50 -100 -4 97 -59 8 66 -87 64 34
-81 20 72 -16 -9 -50 -96 -10 -45 15 90 55 67 76 66 71 -36 0 50 31 -78 -43 -32 25 -17 45 45 -20 61 -58 -33 98 1 45 25 56 32
-70 -79 -27 -66 -11 51 -89 -92 15 -100 -77 -38 93 10 83 -50 24 -62 29 -37 -80 89 65 6 -14 -1 -37 5 -89 25 -54 -63 -49 94 -32 -27 -2
-75 76 71 -2 -27 -4 55 -75 -52 70 -43 -63 -44 81 -8 81 19 -9 12 -59 58 -2 52 17 -40 -88 -39 -82 79 -65 49 41 40 -3 -21 -48 -45
3 98 -14 -78 -16 -8 -25 -66 69 29 -32 9 54 -24 -32 86 27 -67 11 54 48 -56 -43 45 -78 9 63 52 -45 41 -98 0 8 -13 -20 50 -47
94 -86 -32 64 11 -2 69 -10 90 -78 -51 90 -15 -51 91 19 55 -73 -90 -72 -90 -49 -79 70 -72 -2 42 -5 -36 81 22 -24 56 -37 35 -68 49
98 37 -66 33 51 53 -85 48 0 -73 57 -82 81 43 43 -16 9 -65 -2 65 90 67 -29 35 19 21 23 -66 -15 -75 15 -72 -92 -45 -41 45 68
-8 -51 1 43 -21 98 -52 -35 -3 73 -34 45 -49 -5 35 17 42 26 -80 -7 30 -36 -97 76 -16 82 -97 13 -74 -22 -80 76 -91 -39 37 71 -3
