38 31
34 43 -64 52 23 -44 79 84 -18 -98 -20 52 3 40 -69 -75 66 53 -25 75 -10 68 -57 43 92 71 -85 18 30 -44 88
-16 -60 1 79 -35 -96 -53 -3 -46 -47 0 15 -13 -45 -69 76 -85 45 0 15 -31 -21 -88 61 66 -20 87 -92 -66 63 61
13 55 42 -54 -77 96 -53 -98 -60 19 34 -1 96 -66 -2 -52 -81 -74 -25 50 -96 12 -67 -3 -96 -1 63 1 -41 -21 6
49 -63 -8 -45 32 -69 70 70 -10 -75 -64 89 -59 39 -90 -20 13 -65 31 -70 -52 -38 -98 -84 -22 64 -3 44 61 53 -81
-91 -96 61 51 73 -71 48 22 -77 -45 -49 -49 62 81 -66 73 -51 -92 -14 -35 93 62 84 14 -72 80 -10 1 43 66 -18
-92 -86 49 -55 46 75 -2 -14 0 56 4 -85 43 -87 26 74 -39 81 -6 24 -8 0 8 71 69 -63 -1 90 -43 28 -63
-87 -30 -65 -90 36 -45 -47 -49 -32 -35 -49 -13 32 49 -46 9 -34 -42 -79 31 98 -31 3 -6 98 -39 39 -33 -77 0 -16
-54 -50 -57 -85 -19 -57 49 83 19 -78 52 87 -82 47 3 10 -90 16 -9 11 -54 39 -18 -98 44 -50 4 99 -48 -23 58
-91 85 -89 45 94 -73 -39 97 57 -12 -47 -59 -56 -82 55 0 -81 0 -24 -4 -8 -59 9 82 -55 -99 82 -82 43 25 -34
92 52 33 -87 3 16 -84 -21 58 -21 -72 5 96 2 11 49 -72 -94 1 39 93 41 -82 21 -94 -36 -34 -41 -67 0 -5
87 -11 46 56 55 58 -47 52 -92 -76 41 32 61 86 69 20 -91 -60 44 87 69 11 60 -82 54 -72 39 55 20 -5 99
38 -97 29 1 40 71 25 -23 -90 85 -89 -21 76 -86 94 57 43 -30 -53 19 -13 73 21 59 -19 33 11 98 40 42 -8
-70 2 28 -43 15 -78 -31 0 -40 67 -98 68 81 60 -37 81 -26 46 -71 -43 1 85 -68 75 -28 -13 -15 51 54 -55 -87
90 87 71 -98 76 -2 62 -98 -41 6 4 -90 66 84 -1 81 54 28 30 -63 -61 44 13 -35 70 -63 -49 20 -31 33 -87
24 35 25 -36 -10 -46 -56 35 62 -81 51 -98 -18 41 -30 31 -52 29 91 67 -29 -12 14 26 -99 13 57 27 -94 -20 12
41 -88 83 0 75 -52 -16 -5 43 -56 -57 31 52 -83 58 -91 -54 19 -66 3 -67 30 64 29 -34 75 88 -69 -99 4 28
16 -87 16 -32 35 26 -49 -11 9 -100 -12 39 10 -59 36 76 -53 -47 86 -54 69 -29 -61 -80 -45 -73 96 95 -39 30 34
-78 83 33 -15 36 84 82 -96 17 -39 -89 76 -72 -75 96 -46 47 86 52 22 -88 23 30 -54 3 7 22 -52 75 -22 77
35 93 7 57 43 -90 98 42 -66 -83 -61 -100 -42 73 6 46 72 52 4 -46 3 64 -62 95 -78 89 81 19 54 -85 -18
-60 72 37 -77 -39 85 95 -35 76 90 -40 15 11 -70 19 -17 -9 54 -30 -1 -67 76 11 47 51 -4 82 57 69 79 80
-99 -47 -64 -21 -82 72 15 -98 -99 22 -52 -86 -91 -93 -39 -84 86 99 -85 1 -50 43 34 -96 -51 -75 55 15 63 -50 94
-87 31 86 -60 70 98 -57 10 91 -78 57 -61 43 -43 38 58 -2 45 10 64 82 49 93 -91 7 -21 76 76 15 11 84
-20 -66 36 -55 19 -10 14 6 -42 62 12 -75 -49 4 -89 74 38 -24 -45 -69 68 4 7 -21 4 97 67 -33 -6 -29 -75
-80 -80 -57 -59 74 38 -21 66 53 -86 -32 84 42 65 84 -61 -64 -75 -29 39 -25 16 55 50 -20 -1 -75 44 -1 34 -71
-19 90 -21 -83 72 -45 13 -58 38 -77 15 64 -16 -40 -47 -4 57 -64 14 -50 59 -10 -45 -45 -47 -30 15 59 6 76 43
-61 -28 -54 20 79 22 3 87 -58 -38 -54 -36 -10 25 -2 6 82 66 1 -54 89 6 -40 -10 -87 4 99 -20 75 48 -98
30 -95 -32 -41 20 29 16 -63 93 -28 86 -32 -22 -5 -80 -51 -55 80 -92 -20 96 13 -64 -59 16 -96 12 -24 -75 94 -68
21 91 -38 26 90 -5 -88 -60 46 22 -49 -94 -74 -55 6 43 -27 9 54 -16 10 -47 88 -95 -11 -14 -71 -73 97 -37 -85
17 -56 -87 70 51 83 0 -81 20 58 -13 63 70 -60 -8 -41 -60 -98 -65 -70 39 -55 -91 61 1 31 76 82 22 -26 -27
51 95 89 41 21 -39 -62 -100 82 6 -67 -5 -84 -29 17 24 -25 81 -64 43 30 -1 58 -37 -79 -88 -36 85 -11 49 -58
-20 -11 23 6 10 -64 -74 71 30 50 -44 -98 39 -49 -81 -49 48 45 12 -22 -84 -62 10 12 91 38 22 -76 6 -30 -55
-77 80 -71 -9 -49 -19 -43 33 -46 -97 46 53 70 -26 31 75 -44 -16 -55 68 -98 91 -4 63 57 -26 91 20 79 -82 -65
-76 -45 -56 -81 56 -50 -31 63 -23 10 38 6 80 -58 10 20 80 65 90 -76 57 18 63 -90 -34 23 36 -96 -48 36 62
62 20 -1 84 80 -30 -70 15 -45 -88 -48 60 43 23 -44 80 39 -43 -2 -36 13 -54 39 -15 15 -58 -1 36 -18 3 5
-67 87 15 -33 53 -85 -10 -78 -49 99 -99 76 -31 83 97 -8 10 39 -87 -37 78 84 9 12 0 40 65 -39 -17 -28 22
64 52 8 7 26 43 -96 98 -73 32 86 24 -34 -28 97 -18 -36 48 -68 70 -17 -55 89 13 27 -91 40 -10 -67 -83 98
55 30 -37 19 -93 -70 53 -96 16 17 3 -27 -23 -74 -82 98 94 -10 33 -41 99 -61 53 61 -10 -62 -97 -33 85 -70 -43
33 16 23 33 40 -22 -83 92 -14 -10 32 -33 71 40 11 94 48 -23 23 62 87 -49 63 -71 7 77 -29 31 -67 6 17
