46 43
-70 54 53 -2 12 -24 94 6 -85 53 28 5 -34 -3 82 -56 88 23 -52 -36 43 -91 80 -96 52 -35 -85 -47 83 -36 -33 70 -23 76 36 94 -73 24 -43 -89 -52 44 12
16 87 -38 -15 -63 -58 27 30 -79 47 35 -90 0 -51 0 80 78 -2 -28 31 84 26 -96 60 -94 29 -100 -90 -16 -55 -51 -40 97 22 -66 83 -67 20 74 -10 22 -29 57
76 -35 96 -7 61 46 -78 30 -33 1 -26 5 94 -6 -64 -59 -31 75 -5 0 63 57 75 -71 82 -92 16 -75 -93 83 22 63 63 -72 -69 -49 80 39 -31 -37 -97 29 -43
65 64 30 -82 -77 94 -41 -14 52 -86 86 -67 74 -66 -65 -28 -36 22 -64 1 54 -95 47 96 11 60 -78 -31 -38 -89 -24 78 60 61 70 0 -67 -10 -84 77 -47 95 -79
-26 65 -3 20 -10 62 -58 -75 92 -35 -23 20 -67 -68 14 -24 75 -100 -24 -54 -53 63 -30 -14 94 60 72 -46 -66 8 -48 51 -76 -89 81 37 47 52 -5 83 -1 77 -97
69 90 -69 88 -73 -41 -16 -7 11 -62 98 -31 99 32 71 37 81 51 -55 61 -22 0 -76 -30 88 54 21 77 -48 -86 -58 84 -12 -79 79 17 89 45 -1 -29 75 68 -84
33 -25 61 7 -12 73 -67 -85 -12 24 1 -9 -42 -89 29 50 -91 -75 12 87 95 -1 9 42 1 53 45 -63 -75 42 -15 -42 98 -33 87 -20 -91 -29 52 95 31 -12 -15
9 55 41 -46 -93 74 -85 -10 -55 -40 -8 -55 41 -32 -70 -10 61 55 -88 -23 55 93 44 -100 45 96 77 48 85 -19 53 22 -22 12 78 86 -81 -84 -56 0 91 15 -10
90 54 -25 10 98 12 33 86 -100 96 -55 20 77 -38 -10 64 0 -92 -41 85 -23 73 94 -11 17 -98 76 86 -54 -58 5 -87 -28 17 38 68 71 -99 -52 -70 -87 -40 38
-71 82 36 -58 37 -10 12 12 35 -6 46 76 -24 -61 34 -47 -69 -52 -14 -47 -87 -41 25 35 -40 -98 49 95 -91 -87 -48 -43 50 -38 75 48 -70 -32 70 -52 63 -23 -14
78 -66 52 -88 75 -47 -82 -82 -4 -58 18 -73 40 22 -34 -17 18 56 -100 32 -91 -90 55 62 -83 -55 55 -22 40 17 -58 -75 -36 -73 -77 59 35 -97 -17 10 -19 -48 -9
-69 20 -90 -71 72 6 97 74 -17 -34 -73 15 -10 68 80 74 55 -82 25 32 -98 -89 19 -79 -47 16 84 -72 7 -68 -41 52 68 40 -8 37 92 -46 98 43 -51 -39 -76
-13 -45 -3 -95 -45 78 -87 31 -95 94 -26 -29 54 34 98 18 -47 93 -15 11 -22 -38 -78 -12 -37 90 -58 50 46 -4 84 45 99 -4 81 82 -8 14 -58 27 -25 -44 -14
-91 34 95 57 -64 -86 27 -43 -76 -48 -42 -11 98 -5 91 -77 49 -36 -55 -70 50 30 25 39 77 -13 24 -9 -11 74 81 90 26 5 56 94 -10 -14 42 71 43 -72 -72
-82 -62 77 -74 32 -82 77 79 -88 -53 86 -37 71 -15 42 -12 -29 -90 -12 37 -26 -86 -50 -76 8 44 99 -55 -33 -18 24 31 -81 -92 -31 -68 45 51 -63 68 8 24 -47
-62 -46 -66 29 -87 -46 60 -44 -1 6 -34 -9 67 -8 -86 99 -15 -74 -50 66 20 95 -79 22 20 18 -97 32 40 -7 -79 72 -51 -26 20 -74 95 -91 -72 -63 47 99 68
-18 -57 -3 97 -45 82 43 60 -52 71 78 7 69 79 88 98 -15 -52 67 -74 -29 -59 -66 99 44 23 -37 -13 76 7 76 78 -52 29 -25 -97 -13 -69 -9 86 -33 15 29
-88 -66 -68 -2 -12 -74 -32 -73 -57 98 -7 7 67 -34 41 -92 -45 37 -28 -31 82 -80 -32 -34 29 2 37 48 70 90 76 35 -70 57 -20 -27 -3 -19 67 -4 -75 52 -70
51 -20 77 84 97 -30 -60 17 27 34 -4 86 11 19 -38 7 48 -13 55 -97 -56 71 -66 -33 -21 -58 55 69 27 6 -77 47 1 94 33 -87 9 47 -80 84 72 21 -90
-97 -91 98 -87 -7 62 -60 68 32 37 62 44 -28 67 -59 -53 24 66 36 -51 -14 1 66 25 -88 84 -79 -61 93 43 91 -97 -36 20 40 56 21 -93 3 -94 -74 17 -90
-44 84 58 -21 67 2 -77 -51 91 88 76 -18 15 -16 -5 42 3 -99 49 -5 47 69 1 71 -57 -79 46 47 49 -62 84 -95 -42 -34 58 40 -43 99 -98 27 29 -61 -7
-69 33 97 5 41 -87 43 20 -17 54 9 35 29 -50 -67 87 40 -87 43 -66 54 90 -77 -22 37 -38 4 97 -36 -6 67 64 98 48 -28 -62 30 -83 -39 91 -98 -28 65
2 36 -68 -30 14 86 49 10 -8 77 -88 98 -54 -16 66 -76 6 -22 -92 71 82 65 -4 89 18 41 86 -100 -89 -32 -48 12 -57 -69 -30 -80 60 17 -53 62 41 14 -96
-92 67 -69 53 -35 -20 28 41 -8 -50 -46 21 -49 -42 18 78 -18 71 -43 -53 -21 57 66 32 -90 96 1 -99 16 -38 81 33 81 20 53 -85 -84 36 58 -46 46 -20 44
-37 -17 37 -79 67 39 43 -50 -19 85 -24 8 -66 -60 -53 -98 -96 -56 -6 -18 84 48 -99 61 -61 59 85 -5 -9 -49 -99 -50 69 72 -40 -74 -82 71 11 89 14 11 -76
-89 84 -44 -60 -79 -12 -59 41 -99 97 49 14 -99 -9 2 31 81 -49 -26 -88 -46 92 59 -42 -7 79 -11 -32 -17 78 -43 54 6 -62 -61 19 -16 88 -72 -33 71 0 -35
8 -20 -99 -23 43 75 -12 49 -35 -97 16 -24 95 -38 85 -23 -15 -24 36 82 -19 77 -25 12 -96 -12 -90 48 -3 -62 -32 52 -85 74 69 -66 47 49 36 89 53 -27 65
46 59 90 -6 28 14 -59 25 -29 -54 -11 60 -59 -36 62 28 6 18 -97 -29 70 69 55 1 -44 -67 28 56 -91 46 76 31 -51 35 47 -20 -26 -16 -84 54 -73 20 52
-55 94 6 -68 51 57 78 79 -9 -47 56 -37 72 9 -11 -22 -8 70 -5 -12 9 23 -66 91 4 86 -34 -57 96 -81 35 -69 -34 88 86 24 -37 -46 -78 -40 -99 16 -93
-98 57 53 -10 -76 -60 35 -7 85 0 -71 -68 -44 50 45 80 -44 -70 98 -49 -62 -85 -61 -27 96 11 -31 85 92 93 -95 -73 -24 37 74 -88 34 51 13 -86 -25 -27 86
30 -4 -50 -94 55 61 -61 -87 89 66 -65 -26 42 -26 85 -35 -65 65 -90 12 34 89 -36 -91 -77 -75 31 83 -27 -70 -3 3 91 9 -73 62 98 -7 74 -68 0 89 -77
-38 -83 -23 39 30 33 -7 18 -29 94 41 -10 -39 88 99 -66 -66 34 22 83 -85 -93 -83 23 16 -39 -48 24 -86 28 -32 95 -90 -66 -72 2 78 34 -69 -33 51 -53 1
-62 -85 -34 38 -95 94 -30 92 -26 44 -2 15 -4 -55 -91 -63 13 11 46 -56 91 99 70 -83 70 10 -46 87 62 -33 -89 -1 2 -82 -59 -60 8 -70 -68 -62 53 38 45
-81 95 97 84 -82 -31 32 53 72 31 -79 85 -73 -93 21 73 -84 -41 -28 53 36 44 8 -2 87 -78 19 -16 2 -31 -30 -8 61 -80 31 -95 22 -76 41 -55 55 59 -97
-55 78 -16 93 32 -76 -30 93 -86 -23 97 -23 -56 -26 -79 -88 -33 -54 -22 -64 -27 17 -42 75 -95 81 77 61 -53 -49 -98 -19 -68 -14 -25 34 31 30 22 32 15 -51 -71
-22 83 80 59 34 32 76 -64 55 -10 19 83 71 -74 -41 -67 -27 10 -73 -55 4 37 3 -82 77 -100 -94 69 -3 21 15 -21 -13 15 -1 -23 80 -21 86 -30 -96 2 75
85 96 23 49 -68 -87 14 -97 -76 20 -4 -22 62 -90 -71 -31 77 -27 44 -63 57 67 69 42 -61 91 49 -54 -54 18 97 -55 -19 -63 60 45 18 -24 -1 79 -41 -76 58
-43 87 -20 -27 -47 -97 48 -30 74 41 11 -67 1 -8 -53 97 -17 94 22 60 -27 35 88 -82 -60 71 -54 70 7 25 13 -50 53 -56 23 -24 -61 91 85 33 -15 44 -70
21 -84 74 -1 51 61 -49 -68 2 47 -1 -51 84 -74 74 0 90 -17 52 62 41 -54 -77 -31 83 63 -32 -43 -56 96 -14 97 47 43 -97 -24 -8 -92 93 19 28 -24 80
-71 -9 60 12 -94 52 -9 54 -48 -87 -51 14 -33 -3 38 -48 -57 -72 62 -13 40 50 -10 88 45 7 20 -41 -85 72 46 -65 44 85 -68 -59 -49 74 -41 32 -29 96 68
-22 60 -18 -42 9 60 16 -61 38 78 -34 77 -43 15 -40 21 63 -58 64 -69 45 -51 88 64 -11 -80 -57 -33 74 14 -74 17 79 -18 -1 -95 -4 4 88 -17 -68 -13 -76
41 -42 -67 -69 -97 -45 41 -4 -51 71 -59 -96 -90 84 -20 64 -57 19 17 -47 35 84 21 -65 5 -79 6 0 -86 69 -32 -21 -32 58 -8 41 58 52 -49 18 70 -32 -77
43 24 90 -36 -89 32 -3 -42 -93 -39 -69 26 6 36 -57 42 57 -83 81 77 20 59 11 87 25 -90 10 29 76 44 7 -24 -69 -43 -90 56 51 -8 54 -14 59 37 58
69 -43 -44 80 25 -30 78 -96 97 -75 67 23 91 27 -53 53 62 82 73 43 83 -65 61 49 -33 76 65 55 -40 -38 -66 10 77 59 7 -70 -53 -68 14 -54 -99 -96 54
87 -20 40 58 44 -48 34 4 -11 37 72 -80 -53 98 11 73 88 46 -89 -44 67 3 48 -20 -18 -97 77 -58 -18 17 93 38 19 73 95 -7 81 35 -66 5 -91 38 -67
13 84 72 39 58 -39 -52 -54 39 77 -10 85 -21 76 62 87 76 -43 -68 -78 50 -86 -69 9 41 -70 96 -27 20 -13 61 86 -74 -61 -95 -96 42 97 -53 20 -49 -40 7
