96 89
-64 90 -70 23 22 -47 33 30 -47 36 -13 96 -49 72 -87 -9 19 -53 2 98 39 -17 27 -23 -37 -37 28 -61 78 -12 95 -83 43 52 -82 -68 24 73 85 69 -52 82 14 -14 -33 46 28 -88 -1 77 58 79 -32 74 68 34 91 18 -66 71 82 86 68 -88 42 -73 -14 4 -70 -69 -83 24 -5 26 -31 -54 -95 39 61 -73 34 -21 68 75 -20 12 -67 -15 -69
-98 69 20 27 -72 -85 -58 -69 -61 76 -34 19 38 89 -25 -49 61 70 86 85 -77 52 -68 91 70 -23 46 20 82 -26 -63 29 49 65 50 10 81 52 45 -81 -42 -66 11 36 -70 41 -46 -88 58 -4 -8 -55 99 -71 -89 -53 -91 -39 -80 56 -58 55 81 30 66 18 96 -17 -54 47 -51 -83 -62 -33 -93 -92 -89 -67 -56 13 -71 26 -18 -80 -74 -68 64 -47 -96
-3 64 79 -97 -72 96 -71 9 57 96 25 -23 -83 0 -18 70 -49 86 -44 -26 37 50 -33 -29 74 -88 32 28 -82 14 -97 -97 91 47 41 -58 -79 -89 20 -89 76 -8 -63 64 -12 -4 41 -37 -42 -12 28 -58 9 32 -43 87 -85 -56 -6 -10 -43 -29 26 3 -52 77 16 -71 50 14 -25 -85 37 -7 78 23 77 -78 -1 32 28 84 -77 -32 -79 34 -24 61 61
-28 45 -77 -94 61 -4 43 -23 -38 65 -69 11 -59 75 -59 -70 83 65 60 -87 50 95 -27 33 88 -31 -37 93 -48 87 85 -48 62 -55 35 -34 69 93 7 -55 -18 15 73 -19 -84 -96 -42 -51 -58 -30 49 39 -28 50 -6 -91 78 -17 -33 94 -94 67 0 -35 -52 48 63 -8 26 -28 -8 -77 16 40 77 86 82 -11 45 -51 -7 24 -10 -18 32 -80 48 -40 39
-27 84 42 95 59 -11 2 71 -72 -66 15 -10 26 -28 81 -14 12 -42 -97 -96 -69 -78 -47 -43 -84 9 -48 61 -96 62 -14 91 2 11 -61 80 88 -51 40 70 -15 8 -11 -1 -41 -66 -14 -22 -44 -4 25 -1 -63 -74 51 -70 -11 28 -60 45 -61 -20 -44 57 95 -61 31 37 -54 -82 47 59 12 38 -23 -50 -22 -61 6 -15 -40 96 58 36 24 -33 -70 40 -84
-34 17 -82 40 -13 -100 -38 -4 -12 -80 62 -64 82 -72 84 88 71 -37 -45 35 -67 4 -1 -73 -7 -76 -62 47 72 -58 55 -80 0 -23 41 -40 -86 -12 71 7 7 84 -30 3 -95 -15 98 87 51 -94 -18 19 99 46 -13 26 47 30 48 -97 -26 39 -25 -46 -63 -45 53 26 -95 -54 -18 59 -29 -11 67 26 25 -12 53 -66 -86 -8 -49 -38 70 -37 15 -88 82
95 29 96 -45 5 7 25 -55 39 -44 7 -55 40 63 -98 -48 10 39 -34 -68 -1 -59 87 61 44 -99 -65 -43 52 -47 98 19 57 -70 -31 6 24 -8 -2 88 -35 -4 79 1 -36 -12 -23 -18 11 63 54 -78 -44 -78 -78 83 -57 -6 51 -88 39 10 55 2 35 -81 -93 64 -56 -22 -71 23 85 78 89 49 80 -69 83 22 -1 67 27 -63 -78 59 39 37 47
-60 29 -65 -83 -38 -56 -27 61 20 5 -25 -19 77 97 69 -32 90 61 -54 -53 6 45 -73 -64 67 -67 -37 -8 -47 29 -94 -3 -61 -2 -61 -18 88 85 -98 87 72 -40 -67 80 -23 7 -93 28 -24 61 -45 93 91 -58 82 61 -2 91 -1 32 -28 -92 34 17 -55 -10 43 -77 6 -83 52 -23 -27 -21 -22 87 29 -14 -89 -70 32 -42 -76 5 -61 79 30 -2 -19
62 -10 -31 92 -83 93 -84 -3 -52 -17 66 34 9 -16 -53 1 -89 -44 -21 -6 51 -13 90 -63 -69 -26 -91 37 -49 11 20 24 13 23 -69 -47 -48 20 -52 -82 -48 -64 -68 61 -16 -16 93 93 44 61 69 32 -87 -1 5 -4 34 71 -4 11 -57 -7 13 23 -47 -70 78 2 68 -58 82 -11 28 93 -22 15 91 -34 95 -31 -95 -67 -68 39 37 74 -15 97 91
98 50 -13 -33 73 82 90 97 55 34 -80 74 83 -25 74 69 22 59 24 33 10 -86 4 -2 -46 7 -81 46 -37 -8 48 71 -92 96 30 54 74 -21 -7 -98 23 -9 -5 9 -36 -38 -43 -50 68 -42 -49 -93 51 92 24 -99 54 -64 71 22 -11 -95 9 -18 39 -84 -28 29 -52 73 19 -1 33 6 -53 -70 96 58 77 12 22 -3 -98 65 57 -42 43 -37 -63
94 -95 2 -11 -21 -37 71 -30 31 -83 -93 -56 -86 41 93 30 -67 -32 20 87 65 92 10 20 -73 -21 18 -12 -15 62 43 89 48 -37 -52 -27 -8 -57 27 -75 89 -96 -39 37 -64 -45 -40 4 61 -15 88 42 -34 -88 -98 -89 -4 -9 -2 69 -69 33 -29 72 40 -42 -52 -91 -33 70 -87 9 43 -89 86 27 -15 -95 87 -75 -89 64 -2 23 -8 34 -48 -83 -45
82 -34 -85 -98 -36 -45 93 37 73 9 -45 -24 -83 34 -99 -29 16 3 83 -73 90 67 -95 33 -61 5 25 57 42 -95 -55 -82 99 2 38 -47 78 -60 73 -25 62 -100 -31 -93 47 -35 -39 91 36 88 28 73 32 99 -66 -19 -85 21 -99 24 71 73 8 -68 28 -87 46 -13 24 -18 -61 54 11 45 38 64 -29 59 -74 -87 -77 44 86 54 1 24 -50 -31 32
-16 -99 37 83 -57 -68 -90 -45 -36 -92 94 35 72 35 42 81 59 -93 -33 56 75 -21 -49 -68 -72 -30 -88 -42 25 33 -17 65 19 0 24 -52 -52 -12 -38 -63 -61 -80 73 92 -86 -87 3 -32 14 -18 -16 87 47 -88 -53 89 91 -41 -58 47 55 -59 -99 64 -87 71 -38 67 56 -40 33 -98 -83 72 -92 6 86 38 -30 -64 -25 33 99 40 44 -2 15 -80 38
-43 -48 68 -54 12 -59 11 72 80 41 -80 41 41 67 -55 34 -82 -33 32 65 -47 37 -47 94 60 -88 -61 -84 20 -6 -6 32 -68 -66 36 33 61 46 59 96 -43 -98 10 58 70 -63 -100 -85 73 66 81 46 -22 -99 -78 -86 86 40 95 -81 -62 92 -25 98 45 -8 -40 93 49 96 64 42 -10 -63 -5 97 32 -15 37 -24 -22 -99 -46 59 -86 59 -12 -60 -1
-23 -90 12 -40 85 71 43 87 -82 96 77 79 35 -15 22 -71 83 -87 23 53 -84 93 -8 71 88 67 40 -96 -67 -41 -4 79 -28 -66 -100 -65 -91 -15 -28 75 16 -44 -22 -65 71 88 75 88 -6 61 43 -25 -29 -20 28 50 -12 -76 70 68 53 51 97 -97 -46 72 -9 -74 4 -1 13 87 39 36 -5 -23 -84 67 -38 -93 -24 55 69 -18 85 10 4 43 -89
-83 69 -25 9 80 83 78 65 -52 36 -58 74 -9 45 -66 89 88 33 78 74 27 34 -80 11 95 -9 -64 -71 62 -2 -63 -14 21 28 -64 91 -35 -13 -100 3 9 59 -2 87 -22 13 -19 -81 47 -93 -11 -79 72 68 -7 37 36 -97 79 -95 58 -19 -52 -10 69 -84 39 -78 -100 -71 66 39 -15 94 -74 -21 47 -20 94 -38 -94 -62 39 -38 -22 31 -82 69 -80
37 -70 -84 84 47 20 -55 -90 -92 -11 -42 -93 -12 63 -100 26 10 -66 -49 88 35 64 0 73 54 66 99 88 -20 77 -61 73 -94 -14 26 -35 -19 -38 61 13 -83 -39 -82 19 -67 75 60 37 -79 -25 33 27 57 -21 67 12 -10 24 5 19 -37 56 62 -24 -74 22 35 -4 54 5 24 69 -66 -53 -44 67 91 14 -26 10 -53 80 -5 -39 -49 -49 42 -94 -77
9 17 -12 19 94 -64 29 -48 -42 6 75 35 13 44 21 56 83 -9 21 -89 -79 -86 -15 -48 57 -37 -46 77 93 20 -75 36 27 -35 49 -92 32 8 87 -16 26 -26 -64 11 74 72 -36 19 50 7 87 -64 -69 -32 -39 -1 -5 -29 78 18 -59 83 -77 -46 0 -13 90 88 -35 38 88 -40 35 64 -83 31 -91 11 -53 -66 71 21 -94 31 -27 -64 -44 0 93
-55 69 -82 93 -10 77 -60 24 -86 9 -36 -43 2 94 -75 8 5 56 30 30 47 -94 -46 19 79 -42 52 38 -94 -64 36 -41 47 -98 43 -89 -83 -85 35 41 -23 -100 75 -8 -3 82 34 10 -75 98 -63 -21 -85 97 70 4 -2 91 -90 78 78 -74 99 50 36 58 14 18 24 21 -17 5 74 -36 43 -41 61 20 77 -17 -16 90 -96 -10 31 -73 -85 -43 90
57 78 -59 69 -98 52 -36 72 18 -86 95 -49 26 71 -85 68 -95 84 65 -13 60 -42 -14 7 -86 -94 30 27 -42 96 -21 36 -57 -53 36 -91 -41 32 48 -54 -37 13 -11 -46 -45 60 -52 -81 27 7 -50 47 73 -82 16 48 56 -57 -77 -49 -28 62 -80 -22 6 6 98 47 -53 -82 -45 -52 -48 71 -60 41 48 85 23 91 42 -28 -49 98 20 5 -45 69 -59
41 -10 68 -30 -99 75 30 -57 94 95 -20 32 31 23 -67 40 -23 -20 -100 33 -13 76 8 93 2 27 42 78 42 -78 20 25 -91 14 -80 40 -28 -20 62 15 12 52 18 39 -5 27 -75 -78 -93 -26 99 -42 -19 -85 62 -34 74 -62 1 44 94 -11 -41 -60 -42 4 -28 21 -53 20 -12 -7 16 56 59 40 -55 -72 77 95 92 -55 -41 23 92 -35 13 75 91
-99 77 73 96 -68 36 -19 -86 30 0 43 4 89 78 44 -79 91 -91 98 -79 -76 -61 -41 -75 13 14 -53 -17 25 -19 13 78 -37 -80 -100 -39 -88 -27 85 -71 95 -3 16 -76 62 -26 -25 63 -98 98 -73 -28 97 64 50 53 91 82 -61 -9 -24 -10 67 -14 -100 65 84 40 97 -47 93 -52 -76 -63 77 -66 88 -53 -69 -92 -40 97 61 -78 39 4 -25 -51 -46
-39 -41 -4 -96 -71 71 56 81 -73 34 -74 -35 -8 43 -61 -26 78 -22 63 97 -67 56 5 65 66 -11 -70 53 8 -88 -92 -94 -67 -81 -19 -52 -52 -49 -48 -63 -28 -50 -13 78 74 79 -75 30 26 -9 -46 96 36 -98 -35 -55 -59 15 37 51 90 -61 51 12 -36 18 -93 -15 -63 76 -71 60 79 80 94 -29 47 51 -77 36 -97 43 85 6 24 20 -78 -7 -87
3 18 -39 -100 -63 90 31 32 -54 -59 41 -90 86 -100 -62 -56 96 64 93 55 -59 4 -34 -20 47 -24 -46 65 99 -100 -8 -48 96 58 -80 -20 -6 24 83 32 37 -44 18 21 53 0 -12 79 53 -16 3 -86 39 65 22 9 68 -11 -84 -41 -100 -84 23 10 63 -83 -57 -20 -35 45 -47 76 20 -65 31 -84 -80 -42 -15 12 96 -17 5 -32 -33 -39 67 -75 -41
57 12 -62 -51 74 -43 -43 57 26 -10 43 -92 -61 16 -45 39 -1 37 13 -31 -75 2 -81 -15 -36 83 -7 -83 37 -74 82 91 -41 75 98 78 37 66 74 -84 -6 -35 -56 85 7 -56 15 -74 44 -90 -9 -18 -26 6 -7 72 72 -2 -67 -45 61 -82 -57 -9 76 -88 40 57 -75 14 97 0 -68 21 93 -7 52 -95 -89 0 -27 -38 -70 80 40 -11 72 93 90
21 -3 80 24 91 60 34 -69 11 -78 -44 84 58 74 55 97 -83 33 -64 24 60 83 -2 99 -81 -26 -49 44 -57 -19 -33 43 -32 23 27 -57 53 -70 21 90 -27 73 17 47 53 -98 79 16 94 68 49 3 0 -12 80 69 55 66 -45 34 85 25 40 -69 -96 21 69 -7 77 31 -32 89 -27 22 -50 41 47 27 26 26 -33 38 -58 -42 -58 96 22 12 -15
-80 -45 -87 94 58 38 -7 -100 -75 -18 71 26 28 -85 9 67 -41 67 16 17 -53 -34 -98 0 15 -43 49 -36 -72 56 -9 38 -24 16 -22 -22 18 10 -26 -60 -55 45 64 61 65 -82 2 56 78 58 76 34 4 -45 29 65 -97 -25 59 76 20 -2 47 -84 40 74 12 -62 23 91 97 89 79 -92 21 68 -65 -48 27 83 34 -62 22 -70 -40 43 -1 51 70
-20 -4 46 -43 -81 27 -59 -47 1 -8 5 75 35 -77 -14 33 -79 -58 1 -52 50 53 4 50 98 6 34 22 -44 -93 -83 21 -76 -74 -96 -63 76 52 -95 -13 5 85 35 -11 16 20 -49 38 5 -14 68 -71 29 87 -76 48 99 -93 33 -51 48 -38 8 18 -33 -65 -92 -86 45 50 -49 15 29 -52 85 -68 -36 -38 49 -2 88 73 75 -81 -42 -22 18 83 37
30 79 15 -11 75 74 -2 -36 71 -54 -50 58 -76 -73 -29 91 -3 65 -46 -43 -64 -82 9 -6 44 24 -27 -40 -19 78 -61 -88 -2 -83 75 36 -65 -19 26 -52 71 32 -41 -38 83 65 -40 -27 -33 -78 -18 -5 -36 17 -97 91 99 43 -70 -22 -7 72 -96 91 -36 -14 -31 -36 -67 -95 -4 -17 62 8 -28 95 -90 6 15 -4 91 -43 32 0 -57 39 -56 42 -42
-78 -88 -93 -82 17 -6 -16 -64 22 17 7 38 -36 -58 5 62 -86 -68 -89 30 37 70 -48 -80 36 96 10 80 98 28 88 35 47 54 -36 35 -32 25 29 -55 -79 -13 -21 -38 -72 -10 54 12 -52 -63 19 74 86 -41 32 -1 54 54 -45 -80 -87 83 -99 69 97 -92 85 -7 62 13 -61 79 -60 31 49 16 5 70 -63 -22 -64 -6 51 -53 97 -55 69 95 -100
-70 -23 -18 -52 37 -7 -14 49 42 -10 -81 82 7 -71 19 -34 85 9 -40 81 -27 -1 -48 -99 95 -81 -71 -9 60 96 33 20 -99 44 59 52 -86 -92 -62 -98 40 22 14 52 85 -47 69 79 -3 67 92 -74 59 56 45 28 16 -42 -61 0 31 15 28 96 -43 -90 55 -24 75 -3 -66 56 -34 -89 -51 44 -40 -70 -44 88 0 -49 -87 -85 -48 60 98 59 45
25 -94 98 -44 67 -79 0 3 78 9 57 -58 14 -58 -65 36 -65 -27 -93 -55 51 65 64 -92 44 -62 41 75 -37 -97 37 -10 -8 29 -25 -38 59 8 99 32 -93 -31 37 -27 45 -15 -4 -54 31 -58 -32 14 45 -29 -96 83 -85 85 -65 54 -44 -53 -73 -29 -77 85 -2 41 -95 -56 89 10 -90 -40 -58 22 19 -56 -82 -24 -49 -17 -69 -55 8 -93 -66 -61 52
-86 77 41 -63 6 27 93 -70 -79 -56 -47 -13 74 26 27 -49 46 -28 11 63 -77 46 54 38 64 -51 -88 -93 65 44 70 63 58 91 -78 32 82 -72 -94 -19 -70 67 -46 58 -35 31 17 -18 -38 5 58 11 -48 50 -11 -82 67 -19 -11 48 -76 50 18 76 93 -22 18 42 -4 46 -53 -37 39 -31 69 38 10 -18 -34 74 53 35 -83 29 50 -36 75 5 37
67 15 69 -11 -74 -23 -62 66 -47 -87 38 -33 -2 33 -51 -47 -70 -48 55 -72 90 41 53 7 29 -93 -10 -73 84 -46 -100 1 -41 62 -53 -45 82 -78 -14 65 73 -41 94 -72 -41 -6 67 -80 5 92 -100 24 88 -79 93 47 68 -92 -98 -48 96 48 -45 -76 -14 1 -38 -25 -83 -92 5 -44 40 5 -16 82 -71 16 29 -45 -70 42 6 98 42 -24 27 -27 79
-96 77 -52 -14 31 10 81 -44 34 -70 -8 -8 -23 -32 73 -64 33 -10 11 77 -38 34 19 49 -80 -59 69 79 -51 39 -6 62 -57 -5 -68 66 -75 24 14 19 32 2 7 98 48 6 -72 89 -11 -74 59 -6 -25 -28 79 91 80 -23 -14 -48 72 64 -42 1 73 39 -25 -58 68 -90 -21 73 59 4 43 19 -39 62 -94 65 55 -88 -69 0 -47 -23 -56 55 -64
-14 16 76 -79 -40 -16 89 38 98 -26 -16 -21 69 -94 61 51 -42 85 67 -68 -65 -2 50 9 -98 -85 -88 7 10 -75 -11 -94 -88 88 -37 -8 37 -63 29 -82 -4 16 55 26 82 -40 -33 73 -39 69 -13 65 82 5 3 -6 -10 -70 40 -71 -49 47 54 5 2 -47 -83 61 56 -16 6 89 -75 14 12 -39 -40 -17 -8 -13 45 26 -22 -55 7 -33 29 -79 -30
-87 91 63 64 6 16 -88 73 84 -29 -48 -31 6 -22 -73 -51 -64 -58 -16 -10 95 -57 26 -23 77 -95 2 -98 -37 -57 0 40 63 30 65 -100 -31 30 -59 45 17 20 74 -57 51 19 9 67 5 -75 -89 -13 -16 -91 -49 63 -35 -74 21 46 82 9 38 -31 -99 19 -25 -68 17 -51 -29 -26 39 89 49 68 78 -87 5 17 -59 -31 38 -88 81 -80 24 77 59
-37 -69 73 51 -36 -93 92 -61 49 17 -16 -67 -17 -22 52 62 24 -17 86 -49 -13 93 37 50 -85 13 21 90 90 70 -4 -50 96 -54 -67 -25 -74 15 19 -88 -64 -73 -32 -26 -21 -94 -58 -73 43 -70 -42 80 49 -25 -32 -38 58 -68 -86 -76 -61 50 68 55 35 27 -69 62 26 66 28 12 -39 -7 -20 75 66 -69 77 -6 50 59 -100 -26 -85 -43 25 -67 -73
-92 -49 -97 33 -77 76 -19 86 55 27 63 69 -36 64 -8 -69 -48 4 -59 -86 -75 26 -18 -53 59 80 -44 81 -27 -78 -92 8 -69 -93 -14 -82 -24 -58 -6 49 53 -35 2 41 45 -89 -76 15 -14 -89 51 78 64 90 -100 64 -71 -14 88 92 -71 -23 -10 -81 -22 47 -58 17 3 -80 11 -86 -68 8 -88 37 -90 57 7 75 65 -42 62 -85 85 -16 -52 -72 84
57 -30 -36 56 79 -28 -28 -22 -44 42 -69 -45 -61 -86 75 -50 -91 97 1 93 -43 -38 -95 3 89 -98 35 26 -85 -83 -76 -74 -10 -53 -41 -78 20 -26 37 65 -65 39 -61 56 63 39 -20 -86 4 4 -82 -5 -27 5 25 34 32 -62 -11 24 98 55 67 70 97 66 23 -73 -40 67 -84 1 -93 20 97 -78 -12 -23 -61 80 -83 -14 19 -87 31 -97 81 36 -62
-85 -95 -16 -82 67 -35 44 -54 -47 -93 -65 -69 20 -95 89 -17 -86 -90 41 -15 -87 -38 -80 -8 -61 80 77 -100 16 51 -93 -23 48 -72 -64 63 49 91 64 56 5 44 42 -100 -48 -6 48 58 -39 56 -3 -72 23 16 -14 -76 94 22 -47 -20 65 6 -74 35 -38 73 50 -43 -80 -93 -78 69 -71 8 -88 36 80 1 -16 -19 -64 -38 38 23 -30 -2 -18 67 -37
76 67 -90 58 -21 53 25 88 -60 93 -41 25 -88 -38 -25 66 58 -95 -85 -28 5 48 88 -8 -71 -52 -49 10 -70 60 -13 -5 -14 -51 68 58 -71 63 -93 -69 -62 -8 -33 -69 55 -88 23 75 55 -83 81 91 -17 8 67 -80 39 7 -8 56 -66 20 -59 46 41 -42 -4 26 -88 -82 -71 -61 -47 -51 -53 63 58 -52 13 -54 -55 -28 78 53 70 -88 93 -79 19
63 97 -52 -78 46 -95 -53 8 -82 -57 -95 -87 57 -6 63 84 59 36 5 -72 -41 -39 79 -49 63 57 3 -70 -40 96 2 5 61 -76 -91 5 3 -26 35 63 -43 61 -32 74 -96 23 32 8 82 74 28 41 -49 74 19 -95 -20 3 -27 -45 -32 -78 44 -18 -89 -73 60 -49 -95 -2 -11 30 -5 70 79 69 -100 24 45 79 -86 36 28 30 13 -55 46 -80 -19
-91 -14 66 64 -60 -65 -59 -9 3 -23 -8 81 79 -70 -58 56 -71 53 2 -5 -75 47 96 -53 36 62 -42 18 -81 15 19 -48 -4 59 78 96 38 2 -78 43 48 59 89 -20 -62 81 46 28 63 34 0 30 6 -83 -28 -59 -80 -94 81 84 25 -41 -30 -17 -37 -73 -64 25 55 -51 -58 77 30 -6 -71 -8 -17 11 -33 -1 73 23 87 21 35 80 -38 -48 9
63 -48 -51 18 -19 86 24 41 55 -58 25 -47 -79 -72 -68 84 31 -72 31 -91 96 -96 -47 -12 12 15 41 99 -1 98 36 -41 -74 18 28 1 58 -10 -35 -35 27 66 25 -22 -34 -80 47 19 42 31 -80 -2 15 -63 10 -85 48 33 -32 71 -21 28 -14 -6 79 87 88 -35 -91 -14 21 72 -78 -68 34 -69 12 -97 -72 11 -78 76 34 16 25 26 -45 -75 36
-52 -60 79 -68 73 -48 73 -7 -72 -85 -81 95 -46 -24 -94 -28 98 -94 -68 -47 -61 78 -60 56 66 31 52 21 -60 34 -71 7 64 67 35 9 -96 55 -34 68 -60 4 31 80 -81 78 43 3 14 83 53 32 -97 1 22 -45 -42 -50 -22 -92 94 32 -96 -54 78 -49 -62 3 65 -16 -65 -7 -85 3 -19 7 -47 -57 98 -4 -72 20 21 95 -88 65 9 20 -86
47 90 29 -56 62 -30 -35 -83 -97 -90 49 -83 -47 21 80 -27 40 9 21 -66 51 89 26 -58 20 -51 -74 32 38 -44 74 -51 90 99 -31 99 2 -57 31 69 50 53 52 59 -52 63 32 -69 -37 2 -87 -8 82 -66 -46 -38 37 -98 -9 -98 -48 56 -34 -24 -33 39 88 38 -98 79 -63 -18 -94 96 -5 -93 -17 7 10 -68 -36 -63 44 62 12 -6 -65 83 -26
-34 87 -21 7 5 -64 -62 46 -36 -15 -47 -31 -31 98 1 62 -49 -33 86 76 -37 -3 49 19 78 -83 -40 -47 -75 47 -70 79 77 -40 -11 67 35 79 35 -57 11 -35 53 -86 -90 -45 -34 62 -86 64 67 -62 85 -30 -88 -80 9 77 -17 81 -73 90 54 88 -35 58 46 -3 -55 -84 67 -5 75 43 -47 -53 -34 3 -93 -38 72 21 98 17 -77 -7 20 76 -38
-61 34 -27 31 -6 39 49 -28 5 -98 -45 -23 -42 91 80 -66 -93 45 -93 -95 99 -78 2 -38 -17 -61 57 -67 57 26 -59 -72 64 98 99 -26 4 -75 -6 -5 64 -77 7 -31 6 -6 63 -46 -81 -95 -30 31 -14 34 38 -24 -99 95 -30 77 74 -52 -44 -83 -84 69 69 -4 -38 17 67 -78 -93 87 -57 66 -13 24 25 -79 -51 -18 8 -48 1 91 -58 26 -32
-51 -68 50 -50 33 42 23 -98 53 -15 -63 -100 -86 -99 -79 15 82 -75 -52 -18 -74 28 -63 37 -61 -43 -21 -96 -90 35 8 47 62 -17 83 10 -79 -99 -41 -65 -63 -79 13 74 40 38 -16 -28 74 -57 -65 -33 3 50 -70 -96 17 57 57 -90 -38 51 -94 -85 73 67 -55 -23 -19 -81 -4 -98 82 12 -64 27 20 7 54 -63 9 87 10 37 55 17 -90 6 -33
-92 -94 28 -16 -57 -9 -85 -2 88 76 24 76 31 88 -36 63 -7 25 95 69 49 29 47 -57 -52 -34 -88 43 -61 -93 -26 53 15 78 57 6 -56 -80 -64 -99 54 -85 -14 30 20 41 24 32 34 -63 7 -68 -78 59 -59 10 13 -4 10 22 39 43 81 -85 8 -4 -50 54 36 69 42 87 -66 -56 85 -69 -80 -15 91 54 -34 -72 -53 47 36 -88 68 -44 4
-39 -40 -24 93 -84 6 74 56 86 -78 80 53 -98 32 43 -34 41 -95 60 10 -2 -51 -64 -43 94 -46 48 77 46 51 -28 72 96 93 49 -11 55 38 -39 24 -22 -90 66 74 2 19 97 -80 -9 15 -8 90 48 21 -2 -97 -70 -3 -2 87 -28 -13 27 -63 -96 -41 18 31 99 0 -16 -26 -63 -94 22 -6 -29 82 58 -38 50 47 0 -64 89 4 72 68 -26
-5 -78 17 17 12 -32 -17 88 30 82 75 82 -35 32 4 66 29 19 95 31 -18 45 94 -94 -48 -53 12 -73 -95 -97 -52 -40 -3 35 -62 30 37 19 -6 25 -93 -30 89 18 -27 -64 -23 39 88 -78 -64 -41 -18 -46 -54 55 43 -7 62 -76 -99 10 71 97 -94 -47 36 -85 -17 -84 50 27 46 9 25 12 7 72 52 95 82 58 93 83 -13 -70 -80 -8 -49
-38 78 22 79 26 -35 -39 51 -83 78 -40 -95 44 -32 -90 -42 15 83 -48 -45 96 -9 -87 68 51 94 19 13 92 -89 -82 69 -97 36 -42 0 61 -9 31 16 62 48 -28 -28 58 58 58 -53 36 15 14 50 9 -15 -58 -75 -51 43 -66 75 -96 -17 -31 -19 -73 -7 -53 32 -27 3 -75 -56 52 10 81 23 -2 -31 -10 -57 17 -83 94 -36 -45 26 -66 -42 65
-68 -83 37 -90 95 -15 -74 75 -45 -1 -18 -6 -38 -71 68 47 -20 -99 -93 -55 78 35 -73 -75 6 7 41 -12 -30 40 30 38 1 -24 -67 -33 -55 -58 64 -55 -21 -64 66 34 -43 -36 11 -32 22 33 -56 -38 -73 17 46 -8 -24 90 31 46 73 22 -74 5 -30 39 -96 -62 -76 -81 -11 35 2 71 -27 -81 42 -42 22 62 81 -35 -3 17 94 -64 -38 -53 -59
63 65 -96 23 38 22 -75 -57 -14 1 -64 25 -3 -94 -63 -58 68 -33 17 -93 39 4 41 83 -96 2 31 -15 -8 67 -91 27 -66 -27 -13 -92 -15 -83 -10 73 -15 -90 16 70 64 -46 65 -95 15 -81 6 -97 38 22 42 -59 12 -32 -37 42 -48 42 94 -20 -1 -69 -3 -88 31 -28 -80 94 -45 31 -22 84 40 58 37 -95 79 -26 -56 -19 93 27 64 48 -33
47 53 72 -6 -9 15 -9 -95 -11 16 -77 80 66 28 24 -95 69 -66 -77 85 37 92 -88 54 -84 -65 63 -94 -4 4 10 -30 30 -82 11 92 -23 -25 99 54 32 -100 -10 36 72 57 93 -5 0 77 -93 -41 -39 -65 -59 82 72 89 -4 86 97 -84 21 -91 -18 -11 -69 -73 17 -90 66 -36 -73 -48 95 -22 85 -25 55 -31 -57 38 -75 93 30 29 56 28 -94
-64 -4 -23 89 50 -17 88 -57 -94 -65 -54 -10 13 27 43 7 20 87 83 26 47 68 -38 59 33 -41 56 -66 -66 -95 44 -37 75 79 -6 85 53 -46 2 -8 53 57 71 -71 42 6 21 -13 96 15 -65 39 -32 -18 -40 -85 -81 -69 -16 -50 3 -16 97 -45 59 -43 -45 92 -2 37 28 49 63 0 -44 26 -16 -61 9 49 53 -43 54 59 90 92 1 16 31
55 53 48 -14 37 45 -31 -58 -90 -54 -25 -12 -80 -65 43 -25 29 -38 -40 -20 -54 6 17 -31 27 -41 -90 -3 -26 78 -87 17 -51 70 -44 94 -8 -34 70 -65 50 -8 86 -17 2 -95 -58 78 -90 49 -61 -24 -5 -67 28 -25 -32 12 10 98 -45 71 -41 70 60 53 26 -4 25 53 -7 -85 -47 85 -64 -88 37 -22 -47 34 -60 49 60 -61 38 30 -14 -28 -44
-61 -36 -32 45 76 -14 93 36 48 96 62 -72 58 83 -20 -36 56 61 -43 56 -52 29 22 -17 -70 43 -35 -60 -79 -62 -86 -34 5 -97 -96 35 -20 -39 -98 -12 -56 -63 51 -91 -84 -44 65 89 -29 54 -31 11 -43 26 -41 -64 -69 63 -17 83 53 -27 -8 -24 -54 81 -63 29 -80 28 -79 -2 29 67 -13 25 -83 -29 90 -63 -100 -69 -47 30 70 7 15 -43 93
25 -56 -68 92 -14 15 57 34 10 -13 20 88 -91 -41 41 30 -97 55 -54 67 -8 -16 13 -52 -69 -49 -38 39 76 -35 -24 -8 -80 65 -32 -12 -54 -34 49 -28 59 -26 -90 -4 57 95 93 -91 12 -2 -38 63 29 50 -77 91 87 58 -99 -64 82 97 -17 44 -3 -48 -51 -18 29 -27 56 10 -12 11 20 -60 75 26 98 32 26 -8 -25 -47 23 -24 5 -23 54
-30 -8 17 41 -20 -28 33 64 47 -75 -70 -14 76 -18 90 -20 -63 86 -96 -31 23 -72 -32 -37 6 -29 -95 1 91 -38 -83 9 40 -36 25 48 -12 -3 78 16 -18 -82 -56 41 -4 -36 -35 44 56 93 -9 83 70 -8 21 -35 -97 -84 -25 -48 34 -39 33 24 51 -9 26 -96 -84 52 37 -90 -85 74 55 59 28 -32 -14 75 65 7 -6 74 63 -40 -65 64 -93
-36 2 15 93 -60 -21 90 -85 98 2 48 -39 88 68 25 72 16 48 80 -51 -37 -53 66 -45 46 -47 38 75 -95 85 53 -61 -54 -53 -68 -4 -70 12 -9 -95 94 -79 65 5 -39 68 -6 68 -16 59 15 -59 -50 70 -40 46 72 68 -26 57 -4 -79 -20 46 -58 58 -81 88 -37 28 73 20 34 -23 42 -97 23 4 80 48 33 48 -47 38 -9 20 94 -13 -97
-14 27 73 -65 -7 -52 4 -16 -65 34 -80 39 -78 29 -76 -11 -23 76 -8 26 78 -68 -13 5 55 54 16 -49 -3 -68 -47 34 77 -20 -68 92 -10 21 -83 -16 65 -94 -75 54 32 86 -94 49 -16 39 -49 -46 96 -75 85 51 -89 52 -39 63 1 -79 16 40 -37 90 17 65 -33 -47 18 70 -78 41 46 -64 60 -47 85 -19 47 74 -60 -41 68 -76 6 -93 2
-10 -61 -82 72 37 41 -13 -11 -12 -72 56 54 85 66 -14 64 87 3 -51 79 -95 -27 -95 -66 -34 -73 -47 -96 -15 7 94 94 50 94 -21 -15 49 -77 50 -53 -85 -94 -72 -23 -12 86 60 -28 28 -4 -83 33 68 -85 -11 69 74 -39 -48 52 -13 7 42 44 89 80 40 86 45 -50 53 21 -17 6 -56 41 52 -43 -68 78 -42 2 -63 1 26 -59 49 59 -1
-31 5 66 35 55 -96 -36 -62 -69 92 -11 -95 -62 4 -22 -57 -76 2 78 -75 -73 26 70 -88 12 63 -31 -75 22 -83 66 12 87 54 32 88 -43 -56 45 -66 -42 -73 -90 99 -32 95 -61 -77 -27 -3 32 48 -68 -49 -85 64 -78 88 87 26 -21 41 -96 -38 -36 44 -24 99 19 11 41 -44 18 1 75 -74 -57 62 48 93 39 89 -25 85 77 -7 -90 31 -51
37 -20 91 -66 85 -58 -96 63 88 24 43 73 -1 -18 -43 -90 -62 -29 -32 -32 -71 65 26 -11 6 -46 -77 89 26 0 -100 12 60 -96 32 -98 -39 68 -64 -48 -40 40 -79 -91 22 61 96 -86 58 -75 -30 1 33 -98 -27 -100 4 -13 -61 24 32 47 -96 47 -17 91 -79 27 -35 -47 55 -16 -98 -6 21 -15 -26 -50 -58 86 81 -30 -69 5 -76 63 -12 62 43
56 36 -29 85 3 -22 -65 -43 4 21 14 -94 95 -25 54 -79 53 -42 -51 33 -56 -33 -37 95 -62 75 -39 -61 99 -65 42 11 18 -25 73 -1 -58 67 -69 -99 13 -84 62 -90 -28 80 66 88 -8 36 -89 -11 93 -14 24 -84 -67 52 -49 95 51 55 -16 -67 96 3 74 -56 86 58 -61 65 -44 -81 99 19 17 25 -27 77 -12 -48 -55 52 -5 56 93 65 -6
-100 -82 -10 47 -44 81 -73 -44 -71 -58 -33 12 8 40 -64 74 30 14 23 -82 -21 70 -41 -47 90 50 45 -61 40 75 20 -69 -53 30 42 -1 -43 -68 -86 -76 -15 -90 -100 -48 53 25 26 -90 72 -42 -36 -85 14 -3 -98 -97 -71 -45 8 -35 -93 49 -34 -42 82 -80 -22 -94 -13 -15 15 -63 58 -30 -9 90 32 -2 -17 82 30 43 -40 31 41 74 42 -43 -66
51 61 1 -32 -24 -16 -44 48 -22 13 -78 77 97 12 67 28 8 -32 -38 57 39 -9 4 7 78 85 -85 -52 -2 -21 -28 97 -78 76 -42 -24 -42 -47 77 46 31 -91 85 36 -29 59 -14 65 42 -89 23 -78 77 58 -66 68 94 90 -32 96 -56 81 -59 33 81 5 38 -45 45 -16 -56 36 -12 -23 -44 -57 87 35 38 94 47 12 -14 -16 15 32 -42 -100 91
-89 4 21 65 12 -42 14 -98 16 -73 -96 -36 55 -49 33 -69 9 -89 23 6 -77 -98 70 95 15 -21 -18 -98 57 36 48 -42 -100 63 98 -8 5 -81 -62 -45 61 -70 31 20 45 56 -58 -37 -19 -82 4 63 37 -69 -1 -13 -88 18 26 32 -26 2 80 -51 89 -61 -56 69 -46 -70 90 -96 -28 6 50 -4 -7 92 -38 53 85 -8 -11 -94 24 -91 -87 50 -57
39 -100 -89 -75 87 -13 -21 62 -26 15 80 -76 -75 48 -60 -34 37 46 52 -91 27 -18 -72 -7 -26 -46 64 60 60 69 -91 -99 97 -3 91 -49 26 -78 -11 -53 -31 -59 -38 -92 82 -52 -49 -95 85 -82 29 0 -67 -22 76 -71 88 21 7 25 -56 -53 -22 -80 2 13 -70 93 92 -44 -83 -40 -60 -3 90 32 -89 -50 -15 70 72 0 77 -62 81 53 17 29 78
11 18 -73 88 18 -61 89 80 -77 70 21 -3 -78 -6 -3 -41 -43 -16 58 -43 -67 51 -42 -100 36 -41 27 -48 -1 64 -19 8 -41 -42 -90 93 43 32 81 -84 8 31 41 -51 -93 -20 34 82 78 -19 -24 -61 73 -44 -56 -39 75 48 -29 26 2 24 -78 30 -97 -67 46 -73 -59 -9 47 -58 51 -61 56 99 56 -68 -32 -12 -49 24 76 11 67 -4 -77 1 -91
-70 -93 -81 35 97 2 79 -77 -74 -25 62 89 -86 18 13 85 36 65 32 40 97 5 39 -23 -31 -19 -37 3 36 -63 51 -31 -100 -31 -17 29 84 55 -20 -92 1 -95 -94 -82 -7 -84 -62 -91 10 6 37 52 -45 -61 -47 -69 -16 -53 20 -40 26 -55 94 95 -98 -42 -22 -27 8 31 -91 -46 63 5 -30 21 -54 4 78 -100 -45 46 -96 44 11 8 98 62 -50
93 14 -93 57 18 35 33 -47 75 -73 -18 -11 28 -38 28 31 -87 -96 46 23 98 79 42 81 81 -39 55 32 38 -68 25 -77 -27 -23 -29 -66 -18 -70 69 20 -18 -73 -10 76 60 90 -93 1 31 -78 64 31 93 -59 -10 75 79 74 -82 -54 -68 -34 -83 69 -94 76 1 35 -60 58 -69 -57 -55 -22 -75 12 57 95 -26 14 93 49 3 43 71 18 -23 2 -32
41 56 -54 -55 -41 10 6 -92 -79 -60 -41 -20 -19 -12 11 -6 48 -28 -35 -70 -33 54 -75 -99 -27 -15 90 -41 84 74 4 44 -33 -50 -17 79 96 -89 -43 -69 -50 53 -29 38 81 47 55 91 -23 -61 72 -25 -53 10 94 53 21 -81 -100 -98 -67 -6 4 3 61 -64 1 21 -55 -91 26 56 44 28 94 98 31 -74 19 -38 -28 -7 -76 -1 -69 -85 34 47 59
8 25 58 75 56 -1 5 64 -59 -24 -29 -38 -5 -74 97 51 -88 48 -71 -49 46 -8 -63 -54 -9 9 -36 -65 49 96 82 -83 74 -14 36 -89 53 -65 43 -77 85 45 -87 -14 34 -48 -33 -78 42 -55 -87 -15 73 -59 39 -53 44 47 -91 -42 99 80 86 68 -99 -42 60 -8 -80 99 75 -12 -23 39 -89 51 1 41 -53 -53 -87 -38 83 61 -89 74 60 -73 -7
47 58 25 89 -5 -13 48 -38 -51 -61 -40 34 27 -74 -19 17 -17 -51 99 -23 39 -21 -52 -26 -30 -49 -38 71 -17 56 38 -34 -16 52 8 -75 96 -87 -64 -79 -8 -9 5 -93 -72 85 20 28 -68 -13 35 17 44 8 86 -96 65 -50 89 74 69 51 39 -54 91 41 3 44 -17 -8 -90 65 -50 57 72 -70 -39 6 34 91 -34 73 11 83 -40 11 -7 0 -56
-10 98 -88 43 -35 92 77 30 66 90 33 0 80 -80 -29 79 -78 -7 -32 -74 -21 -82 77 29 -64 2 76 -31 27 36 54 -42 33 29 -16 -70 86 59 -72 -5 -89 37 -54 68 -63 -17 -90 68 88 -80 -44 -96 -77 -30 83 26 -50 -30 -26 33 31 -15 -23 91 -10 -54 66 65 -66 -59 -45 -30 -87 -37 -89 90 51 -45 -93 92 -91 -44 39 -82 -11 92 29 -76 76
-7 -71 -41 97 14 -23 -80 -84 -72 8 -40 -75 74 -27 33 86 77 -63 10 46 28 -23 63 16 95 -63 -64 -37 -11 90 83 91 72 -36 -68 -72 -68 16 52 -75 -23 95 7 -20 65 55 -70 32 -29 0 53 75 -71 97 -50 25 -89 41 6 28 37 34 -72 49 -73 -56 47 -4 19 43 87 -96 -21 -7 -57 -23 -77 -71 61 -3 -75 19 -14 -8 91 -69 -16 -33 37
-81 89 32 12 87 74 24 -34 77 -56 37 91 5 -15 -75 -57 38 -17 70 -71 50 -8 15 -30 -13 -78 -50 -85 -2 -11 92 89 44 -48 -9 -70 30 33 39 44 74 -24 19 67 68 -61 44 60 -58 -49 1 65 26 -83 29 -36 -97 51 -66 -98 -85 21 -41 -30 64 12 -15 6 2 46 29 -22 23 -27 -90 5 56 -68 -67 -20 -80 -48 -12 -53 -38 -44 -98 41 -24
79 -41 63 81 97 16 -62 34 28 -74 -71 1 16 -84 33 -83 -22 -58 -73 18 77 8 -67 -68 1 5 -31 -86 91 -20 -38 21 -83 -24 -27 25 24 55 -65 83 -64 -74 -77 -21 71 67 -41 28 -92 83 98 -6 -51 -27 8 -21 58 -66 -15 65 -68 54 39 -41 -74 67 47 98 11 21 90 82 -80 -71 -20 49 3 2 -4 27 -35 61 14 -89 84 -20 77 -99 -36
-50 61 56 54 68 -96 86 41 -89 -34 -91 -79 -64 -45 72 -91 -88 -68 -21 -35 -15 -62 67 -12 76 -22 25 -22 -75 -68 9 -3 61 91 -50 -46 78 -92 -95 46 -12 -14 89 50 -23 -71 -59 -26 81 10 -72 4 0 -41 -29 65 -79 -72 -54 -8 -40 84 -40 24 42 12 68 94 -76 -76 -72 -34 9 -5 95 54 32 38 -24 -69 77 -48 -56 97 -89 60 36 -35 58
70 -25 77 -18 -65 49 -54 -33 -73 -79 -99 30 8 5 40 88 -15 -25 86 -58 88 -55 -91 77 -4 5 -53 -2 57 -66 95 49 85 -93 17 69 35 45 -83 75 46 15 -12 -68 72 61 84 32 -13 64 89 25 40 89 83 47 -81 4 18 -42 -10 -24 -89 84 -83 -44 21 -81 89 92 32 38 -57 -29 69 87 -52 -37 58 17 99 59 -97 -45 46 -48 -99 -3 64
0 6 -67 -85 83 14 -11 85 -6 -8 42 89 5 -68 -7 35 -57 87 93 52 -83 3 84 23 -57 1 -54 -62 -10 -4 -74 49 -65 64 52 -25 14 -85 -45 -57 22 98 64 -53 8 -1 42 -30 3 42 71 87 35 -66 39 64 29 -58 -96 -28 -71 39 -95 -8 81 -25 92 68 2 70 69 -87 -8 -100 96 -74 -98 -100 -14 36 -82 31 22 78 6 -84 -13 29 -20
86 76 -13 -60 -82 0 46 31 51 43 -88 -42 48 -11 -12 -17 53 -7 11 -41 8 -7 88 9 -19 -40 1 -74 19 -32 0 -11 -46 62 -56 -3 -70 -86 -61 -31 -35 -21 -93 -5 -41 34 0 -100 -59 -67 -94 90 45 64 88 -45 44 -49 -48 -70 -3 -81 55 -96 24 77 59 84 82 -57 63 -98 -84 -78 79 -32 30 92 -19 -34 -91 35 35 16 -62 29 -70 61 69
10 82 59 -86 6 -21 -4 43 19 -68 58 30 87 50 31 -32 -54 3 -58 -6 -21 99 -66 -5 -29 -58 32 -1 -14 47 87 31 64 -7 32 40 -33 60 -6 -56 -33 -85 -49 -98 42 67 43 10 -62 -58 -11 -99 47 -7 44 -94 -3 -78 -29 -19 -35 -25 -16 34 -5 -93 -94 33 32 90 -15 -71 81 -17 34 -21 -96 51 19 -39 33 -23 -84 6 80 40 95 -1 81
-7 -55 83 -72 -47 -7 79 -38 1 -56 21 -29 92 -54 -43 41 -7 20 12 -31 10 30 -99 17 -20 12 14 -74 -16 -57 68 7 25 33 49 -31 23 49 92 -91 35 -13 -54 47 -100 44 -83 72 -39 60 2 29 88 37 70 -7 -97 -68 -61 33 41 -67 32 -89 -61 28 -1 82 63 73 -4 60 -39 -53 -70 -77 -88 72 23 -20 -81 51 -77 45 29 -8 -27 41 89
13 7 -86 -6 -63 -29 10 79 57 -98 58 -46 -88 -60 -9 10 -57 36 97 33 77 -43 -74 51 25 -31 7 -16 70 -95 -71 68 -42 90 15 -99 82 62 -34 -60 -71 -66 57 48 39 38 -42 71 -97 -23 64 -33 68 -9 -18 -36 -11 -28 -59 74 72 -5 -31 -82 -48 2 -86 -16 -47 40 -4 -60 19 85 -33 33 -19 -7 33 88 29 -96 16 25 -59 91 5 84 96
74 69 20 21 -6 -39 -24 -54 -95 -79 -28 93 -62 -3 77 48 -43 12 -36 91 -59 -96 53 -74 -47 49 -15 15 19 -71 -79 65 -99 -87 -85 30 -82 50 -70 5 39 78 -39 -1 82 -89 8 -25 93 80 -94 -87 -21 75 -18 -51 -100 19 -3 -29 -97 12 -92 -40 -11 -73 -46 -94 -89 -38 51 97 82 95 -81 31 26 4 -59 33 85 -77 20 78 -70 67 -93 16 34
-82 46 8 -11 84 -4 87 80 33 -96 -22 78 42 69 -67 68 -90 -51 68 -46 82 3 -34 -98 29 40 -21 -85 78 -85 -41 90 -29 20 55 95 35 -77 -44 -64 13 -36 -3 18 83 30 -70 -99 98 92 15 8 -93 12 53 23 -49 70 31 44 61 47 83 -19 64 -89 -72 29 96 47 -81 -44 21 -25 -91 91 27 -65 -89 -37 -38 -76 -1 30 -82 -2 -49 41 -65
16 -29 95 49 31 -100 -7 86 14 65 -43 82 -55 1 -11 72 -23 79 90 -36 -64 77 88 8 -75 -91 19 -93 50 -45 -78 -34 20 62 4 89 -21 -7 32 -74 -5 -99 81 27 81 -62 -6 -50 -86 -67 62 -68 41 -100 -21 -29 -89 -48 -64 -55 -24 2 52 29 -37 -7 -31 44 -78 91 10 -2 52 -78 -8 10 71 -31 -61 -33 -30 87 -81 -11 73 91 -75 -13 2
65 -60 -78 -32 -29 87 66 93 -60 16 -4 -50 -7 -51 -8 58 9 11 -41 -45 6 9 -93 24 12 38 38 82 -94 21 56 85 -97 79 -91 41 -89 97 95 98 38 0 40 -67 -60 -13 -78 85 97 -47 -78 52 75 26 -54 -99 -27 -14 31 98 -94 75 -22 -47 83 -31 90 61 -82 -100 58 98 -56 -30 -81 64 -21 -60 6 12 -53 -38 -77 75 69 64 -36 57 90
91 71 74 59 7 -46 70 77 51 34 -86 87 56 69 84 9 37 27 87 -1 30 -78 -48 -90 -58 42 -80 -41 -61 -62 84 74 -55 -24 -87 -60 50 78 -68 -20 92 59 -95 26 67 -65 -47 -95 -63 -61 -30 32 -37 88 -78 27 30 -32 35 55 -22 10 14 -75 37 -55 -23 -66 -21 15 75 81 -75 -2 -39 -15 -81 -32 -30 98 7 47 -72 77 -14 15 8 66 49
43 -44 -59 53 21 78 -60 78 -38 -24 -72 -86 61 2 -77 -60 67 -4 81 -61 71 68 -94 -27 23 2 14 60 15 98 -86 -41 -44 -62 74 -20 -52 13 -1 45 -77 -25 -77 56 -23 90 75 91 -5 40 13 0 -10 -14 -23 94 92 48 61 24 32 -78 19 9 -20 -41 -10 88 29 59 -59 41 -91 -10 55 -20 57 -85 -72 -38 -36 47 -85 53 28 -69 -56 -81 -12
-54 -25 -42 42 39 -82 46 -31 -55 24 -48 2 24 -65 66 -18 29 -29 -58 -73 93 99 -73 -32 -81 -5 26 89 14 -97 -6 -32 24 23 -74 21 48 75 -57 93 -55 25 -12 -95 -12 -36 -88 87 -20 88 -57 -23 72 -4 92 85 16 -26 -41 46 -52 69 94 32 2 11 65 9 54 -95 2 38 95 80 93 -92 -33 45 36 -15 -14 69 94 33 -61 82 89 -91 -84
