49 86
85 83 -13 -99 15 19 -74 14 -7 -15 -47 38 -86 -82 74 -86 -24 -22 85 18 81 -22 51 -50 -80 -91 12 -18 50 60 -5 51 9 -24 -94 -27 88 -32 6 -91 72 51 -45 76 43 -94 51 -78 40 90 -29 43 79 -7 15 16 -27 94 -17 -70 -31 38 2 68 79 5 -94 66 29 -46 -57 28 -59 -42 -71 -81 -21 21 -80 -98 -17 -34 -33 37 -83 -40
33 -49 -5 37 -79 -8 10 -12 80 53 -79 49 75 42 38 -56 -77 12 -58 -46 -14 49 -32 47 90 -83 -67 -19 8 55 50 -97 -7 10 17 65 3 24 -3 -5 -41 -100 29 77 30 -81 -6 83 10 94 -36 -56 38 -71 74 39 16 -1 -15 31 54 0 24 -81 -33 43 -23 27 36 98 73 -10 -17 43 -28 -15 10 -8 3 -14 42 -56 -9 -8 22 71
-45 30 -5 44 45 -90 98 -38 -67 -56 -100 -30 81 35 -12 -66 -64 -61 70 -24 -50 -44 55 4 -49 46 -91 28 -17 17 -32 3 81 -77 -30 84 -89 -72 -45 76 26 89 -49 5 2 16 -44 36 -32 50 22 -3 34 -2 -3 85 -17 -42 -93 -55 -100 -4 6 5 -18 -1 61 -89 -72 -11 41 62 39 -94 57 -3 -12 -6 -70 20 74 -60 14 33 -30 81
-3 -22 27 -37 10 -74 69 96 24 -67 0 -23 68 22 -96 -10 -4 -80 28 21 64 -6 87 51 96 22 -26 65 -65 75 -100 -78 -89 -93 99 -59 -60 37 27 -90 37 -100 -96 18 -96 7 -81 -53 -43 33 0 0 -65 44 83 -80 70 26 -20 24 -16 85 73 -60 -47 48 -2 75 -72 -27 -90 54 -75 -8 77 89 56 91 -44 3 -13 68 85 83 -29 92
63 -69 59 -71 52 -14 73 86 73 37 5 57 -19 29 -49 30 22 -1 -8 18 -71 31 -44 67 -32 -42 47 6 -71 -81 22 16 20 4 -1 -55 -27 -2 91 -98 -45 -59 -62 6 88 37 64 0 75 -23 7 35 -86 28 85 -11 -21 70 88 8 -99 27 15 26 82 11 90 -28 -56 45 -27 -11 -23 -27 -48 -49 -17 72 99 11 -20 -59 65 -23 -87 -33
66 -85 13 -16 62 -78 89 -96 22 96 -55 87 -75 -80 -11 87 63 35 33 -91 80 29 10 -47 -32 55 -14 3 -42 -66 -42 81 99 -5 -34 -25 9 76 -68 54 28 4 9 88 -9 87 -52 91 -15 -8 52 -20 9 -10 -95 -66 -40 -44 46 98 71 72 33 -63 65 87 37 -63 -30 15 -40 84 -9 -44 -55 95 -96 79 -83 97 44 -52 2 -53 28 -29
-13 79 42 -30 13 -13 83 -23 41 16 -13 -26 28 22 -24 -71 51 -85 -78 58 -5 -20 -23 58 -25 -78 15 56 -13 89 15 -11 97 93 -41 -47 -86 86 2 -16 -24 69 1 39 -23 -25 -77 28 6 34 34 -19 -67 70 -88 31 92 54 -6 -70 47 47 12 42 -5 88 -99 -6 12 34 -67 -60 -52 89 -12 36 -75 -4 -68 -66 -55 10 25 29 40 86
48 21 -14 -44 14 -13 -11 -52 91 -20 -71 15 38 -21 34 63 -61 -89 -82 76 -93 44 -16 44 -78 89 -92 -85 70 74 -37 3 -58 70 98 -35 58 44 94 81 -86 34 -38 35 82 94 -83 62 12 -24 -26 37 -74 47 1 0 5 -21 86 60 -46 -52 -8 -10 52 97 -77 25 -82 -53 -54 -11 43 -85 16 -21 55 -79 -35 -89 8 -33 83 53 29 -11
-6 -97 54 -90 -39 -67 -60 -13 13 70 65 6 -25 87 -69 10 -39 74 -3 -47 -71 24 31 -18 18 -55 8 60 -97 11 41 -82 49 18 3 -31 -37 63 36 -9 -13 92 -42 -83 52 -57 -88 -57 -69 -75 -39 59 94 49 -78 -45 -13 93 -77 -17 -56 -24 1 -22 -9 64 -49 -44 45 50 -6 24 74 96 74 -2 -93 26 -11 60 79 -72 -58 -7 23 79
86 58 -14 -30 26 80 -65 -85 -10 82 -20 -14 87 23 46 5 -17 -82 -94 -23 13 2 -52 -56 67 -64 -66 -77 -52 -37 -20 74 93 -62 -3 -79 -21 7 92 -59 70 68 -89 88 -35 -30 -8 -23 42 -30 -13 24 -25 -41 -1 -24 -39 -53 -72 6 -21 -7 52 -63 94 -61 -27 42 48 -91 -49 70 -21 49 -46 25 0 13 -7 21 59 42 84 44 17 -82
-60 43 -33 -99 29 63 -4 91 8 -20 -86 -59 -94 -76 89 -96 -33 61 69 -70 -93 -50 33 16 -86 -30 35 95 -58 -90 -6 -88 2 8 -42 37 -59 9 22 -87 -24 -11 -8 88 19 47 -83 1 -51 -22 66 -83 -53 -98 -66 59 -93 -72 -55 58 -62 77 -46 -13 -62 40 -84 29 71 -22 10 -5 -36 -15 -24 -44 10 -51 12 -47 -7 62 44 84 -86 -54
-30 70 76 -26 45 -47 -83 -70 -94 -64 20 82 -29 -19 -3 -38 71 25 -28 -61 -5 -79 -91 -77 -18 30 -21 -7 -77 -35 88 -31 34 97 45 29 -64 -58 98 -91 -79 40 40 -49 99 -69 -67 -53 45 -60 48 -15 87 -9 21 -76 -4 -14 11 58 -3 34 84 52 80 -35 -43 -84 -71 -88 -65 77 -33 58 -26 71 -85 80 96 -62 36 90 31 -93 70 70
82 93 -52 -12 41 18 -92 26 -80 -69 59 16 -90 -29 -88 22 -82 90 69 -35 21 41 19 -36 37 -30 -27 -92 10 26 40 -34 36 97 1 51 12 -23 7 -28 18 -3 -53 76 54 4 54 58 5 -74 -14 -13 -2 -34 -85 -17 -50 -72 -17 -53 -71 70 36 -48 26 -74 -64 9 -51 -26 -41 42 3 2 -15 -81 -42 61 2 43 61 54 -2 -37 -23 93
60 -94 57 -73 18 -98 52 6 10 26 -66 28 -61 45 68 -39 -93 67 3 -77 -28 67 13 -2 12 -71 86 69 -15 -83 46 -25 -83 27 -8 37 -41 -12 26 -22 58 61 -90 76 49 87 -31 -37 35 79 81 56 -28 -73 61 80 52 -100 47 -15 -12 -47 85 -61 94 -52 17 18 -83 -97 -75 -28 -11 26 43 -34 -61 15 -28 76 -56 -26 39 24 74 50
-68 75 -29 -92 17 -54 -58 -9 -10 -46 80 -5 36 55 28 -10 99 42 -46 -48 -12 49 8 -75 -84 -61 8 16 -53 76 -4 -58 -93 62 -40 -63 -27 49 -24 -65 -24 -4 -94 98 -13 -76 92 -24 61 20 -15 38 43 38 48 -7 -70 65 -83 -35 46 -20 21 -46 90 -7 -44 67 -7 -50 -87 -63 12 -88 -84 -80 -20 88 38 39 -93 -21 58 -82 -34 -68
-53 -21 -10 5 -97 -50 -88 -1 -14 86 -31 94 38 -85 -43 96 41 29 58 95 -1 84 25 -92 -15 -94 -51 31 -42 55 63 -76 58 59 32 88 -91 -71 -8 -51 -3 90 -81 -70 -66 -41 19 23 72 -37 -14 40 -14 -48 72 -73 -82 49 90 63 21 -56 -68 30 -76 58 40 82 -9 -73 -64 7 -51 30 -98 -24 -52 -56 65 61 -49 36 59 51 -43 -85
-30 -14 -84 92 19 35 85 -85 13 89 18 46 53 -6 -51 -63 30 -59 -29 -46 -36 78 -71 -49 89 -9 45 30 63 10 32 61 -58 45 51 -92 -24 -84 8 95 20 29 -94 80 97 72 96 45 -37 -26 13 94 42 92 4 -78 49 -8 -46 42 28 67 -84 14 46 -9 91 -49 57 -86 -11 44 -73 76 86 65 50 -26 55 -91 95 19 93 26 24 -21
45 99 9 62 71 49 11 14 -48 30 40 64 -67 -42 -58 13 5 -14 -80 35 14 87 -23 -71 26 15 -46 83 -45 15 -19 11 37 56 -61 57 51 -87 -12 -12 -35 93 -11 1 0 81 -1 -68 78 -86 -19 -19 -24 -84 29 -92 90 85 -61 -41 -66 35 43 -5 -29 35 -26 -6 -58 -20 86 61 -78 91 29 58 44 57 -21 71 -22 82 -65 -64 86 -97
-88 -44 38 70 52 -97 -34 79 88 84 23 43 -79 41 57 -95 -13 16 -97 -23 -40 50 -54 -100 59 -33 81 -85 37 52 -17 79 16 -76 70 -47 -37 -78 43 -76 85 -99 9 16 -43 29 67 31 57 -26 -100 -35 -11 50 49 12 31 -68 -22 -35 -15 2 -60 30 -82 -94 2 -48 17 -47 -10 -8 -46 -89 -6 -7 -6 -57 -28 16 -15 -2 18 40 62 -14
-79 7 7 -83 37 -79 9 49 20 19 82 -66 59 50 53 19 -10 -43 -1 -78 18 -24 48 -42 69 -69 43 -7 -32 51 89 -87 -5 -17 -46 82 -62 -99 -90 -13 15 -74 60 18 -56 95 25 -32 -45 74 -85 13 63 -100 6 11 44 32 -73 -98 78 76 -81 39 30 19 -6 29 -94 -77 -8 -11 14 -17 -12 67 74 -1 -21 42 -75 46 80 -64 -69 -99
-42 -74 -12 23 -52 -90 85 -35 72 69 -54 10 29 -36 44 -63 63 -39 31 -2 89 -93 72 10 -27 -97 69 -5 28 20 93 11 94 -50 42 56 -60 9 36 60 3 59 -72 -66 20 -33 64 -39 99 31 45 67 -28 34 -22 -96 93 -97 51 88 -24 1 37 95 -89 -13 -16 67 -43 -2 27 75 -62 -40 -49 -82 79 63 -74 74 -53 -17 -75 -66 -99 16
40 -38 68 -77 93 -91 -37 54 -4 -49 -96 38 13 72 -96 -83 -5 -47 -29 77 87 -62 70 -21 -33 91 24 55 73 55 -76 -4 -13 22 -39 -69 -83 58 15 28 -23 76 -53 87 -71 72 -60 15 90 -66 -33 73 -96 82 -88 53 -29 -42 50 18 16 7 -87 -74 -78 61 38 -50 2 -81 10 -86 69 -33 7 13 -43 49 -53 12 -93 -38 62 5 -37 94
78 -6 -72 -46 81 -74 10 76 -12 -1 -35 88 -63 -68 93 -12 45 9 70 -18 27 49 -16 -68 19 36 51 -59 -40 -15 87 -74 25 -12 -88 23 77 92 8 71 -76 -89 -91 -59 -5 -81 92 -87 40 -15 -42 50 16 -78 91 -62 78 -43 -92 79 -100 12 29 -14 62 59 -30 -59 -67 -13 -47 -87 50 37 -71 -74 -12 -28 97 -9 -69 -79 -11 -36 -10 49
-12 25 -38 18 5 80 27 -18 99 59 56 -25 -1 84 -86 -61 21 -32 -18 -78 41 -55 -36 14 4 -4 -58 -31 -7 -85 -68 -98 13 -93 -73 -31 -17 80 -10 -24 -60 15 -10 6 -99 92 -76 -98 -19 94 88 -11 -90 72 2 91 -68 25 -16 -77 52 -42 -4 -56 -35 -90 87 34 -72 -49 2 -62 53 71 -33 35 -1 6 67 50 -40 -46 87 63 7 -94
55 -61 97 87 -45 -84 53 87 -28 0 -27 76 73 47 2 -75 -46 -69 -64 -4 44 -52 50 64 -81 -17 86 67 -12 15 -12 -18 -20 -49 -21 -28 37 -9 -67 53 53 45 -76 -36 68 -91 -51 -93 -99 12 12 -28 -67 74 96 3 56 94 -88 99 88 54 -18 -66 -1 79 83 90 -33 -70 3 -56 -65 -16 -30 14 9 39 -80 -9 34 -75 -63 97 -38 -52
88 96 61 95 -83 65 97 -36 -36 -39 72 -70 -24 -73 0 85 -81 48 -14 -24 56 -86 -80 18 -21 -22 50 -59 24 18 -53 -54 90 -91 -49 25 45 61 15 32 54 95 1 -63 -46 -43 82 57 -14 -51 -27 38 21 -65 -87 -55 -98 -99 -83 20 -17 -2 -9 86 -57 -20 46 -20 32 -65 -68 26 84 32 -16 -45 73 35 -61 -18 82 -1 2 -23 1 -65
-85 -14 10 86 3 -85 -79 -49 -49 -74 -34 -61 -94 82 47 79 86 84 31 -100 -41 97 86 96 -12 -29 34 46 -17 -6 -76 -86 79 -19 -99 31 12 34 99 36 35 -6 23 -12 -78 72 81 -27 71 83 14 -37 -68 34 73 -42 -67 40 -57 -94 61 -23 -49 -10 -26 83 -78 63 -81 8 47 29 -61 99 91 -43 -8 -47 23 41 -67 -22 2 -18 79 95
8 -76 94 -81 91 27 84 5 97 -36 21 -20 -10 -59 5 62 20 90 -89 -16 88 -56 50 -53 55 27 -63 63 -63 -21 50 32 93 10 46 69 -27 89 3 15 -53 20 31 -97 -93 59 -50 43 3 27 86 -93 81 -20 97 6 -76 -45 -30 2 -59 83 60 52 -73 80 -49 69 -11 -27 76 -98 -61 22 99 -43 -16 40 -62 88 -61 96 -47 89 11 57
-91 3 35 -70 -62 -92 -50 -49 60 -76 -65 -82 -9 -3 92 21 -11 83 11 19 40 53 78 76 25 92 -100 -31 -47 68 -64 71 -75 66 22 -58 31 61 -94 37 -93 -65 3 84 -33 -59 41 11 39 69 -69 41 -9 -88 -44 55 34 -24 -10 -66 11 20 87 -18 27 18 -52 -39 -38 -84 67 -1 -39 70 -51 -5 -1 -2 -60 -83 58 -43 89 98 72 -42
-38 97 -73 -52 -62 63 -22 -7 9 14 -3 68 37 41 -37 -94 -31 -45 -83 64 -19 41 62 -64 -58 -83 -91 -93 7 20 91 -74 88 58 -34 7 -33 -59 21 9 -43 -41 52 87 74 -48 -14 -2 -78 27 41 14 -95 -65 -50 98 6 82 34 30 69 17 -88 24 -97 90 -16 -54 29 -98 59 -33 99 73 16 68 -94 76 -34 73 -48 -66 67 40 20 70
-91 37 4 19 71 -2 17 80 46 -67 -82 -54 21 -20 5 -37 -67 -63 -21 -19 -87 26 -59 15 65 82 -38 60 -100 85 -13 52 -28 -24 25 2 61 -92 -75 -48 63 -91 94 40 -20 46 38 -75 3 96 22 33 70 2 -85 -48 57 18 65 -12 -84 -51 96 75 -5 -20 59 -2 -12 -56 -8 -45 49 47 -35 -43 6 -25 96 3 -19 99 -37 -50 -80 -4
61 -49 7 -87 20 0 91 25 97 41 82 88 53 79 -36 17 -85 96 45 20 -19 -54 -20 -80 12 92 3 2 -54 21 64 -73 3 92 67 -58 -37 79 9 -39 -31 -24 -40 -51 20 13 44 -72 -83 63 10 4 -34 53 -20 -7 -55 74 84 -57 -68 28 -28 75 -5 39 36 -14 -58 -63 -83 28 53 15 -25 -53 -6 0 -82 -99 -18 -72 -6 -19 -10 -40
94 25 15 44 33 -8 56 -11 84 -22 55 -64 76 -100 -82 54 -96 59 -17 78 -75 -55 14 40 8 -49 22 -93 27 82 71 10 -20 -55 39 -23 42 -35 -2 87 -54 -39 -10 -57 -7 13 -38 -57 -6 -26 22 -100 -69 -56 -63 -67 -21 -50 14 72 62 1 1 -86 93 0 -72 3 55 -81 -49 -31 36 43 40 4 52 60 -77 -22 -53 -84 -37 67 -72 87
89 -57 -73 28 93 71 75 83 50 18 96 -1 -14 97 72 -19 -14 -51 -29 -34 6 -57 69 -46 -72 -64 27 21 -75 10 46 55 -16 -33 -77 38 -44 73 90 71 -28 -39 86 69 -19 -85 44 57 15 42 71 -6 15 -64 12 78 49 -7 65 -86 -12 81 59 7 -58 99 -63 -74 -6 -76 51 22 -42 87 -33 67 74 97 76 88 -98 56 -40 -48 -76 40
-64 90 -98 -42 -1 -53 -40 8 -32 8 -39 69 -25 92 95 57 93 63 49 68 74 -96 88 68 -7 92 16 39 30 -80 -85 -75 50 -45 -80 -99 35 -9 -86 8 -11 -6 51 35 -82 64 75 -15 65 -69 28 -24 17 -51 -24 -70 72 -3 -60 -1 -24 33 70 -87 18 -53 38 -72 14 79 81 7 -6 44 36 -41 78 89 -25 34 -25 -31 -9 51 -30 -38
80 36 44 67 3 -56 32 -44 61 -94 -80 -54 8 77 15 99 22 -50 7 -90 -86 63 7 39 34 54 47 26 -54 29 -50 -74 -22 58 60 -92 44 82 -36 -96 -10 58 -76 71 63 86 88 -39 55 -35 3 90 31 -27 56 83 52 99 25 30 78 78 -27 82 6 -19 23 67 -89 21 -19 -10 -45 -97 -82 19 73 -78 -49 4 -66 29 -16 45 43 -56
50 5 -11 83 -28 -92 50 -98 -41 29 90 35 -42 -34 36 97 -46 45 -52 91 77 -42 -7 -47 -75 -46 35 -68 28 -78 -84 63 -51 52 -66 61 9 69 -98 -98 -36 88 -40 -26 73 -34 -76 -81 -3 94 87 -11 -6 63 52 -54 2 -4 -4 -52 8 -1 -100 20 17 -7 39 9 -96 -8 -77 -92 -85 -94 0 92 0 -30 -74 53 -44 -47 86 77 -83 -82
28 -33 78 -31 19 68 11 -68 82 -66 -82 -13 14 46 49 62 -24 -47 -27 20 -8 7 -45 18 74 37 -48 -43 56 19 46 -20 -96 47 81 74 -32 -5 -49 -46 -1 -43 -44 19 -67 14 20 -58 38 -98 -94 -42 -22 46 -95 32 41 37 -31 -30 -98 95 69 -87 49 50 -54 -34 -71 51 -46 33 98 -95 -30 96 -37 32 81 65 59 17 82 -65 -2 88
-93 98 -54 23 -33 -86 87 33 25 -44 -98 -96 -22 -42 24 -61 69 80 3 -38 1 19 -63 4 15 -25 9 -4 -60 95 82 63 -95 16 21 57 -62 -69 -61 -23 -61 22 -81 -94 17 -79 -68 -21 0 79 18 -55 -71 -60 -91 -54 -9 87 63 30 90 -96 -8 10 59 91 75 -91 -55 21 -86 87 27 62 -100 -18 39 -16 94 2 35 -40 -8 -68 2 42
34 -5 33 57 -90 47 74 -49 -17 25 -47 2 27 -62 -11 -55 61 3 -15 5 -10 -43 92 -69 13 -6 13 -48 -84 -28 3 -74 -43 -3 -51 -49 -51 6 -91 -81 72 -20 -14 71 -91 -56 -26 -18 91 85 69 19 -92 -9 -9 -63 -15 -45 -32 -70 94 9 -42 55 56 -47 2 70 92 -35 -21 -58 -63 67 15 23 65 87 -28 -59 44 6 -18 -57 -10 -91
90 2 -62 -37 10 -92 -89 -76 -79 46 34 -88 42 97 28 -85 -28 84 85 22 81 92 16 -74 -41 -82 -79 20 -50 -39 -51 -35 43 -80 25 -85 -92 -26 -42 91 53 74 -13 -32 35 -18 -77 -24 79 -70 17 37 77 -10 -71 -9 14 -32 -47 65 19 -37 -96 49 -21 1 61 27 -50 25 -93 -80 -14 -60 12 35 6 -83 92 -28 94 24 95 -87 -82 -3
-19 -94 -14 68 60 -5 86 10 -73 47 89 -83 23 -77 -25 29 -89 -15 88 68 60 39 59 71 -76 23 79 -35 78 -32 -61 -33 -5 93 27 -47 -69 12 -98 9 -37 81 -89 -67 -51 84 81 -39 -71 96 -74 -63 -85 -42 25 52 21 -86 -29 -54 -18 -93 59 -65 3 -55 -7 16 77 66 -59 -99 35 -98 75 0 -95 -68 -22 -58 33 -44 77 51 90 -50
-14 -93 62 -37 -31 78 -8 -21 -81 3 53 -50 -92 8 -94 -73 57 -23 79 62 54 -73 -45 45 67 27 -56 5 -50 76 88 25 -60 92 7 -45 51 -62 -21 -18 79 84 34 29 67 -30 91 74 -69 91 -88 -24 -8 18 17 45 36 17 -11 -21 22 -7 -91 6 -24 -63 25 -93 23 -83 15 -34 51 -39 -87 68 -64 -34 -73 75 91 11 20 94 97 96
77 6 -43 15 -24 -51 -88 -51 17 -35 -66 80 -69 65 -34 40 -3 -38 3 -6 -94 -12 -87 83 6 74 57 -22 14 -1 -15 42 -17 -18 21 70 57 -51 -93 -58 -99 -10 -58 -39 -19 46 96 -85 20 81 86 -47 -98 6 71 -30 -16 -98 29 40 35 3 71 63 37 79 -90 -98 -71 -85 -42 -36 80 -15 -89 69 -16 27 -35 -91 68 53 -59 75 4 -96
18 26 -90 -95 -2 52 -19 18 12 24 -55 48 22 38 -1 45 -38 32 99 70 11 -5 51 23 61 -18 62 -11 -8 11 92 68 -71 -84 -73 75 -59 -89 -13 -43 64 76 2 -7 -90 47 -76 -28 -89 50 -99 13 -8 5 78 9 -89 -48 40 49 -81 47 -73 -23 86 87 -92 90 -77 17 37 -38 -13 -36 33 98 77 -96 30 -40 -27 -87 86 -34 -73 -96
2 -37 -91 88 13 41 -14 47 12 79 71 84 -84 7 -11 16 92 -22 45 -40 -11 -5 85 26 32 73 -52 77 86 -7 -57 -58 -26 28 85 25 10 -43 -88 -52 27 53 5 -30 -17 34 -90 -9 23 45 -99 -81 54 -68 -92 36 79 40 -61 -80 -74 79 -46 71 -46 44 -25 -87 -71 37 -30 94 68 13 -24 -30 29 28 77 68 15 -28 -4 26 -100 77
-84 -1 -59 -45 -77 7 61 -82 54 -46 -18 51 85 0 57 1 49 36 -96 -66 -89 -36 7 27 -71 -88 -6 29 67 -80 -32 -26 -45 19 -7 12 44 -99 3 -41 -99 -72 75 89 22 87 83 57 26 31 86 -40 -28 87 -4 -48 -37 -38 2 26 55 34 -79 87 65 -25 -77 -31 -18 48 33 -69 29 -31 64 62 -39 -98 -19 -43 -64 14 -57 99 93 4
68 76 59 -70 -41 -71 75 55 -80 -40 -96 -13 -68 20 -79 24 -82 -56 31 92 54 42 -17 60 -39 38 26 -78 -22 -41 -93 98 -40 14 -79 42 23 12 -58 96 19 -46 14 49 98 19 -20 -42 26 -8 50 57 -36 29 8 -31 -73 82 -33 -29 -25 -51 54 -86 -65 -99 68 88 4 74 39 93 68 11 61 -42 -88 -8 -15 -94 -82 18 -80 -38 58 -73
52 95 -27 26 16 48 -2 3 -58 -85 -15 -77 -58 4 -11 19 55 5 -53 -11 27 61 -61 58 62 -21 49 46 23 44 -24 -63 74 60 93 -49 85 -87 -48 -70 82 62 95 -89 69 -33 -93 -90 -50 -16 -10 30 49 35 61 73 -28 -54 3 -85 64 -15 39 89 -100 8 7 24 -66 72 -76 -69 -45 35 47 -87 66 -7 -67 -83 -84 72 -97 56 -18 -29
