92 44
-80 -57 34 19 -18 -49 -41 -76 2 -70 -77 -67 88 96 34 85 42 35 -48 0 27 -40 29 14 -2 -68 -63 -36 -14 -14 -20 9 17 36 33 67 -39 72 92 -45 34 -27 90 78
57 -19 96 61 20 78 87 -80 -17 -100 62 -17 71 -39 17 -7 -59 -96 -56 8 -58 30 75 -36 -96 -30 60 7 31 38 69 41 73 38 -44 86 -26 -23 -28 -75 4 86 47 -15
-14 49 49 13 68 77 70 91 -90 4 -98 -2 -4 -43 -48 34 58 -10 -36 8 95 -29 -10 -82 -56 37 -8 -10 58 37 -97 14 15 27 -7 -24 -35 3 -19 11 -77 -49 -60 97
-11 -29 54 -30 98 -68 -48 66 93 -94 69 70 89 65 42 -11 48 -30 -18 -20 22 -97 50 -30 65 7 29 70 99 -65 -12 -50 -29 -30 48 1 -7 9 -8 -66 97 -98 -7 -33
58 45 26 -39 48 -43 93 45 86 94 67 11 -97 -28 63 -83 79 -77 -42 11 -66 2 5 94 -3 -28 52 -2 -84 -3 -78 -49 83 -61 65 -23 0 -43 43 80 -24 56 68 20
89 -33 -78 -47 -9 -37 -93 -31 6 44 -34 96 56 14 -19 73 -10 -72 81 -88 52 9 -82 -25 17 59 32 77 12 -84 -10 75 -3 91 78 -39 -53 8 2 -55 18 -9 26 41
32 71 2 -25 63 -82 52 56 5 -73 -39 26 82 70 -11 75 2 -21 80 -38 -59 62 -4 -100 -53 82 91 89 3 69 -55 8 77 46 19 -48 -17 -16 -50 73 -67 -58 -54 -70
-83 -41 -32 28 -94 -43 98 -41 -65 -8 35 -12 -58 -48 -1 -46 1 -13 76 61 -39 -44 48 84 -67 -3 12 66 -82 -26 -30 87 40 -82 -76 -57 3 33 -19 -52 99 82 -53 -48
-27 27 61 -43 52 83 -31 -24 74 56 82 51 2 22 40 -45 22 -18 8 33 -20 -6 -98 36 95 31 -56 39 -77 -76 53 -33 0 -45 -43 81 -69 -83 2 49 26 -93 -8 -3
14 -54 33 75 -66 -66 -19 32 97 59 -24 44 -68 -80 -53 -54 -3 -99 -8 -69 -1 22 48 -27 88 73 79 56 79 -20 59 66 -39 -54 48 44 -10 -56 -16 -83 23 10 49 -83
-77 -60 63 76 19 86 4 83 -62 -73 69 -85 -63 93 -1 -10 82 84 -55 3 -93 -42 4 29 -51 90 -71 14 62 -65 17 88 92 -30 -93 -27 83 -26 57 15 32 -60 36 -14
-1 44 58 -79 -62 -61 -44 46 51 -27 -19 78 -76 -36 -64 20 -19 9 41 5 -82 -69 -25 76 94 -10 80 -1 -77 -98 -90 98 -70 -20 -88 10 -63 0 76 -28 -69 -57 -45 55
-20 63 70 0 -43 -63 40 69 35 54 -28 27 19 -90 -40 59 33 -100 -7 27 57 -50 -54 -6 53 35 31 54 17 -26 -1 -23 67 26 10 -24 -66 -90 62 22 -39 -28 48 65
4 37 18 68 75 -41 -96 -83 -26 89 -97 -73 15 -51 31 -6 86 63 8 -30 -79 -2 76 -90 -40 9 52 -70 33 -4 -98 62 55 -5 -36 8 -24 -90 -64 -56 15 93 -73 -21
39 -10 92 34 17 -67 79 11 -64 99 69 -8 19 10 -55 -33 43 -57 3 -77 -11 -95 40 -48 58 -6 -5 -84 -19 84 51 36 -75 77 -92 -59 60 62 -70 -36 55 88 -100 48
30 -24 -91 63 -98 5 41 46 54 39 -50 85 55 90 32 -63 -56 -100 74 -100 -40 -61 25 50 -3 18 -53 -98 -27 -66 -7 -35 83 28 73 -8 44 45 -25 -64 -94 -4 20 37
-8 56 7 16 80 -91 84 -46 -46 -88 58 -69 53 98 74 -49 75 76 -52 -1 72 45 -44 -20 83 -96 -83 -7 32 97 -20 -70 45 81 97 55 -68 -64 -62 29 1 3 72 -49
84 -82 -19 -47 97 -69 78 37 94 -4 -90 34 -76 93 84 18 -6 22 14 90 78 39 -83 -9 -51 61 -85 -57 46 -36 10 -26 18 85 38 -38 62 -45 -26 33 -20 8 48 42
-41 -67 -93 73 86 42 -64 -33 -93 -62 99 -71 -84 91 -9 23 25 52 24 64 87 32 -27 84 -52 43 5 -62 68 98 41 76 -36 -81 -70 -8 -59 -51 -76 -8 67 -7 84 67
87 -46 70 85 89 -69 -53 53 58 -18 -24 -26 49 99 50 -64 28 73 -7 56 34 52 -94 37 63 96 50 -60 15 -35 23 7 -50 4 -47 -79 48 72 -47 37 -100 48 65 -32
-18 36 -99 12 38 -66 64 86 -45 -92 2 2 -77 59 -24 -91 -41 -18 -52 -52 35 -18 31 43 92 -12 -68 -24 -11 -67 55 50 -53 38 62 -20 7 1 15 -82 29 -66 26 -51
-37 -99 0 74 -37 50 68 -79 -28 27 -39 11 -98 -34 84 -34 69 -34 -13 -45 -64 96 14 -47 -46 89 29 -16 -55 -77 67 72 61 15 41 27 -93 84 70 -8 26 -7 -43 33
78 -1 -16 32 84 99 28 -67 21 11 84 -21 62 -1 -77 36 78 -30 92 -70 98 -88 84 8 -42 2 18 56 -99 32 -67 -66 -29 55 56 -36 17 -93 -22 -49 65 -10 9 -61
50 -6 -65 -61 -74 -21 45 -53 -6 33 8 9 -58 -35 57 73 37 81 -71 -48 87 -91 -68 -44 -11 23 29 -78 -51 -86 35 7 80 59 -61 -61 -97 32 -18 -53 69 -31 85 -66
97 -60 73 -93 10 -60 -56 -55 -48 9 -75 62 25 38 -66 44 41 71 60 97 -90 1 -33 -99 11 79 72 18 -54 -22 83 39 -16 -96 69 14 99 -72 74 15 -89 45 58 -28
-22 33 76 94 -3 -12 -44 15 4 -11 41 -30 72 80 58 48 -14 97 -69 29 18 -96 -14 90 -14 -10 -57 -85 28 46 -69 -28 83 79 64 -32 -79 -63 -31 -61 -68 -89 -13 73
94 36 -99 -75 -10 96 20 86 1 -35 -86 23 -43 93 72 -50 23 -81 -7 -16 35 73 -64 11 76 -72 -3 -61 61 -18 85 -79 39 -45 32 -31 51 -1 70 -53 83 -18 -12 37
-67 -66 3 -97 0 -27 99 -41 -63 -33 94 -19 7 -58 79 25 -34 -62 13 -28 -79 84 99 -35 -20 21 -6 29 41 28 -16 -44 -95 -8 -85 -59 14 27 -47 80 94 -96 -70 -80
50 -26 0 -100 24 44 45 -63 -26 80 62 95 -88 67 -33 98 35 47 63 -67 3 44 -91 -54 -54 7 35 -67 -86 52 34 50 -43 54 55 36 -53 52 12 -65 52 38 -78 -24
-42 0 93 4 9 -10 56 86 57 -46 51 -83 -76 -87 -30 -67 -59 68 24 -19 -32 54 84 33 -81 -62 -21 8 -4 63 94 25 63 -27 69 41 -69 -14 12 -95 36 9 -100 -98
-100 19 61 -72 22 -96 12 31 42 55 8 -37 91 -100 1 -21 -35 -70 2 -80 11 98 22 91 -80 34 -79 -28 76 89 9 61 -23 -62 -75 30 -89 96 4 -94 -75 -55 -79 58
-48 -99 62 16 41 -40 87 -57 -78 -58 72 49 49 7 -47 73 -15 -68 -39 74 13 -72 -79 87 -74 74 2 61 -17 83 2 -82 31 19 42 39 -10 -23 -4 -28 -84 98 36 27
-90 -80 -13 86 -93 95 -100 69 14 -51 -15 75 -76 -39 37 -72 1 37 0 -57 86 94 -50 -16 -3 -20 -79 -15 -48 13 24 49 47 30 -48 -35 -79 -99 -70 54 -19 73 -67 75
65 67 -34 59 19 -47 -51 29 -51 24 -79 36 -98 -23 -97 -43 -9 -72 -57 91 28 65 15 53 12 20 52 21 26 -93 62 93 -19 -40 76 22 60 76 24 9 -10 -74 20 57
33 -87 -44 0 33 74 -10 -87 36 -72 -8 -34 -68 52 -7 -53 21 -29 -93 -30 -65 33 47 97 37 1 -87 41 79 -85 37 0 -34 -20 43 -15 46 -28 63 19 -23 -36 12 -89
-63 22 -22 -82 85 -78 -12 51 0 -98 87 -84 -17 22 81 -10 -6 -44 94 -39 68 -30 -31 -46 -34 -35 17 33 41 -44 10 -62 -45 10 21 7 -69 -40 66 38 80 -26 69 -73
80 11 7 49 -59 76 7 21 -44 17 -48 -86 -31 -74 37 59 -27 65 -30 54 -55 -49 -28 71 -16 -76 -52 -27 -49 82 24 26 64 81 11 8 -31 57 -17 74 38 36 87 1
-2 79 1 17 36 -14 20 -100 76 -90 -65 76 -6 95 50 -42 -75 -54 -55 -11 97 -16 94 29 29 -61 93 98 -30 41 -17 88 -34 -25 -81 12 -16 64 65 -14 -52 -98 -20 -88
-71 -8 37 -69 -14 76 86 -55 -46 15 -33 -1 43 -45 -60 -12 32 88 -10 -59 57 87 -41 58 -17 74 56 49 1 72 37 10 -57 -24 -52 59 -83 -21 65 68 98 39 86 -91
97 57 49 -49 -81 -53 38 97 -41 14 15 -76 -6 41 89 97 43 19 97 -79 10 -82 71 45 39 13 -6 -48 -54 -1 20 81 88 92 -90 13 17 -49 -97 -44 95 77 17 -5
25 -75 37 66 17 -64 81 79 91 59 -65 -45 -88 -37 -25 35 2 -24 79 2 -56 29 -61 -19 -4 -81 -96 -81 -77 91 -83 -66 -28 29 51 29 -59 -65 36 99 34 -17 83 -12
64 36 -54 -57 -79 -6 58 24 65 27 -18 -89 80 32 -95 48 41 25 -7 -12 19 -38 -4 -48 29 55 -62 -91 39 -87 67 8 -10 65 35 -22 49 -52 -78 67 -14 -97 -87 -93
47 -11 82 -55 -54 7 -9 87 -99 -93 -90 5 -30 -39 92 -11 -6 81 -81 47 28 -95 96 30 -56 -58 -47 -85 -51 0 99 57 -8 -12 -44 -32 -58 20 -18 78 75 89 -85 -14
-44 68 -72 3 -30 25 16 33 -88 37 51 34 -41 -79 -58 -16 -8 -17 37 -71 66 -27 -74 -17 68 41 -1 -48 -83 -29 43 97 -22 57 9 -41 -40 -10 13 94 83 -36 -21 -58
94 37 26 -78 -4 -60 -51 11 38 -7 -32 -83 -2 -99 1 87 -13 -6 -36 -31 70 95 20 17 -20 -69 -25 -41 85 15 -79 -78 -27 81 19 -54 9 -50 -75 -33 -68 -96 -30 -71
-22 24 76 10 69 70 -96 66 94 7 -85 -47 94 -26 44 18 -35 -58 12 -42 36 86 -85 -34 14 -82 77 -51 -44 -95 -67 45 89 92 -23 -7 -70 -82 -74 -85 -77 40 37 -8
54 -49 46 32 -27 -80 52 -86 -22 27 50 63 37 -29 -20 -10 5 -35 -32 56 83 7 46 28 60 67 39 -18 -3 3 90 -28 99 7 -19 90 27 -18 97 6 80 -15 -26 -18
-68 62 -62 -32 97 -69 -36 -14 47 65 -74 -13 97 -84 34 90 -45 -8 -21 -50 23 -10 -9 -18 -16 -49 4 -70 46 80 81 65 60 -2 -17 -52 -2 20 56 -77 39 51 -18 -9
-94 74 7 -97 47 94 63 63 -32 -45 -98 -2 36 76 52 -2 60 -25 43 90 21 12 -92 75 -35 96 -12 -77 -15 77 -56 -58 30 92 70 -91 -81 54 -98 29 -65 -1 82 56
79 -4 -46 -93 66 6 42 95 78 96 0 43 38 54 -48 -94 -82 -26 -29 -39 7 91 48 36 92 -25 -87 -46 -92 -7 41 46 -56 -96 12 -1 87 -17 40 58 73 -71 75 -2
-87 38 -51 -8 70 -65 47 17 -45 -98 -28 5 86 82 -25 21 -10 82 5 -81 -31 55 28 99 -92 23 13 50 76 15 14 -37 37 97 26 -34 -23 7 53 92 83 62 -45 6
61 -42 32 29 -26 -15 45 90 56 58 -38 -16 25 -15 7 -26 64 20 -48 -55 11 -81 8 10 15 95 -36 20 15 51 -13 -8 -56 44 21 -4 5 -73 -94 81 46 49 36 44
62 67 88 -96 85 -43 57 -62 -45 -1 -3 -91 23 62 84 15 -33 -12 70 84 32 -60 69 -15 -23 -92 -53 3 -13 51 36 -15 -77 -59 95 7 -13 -91 57 13 45 10 75 -88
50 29 -90 -25 -29 -70 84 -32 30 -35 40 44 42 -65 -96 40 22 81 -94 62 -33 -80 -51 -13 89 -94 -55 58 73 -72 2 -71 -56 -60 -31 -53 -22 12 19 62 -97 0 -50 69
-30 25 -6 -96 73 42 20 -22 -92 60 -23 44 81 -28 -64 9 -82 -97 80 -54 57 -70 -51 90 61 75 45 -84 62 -20 -80 -28 -81 -71 7 75 58 -33 12 55 -56 -48 91 10
-79 -76 79 -78 -50 -38 -41 -31 13 55 -70 86 -52 -34 -22 -20 18 34 -11 -87 -69 -88 17 65 34 -24 81 60 28 -100 -93 86 -62 2 13 29 -49 39 -1 80 35 -99 -7 -42
-17 -58 40 69 82 -23 -2 68 68 -91 40 19 -71 12 -84 -87 32 -86 -6 -66 -68 -99 74 82 98 71 70 54 20 -95 42 50 -2 99 -63 62 39 -46 -87 29 -85 65 35 -57
38 11 -28 78 -21 7 -9 19 -66 -27 94 -86 47 41 -42 67 64 -34 43 -14 -24 -28 84 73 9 28 -71 5 71 -69 74 14 -37 -2 -39 -29 -50 6 -46 37 -14 -68 -70 -93
77 -98 22 -41 71 -62 -42 6 -41 -94 74 -19 80 56 35 50 -38 -36 -59 73 70 93 59 24 10 -27 -52 -51 94 -88 37 -42 -10 -83 -97 -94 -23 -67 10 -2 1 84 -22 -70
-20 86 49 37 -6 -36 -67 -74 -64 -1 -29 -83 -59 12 84 -87 3 -63 95 -84 -32 55 -16 44 -11 -48 -17 34 -17 67 12 -72 36 -11 82 23 96 2 89 79 1 -51 -72 -54
15 -28 18 91 25 24 17 -61 84 91 -39 -19 53 -77 -42 3 0 -82 -96 -81 82 -42 -90 -26 84 -73 25 2 -23 30 59 56 58 37 15 74 79 -52 -62 -91 -70 -22 74 85
47 29 -58 71 38 46 95 -57 20 -88 -98 12 -74 58 6 65 79 -77 -86 -27 45 -34 -46 -83 87 70 58 16 49 -28 76 92 -76 -90 -64 -9 -1 -70 32 72 -14 28 -15 -65
-91 -76 39 -29 61 -4 15 -93 39 96 59 46 -65 -18 -62 38 75 -96 30 -94 67 0 -62 -36 -92 91 -52 -85 -74 -95 87 97 75 61 -92 -81 9 -24 -30 16 25 98 -37 -52
-80 27 -31 -66 -10 15 -23 -9 70 -15 -26 -28 -59 25 -55 -26 15 -64 -8 -71 -82 44 13 -89 -84 79 -15 -26 -61 -43 -55 -25 2 -26 31 8 99 -16 3 84 -77 -87 -4 -87
-6 99 -55 -14 68 1 -83 79 -17 -79 -5 -54 -90 51 94 -29 4 -40 -3 -17 -51 -18 4 83 58 -4 6 79 91 -47 -14 1 19 58 44 88 -98 3 69 43 -26 85 -59 88
86 -15 -40 -55 -2 4 -81 -44 97 -28 97 33 11 -86 -70 -22 38 32 -14 -98 15 -83 80 46 -59 -25 -79 -99 74 -32 -84 1 -18 76 40 -49 47 -39 -72 78 -83 16 -90 9
-11 -61 -75 -93 -100 -96 35 23 7 -99 -57 62 73 -100 -64 -51 61 73 95 -19 -68 65 85 -44 -64 -26 79 -35 -14 -55 -95 83 42 79 -39 -36 -83 -26 -34 -4 3 41 -71 -97
25 91 10 -69 -43 -87 -34 -44 -23 27 -57 82 33 28 45 33 48 15 -60 40 -96 -83 13 -92 96 44 -62 61 67 42 12 96 95 -53 63 39 11 7 97 87 29 88 87 96
26 50 -96 -70 -81 -93 -98 46 0 77 2 66 -49 2 39 -54 -89 -48 -86 43 81 61 80 81 87 -84 97 -68 31 32 20 46 59 -95 18 -64 -18 -75 -97 -50 -95 89 95 32
-40 64 21 -77 6 90 34 39 56 48 -28 49 72 -24 21 84 -95 5 6 -100 -77 32 -77 -36 63 28 88 -48 -51 -10 36 29 43 -68 29 -16 -94 49 -19 12 -76 -50 44 -16
72 26 37 -32 65 4 5 -30 3 16 -30 -44 48 -31 24 -67 -54 95 50 81 -78 -63 -98 33 -15 -4 10 -78 60 60 30 4 77 82 58 38 -64 -81 -62 56 99 41 -17 26
34 -76 79 -77 66 -14 -65 44 20 61 9 -74 -28 76 -47 97 -86 68 28 -49 -32 33 -29 -16 78 -34 52 -65 99 -62 -30 -20 85 91 78 68 -37 -41 38 38 64 -16 77 -1
-54 -32 -78 -7 -36 86 94 -57 9 79 80 60 51 17 91 69 43 43 -20 28 33 -39 -92 -74 45 79 -84 -81 -81 -28 66 -27 -91 97 -26 -62 -37 -87 -54 -50 -48 20 -70 20
22 -33 -40 67 90 -2 -93 -23 -83 -52 -47 11 42 -78 -29 39 17 14 -8 14 -85 -74 -60 52 -65 46 98 -46 -99 -98 -88 15 -7 0 26 58 57 88 26 98 42 -11 -42 -87
1 -65 82 -17 30 -39 40 -93 69 -72 -99 -40 -96 -35 -74 -75 79 80 -6 28 2 29 50 80 -24 -28 86 33 -80 -85 -38 42 -79 -26 41 -67 29 82 81 85 67 79 79 -52
29 45 -36 78 31 8 -7 13 -78 54 86 -73 -1 47 -15 -51 63 -57 29 21 91 -31 -47 74 -40 76 19 -6 21 98 76 -31 -88 -82 46 77 -11 22 -36 17 32 66 -80 69
-98 52 -38 -50 87 -16 24 -46 -49 -42 -71 55 -35 29 87 36 -37 -22 -60 -56 -49 -63 -5 -30 -31 -37 -21 88 14 -86 31 -36 -92 -31 -30 4 -56 71 -30 65 28 -51 -71 -46
-3 -83 44 -14 -20 54 93 23 51 -82 68 85 -94 79 -82 -94 18 37 92 -53 -69 -18 72 15 57 -37 83 90 36 95 26 21 40 -91 -22 76 -55 -1 73 24 51 28 -88 -98
-6 57 -90 -17 -34 -68 38 -95 -63 -11 44 79 51 -91 -21 -51 -27 -45 67 -1 -19 -35 -31 -87 82 60 -72 -71 65 -4 71 -19 7 -6 58 -1 -88 86 -3 40 79 -45 70 -4
-10 13 -37 10 -72 -38 12 -1 -18 -68 98 -5 39 94 80 52 -29 37 17 -70 74 57 -21 -69 -16 44 98 71 93 91 -81 -2 -30 -94 -94 57 -27 -44 -34 -1 -31 51 68 -39
-88 -3 35 -24 -13 96 -17 77 -21 -73 31 -79 80 -58 -76 -2 -94 -54 30 -18 95 -59 72 90 -68 16 80 -26 -25 -15 80 3 20 -96 -24 45 31 37 32 94 90 20 56 10
-1 -29 -77 -99 63 11 91 42 -68 61 -82 -74 53 31 -54 -68 -32 23 29 -39 69 -72 -72 -61 -41 83 84 6 30 -41 -98 7 76 -52 -97 12 29 -84 -97 -93 -6 -29 67 59
-33 96 -28 -87 84 -91 -29 -77 49 84 -70 34 -67 -86 92 51 9 -55 -1 -50 -16 80 -63 -20 -46 -35 9 -30 -79 94 32 -61 59 -52 -57 -11 98 -54 90 -70 -95 -67 30 74
80 67 -65 -17 -15 17 53 -87 67 64 56 -69 -26 39 97 -42 97 79 -45 92 -31 -37 -14 32 -13 -74 67 -68 -100 -94 -76 67 -1 6 85 -96 -89 87 48 -2 37 -45 52 -22
51 58 -32 94 -62 -98 78 64 -47 -44 -90 -54 -33 34 -59 66 -12 76 -83 21 59 -86 47 -64 50 45 14 -57 -59 34 -50 81 -40 45 -35 4 -37 58 97 -51 91 87 66 67
86 78 16 85 -65 58 -40 -56 -100 -32 -84 77 28 -15 -7 51 -36 68 29 -15 -4 -63 -88 -25 -2 3 74 21 46 54 -50 -37 64 -79 21 -13 -66 5 -18 -28 -39 -32 -84 81
51 -93 -64 -47 -69 18 -31 -56 -88 -27 -22 30 33 82 -69 7 36 94 -30 35 93 52 83 -42 -39 13 21 -22 -44 -63 -64 11 -88 -12 -92 -13 96 36 75 -32 44 -62 74 -77
-99 31 51 -22 99 89 47 81 -4 -81 -14 60 -88 49 32 32 -69 91 23 83 59 -20 -84 16 -45 -71 82 79 79 -49 24 -59 65 -22 -85 -8 92 -41 44 -66 38 57 -53 -57
-61 26 -92 -97 71 -33 17 -7 92 -30 48 -96 -26 -70 -82 -17 -69 45 -36 68 63 -31 -38 88 -10 32 -63 27 19 -6 -91 -67 41 23 27 -40 64 -3 -42 20 67 -42 -64 83
-81 -74 40 -33 -42 -44 -25 56 -99 -49 -8 50 59 -61 15 86 -61 -53 40 80 75 -31 -28 2 -66 -36 -89 63 -81 82 -11 49 -40 -34 -65 -65 -87 -5 48 -47 20 18 -99 -50
81 -8 -91 41 6 60 77 7 -15 -9 -25 28 41 -51 -29 95 -87 -13 94 -37 39 -46 -21 -97 -4 -53 -48 -57 -68 -38 50 -28 25 40 -5 -45 91 -36 43 -6 99 -70 44 -96
48 15 91 -91 25 28 52 -49 -4 17 -83 -26 63 3 70 -93 53 -39 -10 85 -85 -93 -38 19 11 -84 -38 65 65 98 68 93 -12 91 22 17 23 -69 6 -26 49 -29 83 -2
