31 63
-77 -33 52 34 -97 95 56 -23 59 -90 -37 18 28 18 -50 -89 59 -67 25 -92 -61 59 -72 12 56 44 97 -24 -26 36 5 60 72 -71 -2 -76 27 -43 24 -16 34 76 10 -44 -61 48 -89 -85 -71 -13 88 -11 52 4 -36 -98 -10 -97 91 -47 -17 -82 39
53 99 -4 -52 -2 2 52 90 71 0 61 -15 47 38 -7 -52 -62 65 62 -88 66 42 52 -81 -43 62 48 -56 -96 55 -64 -46 -68 -22 64 -87 88 -6 -19 -25 -25 13 56 7 -4 45 -50 6 43 -6 -67 18 2 14 -87 16 32 98 -64 -95 -92 -65 -22
77 1 55 -3 -77 -48 12 -32 70 7 -39 23 52 -39 33 -2 -68 -57 -28 -47 -50 53 89 20 -80 95 16 -2 45 77 -81 52 80 13 -64 27 -62 80 -79 85 -55 -8 -36 -8 -47 -63 -48 -93 -49 92 -72 -61 11 -28 -30 -43 -66 27 -30 -100 -75 -84 -16
85 -27 95 63 25 -97 -80 96 28 69 -72 -57 -4 70 41 3 27 -10 60 -20 -88 26 38 -96 -5 35 50 79 -24 1 56 88 22 -95 -81 -93 33 58 -50 -40 12 28 66 80 -29 82 -13 -93 -65 -78 23 -15 99 -53 27 -3 -41 -90 -65 95 -69 80 -7
40 -33 -65 37 -92 25 -70 76 59 70 78 -5 -72 92 30 -18 -42 23 27 -60 -1 27 45 75 -40 -6 -16 -73 65 5 -70 -16 65 -64 28 -22 2 82 40 98 48 -78 -54 53 -97 -32 42 98 -90 3 88 43 -57 -41 -80 47 -39 -38 57 -12 -25 46 -23
12 2 -95 91 -83 -76 51 -37 78 -1 -88 -63 -81 54 -88 5 0 89 43 66 -52 -1 32 93 -65 -89 79 -96 85 72 -34 2 21 -62 65 2 71 -20 22 -100 -94 -32 64 -6 -47 27 -94 63 46 -23 62 -8 -88 89 -50 44 -7 -92 -13 38 35 68 -52
-88 20 -21 -70 81 39 1 49 42 -99 91 25 70 60 -64 -66 17 -41 37 -35 43 70 27 -15 76 71 31 4 -86 -3 11 81 -64 -56 44 98 26 93 -44 -11 38 8 88 29 -11 87 60 22 27 -48 77 -88 66 70 -1 16 -18 -56 73 76 29 -93 78
-11 29 -79 69 -46 2 89 -93 74 -72 1 95 -38 86 -38 -26 -8 -92 -29 25 15 -50 -96 -84 -11 81 53 -24 65 -82 -83 -53 32 -99 -56 70 -62 20 -76 55 0 7 50 -72 -71 98 -11 -8 -26 -67 55 57 -94 -9 77 -38 54 46 28 -67 20 -74 20
59 -94 88 -69 15 41 61 -59 -72 -65 28 -45 -13 58 8 -79 -79 -34 -35 37 -3 -32 92 37 80 -36 45 -33 -16 44 68 87 -42 10 16 -67 -80 9 -16 61 23 86 70 3 89 60 -31 -18 -31 -31 61 44 85 43 30 -58 -16 -25 -67 -42 -47 59 73
70 -83 -86 34 -13 49 72 19 -86 66 -42 -66 18 96 1 76 -54 -56 86 -4 68 9 -15 -44 34 17 46 -10 -81 -87 7 37 98 -90 -8 49 -65 -86 15 70 14 19 31 -21 80 89 -1 34 31 -18 95 75 -43 9 -93 63 -8 91 43 -78 28 -18 17
-33 42 -93 85 26 40 -21 -58 50 49 8 17 22 -34 -3 -73 82 -100 91 -30 58 -72 69 72 14 -87 78 60 54 61 34 -63 -24 54 -54 72 -80 62 -44 44 79 17 -77 36 -65 -85 98 41 -59 58 7 -8 -40 52 30 66 -14 99 -46 2 -59 -16 83
-65 -49 -1 -67 3 9 58 38 67 -52 64 -78 71 -51 23 18 -12 35 -9 98 -55 -10 65 -62 -9 90 72 -40 -27 -44 63 35 98 -11 -52 67 60 -3 75 -33 -63 -38 13 95 -84 -80 -45 -100 98 27 -3 68 -51 11 32 -38 72 15 -8 -34 -51 70 90
-95 36 89 -11 -84 68 77 25 -31 7 24 65 97 -71 26 -3 -33 -79 -10 84 -50 27 48 -56 87 85 89 66 45 41 -63 47 93 75 28 19 15 51 33 -19 18 -19 -81 67 48 39 -32 -64 29 -70 3 3 -90 -59 44 -79 -25 -74 47 78 -66 -69 -27
-48 -90 -72 -10 44 62 -63 40 -90 36 -22 -98 -93 68 14 -91 -87 -27 13 -45 -14 13 17 72 12 76 -21 98 92 -1 1 -85 -52 -42 -69 -2 -45 56 22 -69 -60 61 80 70 90 -59 21 63 -62 71 50 5 41 -76 88 -76 24 -83 11 -39 -51 -22 -92
27 -28 -52 67 85 -19 93 41 -7 64 15 77 -73 94 19 -67 -26 -22 11 0 -46 25 -63 58 -81 -35 -54 15 -75 -32 37 -61 -4 55 8 -86 -14 -68 69 -69 75 65 1 90 16 -86 -82 95 -29 -38 -71 -15 -86 0 -82 -2 66 -36 -46 63 21 13 42
-8 31 -43 82 62 -50 63 -87 -100 -88 55 -29 -49 90 -85 54 49 46 49 9 3 -36 81 26 -50 28 84 87 19 -78 61 24 -39 67 -66 -37 -8 -40 6 -49 -76 33 -21 93 -84 -92 -85 75 11 -90 -9 19 79 -72 17 53 -40 -34 13 -64 99 -92 30
14 16 -71 -29 -7 -64 -87 -94 -24 83 -42 3 15 -71 -65 73 62 -1 67 68 -56 -44 72 -22 -74 -59 23 -33 -91 -98 98 -45 -58 -45 33 43 29 14 9 50 -52 -40 62 26 -95 -19 -54 93 -43 35 79 57 46 -4 97 75 71 13 40 59 30 86 53
9 -65 -46 18 -74 -89 97 55 7 -44 -91 10 -59 75 89 22 24 41 -55 64 93 -26 13 86 -3 -25 96 -56 -72 3 89 -60 50 89 23 -19 85 96 10 67 87 -10 -48 -7 -66 -75 -11 83 -7 91 87 30 -24 -7 -55 -12 -89 30 13 -80 -57 -83 8
-32 -91 -4 72 -23 -17 86 33 -98 -84 -60 -55 92 20 31 33 -8 72 81 -75 10 -69 45 78 -2 97 -44 62 80 -2 10 -78 -48 -69 16 87 -18 44 35 30 56 -74 -76 -78 -54 -89 58 29 85 78 53 29 27 -19 28 -12 50 11 73 -31 55 -81 99
33 -83 -62 37 50 -66 21 13 -79 0 -37 64 -54 84 -56 -20 -96 -61 -62 -50 -66 -70 -26 -84 69 17 22 -98 -97 70 58 -79 27 -42 -35 19 50 -41 -39 70 42 -89 21 47 -48 57 -82 -10 -29 -62 60 -93 47 23 55 -97 -96 -86 -55 -7 -33 -60 93
90 -87 -52 89 83 46 -63 -64 -59 16 77 99 -79 45 -22 -39 65 -34 74 61 -34 -23 1 95 -36 92 -3 69 -69 67 -94 2 -24 -85 31 -32 -85 -32 45 19 42 -44 89 46 69 33 79 98 59 73 -23 3 30 -60 49 30 -13 -14 -4 96 -67 81 -73
89 25 81 -42 -31 4 -90 -86 73 68 94 11 53 77 60 -81 -24 14 -100 -46 -39 67 16 46 20 -52 -70 -52 44 77 -46 92 48 -97 11 58 -60 -65 9 34 58 69 -90 -12 -8 24 -90 -53 43 -15 6 19 20 -51 -76 25 -78 -2 -53 64 -63 -52 -66
-55 9 -80 56 -6 -62 26 -31 -54 -74 -60 44 -68 -25 -42 62 2 -28 75 -63 -76 -90 -60 90 10 55 11 87 94 45 91 -91 53 92 -26 89 -89 66 95 30 -76 62 -7 -17 98 -69 23 -59 13 98 6 91 -1 -26 8 -32 16 -68 -93 -52 30 18 -15
-33 40 79 8 38 -80 -28 -43 -64 -72 9 -44 72 -17 -37 68 35 36 -83 -23 21 9 -3 -15 23 -53 -40 84 83 73 16 -27 99 60 -20 -18 79 78 -87 59 -66 -58 -96 38 7 -78 88 -69 72 14 21 -92 -1 -100 -23 -96 86 4 75 -73 -68 63 -91
1 66 -18 2 -96 12 49 -72 51 73 -27 82 -3 -28 60 65 93 -84 -85 -37 63 -16 -48 -76 91 -41 3 -59 -28 55 47 83 76 37 -95 -54 -34 20 -32 65 44 41 21 71 74 -33 13 -66 26 30 -100 -10 -6 -46 -75 -74 11 -88 -9 -49 -69 -36 -54
-71 6 41 83 3 -24 -23 12 -84 -82 -74 -25 -9 -75 15 -92 79 -61 87 17 79 -35 -61 -86 -19 25 -45 -31 56 37 90 87 24 31 -47 60 -67 54 73 -68 -78 81 56 51 -37 -9 -74 41 29 38 -9 41 -35 -80 60 -9 67 27 -2 -71 8 -64 -14
-25 15 -9 -20 -59 -48 72 53 89 -38 13 -42 -16 98 -42 -6 54 55 29 86 69 48 91 -83 69 72 75 -46 85 80 -10 -44 18 -34 -10 65 -50 -59 -81 -20 -54 -99 -14 65 -97 4 -4 -100 -8 77 14 -84 -44 -80 23 37 68 -70 -73 -26 48 79 77
-40 -65 -83 -68 -79 70 -61 -39 40 -24 42 -24 81 -41 82 23 -21 -22 56 99 65 15 6 42 -2 -21 51 9 12 -88 37 -9 -26 14 21 -47 68 78 50 -49 -65 -6 -31 23 -58 97 -5 -23 -79 -62 -66 19 -84 -18 -15 -10 94 -29 -5 -24 58 -34 -85
-61 -3 56 -59 -11 90 37 3 90 -78 89 -54 -1 24 -52 -97 -95 -68 8 66 6 -42 16 -63 25 -90 51 24 -52 -95 89 -64 48 79 -67 -51 73 10 36 -43 -8 -87 53 78 9 38 -63 -41 6 5 -3 -23 -5 -17 69 -65 -43 -50 36 -44 -20 17 18
-52 24 26 -76 -98 3 -10 -78 0 59 68 -43 -84 -45 66 80 41 -70 -76 88 -19 20 -49 15 10 72 69 13 46 26 26 -56 32 90 -41 -18 63 -19 -76 64 45 -31 -93 10 92 -25 58 80 64 -92 -47 -61 61 -56 61 -13 -6 44 45 79 63 37 67
52 27 -50 -43 3 40 69 45 -10 35 52 61 -5 47 67 -97 33 -7 84 -20 -53 50 63 -53 -60 -56 -72 4 74 86 -35 -18 -83 69 92 -18 -14 -46 -3 57 51 74 -45 91 -31 -68 -31 57 61 30 -46 44 18 59 42 -89 88 43 -77 99 5 75 58
