40 80
84 -15 -21 65 93 -81 74 19 -22 -83 78 -5 -82 -82 -18 -94 5 61 26 22 81 63 -80 -59 11 11 73 61 -49 -25 27 -24 -21 -68 -48 -3 25 13 -1 5 10 -61 -95 -36 54 -59 95 9 -70 -26 99 47 -71 0 -100 -28 -18 8 -67 18 -72 57 88 -76 -97 -26 23 44 -2 74 -93 51 -94 -38 65 -32 98 -90 74 -84
-56 -85 9 13 95 -12 42 -30 52 43 -86 22 -30 -78 66 1 41 79 15 -44 -89 -96 -17 -69 -7 -78 4 -81 67 25 37 -75 -89 11 54 17 -21 -83 -36 79 14 -69 22 -53 84 9 97 87 -96 -56 2 -59 97 86 73 -42 -40 84 -12 51 89 -34 -63 -30 88 -42 81 11 -10 26 -55 -54 -52 -48 -21 -48 15 39 -83 70
93 55 71 -71 -97 12 58 -52 15 -57 96 50 -37 -74 95 -76 -45 77 -46 -38 40 -36 1 -75 61 -22 88 -84 -13 -61 -74 5 63 -65 94 63 47 19 -45 21 61 83 56 22 98 72 -43 90 -89 14 17 32 -48 -78 76 -34 82 -86 36 -96 23 53 -76 -83 -1 61 55 78 -47 -78 -61 97 91 57 -21 -75 -26 52 -91 -18
21 -84 30 91 23 4 -85 94 67 88 -7 68 -4 -67 -57 -98 -27 -93 58 -73 22 81 -79 -97 -48 40 91 71 46 58 -2 46 -100 52 -63 -60 20 -6 -4 37 -9 58 -26 16 -55 44 47 -40 80 -56 -80 82 94 -64 47 0 85 -96 -97 94 -22 -5 -96 -68 -75 56 -38 27 88 53 -72 91 -42 10 -85 3 87 97 68 -77
73 -100 39 -97 16 -64 -44 -12 -47 49 71 -23 -61 79 74 -74 -40 -9 82 -81 11 52 -81 55 -7 -9 64 -57 45 77 -33 30 -1 -96 64 -99 -59 9 -8 99 77 4 35 -41 73 -100 86 -84 28 -55 -17 42 -52 -57 -22 66 80 -55 -83 34 20 -82 6 -78 91 -93 -4 -90 -68 -7 27 5 -96 -40 51 97 -69 -68 51 32
-23 -65 -62 2 -37 -81 -57 -4 58 9 90 -75 -21 30 11 -89 -60 -43 -23 80 -74 -94 -67 -86 35 -34 24 -97 -94 22 -55 1 -24 -24 -28 96 98 -45 -80 21 -8 46 80 56 4 69 -60 77 99 -1 -96 52 -69 -21 -50 -31 30 36 8 9 29 35 -88 54 89 -28 83 36 30 35 -21 21 -62 -47 93 50 12 33 -45 4
40 -96 90 82 98 -83 14 51 72 76 36 62 -59 73 57 -72 99 28 -7 94 82 88 58 76 6 80 -6 -83 -35 68 -58 -21 58 -64 94 50 51 6 93 -88 -30 -42 -3 -97 -46 -78 -46 95 -49 39 69 22 -53 89 92 73 -33 -50 -8 55 31 -35 -73 91 -23 -8 -77 83 23 -24 91 -64 -13 9 89 21 91 -90 76 -38
77 -3 62 -5 -4 -10 81 -35 -85 -32 77 81 81 -43 -3 69 -58 -41 -61 70 86 35 9 -54 -20 -43 -70 -42 -88 12 -41 75 68 55 70 6 3 56 -39 -88 99 -24 -77 -69 -100 -77 40 7 57 -11 13 -21 -49 69 77 72 60 -14 -18 10 -46 76 44 48 4 28 76 71 -16 93 27 74 62 -60 -80 61 -56 55 -24 -95
-54 59 1 2 -93 -24 -71 72 -68 -88 95 -37 25 -98 -39 66 -74 -76 8 -10 -36 24 81 82 37 -9 -26 14 -92 -46 21 -99 -41 -56 -25 -85 81 -68 27 83 -76 -56 -37 -49 76 -37 16 49 -38 15 -86 -86 -25 46 18 -62 -57 -50 -28 -81 96 66 95 97 -93 76 23 -19 74 23 37 -63 19 90 -100 64 -68 -22 7 -11
31 -34 90 53 88 1 -97 -88 -3 -61 50 -39 53 -15 14 70 52 87 -87 18 62 51 53 41 25 76 1 44 89 -21 -32 78 78 -96 -56 -35 48 -88 -74 -91 -66 -99 -41 -94 -69 47 26 68 18 2 -35 -40 60 56 69 5 -88 -32 -94 19 -46 7 -70 -53 70 86 36 -37 -57 11 -48 9 51 13 69 42 89 99 -21 3
87 -28 11 32 -75 28 -20 -29 -3 85 -57 39 39 -84 -44 29 32 -42 -90 47 -37 75 5 -77 -36 10 -37 -53 -8 -99 -78 27 24 46 3 42 88 33 41 -44 67 -20 -80 71 97 5 -24 28 -20 35 55 -31 47 -41 78 69 16 -44 -63 -53 48 -11 -3 -5 -72 62 6 53 54 -18 -18 -56 88 28 -75 -30 56 -17 53 16
-79 -78 45 0 1 32 -7 -35 7 43 -57 91 -97 -84 -83 -68 -52 62 98 -85 -66 -100 -78 22 -76 5 -2 -55 51 -60 -53 -31 -17 53 1 -66 74 4 7 68 -5 -40 -58 -53 16 -95 27 -2 95 -58 -88 26 49 18 53 -16 -40 -57 27 -44 -45 -93 18 -66 56 -77 -4 49 -79 -35 -55 -30 -6 -46 -20 3 -23 -4 -67 25
-1 28 -39 -21 22 16 95 20 -92 -61 -51 19 -81 -3 90 24 17 -76 -52 10 6 51 -42 -65 -60 -30 18 -69 27 6 13 13 52 42 3 46 -10 -82 -64 -5 31 -48 50 -35 32 -72 -45 95 69 41 27 0 35 -28 -67 58 66 78 1 -6 5 -2 -94 65 -33 -32 -16 -78 -7 93 -39 77 90 -34 -69 -85 -74 7 38 99
1 -79 -16 93 -50 -78 56 77 -13 -88 55 -62 32 -92 84 55 -16 -20 95 89 78 -12 56 -30 -36 62 -55 46 -32 7 57 -4 -64 4 18 79 39 36 78 62 -16 32 53 97 -37 57 -14 -75 30 -80 -57 81 -98 60 70 -54 -74 47 -46 -52 -26 -78 37 -54 -24 -6 -85 -33 -41 27 -17 -10 89 28 -12 55 -1 -61 -50 -76
58 -45 -46 19 -72 11 -12 12 39 -7 -24 -99 -7 -49 -37 -52 -79 -76 -30 -43 -90 54 18 37 93 -82 -69 54 11 -3 79 -69 -21 46 -33 -25 93 59 56 -15 24 -35 73 -61 -47 -58 -79 3 60 17 31 65 67 21 1 50 13 14 -95 -11 80 -20 -59 36 58 -16 -98 45 -60 60 -76 -87 25 -46 -73 -20 21 -80 96 15
-95 -70 -6 27 78 8 43 15 88 -46 80 67 -74 -14 -64 93 54 -15 31 -92 54 84 38 -52 41 16 65 66 70 52 73 24 -41 -90 -29 34 97 -56 25 18 47 76 -89 25 76 -42 32 -41 17 97 -94 -2 -37 -51 8 -22 32 32 31 -13 -84 -46 99 -59 -17 -67 -78 95 -47 -36 57 84 -23 -93 -2 47 99 16 93 66
16 -39 63 65 -70 15 48 -38 16 81 -47 55 14 51 -11 80 -40 39 23 74 17 53 -84 5 23 -24 -75 -27 -62 89 -48 -90 -83 -88 -82 86 -5 -48 32 29 62 67 38 -64 -76 13 25 -9 99 29 34 19 -1 -30 -54 44 89 98 59 58 42 88 71 27 40 15 40 -84 40 10 71 43 5 -10 -55 -51 87 91 86 59
-32 30 -4 34 -85 -45 -44 3 -2 57 51 -16 34 -98 -21 -80 -40 28 -93 5 86 52 5 -60 -5 -21 15 -35 -89 74 84 -92 86 -69 -37 6 -42 56 -48 48 -33 93 -70 13 -21 -7 5 -34 -18 74 -48 15 -72 -17 42 56 80 57 1 73 -53 4 -37 97 69 82 -24 -55 -40 -62 7 -44 -29 -89 -23 98 -52 -93 75 -59
-71 30 24 68 36 -14 86 -66 61 -23 -57 -79 -12 -72 99 -44 55 -3 -12 -87 -72 40 -6 -1 -61 -90 88 -57 86 68 15 61 -14 42 -87 66 18 -75 9 16 34 81 -7 5 65 -25 -100 -85 -31 84 37 -9 7 -22 16 25 94 51 39 -29 49 -62 15 -26 -7 -19 69 33 59 40 83 -84 78 -21 55 -60 19 16 -58 79
-66 77 -59 -53 84 -15 -56 81 -51 52 95 -72 92 31 69 -33 45 79 82 51 -17 -84 76 19 -31 -25 -86 -33 98 3 65 -48 -77 -94 3 36 56 -69 12 -79 72 99 -74 -92 -80 -61 64 98 31 96 -70 -17 -11 16 -44 76 -59 -5 -64 -25 53 64 6 -90 -29 -70 -98 -69 90 -61 -77 31 -42 -96 62 96 -28 92 88 61
-2 25 36 44 -19 -52 92 -87 80 1 -61 -94 -84 8 -29 -72 68 -98 -24 -71 -37 70 77 36 55 -31 -59 -4 97 -28 -4 17 -54 -54 8 75 41 33 -86 88 66 -87 -47 56 -48 50 -71 24 94 69 -96 76 91 -66 -63 32 -60 64 53 64 -81 2 -26 -34 5 -95 -98 -36 87 -66 24 98 36 -23 92 11 9 54 -15 -20
-77 -25 -18 36 65 18 -95 82 13 85 36 75 -35 -49 -59 11 -11 -24 54 54 47 27 -84 7 -83 3 -13 -95 -2 29 -63 85 16 -11 58 67 -18 -13 -91 -12 -6 54 -20 -42 -93 33 81 25 74 94 87 -21 90 33 24 -81 63 31 14 28 48 -74 -13 -38 95 77 60 7 -87 16 11 52 97 -43 52 66 90 -93 11 17
-75 -12 4 -15 23 -49 -62 74 -89 -77 36 -46 55 -23 -67 5 -32 2 -36 50 -61 -39 -60 83 61 41 -28 -3 98 74 -55 97 -2 16 -78 9 31 -43 -76 -57 63 -23 63 -21 90 -41 -23 12 -29 49 98 74 -21 86 56 89 12 -53 -60 7 58 -16 -36 81 -28 -3 42 75 -30 -92 -27 -24 -89 -88 54 -79 1 23 46 49
94 36 -98 -88 26 -96 87 85 -66 10 -60 -94 35 28 -84 -45 -48 -88 -20 -41 -97 35 77 51 -2 -87 81 -21 -27 1 4 50 -12 74 -64 83 15 70 90 -79 -28 62 4 20 36 46 -86 -27 97 3 -64 -11 -97 82 27 -79 -35 90 -96 40 -66 5 -21 -9 91 3 -63 61 -13 16 55 -85 -74 -73 12 -34 -58 -49 -100 -7
-8 -27 -9 -52 -87 42 49 73 -28 86 27 81 19 -12 99 -86 68 24 63 36 -74 23 7 -76 19 62 -36 -88 -23 6 -12 -59 -52 54 7 37 86 -55 30 -35 -62 66 -29 30 69 -83 -44 65 38 0 -84 -79 -49 -22 99 -92 -36 -86 36 10 -68 -53 16 49 30 39 98 -56 -50 -94 58 -77 7 -72 6 -1 99 -63 -90 -74
81 19 -82 -20 63 -15 -46 27 1 60 92 36 80 -73 -38 -81 61 -49 22 13 -96 -86 22 12 13 -73 53 -77 -66 -65 -15 15 31 -30 71 -67 -3 -11 91 80 25 -30 -59 -83 -4 -95 32 86 -78 70 -75 36 -44 -29 72 0 -23 -17 -87 -77 38 47 5 21 -18 -4 -43 -85 98 -19 -72 5 20 78 -59 -1 97 -79 -100 -11
85 -91 -34 28 -13 92 -39 23 86 -55 -32 40 -54 49 90 -65 -50 9 -54 88 -82 -71 -16 -96 67 80 70 16 -58 -72 69 -59 45 -61 -16 -41 21 -67 73 -48 73 52 52 64 -62 -98 97 55 8 42 21 58 -17 50 75 -14 -2 30 -50 -79 -4 21 11 86 -45 -72 -27 -21 -47 31 25 -67 5 -24 -53 11 -1 37 -24 -93
-76 62 -90 58 -40 -2 -15 -6 4 -54 87 -47 98 72 62 -24 -10 36 36 65 88 1 63 76 0 14 -49 -53 89 -98 -15 -4 49 61 -3 72 23 48 26 -54 -98 -60 -96 74 -71 1 -42 26 -81 56 29 -24 34 35 5 -34 2 93 -58 -10 -25 90 -30 26 31 -9 42 35 85 45 14 56 -5 -14 -96 -6 41 73 -69 30
-34 -29 56 26 46 70 -7 -45 -52 -67 82 -18 98 -32 -83 69 40 5 -75 -27 -31 -17 93 46 84 -82 73 -86 -71 95 -51 42 -54 62 37 13 12 89 77 -38 94 -49 18 -55 -94 16 8 37 1 -58 38 60 4 -67 -57 74 -48 -33 82 18 -70 -12 12 95 -37 -64 -28 26 -99 52 64 -83 23 57 6 -41 86 -5 93 9
69 -21 93 -7 93 -57 -28 -4 -88 -42 -53 -54 83 14 16 84 50 -39 13 -63 -47 96 33 -22 -24 -10 -42 58 -66 8 51 2 50 11 -86 -44 13 78 92 14 68 10 68 -79 -27 -81 58 -53 -41 1 -39 -30 47 -28 26 -54 16 -85 -70 25 -77 71 -38 -64 8 -98 -91 -84 -52 -95 -88 -41 75 3 61 25 23 23 0 18
1 17 62 -59 72 8 50 53 64 -70 -38 99 61 8 -31 35 -64 -92 -65 -37 89 -55 70 -34 86 81 -10 -48 -70 -43 -29 43 -55 -40 -19 -23 -77 76 -87 -61 0 90 -90 -63 67 60 -46 -77 -54 46 62 39 68 -44 8 -92 -60 13 -65 55 -99 33 -36 -4 15 14 -1 -65 -31 -39 -81 75 -9 -21 78 83 -34 42 -44 63
-59 -5 -20 73 -74 -52 28 -71 -66 -2 -40 38 -55 -61 -95 -74 -38 -12 10 -49 -47 -42 -92 -58 29 78 -77 -63 -11 -85 -80 88 18 -37 -9 -55 -57 -95 -28 -27 91 -3 42 92 86 -93 52 16 58 -47 -72 49 92 -92 -16 52 35 26 43 -86 -55 -82 84 -66 -40 -81 81 -41 6 -79 6 55 -76 64 -93 -37 -21 50 -4 20
-32 -59 -25 77 -54 -38 -53 -11 -87 -40 -9 -49 -54 35 89 -63 -88 -42 -16 35 76 38 36 -72 0 81 -100 -23 -39 -8 -8 -72 -20 81 65 -38 10 -16 70 73 30 -58 -64 41 79 -38 -25 9 73 72 -82 12 89 -57 93 81 80 96 78 -81 39 99 -38 -99 -27 28 21 57 -75 14 15 -72 -93 -34 92 -42 40 4 78 -75
-100 -51 82 -13 52 -67 -87 -96 84 11 47 61 62 -83 -39 67 -84 -34 -85 66 2 -59 -17 -23 24 -16 93 -2 -34 48 71 -65 9 -98 -44 72 -83 15 -8 -43 83 28 33 91 -82 5 -59 26 -32 40 -62 -19 -70 28 -57 53 84 10 49 -21 97 -10 -80 21 -97 43 -60 3 -91 77 98 74 46 11 -61 -48 6 -4 54 -87
82 56 28 42 36 51 21 -12 47 22 -6 -29 -16 -97 -5 72 46 -62 10 -36 -44 -49 -41 21 92 14 52 -26 94 73 84 -30 -71 17 72 49 -79 -37 83 -50 98 91 71 -72 20 42 62 80 -8 -43 30 -70 65 78 71 -32 70 -9 -58 -29 -73 92 15 3 -90 -48 6 17 -7 -69 55 11 -19 -86 8 -40 -99 -97 -45 68
50 91 -24 94 -51 49 98 89 52 21 96 -88 25 -43 63 -75 81 -49 -17 -85 3 -37 35 -86 -73 -46 -19 -5 98 95 -95 38 55 28 -24 -32 -41 -39 64 -72 29 -55 -86 -12 11 -51 -59 -48 -47 -99 1 -33 40 -84 14 36 25 99 -51 -85 59 -95 8 20 -35 -79 70 -48 24 -44 97 31 -47 66 -20 73 54 -5 95 99
-1 82 45 -51 -65 -44 -48 -7 90 -34 -45 23 -63 -35 -73 -17 -4 -87 82 -34 -88 29 22 -52 -63 16 -10 61 25 -1 6 -8 10 71 -53 -44 -7 94 -95 -31 27 97 20 6 92 51 -8 -97 53 77 21 81 94 41 29 33 77 51 96 33 -59 10 51 85 -93 -29 -12 38 -43 -81 32 52 -36 70 49 -95 59 20 -38 -13
-32 -21 -27 -77 -78 74 -24 -60 -68 -4 58 93 -78 -45 -28 -93 97 78 30 -39 -84 33 87 33 52 -83 66 16 79 -97 -67 -51 28 -83 12 -30 86 -17 -19 62 -17 -70 -75 -7 63 -62 -85 90 -19 -79 -13 -50 93 -85 94 -94 67 -99 7 51 -65 77 -7 -29 -22 -85 88 87 15 -64 70 94 -67 29 55 -59 -99 -56 86 65
-17 -13 -15 77 25 54 -29 -99 -22 46 24 -55 84 -67 70 70 -47 -77 -61 25 80 45 25 38 47 -66 -39 64 11 68 -41 -62 -18 60 -30 5 -48 -48 39 19 -23 -64 86 51 22 71 85 70 -54 55 -53 58 -9 71 -64 92 77 76 36 76 -55 -18 -59 -85 82 -51 -36 16 89 -77 -86 -4 -25 -44 -25 -54 20 67 28 -5
-28 55 82 72 68 14 18 -71 -2 -16 -82 -57 97 71 -65 5 -19 61 -55 -92 -43 -41 -84 39 13 9 61 52 -10 82 52 -60 8 89 -41 -84 -64 -80 87 -43 -54 -88 -31 -14 -39 -2 79 56 -4 28 -64 -30 -13 -37 -74 -43 -45 -65 54 17 85 83 46 -30 -50 -9 42 -82 -70 -49 -73 -80 -21 46 91 76 -55 35 12 84
