57 86
10 -52 47 94 31 -49 -1 -12 43 97 14 -40 86 21 -80 -21 30 -44 74 -14 34 78 97 -58 -57 -38 70 -34 40 76 -23 84 -12 -81 -61 -34 -93 -84 -40 -58 -88 -7 36 -52 -10 -3 29 97 20 -5 -62 -56 -86 -82 74 25 -71 -68 32 -91 14 -35 30 1 15 -83 -56 -44 73 48 -30 11 34 14 84 24 58 -80 -99 -89 79 -30 38 -87 49 -8
-24 59 35 -50 -72 9 -68 -13 90 -88 61 -98 -59 10 19 -60 -19 5 -1 8 38 -26 68 -20 -88 -54 -16 -26 -58 5 63 -9 67 14 13 -16 15 -69 -45 -18 30 -15 44 -95 58 71 -33 -25 2 -13 -49 30 91 77 98 -71 -66 -21 31 -86 34 -36 -52 57 -28 41 -65 12 -12 -95 83 80 -79 36 69 -66 -65 82 -17 26 40 29 92 8 -54 -52
-67 8 -32 2 68 -4 43 -34 -64 -74 -22 -60 -8 80 23 28 -53 -66 92 1 63 -98 53 53 -39 -12 -72 -77 5 15 19 -67 -75 16 -59 23 -33 -60 72 20 90 -8 -35 -41 98 12 8 -4 -43 -45 -67 -39 -28 97 75 -73 70 86 -7 77 -71 59 -97 -89 -70 10 77 -69 47 -29 73 -68 84 68 -59 -70 -53 9 -56 -62 -49 44 -98 -54 -6 -17
-94 40 -51 95 59 11 -79 59 68 58 76 38 -7 -36 86 89 7 -56 20 -36 -21 -67 28 38 38 12 74 -4 79 69 83 -74 97 -32 72 -80 -90 -66 -75 8 -67 -82 90 35 0 11 10 -3 81 -42 75 -24 -58 97 -91 -52 82 -20 -26 57 6 27 -91 -95 -56 15 -51 -47 -5 28 -59 -31 23 67 6 98 74 -23 36 -24 79 48 -72 -72 -42 -100
13 -77 -27 65 99 35 21 -69 96 -98 -81 -51 93 -23 17 -2 16 -49 -20 -55 -42 10 -16 45 -68 49 98 -52 29 -37 -52 -65 22 58 -42 -78 72 -5 92 -28 -10 -58 -89 10 56 1 81 29 23 65 19 -8 51 -84 25 -18 -15 41 -55 28 -72 17 95 -53 62 -14 93 -55 -18 25 -55 96 -10 56 79 31 -42 88 49 87 19 -31 68 81 28 15
-11 -26 36 23 -60 -9 -86 19 -88 -42 -82 -86 -22 21 -11 36 -98 -74 -57 84 -32 -22 54 -73 -85 21 -86 -12 -64 82 67 -68 -3 20 46 36 12 -99 -21 -15 -99 10 -74 27 94 -98 -11 -3 82 -99 90 -28 -72 52 -62 -67 -2 0 68 92 -26 -100 14 -85 96 0 -3 64 71 -42 83 58 32 93 -90 45 96 -92 -50 3 62 79 87 -27 25 -82
72 -93 -21 -33 35 57 -90 -64 -10 67 94 -55 -47 98 -96 26 26 -65 0 -55 45 31 89 -41 40 -97 49 -69 78 50 3 6 57 -55 -31 -47 -51 34 -79 92 -21 85 63 -31 4 34 -60 -63 71 39 30 21 29 89 -16 39 -38 -95 11 -23 -42 1 12 -18 93 62 -64 -96 -68 80 -74 2 -59 56 68 -1 20 -86 -75 51 59 83 73 57 -92 -68
-59 -36 29 -24 44 -47 -88 -30 54 4 19 -29 17 -21 94 27 21 65 67 -43 4 -20 99 80 -22 32 30 -94 73 36 -13 -24 -72 -18 -15 68 -27 -21 76 6 -95 -30 13 -33 35 58 -37 -23 -17 -56 -9 -77 -40 70 15 20 67 40 -8 -99 -25 -72 -15 -84 -38 -91 78 30 85 88 -94 -67 19 71 17 43 14 29 -11 -19 -69 73 -57 11 -17 78
-63 -73 1 67 -39 20 -55 -84 48 49 34 57 91 -34 -75 30 -22 -18 -2 67 48 -90 2 36 -61 -11 97 -53 28 36 -47 -4 -16 -32 3 -94 -48 6 18 0 -66 -18 17 -93 50 3 3 -98 -12 -78 17 14 -78 41 48 -65 -100 -70 26 -74 -82 7 -58 96 62 -80 74 -53 -49 60 15 92 92 -68 -43 1 9 -74 89 -80 -17 0 69 72 95 -69
23 -2 49 3 4 74 -11 52 -81 67 -39 31 -76 -88 -52 69 -6 -7 90 51 16 -83 97 -58 15 -51 -100 1 -15 -39 -10 -35 96 -87 -54 -47 66 47 -80 -6 11 -53 -38 -76 11 -9 -32 50 2 77 -16 2 34 -35 -22 -12 -92 -37 27 53 45 -63 -63 55 -6 -16 39 59 -47 -27 -40 42 10 90 -39 -72 -98 -62 -94 -94 15 41 78 -79 -7 19
52 -16 88 28 -28 -45 -95 -80 62 64 -91 -36 95 -54 91 76 29 99 69 30 78 -86 -90 39 -4 -98 -62 30 35 -46 87 54 22 -55 -29 -49 31 -53 70 62 -98 -47 25 19 67 77 79 12 47 -42 99 -47 16 27 -6 80 4 21 -94 34 -31 -54 -77 -27 97 -24 69 59 83 46 51 83 24 1 -73 -97 -36 -42 29 70 -26 2 76 26 -31 -14
-78 12 -29 -24 -57 30 78 60 54 18 86 4 87 -6 98 -60 73 -1 6 81 86 78 -24 98 -2 -96 -63 40 -95 97 -57 -16 -25 51 -63 -33 10 75 51 -74 39 -76 66 -83 -7 11 26 60 38 27 86 24 6 -38 -81 51 -79 35 2 -32 80 -3 -61 53 -56 -19 14 -15 -46 8 -9 -16 54 -37 24 93 81 -82 12 7 -4 -19 -87 15 -80 -15
91 -23 -90 16 -65 9 -36 8 -27 -32 -35 50 82 79 87 84 28 -21 20 -33 -89 -38 41 35 47 61 -61 -57 -97 -2 18 93 -54 -93 -74 29 73 -60 74 -7 -52 42 22 2 -76 88 18 9 -96 -1 95 72 14 84 -8 34 45 -27 -31 -41 40 76 -41 -51 -10 18 -32 28 -40 0 -4 96 -46 98 -60 53 29 -91 -86 -66 -44 -61 25 78 62 -92
15 99 -28 -1 -96 7 -52 -95 -12 -71 -19 -11 52 59 35 -18 -95 77 69 65 -42 -21 21 62 39 -5 32 -1 -70 49 47 -62 -20 -66 -51 -92 -65 -66 82 -97 83 -39 63 77 -29 -60 -85 37 -94 81 54 78 -43 92 60 26 18 -24 -60 -75 41 -15 -63 5 -6 -45 48 -60 -65 -21 75 43 51 84 38 -22 60 -50 17 -26 -67 98 -75 82 31 0
42 1 -31 76 71 -38 -2 -17 -68 30 86 -70 29 -26 55 88 56 88 -75 60 89 -5 -65 1 59 56 -20 -31 -14 29 54 48 -2 -52 7 -86 -29 -63 57 1 -97 -12 -86 -61 36 -69 87 68 -74 60 0 -39 87 -63 -11 -27 -70 76 39 -50 -76 -58 42 -94 1 83 41 -49 -98 -88 51 -96 91 16 -35 47 36 42 40 -41 24 -97 -36 41 25 -77
61 42 -43 -54 -44 50 -84 53 58 16 -77 45 9 36 17 -41 91 53 -24 73 55 68 46 -92 -72 65 -43 -14 -31 -27 79 -54 -33 -48 70 -63 -19 19 90 35 38 48 -28 67 -58 97 20 -41 97 39 -98 40 -39 -36 -94 -96 50 -6 68 5 96 77 81 37 67 79 67 -22 -46 -5 62 -64 70 -92 60 36 0 46 -66 96 70 85 -11 92 -14 45
40 -17 11 -86 6 39 -48 -79 14 37 34 95 -83 52 9 32 64 43 50 66 -29 65 72 44 73 -71 -79 17 -44 94 -70 73 -72 -31 -3 -71 -13 65 -63 26 16 57 19 -24 92 -96 76 -4 88 -83 51 -76 -80 58 -27 65 -37 -5 74 58 93 -34 -78 55 97 -75 71 40 -69 -86 84 22 77 -46 -50 58 0 -66 83 38 37 94 -39 49 -68 38
-17 -65 -43 -67 -70 95 94 19 49 -50 68 92 73 -19 61 43 -16 95 -26 56 36 -50 -48 -36 44 -42 40 -19 74 41 31 93 39 28 -9 -8 -33 50 88 -42 95 32 -55 -51 60 17 -29 -5 -43 75 34 98 92 50 -3 45 -87 35 -87 -70 0 -100 -23 97 76 2 -47 -4 44 42 -94 -26 -28 -44 16 49 -73 -83 -45 75 52 44 11 89 -17 31
-81 79 -39 -33 56 -2 -6 90 1 79 22 -9 -78 40 94 55 22 20 -47 -38 -39 87 82 7 14 11 76 97 39 -20 83 -74 38 -69 29 -31 21 17 -47 75 73 66 70 21 92 28 -33 9 -30 -64 -91 2 -92 96 -18 -79 -84 -46 -99 -87 8 28 -22 70 -86 -80 -52 1 47 -78 19 -49 -73 -64 35 91 45 -63 86 -48 95 -15 33 -20 40 -12
90 -14 -100 -56 96 86 -76 32 99 94 -29 23 78 39 95 -70 -85 78 -28 25 -35 89 -82 55 -45 68 -91 -41 84 80 94 42 -50 -39 -24 -50 84 -73 20 -71 55 64 72 39 -93 -21 13 56 6 -80 16 30 69 15 -34 37 55 70 60 3 -18 70 94 50 51 -24 54 60 89 28 7 -33 -67 11 -14 97 52 94 65 -35 70 -35 75 -66 81 85
31 20 -55 36 -100 -11 71 -65 80 78 -8 54 -17 90 -73 61 -9 97 -3 63 49 77 -8 -58 -29 -79 -6 -90 -36 83 68 99 39 -93 98 15 -52 -92 64 -63 83 59 85 -45 -85 -26 -57 -14 90 48 -8 -85 -99 -14 -1 28 2 67 -54 9 36 -62 19 -95 -25 -85 -8 -48 -35 49 96 -43 -15 76 -14 -65 1 43 -88 -93 81 -13 -27 -71 -50 -80
74 -23 -48 51 7 -48 -53 62 24 31 71 -68 93 53 -57 84 -1 -4 -80 -89 96 50 3 -17 67 -55 -44 -77 4 32 75 0 80 91 -69 -69 96 -39 89 -36 -70 -75 15 85 -31 32 -86 -52 -34 60 -55 60 -74 20 79 3 70 -62 99 71 -3 48 93 -94 73 92 -28 -32 -83 -74 -74 -81 81 -85 -17 78 -62 -73 78 97 84 -17 -100 -44 69 -67
-74 -98 -53 71 -27 56 9 -30 -43 37 6 -86 58 69 -17 30 -46 21 -18 -22 -2 -79 -6 -52 -62 12 -63 3 -88 -25 -76 -91 80 72 50 -87 4 5 39 52 -48 -78 -74 -57 95 -57 -83 -8 76 -10 0 72 46 -69 -55 -34 -64 -3 -98 82 -1 28 -61 -100 -91 -5 58 14 94 -41 0 -17 73 9 73 -22 41 9 55 -66 -35 3 -73 39 21 -33
-59 85 14 -85 18 -5 -41 -60 -94 -77 53 77 -53 39 -28 62 82 19 79 73 -48 34 -95 -7 77 -65 93 -4 -12 37 -52 27 -56 -56 -83 -81 53 -2 -87 -26 26 -8 55 78 53 5 -51 65 -81 -87 -31 -22 -6 -23 -81 95 -24 -21 -92 56 -66 -60 -70 15 -71 -87 -4 16 -33 -70 69 99 82 -76 28 55 8 -57 -5 -39 -41 -17 -88 13 23 22
67 -75 24 82 -79 -64 -59 67 -71 -20 49 -41 5 -89 -47 -87 -13 -6 66 -32 20 15 -27 -4 92 85 -8 -17 76 58 96 97 53 -8 -69 -12 -82 -61 -14 57 55 42 -2 18 30 91 27 18 -54 76 -85 34 87 63 -100 30 50 78 20 -73 5 80 91 -86 -36 -46 27 -55 -15 98 68 64 -91 96 -13 -45 32 -27 67 -3 -52 -64 12 4 -19 55
-61 20 59 19 27 1 -62 -56 90 33 -87 -93 15 97 -53 -36 19 55 43 -26 -99 -64 -29 -35 51 -13 -89 -56 -51 53 61 -58 -100 94 64 -35 35 -84 61 -71 29 -2 29 -45 79 -44 -4 82 -73 14 -71 22 -26 26 15 26 -54 2 76 -31 31 93 56 29 -10 92 96 12 -18 55 20 -52 -93 34 -75 72 12 -37 -37 -44 49 77 -42 21 45 -47
-36 45 -16 11 66 93 -23 -37 30 -53 42 -26 77 63 51 -36 -64 65 20 -53 -60 45 53 28 82 -23 64 -76 76 62 -30 -18 -79 -67 22 62 -37 -28 -21 41 87 -15 -17 12 -91 95 35 -78 65 -65 24 -38 -71 64 -14 56 87 -38 -51 19 -87 -25 -18 39 63 91 -85 20 -3 -67 -91 -34 -5 87 37 30 49 27 5 -95 -34 38 -96 -16 67 -38
-28 56 19 -50 71 -22 22 32 24 86 -65 78 -89 -37 90 -55 88 -22 -71 -12 -12 -36 -55 -84 -23 57 -63 15 -29 67 -85 -22 -14 98 86 6 -34 -39 -61 -54 -16 -87 46 -89 -13 21 -24 -80 75 13 35 48 -83 -66 -75 -39 -89 18 40 58 33 -19 89 25 76 56 -32 -15 58 49 55 69 63 -86 -81 30 14 72 15 73 47 -57 -9 53 63 13
-60 3 48 -68 -20 86 59 44 -75 -42 43 -71 -88 0 36 32 -52 -40 -60 -89 -95 -70 56 -90 -47 28 18 -95 14 40 -70 15 96 -79 -29 72 61 76 -88 26 -26 -62 -10 -12 72 -14 83 55 48 -44 -97 -38 27 35 10 -91 21 19 23 65 -9 76 47 -90 47 4 -23 -92 59 28 16 -90 13 -100 5 67 -98 73 -89 -57 4 -72 -47 -46 46 91
-69 95 66 83 67 24 -52 -50 -27 -56 -30 -20 -64 -55 -51 -3 60 -73 -29 21 -15 -99 59 74 25 -98 88 93 -95 -25 58 31 35 75 97 -33 -96 -18 -93 41 60 -81 96 -16 2 56 -83 -33 -78 -73 -42 -83 -95 -14 39 -1 -40 -10 -12 74 79 -23 95 18 3 -95 2 -44 -3 -28 -66 -13 -75 81 75 -7 39 39 -23 43 13 -27 -58 11 85 90
-63 48 76 -90 47 0 -53 -88 60 33 -94 89 -75 -19 90 24 59 12 -57 -8 41 -10 53 0 18 -47 -62 -23 13 -33 -11 -59 59 -92 -34 -83 -37 -25 22 -36 26 -81 -88 -85 -71 8 -96 -100 18 37 -14 99 20 32 30 1 31 16 27 3 41 27 -70 3 3 60 13 -51 -18 78 95 85 -30 74 -83 -81 31 45 70 31 53 38 -81 -38 50 -82
-30 12 42 -55 -25 91 -12 -68 59 36 -86 -24 65 -43 9 -74 71 -45 34 -46 82 85 -32 77 -68 -24 2 78 69 -75 -4 -15 -89 64 81 -93 71 -95 -36 -27 -55 -32 0 -17 -6 -59 -37 -90 28 22 34 73 -10 -51 -39 -8 10 -71 -21 -18 -76 11 -95 49 -57 52 -50 -41 97 -82 -30 -60 -6 -8 -60 97 41 -83 22 -33 -72 -33 -44 -36 90 -41
21 21 73 49 -2 29 36 30 -53 93 65 74 -17 85 31 -80 93 1 0 66 -48 31 -35 53 -88 32 75 -100 54 94 -12 -84 43 37 33 -72 44 92 -18 6 -24 46 -82 -7 20 -44 81 -48 -97 -67 27 15 -78 49 63 29 83 58 52 -98 -46 -92 -10 98 42 -17 8 22 4 99 -63 9 65 75 -75 33 7 4 14 -97 94 16 -79 -72 -61 -90
86 -91 69 -3 83 -18 14 -79 -72 -29 -13 12 -96 19 -96 -31 -66 96 78 -43 -82 90 -82 -17 -10 43 43 41 -28 59 -37 -41 82 6 22 -56 -24 82 67 -37 -40 45 -66 84 96 -57 -98 -90 35 35 95 -61 9 -12 -61 2 -31 94 -18 -95 -84 98 -46 3 -37 46 -80 35 -21 12 -88 -78 -24 82 -77 -66 -23 -22 63 91 98 -54 -85 78 -81 -49
-12 0 -64 22 31 -57 95 -36 79 -29 66 6 -47 48 -43 43 87 -17 24 -8 50 66 81 -20 -45 -32 11 -34 60 5 -17 3 18 -66 -31 -19 -75 36 71 8 -92 15 -42 -17 -29 -100 14 -18 -34 82 14 1 -6 33 -78 -35 -86 -76 84 -91 -64 57 -86 1 -44 23 79 -31 90 -33 12 16 -57 78 -33 79 -60 50 -100 -65 -10 -54 20 84 93 -45
92 86 -21 64 -73 -23 -96 -54 -34 63 -68 -95 -33 4 36 97 -4 -29 -7 -72 -18 56 45 -72 -87 -27 -25 64 9 96 97 95 -75 -11 -72 52 12 16 75 -9 -91 78 40 12 99 -51 28 58 17 -79 2 -41 -46 -48 93 6 92 64 1 11 -58 79 -17 -10 72 59 71 71 33 92 51 -15 -9 -1 49 1 66 52 82 25 -54 82 -47 48 27 89
46 -67 -42 -56 -77 -12 10 88 -26 -17 -78 9 -7 1 -80 52 -82 -73 34 8 31 16 -43 9 -99 -89 64 -66 95 6 10 -30 14 29 6 -19 95 19 -3 91 88 27 -52 -82 46 11 -7 87 14 26 8 91 -6 -72 -45 -68 -57 -61 -71 -11 -51 -41 70 82 30 53 12 -25 43 87 -17 8 -45 82 31 65 85 -75 34 79 65 -39 -39 63 -54 -38
-100 -19 -82 38 48 -73 73 -37 71 -5 46 -59 -72 22 -72 -72 9 -57 96 11 99 -4 -32 -42 53 19 -16 -43 51 -61 -66 5 -32 -68 -13 -57 34 -12 92 -37 69 92 -66 71 -13 91 -82 -25 -22 -55 -17 55 22 54 -75 -49 89 51 66 -90 16 33 -57 -70 56 -23 -98 -1 17 53 37 -73 -79 -59 53 56 -36 -92 44 -52 -13 -20 -56 29 18 78
85 -65 -89 31 -31 -13 -97 -8 -75 -95 27 93 63 -11 68 -40 -58 46 -30 22 -51 -45 -21 -62 -52 -10 -6 97 -45 54 14 46 -48 63 -91 -1 91 -67 41 -40 -64 17 -30 -2 93 -94 -29 -82 -59 -96 -71 -65 84 -2 1 -26 68 70 -47 -71 -17 57 83 -35 30 15 46 11 -39 67 -67 81 -96 -86 35 -99 1 -18 87 0 -93 -57 -35 -8 43 89
37 -90 -83 -21 48 -14 -19 -25 -24 -61 -10 -42 -65 -60 -77 14 -37 99 -12 -98 -64 -45 -85 56 -9 44 -48 -8 46 90 66 -91 -57 -60 7 -98 -82 -35 85 -49 -11 72 -87 20 90 -96 73 5 -77 22 -43 -62 -87 -2 51 41 99 -12 52 -26 -4 -93 8 10 -80 86 89 -89 -30 11 55 -30 -6 4 80 50 86 72 -38 49 22 58 11 -55 -100 48
-23 -8 76 -97 22 -1 40 68 15 -49 47 -26 53 37 71 51 3 88 -88 -96 -96 -8 91 -35 96 57 75 47 -10 65 -37 40 -19 70 -39 -12 15 -61 25 -82 -51 -67 44 59 -15 1 -54 92 56 -96 70 -62 -92 -27 -30 -19 -39 -50 -21 61 -98 -38 -75 -11 -98 11 74 -19 88 -13 63 15 59 -69 16 -4 14 50 85 -40 -97 -77 -19 -93 -53 -14
-54 -63 38 -40 -28 5 59 -3 -93 97 -99 -10 -89 -87 95 -73 27 65 -15 -6 -62 -93 68 16 40 30 80 -8 59 -20 -52 6 -93 98 86 -82 40 -51 -28 81 -44 11 -38 55 49 -16 -68 -66 -84 58 15 -23 -30 -89 83 -35 -79 -10 43 64 -62 51 8 74 -98 -89 59 -31 47 -73 -70 56 48 27 -51 -33 7 26 33 -95 -6 68 -44 -55 80 -8
90 -25 2 -56 -64 66 -6 -79 -9 -50 -62 39 -45 96 -1 9 -83 15 88 -7 -50 22 18 -65 60 31 -82 46 42 66 -51 -98 99 -10 18 -52 23 -65 -87 87 1 49 55 28 -32 -76 18 29 93 80 -94 37 4 91 57 7 23 25 39 64 -81 19 -32 25 84 43 66 2 87 -89 -39 -92 -90 -84 86 5 -96 84 0 -15 49 27 65 -65 72 55
12 -30 24 -42 37 -63 -44 -11 42 42 -10 54 -32 -6 97 -23 50 47 -75 -18 21 -86 60 81 -81 -57 19 24 -14 47 66 65 -85 -48 7 23 -48 -29 -24 -65 50 -33 65 70 78 -44 77 -43 98 98 -41 72 87 -21 -85 -5 65 -34 65 29 -49 -51 18 50 -89 -54 22 -92 89 13 21 -78 -16 -87 28 -4 44 72 35 -51 75 84 92 97 97 -24
7 -23 -67 -50 28 -75 39 98 16 10 55 -58 -84 20 79 63 17 93 84 -40 1 -9 9 7 66 54 -44 -35 12 -70 -35 -7 -10 -76 4 -9 44 -82 -78 -100 -69 -48 -85 -35 -24 -8 -21 -31 -18 -7 31 21 -26 40 -27 -57 -44 -77 -66 -35 -97 98 -70 70 -95 3 29 49 24 -95 -31 44 21 92 36 40 91 15 12 60 82 46 -80 70 -92 54
-64 41 -97 -30 72 4 93 -78 -40 63 -88 55 -24 52 -86 -27 43 3 -68 87 73 85 53 -30 90 -50 37 11 87 -83 67 -70 27 -18 -4 -77 -14 -62 5 -22 -16 -92 -5 95 21 56 -72 66 32 -73 97 1 -38 -42 -74 -72 -75 64 89 -8 53 -95 -14 27 -3 60 -21 -17 -36 55 72 65 -7 -42 -15 -52 -11 21 -13 -78 89 -46 -37 -63 16 10
-27 -14 -10 50 -68 -65 9 -95 35 58 -2 85 43 -74 -57 -93 94 -24 -60 -21 4 -91 79 3 -21 -69 29 35 -60 40 58 -40 -37 96 -84 -35 80 53 -37 -41 52 95 39 48 6 63 34 46 7 -10 -97 -43 90 19 4 90 -72 45 92 -31 82 30 -8 26 -63 1 63 -17 99 -59 -69 -30 -18 65 -74 92 66 18 -35 89 18 -20 60 58 -60 86
19 -29 -71 -63 15 6 -66 -70 -69 -41 -100 69 24 -70 -58 28 -54 -22 73 89 62 -93 -88 57 -63 18 -95 9 -53 -4 -71 -35 28 -68 79 7 29 -55 -72 -60 66 -25 31 -75 14 45 16 -11 -89 -17 5 -90 4 -100 -16 -54 -3 83 -22 -2 -6 -31 -5 -87 -25 -74 83 6 94 98 80 37 69 -14 -23 17 -23 15 -53 70 -85 89 98 -39 -86 -9
10 -3 73 -70 54 -77 -5 91 88 65 53 -62 -93 -50 -38 -71 -74 -67 20 8 89 -48 90 -54 13 23 53 96 7 34 39 -84 -99 -37 -66 41 53 -81 5 89 82 62 -3 -17 -73 9 50 -50 57 51 80 -47 56 27 -80 -43 -17 -22 -99 36 93 -56 -4 -69 27 67 -5 -42 94 -21 73 -93 -33 -49 87 12 -79 -60 69 -47 82 -80 -48 -67 -34 -6
-37 -16 73 68 43 77 84 -37 56 36 -30 -90 -48 -37 -61 -82 -26 73 24 -11 51 75 -65 98 -76 82 66 75 21 -76 -21 -100 43 10 -77 -96 48 -85 76 -12 -77 15 -93 -68 -26 63 82 9 -84 -6 -84 -96 58 83 18 89 13 -71 54 61 45 -97 95 -23 81 69 -44 99 -45 14 -60 -61 61 69 94 -20 12 33 20 -85 -68 64 -3 -1 -76 -85
58 -55 67 -97 -47 62 98 12 9 -14 -76 -23 54 48 21 -97 14 -41 63 12 -22 -25 -6 83 57 93 -52 -13 -63 19 7 85 -57 91 -61 58 18 69 -4 -76 -5 79 -51 -68 -89 13 -92 76 -96 -47 80 -59 24 12 -7 52 -40 -82 -10 -47 -39 -53 13 -96 1 7 -17 67 88 -85 1 80 -45 -41 91 79 48 -70 -70 -73 -45 -23 96 -63 -47 28
-41 -52 -93 63 42 67 13 -56 -75 -20 -73 -4 -90 19 60 71 -13 -50 34 59 -18 50 1 48 -25 -18 15 14 -80 62 67 -1 55 -61 40 -48 -17 81 -75 73 -96 89 19 19 -8 48 -18 -15 -62 40 -57 34 -50 53 -39 -49 41 67 68 72 23 62 -41 -92 86 97 40 -32 53 67 80 -25 -12 40 -53 -5 -98 76 -10 -53 -84 53 -68 29 -84 -15
-94 -66 42 37 65 48 5 -73 -60 -21 -26 -41 91 88 -12 42 16 97 -37 -97 16 69 -1 -98 -29 -85 -69 -76 -49 -52 31 20 66 62 33 -53 -33 62 27 3 -92 77 14 59 -55 39 53 4 -45 -40 -43 87 33 72 11 -91 -1 57 -33 55 57 -50 71 -16 90 78 -17 23 30 -71 -56 -87 13 -22 46 30 -6 14 39 -61 42 60 9 -40 -56 29
-78 99 -32 -82 54 45 74 20 -91 51 82 63 3 16 86 82 -60 97 -40 89 -41 41 29 -76 98 45 -28 -36 71 -37 -37 20 -51 -81 -73 -86 2 -74 -38 -67 -88 -57 98 8 -83 46 -65 48 -73 -21 -27 35 16 -46 -53 74 47 68 -37 17 39 94 43 52 67 65 -61 36 -70 98 -47 -15 -56 -70 49 74 62 33 -23 -20 -22 94 -4 -24 25 35
-20 56 61 71 -51 66 90 91 -32 53 13 17 30 12 71 89 14 2 94 38 -71 -67 -84 25 19 -51 -4 -68 -44 -89 43 -54 64 21 44 -67 -12 72 -25 -80 66 -23 -14 71 -97 52 -1 -37 50 30 -88 66 56 -72 -95 -26 38 -44 -58 -35 6 16 -67 17 39 -87 -4 -16 54 -70 -10 79 -39 -67 -86 35 -83 97 5 48 -67 5 49 -66 63 12
-99 -72 10 57 -25 39 83 76 71 -58 -56 30 -90 63 44 81 -89 -65 -84 92 -51 5 -47 38 -82 72 -25 88 -26 42 5 -24 -17 -97 -81 -37 79 91 73 -53 82 -53 60 -71 9 98 37 37 -5 -17 -100 -92 12 21 11 65 52 60 88 -33 -39 -26 28 21 -89 44 -51 -53 70 -63 -80 -76 -3 -41 67 -43 78 97 -29 -83 -62 -79 49 -35 78 75
74 -54 94 -30 55 81 73 -70 -78 -46 -11 -3 -13 0 -43 -23 -78 80 -40 34 85 -48 92 -52 -100 50 82 44 3 -96 -12 40 -48 90 44 59 30 -2 -97 22 73 88 66 -60 26 75 43 -76 -75 94 -5 -36 66 42 59 59 97 35 -83 -88 -30 -11 -92 2 67 -87 -17 -80 35 -24 1 50 -89 79 37 -17 58 -85 24 40 98 -49 -65 37 -31 12
