38 84
49 10 -83 61 -29 -64 3 -68 38 -2 71 95 60 -78 -10 92 22 38 -64 83 -47 -3 7 97 10 -5 -59 -12 -26 85 -42 -1 -61 -30 -13 29 -37 -72 -39 11 -6 25 2 -95 -75 -97 -94 26 85 22 5 -99 45 81 -17 -70 40 96 -36 -15 -41 64 -31 -17 98 19 -22 90 68 2 78 24 52 -23 0 67 65 -46 7 -97 13 -84 -32 47
38 92 -86 93 49 -27 58 -71 -40 5 -15 68 53 -40 -85 -100 -89 40 72 -94 -43 45 80 -21 32 -62 19 -27 -42 -8 -40 -38 4 -57 -9 97 -84 42 -25 -45 24 50 -44 -76 77 70 84 51 75 82 -23 19 60 -3 -36 82 -29 -17 -48 66 -24 3 -12 -9 -95 -63 21 -88 98 -9 -68 -95 56 -55 -85 80 82 7 -58 70 -31 30 -24 -31
-78 81 67 16 82 -86 60 39 65 75 -10 43 26 10 30 -8 58 93 79 -47 -81 -6 -57 47 51 -62 74 23 57 -82 -35 -11 -57 -78 5 93 -44 -54 -15 -5 -68 19 -99 73 -54 -45 57 10 -99 27 -70 -20 -98 91 39 27 -87 -57 -34 76 -6 -63 -72 63 -6 23 26 -39 42 -41 -18 64 -9 -48 57 96 30 -69 22 -75 34 -15 67 2
-19 -2 -86 -62 67 47 -28 -98 93 8 57 94 60 1 10 35 -53 -6 -14 -12 -6 -28 26 -65 -63 -46 29 -45 -54 40 4 -29 -45 -30 66 54 -46 -47 -62 -27 -79 -86 0 -60 92 47 37 -28 -32 17 87 -64 71 86 40 -49 81 -96 -34 -6 93 39 83 -25 -48 56 -98 -35 21 -27 18 0 -57 31 -51 7 -77 33 83 60 56 -73 20 -76
-13 14 -69 -96 -98 -10 33 99 42 -58 -14 -27 53 31 86 -48 -75 36 -78 97 6 63 48 -72 -48 7 28 27 -76 81 33 -40 -80 -11 -68 26 -70 -53 -18 -58 34 22 -80 -73 34 -97 90 -90 -6 76 68 14 55 -53 89 -81 60 98 81 -31 76 65 62 67 86 18 -63 85 50 39 77 83 -20 93 29 35 23 -96 74 -71 99 -56 -65 -64
-47 74 80 -20 62 -23 16 53 -65 -74 -13 -41 77 -42 43 -80 9 59 71 66 -95 54 -48 97 74 -37 -90 -89 17 -35 99 55 -43 68 -90 -98 -17 28 75 48 -82 41 8 98 20 71 -21 -28 -60 -74 90 -78 0 6 -69 -13 -66 -97 54 81 99 77 40 -6 -85 -86 17 -74 -9 -52 -72 -5 32 -88 5 69 -77 71 -97 17 70 57 -16 -28
-62 -97 5 -88 -63 -91 -54 -17 -30 63 -2 19 98 91 -77 -20 -11 40 17 67 -58 -59 -94 -88 -37 46 9 39 -19 26 47 88 94 40 78 79 44 60 -30 81 61 52 85 -8 99 39 98 48 26 -8 12 11 -65 -48 56 -86 28 26 55 86 -55 -29 25 94 85 58 23 -95 38 -36 63 94 -19 -86 -59 18 37 -73 -72 -70 53 -35 -85 10
-76 0 -51 -11 -91 93 99 77 -5 28 76 -66 -65 -61 38 -26 -41 21 -89 24 9 36 38 1 57 18 -21 -86 -97 -66 -3 47 13 69 -6 -1 -25 71 -4 6 19 -13 10 39 43 -83 28 38 41 64 -20 29 34 -89 17 -83 -10 -96 5 7 39 83 89 11 -39 -65 -16 -39 1 22 34 63 -72 74 -14 -38 82 0 -7 -80 -63 -84 52 -82
16 13 -20 -59 61 -62 -99 -30 -58 45 -71 62 -48 39 -43 11 -100 -36 -99 -55 59 -64 75 71 -37 -29 -66 14 -6 33 -7 -14 58 61 32 58 -82 -65 51 51 92 -5 12 -8 -5 -84 -61 -59 63 -48 -52 19 3 54 -97 -74 7 30 -87 -18 50 -72 17 -13 -31 -17 -58 -83 32 -97 -81 50 48 85 -62 33 -78 -42 33 -10 -13 -77 97 87
-87 35 -27 -65 -59 -15 -4 89 -71 -56 54 55 -100 -44 44 -61 -100 -86 49 87 -93 -21 -29 -48 -12 -75 -74 -8 8 -13 -69 -45 -3 -89 -27 -38 -98 -75 45 7 -80 -15 -17 -88 -92 -69 -60 -17 41 33 -63 -31 -60 -10 39 54 -94 34 -76 25 37 -93 99 32 -50 -86 71 -10 -70 81 -42 71 95 83 -36 -100 24 -28 61 40 32 -13 -73 -79
60 37 38 11 -84 -67 42 26 27 16 -17 30 -36 69 -13 -44 8 -3 94 27 21 -65 -27 -52 -47 56 6 -91 8 65 -21 -9 -46 -79 -71 -65 9 28 -16 18 -31 -68 32 -3 -48 -41 -78 -84 -8 -7 12 49 -77 60 -31 71 -57 -98 -95 55 -38 50 -99 -21 47 16 -98 -62 -95 57 -2 43 96 -90 -42 85 18 -31 90 46 -85 38 74 -78
-56 11 -6 39 -55 -58 -11 -18 -27 86 85 69 11 -20 -50 -29 -19 83 84 27 15 -42 42 13 -79 -31 92 41 -87 -92 -65 30 93 -37 72 -62 88 -80 18 98 50 13 36 -68 -51 -19 66 51 69 99 90 -12 -25 -43 26 -58 14 33 9 -49 98 -7 -13 -75 -38 -76 41 -23 -61 -43 -80 43 89 32 -56 98 45 -71 -96 -30 -8 23 -56 -76
64 34 88 0 72 25 -65 -58 -44 95 86 -66 38 62 54 84 -61 20 55 96 -23 6 -22 -59 -76 -86 -14 -48 -33 41 62 -77 41 61 -30 -85 96 39 -48 39 -86 -43 -16 82 -71 -94 -49 -93 39 -82 15 75 27 -9 27 62 -86 -96 -34 61 -71 -71 37 -5 -22 55 50 55 -26 61 18 -86 -94 -29 -95 -31 5 47 -84 77 -72 42 24 -70
38 -92 26 76 -82 -87 -66 -39 -25 -10 11 98 52 -89 30 91 -79 43 47 30 5 74 65 27 87 37 -82 52 -99 -8 -94 -50 -93 -100 -42 25 17 63 -63 -13 25 24 -86 -86 47 -99 -80 -71 42 -41 61 69 -6 9 -47 -8 25 -75 -93 -98 -1 -88 -51 94 81 79 -7 -69 -5 25 30 12 22 -41 16 9 -14 -22 -9 47 32 19 38 -3
-7 -95 15 72 91 -50 -51 -44 -2 -5 42 -76 1 45 10 -29 11 80 -73 76 -33 52 79 -32 -98 69 -21 -10 43 87 65 -65 68 -40 4 74 -51 16 26 -75 -15 40 -97 -98 67 -1 -23 -23 97 19 -53 91 51 86 5 -34 35 -18 -12 -27 53 -7 -82 -77 -80 -8 1 47 -50 -44 36 -21 -15 95 54 -35 -2 -35 5 -35 62 -22 2 -64
91 -27 20 -3 96 37 -14 -82 -4 59 -51 57 96 -7 20 7 38 -39 58 -68 -35 17 77 49 43 -3 -8 7 -46 6 -28 -35 -10 -47 59 -29 -59 -37 -59 79 -40 4 30 80 -22 65 7 -30 -50 87 19 -38 -66 77 -42 -38 1 -23 81 -10 60 29 -95 96 -19 -37 73 -79 -37 -65 85 50 -70 -91 -87 -6 -74 26 40 -72 -90 15 33 91
-29 19 -57 47 -63 16 -63 92 77 -47 -55 -78 -17 99 -64 -33 98 74 -14 -43 -22 44 -66 53 -27 36 33 -96 -99 24 91 0 -67 -28 18 -14 98 -14 -2 -57 -60 26 37 67 -59 -17 95 -19 -79 10 -28 32 -33 83 -91 -6 -9 -3 -7 27 28 18 -63 -16 -84 39 94 -39 29 88 57 -9 -6 -25 -13 -5 23 -95 -82 -14 49 -47 76 45
50 -78 -26 -55 -5 95 64 -71 90 29 27 -67 55 -100 51 -75 -7 81 90 -26 -9 72 -60 73 -12 -24 53 96 -94 -41 -8 34 -30 -80 42 49 74 57 86 -22 8 -78 1 -19 63 -85 1 -66 15 22 -14 -53 -14 69 -31 70 20 -59 -68 -59 -13 91 81 73 32 29 -57 76 -13 -44 66 78 -74 -48 -85 -79 -45 -75 87 -53 7 29 -17 -51
11 -73 -88 -6 -39 -66 3 -94 -68 93 -96 72 59 97 -74 40 39 -57 -90 36 -53 -96 10 97 92 -55 55 62 8 48 2 45 44 85 -21 -83 -96 -43 27 63 54 21 19 -89 -100 37 -48 -18 6 -54 26 -2 63 56 68 -59 -95 -32 -55 -91 -21 -81 -52 83 26 95 -32 55 -92 2 -86 67 -95 75 20 -24 98 -16 99 -74 71 -27 12 10
59 50 -6 36 35 1 -69 25 71 -56 -28 31 48 54 -79 87 51 -44 -39 64 44 0 -38 -78 15 -62 -7 -17 90 9 -59 -79 -25 22 -59 -48 -39 60 86 -86 61 53 41 8 35 -31 37 -65 -99 -29 9 -84 40 20 68 68 72 28 -55 19 32 -83 13 19 10 35 -61 47 4 41 50 -48 -83 6 -59 -8 -74 -8 51 -83 19 23 48 40
-68 -99 60 -57 15 -60 -21 -16 1 -94 -4 -41 53 -87 -27 -70 28 -15 -72 82 94 -47 -97 -27 95 19 -35 26 -75 -15 88 -92 -95 -11 -7 43 -52 29 -34 47 -92 94 59 70 16 -56 76 64 32 43 22 -78 40 -56 -25 -64 -10 -5 42 22 90 -9 -17 8 78 43 51 -64 62 36 -68 -32 10 -53 -72 -87 -30 -24 -73 99 -39 -89 -99 86
28 -78 20 -55 -27 71 82 -96 -85 4 7 -85 84 64 -78 21 -58 3 -20 -77 99 41 5 54 -61 -14 -11 -95 30 -2 -98 31 -46 56 -80 87 -31 80 -19 74 55 13 47 95 27 -69 54 -60 -36 97 -34 7 -58 94 -48 29 12 78 8 -28 32 55 23 44 -63 -87 2 4 -12 -35 35 66 23 4 71 -6 82 -28 -1 67 23 -49 90 5
83 -92 -69 -24 -3 82 -89 74 30 -86 98 23 -78 53 10 86 -58 46 -28 57 90 24 -34 -51 2 -13 5 -85 -57 52 72 54 -29 58 69 5 -43 96 42 -60 97 -16 -42 62 -92 -4 -63 -18 15 -45 -47 55 -15 -54 -2 47 -54 -7 -47 -69 37 -80 80 8 30 33 93 94 85 39 25 17 -87 -48 99 -37 56 95 -11 -76 -98 5 -96 -61
60 9 86 66 -53 -51 57 69 -23 3 -37 11 -45 32 29 57 60 96 36 11 29 82 -48 28 14 93 -73 63 3 51 50 95 -78 -27 94 -68 12 -9 94 47 -78 -90 -81 25 -13 -33 68 79 19 -22 -69 72 -27 -82 47 -39 53 62 23 41 -73 -75 16 73 -28 -66 70 -73 22 -64 -55 59 25 -88 29 64 -99 95 34 47 25 -43 -18 -55
-85 -19 -25 76 5 -61 -66 80 90 -92 56 98 33 77 79 -47 65 79 -48 31 94 -95 -42 33 -14 14 15 -13 31 -63 77 22 60 6 64 84 -9 51 -6 93 -53 87 28 -38 -46 -15 31 -38 4 -44 -43 28 -40 18 16 84 33 7 67 25 45 79 -80 -49 27 2 -94 64 -77 54 93 80 -5 -2 50 -7 38 3 23 -36 39 -48 -98 17
-17 -62 -67 -71 11 -73 -90 58 2 -26 64 67 38 24 -74 -95 -32 37 -3 57 73 -78 12 -10 -50 65 63 -83 83 -38 61 -32 76 -87 84 -8 -40 -88 96 22 -41 6 43 -76 21 8 -22 -73 -81 -89 28 95 -10 82 97 -45 74 -59 80 39 -80 58 73 87 -57 56 28 56 -73 73 -22 -83 -37 -40 43 -40 17 98 -81 89 -72 84 49 20
33 46 56 -74 89 -9 -88 -8 5 25 10 -49 47 6 7 -45 -63 -30 -94 -50 55 -61 -74 -96 -30 -49 5 -79 34 61 12 -58 27 63 -93 -56 59 37 -47 65 -93 -74 -25 8 -27 27 12 -57 85 -60 -39 67 -38 -17 -90 67 -1 70 21 -83 -99 -95 12 -42 -28 -44 33 -79 -23 97 74 -71 -70 1 74 -94 64 -49 -85 61 -60 62 -72 -22
-59 -43 25 51 -71 -1 53 14 -14 -24 99 20 43 -35 -54 -96 27 51 -70 -86 -47 34 -94 -36 89 67 4 -100 -19 -72 53 -68 0 52 -15 6 -73 -69 87 -84 1 26 -32 95 -48 2 62 79 81 -63 27 -38 64 26 39 72 71 -74 -17 78 -7 11 50 49 -94 -44 -83 -58 2 1 -95 63 81 40 -69 9 -75 28 93 -36 33 -43 -84 74
24 48 73 -12 59 41 -28 25 0 -74 61 -16 -12 86 -35 -87 1 25 -43 -1 -45 -39 -52 -96 -81 -86 -49 -16 -26 -58 -67 2 -31 -11 41 41 -75 -45 -29 94 -31 65 -64 -69 -75 -15 25 -32 13 60 26 -29 6 94 -4 -91 41 77 13 99 46 85 29 18 74 80 -27 63 -100 -100 -100 -75 -60 -99 -86 16 -74 93 -32 -30 -66 9 23 28
11 38 33 -24 33 75 53 4 17 1 38 -86 -12 -39 -34 21 -31 76 23 78 27 17 -61 -96 -82 74 -44 73 99 56 62 58 34 89 -68 -63 47 -50 48 69 48 74 -25 1 -97 56 -83 21 11 76 -76 65 83 -27 51 -37 94 -7 61 -21 20 -6 -10 -51 98 -33 85 -49 -60 -50 7 60 -45 -88 -95 -56 -87 -2 -16 37 27 51 -100 85
7 9 58 33 61 -63 -63 81 83 -75 -17 29 83 -39 -3 91 -88 -63 0 18 -55 20 74 -73 93 -6 64 14 -24 17 -3 -45 -3 -90 32 17 -76 27 25 91 77 36 49 25 94 14 -78 54 34 -47 -67 -81 -85 29 11 22 -79 68 14 32 75 -49 -23 -85 -35 -29 45 -36 43 5 -91 -95 37 52 -100 -62 59 -34 30 85 -45 -18 44 75
-79 -100 28 53 -50 21 -39 42 -4 -76 -82 -11 96 1 33 51 33 49 93 -94 1 79 8 -31 -71 -46 39 -77 -6 -50 71 -67 41 -49 86 -37 -29 -4 -8 30 -62 -64 -18 89 46 15 -100 -36 -97 -41 -38 -32 17 68 14 -45 49 73 -81 55 80 3 -19 15 78 -96 -73 81 -79 17 -67 -14 21 -20 -24 46 46 45 46 87 -84 -67 50 -23
38 -85 -44 -93 51 83 85 -48 -52 -44 -59 39 -74 -33 -23 -73 7 84 39 39 -9 79 91 77 -63 99 7 46 97 29 39 46 -40 93 -61 -64 -42 -31 -64 -89 7 42 -79 -2 -30 -22 -94 37 -90 78 62 -51 -83 17 -31 55 30 -70 48 31 -11 -33 -73 -97 86 -15 67 89 -14 -87 -78 -20 9 36 -16 19 49 -61 76 99 53 22 -78 84
26 -61 65 33 46 1 -33 -93 65 -71 -4 99 57 -9 -59 -17 40 -42 -94 -9 41 58 -38 -64 -36 82 21 56 -67 85 -61 -21 67 51 83 -42 -88 24 30 -94 85 -43 -91 36 24 16 31 74 16 -59 -32 64 -64 5 -49 -21 2 -75 31 6 54 -86 -71 -60 51 -44 79 -75 -35 -16 -69 -36 32 -77 -23 -96 12 -85 3 18 1 -40 68 6
-67 -13 -17 22 -20 22 41 -37 -73 -67 -92 -91 40 -85 21 85 44 80 -32 -47 82 25 -6 -56 84 16 56 -58 36 -90 -50 -22 -23 -74 50 -97 97 -12 3 -72 -31 46 28 -1 59 -46 29 7 -33 56 68 48 37 25 71 52 -87 64 21 -56 -8 -88 -58 -76 -13 -10 81 -1 -14 96 53 92 -93 -98 33 90 19 -8 -33 -53 -77 1 54 26
-18 10 32 43 -21 -22 -36 -10 -74 -84 85 12 -76 18 34 -43 95 17 39 97 -26 92 -29 -99 24 -91 -44 81 10 -86 24 72 -32 -67 53 -81 1 22 -20 17 54 -100 -63 -6 -77 -30 -98 -5 -65 79 -39 69 9 -79 91 -78 36 -86 58 72 -100 -61 33 -1 65 -32 -10 -98 -29 -91 -3 -71 15 -96 3 -91 58 -90 -90 63 -62 42 67 58
61 -29 31 7 -28 78 -46 2 -64 -100 -63 66 33 94 83 65 -5 -43 -57 5 -95 62 -60 15 78 -81 -56 -14 -70 -37 53 -2 17 4 41 53 75 66 77 5 39 30 -40 96 -7 -28 85 -96 78 -31 -22 23 -18 -63 18 -10 -95 84 30 -44 -11 -47 31 9 -25 -76 -41 -76 79 68 1 -62 -31 -24 -10 48 89 4 66 67 -97 86 -74 -35
19 -82 -9 67 -29 -91 86 -99 -45 -75 97 -67 68 -87 -37 52 -96 -90 -8 41 -43 27 -53 -13 -48 77 -53 -47 28 -34 -53 16 -77 -42 -39 29 -21 -61 34 52 -43 -19 -4 96 74 69 92 76 -33 72 56 9 -53 86 -17 -87 7 -89 96 -84 13 8 -39 32 -85 -62 -54 -82 -94 -67 25 -86 -54 91 -82 -20 -23 95 17 -99 -60 32 -77 -76
