94 96
-70 69 -45 -38 -70 99 92 -39 5 -50 66 81 20 40 -77 42 24 35 47 73 -17 -32 -88 -20 71 -18 96 64 -48 96 -76 69 77 -21 48 79 -12 -2 75 97 62 66 44 45 49 -28 93 39 -12 24 71 83 -6 -88 47 -84 66 14 63 71 -18 -57 64 -50 -36 96 94 -71 -62 93 92 26 69 -73 -30 72 66 -34 68 95 86 -64 -83 -10 -84 17 -92 -39 70 -21 -2 15 86 -9 68 79
37 -91 -74 -25 43 -55 87 -67 -8 -10 3 9 58 -33 -17 -6 32 -12 -39 81 79 -6 80 51 67 78 -12 -46 -40 91 -8 -98 -87 -70 -97 96 -7 -47 21 -32 -64 -33 32 -48 -40 87 55 80 -24 19 -23 59 -7 -37 -39 -78 -88 -97 -47 23 -85 57 45 -67 8 -10 -23 -10 58 -74 61 -51 -92 -39 -96 45 -37 -51 43 1 40 -74 -33 46 59 53 25 70 -34 -99 37 -26 -47 81 -62 83
81 49 -99 32 31 -89 23 26 86 -67 -69 -16 -91 -86 83 -99 14 -3 -6 -23 61 0 -8 63 -43 -24 -15 -88 -8 -36 -1 95 22 93 49 -50 24 -3 -68 -87 -84 98 17 9 28 85 -73 -75 -78 6 83 36 71 43 61 -35 -51 -39 28 19 -95 -54 -99 83 93 23 -72 -48 68 48 -77 57 48 1 -37 49 -64 7 0 47 -2 60 -79 23 49 -97 8 41 77 -24 -65 -40 52 74 90 54
-9 74 71 62 -83 -1 -20 -62 -64 74 96 -26 35 32 77 44 72 -19 20 -14 -62 -100 -15 49 15 -36 -40 -81 -88 -99 1 48 20 -68 40 88 73 26 64 68 68 -28 72 -23 -84 15 38 -43 50 -46 -76 -43 3 32 -7 55 1 -74 -7 -39 -17 58 -1 73 -85 -59 58 -82 -71 51 77 -9 38 8 76 -5 18 -12 -52 56 2 -14 -62 16 -36 38 -57 49 -52 -11 50 -4 -49 -54 -26 1
86 38 -91 24 -3 -73 70 -85 -92 21 -13 50 38 -39 46 -17 -95 -26 -43 59 -11 -36 -45 -7 -32 -30 -63 90 -79 -91 85 -96 43 -17 -94 -74 5 25 -96 -48 -56 -29 14 -56 24 11 -84 40 -98 -27 46 -1 38 -5 30 -91 -19 -59 -72 17 -83 -38 -27 86 -69 -9 24 -39 72 15 -83 -26 48 -20 -13 -69 -56 61 55 -35 -53 96 -13 26 86 58 47 23 -30 -35 55 -93 18 65 -76 -85
70 38 32 -89 -96 -55 28 21 -75 54 76 45 85 36 70 61 86 79 -98 85 -2 -46 94 -42 96 99 12 -66 -46 -85 -100 -73 44 -10 -8 -54 -13 -32 -3 -35 -18 -7 -32 37 57 -93 -87 -40 -56 81 -33 1 -10 90 -93 33 -16 86 -79 -76 11 -80 45 91 45 -99 -70 80 66 -84 1 47 -67 -10 -48 -30 -14 16 49 29 -87 54 52 -52 -34 83 31 -62 95 30 -99 84 -42 23 -90 69
64 -85 -66 -53 5 20 87 33 24 92 -93 62 -15 -21 84 -98 -15 40 95 48 -18 20 58 -8 64 93 -71 -66 -13 -87 -41 30 -34 73 50 25 19 25 56 61 40 37 -23 8 22 21 77 10 -40 68 24 -60 -19 -34 -46 -21 -6 89 12 82 74 -51 -64 -97 47 -2 88 -20 78 -86 -22 65 69 54 67 56 -16 6 -47 49 69 -35 93 -89 -75 25 1 19 -12 26 -82 80 82 68 -6 -82
-53 12 87 -45 -28 80 -25 79 -65 97 7 -34 -55 5 26 83 -15 8 56 99 -36 -28 -42 -8 -9 -63 -24 32 28 78 -37 37 2 88 -88 46 -58 50 78 -99 -2 -90 -8 82 63 -69 -17 73 -52 -64 -8 55 67 96 -39 50 -53 46 -88 -78 49 -38 -42 -45 19 92 90 60 84 1 -72 -35 -47 93 43 -36 19 -96 88 -55 -98 75 78 -21 -79 52 91 -62 72 96 -56 -82 -33 9 64 32
47 48 77 -9 13 -91 -20 -66 -31 4 -22 -11 45 50 22 92 -73 -23 81 55 -64 -23 -93 38 -50 -8 -80 36 -42 82 -85 59 -2 4 -78 14 99 61 98 -96 -50 94 -92 -21 60 -28 -96 74 70 -12 33 83 6 -26 82 -73 36 29 15 -91 -16 54 22 62 -8 94 71 -14 60 17 59 34 0 1 -63 39 -30 76 -97 -52 21 -31 -42 -25 -19 60 62 86 -13 24 -35 -17 -5 4 42 64
-51 17 -2 -23 73 -85 -82 -10 95 -10 -30 -38 -67 11 -39 -32 66 -86 -55 -69 59 -78 9 89 -69 -80 -30 -77 25 -83 -26 -47 -76 91 -97 44 66 -8 -93 -5 82 -20 -2 50 62 -32 72 -40 -34 71 -23 95 96 89 -37 -54 -100 -50 23 74 96 -48 98 -47 -17 -76 81 -45 87 35 -62 10 10 -85 -51 89 -11 75 36 74 16 -56 95 -4 -66 97 -62 -1 94 -63 -21 -37 16 -90 38 16
20 86 92 -2 -33 98 -100 89 63 69 40 -51 -70 6 -37 0 82 60 -63 -24 -69 57 64 -78 16 -69 -82 -67 -85 -33 -37 95 68 -2 -48 -58 -4 77 -40 25 65 96 -50 48 -76 -65 15 89 66 75 -95 29 -63 18 -20 -46 -60 65 -79 -54 71 2 -48 -92 30 -89 78 1 12 45 30 -94 40 -20 23 -48 29 -50 -9 -75 -63 30 -41 -71 -18 -61 71 -33 8 37 90 41 22 72 30 72
-84 62 -91 9 -56 -86 -33 20 -84 98 60 -89 -77 76 -60 -77 7 61 -79 -98 -45 53 32 97 -67 -65 -4 41 -82 40 99 -29 -68 14 -83 -52 -96 67 -94 -80 -44 -54 60 -76 -65 81 21 37 84 -41 9 18 95 64 -97 15 66 -2 -68 20 -64 43 9 54 -40 -11 -1 84 -77 65 -72 92 97 -21 15 -97 49 4 2 10 -48 5 -66 -65 28 19 -27 -45 -7 -69 -12 33 99 24 -48 -1
14 27 -86 -40 91 75 87 -46 75 -91 45 -56 -64 -75 99 58 58 6 73 -44 0 38 -32 20 -32 22 83 16 25 -32 30 56 46 33 -82 39 78 -62 89 56 98 42 -65 -73 86 -98 -95 61 91 59 57 32 44 50 99 43 -16 54 -70 57 -88 3 93 -32 -86 31 59 67 77 -99 -18 16 -91 -65 92 44 41 28 59 -4 43 83 -82 69 -56 23 51 86 -95 -69 -64 -44 -55 -8 69 46
8 4 -86 35 0 21 -12 -87 -10 -25 -75 7 98 42 10 -27 -94 23 81 -86 -92 -68 58 -50 59 86 37 66 -68 -25 60 68 58 57 90 -81 78 26 13 -37 -45 -32 96 72 73 86 -83 -31 -24 -17 97 71 -8 -6 -41 -69 -82 71 97 17 65 -30 52 9 -74 -11 20 -89 65 -13 40 -91 -75 -86 -97 16 -98 -56 20 -8 20 -46 -18 52 75 64 10 -42 49 29 -91 26 56 -74 -28 77
-51 -79 31 83 63 -88 94 33 -44 70 2 -75 40 41 -65 83 8 -15 -24 89 22 -57 44 -75 -3 97 -8 -43 -96 -58 93 -56 30 -3 -53 59 65 -77 46 -90 -25 84 -24 8 96 -55 -41 48 -22 83 -80 -2 17 -65 -28 -6 -62 67 -6 91 -6 -48 -2 -14 11 -80 -48 -24 15 41 80 52 -56 -77 -63 18 -1 -9 -37 -7 75 81 -91 -28 -68 -17 -54 -13 -80 -14 60 -46 -2 -68 -49 -29
2 82 -73 -80 -23 -99 -44 99 61 52 93 25 -70 -4 67 -12 74 98 39 57 23 -24 -97 34 -41 30 61 28 -92 35 24 -29 -84 68 -89 -4 -66 -91 -85 27 63 22 -19 15 -76 47 0 -29 -39 15 63 46 1 -95 -14 21 -90 96 61 -64 36 -83 -30 -46 73 86 41 20 -40 -55 -28 -59 54 42 96 -45 68 -63 -32 -91 -82 -65 -68 -84 -37 -29 19 -26 63 72 -43 -11 77 -23 52 24
89 -1 11 -7 -59 -38 24 47 10 -89 62 28 -95 -31 -74 -62 2 83 -9 57 93 -83 35 12 -24 69 36 45 16 -81 78 14 -77 64 -49 65 -10 -8 77 50 74 22 -33 36 60 -48 -97 57 37 11 -58 -89 -73 24 81 -9 82 -8 82 -57 94 25 1 90 -31 -7 45 -66 35 34 -51 87 63 23 92 58 -51 70 -59 -68 -49 94 91 68 89 -53 -19 63 76 64 7 -93 -4 13 20 -51
-47 57 -61 15 59 65 -96 60 -6 17 -20 -74 -28 -54 -73 -6 -24 -3 29 98 -46 -17 -97 -20 32 6 84 9 37 -21 -24 24 44 48 -53 3 0 36 -52 3 -15 -100 -32 -16 49 45 -74 75 -57 -25 -83 24 20 4 -72 94 52 89 16 1 -88 -44 -45 -22 42 -81 36 76 -56 36 3 50 -4 -6 55 96 51 6 81 -65 -75 77 -30 14 -35 -47 47 53 -87 -86 -100 -13 36 87 -41 -62
-46 46 -57 97 36 64 -67 35 -11 40 33 38 75 6 80 39 -38 71 36 19 30 15 -35 73 95 -31 -9 -49 -86 21 -37 34 22 92 91 42 4 -7 -56 -11 90 -23 -74 -30 65 -68 -45 -23 -2 20 -76 -23 -2 -51 -40 2 78 -99 9 29 34 -50 56 57 -44 50 -64 -65 63 -65 -42 -25 68 91 -17 -100 53 -87 83 -90 -87 -92 -31 -65 -17 -12 -6 -79 14 47 34 69 -60 1 37 -66
-27 -1 30 -48 15 9 -26 -77 27 -66 -85 53 -73 -52 55 -2 -78 -88 35 93 -57 -93 -61 -92 -10 -34 11 72 -73 -17 50 -77 89 44 -82 -51 -86 -57 -31 -72 39 -21 -37 67 -42 46 -65 -70 -22 32 -54 99 -72 51 41 -60 -1 -53 -93 -84 77 -97 -80 47 -40 -87 71 -2 -31 -61 30 -82 -88 90 93 -33 -28 55 4 -72 -94 -77 -73 50 -96 43 62 -38 2 61 -78 98 92 50 45 -38
9 -75 26 -13 -60 -62 -11 85 61 -14 35 -78 79 -34 85 50 -73 2 57 56 -41 12 74 -84 60 77 49 99 61 -16 -92 -44 -35 88 78 -12 43 55 -42 -11 0 -20 13 -14 80 -92 10 -18 -92 -28 -88 -18 -65 94 59 12 -24 51 -57 45 24 -96 -38 -51 -43 -61 83 18 -91 48 -6 86 47 39 -55 -39 -10 -16 -4 78 80 -38 -67 36 -42 32 -53 -79 -11 30 52 -86 45 18 -23 62
-82 -66 -71 -53 -4 13 64 -32 59 92 -55 -34 83 75 -70 89 10 92 -49 -21 78 11 -22 82 34 86 -79 65 35 7 0 45 -13 88 -39 57 6 87 -55 -76 27 -14 20 32 -51 -4 84 -33 3 73 -74 17 -43 54 -66 -63 24 -51 -43 -63 -37 95 23 -85 35 -94 -78 82 36 -82 27 72 -87 -70 43 -23 -34 76 3 -73 3 -63 51 -24 84 -6 -87 21 39 -32 24 -44 85 -55 47 57
-27 52 -84 -96 -2 -79 48 -99 -21 -12 -59 32 -4 -85 13 -45 18 46 -59 62 98 -97 -46 70 95 -78 -13 -39 73 -42 55 -83 -54 44 40 -47 91 25 -48 -36 -70 -17 42 45 -9 -16 53 -38 63 77 -60 29 -7 28 -22 52 -57 -88 68 40 87 14 39 -56 -30 61 53 -25 69 61 -71 11 -66 60 35 -56 -79 -100 -32 -36 -76 41 25 -84 15 89 48 71 72 61 86 97 -26 64 -64 19
-35 37 11 33 2 6 85 60 -1 -78 -2 41 -24 -18 -48 73 -81 63 -5 75 61 47 4 23 11 -81 -82 52 -32 -68 -39 85 -13 -35 -6 71 19 -61 -68 94 68 -38 46 96 -34 63 44 34 41 34 82 42 19 38 -34 76 -82 -9 -58 -95 -45 51 42 85 59 92 83 80 64 -51 28 -8 23 99 48 53 -47 -58 -76 -43 82 64 -57 32 -39 37 -33 95 -7 -60 -75 8 40 -3 -84 -99
-90 27 -19 38 0 68 47 -28 46 -58 38 -96 -47 -100 89 51 -62 -79 -72 15 -57 93 -18 6 38 86 -69 -6 -49 -87 -66 4 -28 65 -79 -64 -51 63 -100 -23 58 -46 -89 90 -64 -15 10 93 -24 -1 24 6 12 -3 99 42 91 7 -47 45 31 24 56 -30 -19 63 -34 15 -19 78 -84 87 -53 -72 -77 33 -75 -44 72 -79 -35 79 68 70 65 14 -49 -36 26 4 -90 58 -86 57 -78 39
73 -4 -28 -7 -47 99 -66 78 41 8 91 38 -73 77 33 -24 -87 3 -66 85 86 48 81 -70 -47 72 19 -86 86 -19 -83 51 55 -63 -77 79 -55 51 34 94 99 33 94 -38 -97 -43 71 -69 60 35 85 -52 -85 -22 -23 -66 -79 89 22 -93 -84 -61 -64 -90 73 -90 -68 57 85 65 -56 -89 90 -68 -60 -29 5 76 34 57 54 63 81 -29 8 -43 40 -34 -55 -1 89 -17 -68 -84 20 -80
-27 98 -26 -1 92 83 -95 -31 -18 88 -34 -45 97 -15 -48 -79 -25 -34 -21 -53 -60 -24 -19 20 -85 -69 -44 68 -91 -32 -48 17 -28 -90 17 -78 -64 49 68 -92 79 46 99 80 -30 -51 67 61 -58 80 -6 18 -88 -61 24 15 53 -59 -19 -28 -87 94 -68 -31 -10 -23 -42 -8 -25 20 26 1 -43 37 -69 -4 -70 -32 -70 44 76 -34 70 -22 4 -48 2 -25 -16 -60 54 -82 62 -65 64 -55
82 -12 -44 27 50 -76 -79 -82 -73 54 -49 -98 71 17 -26 38 -63 8 80 97 56 -35 -38 19 -92 97 -42 82 93 66 5 7 -22 22 -69 57 -7 -72 3 -4 39 -23 38 46 74 80 38 -94 85 13 -41 -31 -12 66 -40 -99 -79 -61 6 -16 30 -88 18 -75 4 -16 -68 -36 19 -23 -96 -28 -93 45 0 60 -93 -18 -22 -86 -17 14 67 -72 -89 -48 -68 -28 -74 51 5 63 49 64 -57 -39
-39 66 -34 11 66 86 62 12 20 -45 77 88 89 -13 90 61 1 34 -3 32 -45 -73 -41 -48 -35 73 -45 41 13 91 5 45 -16 -13 -95 -59 20 48 -1 86 -30 90 -98 26 94 -34 -49 -92 41 18 -100 -16 -66 -66 0 -79 76 36 -48 53 -92 -63 67 71 -21 -12 -50 84 26 -42 -53 24 -84 -69 66 -14 80 0 -16 -51 -56 5 -80 32 17 93 24 64 -92 -36 -43 52 68 81 -95 -31
-79 36 60 -17 44 57 -24 92 -44 -91 58 24 96 72 86 -87 54 -12 2 48 60 30 77 59 -59 2 -15 36 -50 -84 -24 98 -47 -12 91 30 57 25 -88 -79 88 -47 -3 52 6 79 -64 24 50 87 -88 80 38 -57 -78 -13 -74 22 21 -10 -39 -95 -89 49 60 -45 91 65 35 13 18 39 17 -26 91 -74 -71 53 22 75 -18 45 -83 -40 -88 40 60 97 -15 -49 -65 -54 -33 -15 -10 16
58 -22 -59 80 64 -51 71 -58 15 -51 -20 87 -93 -63 -24 56 -64 -41 -58 -64 99 2 -91 -5 76 6 -31 -15 -18 35 -99 54 2 -16 48 11 -15 3 -42 -42 25 6 1 21 -6 11 47 24 -31 -44 -27 40 -35 -84 -4 -6 -40 -70 -13 -31 40 -24 13 19 -18 -74 77 83 -74 12 47 79 -7 0 81 -30 39 -99 -78 36 73 -19 -7 48 30 79 57 71 -99 -76 -21 12 -69 -1 37 -1
60 -20 26 30 -97 -69 -54 65 -99 76 44 -84 -62 68 -31 43 -24 73 -22 24 -64 59 45 33 66 76 35 40 95 -95 30 83 -35 -55 -15 -27 -85 46 48 -28 -66 1 43 -35 11 51 69 -68 45 -71 1 -23 -22 -33 87 -81 25 1 -93 -1 62 -98 94 53 33 14 74 -88 -84 53 -16 -8 -52 -96 -43 99 -6 -40 44 25 -86 -68 61 1 67 -12 23 -29 -48 4 1 -88 78 5 -56 -2
64 34 -28 32 80 -7 35 45 -65 32 -6 -80 46 -53 1 -63 53 -37 -82 -30 -28 -23 37 92 24 12 -41 -46 -55 -65 -31 -34 34 78 55 -69 32 10 55 20 54 -38 58 43 -24 5 81 52 7 54 -3 -94 45 -97 58 -14 -47 -87 -52 -49 -83 91 -93 -58 -82 41 59 27 -12 55 -17 -29 -94 -10 14 -100 -16 -99 14 17 -48 -4 -55 -13 93 -98 61 -75 -45 -83 97 -26 67 74 5 -28
29 76 16 15 11 89 -40 -85 -77 -29 22 -29 86 77 -65 18 -33 6 -22 -5 -58 -11 31 -59 -51 -10 61 -57 -78 -5 55 -94 15 63 -81 -58 -9 -89 -52 -27 -55 18 32 -16 17 10 93 -2 -26 -45 1 -60 38 -84 -1 -62 -7 -44 -8 98 -4 7 -38 22 -36 1 56 2 30 -38 82 -40 44 34 30 -13 3 -42 47 6 -77 -60 -51 -27 46 12 5 -20 77 64 3 -9 55 -98 -59 66
-37 82 41 42 89 89 42 59 -36 -52 -9 -28 18 17 69 -16 39 17 86 94 86 13 -31 67 -70 -78 68 -10 20 -89 -48 -84 6 -76 20 86 48 -83 -12 -48 -48 7 -45 83 -73 -45 39 77 50 -39 69 23 30 -74 -76 63 -48 89 -43 79 -5 74 99 -18 51 -36 64 -90 34 6 89 54 25 -76 -45 -56 -22 51 54 61 83 -60 -16 -8 -98 -64 45 64 -58 22 -98 90 -92 40 -65 39
67 69 -58 -94 -95 27 -71 -59 -65 -6 86 -37 -93 -47 -15 -55 -92 83 82 -15 -19 98 53 -65 6 64 -74 -24 71 97 52 95 86 -43 45 -54 -5 -76 66 60 74 11 69 -3 -31 22 16 -97 91 38 0 98 -68 45 -86 2 -82 -16 -83 95 -53 5 56 -42 -20 -60 -67 54 -71 -86 38 -43 66 84 -10 84 -59 90 -92 40 41 -20 12 11 -61 -87 70 91 -9 5 -77 33 57 34 -35 -68
-44 -77 54 -34 -13 -43 -4 7 -26 -81 27 -54 -48 28 36 -3 -2 38 -51 -12 -94 -51 81 96 -31 80 -79 -20 -95 -5 42 57 -8 98 57 -62 97 85 -99 18 64 12 -44 85 47 -83 16 -91 10 67 -29 -26 25 -63 41 75 -29 80 -18 18 51 70 -73 69 -98 80 -51 -29 -22 -63 23 31 70 -54 -25 55 -3 12 -55 47 -44 -52 -33 95 71 -25 32 19 -81 71 -62 -63 71 52 5 -64
-65 46 -70 -17 -32 -7 -52 20 64 66 -82 54 57 -94 -2 -19 -42 49 -80 -40 77 -76 -91 15 99 -94 -82 83 -36 4 -61 -38 -22 91 33 -24 -79 -26 -28 90 24 -28 9 4 98 -98 -41 78 -98 65 6 -6 91 -69 41 -79 8 -69 -24 79 -21 -2 -62 -52 89 40 49 -36 -18 -56 -34 -87 -75 87 -66 0 49 9 61 -30 13 44 66 -29 17 74 -61 56 -26 82 -69 -36 -43 -84 -80 -76
58 4 -70 -19 15 -98 18 26 -18 91 7 26 -74 11 -58 25 19 -36 67 -51 79 -23 27 -60 -3 86 92 -36 -49 43 -49 92 -82 88 93 73 67 -40 88 -37 -52 25 3 10 -7 -69 61 -62 -49 54 -63 -1 84 -63 9 -75 12 -8 69 14 -60 -26 7 -54 -67 20 -87 2 44 0 -47 94 -25 17 -37 0 -94 33 -89 -24 42 -27 -99 72 98 58 30 27 -75 -56 29 2 -45 43 -26 -16
39 15 -74 -17 0 -52 -36 17 87 -14 -50 -44 -96 23 38 0 -67 -1 -90 42 -33 83 49 -34 46 37 69 32 11 26 -82 68 -92 49 69 40 -56 -68 -47 -66 -21 45 -76 -10 12 -53 -71 -29 -74 36 44 92 -4 -36 -29 54 -48 63 43 88 45 -28 -17 -40 -85 -76 -35 52 -28 -39 -72 -92 -19 -7 -59 62 78 -43 16 17 -98 13 -57 -42 -63 95 75 -93 27 -1 42 -29 -55 -95 23 -13
6 -75 38 77 -69 -21 10 -30 59 55 18 12 -98 14 12 -70 4 -86 -88 88 -99 73 -47 38 86 85 -57 31 23 88 72 5 27 39 -96 -78 -41 73 31 50 -50 15 98 32 68 85 36 71 18 50 14 82 49 -59 45 93 -13 80 -76 -35 38 -6 41 -27 98 32 76 -20 -58 35 -67 11 -74 -56 -11 -37 15 -21 25 94 62 -83 10 -12 30 -55 32 18 -48 -63 -80 -42 -24 -34 -13 -83
-27 0 -7 -47 -79 -30 6 77 98 -94 92 59 -31 -88 -47 57 -7 77 51 -98 42 -27 9 19 -90 96 -37 -32 3 -75 -91 -76 11 96 56 -70 -8 -82 81 -56 44 -10 -66 57 -24 -61 -18 14 3 39 -47 -96 -91 -46 -88 10 -75 92 14 44 40 63 -81 82 35 64 -41 15 67 95 -97 36 -54 -28 75 78 -67 -43 -24 23 20 14 60 -45 -63 -8 94 29 29 13 -8 -53 31 -53 -23 80
46 -97 64 -72 49 -45 62 -55 -11 -45 -68 -7 -9 69 -51 98 43 -40 77 -35 21 62 82 -82 61 76 49 20 -64 17 -84 68 44 37 -13 70 -76 -67 25 -72 -3 -100 -48 81 56 -12 -41 97 10 29 3 96 40 -51 -52 84 94 17 -38 54 -30 58 15 31 -3 -84 -58 -9 98 -37 69 71 -6 55 -57 48 -82 33 -59 67 87 -98 -34 18 -5 44 12 62 72 -69 2 59 -34 -10 3 89
-88 10 -29 -75 -68 -42 52 31 -93 27 42 -59 -77 61 -24 -40 -13 11 23 93 6 12 67 94 -61 -29 -31 90 12 76 78 91 -65 15 -54 -82 74 37 -91 -39 2 48 80 24 -67 8 23 -8 85 -21 -43 -9 -88 93 57 -21 47 48 -73 -45 -84 21 90 83 8 20 -39 4 -13 24 -80 -53 13 -25 49 -56 -36 -87 18 43 31 -9 80 2 -93 -34 -68 -11 -20 -5 -35 -58 38 33 -1 -85
-52 0 -54 94 -7 57 -90 7 -91 -16 37 -1 90 57 9 -7 7 -82 33 29 -99 -81 22 -12 -71 3 2 -13 57 -33 -93 65 43 93 53 -85 -38 6 14 -77 33 -86 61 -68 -3 95 -75 90 -97 25 -49 -41 63 -55 70 -56 -17 -79 -17 10 -25 -89 32 79 12 -80 32 -19 23 87 -88 -87 -5 -42 -72 40 31 -76 -67 -90 5 63 -38 -6 -23 -20 60 58 -26 -11 83 -21 -58 34 -35 36
49 99 93 83 -48 -11 -35 -8 41 99 47 -39 86 79 -14 -67 9 -87 26 85 -85 -33 -39 24 -34 -66 38 78 -1 -24 -21 -89 48 38 43 -35 -52 7 75 39 -43 -86 49 24 -21 -63 42 31 13 -25 96 32 69 -45 12 -93 -73 13 -56 75 -94 16 89 -86 74 64 -53 51 -35 47 -75 -32 -75 35 94 69 45 49 -24 -83 48 8 19 51 -50 -33 70 3 -72 33 -38 51 -26 43 -41 52
63 2 67 13 -63 50 40 90 -63 -83 -26 -47 -58 9 1 29 17 29 4 6 -9 68 -3 41 10 99 11 4 69 -48 -74 -67 -17 28 62 -93 -7 2 94 -83 -13 8 -94 -54 76 46 -17 41 -39 45 -78 -23 8 -38 -93 11 85 2 -61 79 77 -88 -91 29 -55 45 -87 6 -59 -73 -66 25 2 45 -31 -63 -56 34 25 23 -80 -79 37 61 -95 96 88 43 33 -9 91 -27 -65 66 68 76
-10 45 -66 28 13 -7 57 22 -19 -76 3 31 26 53 15 49 -58 -56 77 0 42 54 -62 -41 38 42 2 -4 3 -1 -21 82 -66 14 -100 78 -40 70 -35 -52 93 -4 -55 10 58 -10 -55 85 -94 -5 -37 -77 -6 -2 -29 -15 -13 82 40 -90 56 -33 27 79 -7 -43 -21 4 -48 41 13 -21 -22 70 -78 12 -73 -26 -40 37 -67 41 78 7 58 61 74 8 -63 -33 -66 90 96 -31 75 -28
55 -27 68 -89 -21 -8 -74 20 43 -86 62 20 43 -27 12 72 -56 44 -34 42 18 -82 -16 84 81 11 3 -41 -63 78 -37 -9 8 51 -74 45 50 20 -54 -27 34 -49 -82 98 -36 -70 -37 22 96 -47 -100 70 -22 -49 -20 69 48 -21 -1 -73 84 5 -20 73 11 -94 -95 40 -35 -76 24 -57 29 29 -32 61 -29 61 55 87 -80 -22 15 -23 -6 48 -50 -22 -95 -30 67 81 -71 39 -11 -53
-71 -96 -10 -25 35 48 24 67 -83 53 -9 -25 32 23 -25 -69 -57 -49 39 -27 41 74 -33 -99 -45 30 -19 93 48 -93 -2 -21 -6 -59 20 -87 -98 -22 19 79 82 87 56 -49 66 48 -76 18 68 -41 29 -23 49 -35 -27 54 -99 -65 -24 83 -64 10 96 -69 -26 2 67 0 84 -64 96 45 -84 50 -3 -83 83 7 -59 44 32 19 -64 -43 -32 0 -69 19 56 -82 -87 -77 -21 -44 82 65
-91 95 -68 -69 -42 -14 -81 -68 -21 -49 -27 -15 -95 -19 82 -63 75 99 40 32 -1 -5 -26 45 -4 99 -14 61 -89 96 -36 -25 6 -13 5 -86 20 -31 65 3 -98 93 41 -52 13 -47 -53 57 -59 94 -83 -60 -2 -56 -48 -52 -63 93 -22 1 -11 -82 -1 -76 -54 -33 -87 -91 -83 28 85 92 -50 -67 47 -20 -25 52 -87 -68 -90 -12 -64 -40 -28 -20 24 72 63 36 -63 -8 -44 56 -46 0
41 82 69 -44 -13 53 11 -74 27 55 73 -62 6 14 35 19 29 -74 -72 92 18 10 94 66 29 90 8 64 -26 43 37 -69 43 69 -45 47 -84 1 -45 1 -59 -70 -9 30 -84 -90 -87 -92 -44 -60 -82 -48 17 48 11 72 60 4 -42 66 25 -70 9 4 8 -8 -94 86 -55 10 38 77 -68 22 -1 -55 95 -76 28 25 9 53 -7 37 -97 14 -98 36 -84 -43 20 63 79 -69 -68 77
-41 2 -6 -39 2 -80 91 -86 47 21 -37 -47 88 -54 67 88 -83 -86 -31 57 28 -27 39 -36 29 -53 -48 -3 -10 -26 88 6 90 75 -20 -24 -65 -53 27 72 -65 68 -93 8 95 -27 -2 -13 39 26 22 -91 -62 -75 7 34 -1 30 44 -34 -2 28 -99 -91 -1 12 87 52 -89 -87 69 7 -52 -98 13 44 -68 8 70 8 -23 54 25 1 56 -51 -35 84 -71 87 79 -56 33 -67 -94 -61
-49 37 4 -45 52 -83 81 -57 -26 -88 -37 47 71 -72 -62 -63 97 -50 -23 62 -3 62 -79 -12 61 -42 34 -75 -58 -64 -17 48 17 -35 41 -97 -4 29 -89 -32 -27 85 -99 -48 -65 56 -94 -75 72 89 38 98 -6 -81 92 -15 -31 -30 -20 -84 60 62 -12 52 71 -99 8 94 -64 -6 16 -61 -95 59 25 39 37 46 87 -12 -58 40 65 -65 -33 89 -59 11 -66 -92 85 -91 -60 70 -6 72
55 -91 -23 -22 88 -69 -37 6 1 66 -63 -61 41 34 39 -58 -13 -6 41 43 -45 43 -92 2 -29 83 46 8 22 33 80 50 51 -60 42 -15 -85 32 32 91 62 -5 28 -98 -37 61 -67 3 87 -1 14 80 88 94 -55 62 34 64 -50 69 1 62 38 -28 -63 74 -67 29 -61 99 48 -56 -40 -74 19 55 -62 7 -50 -85 25 97 -79 -19 -60 98 -83 23 -55 -61 -83 28 -9 -26 -27 -52
1 -56 -31 5 -2 -62 -54 -17 -65 26 93 78 -40 -73 52 94 90 -18 33 2 80 78 31 53 97 59 59 -27 -10 -72 68 92 -35 -90 -1 89 -83 -35 -58 54 -70 -8 58 -37 35 -50 6 -52 -62 -58 46 -25 60 -93 -24 16 50 -40 -15 -96 -81 -42 -85 -53 -45 19 -98 8 -56 -67 93 -57 27 7 -46 23 -4 -52 -68 -43 -71 -78 16 -13 -16 -8 78 -56 4 75 30 -27 82 -99 19 56
-67 80 -18 -28 -26 73 38 -71 40 -88 -18 80 -77 -73 55 97 -73 90 32 -64 44 -50 19 -66 -73 -44 91 -20 -25 7 -69 29 -39 -12 72 -28 -39 -77 89 92 58 75 69 -25 -48 42 14 9 -69 5 -27 -27 -81 36 -49 48 90 82 94 5 -58 -4 11 41 -56 0 34 81 -25 56 -58 8 -63 -17 71 -68 -94 -85 -6 99 -89 83 16 -5 74 83 -96 79 -66 86 -7 49 14 -69 99 -68
49 60 -74 -79 -23 -6 -98 -43 68 -83 5 24 -6 -53 89 9 73 -66 64 48 93 -37 24 -76 3 -73 36 54 -56 13 12 6 22 -65 -68 -3 7 -39 16 -53 -51 -52 86 -63 -55 -23 5 -23 26 19 -51 29 80 19 -65 -27 -87 -10 -35 86 36 -46 13 -97 69 -47 -69 61 33 -43 -51 -78 42 4 18 9 -27 -50 61 -27 81 61 63 -86 59 -29 99 52 -88 -53 86 55 18 1 -57 -41
39 99 -5 -15 70 84 36 -46 20 71 -62 -42 78 89 -46 67 56 -94 31 0 -27 -51 -2 -16 87 29 -1 -13 98 -86 -47 78 -84 45 -4 -46 24 -39 29 51 19 59 -91 -14 -82 -13 -77 29 -99 -78 -100 93 55 -18 88 -8 32 -43 62 -7 75 -41 -61 61 20 -10 63 -2 -51 74 24 53 -17 32 -77 44 -69 -53 88 -6 -63 70 -18 -46 -47 49 -33 -2 -31 10 -67 -72 -33 -27 77 42
6 23 -45 -97 -10 -16 94 -71 -81 -17 -99 -5 46 -22 -86 26 -76 -98 -50 56 -61 -4 85 89 -5 -43 -37 34 44 -97 -48 86 68 -9 -8 67 43 58 -42 -51 13 -41 -46 89 -57 64 8 93 22 25 3 54 -67 79 -71 -15 45 -43 -71 -98 -38 2 -37 26 36 95 55 36 91 -24 -56 18 47 66 -6 -43 22 60 90 59 63 -96 5 -13 46 -5 4 70 -47 -37 6 -100 35 65 -82 60
-57 -1 87 9 72 20 29 -31 -58 -67 -74 -89 -29 -34 -8 20 78 -38 45 -23 -24 16 21 96 93 14 26 52 -10 26 -94 -50 -11 -50 -8 -39 -96 -20 -4 -31 89 -54 12 79 29 -80 91 40 -92 -88 9 -73 1 -83 -92 47 -93 -57 21 -74 10 93 -10 -74 -19 61 -30 22 68 88 45 17 82 49 -18 -27 -11 -33 42 79 25 25 44 21 -6 18 65 3 -95 6 48 -94 32 51 50 14
-39 -5 -18 -65 -12 49 -15 -21 -17 10 -76 17 99 94 -58 33 -27 30 -77 -5 75 -55 -91 -19 -97 82 26 -40 80 -44 71 -91 7 -23 -85 -76 15 -58 -33 -82 -6 20 53 -44 23 -5 37 94 32 -89 16 97 51 95 -1 91 87 -92 4 73 -38 71 -45 35 -32 86 -46 -67 -81 89 -41 97 17 95 49 44 81 -98 81 87 17 43 -78 -73 -13 47 39 14 -89 11 -11 75 -59 -99 -87 -48
60 27 10 82 18 15 -31 78 -76 -92 16 90 -56 -8 10 34 49 27 66 -67 -4 -57 78 63 33 -56 -83 47 99 -43 -34 -52 -93 95 -77 -21 89 -78 54 -44 61 -77 91 15 -26 81 -33 -39 -15 54 -34 11 12 39 43 44 -53 -86 -12 86 -30 -40 84 47 -4 43 93 -55 -76 18 77 -45 -30 27 1 57 -87 24 -24 -78 14 37 9 41 -77 0 6 71 -51 90 -37 38 11 70 -22 -31
24 47 -15 82 -93 54 -81 3 37 -35 -62 2 26 -82 37 39 67 47 0 -49 -29 26 -16 14 9 -41 -7 97 62 -82 -95 2 56 74 22 -89 69 -49 35 -43 76 72 -81 -80 33 66 -2 62 -89 -19 13 -82 -85 -4 -96 51 30 -29 -2 5 19 80 -33 66 -78 -19 -11 32 -100 -27 89 39 80 -59 -41 29 69 -19 -84 81 -23 -41 15 68 2 -9 -26 53 83 -37 18 -76 -39 37 -90 -55
-74 -17 -100 -2 38 -41 97 -62 -96 -77 66 96 95 14 95 -89 74 -44 -2 43 33 -62 11 -76 81 -71 30 61 25 -19 62 23 -90 -47 -3 39 44 85 -52 -58 46 -77 9 -32 88 -42 45 -64 74 -92 -13 65 -72 -66 78 -97 -32 -43 98 72 -37 -97 22 -83 16 -14 -48 -27 -2 73 9 -60 -32 -91 -14 79 -90 -19 96 4 57 -96 -67 -24 -42 -14 47 -8 -72 -10 84 -4 -17 12 6 41
-11 3 59 95 -69 -88 -40 82 39 0 24 -92 -55 -46 47 99 -97 96 12 30 85 -25 6 -74 -88 61 14 -77 13 -53 6 77 45 -84 48 84 -35 -27 -38 -14 -37 -92 8 -81 -69 94 83 -35 27 -45 33 -35 -13 85 84 41 -54 -38 -97 -44 -36 -3 -73 71 72 -44 70 70 -62 -75 14 -30 -20 -93 -76 56 90 -80 -6 82 54 -22 -70 -100 97 -53 24 1 84 -92 32 47 70 -14 15 1
-10 84 78 -36 75 -45 -36 84 34 -14 -21 47 -32 97 87 -70 72 85 2 3 -33 -6 11 -25 -41 3 -25 -99 -15 -87 1 -86 -42 -85 79 -74 56 -51 -27 -57 -28 -100 46 -100 91 -40 -89 85 41 -13 70 -6 69 1 43 89 66 -88 -65 -36 -18 51 -46 49 -95 58 81 -68 -56 35 8 90 11 87 91 -24 44 54 92 -77 25 52 24 -95 27 -47 -69 -56 -57 -45 -91 5 85 47 92 -16
-72 40 -52 38 61 -82 21 -89 -97 -85 44 -87 -6 -6 69 53 23 41 -25 -48 88 73 -72 -99 92 43 -77 72 -27 -42 -26 62 96 -50 -55 84 -91 -90 36 13 72 73 -7 -64 -1 -59 -6 -87 -28 -30 -100 31 -51 58 -100 86 -77 -23 96 30 48 -57 9 -13 12 67 -73 94 81 26 94 -92 78 9 89 -82 65 -41 28 81 -56 78 69 -42 -6 -20 -10 -4 -54 -83 44 -75 92 -61 12 -1
-13 -40 79 -28 -47 59 74 -60 48 58 44 -55 57 55 10 91 -85 -2 -51 61 95 -82 54 88 74 78 -56 87 -22 89 47 -30 60 -11 -88 38 -43 40 41 -83 15 -83 66 -13 87 -58 92 17 -3 17 65 85 76 56 -75 -79 26 -100 99 58 98 10 18 36 48 -63 2 29 76 -54 98 47 83 -63 -76 -70 59 -61 3 -7 -26 80 -61 -44 -88 -76 82 -82 -12 80 77 -32 -5 62 -18 -99
-65 45 -51 -73 16 -47 29 3 -12 95 80 -24 92 -89 86 -43 61 59 -46 19 36 87 -19 -31 -18 42 71 55 -65 -60 98 -34 73 -56 -14 70 31 52 -70 -9 74 -10 -39 -92 -4 58 -43 76 -85 -55 54 -37 64 -12 22 -71 -95 97 -64 49 36 -83 -57 -35 -83 -77 -96 -96 66 35 10 -20 -84 47 84 -75 97 -45 48 -50 -40 91 80 -70 -68 40 86 86 -51 46 24 21 67 40 35 -69
-35 29 55 63 17 40 -84 11 -100 -86 99 -59 -92 -14 -32 43 92 -32 31 10 64 -98 -4 -8 18 16 79 59 52 30 40 -71 7 31 56 25 67 8 48 82 72 62 -19 -45 -35 -24 37 -45 6 -88 35 74 35 68 -79 31 -57 -8 -58 3 -97 46 -66 -43 -20 25 82 88 -14 -42 47 -69 89 -13 3 79 19 21 53 -50 40 45 84 9 -57 74 -92 -77 -66 -19 -20 -59 -85 57 35 -23
84 26 37 99 -4 -89 64 -44 7 43 28 41 -88 -40 26 -12 -40 45 -69 -47 34 2 -51 84 -3 48 58 73 -94 39 -23 52 -42 -22 -79 82 -94 -98 -69 -9 -47 -29 16 -15 2 74 43 -67 -57 -16 -80 89 13 33 12 -38 45 17 -1 87 -22 7 -96 -91 -20 -53 -73 -84 44 1 89 66 -7 -90 23 -97 -62 -54 -64 -55 -35 23 -7 -79 -32 -70 -86 5 94 -1 -45 15 20 17 70 -90
-76 -46 78 59 -7 -48 -39 15 -43 -86 66 -61 16 -95 -14 17 -94 -86 -80 97 -62 -46 14 -75 -73 67 6 41 7 -97 -91 78 -25 50 -9 86 -45 -20 75 -35 -50 -65 24 -18 -77 -81 -56 -93 -19 0 -36 49 -11 84 49 -29 34 44 97 30 5 -2 -68 5 -51 -63 9 85 16 -59 -56 44 12 78 2 6 -67 -5 -54 -96 -89 -55 86 25 -33 30 1 85 5 -13 -37 -36 60 -15 28 -85
-99 -25 -92 33 -47 -94 54 -52 -50 39 -34 -100 36 -51 -95 1 -48 -57 4 57 -95 16 64 45 1 -33 36 4 -58 -18 -36 64 89 53 -80 -88 -74 -52 8 -99 14 41 14 1 -55 70 -92 84 96 39 -64 -79 27 3 78 -7 86 -47 -91 31 -95 13 20 -28 39 -21 -90 -37 -17 50 -21 31 82 61 -30 -37 92 -10 91 43 71 -60 58 50 4 95 57 -29 27 1 37 -60 -43 47 20 95
-16 88 -67 -62 -77 69 -7 -6 -93 34 -16 -12 93 76 -65 29 44 -28 41 82 -34 35 99 18 -38 -42 36 -62 60 60 -3 17 -12 69 -91 38 36 -99 49 46 -87 -79 -62 27 -12 -23 95 -7 17 23 -83 -53 -9 72 -93 -59 -71 96 83 19 29 -69 -66 58 -77 -63 87 45 -40 -15 59 12 -44 -31 7 47 32 77 -93 57 60 38 -18 83 80 -35 2 14 41 -23 -15 -74 31 -52 87 67
29 -67 -94 -71 56 65 80 42 99 -45 -40 98 -94 -1 -12 68 -18 49 -75 52 -79 -53 -89 4 42 86 6 -86 19 -55 -39 -38 -87 -16 70 -32 36 -73 15 -39 39 -57 60 43 -62 79 -7 10 -73 15 97 -44 17 89 42 15 -84 34 -21 89 1 56 67 56 24 11 12 -4 67 64 8 -14 -55 20 3 98 80 -42 -6 -37 -58 17 42 53 98 72 -53 -49 46 -45 -10 74 -96 25 -98 -2
10 -74 -77 -44 -97 -57 52 67 -82 67 -26 -9 68 -84 71 -25 -19 62 0 46 42 16 91 76 26 -95 -6 5 10 37 32 34 -9 -72 91 79 14 -31 82 22 -31 19 -45 34 -43 8 -47 -42 -6 47 76 86 -54 16 -87 -74 78 69 -100 2 -19 51 75 -90 87 -23 -67 -25 -39 -7 -54 2 41 5 -75 -13 60 -37 -25 56 6 91 -2 79 98 73 70 -67 99 -17 86 65 74 -100 -42 -63
25 -78 -8 -29 88 37 69 86 45 40 -79 -6 -95 84 -78 -19 -55 -93 -44 40 -30 -38 89 -7 -47 78 -81 83 -7 24 18 91 -34 3 -92 75 -6 61 90 -76 -34 69 -23 79 -92 -84 -48 -90 -94 63 72 -63 -14 -100 82 -29 7 74 31 -50 66 -98 -26 -53 -26 84 -55 79 65 -30 -79 27 92 -45 20 51 5 75 -93 49 91 -82 57 18 57 -90 -31 -39 -97 -83 47 83 37 -41 50 -53
-47 51 0 55 -61 76 91 -61 -57 -45 74 -68 83 -80 35 39 34 -79 24 -85 48 25 -17 93 -89 -28 86 -86 -63 -14 23 98 39 19 64 27 -95 -38 70 -60 15 -83 -44 -5 88 84 -2 89 8 47 -93 -60 -89 -51 35 93 -88 34 -67 -76 87 88 -61 40 39 -46 -14 99 11 53 -91 6 67 -24 -55 -7 -54 70 38 -67 -11 25 -28 -42 -82 -7 45 -13 18 85 26 39 -9 41 33 -91
99 -15 12 -8 -15 -52 -99 -23 -99 -3 81 -36 -62 94 -29 -19 89 46 -53 -89 -75 -91 14 -3 -19 -3 -25 -27 41 28 6 -23 -71 -73 -16 40 -22 -80 -80 29 83 -5 -99 94 -33 78 59 32 91 87 87 -40 75 26 21 85 -48 3 75 85 -19 73 -52 -19 50 20 38 28 96 17 -19 34 86 83 68 -18 -13 -20 -88 21 13 20 72 50 33 -56 -46 -62 -76 -9 -9 -18 10 -23 -14 87
13 98 69 93 25 -74 -20 32 85 -76 6 -53 4 -96 82 86 -91 68 -50 3 15 71 -51 43 89 -96 42 58 -22 76 96 96 76 -17 5 81 46 -25 -74 96 26 79 68 87 -85 59 31 26 -28 -49 58 29 -75 53 -49 90 -89 47 -20 -48 -45 -15 31 8 -3 19 30 26 87 -98 2 -8 -45 28 37 -15 0 29 -31 -95 -38 -90 -69 14 -13 -83 -80 -2 54 11 -50 -80 -2 89 54 88
74 -89 -8 7 -69 -88 -95 26 57 74 -47 -63 91 69 -17 -45 -90 -23 97 0 40 -43 86 -49 -10 -83 -41 2 18 84 -91 -66 -95 18 4 87 -20 -40 9 -4 20 82 88 55 44 -21 -62 40 18 -25 -52 -94 -82 77 67 -99 22 69 7 -50 81 -63 -83 44 58 61 34 12 24 -69 -100 72 68 -29 75 35 -38 -71 8 56 -12 17 -67 67 67 55 54 96 95 34 -42 -100 65 24 -91 -23
-25 80 48 77 40 -4 9 52 -72 86 41 21 -26 -68 52 99 61 7 35 5 24 8 15 -79 -15 -68 37 -28 11 26 29 28 94 42 8 58 20 57 -55 2 -70 26 -93 5 -40 -57 -69 -7 -51 72 -73 -81 77 98 -33 22 -92 -20 -5 -2 39 -97 -2 -9 -71 68 1 -21 -85 26 -37 17 40 -16 55 -37 -48 -80 -41 35 -37 -68 -88 -39 33 -11 -99 -88 -17 -54 81 -38 93 -18 -49 -7
62 -59 -20 16 -73 -8 -41 -71 -5 7 0 -80 -98 31 23 79 -47 28 54 27 -42 89 -78 -97 -36 -43 69 64 -99 -96 96 90 -90 30 -80 25 -90 -85 78 98 35 72 11 -86 49 -83 91 -82 -27 -72 -87 -35 -38 45 12 76 9 -66 97 17 78 12 25 -62 -8 -1 29 46 -95 -6 7 19 -64 -61 58 2 19 -38 76 -23 -88 55 42 -24 14 -23 -35 5 -89 -52 -35 51 -39 59 -61 -71
70 -1 -93 -1 40 -26 -86 -82 9 63 36 -79 90 21 65 6 -38 90 88 34 -62 -50 21 -100 70 -96 95 -88 38 -28 -51 -17 -66 38 19 -12 -37 -66 7 -45 71 -43 1 -43 -41 -9 -38 -1 51 -95 -68 36 37 -68 -6 -64 -82 -78 -23 -74 -83 -16 80 52 17 54 -12 -66 73 67 -89 -48 74 -12 42 80 -86 -25 -88 -29 -54 -6 -92 -74 41 66 14 -48 -74 49 -37 7 -42 71 99 -8
-81 -100 -34 35 60 -99 -7 -66 74 -51 -98 41 90 86 -94 9 49 -88 18 97 -4 -63 88 -10 -1 -74 27 10 -56 80 86 19 -24 27 34 45 -6 75 -3 -11 -73 23 -43 7 -88 75 -88 -69 30 1 -10 -45 -97 -64 65 -79 50 -88 43 -90 -92 -100 33 -82 27 72 -1 -6 4 -67 -52 6 96 19 -57 60 93 -65 -22 88 98 30 -90 94 -86 -72 8 81 -44 -72 -22 -99 -62 26 45 71
50 -34 -67 -100 -30 29 13 -97 47 1 93 -1 -73 66 97 -40 -4 22 -100 16 36 -16 93 6 -32 -51 -7 86 74 -69 33 -73 -77 -37 -67 57 91 -80 73 1 -22 24 -2 -96 -34 -93 -28 -69 -58 -6 -64 -53 95 -79 -63 -1 -27 -56 79 -47 44 -42 -75 -33 63 71 -74 -53 -47 9 -82 85 -6 33 -53 71 -20 43 84 -87 -50 17 -8 -10 -63 -77 2 63 -78 -64 -12 -26 -72 -76 58 38
22 27 64 65 -6 -67 -82 -63 71 99 -45 44 -41 57 -40 -14 -58 -44 70 -71 -5 85 67 27 -88 -58 64 -99 -43 -43 47 51 55 23 -100 -45 -25 -89 -79 7 16 15 30 -81 -87 -50 -96 -74 -92 -70 33 36 21 -56 49 92 71 34 84 -98 20 -80 84 -16 -12 -94 41 8 8 29 85 78 46 -68 12 -64 -96 -79 -36 -19 9 84 74 -42 87 -61 14 90 95 -61 -17 -71 21 54 -22 -20
-85 85 95 -30 -44 -17 -20 62 10 59 70 -9 -51 -85 37 24 -60 -78 -24 33 -15 23 -95 -19 88 -86 58 15 -80 -26 8 -18 -99 55 -74 96 -27 78 -11 38 26 27 -5 -12 -17 51 -6 -3 -65 67 -45 -60 58 83 74 -34 -15 -98 -100 -26 -36 1 38 64 82 -95 -1 -6 97 90 -95 -80 -82 62 -20 -48 96 -14 83 -91 96 -65 -13 80 -61 -48 -78 67 -69 -96 -35 -97 83 62 -28 33
-38 -85 -31 -79 17 -30 -1 51 80 41 39 -79 62 -48 -31 65 64 -96 9 -5 12 -98 -40 -18 -66 47 -67 19 -69 94 -37 -71 -20 84 53 11 13 -57 87 -25 39 70 86 17 10 -12 91 -97 47 68 52 -82 -51 76 -60 -99 10 12 -19 80 45 40 -62 56 49 -60 65 -79 -51 -24 -71 -68 -38 -91 97 -26 -44 -57 65 -71 -43 -85 45 25 -26 -38 -33 50 -25 -26 -20 0 17 85 -94 -82
82 68 -89 51 8 -58 -66 -69 18 45 70 -86 68 -32 -76 46 -23 -74 -94 13 62 -47 48 19 -52 31 -70 -63 -10 85 49 84 28 -60 95 90 -72 -47 -83 -54 -89 87 39 3 65 -40 -61 21 -76 68 -11 -80 46 17 -25 98 -77 68 -9 69 -34 39 2 88 10 -45 79 -100 99 32 -25 -86 48 67 60 27 -43 54 -2 24 55 38 -98 -93 -26 -38 -51 -58 90 -1 20 19 -9 52 2 99
-85 2 57 35 -70 -29 -22 -61 79 -56 19 49 70 59 30 54 -40 52 51 15 -82 34 48 39 -54 -40 33 -5 -94 -29 -29 -50 70 -39 -19 -43 53 44 80 62 -54 -34 -2 53 85 -9 -22 -89 -1 -83 70 99 -34 92 -69 -27 90 78 -92 84 -1 -51 -28 71 4 -33 65 -52 -53 88 -87 81 -30 70 -60 -33 -30 41 -38 91 6 66 -9 30 29 -2 -69 64 60 -30 87 -72 -18 -87 -19 96
85 -84 87 -97 86 58 -21 -66 39 -80 -50 71 44 -94 46 26 -21 -46 -100 98 -99 88 98 -72 -74 44 -63 78 -82 0 87 -17 -87 57 -17 69 -76 7 -96 51 41 67 91 61 -19 -7 7 44 24 62 -49 38 -100 75 55 85 65 -37 -13 38 57 50 -47 -34 -72 -98 87 40 -98 -62 48 2 72 -8 59 81 -93 79 -100 41 -53 93 -9 2 59 -57 -93 47 -11 -49 -5 -7 -99 46 91 3
-95 -86 25 -9 84 -47 -47 82 -5 -42 -26 -77 -65 51 -42 -23 -76 -56 61 -42 2 51 -68 30 -54 89 -84 -91 -93 44 21 56 -11 -82 52 82 -83 -36 -59 90 75 94 53 -5 65 70 -45 13 37 31 96 -78 -64 32 92 -85 -80 -87 27 -29 82 77 -88 -52 28 -7 -79 -79 -29 60 11 -44 -16 48 -25 89 49 -96 -83 -29 69 97 -40 94 -41 62 59 12 -66 -18 -62 43 60 49 -60 39
