95 75
-68 -68 1 4 7 -6 59 12 46 -42 -40 44 76 3 -57 13 -46 -19 84 79 66 77 17 -80 -58 -49 -96 -73 -15 -53 -34 -82 51 -23 -78 -89 3 81 55 -67 -48 -15 86 46 -79 64 24 -24 -34 -93 -78 -86 -10 45 -6 5 -6 29 -40 43 10 -62 -87 22 -98 66 96 28 40 -76 61 65 81 42 -93
13 24 12 -11 64 10 89 -95 4 -10 70 -24 18 -87 44 -20 -1 66 -91 58 48 -10 79 74 3 -58 -28 53 0 -17 -71 -81 49 -93 6 -91 54 78 -98 -31 -5 76 16 -45 14 -7 -60 -38 52 41 90 -29 -13 -71 -49 -55 -11 -35 -22 -34 -77 -4 94 25 96 25 16 81 48 51 -92 57 -47 87 -46
12 -23 12 79 -86 -64 23 -54 -92 -9 -8 36 -27 -79 -99 -5 -39 81 38 -55 -62 -52 -7 72 57 -16 -81 17 -14 -18 30 94 51 84 -72 -60 54 -35 28 -51 84 -59 28 -60 29 -88 39 18 54 -86 7 -63 10 -59 -67 -17 -20 86 92 -34 -85 0 11 42 -33 6 -17 26 99 67 41 -62 -28 12 3
24 57 16 65 6 52 95 22 47 32 -15 92 -11 50 -56 24 -93 -91 -63 -35 79 81 79 0 -78 -84 40 12 90 67 -60 31 0 11 -29 -100 -10 19 -81 -21 75 4 10 22 2 60 -24 -75 -89 39 32 -36 20 -32 95 19 4 6 -98 55 -82 90 -10 79 35 16 89 65 -29 44 -22 -74 37 -33 -49
35 -66 26 62 81 -92 -46 38 8 -13 29 47 -72 32 -84 77 -16 4 -47 89 -78 -85 -61 -40 -26 -11 -25 96 -9 37 -63 89 11 -96 20 40 -2 8 6 -46 65 34 55 86 63 85 28 3 81 -68 87 -11 26 46 -47 -78 -19 -84 11 -14 54 -38 1 -50 -34 33 -64 -88 27 44 90 84 -97 -46 95
-75 -88 -4 -98 -38 56 -72 53 43 -66 53 -91 55 -99 95 49 -41 75 -75 88 41 -92 -23 33 -91 72 -64 -25 52 18 -93 21 -29 75 53 -29 -86 87 47 34 25 6 48 61 -83 -19 -24 40 88 62 54 -99 7 -51 64 85 56 -83 -12 68 -13 11 61 96 -40 72 -72 75 97 85 -48 -65 42 50 30
-31 46 -97 5 57 -28 -57 -67 17 -86 66 -10 28 -96 -6 -8 -46 0 -56 16 9 -12 -1 13 61 -71 57 -92 -13 27 58 -15 74 57 -86 71 68 -61 -42 -70 -12 -71 65 -14 55 -99 -81 59 56 43 10 75 -33 16 9 -44 50 -31 13 83 -89 -58 -98 -17 -16 -89 -10 62 -72 77 -4 68 5 -60 -77
-74 -18 -9 -76 54 71 -83 42 15 -93 -69 -4 52 -31 26 -8 -52 -14 10 6 17 50 -89 43 -95 -51 -61 63 -11 -36 -28 -23 -88 16 -57 89 -71 39 -35 62 -19 -44 13 42 54 91 -53 34 -23 -51 47 74 95 65 73 49 -70 4 4 81 -13 43 -32 1 89 -10 -44 -58 -44 -97 75 0 50 27 39
41 -30 24 -36 43 80 24 70 26 -15 60 -75 -16 -65 -11 -88 -16 -89 -81 -24 -35 0 56 -9 -36 23 -17 16 78 9 64 48 -61 88 -17 -51 -44 -94 -38 -18 -33 -66 76 -92 88 89 -80 32 -74 -72 -21 29 -28 63 61 -66 -23 41 8 -69 -46 -55 -6 -96 62 56 -72 55 43 71 4 88 -57 16 -39
5 -31 96 -93 27 9 96 52 -34 -43 28 -59 3 62 75 42 76 19 -55 73 -96 52 1 -44 -55 -95 -73 -19 18 60 85 34 -23 -68 -100 -15 -79 -85 85 -59 -29 90 -16 57 -90 -92 -91 -4 20 25 -62 15 -65 68 45 75 28 -90 65 -18 62 -68 -82 23 30 47 76 -24 2 11 -8 20 44 2 -45
25 -75 57 -89 -17 74 27 -12 -47 -19 -51 -78 -4 22 -77 47 54 76 57 -53 65 -82 19 42 -72 -81 -55 97 -95 -6 93 37 -12 18 63 -95 27 30 -53 -41 50 -45 -47 57 72 25 78 31 -66 -94 49 19 -64 -63 17 12 82 -88 13 0 -10 -28 -5 94 43 -51 -99 66 23 24 0 -46 -80 95 -17
-7 -33 -19 -63 -14 14 -70 38 72 19 61 -25 11 -2 19 62 -11 -64 -21 4 -75 13 76 -78 60 75 1 -94 46 -61 -28 -73 28 -57 8 -70 48 -19 51 -97 -40 -61 -92 -73 -74 -37 74 87 -65 17 22 -16 3 -53 -15 64 -35 96 -80 82 44 -28 79 -79 -88 83 -92 -13 -80 76 -98 4 60 -40 78
39 -81 -78 68 -67 -1 -23 -43 -73 0 12 -13 46 86 70 86 -26 26 43 42 -83 46 97 89 2 -20 -70 10 52 68 -47 -55 9 20 42 57 57 62 -96 16 97 60 -95 91 68 -89 -12 -55 31 40 95 -52 -84 54 -22 -27 1 -30 -64 31 -95 63 -2 63 68 31 -20 26 35 -79 -75 -56 -49 63 -22
-32 -86 15 19 -76 -99 40 0 -91 -100 80 -11 26 -57 75 5 14 -30 -49 -16 63 -88 -82 88 -82 59 -37 72 28 15 -8 6 -54 16 -40 35 60 -71 -56 88 -98 -98 84 35 -73 -12 -57 42 5 39 50 -65 58 37 89 69 6 -30 27 -46 36 -54 33 22 -47 22 -8 83 35 25 -54 -28 30 3 49
27 -67 56 -2 -90 -90 -15 -31 -46 -1 35 -46 -45 24 86 -96 -45 81 1 -24 49 -58 -4 16 51 -56 -33 4 -33 -43 65 -24 86 75 -29 95 -6 97 -74 4 82 54 34 -9 -100 70 48 -93 -70 -14 35 46 -64 96 82 16 36 91 97 -81 -65 12 33 89 3 1 -11 -36 38 -3 -33 67 -98 -1 58
18 -51 32 9 -100 -24 -17 -65 -62 -46 24 -55 -33 -26 61 25 -46 -100 -86 -28 28 -53 -33 62 99 73 -70 28 -75 -97 59 67 17 -63 -4 -96 3 -4 -79 55 86 32 -4 -9 -1 40 -19 -11 -17 -89 79 -79 89 -42 -90 -90 37 60 -48 -90 -100 -83 1 -19 45 -43 76 84 -49 -97 23 -87 56 57 14
-19 22 -13 -77 63 44 -96 20 -25 -17 83 -59 85 -23 78 -24 -37 -2 79 2 -8 93 92 48 -17 -31 80 25 95 -79 38 6 -76 37 70 7 -82 -86 -90 40 8 15 -53 52 -28 97 0 -23 21 -20 69 20 21 91 -84 78 -16 -62 56 8 16 57 -57 26 11 -68 58 -6 26 41 -54 75 11 -63 45
-52 17 3 -79 -77 98 -74 72 90 -14 69 61 -32 -17 -48 63 -69 60 40 -37 60 81 -22 86 59 -45 -95 91 86 56 -11 -86 -92 6 -24 -38 -17 92 99 16 57 41 60 48 -59 -37 27 -60 -38 -93 86 -85 20 88 -95 -29 -45 9 -7 10 96 31 67 97 -76 17 32 3 12 50 -11 -68 -53 -64 -64
-43 86 -82 69 -97 -83 5 10 70 -56 71 87 65 9 52 -5 95 57 72 -85 -53 69 -68 91 -93 34 -69 34 29 94 89 -95 91 -14 95 -100 74 -11 98 -67 -75 2 -19 93 95 -35 -12 69 -39 81 35 68 56 -10 93 -95 2 97 49 59 -45 -51 82 -89 43 49 55 98 -54 17 66 47 0 57 -44
75 -2 -57 -87 -56 80 -55 -48 -89 23 47 14 -31 -62 -22 -37 -24 -3 -99 -35 65 -35 -53 4 -43 -6 50 54 -88 -58 -98 -53 -95 -19 40 91 52 -51 48 -57 84 -80 -87 38 45 -80 84 81 16 19 56 17 -48 31 49 71 62 56 46 68 24 15 88 18 7 29 -1 -45 -8 56 -9 72 -53 -3 -29
-27 -5 79 80 -5 -99 -42 62 -82 92 -92 -86 -72 12 20 47 53 -18 -84 95 -47 92 -3 -92 -1 6 -56 28 -76 11 -61 13 -6 -45 37 29 -55 -67 -10 77 -21 -91 50 -34 31 1 -57 37 82 -77 93 67 16 -39 -50 0 16 -100 14 17 -7 -90 77 16 7 63 -30 19 19 -31 34 7 -54 27 74
-10 -11 99 57 -26 -7 -80 -47 -59 55 30 -73 18 -97 51 -7 6 -40 26 -55 26 -13 62 -17 -30 89 89 -85 3 -6 -59 -85 97 -48 -29 1 68 60 -86 -39 -84 31 3 -94 83 82 -93 -70 1 90 -32 55 -90 -98 -9 68 27 76 -43 32 58 -68 52 -99 -73 26 65 56 -97 -15 52 4 -16 -10 72
-28 -71 -85 51 65 44 -43 -8 88 -95 -7 35 40 -3 82 -44 58 42 -66 96 -14 -15 -71 -51 -91 -59 42 -83 -5 34 -43 12 87 -98 57 5 29 -33 -77 9 4 -35 26 42 44 17 -76 56 73 77 73 9 -56 -2 63 -90 89 56 30 -76 70 49 77 88 51 57 -37 -9 -57 96 -69 85 66 -15 -30
-100 -25 -51 -29 15 -68 -45 21 -65 -57 -74 11 -42 -37 -65 -84 -70 -44 -58 -60 84 39 -37 91 2 86 -79 4 -30 -85 -59 -7 64 90 -13 5 10 -5 51 50 18 40 -46 5 51 -92 75 -98 95 37 15 -12 -64 -68 -69 -40 70 59 25 16 1 30 -14 96 -72 -100 83 -76 -31 -33 -83 65 -95 50 65
60 70 -92 51 -45 43 -77 38 43 68 -46 -47 -78 59 -75 89 -42 -30 -4 -17 -27 -78 78 83 -57 43 56 81 32 -19 -89 67 42 -17 18 -17 3 -59 43 -62 43 87 32 29 97 -96 -35 16 -66 85 76 76 -6 -57 15 -99 -43 2 77 -48 89 -66 52 64 94 77 71 -64 78 23 88 -92 43 59 6
-24 69 15 -78 -90 64 -23 71 18 -83 95 65 -96 80 -100 -9 49 66 -12 59 89 -88 58 -30 52 76 -9 -97 99 -54 30 85 17 54 62 93 99 84 32 -44 8 40 17 1 61 -97 -86 94 36 -35 -98 44 -99 40 52 -4 21 -75 54 -5 55 -30 -63 -43 89 68 94 70 -24 -54 48 -19 -10 58 -49
89 -69 -94 -28 25 -79 49 -58 -25 -75 7 -60 68 -93 -14 -12 90 -79 18 36 77 39 -8 -41 -4 60 18 50 -65 53 -38 7 -79 2 -87 89 96 -39 -82 -62 75 8 83 -46 -53 -11 -15 73 -28 64 -30 -66 -18 27 72 40 -24 64 -83 -19 -84 28 -54 34 -23 26 -36 35 28 52 -69 -37 -40 94 29
14 0 -45 -21 -76 -13 -52 -38 -7 -24 -43 21 -5 -63 -38 -95 -29 28 27 1 -48 -41 -20 83 64 -51 -64 -46 -79 71 -9 -83 55 36 37 -7 30 -36 -67 -62 -5 41 46 -16 78 0 61 -33 34 -50 74 -17 -87 -2 71 -90 49 58 71 -22 -45 72 68 36 -26 -65 84 17 79 -71 -60 99 -59 -68 53
-97 -14 36 -10 64 -28 35 2 -52 -60 12 -100 -67 54 -68 88 -69 -21 -86 84 24 -53 56 15 -59 63 -70 -16 -13 -49 -89 18 -44 15 -18 -89 74 7 43 90 -48 98 -22 -70 -80 -9 18 -68 37 7 46 31 35 6 -40 -66 -85 78 39 41 -69 32 -53 -10 -51 -68 -75 -57 95 -52 -27 -37 -85 -53 95
-15 -72 27 -59 57 88 -8 99 62 35 -97 86 -46 -3 -44 15 16 43 82 -17 64 -76 43 -85 -98 -67 -46 65 -12 21 23 -45 49 -13 52 -35 65 -91 -10 2 24 -54 -58 11 98 -30 32 -86 76 -84 43 -28 -88 88 18 21 68 -82 75 -95 45 -41 94 40 -61 51 -64 -7 36 18 57 -62 -11 -1 -86
55 -98 -15 11 -55 -50 -12 84 -31 86 -24 2 -27 -22 -79 77 -22 -74 -25 -32 19 94 -50 40 -31 25 72 56 -52 30 -22 -4 9 46 60 -99 76 -44 53 -75 7 83 62 43 91 -32 -66 49 15 -32 22 -12 -41 18 -66 -20 14 0 -8 84 -72 9 -22 20 41 91 10 14 98 16 -51 38 93 -57 -87
21 -50 -4 29 31 53 50 -19 -69 -22 -56 33 51 88 9 -72 -90 69 -79 17 2 56 4 83 29 60 41 -34 -50 -28 -16 33 55 -81 56 61 -17 -97 -100 98 -83 20 63 -39 -57 22 -91 34 4 -85 19 54 46 38 2 -41 -68 1 -96 7 -26 -100 -96 22 -29 22 -69 -32 -16 -85 55 55 -38 86 31
13 -74 25 35 92 6 4 -15 -63 7 -94 12 -50 9 18 -60 -8 -26 68 -90 80 -9 -62 -66 70 35 49 -70 -38 -78 -96 -72 -67 -7 -87 3 -48 62 61 -38 58 30 -75 2 -64 85 -2 13 88 38 -19 -78 40 12 43 39 -67 57 -62 -83 -35 -12 -15 67 80 24 5 38 29 82 73 23 -39 11 30
-76 94 -80 86 -20 49 38 46 -27 -36 98 98 17 -58 87 22 57 39 57 74 -81 64 82 -35 42 2 -13 46 -66 39 -34 -2 -29 -34 41 18 -73 -94 30 80 38 -83 -16 -41 -71 65 -48 -52 -36 96 -39 98 85 76 -79 -70 34 -47 -7 -20 57 -70 31 13 -18 -7 -14 17 -63 75 93 -62 6 -5 -56
33 -63 -18 -69 69 -31 40 -68 -54 60 -12 11 44 3 25 -76 -68 48 91 -75 34 -27 -16 -79 36 -49 -43 92 -11 -61 -41 48 -7 -40 -74 23 16 -59 46 10 -70 -68 25 9 58 55 -70 -92 -18 57 -37 -38 -75 9 -23 -81 -54 -61 94 -21 32 -49 -65 -23 95 78 7 45 -10 34 -12 34 -15 53 89
-37 -3 -91 44 -96 33 -1 32 68 95 -7 46 -76 -20 -68 -17 58 84 -38 -51 11 -46 36 91 5 -65 -25 -30 -18 71 -64 69 1 60 22 -57 82 14 -89 68 -44 88 45 -75 48 57 26 -96 -47 -71 -94 -72 -34 -54 -95 -80 -41 34 -27 62 36 38 -44 -35 -94 -80 -64 99 40 44 -38 -11 97 -40 94
56 -30 26 -26 18 7 -74 -71 -41 97 -32 -83 88 -13 -89 10 65 77 27 81 98 -48 25 -66 88 51 -68 -47 -67 45 37 -53 70 -20 54 -73 -69 -83 12 86 68 93 -60 -31 -62 16 -1 -48 51 -40 -96 8 34 25 94 77 -17 58 77 -28 -85 6 -78 -76 70 28 70 29 36 67 58 -22 -26 82 -91
12 93 -64 -30 7 84 -25 -43 96 55 6 23 7 -82 71 72 -95 -2 -91 -75 -78 -78 43 90 -15 -26 -39 49 52 -67 -8 44 -66 -5 -87 -97 94 -67 48 98 65 -73 55 -51 -93 -2 72 -3 2 -32 2 62 -84 -7 17 89 -70 -64 55 73 -36 65 -9 -96 -57 67 -60 -49 77 60 -91 -2 -4 -36 -45
80 41 -72 78 -77 38 -80 -83 -10 26 -21 -19 -100 -40 57 -75 -7 83 -14 47 -94 16 13 24 9 -68 99 -12 17 32 29 12 -1 18 -94 -55 -54 -82 -66 -58 -27 -84 -88 -63 10 -36 -5 66 -55 23 48 31 25 -80 -47 -33 46 -52 -56 -11 -92 77 65 -56 99 -11 -66 -39 -44 -95 -30 -52 50 99 88
-45 68 61 -83 95 42 11 35 88 94 -16 -9 15 70 20 -75 -14 -89 -68 -30 96 76 -14 -21 22 -42 95 -92 32 -66 -74 67 -92 10 -69 -57 -20 36 12 -5 -38 1 -1 -89 -95 96 28 -63 17 -7 -12 -81 -36 -31 50 -64 23 91 8 -28 -29 -56 -2 -22 -92 -69 15 73 -23 -50 12 -24 -99 25 85
49 93 -51 60 -29 -68 43 69 -96 27 58 36 71 -35 -23 -3 -61 -70 41 25 -21 66 15 15 91 61 -47 2 26 25 39 -78 85 -77 92 -51 21 41 76 23 -67 -9 96 40 47 -48 0 37 31 64 25 -71 95 0 7 -2 29 -6 84 -82 -78 85 66 -81 20 91 62 38 78 65 29 99 94 6 43
-58 -40 88 65 -32 89 12 71 46 -49 28 -61 -47 -65 22 -8 -87 -58 10 -37 -21 68 76 -94 -48 -34 -77 30 0 -37 17 34 95 2 85 4 -73 2 -3 28 -50 -31 -25 34 -30 73 82 -3 10 32 24 1 -98 -41 15 9 90 -59 41 -34 63 -76 16 78 98 -67 86 -64 73 8 -36 -81 35 7 65
-27 -72 -13 94 -6 49 30 -73 -51 -87 3 -36 -70 -68 -45 -55 45 -18 18 19 -10 64 -87 -92 -26 31 93 81 40 69 15 -6 -5 -93 -59 97 -80 15 50 -81 63 67 98 -37 38 -98 32 -100 68 16 -5 25 27 80 -34 71 53 87 -41 -68 97 -6 83 -7 61 76 -56 -11 86 35 -6 -33 22 -20 50
-92 -27 1 -44 -94 -5 -86 24 -44 85 82 -52 95 -2 -13 24 52 32 4 -38 0 27 -30 -78 80 -59 -19 -96 16 66 29 -11 46 -50 76 80 99 -31 62 -78 18 3 46 -52 -28 -8 -94 23 35 -35 2 3 -83 -100 -19 -83 -29 76 38 51 -93 -75 -11 -46 -22 58 -48 -14 86 -33 -37 87 -28 -75 -3
-12 -3 12 -19 3 -9 57 -99 56 -47 48 -98 -49 -50 92 68 -93 85 -52 -44 -31 -8 -8 -69 91 77 -83 57 -63 -38 4 70 53 36 -46 43 -2 49 -28 92 -64 20 97 -20 34 -79 92 82 40 1 82 -37 73 -72 25 95 12 -50 -62 40 -65 -77 32 -55 64 87 73 84 87 -72 85 47 27 -35 28
95 84 -21 -75 61 18 -58 -75 96 -12 -54 -68 4 27 -78 -26 41 24 41 -24 47 -29 -9 82 -7 -2 -2 76 79 73 38 -52 88 7 69 -57 -97 -23 -5 69 -90 -15 -74 98 -40 18 -87 -6 -20 38 -78 45 -57 -8 52 -84 -16 -21 50 35 82 -78 61 -81 94 90 23 9 -49 -83 -47 -5 82 16 35
51 13 95 42 -10 -97 -16 23 -49 49 -91 -51 -96 68 54 91 23 -6 -50 -77 29 41 -99 -39 -44 -42 -66 -56 -89 22 49 26 54 91 -28 71 -55 92 -42 -8 85 -42 4 -4 -3 82 -97 18 -21 31 70 -48 55 90 24 -13 -73 -46 28 -32 -56 65 37 -29 -85 96 56 -74 -36 82 32 92 -25 5 92
7 36 -4 15 15 77 -48 56 11 -100 -9 59 61 -61 -51 64 -7 14 -93 -22 30 -52 46 91 40 -90 10 -66 77 -42 6 -83 71 20 1 -68 49 -99 -35 85 -34 -42 -5 22 -74 15 -1 0 -46 3 -59 -47 82 6 36 -83 -19 8 67 -32 17 -22 -79 -9 44 38 -79 -25 -22 12 86 30 -81 42 -93
-23 15 52 -34 -99 -4 -92 22 -5 -7 -12 -29 -58 85 33 13 -10 -63 -14 55 -6 -83 -94 -91 -79 -24 74 76 97 79 -5 33 4 -88 89 -36 -8 -73 -76 62 -50 -87 92 -30 38 95 -78 96 40 -19 -25 -9 -34 -12 -41 -92 -48 -28 -74 -90 -8 -82 78 -28 -1 89 39 81 -1 -69 65 -26 -20 -85 30
-39 77 20 35 -35 70 -19 -24 -78 83 55 -74 -74 -58 -18 49 36 -15 52 -82 -84 43 34 86 -53 -52 56 -61 61 27 -41 -13 -16 -5 -59 -13 59 17 -48 62 23 -79 -81 -74 -100 41 38 -70 55 14 -8 89 -46 -42 26 -75 44 62 21 11 -45 -11 52 19 -8 -72 -25 -45 -86 31 0 81 -58 -48 20
-32 -75 -13 -37 -70 38 14 60 63 37 89 -38 -43 -4 -3 20 1 -15 72 -4 -43 48 12 -91 2 -5 -86 -53 -80 -25 48 -66 19 -7 58 -1 -16 -63 -16 -90 65 -27 29 26 21 65 8 11 20 -26 70 -27 73 -40 47 -66 -15 -75 48 -62 -93 -37 -86 68 -64 57 -8 -96 37 -16 94 -33 -17 -29 -16
-14 -66 69 49 -45 -59 -30 86 88 17 -87 34 73 15 -8 -69 69 11 57 20 -25 -33 -68 -100 95 -63 -12 -25 -10 -80 30 76 34 -48 63 7 -13 -13 86 80 -3 -93 74 3 -9 29 45 -23 -13 -56 -47 -65 -96 -49 -6 -18 36 -93 -100 91 13 45 46 -88 -54 -30 -16 66 77 -57 97 -12 12 -65 84
52 -80 -77 91 84 -34 -15 28 28 -60 17 -21 -18 -50 -20 89 74 2 13 76 11 49 60 -57 10 63 17 35 -70 28 38 29 43 -36 -88 2 -37 92 95 65 66 46 52 88 28 -25 27 -6 52 95 -63 71 -57 -40 -33 -100 -9 -14 8 -36 -22 63 -9 -57 74 59 -59 -21 -26 -26 -62 -72 -88 77 65
80 32 5 -7 39 -47 -70 88 79 -5 15 -93 -41 89 94 4 -91 -52 19 11 -31 72 -52 73 13 92 76 -15 -38 -32 32 -9 44 -46 -47 -35 88 -62 19 27 -28 -33 -98 7 33 -79 67 -82 -11 8 -15 -46 -4 28 -56 -99 -72 47 77 -84 86 97 -88 55 -38 34 51 -96 86 -67 76 -94 23 75 -4
68 49 -3 89 22 85 -58 -95 -85 23 -64 -41 -64 -60 78 83 84 -36 27 85 40 -20 65 51 9 88 -37 84 68 -73 -81 27 -39 -57 -2 -17 75 -29 15 -94 -97 -6 -45 81 83 -38 73 44 17 -60 53 -9 51 -62 85 -40 57 94 53 -6 -22 45 -21 41 -65 68 69 6 30 -15 73 -27 93 -66 -27
30 5 33 9 -63 82 -97 -63 -26 -80 3 -17 3 64 17 57 63 27 96 -81 39 46 47 -16 86 94 -73 -19 -61 6 73 14 30 87 -46 36 90 88 52 6 -55 -66 -97 32 92 -83 80 1 51 64 96 19 45 53 -80 57 55 36 19 52 -6 34 62 -34 40 73 19 59 -49 50 -36 52 -46 70 30
-18 91 81 51 67 86 24 21 40 -38 29 -96 -42 -23 -88 87 44 11 -88 -46 -19 -75 -6 -10 -2 -81 25 30 -36 -81 31 -63 -61 -48 59 75 81 -1 -60 -24 92 88 -19 94 97 91 1 -21 71 85 -88 -81 -53 53 11 83 54 -84 45 82 -100 -72 10 -34 86 -53 -36 -89 90 -73 -5 -72 0 -67 93
-70 -87 71 -24 37 -44 66 19 36 49 -8 3 -56 -55 -20 77 32 -51 7 22 32 54 99 -21 -73 -19 7 -97 37 -59 66 -73 61 78 59 -36 -65 -93 -80 -47 65 37 -83 43 -49 -31 72 -31 -63 31 51 76 -68 29 -15 65 -28 4 -51 93 -72 -94 7 -23 86 -73 -32 86 40 -85 0 -23 7 -8 38
26 40 -92 40 -94 -100 35 -77 4 68 42 5 22 68 -26 -39 -73 16 -2 -4 51 -91 -2 -19 -83 49 54 -86 28 45 67 65 73 73 28 -85 48 33 -89 -40 93 31 -27 7 57 -78 -93 93 85 13 -93 24 62 18 -6 52 26 49 43 -10 -14 3 -28 -17 64 -20 40 19 -6 -39 13 -70 56 -58 -50
95 51 -21 -85 95 -26 -72 72 4 -70 -58 -85 35 4 -40 -78 -93 98 -14 21 -56 62 81 39 54 -15 19 -45 9 28 -16 53 60 91 -31 78 88 91 -72 44 -96 -50 56 -6 -44 -36 94 75 98 92 -23 29 35 -5 22 -29 -51 37 55 -45 -28 -94 -35 42 -57 42 27 -91 -71 -44 -91 -7 -60 90 49
29 77 82 92 70 84 1 0 35 50 -87 85 27 48 37 62 60 69 -95 -75 93 8 71 -30 -18 -57 80 31 70 -80 -40 15 53 62 -83 25 27 -97 65 96 -79 83 21 -27 -49 -18 81 -57 85 -86 34 97 -2 39 91 -76 42 -3 -1 -89 75 -100 -58 -67 26 49 -74 22 11 -53 -37 80 -74 -33 18
-81 -33 -95 74 -54 -24 60 93 -56 -34 4 -82 -69 -71 -79 -30 -68 88 -41 92 56 -51 -28 84 41 36 -70 -48 48 26 -66 22 -15 -53 -81 -8 -1 12 99 -63 -13 51 -10 -57 39 20 53 -87 -97 77 -70 43 50 44 9 -72 5 -65 18 -9 -96 61 -9 -87 30 83 -15 -46 39 -31 54 14 -24 -74 -57
-34 -58 -47 63 99 -41 -14 61 -70 58 9 -98 49 -73 21 60 -15 1 -97 44 28 67 -57 -89 17 49 -9 -9 93 25 48 -11 92 82 66 96 -7 68 48 -40 -30 -96 34 99 64 17 20 64 -59 66 24 3 -41 -54 16 65 -20 -10 86 -28 38 -90 15 9 -63 11 -3 63 50 54 69 -85 11 53 -55
18 12 -54 14 54 -20 -92 -40 85 89 -94 4 -74 84 69 62 -98 0 61 85 -94 52 23 -84 14 15 -26 -54 37 -84 16 -68 -22 -41 -86 -38 -26 -10 78 15 -30 27 83 -76 -64 9 -66 -72 -83 -12 80 89 34 -66 -8 -74 67 -40 11 88 -9 -82 -15 85 -30 -10 49 -97 23 -30 40 -11 -86 36 -58
-87 -51 42 49 18 -39 -30 22 10 -33 -17 -27 27 -25 76 -59 53 25 -8 -8 59 -13 19 72 -1 51 -7 66 19 5 -27 74 17 -58 79 87 -27 -23 1 -24 18 34 -90 95 -14 98 -53 5 -85 11 19 -50 -26 -75 -50 -97 89 -72 -62 45 -65 2 -83 63 70 11 -79 -33 -70 15 97 53 24 -53 -37
-99 69 -36 -17 -30 64 5 23 18 -50 -16 -26 -84 29 79 -74 8 2 -30 37 62 -81 -93 -88 17 23 89 -37 -35 92 74 -65 -25 -93 37 -19 -4 38 15 99 -3 -61 99 -92 89 91 47 -84 -37 21 -59 -3 -90 91 0 35 46 -10 24 95 17 70 -65 -78 85 -36 84 32 44 -76 72 -49 -66 -75 -56
96 53 27 -38 45 -1 -50 51 44 79 68 -56 -53 -59 93 -93 -20 -97 86 -31 -37 72 -32 42 14 97 25 57 92 21 -76 93 33 73 -91 -58 -47 -21 23 4 -78 -30 -23 -52 80 30 -98 68 -5 90 -52 -62 3 -9 -16 -81 31 67 95 -94 -62 26 -48 59 -57 -61 -79 -12 -9 15 31 -25 65 -59 26
-92 73 26 47 -31 -61 95 -48 -80 97 43 2 91 -20 -70 -67 43 16 -66 57 89 -61 6 63 -44 16 28 -66 45 -74 83 -57 39 38 -88 26 12 -59 -64 -62 -53 70 3 15 38 45 55 -77 -61 -41 -32 -80 -63 93 -81 -49 -42 -77 -15 59 -74 -44 -23 0 -89 -72 88 -66 -69 -87 -76 99 -27 90 95
-49 -57 1 73 97 60 38 32 83 -79 -4 -80 -47 -46 -15 30 96 -62 57 -31 -11 10 71 99 35 -2 62 99 73 37 -68 -49 99 -72 48 -55 -97 84 38 -89 -5 3 1 80 -18 -41 -87 51 4 1 -75 34 14 -55 2 63 -79 -41 20 62 -19 -38 12 84 81 -89 44 22 6 -20 79 -36 97 -27 52
63 -100 -90 28 -15 -97 -62 -55 4 -37 44 -6 -17 -48 -75 -28 76 64 29 52 -51 -45 21 34 -80 -84 36 56 64 99 64 12 -2 21 95 -47 -57 49 47 61 -24 -92 -13 -2 0 -80 -89 -34 -3 40 70 49 50 39 -47 61 -17 -6 59 -62 57 43 43 73 4 -97 -78 25 -50 -38 54 72 -91 2 -59
71 -28 17 -98 1 10 -89 -99 -58 -36 55 5 83 -84 -80 11 68 -23 -32 48 -84 97 28 -81 84 -28 -37 96 -30 20 11 28 -92 66 99 -78 38 98 -4 -7 41 49 -46 79 -12 -82 -81 -30 -2 -41 -87 -51 13 -10 51 -67 -55 92 34 -60 37 -45 -47 54 15 -6 55 -6 61 -35 94 -60 -70 76 88
48 -15 -83 -3 -63 -14 -76 -80 27 -77 -46 -53 -35 97 -69 -40 28 -89 92 26 44 69 45 -61 48 -59 52 55 -84 -30 90 72 -48 -22 2 -52 32 30 -1 -44 58 -65 -11 -26 71 35 -5 -75 -98 -80 -1 16 14 88 90 72 -86 46 86 78 -46 -40 85 -44 -65 54 92 42 95 2 -8 -75 -6 56 23
-61 -77 32 -69 -22 75 -79 42 81 -5 -64 -95 39 25 -71 -5 75 38 -58 28 -77 -19 -34 -37 -31 85 -17 55 -37 18 23 81 -6 49 95 -69 -3 -69 -79 79 39 -91 -92 51 -42 -11 38 67 -58 -65 -39 -96 85 -31 49 24 0 -85 93 53 70 -76 59 -86 -21 -39 -87 -68 32 86 90 -67 17 58 -19
63 47 -90 -60 -17 -41 39 75 72 -46 -76 -96 10 55 17 59 25 14 -34 13 35 46 26 -58 85 26 -68 -47 53 -41 3 3 21 89 -68 -68 54 86 -44 12 68 11 -66 -86 17 -67 -89 17 28 91 41 -43 51 -5 -3 -19 14 -78 92 -8 14 24 24 60 -82 -5 70 29 -15 99 -81 76 -92 30 95
-72 69 -44 69 -23 -43 -98 -19 -14 98 -54 82 38 -9 34 96 15 24 22 -16 51 25 -49 -27 40 -57 -10 8 42 -79 -12 -33 -22 55 -45 -53 -48 -12 -59 -47 -43 8 -36 -63 -6 1 -31 6 -82 -52 -24 69 46 22 -100 -39 -67 88 -1 -74 94 -54 93 85 23 -82 -22 -8 -63 9 -63 31 77 38 31
9 -31 -28 -33 -74 -13 48 62 -83 54 70 -46 90 27 76 -49 -37 -7 31 -78 18 16 -61 26 -99 58 21 -45 21 51 43 12 -68 27 -26 4 26 -95 14 1 -47 26 7 25 -80 -62 28 -84 61 3 41 -23 7 60 -83 9 -6 -77 -1 17 -100 70 -97 20 56 -66 -39 16 81 70 -2 31 -79 -45 84
89 -54 4 87 -16 -19 -37 47 68 25 -12 20 -8 39 -91 -1 85 -84 -17 -37 -51 86 69 92 11 34 10 79 -95 53 72 26 -14 1 -82 93 89 -29 -46 33 -39 19 55 40 -49 -4 -96 54 -83 20 30 94 -87 -18 14 -56 -43 -34 -57 97 -9 -4 -14 -93 60 54 67 -17 -15 -65 95 32 -70 4 -26
34 15 40 67 43 3 -34 10 -72 -98 -81 -39 67 -42 61 42 -12 -22 -8 8 78 -17 -58 -8 20 6 56 83 -85 -26 99 -87 49 -74 68 -1 54 -34 -56 75 26 62 -69 -24 -9 14 39 6 17 96 95 27 99 59 -92 -72 28 -62 80 85 34 -3 25 -33 -35 -59 32 -61 23 93 -21 -93 43 16 0
-72 92 30 -45 88 7 -69 82 -61 -21 -71 31 65 -73 76 -35 78 -10 62 -26 -16 87 69 36 72 95 74 -65 71 -69 4 31 68 88 -100 -29 -29 78 -23 17 -57 69 -73 -10 51 -34 4 -40 78 53 -61 74 -91 -18 -67 0 54 30 60 12 66 34 81 16 -55 46 25 -19 -11 15 52 -53 -48 65 -9
-30 -9 -79 -14 97 -92 82 91 21 6 -54 36 68 -20 58 3 -23 -62 -7 -79 -37 -78 -29 70 18 38 57 51 -54 13 8 87 59 -51 62 -66 63 -32 -62 14 -50 -70 36 68 -97 -14 -35 55 40 95 -24 11 -65 -99 -80 98 18 -65 76 -83 -68 87 -15 17 81 76 87 8 -68 28 -1 4 -34 -38 3
-36 -46 -15 38 64 39 -62 45 -49 -82 -78 -42 36 20 56 -96 -52 50 69 92 -21 -37 -83 91 88 -2 -99 -48 -42 -91 6 95 76 -43 -71 -83 15 55 -45 58 30 46 -30 -3 46 66 32 38 -81 28 32 74 39 35 39 -38 -34 38 -26 -3 34 -45 -43 -16 -28 0 41 -85 -14 -64 57 -98 46 -24 -99
-13 55 34 -80 30 22 81 56 -86 60 31 67 -83 50 20 5 79 25 -16 31 -57 36 90 58 -41 58 65 84 89 48 84 -22 98 54 5 -65 -2 65 11 60 -20 -94 -80 -15 67 -68 64 98 -83 91 -21 -27 67 -68 -75 51 -14 -57 -100 30 -36 4 65 74 41 37 99 -18 88 -96 40 -27 49 -95 -26
32 53 85 -95 -74 48 89 61 15 -83 76 -49 -99 -22 -78 63 44 94 27 -31 -68 73 91 68 21 -29 -21 41 26 8 17 -96 -32 -95 -37 72 -95 14 41 -50 -84 11 -36 -63 64 -71 1 83 -63 79 -53 -70 -95 -7 40 -97 -29 15 10 -90 -68 -79 2 56 -13 57 72 78 90 9 37 -58 21 -32 -92
3 67 -89 -74 56 75 80 -90 37 89 -87 -28 -67 -24 53 70 -73 2 36 52 12 94 -3 -70 16 -86 97 -37 29 -31 -7 4 -44 46 74 -64 -51 -86 16 42 98 -53 57 -25 22 -99 4 -59 59 -3 74 -41 -11 -4 43 -93 41 -56 60 -27 -21 89 -72 29 -74 -85 -20 38 68 -97 71 -79 8 55 -70
34 34 74 -75 -40 28 44 2 11 11 50 45 89 -8 61 20 -46 -9 69 -28 -91 55 -81 68 74 51 -22 -10 73 49 62 -93 67 9 6 -74 -88 72 48 -68 32 -98 -61 75 -26 -76 16 16 -46 -94 84 85 -82 48 21 91 -53 43 -30 76 -60 19 56 -83 91 19 -94 17 27 -80 89 -79 -57 -43 -27
3 81 -18 34 25 93 -68 -65 92 46 89 83 -24 -39 -12 96 65 -55 7 -100 94 91 39 -66 70 -77 84 -82 72 30 74 -88 95 -62 30 83 -58 50 45 -19 40 -65 -14 -55 -37 20 38 67 -82 -40 -11 99 -48 -87 -50 -55 -21 95 -37 -72 -70 46 -13 -51 -58 -7 52 -30 -65 75 92 -98 -55 71 -70
88 -27 92 -23 -84 26 73 -11 -3 -13 39 -32 -53 -94 -10 -89 86 85 -24 1 28 1 -90 -48 -24 20 15 -5 -60 -56 -8 34 32 68 -23 60 3 -27 -44 54 -24 -3 -85 77 45 -94 -62 -34 65 75 3 -45 52 -17 33 -15 -12 -10 -49 -64 -11 -93 -47 99 -64 59 43 48 7 71 -39 17 31 -64 55
-99 63 60 -86 -79 80 -21 -58 -5 -50 -64 -78 96 -97 -52 57 -92 -95 -35 -78 74 -96 95 -46 69 -64 97 24 -65 -40 -36 33 31 48 79 14 88 -12 -42 11 -1 -30 28 -79 13 24 79 14 71 65 -93 -85 34 -22 -22 -58 -45 -49 50 -7 -58 36 15 -37 28 -23 35 78 99 85 -85 -79 -15 22 28
22 -48 -72 -58 62 89 5 87 -68 2 -93 -85 71 73 -92 99 4 -34 74 43 84 -76 -23 -72 98 -63 -94 98 -81 39 5 31 65 17 -34 -23 -22 -7 -84 -80 -75 25 -18 -6 70 -71 -50 -70 -62 -79 -37 7 -60 55 73 87 -54 11 28 68 -49 17 -91 -75 75 63 -36 32 -32 -80 -18 47 54 32 1
48 65 97 46 1 -7 69 62 -52 35 -75 73 -65 46 9 -30 -72 -40 -87 79 63 -78 -36 -49 -28 -95 -58 77 -94 -97 -25 -68 20 18 -46 19 -40 -86 99 -92 49 -23 -27 48 57 70 43 -43 62 90 21 -78 -12 -73 -50 -31 36 30 -29 -2 -4 0 -74 -8 -34 87 -84 22 -19 -2 -53 44 38 38 -55
22 -68 2 -23 20 30 -51 -25 30 76 -5 70 -70 40 46 -17 68 42 90 -91 -35 -81 98 31 -73 -62 -76 -27 55 91 18 87 -52 32 -85 -37 -32 -95 -22 -91 -43 -72 77 -45 57 49 -80 -39 -3 -34 -69 67 10 -42 74 -46 -35 63 -85 -47 -35 -7 -43 16 34 29 -9 -64 80 6 -49 -72 13 -25 -92
31 -57 -99 -74 91 89 87 68 -71 96 -29 38 -26 57 -86 -83 -82 37 39 55 20 -57 52 32 -47 77 -74 -27 -25 62 41 -94 -64 -44 87 -73 59 -95 45 -74 16 30 -73 -88 19 -86 85 -47 22 80 5 -87 -14 -36 92 52 -74 87 39 -20 28 -71 47 -66 31 7 -68 27 58 29 17 -89 93 93 -96
-17 -15 73 55 30 -33 37 44 97 43 -23 5 53 -17 13 -69 13 -99 -3 72 -24 -68 -56 -18 -79 16 -100 34 81 19 76 -71 -29 -96 61 41 38 42 29 19 73 -80 84 -64 -55 75 64 98 38 11 4 60 95 71 -8 -12 11 -4 87 -40 -93 -95 76 -1 60 80 95 -22 48 -42 -49 74 -97 15 16
-36 -6 4 23 -54 57 14 43 -85 37 -32 -17 -17 24 -32 77 83 -92 -58 29 -100 2 -16 -18 -30 -52 -19 -28 -70 85 64 -13 57 -89 -8 -85 -3 4 -34 4 70 97 30 -12 -58 -7 66 -49 -76 -10 51 46 -81 -19 25 -45 -87 -94 -75 -68 18 81 -59 -26 -17 56 48 -29 -85 -55 27 63 52 20 51
-48 -79 76 67 44 -5 -96 32 -88 97 77 83 -98 64 42 -73 -18 -86 85 52 -24 -97 -28 68 96 -94 -89 28 -44 14 -36 -91 -6 -48 2 11 21 38 50 -27 18 -56 -94 6 70 -90 -43 43 10 75 24 -89 18 -96 53 68 -62 60 -35 2 -30 75 -30 4 11 12 -37 -87 98 55 12 49 -99 22 -19
