51 35
65 49 50 -100 58 -68 43 -61 -94 15 48 8 -27 53 25 11 -2 -78 67 -44 -48 -9 18 -91 22 -42 64 35 -20 86 -25 -96 -33 41 3
-67 42 -36 60 -17 -45 30 -13 -41 62 53 58 30 -79 -98 73 -48 -9 -5 -18 -71 -72 10 -44 -35 16 -45 24 -4 -25 34 16 31 2 -2
60 76 -63 57 90 -64 24 -22 69 -35 -7 -65 -59 -87 -63 -50 77 33 -6 -90 65 6 98 49 -82 -24 -78 -3 -25 -40 -7 -76 -68 -46 42
-80 -2 -29 -45 -93 9 47 -49 -66 65 -74 47 80 88 -97 -68 -22 54 -2 -31 96 26 67 -82 18 72 3 -97 -100 84 -86 39 -29 94 40
79 57 -9 -36 52 -69 -62 -73 40 81 -50 19 71 53 91 -45 4 64 35 92 -75 -95 -92 45 53 -73 51 11 48 -94 35 -64 20 12 -50
69 95 -90 67 -3 3 -48 -72 -52 -47 65 -46 7 77 88 27 -34 86 -46 91 24 -71 37 -78 -67 70 -52 84 -78 3 60 79 9 31 -58
-7 -9 -78 63 -26 58 -29 92 -8 26 59 -22 7 -66 -8 44 36 19 -52 -66 -88 25 23 -30 -54 47 -86 -71 -39 -8 30 85 39 13 -84
-84 31 77 -66 -65 32 -70 -43 -92 -63 -98 21 -56 32 -10 62 89 62 30 5 -100 -35 -35 10 10 37 -77 -29 49 -5 -56 65 -80 -69 62
0 -86 72 49 -59 -41 -31 38 28 -25 -26 -62 -80 48 99 -84 -2 82 28 14 76 -63 -29 96 21 67 93 6 -80 -45 3 -4 -93 -99 48
-10 -86 -54 14 68 85 -58 -33 78 -96 -79 -56 52 68 83 -40 -62 -34 76 -14 74 -74 -13 -90 74 -37 -68 -73 -9 78 -9 -55 -62 44 -9
-95 50 48 8 -78 -30 -72 93 -91 61 94 25 -40 -73 98 -68 -6 -58 -83 -88 -74 -7 41 37 -90 -81 16 -39 -21 -76 99 12 66 -65 21
20 56 -17 6 -52 -39 63 35 10 37 87 54 -55 -35 -50 -30 68 28 -43 99 -76 -87 53 75 12 -19 -44 79 -62 80 4 -44 41 -40 68
-52 -59 -43 11 5 -1 6 98 52 26 -8 41 -19 29 -87 37 15 50 -40 -47 -10 61 -17 -14 16 97 19 63 -11 -40 4 49 0 66 16
-88 -37 -96 -44 -50 -62 89 94 88 -73 60 85 49 -34 7 26 9 -55 15 -69 47 -57 -47 12 82 -64 49 25 -33 -28 49 75 -26 85 -75
15 -51 -38 -84 45 89 62 41 -82 -14 96 26 79 -89 -60 33 70 -86 -14 42 -85 93 -35 68 -63 37 7 91 -35 61 27 77 54 -58 35
28 77 -26 -69 43 -33 23 14 -91 80 -30 -41 90 -5 75 10 35 -65 -81 -43 -72 28 -13 -23 24 -57 38 -3 33 82 58 69 81 15 -33
-10 -44 86 41 -42 54 13 -37 -70 -13 -32 -69 -24 5 -23 48 -90 63 -39 57 58 -80 -16 -8 51 -15 -14 32 -24 66 3 -86 -24 -14 44
-98 -31 38 -83 -40 69 -60 93 89 10 32 33 -72 -63 23 -95 64 -46 -46 -7 76 93 77 55 48 -4 49 48 65 79 30 -88 80 -80 -99
89 27 73 -11 51 5 -94 -4 -50 -96 -65 81 36 -97 -63 -64 -38 -32 12 -27 24 34 41 92 -57 60 -99 -32 2 95 82 -77 -47 -76 -84
22 26 48 54 81 -96 -89 78 29 -63 -49 79 -88 74 -89 6 57 -2 63 -49 -68 39 65 -40 -96 -28 -95 22 -81 51 -94 -73 -82 -87 -71
-88 6 24 -83 64 42 0 55 -20 67 -30 38 -36 0 24 -82 -2 9 49 -86 26 -43 -52 88 46 75 -78 21 51 6 -23 -32 -97 29 -34
83 -100 -78 91 15 -56 -80 49 47 -49 91 23 96 23 -5 36 63 -86 -31 -70 -5 -15 77 92 -51 -58 39 -71 -98 -85 76 41 64 -23 83
79 71 4 97 0 97 85 74 91 67 96 -63 -7 -2 -8 34 31 91 -25 -82 -54 -5 -22 -50 82 -22 67 76 -14 44 -31 -2 46 -56 -74
20 -66 -92 96 13 -37 -47 -14 -52 -32 -31 -61 65 -69 -49 48 -75 -77 -74 45 30 59 -84 81 -4 -40 -33 99 91 -88 97 -24 -78 -76 -40
-1 -77 48 82 -2 -19 32 -17 21 -2 -11 -73 67 -68 -8 38 17 -10 -75 -12 -92 6 -52 42 71 -30 5 -94 16 67 -38 30 89 -26 -71
28 98 -78 -87 -55 -51 16 -99 51 -69 -31 72 -13 -19 -43 48 -93 -100 -56 -11 68 -27 66 60 92 -88 -41 -1 -42 -88 -12 -1 -23 -80 27
-99 54 19 97 -91 68 -99 -58 12 -74 72 -52 -93 64 -94 19 84 -90 -59 -3 -51 54 -10 -66 11 -26 -69 -26 -47 -71 31 -6 -31 38 -25
31 -78 97 -94 25 -85 -97 12 -69 87 -36 -60 -57 -79 -41 -41 65 25 -64 -20 -97 32 72 -14 -4 0 90 62 -51 88 49 10 -69 95 -29
-94 27 -90 -44 0 -38 -53 53 19 -68 -21 -1 -37 -41 -56 59 9 43 -85 -93 37 -66 84 -18 -57 93 48 40 98 -3 -14 -32 61 27 -19
55 52 16 -48 -42 87 -30 -37 46 -30 55 -31 21 -67 -29 -89 32 92 -45 -76 36 -63 98 97 -78 64 -51 -69 11 -36 -21 -97 -1 -32 23
77 -84 25 -56 0 -59 42 48 -27 -63 -89 68 -78 22 7 84 49 29 -60 68 44 -1 -52 58 -61 65 69 97 44 -20 28 61 3 9 -89
47 75 -13 28 -44 99 92 -31 25 44 85 22 -7 58 16 80 -21 17 -24 39 -51 58 76 2 -26 62 -81 97 67 18 -100 -13 40 -5 -16
-7 -55 -100 24 26 65 62 21 25 10 96 29 -19 78 39 44 7 -97 -57 67 17 2 2 31 53 -39 17 -43 -37 -16 97 -75 47 -96 -96
44 -94 -85 -80 95 -48 -49 42 12 3 47 -81 -37 -26 -19 59 -26 36 -91 -61 -75 25 -50 -64 -67 81 50 -99 97 -80 -23 -90 9 -70 72
-15 -38 -76 16 -79 -10 -30 4 -72 86 -94 -62 -59 -27 -23 94 31 39 -11 -4 -47 -78 -53 -27 22 -84 -14 -13 -74 53 80 -96 -54 -90 -61
-44 -36 -6 -94 6 -77 -44 -43 77 38 -7 -6 -42 -66 -24 -94 -23 49 31 3 -40 -68 -73 39 -80 33 58 77 -53 -14 84 -81 -52 -60 -95
67 -92 23 85 -74 -11 -35 34 38 -58 57 93 -18 62 -13 9 -16 -12 -7 1 22 -58 55 16 -95 40 -22 27 -74 16 97 -23 6 8 -99
42 28 51 -85 -90 -43 52 -32 47 43 3 60 -46 -70 -63 -78 -94 55 6 87 94 -19 -71 17 75 10 -24 18 -51 -23 -32 21 90 -71 95
24 79 -97 64 58 23 -73 8 -89 -95 9 55 66 -62 -86 -80 66 -92 -81 -44 56 61 1 91 96 -70 -34 -75 6 21 44 -95 -5 12 -12
-4 -56 -99 -76 68 18 -17 -11 61 23 -14 -50 44 -97 82 33 -94 7 8 -19 51 98 -86 91 15 -31 91 -67 49 13 -42 60 30 -71 -81
-63 96 69 51 6 -20 -15 -31 5 57 -17 57 -31 99 37 -60 -91 -42 65 35 2 46 77 -83 76 -82 -3 -92 -1 88 78 79 86 -75 26
-51 92 69 33 32 63 -40 98 -56 41 86 -30 -94 65 -59 12 -24 49 -39 27 -94 33 89 44 -66 -51 -8 78 12 -62 40 22 -3 47 -10
7 -82 90 42 47 39 -8 -35 -8 49 72 -24 28 -74 -54 74 2 99 -20 90 57 52 22 -98 74 -57 47 -20 68 -4 -33 -25 -30 27 7
5 71 14 -3 -74 -60 73 76 63 9 -41 -92 -33 43 -73 -90 73 13 23 58 -84 2 23 12 -96 -23 -15 85 26 74 -9 46 41 81 -82
2 -30 -87 -86 -100 -15 90 -45 47 -71 -83 86 -3 38 95 86 2 1 85 -100 49 -45 -24 -12 -41 13 1 3 87 0 -98 46 46 97 -35
-35 16 -17 -16 40 43 80 -87 32 -38 8 96 57 92 -76 76 -50 55 -34 95 -98 54 -86 -20 -18 -69 -88 61 -97 -63 -22 40 -15 17 81
-94 88 -97 -84 -89 -50 14 -7 48 65 2 -74 46 78 76 -79 38 38 -5 -65 -26 -24 56 -5 -73 8 -21 55 -93 23 69 23 -15 -22 -59
-4 -18 -49 71 -81 -10 -83 -62 -17 28 -85 9 92 -82 84 -92 92 -35 -70 24 55 43 89 44 38 94 -75 29 -95 -84 -25 -3 -79 55 43
39 3 3 -35 70 38 -91 54 -2 -65 55 41 19 -29 25 -53 -87 -52 26 -46 4 8 -16 -67 65 47 -60 -19 45 59 -87 -5 -100 12 -26
-30 68 45 2 -83 -28 -39 8 -12 -49 91 -13 27 -83 -12 68 20 27 -19 49 -17 -70 -16 72 -18 -74 50 69 70 -8 68 64 -93 -98 50
11 -46 -95 67 10 45 -41 -93 -61 -69 -21 5 0 -82 82 77 91 -31 -10 -59 33 42 -88 -66 -14 60 98 -55 9 96 -29 78 -73 -91 22
