39 95
-67 -20 56 -86 -46 -15 -73 57 -65 88 -4 53 -73 -74 -17 64 -60 -10 57 -82 81 37 15 66 43 -47 -66 20 -36 39 39 -53 -40 -26 -21 -40 52 62 64 -45 19 37 12 -45 -93 -29 25 -32 48 -68 98 90 -41 -42 37 -41 -82 3 9 57 -78 33 2 -41 -40 -79 -37 -18 96 29 28 -90 -65 21 -60 -47 12 91 -64 50 37 78 44 -77 -5 -92 -71 98 92 92 -16 -52 -1 59 -42
57 -83 -44 97 19 22 61 82 66 -55 8 43 -7 -31 56 99 -81 44 -51 -8 -50 69 9 -76 -56 -3 -13 -85 -85 -83 12 43 -14 -17 -47 85 71 -82 24 -5 -59 -21 -34 -61 11 57 88 -29 -74 99 1 29 5 -59 -69 -75 75 -39 -7 -88 -56 11 77 -64 73 6 54 -74 -30 -80 -100 7 -31 99 -1 1 -59 6 -36 -17 -97 -28 -71 -100 15 -45 4 45 -54 80 -18 50 82 -31 22
22 87 -30 36 44 -59 -20 90 69 94 99 50 63 9 -9 44 8 58 -74 30 36 69 71 -94 -29 -11 -54 34 87 -62 23 -65 92 43 -76 82 -16 -33 66 -46 -99 2 74 64 -51 70 4 -88 -74 80 25 -95 -34 -19 34 -99 64 -51 87 -75 -57 79 -43 -41 -53 -35 -22 -22 50 96 26 -36 73 95 16 89 -62 77 53 -33 88 33 -36 88 -31 33 -38 -89 -76 81 -72 -26 27 -95 3
88 58 93 45 11 -63 73 29 -48 -50 84 -19 77 -97 4 -6 66 23 59 73 52 54 -71 0 -25 -74 18 59 -33 -61 72 9 -64 10 -92 6 4 62 65 -15 -35 15 58 -40 -52 4 62 67 49 98 80 47 -92 -83 36 69 -84 -50 38 -30 -42 70 37 39 40 -45 -95 67 54 -32 73 -40 -60 18 16 75 93 -72 48 -8 12 -78 63 -90 2 77 18 71 47 -11 -1 -85 76 -35 47
5 -48 -44 -12 -26 89 88 87 64 -3 -81 -26 -82 42 -85 28 42 3 78 -47 22 -52 15 -69 -72 0 -61 69 -16 -88 0 79 35 79 -51 -58 -67 44 46 -3 27 -56 -81 52 71 -79 71 57 -33 86 87 4 -25 99 -70 -72 -58 -73 -97 -74 95 36 -35 -29 74 -49 -56 -74 -46 57 -79 19 -9 45 -6 -45 55 67 -87 55 -32 84 -52 50 58 -89 -49 87 99 -69 26 -4 34 14 -49
-43 80 46 58 -52 -28 -34 -14 63 -18 11 55 -6 22 47 -4 71 -34 70 -34 -61 -75 8 93 -13 30 70 60 46 -80 -81 -68 -3 95 -3 -50 -8 -37 84 -32 3 -57 11 94 -38 -44 71 21 -56 55 4 -83 -42 65 -83 -35 -39 -82 -10 -68 93 1 -9 45 81 -59 60 17 -45 -74 -13 -12 38 -39 -98 41 -39 74 -87 -81 -22 -11 -2 -80 43 -1 -97 63 -93 29 52 -94 -8 61 -58
-55 59 28 -61 -34 77 -97 27 21 97 78 -15 -2 73 -10 87 -56 38 95 -13 -96 74 45 70 10 -48 10 -24 -9 -17 -52 20 49 11 42 -39 43 76 93 -77 36 3 -51 -41 -91 90 -14 -25 72 51 20 -11 -68 76 -11 18 -49 17 -43 -71 35 -22 -26 8 28 -25 -79 71 -64 50 96 -3 56 -92 -90 -65 -73 82 -28 -39 72 -31 -74 -22 -51 -16 13 91 -11 85 14 -63 93 -94 19
59 -85 -79 -16 38 39 6 80 7 98 -76 -87 -88 75 -69 -2 -97 -64 -55 92 11 98 46 -33 65 53 -4 -59 -58 94 70 -5 -67 29 -88 -65 43 53 32 78 82 66 60 62 -21 -78 -68 39 -41 79 -47 -58 0 -28 55 34 19 -74 -42 50 41 -27 87 46 22 -53 -59 -10 -39 -12 25 -48 54 55 51 -26 40 -60 -10 38 91 -58 -100 20 -87 67 -55 -75 -62 49 -28 -35 82 75 -85
-52 22 -27 -41 -51 -17 92 96 -1 58 90 -38 47 55 8 -80 5 -71 -12 -49 -50 -35 -18 -65 -78 6 -10 -3 95 -32 -48 -4 -90 -100 -70 46 28 20 -75 -2 84 0 10 -17 -70 -97 -17 50 -53 42 -62 4 -28 -3 -34 -50 -64 -17 36 90 94 21 59 -86 -30 -6 2 -54 59 -63 -18 -39 -67 86 88 4 56 50 -8 53 72 -67 72 -54 -26 65 66 -72 -89 -75 35 1 68 -49 -36
28 -62 6 -1 28 -46 86 -65 67 -29 61 -21 -95 -97 14 -28 47 52 12 -43 -71 -4 81 43 84 23 95 -76 12 39 -81 -27 -54 -84 81 15 27 9 3 -71 68 95 5 68 28 0 -100 99 -37 -9 -11 -47 34 -10 -91 96 -85 48 94 -33 27 -24 5 99 52 -22 -70 74 0 -63 48 52 98 -40 -99 -6 79 60 -68 -44 70 -39 9 45 -100 93 -67 -70 91 -6 -77 -21 -84 32 81
-71 42 58 -29 -47 -31 96 -4 95 -65 -11 7 23 58 74 -10 -33 90 -70 -8 73 96 23 56 -40 -1 -67 19 -95 -23 -58 -69 -75 -75 -74 -14 -45 -48 31 -56 27 -30 8 41 40 91 -15 -63 -67 -82 67 90 68 20 46 -65 -61 -36 -94 -7 -55 65 -79 98 55 53 -83 64 9 -75 -1 77 55 36 -96 -68 -41 68 19 -42 -42 -70 -94 -42 -81 -38 -88 82 -69 28 47 -12 -78 37 -29
-25 96 56 31 -35 -69 94 -26 96 -4 -20 29 -56 -84 -27 15 -11 -79 79 -88 -42 74 -54 87 25 -65 -58 -3 51 52 -28 -29 -22 63 -24 -68 81 -72 29 46 60 -31 58 39 -91 38 84 29 22 -57 28 -82 -16 -100 -86 17 -21 64 -30 -43 -97 72 46 -47 -61 -18 68 20 12 1 -78 54 -56 -25 7 -50 -38 -26 -93 -99 1 -16 -47 -78 37 93 -52 0 18 -35 -47 93 -72 78 -4
29 -23 -86 61 -9 -43 5 99 -51 75 -18 -95 82 -23 -100 -55 -17 21 -53 -57 86 53 38 -17 -53 92 31 42 -25 86 -75 -12 95 -98 -98 65 -59 53 53 10 5 6 -67 -53 83 -72 47 -73 11 -100 72 29 72 -33 -57 52 18 -86 93 37 2 -32 22 -15 -41 -96 55 -29 30 76 49 70 5 -63 -51 66 1 -40 71 43 -63 -60 -24 -45 42 93 39 -86 -76 12 88 -21 69 40 -64
-96 -83 64 -72 8 -78 34 88 -48 -83 -76 21 -88 20 57 -83 47 97 30 83 42 -45 -27 -81 -39 -77 34 64 -46 10 68 60 -69 9 -18 79 -78 73 7 -46 -73 -75 -58 -50 44 84 2 25 19 -29 82 56 57 -29 88 94 74 -10 -85 -92 -3 88 21 10 -23 60 42 44 0 12 -54 -8 91 93 -47 -25 -66 42 -83 -14 -98 -72 87 -32 -56 -86 -10 37 -69 -51 -24 45 81 95 -61
57 82 76 83 64 -22 -7 36 66 4 37 3 9 63 68 -8 -79 32 78 -1 -38 -9 8 -65 76 6 -95 -7 10 96 95 -35 65 47 -54 66 -77 33 -94 -98 -33 -13 53 29 44 -42 -92 -76 38 73 54 16 -9 -97 -59 -22 -38 35 -88 94 -20 41 -88 45 91 -1 -25 -32 -60 -44 -59 -35 -24 87 21 -17 39 91 -64 41 -32 -46 1 -5 -18 55 1 48 39 -87 75 -9 2 61 -94
-7 -57 98 81 -14 -84 -21 52 92 -68 49 -98 8 -38 47 -38 79 -97 -6 45 -56 -32 40 44 42 -92 96 -22 20 -99 11 -99 -70 92 -39 -30 75 18 -81 -43 -54 -36 -57 6 98 94 -15 -7 -27 -76 -23 -68 -10 93 25 86 -75 25 -96 -42 -68 -28 59 -79 -56 -37 3 89 -30 -73 63 -22 30 24 -29 -74 -37 51 -87 -100 -4 -65 48 53 -17 68 58 15 36 -27 18 -3 -96 -80 -51
87 59 -60 64 -59 62 26 83 -70 -87 55 -75 -97 -92 89 16 -43 28 31 -91 -17 -79 -50 -5 48 -18 25 45 97 -72 25 -94 21 -30 30 81 40 -72 -92 91 -35 -93 -7 -5 95 -51 -26 20 67 45 -67 99 12 61 2 -59 -1 -30 -60 57 -64 -84 70 97 -92 -25 -71 85 -47 -32 -91 -88 -69 -12 -72 -33 -24 62 -19 -96 -34 -1 48 -57 -53 -93 -71 -25 85 81 -25 -49 -52 3 -16
-30 5 -24 62 68 -8 -2 -100 -14 76 35 9 17 33 38 20 49 22 42 -55 -69 76 -45 -94 25 -13 -37 74 86 44 7 -2 14 -42 -58 -59 -82 21 -46 -38 -9 48 2 -57 87 -31 22 11 -79 -29 61 -17 -50 -65 84 86 28 -17 -96 36 -82 -81 -66 -47 68 -47 48 -99 52 -16 91 -82 -79 -9 -25 -9 11 -94 -17 20 -73 45 17 75 -55 44 -72 61 31 -13 -8 54 -73 87 9
32 76 -60 72 71 45 9 -78 97 15 -15 43 44 20 11 71 44 -44 -92 38 61 -77 -29 -27 30 -38 -90 18 -89 26 -29 -88 -12 -33 33 92 66 -30 -96 -25 34 -47 6 -98 76 -29 4 -42 93 -98 -72 -76 4 -12 68 -76 66 94 -41 -57 80 87 -85 43 21 -92 47 62 63 25 29 34 42 0 -2 80 23 -49 -51 70 -49 -89 66 -94 25 36 -32 -92 -16 74 80 -33 24 -92 -25
49 -70 83 94 -4 62 -91 -7 99 -32 91 -30 -56 47 40 30 -83 42 -97 -16 -6 99 60 85 71 -96 -2 80 90 32 19 -73 -61 28 52 -82 54 -50 -61 82 -39 -59 11 -8 63 -39 14 -57 -68 61 76 12 90 -69 -53 84 11 -44 -94 31 -48 47 43 59 -31 98 -48 -1 62 -25 5 -63 62 25 22 42 77 7 10 -96 99 48 -24 -60 43 -88 -55 46 -86 42 15 -27 25 -58 -36
-93 51 -67 -66 -23 83 43 82 47 -72 91 30 22 -38 49 -5 74 90 -84 91 98 -35 -77 63 97 18 -30 -12 -22 52 -27 95 -72 49 -36 -9 -4 12 -89 -22 -54 -56 -44 -14 38 -2 -57 -7 -69 -39 49 51 -92 40 -92 -92 -49 -53 93 -70 -50 82 59 43 56 -53 0 -38 64 -78 70 30 -12 -91 3 -45 -7 97 0 61 68 55 -58 -94 -4 -45 -6 -24 -34 47 67 96 89 99 73
-87 -92 48 -48 -1 53 -83 -75 -67 -92 -55 97 -24 54 -54 -44 14 30 38 -4 -24 49 -1 37 -68 -80 -84 91 46 68 23 14 63 21 9 -91 62 3 4 79 47 -47 -6 5 1 -9 34 -28 -35 7 -76 50 -5 90 69 -17 -73 4 4 38 -44 -51 -59 3 -9 41 -58 -33 -8 51 -71 -14 -44 93 50 -96 63 -29 -15 32 -16 73 -15 -79 77 73 -78 -99 49 -78 -19 19 -53 69 -17
87 81 2 7 -75 76 35 74 30 77 -25 -9 42 1 58 -73 -89 73 18 -89 64 45 -83 97 50 -94 34 40 -77 82 -75 43 3 -21 -49 -45 96 74 -11 88 -84 -15 -73 -47 -22 71 84 -77 74 95 -20 45 -24 36 -58 -7 -84 75 -92 -12 -91 -63 -53 -46 79 31 -17 -76 95 -5 15 27 -60 17 -35 90 9 1 -55 -89 -24 -61 14 -86 -71 -71 -36 49 3 -77 -32 91 -54 33 33
51 98 -60 12 0 -53 -74 -53 -53 53 -60 81 40 -26 72 -95 89 66 -76 87 -65 98 -84 -33 42 80 -21 14 -69 -22 -31 78 -24 37 -93 -3 -72 -85 -37 -49 -56 -32 -22 -45 -35 18 35 92 2 79 -70 89 44 36 -67 -1 -84 3 34 -2 77 84 -47 41 0 -41 -77 50 68 40 83 93 -23 84 -77 11 -25 28 59 34 26 -56 -2 51 97 -98 29 -91 55 -53 40 56 -79 88 9
52 -30 57 12 27 36 34 -27 68 -49 -38 56 -7 39 -3 -50 -44 40 13 31 -11 -67 97 -37 -57 75 -80 45 36 -97 23 -30 -66 -33 10 22 72 -33 16 -71 -60 66 82 88 -42 -60 93 -98 48 94 29 -75 39 50 -76 71 46 63 -84 26 -30 87 -7 -52 79 -57 -77 2 73 -50 -54 63 4 -38 83 28 -56 -80 91 -21 71 74 57 8 -55 94 -32 -94 -69 -20 84 -82 75 88 -58
-3 -89 17 -77 55 -98 25 -6 96 54 -17 -3 74 8 -31 39 27 -54 69 -80 1 -61 34 -83 91 -28 18 35 -47 77 -93 -12 -49 86 -49 -69 -50 -17 -80 -67 -5 17 40 -54 -44 87 32 -6 -32 -73 39 35 -17 -66 -10 -70 66 -85 9 -65 -76 58 0 62 25 92 -33 -77 -50 84 83 -18 -63 86 -50 71 66 35 -91 52 -94 72 80 -95 66 24 -63 -89 48 -2 -47 40 54 -24 -25
26 -60 81 66 98 79 -42 82 27 -55 83 97 79 -46 22 -16 52 -49 -36 23 27 -45 18 69 37 -100 -1 -47 31 23 -23 -40 24 -34 -59 80 81 -79 -93 68 -100 51 97 -95 -9 -66 62 -40 -29 97 90 70 -48 49 45 32 60 -42 21 51 -20 -56 20 2 -62 49 56 81 87 -75 -19 18 -62 -65 -80 30 -6 -19 93 63 -39 -56 68 59 -7 77 -57 59 3 -57 -64 21 -18 88 -56
71 53 -19 -21 5 -11 66 -54 -44 -11 22 72 -32 94 0 -70 3 -19 -62 81 -1 14 -75 -94 38 99 -50 16 -56 22 55 -57 85 4 65 -44 -69 -86 80 52 -70 68 -89 74 -18 -13 86 69 45 31 41 -55 34 -90 -85 4 9 -12 19 28 35 11 -90 -80 52 -76 -19 36 4 -49 0 -7 -61 -64 82 76 9 67 -1 -42 5 -48 -12 -92 43 -6 22 95 -37 13 -98 -90 16 -50 -61
-69 -34 -40 89 36 8 44 17 19 -31 -8 96 32 17 -93 28 61 -46 24 28 50 -52 -95 55 82 -19 30 64 61 -59 63 97 80 74 94 94 66 95 -8 51 57 -6 13 -48 -44 -50 13 19 -46 14 70 -49 83 99 -92 -51 -83 96 -32 -88 50 35 -35 61 -81 -25 86 74 8 -48 -77 54 51 -97 78 66 34 15 -87 -81 -67 63 19 0 -81 -79 -77 0 -65 58 27 -33 -93 -6 -40
41 -16 22 -31 96 37 -27 -81 3 -8 -88 76 63 -87 94 -9 -3 6 62 6 20 70 -26 61 65 90 -29 -18 59 97 50 81 4 91 55 -17 -75 97 84 17 1 -6 -83 71 14 41 -63 53 55 -99 -37 -56 -59 -23 -79 90 -2 13 -35 18 -1 -52 -29 80 14 -23 34 -25 -85 -37 86 52 17 -56 37 -2 -1 -39 97 -66 20 -78 -35 81 34 -18 -4 3 82 -80 -18 -41 40 93 60
68 32 -48 -98 66 25 77 -21 -90 -54 18 9 1 -86 -13 30 56 -20 62 94 -56 83 -74 -99 -16 -46 75 -81 -100 48 58 94 46 -23 49 61 -49 96 14 67 -33 76 -63 -7 34 -72 -2 -73 -100 56 23 -44 -3 49 50 -91 72 24 -73 96 -87 -66 69 49 -27 98 -83 61 -33 -89 -90 -43 96 -41 -29 -67 -82 -8 2 54 -31 -41 63 48 -86 -61 56 -4 -68 19 2 17 -89 18 52
-27 34 -31 -86 -25 90 -66 5 -5 -79 -92 9 93 88 67 7 41 23 -71 -84 50 -60 -95 18 74 19 67 13 -94 -18 37 33 18 -99 32 -46 27 71 69 3 27 25 98 19 57 -50 -8 21 57 -48 -65 -64 98 -2 76 39 -10 78 25 89 -62 -51 -35 2 -65 37 -17 -37 -39 -2 37 41 70 17 97 -46 -40 16 -17 53 -58 -38 40 89 -88 -19 59 -82 34 -19 -92 68 -53 -19 61
49 -18 -69 84 -49 -24 72 -99 -83 43 -72 2 12 -5 -57 -64 -27 -64 53 36 -7 67 92 -26 -7 -12 -49 60 79 -53 53 26 61 85 94 57 -91 89 -67 -98 0 -28 47 4 -21 -62 91 92 -82 -18 50 76 15 -76 73 -83 63 -19 -60 -46 27 74 46 38 -74 -59 31 53 -91 4 -76 -74 59 47 53 -9 85 85 -37 2 -7 66 -31 -25 35 -69 -92 33 -40 -27 -42 -43 71 -46 -17
88 -36 -51 -67 -15 -26 -55 -98 39 -12 -35 51 12 76 19 -32 -38 -100 -30 -55 -91 -83 -80 87 -95 -84 -5 2 -35 -54 -38 -71 -87 -73 47 -15 -76 -22 56 59 49 20 -74 1 74 -49 -90 89 -19 41 47 42 14 -59 -22 7 -66 27 81 -37 3 -26 -7 52 -8 31 -63 -6 6 72 32 -71 74 20 98 86 17 53 12 -49 -22 -18 -80 -18 91 35 -53 -26 -73 -43 -99 -82 86 26 64
63 -51 28 -3 -7 -73 -72 27 -77 84 -53 -79 -86 -94 -56 70 -15 49 -43 55 -94 -69 -25 -15 -100 -92 66 64 -26 62 54 -57 83 56 -2 -95 38 -88 -37 39 55 55 96 2 22 -100 -65 44 64 -61 29 42 17 -41 89 37 73 -59 -86 -22 57 -92 90 -82 -33 26 -43 -91 40 -88 -89 93 -82 73 29 55 -70 23 82 -82 -100 -1 29 -14 73 -10 -15 39 83 -29 -2 90 -81 -10 86
-68 52 -14 18 -5 -96 -56 21 -35 39 -28 -31 -74 86 91 -71 -77 12 29 55 55 -46 0 87 -25 69 53 4 50 -62 -25 74 -53 9 40 59 17 -43 46 93 -82 59 31 76 -1 -8 49 -36 52 -72 38 2 -79 69 -35 36 -84 69 -13 93 -88 -89 52 -98 -23 87 37 -7 33 -16 92 8 66 -47 -29 6 -36 -85 72 27 9 50 48 62 96 -86 -82 -82 23 -100 54 -46 -3 96 79
98 55 5 -96 29 -63 -72 -54 -4 79 -22 95 47 12 69 25 38 58 -49 -74 -5 -45 -24 -78 7 41 17 -27 41 65 -59 -65 78 5 -3 -87 77 25 22 -34 35 -90 -11 -53 55 -66 -33 -62 70 79 50 -19 -39 52 -32 33 21 0 85 48 44 44 -82 -68 34 98 60 81 11 35 90 42 19 -97 -77 -49 -82 -37 40 38 73 40 33 71 -16 1 57 -28 98 52 7 -40 82 -99 -78
39 -89 32 -60 -97 6 -34 43 -10 -74 17 -12 76 20 67 80 74 48 92 -100 27 -80 27 36 50 52 -65 -72 -4 -62 70 -95 -41 35 -51 -11 83 -67 -39 -79 -48 -86 70 31 -31 -87 46 -31 -40 -84 76 20 97 26 -47 56 43 21 7 -1 28 -66 -11 12 -84 48 -14 62 -90 98 29 53 -30 -7 92 -59 86 -50 75 -87 7 -61 88 41 -62 20 -91 -10 -81 84 13 -19 -31 -83 99
43 -97 -28 -73 -8 -57 -28 82 -9 75 18 -28 13 -100 -23 -36 40 15 -65 72 -22 -83 -41 -75 38 79 41 81 -94 10 -97 79 -11 -65 81 -52 -13 22 91 72 46 -36 -3 86 -80 -78 11 -41 71 17 -33 -5 -8 -86 28 -30 -81 -85 -60 -69 -51 23 -92 11 67 92 -3 72 -42 35 -9 -18 51 60 82 58 37 81 -99 -59 -19 -61 -54 11 18 -14 9 12 -87 -55 -59 -69 -10 88 12
