58 79
58 -52 25 79 -96 69 -2 -85 -55 -65 -83 79 -42 -2 75 -96 -30 -10 -39 4 56 -5 -74 -13 -76 72 -49 -2 -73 -1 97 -65 -17 41 -83 -7 -2 94 -66 42 -94 -81 -80 -2 61 17 -55 -75 -18 93 4 48 -16 95 -53 -16 49 -37 61 -8 -3 -1 33 52 -92 -99 2 34 -95 15 -69 79 -67 -72 -59 -35 -12 24 70
-52 -58 32 36 -89 72 23 -69 8 92 -100 91 87 -98 37 -99 -9 49 -32 23 97 90 32 55 -68 10 35 -76 85 82 -87 59 76 26 71 -47 -72 -62 -68 52 92 13 35 -17 73 83 -21 37 70 -58 68 29 -74 -17 -85 23 65 -63 31 15 -91 86 85 -25 78 58 -39 -78 83 -75 -58 6 -69 52 -32 -79 -8 -86 24
0 -28 67 79 44 73 -23 -34 -19 69 -37 -2 35 -3 74 4 -61 49 -90 -57 23 -31 -87 -27 -46 14 66 -46 66 28 4 -61 39 -98 56 98 -70 -93 -95 -37 65 96 -82 -66 -53 -10 53 78 31 77 -26 -95 42 88 78 -79 40 59 -75 -29 -86 75 26 -67 -7 -66 21 -91 -38 -29 21 80 99 -70 -85 57 85 -98 95
-54 18 -86 -14 95 0 -5 -68 -87 -97 12 86 -55 72 39 50 46 63 99 -6 -48 50 -15 23 -2 66 -52 51 5 -7 0 72 -15 60 41 66 41 -100 -89 -85 14 -64 -87 -82 -75 53 72 -50 -74 -32 -43 -49 51 -85 -82 -67 36 6 85 37 -30 88 -47 56 43 -57 97 -49 63 12 14 35 96 26 64 -60 47 -88 36
61 52 -11 -3 21 13 -52 -87 9 -52 16 77 64 -70 -38 83 80 -64 -96 50 -41 -40 -48 -81 -68 -73 -18 -37 87 30 10 -59 -82 -55 93 34 -22 72 -82 -6 74 -12 -48 -51 -90 84 78 85 14 -80 -22 -99 -76 61 73 -14 46 19 3 34 41 83 82 -29 -45 -74 9 12 48 10 32 -39 16 -83 93 91 -66 47 76
-65 91 -85 18 -63 28 6 71 -40 -86 -53 -86 -37 -63 -65 -63 -44 75 -47 -79 -60 37 -37 -93 95 -46 -33 40 -78 39 -76 70 18 -88 16 -61 14 -31 59 -87 88 6 -39 -69 32 87 64 -73 -94 -26 -14 36 49 3 -11 30 -12 10 2 -80 -17 19 -93 -54 -67 75 -16 75 -19 -71 3 -56 2 92 11 -11 16 90 38
-61 -60 52 59 -13 35 17 63 66 70 -65 -43 -50 84 9 -29 64 88 -90 19 -78 45 70 8 -21 -89 -62 18 -80 20 -76 11 -26 -77 37 2 29 -77 -34 48 -49 -73 81 74 -95 -8 65 14 -39 4 47 25 65 46 39 -72 11 -2 -86 6 78 75 20 21 -65 -35 -7 88 43 96 20 25 -4 46 96 -41 18 4 -13
-14 76 80 16 -94 -88 81 28 -60 -65 95 82 -98 36 77 19 -2 -97 21 16 -74 -99 2 66 98 -78 67 -3 -75 -23 -89 63 88 27 92 -25 69 62 13 -20 -92 -40 -21 12 36 -67 -22 -17 52 29 56 98 -79 -6 49 -32 -77 -16 71 30 -12 93 65 94 -88 -29 97 22 27 -28 -38 89 -56 62 -31 63 -58 -9 -69
-15 -16 74 16 0 -76 74 6 46 -61 -17 49 76 -69 7 -54 -74 66 70 -74 12 -4 -79 -88 -38 -17 64 97 35 -11 26 79 49 -23 -27 20 -88 -51 54 -96 -36 44 94 -94 16 44 -90 -37 -72 46 -36 59 -95 -40 -18 8 23 82 -10 -60 -80 -15 79 94 -48 41 -33 4 59 -82 -2 -96 -62 84 -2 24 24 -83 -45
-45 12 67 -36 16 -43 7 83 57 -55 49 10 -15 -18 -31 46 -87 12 30 72 -87 98 -83 -71 -11 96 60 14 -35 45 -89 85 18 43 -70 23 -34 56 -40 -57 28 46 76 65 32 77 -9 14 63 -66 25 -57 2 83 -93 96 -89 -82 28 40 33 24 58 -3 -87 -69 59 -67 -44 26 -19 -30 47 -1 -21 6 -7 -67 97
96 -32 7 26 45 7 -64 -17 -30 78 -99 27 -23 10 0 -11 51 -73 -26 62 29 75 19 -68 -67 -92 -12 -74 87 -11 -26 8 59 -19 -3 81 -87 41 -24 -21 80 -69 19 19 35 -6 -20 -22 -42 44 -21 99 -49 90 -45 -18 56 -5 -82 68 -28 -45 56 44 64 -19 58 29 28 95 -78 61 -54 -67 65 50 -66 56 38
95 -10 41 -95 17 -51 17 18 67 -14 -78 35 14 -34 3 35 -3 -74 -56 -11 96 -26 -63 -40 -66 -89 -20 48 -47 -71 -51 45 85 13 -43 -38 -14 -92 80 -39 58 -36 -69 -91 -76 -19 -10 32 -70 54 7 38 24 -90 47 -95 -58 -57 -71 -74 16 53 32 -95 28 40 24 -27 92 62 48 30 68 -82 -74 -14 -90 -32 83
-67 -28 -88 65 4 78 68 -14 -27 93 -100 -37 37 -89 -54 49 -78 -28 -14 -94 10 -24 -53 -32 11 42 -33 -63 -68 -61 88 -37 91 92 -45 46 -31 42 57 89 12 -29 -37 -6 -28 -35 87 17 96 4 49 60 -39 -3 -61 -32 14 -38 23 -10 58 -35 -60 20 59 -73 96 38 28 51 -75 -27 -98 23 7 95 98 -77 28
-34 -37 14 53 37 98 37 -43 -15 89 -20 87 -91 59 58 -35 -8 20 -48 38 -78 -75 -69 -73 61 -77 -94 -74 -31 -95 -14 34 -93 -45 -8 15 -50 -27 94 -7 66 -22 -14 -49 -60 81 -21 -22 -10 21 -90 -26 41 -12 24 24 -7 -13 76 8 -88 -40 -64 -63 -43 -96 35 7 6 -46 89 -88 -29 -5 -62 -2 61 83 72
68 -57 -88 80 55 36 -6 91 -81 -15 70 61 -34 -52 47 -19 48 -18 42 7 -76 -59 25 94 90 -59 83 -2 69 79 41 -63 -37 -14 -60 47 90 -62 -67 84 -75 30 -51 -11 0 -2 -66 -21 48 -43 33 75 54 19 -14 69 38 -10 82 -4 91 59 -21 -43 -98 -65 -15 -69 78 43 14 -30 58 -65 -2 27 69 -91 -99
8 -72 -30 38 81 -25 33 53 -75 45 81 -65 69 -79 95 -63 37 -75 -17 -42 20 76 39 93 7 -59 -52 26 -55 -11 90 -84 -67 -79 22 -49 63 -12 -98 91 96 6 19 -52 -48 38 14 -29 -95 -78 1 37 42 -36 79 43 -31 -26 -34 -62 -51 -30 44 -45 -94 -5 88 -66 -34 -80 42 10 -100 26 22 -72 55 76 -3
-15 -31 -54 5 -35 -76 45 74 -82 17 -34 -4 -28 48 41 3 51 63 -35 56 -55 38 -15 62 76 74 -55 17 -53 88 -72 -74 -100 93 0 91 -50 -100 48 64 -80 -65 93 54 2 -47 -43 95 -54 28 48 95 42 94 23 1 63 -22 -86 -51 -26 -36 12 72 18 -3 -78 -4 -31 -96 -76 -46 -97 -45 -21 -27 -5 -86 -4
41 -31 80 -61 -84 -16 24 67 91 -99 -44 -43 64 -57 67 -64 -93 -76 48 -40 39 92 9 18 71 -99 -99 -18 56 86 17 30 24 -39 -19 39 7 58 50 37 93 -35 71 -93 -35 -41 85 -37 -40 19 71 67 -19 24 22 -39 7 97 44 41 -9 45 15 -84 -12 48 49 -13 -63 -46 -35 12 30 78 76 36 -79 22 -95
-50 22 85 10 -61 28 -27 57 -22 83 91 81 -70 43 39 -100 -58 6 -96 84 -32 -16 -9 65 -39 -82 50 75 23 22 -35 89 8 -19 -12 -39 -57 -66 -92 -8 -83 -87 -38 -76 97 19 -68 -32 -21 13 -17 48 -99 7 25 -82 43 70 0 -76 -11 -37 18 99 10 86 -25 -93 -8 -5 -5 -20 17 -60 -88 -91 -97 7 -44
-85 -4 -31 -73 -20 -13 75 -96 92 11 -76 -64 -65 61 56 47 -32 -52 -56 -59 18 -67 49 -60 -91 7 33 -84 20 44 -97 7 -92 -88 99 23 -57 26 -34 -84 58 -95 51 10 35 40 86 -86 32 -27 27 0 -52 -41 18 -59 35 6 26 38 32 -9 52 -83 52 -24 -46 70 -14 97 7 -59 -39 -44 -56 -74 10 70 20
-51 -6 62 -32 -89 74 -35 -66 64 85 -9 46 54 -62 25 -59 -90 -13 -77 -18 -42 13 -47 -65 -37 -23 20 -3 68 -6 -2 34 78 32 46 61 -14 -76 -40 3 -60 -43 65 -18 -75 18 -71 -29 50 57 18 55 86 -56 17 28 62 90 10 -71 4 12 81 16 63 56 -50 61 81 82 56 -85 -32 17 -83 80 25 -96 -32
84 -70 -58 77 46 70 -46 58 16 -81 83 -2 52 -81 40 -50 -33 95 -85 85 85 -60 -53 4 -35 -58 34 98 -10 -21 -52 6 2 -28 57 43 50 78 -59 -53 35 12 78 -57 -57 -93 5 78 -1 -2 -39 -76 -89 51 8 -68 66 93 16 -87 16 91 -43 -14 61 -30 -77 -51 28 22 15 -99 67 55 1 30 -95 -47 -43
8 30 -36 -86 -38 -54 54 41 10 -95 13 -30 -6 -76 -46 -11 -11 3 -22 29 18 -69 -34 81 39 -94 54 77 2 3 18 -2 93 -66 81 -3 -16 -10 37 6 43 -86 30 -22 60 12 70 -46 6 54 86 -100 -69 -57 -9 59 58 24 -13 -62 60 -37 -84 49 92 -82 69 -61 -98 -92 -96 -17 18 5 -32 54 24 -64 25
53 -67 -18 -20 99 95 40 23 -12 94 -29 -4 -48 -76 75 73 -82 -26 -58 -48 -27 -21 -45 40 -92 53 67 51 -17 53 -18 89 69 -92 97 -18 25 -97 95 39 -2 90 -91 -13 54 -23 -13 -33 68 -21 7 -54 -39 -24 20 -21 -68 -52 35 72 21 -92 96 80 76 41 25 42 45 10 -61 0 -1 63 -90 -65 53 -76 41
24 13 -78 -40 -28 -25 -60 45 -94 64 8 86 -51 -40 -27 22 -35 -40 84 69 -86 32 26 68 80 -72 -28 92 -25 -43 92 47 51 -81 60 26 12 89 -24 -24 22 64 -23 42 -61 -73 -82 -74 -9 -30 -34 -58 45 -6 -84 -29 -63 -63 82 -15 13 14 2 36 72 75 -80 -61 -85 45 -21 -19 -26 44 6 41 -5 -12 -54
42 -40 34 -17 -29 19 75 42 63 41 66 65 -4 -48 72 61 -63 -74 -79 7 -83 66 -44 6 26 57 -29 88 -37 3 -91 -25 -39 -17 -96 78 -44 84 -77 -84 -40 18 -94 0 78 -40 51 -26 -59 -65 17 64 -16 -25 38 65 -31 -79 31 -42 30 -19 -5 86 -60 -44 -84 -37 82 -80 -79 -55 -33 3 -93 -25 -74 5 6
28 64 -30 10 12 10 92 43 91 65 93 30 57 -20 -89 54 -18 90 -41 -75 64 -61 39 -42 -6 51 -84 -37 -81 -84 87 98 8 -46 -17 -66 -93 77 -73 -5 77 99 -84 -7 64 93 -21 61 24 91 -48 44 -62 33 -47 90 15 44 92 -37 32 -32 71 -81 18 20 -57 -61 -84 81 26 -51 38 78 -48 32 4 -73 63
65 -5 47 -89 33 60 -84 -25 77 -81 -30 -83 10 57 -21 -45 37 89 61 -32 2 -89 -76 -36 -30 46 42 8 -85 5 20 13 -85 -96 -41 61 76 4 11 -57 -17 42 -50 -10 66 11 60 68 52 6 78 -45 -22 -58 24 85 -45 -65 -8 44 89 -30 -45 -92 65 -49 -46 -24 -91 -46 -74 2 7 -23 95 -41 -95 -51 -69
-94 35 48 93 88 -83 62 76 60 37 23 54 -68 -5 75 -43 92 3 -9 56 -87 -13 -65 -91 -7 -82 -60 -50 56 -72 -96 25 -34 -5 16 28 0 81 66 -15 67 -77 22 87 -71 57 74 97 77 -77 -96 82 -55 -80 -85 25 -14 -76 -30 18 -38 -49 -20 53 38 76 69 67 33 24 24 -98 -23 20 69 8 -63 -13 -44
-41 71 88 -5 -89 -10 34 -3 -55 23 65 -100 -69 -29 14 88 -33 84 -74 24 48 53 16 -56 -77 94 71 -44 -37 77 49 -44 71 18 -71 -8 -16 -78 -54 30 21 6 -11 17 81 -4 -27 -83 -96 -74 -39 -79 13 2 49 -21 88 -45 -43 34 -41 53 59 80 -62 -10 47 14 67 -77 24 -35 -18 73 -56 2 -75 -2 -29
90 7 -42 -100 55 -6 42 37 -15 -50 30 94 -56 -68 50 88 72 -57 -37 50 70 -6 -69 -45 35 -29 -9 81 55 46 -17 -94 -57 -100 67 -63 50 -83 -53 75 -39 -28 -80 -62 -83 -21 66 -7 -43 -49 42 -23 -72 -12 -7 -20 -97 4 63 -79 39 20 -88 -72 -82 -16 -91 62 51 40 -89 -86 11 27 -7 8 42 59 87
-82 95 32 -71 -90 43 -30 76 28 50 -55 -77 24 35 88 58 -26 -3 -30 4 -28 -6 10 5 91 17 -31 82 2 30 92 -25 -41 21 -28 -71 -41 63 -13 30 -55 -44 -93 34 -50 -46 49 12 -69 -100 50 71 34 38 76 53 -2 64 64 -15 78 -78 -41 -20 -69 -88 3 -53 77 61 47 -50 -37 -20 -95 -4 -38 92 -33
77 -87 92 -8 64 50 -32 77 -41 -22 -85 -48 0 5 -58 3 -3 -60 -17 -37 13 -48 -99 23 -84 -28 51 -92 -95 -2 75 -69 -25 46 77 45 -33 58 24 13 43 -39 -64 55 21 -49 41 -40 -63 -96 -5 -26 65 8 -66 -55 56 10 -24 -45 25 24 -19 28 9 -53 -34 32 -6 3 -27 -19 -23 97 -97 71 -86 -13 -37
-2 -70 -64 75 -100 -34 5 -95 -25 -86 39 -100 70 -84 17 -54 34 -69 -48 -57 90 -38 61 -33 -29 -23 -77 33 -89 38 91 -26 78 -17 -4 0 -21 -85 38 13 1 50 -63 -90 85 -93 -47 67 93 -91 -19 2 33 -81 48 24 -95 11 -73 -18 64 -48 -27 95 88 24 -100 -22 37 10 44 19 6 41 -31 31 -23 -12 -56
-72 -58 -42 -23 -59 24 -55 -84 -91 63 63 85 13 -71 50 -86 9 10 93 15 32 -31 -86 23 -29 -98 -27 54 -34 1 -48 -59 -96 44 -87 70 -32 28 -47 -48 88 52 -34 61 31 82 -77 66 18 -42 14 30 -46 -80 -45 -17 -92 -39 23 34 -44 -75 -8 97 -37 24 -13 -94 -36 -1 85 -51 9 -24 30 -98 -85 -84 -5
-84 18 3 91 -79 -86 -23 93 -100 -74 -48 80 -69 17 62 -6 -100 -37 -95 -91 86 16 -72 87 99 -16 67 89 -55 -14 62 -14 -78 -38 81 -20 48 85 -60 88 85 82 -30 46 26 -28 99 16 -90 -19 -1 -73 98 53 87 -99 34 44 86 53 -90 -100 -32 -80 -54 26 -79 -14 91 -82 -47 -100 -45 -48 71 43 15 -18 -28
-56 -9 60 50 33 -51 -53 29 1 -46 77 -48 52 5 -40 -78 -83 -83 -23 -86 59 18 67 -95 -15 95 39 -24 5 -14 54 -6 -68 38 -42 99 -92 1 -63 -56 -71 -70 -100 49 60 94 6 61 -39 35 40 13 0 -84 -36 -69 -1 -74 -64 -4 -82 -94 -3 -44 99 -11 -69 -23 -58 -100 -56 11 23 68 -15 -78 71 56 87
32 -27 -28 94 -72 -70 26 -86 -24 -66 75 59 75 -51 -31 98 26 28 -86 -12 12 -23 79 -9 75 -78 78 59 41 60 -75 59 91 -65 32 -52 5 -89 -60 61 30 -57 37 -17 14 -55 85 -18 21 -95 22 97 93 35 58 -89 -30 -70 41 75 -23 82 -77 17 -89 32 -74 -39 -52 -39 -94 -44 -73 -88 -61 36 12 -60 -81
17 -4 -23 57 81 -29 94 45 8 -33 -49 36 8 55 -21 -77 98 3 -23 -1 -10 83 -57 -45 -72 -85 27 86 11 61 13 -81 42 55 92 34 -75 -42 -96 31 97 19 17 -79 -5 -67 38 52 14 -73 -48 35 10 -92 -32 9 8 16 6 -18 52 49 60 -44 -94 14 98 3 -68 -73 -29 98 98 -43 32 14 91 -38 -37
56 -84 -12 -97 -14 23 -58 -98 -62 37 -64 67 99 94 25 -39 56 -72 66 -93 18 -65 -52 -50 -60 4 -11 28 76 81 23 -94 37 28 -31 -92 -92 -46 2 -48 -97 -2 -13 24 -52 66 -68 -92 25 -59 82 31 -64 85 -16 73 14 -81 67 37 35 -99 -45 3 12 -49 94 -87 24 53 63 14 80 12 95 95 11 -81 43
77 -40 -56 79 15 85 95 24 60 23 50 -8 91 91 -18 62 39 -11 -75 36 61 63 -40 -35 -72 5 -57 30 -41 -98 94 -12 -4 13 18 15 65 -40 -67 -10 -89 -7 -18 3 -81 76 45 40 44 -72 29 -54 -72 25 -61 -92 54 -75 -74 -25 -72 -90 23 33 -62 -16 -21 -36 -42 -5 -42 -71 -94 34 -30 -44 -49 -3 65
50 3 -27 -80 16 -14 78 -92 -11 96 81 -63 -77 -86 -77 97 66 -43 -72 50 78 -97 92 -13 50 45 -53 79 84 -20 -73 -53 11 13 -45 -43 55 10 -42 -50 95 78 97 98 -55 29 -100 28 -98 94 22 -1 -85 -30 -76 27 23 40 -20 -19 -70 -33 11 -86 3 -48 -5 45 45 74 72 31 -21 72 85 62 89 81 -29
-78 -43 70 -6 -37 -83 33 35 -25 -53 -45 -59 -45 -50 6 62 -49 -61 -83 -3 -73 -52 82 -66 -89 -48 30 -91 -32 20 14 -98 -96 -65 -45 60 -74 36 -38 -31 -82 -85 -98 -50 -14 -23 -13 67 -70 -78 53 -47 52 -92 -64 54 8 -10 57 -15 -50 72 -100 94 97 -59 -65 20 39 -34 95 -59 -95 49 -94 86 33 -46 -67
8 -86 -16 87 7 12 -60 -27 -15 95 93 -33 16 24 -1 -85 19 -94 -99 -23 -38 63 -51 -1 -63 -96 -68 77 47 32 73 35 47 -73 54 26 -42 70 -92 -71 78 39 94 97 -5 -89 97 -5 53 -98 -54 96 61 70 72 41 11 42 -92 73 15 25 -65 15 -26 -21 -13 64 55 35 20 4 -9 93 16 64 -70 -93 37
-19 -93 -61 57 62 -90 99 32 -9 -44 -33 18 68 95 26 19 -8 -82 -93 -33 72 -30 18 29 31 18 -28 -53 -69 53 11 -29 7 63 33 52 -78 -43 -66 68 80 -68 -8 93 -80 6 -77 -19 54 15 -62 -62 74 -73 -60 -66 8 -47 10 -32 -55 43 -65 -37 10 -97 89 -30 4 -30 32 4 -28 -30 13 -3 -68 30 -19
-43 17 64 22 -91 -58 70 -40 -57 33 -70 -97 22 4 -26 97 22 -9 -84 -29 20 -44 69 -39 -31 -69 -96 85 -13 -41 -75 -96 -4 1 74 31 79 -4 95 47 -23 -32 -83 36 13 19 -68 -81 99 85 -75 62 97 -94 -75 88 73 53 -28 57 -19 3 -92 35 -47 22 86 -66 -87 -28 17 -55 35 -89 20 17 -27 -51 -74
33 90 -77 60 43 -71 -2 99 94 38 66 47 65 -74 -81 -85 -74 -99 96 -22 19 34 22 -59 -99 93 21 13 45 31 -92 20 -56 -93 3 15 -55 4 -8 39 66 64 -69 41 4 -37 -29 2 -29 87 -64 30 -35 -38 -86 -77 -60 40 57 -22 9 74 -81 62 -68 -65 92 -8 -71 -93 96 9 -3 94 6 97 58 94 -89
-24 -33 -65 -44 -68 -92 -23 96 -29 -43 43 13 25 92 55 -10 19 -84 -58 -19 -75 43 -19 -65 -71 55 16 52 1 -28 -82 -29 -1 -43 85 -99 34 -54 56 -31 -52 -8 78 80 75 63 -51 -55 -52 56 -34 -64 54 -74 67 -21 70 15 -2 -42 71 10 28 31 53 19 18 84 -70 60 -66 -21 -96 -9 -63 82 15 18 -4
89 -79 89 33 84 -43 42 -69 21 26 -43 -15 -54 -36 -37 -58 -77 -61 9 29 79 -54 61 43 55 -27 -64 85 -93 -97 -92 -68 76 2 23 -58 17 -56 -87 -97 30 75 -93 0 74 72 -88 -90 -41 -55 24 -10 32 -22 -53 -56 78 44 91 -31 11 65 77 54 11 -97 -94 -98 -41 1 48 7 92 -86 -74 11 60 91 96
76 68 -58 0 -50 -51 -36 -58 -76 -58 -75 -47 46 -54 -66 -74 17 46 -8 -39 -97 39 -90 18 -39 -55 94 -79 99 26 52 44 -57 24 -4 -56 4 -96 71 95 -1 89 -25 66 19 0 -26 79 -27 -18 -12 52 -53 -25 -72 -19 79 -28 89 65 -81 91 -75 -92 79 -12 49 9 24 -96 -94 -58 82 14 -20 77 32 -10 57
-49 -61 -63 -100 -84 -22 24 -90 -79 -32 -28 -79 49 -25 70 -20 31 12 -31 70 -14 -70 21 14 -54 -92 -12 -30 75 77 66 54 79 -78 -55 88 33 19 42 90 79 -99 -69 -65 95 -53 -83 26 -50 63 -43 -21 -92 83 22 -93 60 -19 5 34 -45 27 13 79 95 90 84 64 -46 6 -50 -6 86 -27 -24 -5 -29 60 -89
6 -48 -49 58 16 79 59 -19 1 59 94 -64 -20 22 25 -88 -94 -50 44 -12 27 71 51 -70 -41 64 -56 91 85 -81 -47 36 -30 -11 20 95 -28 -54 8 65 47 -88 37 37 0 -13 -1 9 88 -44 -25 -32 99 -14 -21 -64 -79 58 -65 -28 -59 16 -29 4 68 -33 78 3 -71 29 28 42 71 43 -35 76 -59 67 54
-46 9 -86 -29 87 -50 73 61 -82 56 6 -40 27 -14 88 -23 95 54 -52 -74 72 -83 57 -74 -56 63 67 19 -59 5 -10 5 -79 -76 -16 81 -77 -59 12 41 -74 -60 -100 -34 88 -35 95 -61 53 -82 20 -4 -99 57 -34 -10 -28 -48 88 -23 0 -58 19 44 24 -5 13 -16 35 16 60 47 7 84 60 54 27 6 -59
41 23 53 -40 -58 42 84 -5 -83 20 1 -29 -26 5 -7 -6 44 -26 12 10 16 -1 7 -56 -16 8 9 -76 -6 -28 -75 -63 44 -53 -46 72 54 -73 -72 -71 18 -79 -84 4 74 21 -51 -36 19 43 -56 -98 -87 71 65 -30 -68 43 99 95 -87 -68 58 -69 -13 66 -41 -21 -21 -92 -37 -41 46 4 32 -38 -98 62 92
17 68 -25 23 -54 68 27 63 79 49 23 -22 27 99 25 29 84 86 -43 34 65 -10 -87 -10 14 -1 -5 -76 -18 -87 -39 84 81 28 10 89 22 72 -45 26 25 -23 60 38 -31 -95 60 77 28 38 90 52 -28 93 -42 -7 -66 23 55 -31 55 20 -1 47 58 -51 20 13 -39 -90 -41 95 32 -37 -38 -26 56 10 -74
-69 34 -86 -29 -11 -71 -14 -28 -92 30 6 -55 15 -2 -99 -98 51 -41 94 -91 76 59 60 -72 -95 -100 -64 -95 19 16 86 -11 -25 -49 66 38 -43 59 -3 97 -73 22 -54 56 45 51 -74 16 -80 -34 72 -19 23 -99 -3 28 39 99 -34 65 -91 3 38 -29 9 98 -9 61 -29 40 13 62 -7 -64 -43 75 -51 77 62
35 0 -97 65 -60 -29 -9 22 12 32 80 8 -21 -84 -73 -7 39 -80 -28 96 -25 -48 8 50 76 -28 73 94 -4 13 -67 70 33 -78 -28 -29 -46 -93 96 1 49 -91 -71 19 21 48 84 -89 8 -83 4 -67 -53 53 92 20 65 78 76 -74 -62 -66 -6 5 -63 37 74 -34 56 22 -95 -43 -15 46 7 9 -72 17 3
-55 48 -39 75 -1 -53 64 -60 -4 -65 48 23 -68 -11 72 -67 51 51 82 60 1 12 -61 98 -22 54 75 49 -71 -27 -98 -4 -58 38 98 65 5 38 81 95 -23 76 73 -94 -32 69 27 -59 -79 -33 -87 79 -92 55 91 10 -87 71 76 -1 75 -14 88 -66 46 42 96 -35 -65 84 -30 22 59 26 -5 22 3 -38 70
