62 41
63 20 43 -83 -79 91 49 90 -28 -37 -27 18 -30 -99 51 -24 28 -25 -98 24 -28 -69 -72 75 -6 17 -66 75 21 -81 98 7 16 16 59 32 -72 51 11 -67 -45
71 -32 -19 43 27 61 36 98 98 65 79 8 -10 8 35 91 -36 -7 -46 79 -6 16 -8 -26 28 -35 5 26 -84 69 52 -31 59 71 -4 87 51 -39 -52 34 -64
-85 -84 -38 23 36 89 88 -36 -91 58 17 -78 -85 -39 -78 31 97 12 -90 -42 53 45 6 -63 -87 -34 -79 -18 -51 97 -36 -39 -37 87 -37 91 75 39 40 42 1
17 -29 -47 -21 -77 68 89 -89 -83 -51 -1 -75 -88 -13 -56 40 12 -98 -29 -5 42 -25 6 -31 31 18 -60 -42 -45 28 13 4 80 23 78 -7 -81 75 2 7 -65
-17 -95 -85 63 -48 -55 -21 78 -71 50 -71 -23 44 62 13 77 -96 57 -93 -90 -44 93 40 -17 -14 65 35 -5 -1 27 73 -29 -37 52 -15 -64 -100 99 -94 92 72
28 -15 -68 -94 -46 -81 -31 76 74 -13 48 -17 -45 76 14 22 99 -78 31 90 -85 -59 -87 -23 94 -74 45 88 30 -19 -98 -21 -8 26 -59 18 -71 32 -93 -73 -64
-10 48 29 70 -40 -20 -69 3 -66 13 81 -85 -4 -95 59 33 98 36 -69 -46 76 43 35 6 -52 -62 -36 99 38 11 57 98 -59 96 71 -34 -76 -53 -47 50 -16
-37 -66 2 68 74 -58 12 92 62 -2 16 -17 -28 -32 15 79 -69 15 -96 -86 -48 9 -39 62 -58 -59 -61 -48 25 -33 86 14 -29 1 -88 6 38 -91 88 -34 10
-47 23 -26 -38 -87 -94 -85 -70 35 -87 -51 -76 31 35 -22 43 62 -26 -28 -49 29 41 -31 99 58 45 -61 -37 78 -4 -25 -94 -53 -24 -63 -94 -89 -89 80 46 -87
53 77 69 12 -54 -54 -9 -85 54 65 45 68 19 -6 76 -96 26 -87 -94 41 -88 7 -92 -12 -62 -24 87 -23 -90 -34 62 -7 -84 -44 -12 -16 -74 -83 82 -93 -45
-43 -86 -12 -30 -72 37 -5 -90 -78 -93 -1 28 -17 81 13 -35 44 72 -64 24 -67 -37 10 87 -16 64 82 -11 -22 -85 31 -18 -7 88 -4 56 10 -80 -20 -87 44
29 -40 -87 21 -7 78 -23 -93 -20 52 52 69 5 -75 45 -85 3 -13 -39 83 -76 -57 -98 -34 77 13 84 82 -37 -37 -53 -63 18 -61 14 74 12 -2 55 -18 52
60 10 30 -21 -14 -34 -84 -5 -85 41 15 -85 50 76 82 50 94 71 -17 -89 39 -51 -24 -56 56 -12 -42 -55 46 -26 6 16 40 51 -95 47 -32 19 34 -15 -7
78 -42 97 88 -42 -33 -73 72 -88 81 76 -39 23 17 24 -55 -95 58 -30 -50 -98 58 -16 -22 46 -20 7 -33 2 -97 37 85 31 -72 78 -85 -98 27 12 18 15
80 74 72 -41 67 -30 -61 79 20 -35 28 40 33 -44 -1 -92 73 92 8 -90 34 -33 -64 36 -28 41 -56 83 16 0 -51 -67 -84 24 5 -49 48 38 -47 38 -74
-21 -37 -21 -19 83 -62 91 70 -26 35 60 59 79 58 -59 5 -28 -14 78 -59 5 49 -72 -11 -16 87 -50 31 43 33 -84 -10 -68 -47 7 29 6 0 69 21 61
-49 70 -78 -4 74 -93 -96 21 -2 54 18 89 13 11 99 -56 31 -99 0 19 75 -69 22 -89 23 -60 88 -83 36 -47 -92 -71 85 83 -49 96 -23 37 -50 -19 39
75 -50 -59 -22 99 78 33 77 -22 92 84 -56 43 68 -90 -44 -45 -48 -72 -68 72 -19 57 20 4 -14 73 6 -84 -49 44 19 -2 91 96 -17 58 -10 83 88 -80
57 79 80 -46 -62 23 -7 59 28 71 -48 -7 -81 30 -3 -1 -76 -57 -62 -66 19 41 -62 -58 -96 -84 13 31 68 61 17 20 -40 -4 -70 50 -25 -85 29 -83 76
97 33 -68 2 -32 16 30 67 44 -11 -98 27 6 -42 -77 -27 -57 91 -30 70 41 -25 40 -15 -54 15 26 51 -46 -47 24 -32 -89 -49 50 -59 -73 -100 -79 -24 31
-82 65 -83 73 92 -19 -38 -21 -86 44 93 29 99 67 -3 -38 -2 -13 -26 44 44 4 -39 -94 25 18 82 99 -71 55 20 -89 -43 -79 -6 -85 -18 -11 -48 38 90
28 98 -30 44 13 -94 -35 80 -84 -16 -40 -97 41 -43 -9 80 52 0 -53 41 -88 21 13 -20 -59 -69 76 28 10 5 24 26 -22 75 -24 -37 -9 -22 25 -27 77
-15 -89 58 48 45 97 -85 -88 72 -64 -71 -4 -83 -47 64 13 -1 -100 -18 -60 98 99 -54 95 18 -66 96 -96 -13 -1 92 -90 81 -86 -76 0 -39 -57 3 39 -64
2 -20 -53 58 99 68 97 -99 2 91 -68 -41 69 -93 -78 -50 62 -30 -16 63 -2 61 0 8 -17 78 97 90 64 24 48 33 17 -97 -74 14 -62 -18 2 39 -96
-77 -31 -35 0 45 -85 -42 -82 -23 -72 -20 56 81 10 -65 6 15 4 30 85 33 4 3 -11 -35 -75 -32 80 -90 48 -52 -44 39 -37 -62 74 -32 11 68 -73 95
23 -4 -45 56 -84 60 -95 -8 80 -33 -18 -10 -55 -50 30 -76 30 -49 -85 61 -71 60 87 -41 -13 56 28 -78 -80 31 -79 57 85 86 0 97 -97 -48 -26 56 45
-37 19 1 89 -21 -13 92 -45 13 60 18 23 -25 -80 -14 40 6 85 -34 69 -33 -68 -38 -38 -62 15 29 -30 76 -90 8 12 36 44 71 68 88 45 78 11 17
-86 39 49 -75 25 57 18 59 23 -6 55 -4 -73 88 -41 24 -24 -92 -43 62 -23 -88 60 -55 -72 -13 -80 -17 -76 42 -65 75 -1 -79 40 6 32 91 -54 -95 -64
78 64 -66 -84 -21 11 32 -54 5 -79 40 -89 -49 -43 -63 -8 2 -33 62 16 -97 -74 83 -46 -30 -29 82 15 -63 -25 -89 73 -36 -49 -35 -63 -68 15 -70 -58 -40
93 -96 -48 -34 72 6 12 87 73 -41 80 -26 -24 -47 -62 -70 -70 -55 44 98 17 -35 -30 33 21 -63 71 -61 -6 70 69 -42 49 -16 75 -44 -36 63 52 -24 12
-95 14 54 -59 -59 64 57 -51 91 63 -65 49 66 83 79 -80 98 -2 -89 68 20 -19 55 46 39 89 -86 -47 -68 -8 -51 -62 -36 -16 -64 38 -40 -68 -58 -27 80
-78 0 37 64 19 70 42 97 5 16 85 -4 86 -86 -85 61 -54 -17 -41 21 -33 -73 50 63 -73 36 -54 96 61 -47 25 -31 68 36 16 94 -92 46 91 76 46
88 86 31 50 40 0 41 62 4 -73 -46 66 38 93 68 83 25 2 -74 -43 99 -63 -84 20 44 -25 -99 -4 86 49 -19 -89 4 -58 -29 -81 -56 94 37 93 -96
-40 3 98 81 18 -30 59 -33 76 -29 10 28 54 11 35 -89 36 83 20 78 78 90 -71 47 85 82 62 -85 27 -96 -73 36 -69 56 20 33 -39 65 -31 -48 -38
-99 -99 -69 -65 -92 73 86 -18 -15 -68 -81 82 77 -36 79 -60 -94 -65 8 -86 98 27 -24 30 18 51 -59 98 41 -37 -79 52 70 94 -31 44 -71 62 8 53 -65
-93 -87 43 52 15 -44 -70 -27 -86 -72 -56 4 -78 -77 -12 71 22 -2 86 26 58 -19 64 -20 -59 -19 -2 -40 65 -26 58 46 -61 67 91 -79 20 95 -97 25 -9
-53 87 76 -52 38 50 -80 -12 -68 -76 -91 78 -14 -56 17 -55 -88 52 -13 -45 -33 28 -60 42 -34 34 91 -47 32 4 56 13 80 22 99 -95 32 2 -18 54 14
93 -56 79 56 35 -21 -68 -87 -90 -71 -99 -68 91 -5 81 -31 86 65 23 30 72 73 86 16 -59 89 -32 -54 51 87 -84 -12 79 20 -44 64 74 84 44 -55 85
66 45 5 -64 33 -88 -27 -55 -83 -90 42 -61 99 -8 -14 13 31 -53 43 -35 21 86 -56 -12 58 -57 41 -44 -5 82 72 -33 -82 -69 41 -86 96 7 -15 18 46
30 43 70 -24 -60 -41 85 -29 88 -92 -55 -89 -36 -65 -100 8 38 77 9 -40 -74 37 63 29 41 57 -31 -98 -43 86 90 -76 -97 2 -81 23 57 78 85 -41 72
53 -19 4 -99 68 -99 24 -54 17 -78 43 47 -16 -14 15 -43 92 78 93 44 28 -40 -49 -16 -25 41 -88 25 96 -18 73 -13 13 -36 -2 -30 44 33 -80 -94 63
5 20 -97 -93 -70 -12 -32 43 40 52 98 -62 -100 -9 98 -87 -23 -5 74 -27 -41 27 -80 12 -61 -100 99 50 40 82 0 -57 -91 19 36 -68 -2 60 99 -2 -81
-85 40 -79 -2 -19 -59 -16 73 40 -75 -60 8 -36 97 68 -12 6 32 4 48 -43 -30 -23 -1 -16 -57 27 -26 7 -61 -68 -60 34 -27 48 -81 47 -55 -11 96 0
-14 70 -30 59 -20 18 46 -76 1 -30 27 -8 2 35 13 -61 40 -95 51 5 -77 -51 21 9 91 40 38 22 77 80 -58 -95 -87 10 92 90 66 -39 82 78 -11
53 -40 -67 14 88 78 -75 95 -51 36 -1 81 42 45 88 -96 -16 11 66 11 -32 -60 4 -46 16 70 32 -77 -49 23 -92 37 61 8 91 30 22 -86 -68 -69 -16
-22 59 -49 27 -47 -65 46 -87 -65 44 -15 54 41 97 -28 50 -24 -43 -10 -100 93 70 -30 -87 -94 -54 76 86 10 33 -11 10 -29 27 3 -57 83 -2 -69 -69 89
-54 -88 97 94 97 56 46 -5 -63 -91 -23 76 36 -39 34 6 -62 46 15 -59 -19 -67 98 25 -27 -18 23 66 -27 -1 -51 -7 -66 72 -86 41 -70 -26 -52 22 12
54 -58 85 -42 13 23 -100 11 -90 73 83 14 43 97 -44 -29 -1 -14 62 4 -60 87 16 31 49 -55 -12 -90 54 -59 66 -82 74 -22 -73 -27 -59 -79 -3 -27 66
78 37 -50 55 -42 26 -45 -96 81 -72 52 32 -94 -99 60 -38 21 -66 -4 72 49 -58 -9 -15 -74 -62 -1 16 40 -88 -72 -13 -60 34 -44 89 -54 77 95 47 76
-89 59 5 -26 72 79 36 95 40 -37 59 -65 50 0 43 17 15 37 -41 35 -26 53 48 -77 66 -49 -80 60 28 -42 -83 -70 91 51 9 -70 -38 -57 31 14 -71
37 32 40 62 -89 -32 -60 -83 -64 50 66 -11 -86 -5 20 -82 33 -59 77 -24 -56 -94 27 5 34 -19 -9 -14 -28 43 -21 17 25 31 43 67 -75 87 -58 -4 95
-15 38 -89 16 -94 47 -27 17 0 -19 64 21 -26 -87 -44 98 8 13 32 -82 -96 85 17 15 -88 97 -40 -93 97 -40 69 -7 12 -73 36 64 70 -61 71 -33 33
-5 76 -83 -79 -87 -96 82 4 -77 36 69 -82 -19 -32 47 19 -71 53 -81 -2 -46 -57 -72 2 -20 2 56 71 -40 84 -5 56 16 -20 64 10 22 74 -95 95 -39
47 -95 -44 10 38 73 48 76 -69 27 -10 75 90 11 76 -42 -69 -6 -99 32 45 -3 12 51 17 -42 50 -82 -15 73 98 72 88 -54 27 69 -77 -3 14 -54 -7
-43 81 -69 -89 -31 10 -75 55 45 -80 -72 -87 -83 -42 77 10 -73 -55 -95 -19 -31 -19 72 64 40 11 -18 16 3 22 -46 -49 7 -90 -76 -3 -20 -100 -16 -20 -96
-9 -13 -87 -21 -90 -51 24 -69 39 -24 7 -71 -32 88 21 67 -44 60 68 27 -72 -44 -42 0 -10 -61 4 3 -38 -17 60 5 -85 63 -77 95 -100 60 1 -70 12
18 61 1 99 -47 -47 75 46 8 -40 -83 -92 -15 -52 64 -63 -37 84 -90 -5 75 62 75 28 -60 26 -46 80 10 -32 -83 47 41 -55 -47 69 -93 -36 -23 -64 -47
34 -94 89 -23 -100 23 -65 -38 14 61 24 -12 -37 -22 -30 59 91 -38 -47 -58 -46 -54 98 10 83 97 -41 -3 69 -85 83 80 60 8 57 12 67 -68 72 32 1
-7 -78 -79 82 74 -51 -84 56 8 49 -64 73 11 -13 16 -70 65 -95 -89 -4 35 -17 -36 38 -48 10 8 -13 49 3 94 46 -72 14 19 -13 -45 12 -2 80 -35
-90 17 -52 30 -61 -96 -2 -31 27 -54 49 -89 -100 -26 -42 19 5 -8 3 62 26 -44 43 35 -81 -39 54 -19 8 50 -45 -17 -31 81 -21 93 49 -83 -33 -30 -67
38 -19 -47 66 30 78 -33 18 98 -28 25 35 -47 -14 34 68 -28 -60 8 89 7 34 0 9 -1 46 86 -49 13 -26 -54 -18 -38 -18 -1 -80 -53 46 -58 40 -34
-36 -45 -1 -27 59 94 -84 -84 -20 28 -89 30 -4 -33 72 -84 -90 27 -21 48 -14 -46 23 -97 63 91 0 -3 -28 -97 57 46 -75 -28 85 34 76 -35 -32 64 -49
