42 59
49 83 44 16 3 3 70 63 -37 -61 88 20 -27 -100 -48 -91 -70 57 99 -9 47 60 71 -26 79 -87 -80 -8 75 64 9 -40 -71 -34 38 26 -61 94 -64 -6 -38 -45 65 10 42 -38 -47 35 -81 94 55 68 65 36 -5 -79 -28 -48 -84
21 90 23 14 -92 69 79 -82 -22 -56 84 -15 32 -34 12 26 -88 -91 -19 -14 -81 68 21 -67 42 -5 -54 -93 -36 -15 -52 92 -89 76 56 -57 97 60 70 68 81 89 -11 65 26 87 29 -70 7 95 93 5 -73 -32 -74 -75 28 61 8
20 78 -56 -20 31 93 55 81 69 39 -9 67 -8 15 55 -47 -73 47 -66 -91 91 15 95 -70 32 -82 35 -87 46 -24 -32 -36 89 0 73 -25 6 -56 -3 84 64 8 -91 -50 -55 35 -32 24 92 -72 74 -26 -93 31 53 28 92 -62 -83
-66 -6 78 -69 96 33 -46 50 47 -23 -56 -82 -89 7 -7 -74 79 -95 70 -1 -54 16 52 3 -73 -37 56 -15 83 81 -37 55 -75 -9 -33 78 -85 -53 -45 -11 -13 24 -84 8 12 44 -83 -54 30 -34 -9 65 31 -5 68 -87 16 66 65
60 95 31 -45 -16 70 -26 83 -55 28 25 12 -39 3 43 20 5 2 -75 50 2 -5 -88 7 -8 -81 -11 -24 -43 -23 74 43 85 -7 -90 31 -63 2 71 -95 85 13 97 20 -33 55 -47 -39 -76 -7 3 -40 -43 -17 81 70 -13 -77 -67
-33 -18 90 65 45 -52 39 21 73 -32 -65 25 58 57 45 -68 68 -34 15 60 51 -42 -71 -98 -64 -100 48 -8 3 98 -55 -3 26 -35 -13 -63 -96 82 -6 -27 81 -64 -98 38 -67 -98 -4 1 68 -82 -61 -14 73 -54 -78 13 26 -19 95
-12 -26 -10 -5 51 -8 9 -84 8 -45 30 -13 78 47 86 48 60 35 3 -94 -54 -13 71 -69 12 52 -64 -52 34 -35 -54 -51 -2 -79 -66 -57 39 98 -22 5 14 80 80 -24 48 -46 -4 3 -36 -60 88 47 -91 -15 74 80 33 -13 24
15 -5 18 3 -56 70 57 -86 95 75 31 0 -33 -51 -4 1 51 3 42 -31 -55 6 -1 -35 -13 -61 16 -2 -80 35 -81 -85 99 65 -32 86 98 -28 -63 -5 -47 6 -64 -36 -8 -13 65 -64 -61 94 8 5 32 33 -100 -13 -2 52 -51
-85 36 -80 -72 -40 -96 84 -8 93 82 -9 54 -16 -81 -17 84 85 26 -38 87 -59 -40 -21 -92 32 42 -25 12 49 81 -32 -13 -14 -3 -87 -67 88 38 60 89 15 -57 -63 -53 33 96 95 -99 -93 27 -80 69 -47 1 -16 53 -93 -2 -50
39 -72 -30 -90 47 -94 49 -10 30 -30 6 -64 84 -27 -85 -64 22 38 -52 -98 -96 39 -99 -34 60 -53 88 38 12 46 76 95 60 -26 -38 72 -52 91 -6 47 -76 94 -58 -71 25 14 13 69 63 -56 43 28 -65 -56 70 -77 52 51 36
-92 -88 -41 -4 34 -4 53 -6 -84 88 94 -89 68 87 -12 -49 56 -17 -54 -99 -64 -73 -97 77 41 -6 54 -24 1 4 97 -35 -68 -62 88 -3 -89 -25 -91 24 -93 -37 -14 95 -12 38 61 66 -29 55 42 91 56 14 -23 82 -60 -32 26
-62 62 20 -98 27 12 -71 -32 33 21 -37 92 54 -51 -42 -25 60 96 2 64 22 -70 -40 -36 -89 71 59 80 -46 94 -62 43 -77 -77 -19 89 70 -75 -82 -72 -24 -51 -29 4 10 -87 49 -74 -67 -64 43 29 50 95 75 11 -95 -93 -57
-69 53 47 -24 -15 21 -16 71 -37 -90 -49 -71 -42 8 32 13 -11 86 9 99 -35 58 68 64 -68 16 -72 -65 -100 1 -91 -14 -70 -61 7 41 28 63 69 -87 3 -4 -30 -95 13 -70 -76 82 -35 -23 -21 69 -17 59 76 81 -74 -49 -2
-3 17 39 45 -86 54 -92 54 85 -91 1 -14 44 -31 6 -98 -81 -94 -42 1 -95 -98 -93 8 -98 -39 -24 -73 -89 11 -50 73 12 73 43 66 -38 -74 17 -29 85 -77 99 62 -32 -67 53 66 -70 -89 92 -39 -77 -57 68 -88 71 45 -31
-57 18 -7 -57 -7 85 -28 22 78 -96 -21 88 -89 41 -1 -27 -54 67 -56 50 87 59 67 -19 50 79 -87 84 -53 72 42 -58 98 33 98 89 -66 48 19 62 39 -11 -77 -53 -70 -24 88 -81 6 96 -39 -29 61 -55 70 -49 5 -74 75
43 -32 88 -79 -17 -79 -99 -11 -84 -25 52 -27 69 62 8 -16 80 -12 -29 38 50 -70 -51 56 -38 84 -11 49 52 -85 -9 45 33 -96 63 8 28 91 69 -21 48 -34 -22 58 -71 -21 90 -39 -23 45 97 -71 60 -42 -69 14 61 -76 -17
91 74 -15 75 -89 -58 19 -34 -71 -34 10 -6 -78 78 25 -7 -5 12 6 -62 -97 -44 37 83 -70 -74 49 17 -38 78 84 70 44 -69 -86 18 -22 90 -55 53 4 27 -36 -60 20 60 73 90 63 -100 -18 97 33 -29 27 -15 8 41 20
-8 -60 84 38 58 21 46 -20 35 -43 61 -78 -29 -89 -68 -6 10 -15 51 69 20 -98 -5 -67 54 -81 37 -8 42 91 -53 -65 47 -68 -49 -72 77 61 -6 -47 -17 72 72 86 -71 28 -86 60 84 40 -29 -25 24 -15 48 1 34 10 74
36 -10 36 -66 50 47 35 -18 67 -92 28 1 -49 -11 28 73 -84 -81 -77 20 10 -21 -47 -91 21 -2 7 -13 83 37 -71 -38 39 55 58 8 69 63 56 -85 7 66 -46 -30 -17 -74 72 -55 -11 -36 -6 -55 -92 -9 4 -17 -24 -35 -72
28 -69 70 -52 -83 48 50 37 59 -49 -88 -20 53 -69 -19 -72 -75 40 -31 -35 -95 57 40 35 -93 73 -17 18 11 -56 38 68 99 80 13 -53 19 81 18 14 -10 -54 -54 70 60 96 13 -99 2 -60 71 73 95 -96 -52 -67 97 -54 -68
98 -25 -35 -48 12 80 -44 -76 55 12 24 85 -44 -79 -52 -76 -98 73 95 11 -46 -47 -55 24 -18 -35 -14 48 -63 -6 -49 86 -44 61 -50 36 -65 -37 -67 96 7 -56 -98 -61 -73 19 46 -49 28 -46 54 79 -74 -86 -56 27 83 -78 94
-45 -74 -40 -64 -68 -48 -52 45 73 -58 92 -60 68 -12 -9 75 61 -49 70 -57 34 49 -64 -59 48 -47 37 9 -80 -15 45 -43 -58 36 34 -3 -34 -9 83 -32 72 -32 59 97 14 -44 -38 39 83 -83 9 65 -10 4 -85 -10 70 67 -14
-100 17 -33 -24 39 40 36 8 53 -75 89 -52 -96 64 5 72 36 86 -15 -1 -39 -36 -32 -52 58 74 -50 20 71 91 61 -22 -71 -61 -75 90 44 -30 52 90 10 -79 68 54 77 74 77 20 12 -91 27 -25 42 56 17 87 20 87 -83
-87 -6 13 86 43 -41 49 -68 59 -92 12 -89 -32 58 -63 -30 -23 79 -18 -31 -59 -30 83 73 99 90 65 -1 -93 -99 -68 51 -12 -99 92 -42 63 79 49 -62 -77 70 -35 26 -53 -26 -34 10 61 -27 91 -40 -75 39 79 98 41 81 -12
-54 -98 5 -45 8 35 8 81 54 -4 25 -53 74 -46 44 -43 47 -87 -43 39 -51 -86 24 -38 -78 -94 96 -22 89 -61 -73 -52 -14 17 -10 73 50 16 -3 83 45 -76 -43 96 -23 88 -92 5 13 35 25 -3 -7 -88 0 82 -40 6 48
67 -61 96 75 23 40 12 -66 16 27 17 91 99 -37 5 51 -48 -31 29 47 -83 60 34 -88 -80 -7 -40 -91 60 -31 23 46 75 90 47 79 -51 -77 32 -33 -16 58 64 -23 17 -95 49 -94 -86 -55 -22 -19 -76 85 -60 -21 95 10 64
-9 63 -59 -25 65 -63 62 -6 25 -81 -53 99 71 -16 48 12 -16 -20 -10 79 -61 54 -87 -99 -35 83 47 -61 66 50 -82 -39 -43 -20 28 -3 66 94 -83 -96 -94 53 -47 23 -49 65 -60 13 40 -75 2 70 23 86 -6 -1 -40 -63 98
61 5 -78 36 -76 89 -5 47 1 -71 66 33 9 50 -10 -60 59 62 83 -42 -45 -87 11 22 -88 11 96 51 -63 63 -41 87 -12 44 87 -76 -49 -63 43 6 51 22 -60 -7 -59 -80 -69 36 -90 -18 -99 7 22 2 23 88 76 82 44
60 -55 -96 -59 -43 15 86 -40 95 -52 -10 -43 7 27 33 -51 -34 28 86 -5 66 66 5 55 29 -34 -83 -31 3 82 35 99 -58 89 -13 -30 12 53 -12 -98 -36 -55 -96 -80 52 57 65 -4 -42 -98 82 -1 -51 30 -20 58 -45 3 64
48 28 66 -51 36 -72 -72 50 -81 52 32 -10 41 -69 -56 6 45 -68 85 15 -70 28 -77 -83 78 29 -46 -21 62 -50 -19 -76 -20 -11 -20 97 73 -70 -11 3 -13 70 -73 -76 -16 37 7 -7 99 71 71 59 -66 37 51 -33 -39 50 37
-46 90 32 -52 8 46 5 -7 -1 31 69 2 24 -33 -78 98 70 75 -32 -32 34 -93 86 23 -67 -95 -69 15 -89 0 13 65 81 -89 24 -47 6 -82 -12 -81 -33 40 -56 -10 -41 2 -10 -15 -37 3 -41 -78 63 -84 -80 -67 21 74 -67
69 -97 -30 -83 69 55 -36 -34 -94 36 -13 83 -9 -72 -92 67 -55 -39 -67 -12 12 -75 -72 -17 29 -47 -96 46 74 -38 -14 43 -26 -43 -96 -13 98 -75 -70 -93 -48 -76 -26 -7 58 -100 10 -74 91 -83 87 -13 51 -70 -15 -70 -15 47 -4
-2 -68 -18 -47 6 19 66 -7 -90 46 91 97 6 68 -36 54 -18 46 81 67 58 84 21 49 -77 22 -61 47 -33 -18 91 -86 -94 -52 -41 -66 45 58 54 -82 -98 -38 41 -72 -65 -4 85 92 43 4 96 7 6 44 95 99 -75 -34 -1
65 71 -20 67 -94 -38 75 -42 58 -72 13 -15 -50 -29 38 15 -8 -89 -54 22 80 31 93 -15 93 -37 59 -92 -68 16 65 80 -72 96 35 -72 3 -52 48 -38 28 -32 -29 -78 -14 -74 -13 -92 32 -3 -43 81 97 -70 56 43 69 -72 49
-44 77 -83 88 -100 68 45 -29 -38 -66 -54 82 13 -43 -44 83 3 -22 62 -1 33 65 97 68 -68 16 -51 -84 -48 49 -83 30 79 45 74 20 -68 20 -5 45 -8 83 -68 83 -35 29 60 -33 -70 -99 43 52 -42 50 -36 -15 -48 -36 95
19 78 22 18 -77 -52 77 -39 91 72 64 -28 -25 84 -79 40 -38 -68 -29 96 6 -88 59 -42 -32 35 84 92 -21 -11 94 0 52 -90 -82 -96 -58 -59 68 18 87 32 -15 7 50 -36 80 -64 87 8 -17 -79 -16 61 -59 -10 53 -96 -58
92 18 59 -51 -71 23 -80 73 22 0 -32 -93 -61 -98 44 -57 -84 23 -63 17 11 1 -23 -30 38 -19 24 99 51 -71 -76 1 -55 38 -87 98 -31 52 4 -33 -4 50 -18 2 86 18 27 -63 -76 44 -61 44 -78 -62 -55 -84 32 45 19
68 -50 -66 9 85 -83 -25 9 -36 72 43 -95 15 99 66 -1 56 -54 -38 22 -24 -2 -69 -22 64 -84 41 -66 -92 -42 -80 -100 81 85 -45 -11 -15 15 93 -31 28 -82 84 -39 -23 -22 98 42 94 -64 78 21 -92 -14 99 30 70 -63 71
-46 43 24 86 -44 58 91 -8 -15 38 -72 24 26 66 -84 7 -46 -82 -7 -79 -63 -69 31 94 -32 20 49 -37 -26 13 89 -62 67 88 -90 87 -85 -58 -11 -35 68 19 -82 -31 -92 37 1 -68 93 14 -15 79 -22 8 39 50 63 8 -78
37 -37 -98 -59 -69 89 -44 -55 -68 72 37 -35 -62 32 -55 -5 54 -82 30 70 91 -30 -56 1 -21 30 20 24 -94 57 -55 21 -32 -51 -63 52 -6 -42 63 -32 -5 -3 -32 2 63 51 71 15 -56 -38 -12 81 -67 -72 29 -63 -1 29 -8
83 -66 56 39 -30 68 -12 5 46 -16 -39 -32 -5 -83 56 -49 -91 36 95 30 8 32 46 80 -44 88 -63 -36 97 -54 -89 99 39 -10 82 41 -22 -87 72 -78 -60 3 73 -65 -45 -61 90 -7 20 -63 10 -75 -80 -20 -85 33 -57 37 -21
-82 2 -44 51 78 77 -54 48 -56 60 47 64 57 -19 -92 23 -27 55 99 -93 -41 -62 62 36 37 39 46 49 -72 16 77 -73 3 -21 -99 59 89 -92 -46 -15 -53 9 78 -3 74 9 68 59 -6 79 -65 -13 -96 20 -77 31 -82 -37 20
