80 64
15 -35 64 -31 -59 -64 -51 -16 2 84 40 50 35 -21 75 -56 15 -35 6 30 77 -19 32 91 -81 -20 -25 -75 -79 -4 -38 -94 -35 -89 -84 92 -71 42 19 13 -12 92 -86 20 68 59 -92 6 -68 -94 -21 8 -44 51 88 -84 57 3 -77 91 -9 -34 68 -22
-52 -63 27 -33 78 -9 78 -18 -88 -91 -79 87 -71 66 -93 66 -19 57 -2 6 41 66 15 62 -31 88 87 -74 -52 -93 89 -92 -70 -71 -35 18 -59 -80 44 -45 -58 -40 -19 44 97 -49 -88 5 -13 -28 33 8 27 -16 -42 81 63 42 76 -98 -95 -22 -64 -54
-38 40 66 92 28 14 -42 -99 -10 -5 54 74 -20 -23 -54 -25 -82 2 -14 -43 -54 78 85 28 -76 -32 67 -83 -100 19 -88 -55 97 54 1 62 85 -65 -52 68 -87 7 99 -14 -85 98 -14 -1 20 -69 2 -10 -81 -59 84 -64 79 -28 -31 -80 -64 53 2 -28
9 20 84 24 48 -99 -74 39 46 -19 -82 44 -99 -23 64 45 87 39 56 -38 97 12 27 13 -96 -11 -63 -78 -62 -78 14 -8 9 -48 25 97 -21 -58 92 -25 69 3 -59 -65 -38 94 -4 -78 22 -91 -2 89 24 -54 73 2 -17 -45 -46 25 -68 -87 44 88
25 -68 73 25 40 -28 -35 75 39 91 41 -60 -14 -55 86 -58 -94 56 10 -19 77 -87 -32 -41 13 70 75 -83 -99 -70 35 74 -6 6 -84 -23 -82 -82 50 -52 27 27 26 -6 22 42 -11 -72 98 -11 14 -4 86 -32 78 45 -63 -98 93 -17 -74 -75 -44 -90
-69 88 73 -87 30 92 75 41 -23 -3 -97 26 -19 -55 50 9 38 -11 0 -10 54 -89 -44 28 -92 -85 -96 95 -18 34 -40 -3 -4 -79 -62 -88 -49 86 16 43 -14 79 58 51 -32 -34 -67 -80 6 32 -39 -92 66 94 -94 83 -43 -26 -28 -52 69 74 84 39
93 -88 5 -49 -79 44 41 50 21 -77 -31 46 -51 -7 -82 -26 99 62 -40 -82 12 -83 -81 27 60 -91 33 62 19 11 -77 19 -25 -25 -61 -43 -60 22 -67 -35 98 8 -43 10 -81 -29 -91 -13 20 -80 -1 -21 -61 -4 77 84 -63 81 -42 -49 57 94 -44 90
34 -51 -92 -45 -63 60 -2 -36 -22 46 14 32 67 -46 -7 -50 -47 -20 44 -93 56 27 74 84 21 -45 20 13 38 -45 14 -53 76 74 -48 -47 -33 -18 -6 -31 -37 13 -37 -40 -21 47 -84 63 -5 -52 -96 -88 65 58 63 -34 23 -47 99 8 10 -61 50 -73
87 22 -26 22 -17 -76 -70 33 72 53 -98 97 -2 -93 68 32 17 30 -13 87 1 -47 -52 8 31 5 75 -47 -18 -92 -32 6 -6 65 55 -46 64 -26 5 -41 -2 -26 61 4 -100 -100 2 -98 -29 -36 -27 91 21 -80 -80 -69 46 -67 -36 87 25 -24 -72 -65
5 75 -92 -34 82 69 37 -47 15 -16 -55 -32 54 -84 -51 -4 -46 84 -59 34 15 24 -11 -74 11 -37 53 43 -61 -66 -94 -30 -95 52 82 34 -59 -41 -72 -73 -62 -77 58 30 -45 -46 -33 7 -27 -72 44 52 -34 -97 -47 -38 -82 -50 -32 -27 85 -43 -67 -24
-75 -67 -68 -11 -94 45 -97 -30 63 32 40 -75 -5 29 94 -94 -52 31 -93 74 18 -49 61 46 -1 -18 99 -76 -82 71 -5 -71 -94 -84 81 -16 0 -24 -94 10 31 45 -62 -58 94 -89 59 67 8 57 -16 -84 44 -58 17 27 -65 -53 -89 65 -10 51 -38 4
-2 -30 -80 35 -57 -50 65 -18 -7 67 65 65 -67 79 -90 -94 -73 -26 3 -47 11 -2 44 -72 -51 -4 35 -45 77 17 -77 58 3 -40 -86 76 -16 17 -36 31 45 3 -27 29 23 -3 79 48 -36 46 -2 50 47 -75 -16 46 -22 51 -23 -21 -12 9 -11 82
-71 -52 95 70 66 -96 -94 4 -36 83 -50 67 -67 -23 54 -75 44 -31 -33 30 -55 77 67 -83 -99 -73 39 -55 90 -21 26 13 62 0 31 -33 93 91 12 -74 -67 45 52 -38 30 83 74 40 81 7 16 -26 -81 -43 -58 84 -90 9 -2 -84 48 -1 48 27
68 42 -38 -56 97 -31 58 -4 16 -80 7 59 -62 -77 -100 74 -6 88 -49 17 -12 -51 -55 36 -27 -89 -34 -84 -83 85 24 -29 59 4 63 64 7 52 -92 87 -74 -29 78 93 49 25 45 -21 -49 -28 -20 88 21 -11 -36 28 75 -86 -9 26 17 -27 -22 70
-15 77 -89 -48 -58 -69 42 -57 78 64 98 89 44 -3 -62 81 -39 19 -79 -93 92 61 -25 -3 39 66 -7 14 28 79 54 -13 -48 -11 90 55 23 46 -5 51 8 30 -29 62 2 64 70 -17 79 54 53 81 -72 61 -63 46 -62 -88 91 -25 95 67 12 -5
-33 -5 16 -90 25 21 25 -29 -43 61 -31 86 -4 96 -56 59 74 99 63 11 58 -27 35 24 -14 -38 -90 62 -15 -46 35 37 55 89 -23 -20 -44 96 2 41 -21 85 36 -10 -8 86 -49 -42 56 -52 8 -80 0 93 -99 -14 -55 -38 -54 83 -70 66 -76 66
15 -10 -68 50 16 -8 55 98 77 30 83 -72 88 3 -28 -65 83 -49 48 89 5 -35 23 62 -81 -82 95 36 59 85 -65 9 95 -78 -93 64 -98 43 -1 -39 -8 -80 -72 -20 -60 -67 71 54 -77 -66 -57 -43 14 54 -23 -47 58 8 -43 -20 91 -95 44 67
15 38 -68 21 5 -62 36 52 -18 -53 -47 -87 34 46 32 -11 54 47 92 53 -67 -66 -14 37 92 38 3 -39 10 -32 11 48 48 88 8 -22 -91 46 84 67 46 -33 14 -80 -84 61 -74 -54 -66 76 64 -71 -71 -2 35 -70 -76 -86 -93 84 -7 -31 83 31
-63 -39 39 86 63 -19 -48 79 96 68 73 -47 -39 41 -53 13 66 -60 -68 96 -38 23 -12 -9 43 -93 11 12 79 -21 29 41 11 -95 96 -86 42 -55 64 0 -43 -93 -79 83 -94 -60 -99 -17 99 55 -99 -14 89 31 -67 -83 8 89 -4 -70 68 24 -31 -27
-100 -95 -75 93 14 -16 36 13 -4 2 -11 -58 -18 53 -11 88 88 37 -82 -40 93 96 -58 84 27 -4 -91 -19 89 -89 -89 -36 -42 7 36 -24 -20 -68 -100 79 94 -61 46 -13 -19 -4 26 -97 -95 -34 -2 66 86 73 -25 35 53 -4 72 -34 -68 -40 15 -43
41 61 14 75 -69 -69 7 -3 41 36 -36 -38 -8 -71 -82 -92 30 90 -12 -57 76 97 -89 58 -52 89 -61 76 16 -93 -39 73 19 -55 42 -11 -45 47 -2 -24 39 79 -17 -62 61 -68 -49 -7 -8 89 -55 -80 64 58 -17 82 -78 43 72 -8 18 8 -20 -64
-58 5 -22 79 -99 23 65 31 71 -86 78 -92 -65 -35 7 51 62 -93 93 53 82 91 -25 75 95 90 28 -78 -84 95 -39 -55 -63 -48 13 -8 80 51 88 -85 -6 -9 -69 23 83 -28 44 -11 -79 -80 24 85 -16 44 95 12 -70 94 42 -39 -91 88 -56 -28
77 -71 42 -63 -36 -93 -37 60 47 -43 92 60 75 -23 79 -19 95 40 2 -16 60 53 -2 -58 -29 -80 49 30 -3 52 -15 35 9 -54 -38 41 -15 -17 9 -31 -58 -76 -86 -85 -98 -12 15 11 27 -92 58 -57 21 -34 -34 56 -94 -74 -16 72 5 -31 99 51
29 42 -91 -71 8 -49 -68 82 -24 -28 85 -21 -12 62 -58 72 -70 -70 66 -86 12 47 61 -13 32 -23 -7 56 52 -64 -48 -49 10 -39 -14 -56 -48 35 90 57 84 44 -100 -68 86 37 34 -36 -98 -20 -72 -32 -65 -56 36 -97 -4 34 50 -27 -45 34 -74 37
-65 71 3 55 -94 -29 92 -21 18 -49 -79 79 -61 67 20 -10 -18 64 21 -30 56 -47 27 51 -50 -81 35 8 88 -75 62 -83 -100 -20 -98 22 12 48 -63 51 -30 66 -54 -52 -45 -10 -52 -1 -46 -48 56 -25 -97 51 57 -48 63 -6 -98 1 -43 -13 -48 -56
-55 24 -36 -4 81 -32 43 79 -19 -34 -56 90 71 24 -46 -90 -54 -54 51 96 -5 -36 8 29 78 -86 -30 47 -38 -54 -29 -58 -9 -61 -27 50 46 -20 -88 -57 34 -45 -45 82 -18 71 -43 20 -97 -16 -44 69 84 37 38 -13 19 -66 94 2 29 12 -79 -58
-67 94 49 -17 5 -11 -31 -36 57 73 19 -76 80 -19 -33 96 9 65 60 53 -54 95 68 97 55 -88 35 -21 48 -24 16 48 11 55 16 84 -51 41 -42 70 59 -7 47 39 -82 -47 -58 -53 -74 -75 -13 33 54 -23 66 -24 -72 -65 57 -86 -30 78 -39 -90
-86 55 97 64 -34 2 7 -4 23 49 89 75 -89 67 99 -75 32 60 33 -16 -57 -94 88 79 1 -13 24 -1 -28 -27 -52 78 -63 -73 -43 28 -63 86 -68 87 14 -22 -73 73 35 -77 70 85 78 70 94 -62 -59 -12 45 -97 71 -12 7 -16 29 -65 -47 48
-8 -99 -4 -96 36 23 4 -10 70 -51 50 -7 26 65 -58 60 65 51 -95 17 72 -90 98 -80 -12 -78 -89 -88 -59 83 71 21 64 75 -18 43 -62 -76 -88 66 -87 -72 81 -78 85 -11 -11 -15 0 67 3 35 -79 -25 63 73 -25 5 -87 -19 4 -47 88 -28
-80 -25 -14 85 40 85 64 10 6 13 -18 5 -29 71 -31 77 -61 78 28 96 -64 -31 44 -21 -95 53 -77 79 11 66 -62 -82 -64 -37 -46 32 -64 -86 -44 95 -74 -61 15 41 -27 39 -69 -81 -86 44 -76 -39 -45 59 -71 -67 88 -85 -11 88 81 52 46 -85
33 -66 92 -63 81 -29 36 -31 -8 66 -18 23 74 -67 -29 72 70 93 -29 -18 -84 29 -42 0 54 -99 33 -59 -73 96 52 -6 -54 -88 -47 19 28 64 7 -17 36 -7 17 -33 18 -55 -55 71 94 18 -16 -66 50 -57 -6 19 -61 60 5 -63 -77 30 -13 60
51 89 -15 44 -16 81 23 97 35 -86 -40 -88 13 -84 -44 -43 -78 -95 85 49 -82 17 -82 39 -75 -31 99 57 -25 -97 -68 56 -28 -79 12 76 -75 30 58 81 44 -44 21 -46 92 -100 29 -86 -69 -52 -72 89 -98 -85 98 -85 -26 -30 9 -88 -85 9 24 71
-90 64 -79 68 19 31 41 76 -73 47 47 -17 -50 67 12 29 -56 65 -94 -37 -12 -18 22 -24 -42 41 64 68 -99 62 -51 -71 -24 -26 10 -4 -5 -12 51 -3 -36 43 85 -60 -21 39 1 -1 -71 82 -86 -54 -80 -88 98 -42 -77 -44 -1 -19 55 -12 84 -35
-5 3 -59 59 76 22 58 2 44 73 88 -68 -36 18 -84 63 -33 -19 -14 -36 33 82 -83 36 -65 -11 -48 -100 -39 -67 -12 19 -98 71 -53 50 14 -69 12 19 -66 55 -56 -20 -48 -14 93 30 81 -84 88 73 63 53 -72 -37 34 -21 -39 -39 -7 87 79 -60
9 -70 99 48 26 -100 90 -79 -21 46 44 39 -49 -87 -77 -44 7 6 93 -86 34 -1 99 -38 34 -2 -29 27 -39 60 -13 -16 76 -36 71 -74 -49 98 52 20 -31 70 -82 -21 97 -18 -49 96 25 99 -23 23 -93 -22 14 66 33 -51 94 51 96 -93 -31 14
-96 22 37 -85 93 35 42 99 -94 -56 -4 32 55 -79 41 50 -72 11 -52 -9 -71 60 81 -85 38 2 -86 -24 -73 36 65 -1 76 86 -90 0 -83 -87 28 87 70 -78 47 55 -15 -54 9 -5 20 -42 -10 99 -20 71 60 52 2 28 14 35 45 -65 35 19
-16 38 42 93 -18 43 -71 -17 51 22 7 -8 5 -79 -73 11 -53 20 -82 -46 -68 -54 62 -99 -12 91 -12 -13 34 -28 -42 89 -35 -44 49 -39 -24 -79 50 60 -13 26 84 82 -99 54 50 -15 -97 -59 53 85 90 -28 -80 87 4 -73 90 81 7 3 35 1
34 -14 -45 -4 -84 -78 -81 -99 -42 -48 22 -18 80 9 -45 -18 -73 -31 -13 -53 -51 -49 -46 82 2 33 17 21 -62 28 -13 -76 -49 7 -49 15 -23 -24 -88 27 -46 15 -100 -21 -18 -6 -62 1 99 -56 80 -83 -66 66 -100 -75 -17 7 -31 70 -3 31 83 -70
-11 26 -33 90 -1 90 -3 -98 81 94 -65 -86 8 1 -17 -77 -84 -54 60 99 -4 53 53 33 -78 -54 -55 -83 48 12 86 66 -37 -11 65 53 -18 88 -11 61 -46 -97 47 19 -83 70 58 -36 49 48 94 -84 -49 -8 23 -3 -29 -53 19 -95 50 -12 -93 53
-31 -65 13 22 55 -22 -38 48 -66 -47 60 -83 -98 -6 50 -85 -85 24 87 -15 7 -85 40 82 99 -32 -3 35 -45 53 -23 -14 -89 -96 85 -88 73 48 -94 49 -76 -12 -34 88 9 75 -95 8 8 -52 -24 81 69 71 25 -8 49 -62 56 34 -21 25 49 -30
-90 -64 88 57 -11 -29 -66 21 -60 -48 60 38 88 3 -51 84 -30 58 70 -99 -32 18 -54 38 -59 18 12 -17 99 94 -5 44 -75 -65 29 18 81 65 -27 -1 -58 21 -25 -76 11 -88 31 23 -16 92 -84 -100 65 69 -38 -59 -24 63 80 58 -14 -90 39 -38
-35 5 93 10 23 67 -55 53 -93 67 47 37 80 -76 -50 -56 -53 -48 -71 23 14 -80 83 60 33 64 -50 -46 40 95 61 -87 13 50 -72 9 -81 -38 -16 31 -86 99 -20 -50 -7 5 -68 -56 66 8 60 -58 65 12 -93 -4 -32 79 76 -73 54 -5 -44 -37
-99 71 22 -87 64 84 -85 54 28 -13 -50 -70 -26 -27 15 23 61 -5 -2 80 -70 -97 -85 -44 -18 -5 19 -77 82 33 -90 -16 37 66 62 -24 17 -85 -54 18 55 4 -99 -65 -91 27 -40 -76 29 -55 -33 -11 79 67 -53 -75 -14 -68 75 75 47 16 -7 55
-26 -28 -22 46 -35 53 77 90 13 -81 48 45 80 47 47 31 -23 90 63 46 82 94 -77 22 -60 -22 44 -54 -46 66 30 97 -25 -82 64 -76 57 -52 -12 47 -2 2 8 -67 62 32 12 33 -7 30 -51 -85 67 90 -46 80 44 -83 61 86 -19 -10 -4 37
16 70 -15 73 -65 -74 -18 40 -48 86 69 -73 -72 -40 7 -70 -91 61 27 51 24 -26 -31 67 -53 -67 0 -65 -73 -92 -11 76 -14 -10 13 78 -97 69 -84 -74 61 -60 23 82 -59 94 71 25 -98 79 31 -97 -29 50 -16 62 72 10 35 -42 57 -12 -9 -42
84 -27 83 -21 -73 -32 -2 -64 -11 -37 61 -25 29 11 -34 -1 91 12 -94 39 -77 69 -65 81 -76 -4 79 -53 -38 -18 -93 98 -50 -86 -59 -57 1 -97 -76 -57 78 -14 49 6 80 69 2 3 77 20 92 -78 -47 1 -58 22 -19 -61 12 45 58 59 25 -15
9 7 -39 59 -52 -38 -90 59 82 -61 -15 -35 -89 45 -53 -34 2 63 5 -64 -36 93 -83 -21 -27 87 -79 -44 -71 1 89 50 59 43 -72 -58 17 57 -45 3 32 53 -26 71 1 -5 -13 88 -76 -66 -76 58 -12 -87 83 -40 4 -15 -40 10 16 -95 59 -34
47 14 26 -71 87 -92 -83 -65 73 56 -80 -38 54 -72 -39 -56 43 55 -94 -80 49 -90 -7 14 -79 -57 -81 -11 22 -45 86 -92 -6 -24 -25 84 -2 -77 2 -39 -76 -60 -66 -65 7 -70 60 14 70 84 39 -87 36 10 79 -4 52 -61 -73 5 -21 80 3 -67
-34 -47 -34 22 -18 22 -29 -50 -79 -31 -70 77 -13 -94 29 92 61 -93 -53 -82 -4 94 29 67 -99 -85 48 -13 48 -10 34 64 -22 65 -40 87 72 78 39 89 -96 31 -14 -100 18 -23 68 71 -48 -18 62 7 -94 58 51 -69 52 -87 81 62 -84 -17 -13 -98
87 0 21 17 -77 -95 40 32 34 -82 -9 -26 53 46 -7 90 87 59 48 -94 -28 79 72 -37 2 -60 -68 -57 -1 34 22 23 91 -90 -51 -71 55 8 28 43 -26 54 33 57 -61 -72 43 27 59 92 72 -94 92 -53 5 -52 55 35 39 -66 74 -66 -46 74
8 -53 48 -22 -51 -28 -92 27 5 96 -64 -35 -84 -7 44 66 -28 32 7 -19 -70 39 50 77 -71 -96 -21 -70 -52 61 -16 -88 62 96 -42 65 12 59 -24 -72 -51 -38 27 -93 -79 56 -30 -32 -32 95 61 -100 -28 12 95 -17 -78 50 0 52 53 -98 0 64
20 -29 54 89 -52 55 -56 33 -24 -59 -92 -54 -47 13 86 -67 -23 97 -54 86 4 73 12 -62 -95 -23 -50 75 53 65 74 35 66 -11 81 -32 -10 22 44 -33 -2 18 9 -60 4 79 -57 0 -66 86 -27 -12 -62 -91 -71 21 -1 53 -19 -32 37 38 -98 -64
56 63 -41 46 -39 -94 -37 65 5 -89 3 -2 -6 -48 47 17 -80 -90 64 45 12 58 21 -48 99 78 -84 -13 -44 -43 -4 -48 63 7 -64 60 -83 -30 6 32 -65 70 97 58 -28 -25 -83 -94 29 -87 -63 90 -36 -25 57 60 -19 52 -52 -85 91 -90 -45 75
69 -33 4 66 75 -10 -99 51 36 45 -99 48 17 76 32 64 0 7 49 -94 57 92 -11 81 -67 -25 5 56 81 97 68 -96 -99 -82 -14 15 9 94 24 43 98 -82 29 -48 98 32 -47 -74 78 -96 -72 -26 -52 -71 89 22 84 -89 -81 75 30 -98 71 -89
28 -61 -21 -20 -38 90 -25 40 59 -64 -70 -23 -50 65 64 2 -71 13 69 94 -44 -82 -52 -100 -55 -75 57 92 2 93 60 -86 4 72 79 56 -69 -30 -95 41 -66 11 61 -77 -99 -80 68 44 88 -92 -94 -39 -71 75 -88 -94 68 -25 93 50 22 -81 -22 62
20 92 -10 -100 46 6 88 -74 52 55 -29 47 39 -83 -81 77 -93 30 -91 87 43 32 11 -31 22 -41 65 86 -23 42 59 22 85 71 80 24 -70 22 -22 81 -20 -20 -73 61 -83 97 -73 -67 -85 52 -17 18 35 -99 30 97 -18 3 86 24 83 -57 53 -41
14 81 92 -5 0 -78 -80 -73 70 -6 -81 36 46 -22 21 83 -17 -20 -96 80 -96 -54 41 33 36 -67 4 46 -19 -49 1 20 -97 -70 4 -27 -66 58 81 35 50 73 -83 69 34 34 81 -24 31 -48 -48 97 43 -57 99 -70 -47 -93 67 -5 78 -56 -41 -13
-40 18 -74 -57 -58 -65 -57 -61 25 25 -81 -57 82 15 75 99 -12 -97 -26 -18 -94 -43 -50 -85 44 -17 -38 -67 38 -52 6 -83 -62 18 -21 -55 -40 -97 -24 23 -54 -78 -66 35 -11 -77 26 13 29 -32 -44 -98 -89 58 24 -12 29 48 82 -19 -10 74 40 9
-36 96 -85 10 50 -37 5 40 -58 -28 1 -88 43 -27 40 53 -62 85 -80 -46 -30 8 -62 -41 13 93 51 -14 -11 -23 43 -33 -17 85 -43 -5 70 -68 6 54 19 -88 66 63 -99 -99 -21 28 -21 -83 -77 -14 -15 13 28 42 -93 -96 -99 -83 51 99 56 41
-23 -47 -70 12 76 40 43 64 -4 76 -57 40 41 18 -44 90 -71 32 61 -27 94 -37 -50 -75 -65 -32 96 -35 25 31 -33 -52 -52 -67 67 -36 -86 -31 -36 47 -98 -62 17 10 42 -10 -61 -74 -93 94 29 -84 25 96 47 73 97 37 -60 83 13 -59 -80 83
-64 -81 30 11 26 -18 72 -46 11 -72 8 37 37 96 47 -95 -22 -1 -35 -66 32 -66 16 -10 10 -73 -96 78 -14 53 -54 -52 -5 -23 -45 74 20 23 24 42 -23 16 -92 43 -4 32 -78 -6 53 43 3 44 69 -20 -95 51 65 22 -3 15 -27 -33 -73 -49
-9 2 84 25 -42 19 28 -90 -69 0 -91 -31 78 -26 -46 42 84 90 -48 13 -49 18 50 -56 31 -61 99 -82 32 3 -67 -91 68 -47 23 31 2 -84 -20 95 14 -54 42 -14 4 -85 -8 0 71 -36 20 -94 -17 16 -61 -73 -77 -76 58 -70 -86 -39 21 78
80 -40 86 -83 -25 -95 -72 45 -52 -83 -60 -84 -76 -3 -100 -3 -73 -6 22 -61 36 -10 -84 -66 -67 90 58 92 35 58 -1 -79 61 46 -49 -6 -74 26 7 -89 -3 9 -93 -25 -16 77 -34 32 -29 -30 8 55 6 -92 -28 69 -67 -83 -46 -5 36 92 -70 -89
-46 3 -61 -65 -67 71 -93 21 -97 -83 -17 4 88 -5 93 82 -61 -51 96 55 21 82 92 -51 4 -50 3 -8 -12 -88 96 -41 -48 55 1 68 71 -24 66 -56 -76 -29 -24 99 -94 -24 74 27 8 -12 -57 -6 34 -56 76 61 9 99 69 58 -44 47 -1 18
-82 90 99 -56 73 -34 -19 88 -77 -6 -35 -53 32 -14 -11 58 -31 -91 -59 -79 92 38 44 -66 -84 6 80 -6 66 7 -40 48 -100 -4 -9 -93 69 -25 -69 69 13 -53 -1 61 58 83 -98 72 22 34 -14 -93 -92 61 -28 -96 46 45 4 56 72 58 -45 48
-78 29 -26 -42 82 -76 86 -58 48 20 -2 -24 -66 65 -3 4 16 82 -91 81 -16 -45 51 82 -42 58 -24 91 -42 38 -89 26 -15 -27 16 -79 32 14 -4 -29 -2 -98 50 -83 -58 54 -54 -65 38 4 48 -37 -78 -55 -70 -83 -76 84 -27 35 34 77 78 31
-64 -20 53 43 0 27 38 29 7 49 -21 35 90 81 -60 48 -40 -14 -63 64 82 -24 -23 -32 64 -5 4 -79 6 -18 54 -81 -33 35 -76 -35 -7 -67 4 92 98 -83 48 3 -88 -38 -44 -64 -73 11 -79 48 86 -98 -24 -100 -93 95 -53 -67 73 9 -72 -47
47 -48 -25 14 -85 10 -26 47 39 59 -45 21 10 96 58 -65 34 -73 -56 45 -48 -67 -65 -47 60 -49 50 47 -100 -2 -60 -98 23 -52 -84 79 31 -76 -20 86 -90 -7 98 8 7 -3 30 -52 81 -82 -83 -68 -40 20 46 6 76 69 -29 29 -58 36 50 78
56 -96 -36 -64 -100 -47 -91 43 -64 -95 -82 12 -8 -40 -24 -8 84 -72 -38 -48 -52 2 -12 -21 50 81 28 74 -17 61 -95 32 48 99 -97 -48 10 -5 66 92 20 -23 55 3 12 97 -81 -78 -28 37 -3 -34 54 65 -6 1 -10 -79 14 28 71 -39 -94 -12
49 12 -76 56 -22 25 11 81 42 27 84 -94 -21 -32 -100 99 -88 -75 79 -71 37 80 -16 72 -16 86 25 -37 79 -98 38 -53 -14 21 85 -41 -22 -61 56 -69 26 -98 87 -92 -3 85 -81 -6 57 0 -64 -81 26 95 94 -97 65 -24 93 -23 -90 69 -93 -83
-36 -99 80 38 53 9 33 74 13 50 14 15 67 -95 88 -16 -35 7 95 -96 -28 46 51 -57 72 -81 -14 -13 61 94 -95 9 -2 -5 -58 -12 0 -5 93 77 83 -18 50 27 84 34 47 53 -58 -80 94 78 -45 13 1 15 30 -20 7 76 58 -39 -86 -88
-16 -87 71 98 -51 -31 -58 52 -38 12 -13 1 -32 97 -85 -8 -60 12 99 54 -49 28 6 -16 33 -83 -67 41 55 -33 -4 89 27 94 -61 79 -45 -45 2 -16 -12 83 48 49 8 -33 -98 33 85 92 -17 42 65 -29 19 -46 -5 60 -60 -91 -100 -10 -96 -59
45 42 -47 -100 -30 57 -14 97 -56 -29 -69 10 -21 -38 70 17 -13 30 90 -94 96 -62 -24 4 -28 -1 76 -2 -33 -72 78 11 -31 -3 90 89 -93 28 -75 -41 -41 20 2 13 89 -44 -100 24 94 -36 -36 -98 69 74 36 86 -38 -40 -75 44 98 -77 -58 52
36 63 31 61 -27 -62 69 73 -97 -98 94 73 75 -37 -41 -27 36 -3 20 5 6 73 9 -70 -57 -99 -26 48 -75 -95 40 -48 0 9 94 25 -95 4 56 87 -38 26 15 -97 0 89 -95 -7 23 32 12 87 -43 -24 -75 -67 -94 -24 -87 98 38 81 3 78
-76 -31 63 44 -3 -5 -25 58 32 62 5 -66 88 -19 -24 52 39 -65 26 -91 34 -56 1 -62 84 -24 -100 -63 31 42 17 -33 48 -56 -36 -25 43 93 -30 -22 -16 -53 -25 -41 92 6 -67 61 -54 9 55 55 -93 15 -59 -73 92 53 -32 -98 -81 62 16 34
61 -33 -13 97 -69 -4 -63 -82 -62 -78 -26 58 27 46 -8 68 -78 -50 58 -68 -54 79 1 20 18 -73 -20 88 15 -68 -39 32 58 4 -35 -53 -61 -50 60 -82 22 -15 -13 -98 69 -68 -15 -70 54 -74 69 5 79 -57 -44 18 -1 -50 74 -24 -42 -12 59 -80
-17 -16 -6 85 13 21 74 -36 13 74 99 -44 -77 8 32 15 39 97 54 65 96 -74 -97 -79 -87 -94 56 -59 -52 -82 -24 35 -43 -28 -54 30 88 -80 68 14 62 -13 -63 3 19 -30 -60 90 19 -73 -49 57 -17 -2 58 -24 -78 11 -1 -16 18 58 -74 -15
11 63 -43 23 -67 7 -14 -4 33 -74 60 -76 -81 -38 71 4 85 -88 -2 52 51 46 -11 -1 -6 49 -49 -7 -10 -40 14 -47 89 -16 -30 31 -61 58 -44 -81 -97 -14 -37 -50 79 -24 -33 -92 66 44 -61 -53 77 -98 -80 -16 -56 -100 -40 79 50 -8 96 27
-88 -71 -70 -57 -38 33 26 94 -10 -34 15 74 -54 -43 -4 -69 76 52 24 -10 -36 -50 -77 64 -36 77 10 -85 46 2 -52 9 15 89 54 6 -13 -60 -37 75 -71 28 -80 79 0 -41 -88 -95 34 -42 -100 60 40 -10 61 -54 -42 26 -12 92 -79 -9 98 64
-26 24 -45 -75 -76 35 25 -13 93 35 -18 70 81 55 -14 -59 76 -13 86 54 33 -98 -17 76 -57 92 87 99 43 5 -39 43 45 -10 92 27 47 -10 18 0 -60 -85 -23 79 22 38 9 -49 -53 -4 39 -69 64 -18 89 -58 46 84 67 -25 12 -58 74 -72
