98 66
1 -76 61 -97 -78 69 92 -48 25 86 74 94 -39 -98 39 -49 -28 -20 79 67 9 -29 80 -40 -79 21 -56 -43 47 -91 -65 -66 87 18 16 -73 -63 89 -74 -43 21 97 53 -95 0 77 6 86 80 -43 -81 -75 45 -65 -14 -34 -39 -75 77 -46 33 70 90 31 52 -15
-56 60 -69 -10 41 -58 2 40 -91 -38 71 -15 16 -61 -80 4 -89 22 -7 1 -23 20 -58 4 -53 57 62 -17 92 -21 89 -23 11 20 -61 -25 61 28 -7 -38 28 -32 -13 49 84 15 75 16 -16 39 70 41 92 -68 0 -94 -84 49 13 -40 61 -54 45 11 34 80
-73 -15 75 -58 -55 71 9 -19 -1 -27 -100 19 26 58 -56 -55 35 72 69 76 33 0 23 -37 -89 -7 46 -61 25 -42 14 -64 -88 46 -31 14 99 72 35 -89 33 -99 79 -43 37 48 49 89 -15 -76 -21 -67 -42 -10 27 -80 83 19 -35 -64 92 58 -35 -100 -59 61
64 -30 -81 60 4 -9 89 -70 -99 -59 35 -92 -95 82 -72 72 -74 -49 -78 2 66 61 2 85 -68 47 -33 8 -15 4 -90 6 81 -85 60 -5 -37 69 9 59 -50 53 -67 -19 2 -53 -57 33 78 17 -45 -74 -37 13 43 -49 -7 57 -6 -33 -47 -33 85 42 -30 -47
35 -3 8 16 70 73 -94 43 -94 -92 43 -37 -18 -95 35 20 49 81 86 55 -41 -46 -2 -50 -28 55 -3 30 8 -96 -19 -44 -21 51 51 -78 98 -37 81 65 83 24 -21 -69 -58 63 -3 -79 53 -52 91 -46 -59 -91 89 -51 29 24 -4 -15 -9 40 -71 35 -11 -100
52 97 21 33 19 -91 -16 25 -52 35 -9 59 -4 78 7 -3 -22 63 -9 -24 12 80 47 83 -24 -24 91 -93 -3 72 80 81 -45 70 -25 67 64 -33 88 -64 -99 83 -64 -74 65 91 6 -97 -36 -10 -22 60 78 37 31 -97 -88 3 -29 -89 67 81 61 -40 -15 57
-98 58 -71 73 -37 44 38 -70 -38 39 98 -38 -30 -9 -17 -9 -80 -88 -74 -83 80 21 -4 17 -31 -1 82 -49 -69 67 -84 -39 -43 13 84 57 34 29 39 90 92 87 -8 -71 13 -9 -84 -87 -31 92 -66 24 48 28 -100 -76 58 32 90 -30 -53 58 37 -96 -6 -20
-94 89 53 67 -96 25 23 -100 76 34 -67 54 28 -10 -11 40 -59 93 79 -84 48 -86 -8 -52 99 97 21 -84 21 28 14 24 68 -57 91 -73 -86 56 -5 56 -92 19 58 28 -67 4 -54 -27 19 -66 -58 -99 -23 -36 -69 -38 21 62 -40 -79 -46 62 56 48 40 92
-19 -56 -5 87 -49 -21 82 -68 69 26 24 -4 19 -46 72 89 -67 32 -59 73 -29 3 64 31 -11 -87 -90 86 33 -28 96 -17 10 -58 60 5 11 99 -12 -9 -27 -17 -18 -10 -42 56 -60 7 99 -52 -91 91 86 -58 68 5 -5 61 -97 4 0 93 3 34 59 -22
37 92 -95 98 20 51 35 -69 -34 -71 -13 -35 56 -96 49 17 66 88 -9 -69 41 24 -13 -5 71 -65 -82 50 64 59 -72 67 -33 42 94 96 97 -1 -57 -65 -17 15 -28 44 90 -100 46 72 -22 90 -28 98 56 -72 -68 -26 -4 -79 -46 -37 81 -85 80 -46 -24 40
93 27 43 -36 8 -54 27 94 -18 34 75 51 -85 -64 31 70 -42 84 15 28 55 83 -88 56 21 -71 53 -6 -37 77 -94 22 12 -27 9 74 -65 84 -63 7 68 89 12 84 -33 -71 -81 -73 52 40 55 -58 68 -28 66 21 -1 -77 -20 24 -13 38 43 44 75 -11
85 97 -53 93 -31 42 -53 72 -69 -72 -93 -100 92 44 94 94 81 84 -54 48 -78 16 47 33 -74 69 -83 -68 29 49 -53 -20 54 0 -35 14 -37 79 14 -41 98 15 -73 -40 -20 -12 38 -9 91 -89 82 16 -40 -40 61 -45 -77 -72 76 -16 15 -34 -4 88 -100 57
61 -18 -97 77 -29 39 7 49 -86 77 -7 -16 74 -86 23 -89 -37 43 -60 95 -85 2 -37 -94 -91 -23 41 12 -99 44 -25 10 34 -74 61 -10 26 -57 -44 -98 -60 52 -6 41 -70 -73 -29 -21 -98 -47 -26 -21 -82 -75 78 11 -77 -41 -46 -80 46 13 -40 36 -28 69
21 -48 28 47 71 13 6 44 -41 52 15 -25 -95 12 -70 2 54 93 -39 93 60 19 76 3 60 -51 -7 45 69 86 -44 99 -49 20 -31 39 -54 31 -64 77 -88 68 40 9 -80 11 8 -57 -76 37 34 80 38 10 88 -53 -26 -62 -29 67 47 10 58 -72 67 -30
-56 88 -60 68 -22 -33 29 23 -73 29 -56 -90 -16 -17 73 27 73 -88 98 -33 -63 -78 -40 -50 23 47 -89 30 69 -99 2 -71 26 -62 77 44 66 59 -34 39 33 43 41 -51 97 99 -93 38 -49 21 -31 76 84 85 3 98 -5 -62 67 4 -90 -15 2 83 -42 43
-19 -89 99 -8 -37 90 -72 76 -29 74 43 -79 -85 -73 20 -83 -60 -73 -77 -42 61 -82 -57 -37 28 58 -11 -52 -36 30 61 -27 -92 -4 27 -97 -60 -63 -12 23 94 60 79 -85 -30 -25 -33 58 97 -87 70 -44 -49 98 28 -70 -29 57 -64 47 1 -5 95 71 -54 -75
27 -81 2 27 61 -67 2 58 -19 -63 -10 43 89 -20 98 -7 93 55 65 78 -46 56 -97 -64 -54 73 7 50 27 -71 15 -40 66 64 99 -70 1 -75 -49 53 20 -95 -55 86 25 -39 -74 -63 23 96 -84 -15 64 -100 63 97 97 -62 -8 58 -71 -84 35 38 -32 58
-32 -4 11 -65 -99 -99 53 -67 -14 7 -16 59 68 -57 12 -58 94 -68 -25 70 -75 -86 94 91 83 -99 18 -57 -10 -74 15 -18 -6 35 57 -61 4 25 64 28 -88 -35 53 10 -90 84 37 -79 8 88 -90 -49 -72 -36 32 67 -48 -55 -50 -61 65 66 12 43 39 -28
52 -70 -83 -77 28 63 -27 1 57 92 99 -32 66 58 51 -30 38 38 8 -41 64 2 -10 -57 20 -98 42 0 -78 -55 89 -46 -85 75 -74 89 41 -67 -64 83 -36 35 -13 -93 90 -64 94 53 62 -61 69 83 -67 25 39 71 -67 50 -29 74 -1 -47 6 -52 38 54
16 60 -40 -2 -55 59 13 38 86 -51 -42 99 56 64 63 70 79 87 8 -10 18 89 32 -25 -70 38 19 -7 -64 -63 -9 92 -60 -60 65 -21 64 33 53 86 12 -59 -59 -76 -53 -54 -39 32 6 -3 -56 84 -1 76 70 -21 -31 76 -81 20 -58 98 12 -76 81 -31
-77 58 5 60 -29 -31 77 -92 72 42 -18 -100 51 32 82 67 -42 -48 -66 33 -97 -88 30 46 -45 47 -32 88 -19 30 86 91 63 46 -40 53 96 -39 57 -62 70 85 65 46 -66 23 -93 -38 -78 4 -9 -87 66 -98 27 -62 -90 -44 -26 16 -77 -61 -59 -15 68 -20
41 -28 67 -90 32 -41 -88 78 -20 -80 -47 67 -55 -54 -69 7 -46 -46 32 51 -65 -86 -7 82 -32 53 -67 18 -43 36 -85 94 40 1 -75 -57 11 35 -98 -61 -73 49 -43 78 60 -46 42 25 -8 -52 80 -87 -70 -60 -69 26 -26 13 -19 83 46 -4 36 51 30 44
21 -68 -32 29 31 -49 -78 11 -63 8 -19 -76 30 51 -17 -55 67 -89 19 49 -19 51 0 -30 -56 62 55 89 -82 -29 33 52 -52 29 -55 47 -84 55 29 36 22 56 34 -2 96 -28 -40 39 -80 -10 44 -88 55 45 -66 -54 40 -76 -38 -93 -23 7 90 -61 -62 27
12 -73 -4 21 -72 77 20 -2 -51 -47 -65 37 4 -49 8 29 76 -29 -80 -40 16 54 93 -12 -58 -87 -50 70 -46 31 62 -99 -21 46 -96 16 -85 38 74 58 -52 69 60 20 41 -14 74 60 -13 -64 -64 -91 30 -43 39 47 -29 4 -67 -64 95 9 -63 67 -20 -53
-73 64 -66 -58 -96 68 -7 65 47 -5 -47 -99 71 -45 82 88 -79 99 49 9 -20 -60 90 53 -91 38 67 8 -54 -10 -47 48 -22 -10 82 -33 72 -59 -61 -41 -41 -7 -38 43 87 67 -73 11 48 66 87 -24 -1 51 -95 -7 55 7 37 -82 -46 -91 32 99 -8 41
-3 -57 7 -67 9 -91 84 -25 14 -94 -79 59 27 25 -16 -93 -87 84 -18 -60 -79 3 -61 35 20 -23 -39 -88 -13 -43 -70 -71 41 87 56 42 -75 76 -33 -68 -68 12 14 -60 14 17 -18 13 -56 74 25 -48 10 -6 -16 43 18 -85 -90 -73 17 78 -56 -73 52 -65
65 -82 -58 -12 -88 -56 -76 63 -91 28 89 85 -43 72 10 13 66 -66 77 13 70 -58 78 9 17 -69 -46 -10 41 -30 88 -89 -78 -16 44 45 79 60 78 -52 95 21 82 -13 11 -35 -7 -52 -58 -82 88 77 38 44 96 -2 -93 11 30 93 86 50 19 -10 60 41
-49 -18 82 -81 66 -22 99 31 59 -76 -96 67 -44 -18 -24 -55 -19 74 16 85 -80 65 44 64 -91 18 -98 -72 -65 69 46 -64 47 73 -68 -47 -24 19 -78 40 82 0 -11 50 11 4 21 -66 -14 -4 -77 66 -90 17 67 1 -81 38 2 19 -29 -35 -6 29 -52 92
27 -38 -24 -83 -92 18 -87 -50 42 -53 -83 -9 -56 -19 73 2 72 -22 -22 16 -79 -26 -44 25 58 -61 79 43 53 -80 38 -80 55 3 -14 -55 -96 -60 15 -80 -74 85 20 36 -17 -1 -95 -10 94 78 -84 -28 -75 -81 13 -77 29 -39 59 -38 18 -6 29 69 98 59
6 -9 -34 95 11 20 66 -48 -57 -10 50 -29 -23 -42 -18 -52 -68 85 40 77 -16 -20 35 -13 63 -71 54 74 2 26 89 -85 20 63 96 50 63 -37 -91 -68 62 -13 66 97 -45 11 -80 -65 -13 77 2 39 -42 43 85 52 -45 71 68 0 3 -55 -41 -23 -76 -7
59 13 -38 37 -40 -30 33 -51 -41 -47 -66 21 -21 -92 15 51 50 5 64 1 -21 9 -17 5 74 53 10 -16 25 15 -97 60 -94 -55 -4 -38 -53 73 -72 82 -72 28 74 -69 23 5 9 -2 0 -80 52 -26 -60 84 -21 -69 -40 -72 -35 -96 -70 29 83 1 19 -91
-43 -7 21 42 4 83 -18 -79 -33 87 -26 -47 74 31 -91 39 -84 90 49 -44 -81 -63 23 -71 14 -31 40 -55 -54 -96 -42 -47 -3 27 -74 -29 -5 31 72 -55 -27 71 -59 -24 -40 -50 73 66 -26 77 -55 1 68 31 31 73 27 -21 43 -83 50 -23 92 -67 -28 -39
63 54 22 -72 -81 19 -84 68 63 -5 5 -29 -68 -22 -52 -65 -43 28 -32 4 -73 55 -18 5 -44 -39 -59 -84 29 -14 34 -8 56 75 86 60 -45 79 53 -98 -71 -47 -9 -35 92 -66 -11 95 37 -68 76 73 96 -53 -50 -48 83 -45 -22 0 48 23 -32 -5 -80 81
-63 69 83 69 38 61 -42 -38 56 -74 44 70 -88 -34 -72 9 -95 71 -71 70 2 -100 -49 5 0 -2 5 4 -76 73 -8 80 9 -56 47 -18 -72 -24 -76 54 79 28 10 99 39 -44 -34 84 -59 83 91 -17 44 -7 81 -90 33 31 -34 98 -49 -31 72 -24 -52 -96
-31 49 -92 -55 -77 -2 92 -64 -42 -20 49 41 9 4 -6 16 -11 94 11 47 16 -65 -84 -96 65 -48 34 -36 -25 1 -12 12 6 86 64 -66 12 -15 -57 34 -71 17 -42 68 70 17 -49 -3 -32 -45 71 -18 -11 -33 -31 -20 46 -74 83 74 -19 -20 71 -13 -7 -50
14 80 -97 -64 -72 25 3 -78 46 -9 -8 -4 -85 -63 -84 -1 -40 53 -41 -42 32 -62 62 -43 -20 83 59 -31 31 -98 -97 -56 76 -74 99 98 -9 -33 3 -40 25 -72 -99 76 40 37 -72 65 -58 53 7 20 -79 -23 72 28 -29 15 33 -18 75 -82 19 -52 -68 -86
-39 -17 60 2 58 -70 7 -96 53 -15 29 81 37 74 -14 -90 -27 98 -60 50 -27 -69 66 93 86 -35 -69 -56 27 -45 -3 26 40 63 -89 27 -65 -47 -31 -89 -7 51 98 -59 -46 57 -14 24 -80 -9 73 -35 -59 -61 8 46 91 21 7 47 -9 68 -50 -56 -23 -29
-64 90 -85 51 21 13 89 91 47 -24 -72 -10 7 -6 33 -36 -47 -54 23 67 -59 74 -89 -81 95 -54 48 -65 73 -46 -28 34 -25 94 14 34 4 -23 -100 88 60 -68 -18 -7 -23 -74 -9 -24 -38 72 -28 43 -64 -23 35 18 67 -24 -90 85 77 -88 80 77 21 -71
23 -82 -73 -28 42 83 33 39 -19 67 -39 -38 -37 -53 29 -55 83 76 -29 27 -26 78 -53 66 -8 20 -62 12 -51 82 8 -31 7 29 60 70 -43 -21 14 82 -3 -13 -19 -89 -60 -75 -29 -21 93 12 -51 95 65 -21 39 56 87 -41 -32 -84 -83 -5 -38 -57 -27 9
45 15 -94 -56 99 -35 -59 9 -1 -11 -61 87 -54 15 -54 -83 -57 63 -100 -94 64 -86 -6 59 7 90 -91 -40 81 99 1 10 16 -81 -84 34 33 -89 -35 -98 6 12 -32 -96 68 45 25 31 55 41 62 -38 -12 55 -14 -70 31 36 48 7 23 -27 13 94 79 30
-39 42 -26 66 31 41 25 67 -46 -24 63 44 -14 73 22 -18 -8 83 -100 16 79 -13 -88 59 -61 -30 18 84 -65 -33 -63 99 -55 47 99 92 72 50 -86 43 -79 63 -27 14 62 3 12 38 57 -98 33 -10 24 -74 91 -2 -79 73 52 10 -97 84 53 15 29 -71
-31 -26 -37 97 -40 37 15 54 -43 -31 93 -35 -7 64 10 10 33 -17 -51 20 70 -97 80 34 -44 -59 -74 -26 -67 -30 -35 -7 54 48 85 95 83 -26 -31 -99 55 -18 -10 -88 30 -11 98 -9 70 27 -40 -12 -14 52 64 -97 -54 -74 -12 -20 72 -76 -8 -26 -20 -30
-71 67 -30 57 -86 -86 -78 -91 42 75 89 -58 58 30 54 -28 30 -74 -24 30 -85 23 86 -67 -88 54 70 76 -89 0 50 -85 -43 -50 39 21 96 -33 64 94 41 30 36 -79 18 -98 51 -80 10 75 -26 -43 -74 -37 88 -87 -70 -3 23 60 9 -72 -81 -52 -95 55
10 -63 59 -5 -32 32 90 -70 -3 62 -7 -57 4 -39 57 -46 14 25 83 -78 80 76 -52 47 27 -54 -65 77 -43 -50 55 -90 97 -18 -100 95 2 77 29 -26 70 71 96 -46 9 69 38 -5 63 -38 66 28 6 12 75 30 10 7 56 -41 -85 -10 52 83 -51 68
43 57 55 -5 11 -62 -18 -77 -10 61 74 -60 23 7 16 -73 75 -31 26 2 34 10 -99 -45 5 -18 -71 -9 -5 23 -18 43 -33 68 -43 43 -44 47 92 -71 -68 -45 -41 24 -44 -91 -93 25 -68 -38 -84 46 -17 98 58 -67 30 51 15 -40 -87 -79 -60 91 40 -27
-75 -3 95 -36 -6 -94 -31 17 72 88 62 -67 31 56 24 -82 -68 96 58 -50 -62 63 74 29 37 -8 81 18 72 67 -72 -18 -41 -80 69 1 -89 -98 6 -7 69 -13 -35 56 -84 28 21 -91 -85 23 -100 -2 -66 -41 -94 -59 -21 -64 -55 -8 -48 -36 45 -34 -60 94
85 -18 35 -60 -62 90 22 -38 32 -68 90 -83 -12 -96 87 52 -75 -45 68 14 45 42 1 -40 -71 -27 62 -26 -33 -43 -70 53 0 -60 54 46 -82 -91 -13 -59 8 -36 -55 34 44 -34 18 32 -12 12 62 20 44 12 -80 -16 26 33 72 -71 63 -20 43 86 37 -46
56 10 -46 -56 -100 -28 -28 -75 41 28 -99 -17 -38 24 -14 1 -30 -63 70 -37 -74 16 -92 -46 -72 29 52 90 5 -31 -67 49 -39 65 -19 21 -86 22 -51 73 2 19 97 76 89 15 -10 3 -86 -68 -12 32 -100 -17 -50 98 68 -23 -81 71 -6 29 -40 -40 57 11
56 60 -37 44 -29 -25 84 63 22 -76 -19 76 -87 9 77 -25 -83 -46 99 -2 -31 -96 -66 -17 0 -68 -32 -52 -67 31 -39 -48 -6 -61 32 47 5 -57 -57 16 60 -65 8 62 -30 -45 10 0 35 -79 65 30 -76 93 29 53 -42 80 -31 92 77 -10 55 -40 -100 36
-14 -11 -69 34 68 -58 52 14 17 54 90 -79 -69 -48 -93 -10 56 -4 80 56 57 -100 -22 -85 -12 -18 -49 38 92 -22 5 -81 -25 -18 71 -17 -23 -64 30 24 40 -52 73 -68 23 -25 -41 -88 -90 3 -92 -63 -46 43 3 -35 -71 -6 60 -42 -47 -81 94 18 -39 -4
46 70 -8 -33 -87 -11 -75 -40 -10 59 -34 -52 7 -1 -83 -86 57 89 24 -100 34 55 16 -48 83 6 -84 31 79 95 -41 -19 59 -48 -73 -93 -83 -67 0 -38 58 -49 40 25 -78 -76 -52 -64 15 38 99 -75 63 -32 17 71 37 23 -1 -30 -73 38 97 11 51 -68
-32 28 43 -95 -23 9 -68 -1 93 -76 -31 -10 -46 6 5 -38 -21 47 -95 -15 -12 -16 -86 56 -24 87 63 61 -50 44 -31 58 97 41 19 -88 16 78 -27 -93 -67 -98 68 -75 -95 -60 -100 -19 64 58 96 -87 -39 44 81 97 -39 -56 38 -58 48 -8 3 -45 -36 28
29 -37 29 33 84 27 9 55 -70 89 -80 -22 -93 -74 50 -74 37 88 88 57 43 -13 -71 67 -44 -80 -2 -79 -87 -74 48 3 16 89 40 -46 10 -16 -41 -58 91 67 31 79 75 -27 -30 83 -88 -26 1 15 15 -60 24 89 51 -4 -8 -18 -28 -45 29 55 76 18
-79 -87 -66 -15 -40 -99 8 -94 54 53 -5 74 -50 -32 0 -4 85 32 -82 87 86 -22 41 96 -98 46 -44 67 19 -96 34 -26 33 -3 49 46 53 98 1 -49 85 66 -68 -34 87 -10 -98 41 2 -94 79 65 -45 38 38 79 -48 -62 16 -67 -6 77 -62 -26 -90 -16
-13 64 76 -26 -27 -31 -60 -65 -42 56 6 93 10 -75 65 55 -29 92 71 -92 -21 -74 47 -62 -23 -63 98 40 -77 97 9 32 -13 -90 71 -63 -75 -72 -52 -68 16 32 33 -43 -94 57 3 -83 33 63 -62 70 24 87 -95 -26 6 39 -93 87 86 -17 67 -74 -6 -64
-28 67 -24 20 51 80 26 31 -6 -2 33 76 63 84 18 -13 60 66 -12 1 31 -3 8 80 29 -45 -22 1 3 97 -1 39 -83 11 -25 -34 -54 -43 -51 28 80 39 53 46 -100 -98 -82 14 -27 49 48 4 74 -56 31 75 -32 84 8 -50 48 -29 27 26 9 -77
-78 85 74 25 -47 47 10 2 55 96 28 1 28 74 45 -62 99 -7 -64 8 -6 -80 -68 -86 -57 -82 -76 18 -19 81 15 57 -56 -15 -7 37 46 57 10 13 -18 49 70 -1 -11 -89 44 -9 -2 -41 67 -5 -39 24 58 -76 8 -7 94 -64 70 5 1 38 25 -93
-55 -39 74 0 -1 -31 -61 -47 65 -34 80 76 -29 -34 24 22 97 -63 -66 2 16 -5 83 24 6 35 78 37 -66 25 -25 18 -48 53 -72 39 97 69 85 57 -97 -41 54 33 88 -40 82 -1 76 84 22 -81 -57 -88 -25 19 91 51 -4 65 46 52 -9 14 -48 56
6 -29 88 51 5 63 -9 89 -26 -42 61 -27 -68 97 -70 -62 -92 -19 72 -39 76 48 95 -62 -47 -15 65 85 -36 -48 0 67 -92 46 -76 17 -94 -90 -87 86 -95 -28 -48 5 -75 -12 -27 21 -51 -90 -62 -34 44 -87 81 -66 -44 78 87 62 -60 15 32 -97 -84 55
21 -88 85 91 -59 -100 -41 74 91 64 -99 -95 -100 43 12 1 -28 89 52 37 58 -31 -50 -73 -24 -11 87 19 -1 -71 11 -66 -5 48 -66 0 59 -68 -17 40 5 -11 30 6 87 -68 -33 -1 8 -40 71 44 -80 -15 54 -99 -75 11 70 36 71 36 -45 -68 -73 73
-68 20 68 -58 1 -42 21 62 -35 -82 -74 -30 94 55 -59 44 91 -49 -60 -17 29 -90 92 39 73 -29 63 -1 -20 40 63 -29 80 -33 -82 -30 79 -3 -3 -39 -11 54 57 60 -54 -31 34 13 -72 -99 78 82 43 -92 70 91 -97 55 -25 -87 94 -69 -52 -3 9 50
-94 -88 -50 -100 60 38 4 -40 -96 -79 51 -82 -15 -29 87 -97 39 -44 71 31 -84 53 -72 -55 87 59 -24 19 63 9 -32 -28 80 15 65 -44 -70 -17 74 75 -93 -38 -24 -11 17 30 -32 -45 13 27 -39 -11 52 14 -26 64 64 5 82 66 -18 69 -100 -2 73 -16
5 -100 -1 -13 16 -65 -46 79 -70 14 -6 -67 -78 -13 -31 -24 2 40 -64 -34 -82 -76 -16 39 -27 -24 -85 -63 6 86 27 -93 -67 44 -13 73 -58 -99 14 -16 -72 -95 -28 98 62 -9 -36 35 26 -48 86 -27 35 5 40 -31 -47 -69 4 -81 -58 -74 72 24 15 76
-18 42 83 -100 -27 12 27 -81 -24 75 -77 -51 -3 20 -64 35 24 98 19 44 -87 -14 -35 -3 -77 -50 -13 -99 -17 -1 -76 69 -64 94 -1 -19 0 -84 91 55 -4 -47 98 -89 -13 -30 77 83 -99 78 22 40 -7 -60 26 -90 -89 69 -19 -12 87 -25 11 -66 2 -3
4 -74 -88 -95 -9 26 -79 91 -30 85 0 -89 1 31 68 18 -11 -79 -79 -3 -73 -12 72 53 85 26 58 57 -4 96 -6 -74 -64 -23 75 -31 71 22 71 51 -20 -27 -13 17 99 -8 -57 -76 -80 -88 58 -59 69 -39 77 14 -13 15 87 -34 -23 57 65 91 91 38
-29 -76 85 77 -97 63 -40 73 11 -79 -61 93 -59 76 -26 60 -61 -18 -13 4 64 -96 95 52 46 -29 55 99 96 2 -10 -29 62 68 -10 39 31 -72 -35 -56 -46 39 -38 -98 -58 20 0 45 -45 79 98 -66 0 74 -25 24 -9 -29 -55 -18 -35 44 -56 -62 30 55
-11 -70 -23 86 -29 -93 -89 42 16 36 -38 42 -99 76 44 -57 -78 -19 53 13 54 51 90 77 61 8 90 -31 -45 58 -62 -9 87 88 -77 41 20 -55 -6 20 20 53 -87 -72 -90 -80 -43 7 18 -44 24 -86 -54 45 -1 56 -37 27 14 32 12 84 -6 66 -33 -39
-81 -95 -99 34 -69 -85 39 91 -29 68 -86 -95 -2 -9 -45 -56 -57 39 -77 -17 -82 61 52 -33 80 59 -67 23 -42 -40 83 -61 -20 -75 1 46 -69 24 -24 -66 17 -10 90 -9 -17 -1 76 75 75 84 83 64 31 -36 0 -70 66 -24 -42 -53 -58 -61 99 -72 17 -18
94 -18 -16 -37 40 -59 57 56 -26 -69 80 22 -2 60 84 -13 -89 -79 -62 -75 54 -66 -85 -16 -49 25 66 -78 -16 -57 48 -100 -20 -31 67 67 -49 -48 68 1 -43 -60 -63 -26 -24 -13 99 18 -46 -88 88 55 -97 42 67 51 30 -49 74 44 82 9 48 -1 -20 63
68 -6 -36 -49 -77 24 24 91 -14 85 43 -79 14 19 -23 23 -89 -44 74 -9 -38 -87 46 47 86 66 -88 -35 -71 39 -90 49 28 -50 79 99 -4 -98 14 -10 -61 -28 -97 5 22 -68 7 6 88 -22 -96 -68 40 -23 29 1 -26 -36 -69 59 99 -85 -95 38 65 64
-30 35 25 75 24 -64 60 75 67 95 52 -26 -38 99 -52 58 -63 -71 -27 -12 -93 -12 58 -30 -62 -45 70 60 30 6 85 -48 82 -89 80 23 45 86 93 81 55 24 -41 -8 -22 -24 1 -44 20 86 97 -6 34 -48 75 67 -58 -10 -54 10 -100 -46 6 -18 -62 -8
67 -39 54 98 -33 72 28 71 -34 44 56 5 41 -16 81 92 -20 -21 -89 93 -25 -8 87 -85 -64 37 92 -55 62 42 64 -51 -15 -94 -13 -13 88 -26 -14 92 99 16 -84 -24 -21 37 49 42 94 95 -91 76 -9 -62 -4 59 78 -51 -59 -29 4 -29 -4 70 -62 83
-61 97 50 -60 -64 88 45 37 37 -53 -98 68 -68 -24 -96 -2 -55 60 44 -89 61 28 -91 89 -64 -47 64 98 -57 83 -11 -87 -42 69 59 -94 63 -62 92 3 -12 -99 20 13 9 -17 -24 15 70 -3 60 -57 -44 8 -98 -93 61 -30 89 71 88 -99 -92 -73 -11 70
5 -72 87 66 24 -86 -72 -81 -44 32 65 -74 -25 43 18 -64 89 -84 -82 63 23 -47 83 -2 -87 90 57 -61 -10 20 96 60 -74 -19 71 40 -39 -63 10 -96 14 -35 -36 14 -66 -54 -51 20 -6 -100 70 31 42 -84 3 -91 79 -94 -89 -34 67 95 -34 32 -88 -38
87 77 55 -86 73 -40 -86 11 -63 -67 -53 28 48 -15 87 -47 -71 34 -43 52 4 -64 -85 97 92 -43 67 -79 16 -32 -38 88 -56 64 -46 51 -50 15 -8 20 96 85 -56 -39 27 -1 -73 -87 66 -32 -62 -80 31 38 -99 85 -24 32 87 -62 -18 -49 -68 93 -70 42
74 61 97 62 -32 94 -46 77 52 -48 -19 55 60 76 -17 -57 79 -46 51 -64 62 -49 19 -9 85 58 -9 -46 54 97 -100 -79 63 -40 25 52 42 -78 39 -34 -1 -86 -65 8 77 28 -40 -55 46 -16 25 -51 -28 63 12 -21 54 -39 -5 -85 -56 14 -9 31 2 99
7 34 63 48 -90 -49 8 95 -32 43 -14 -32 -82 -59 -98 -85 64 53 56 5 -77 83 -46 94 -29 -71 -30 34 43 76 1 0 2 15 -3 -33 40 -56 73 47 -79 -97 75 -17 17 -28 -25 51 -55 88 -46 48 -39 39 42 -53 -49 -11 44 -26 -33 -97 -27 53 -5 99
-75 -39 -92 34 49 90 -14 -4 -80 50 24 61 -7 -97 -36 55 -45 -15 -58 56 -28 38 -42 -51 -2 34 19 72 95 19 -71 -50 -56 -68 67 -13 -40 47 50 -78 -94 -39 -52 40 -52 -15 8 17 97 97 -79 93 -30 64 9 60 -56 -98 -72 23 -59 -38 37 97 -68 1
76 86 -74 16 89 -22 71 -68 -28 21 0 -57 22 30 -34 14 -5 -50 -46 -16 39 95 11 -46 -34 -60 89 17 -57 59 51 -88 -64 16 35 91 -96 -45 0 -70 -15 -75 5 98 -59 15 96 -16 35 -92 78 32 -87 -72 -27 13 -60 -16 -22 -46 -74 20 75 56 87 83
40 73 -81 37 30 -92 51 87 -13 -30 -42 83 41 17 -46 -10 61 -58 -17 -42 -41 97 67 -5 -89 11 90 -76 -66 51 -56 -2 91 97 -19 73 -57 -93 41 52 3 -81 56 10 -32 -33 -33 -36 55 19 24 -55 10 4 74 -45 98 -99 -99 44 67 63 -68 -79 -27 -27
-37 38 -27 21 99 10 -29 72 76 -67 -44 -53 35 47 -93 71 -59 -86 -52 86 58 -70 74 -64 -92 12 66 45 10 21 -98 -93 -71 -100 -34 -6 -54 -37 -52 -74 50 -86 7 53 94 93 3 -22 21 48 -17 -47 26 -9 -25 -36 90 58 67 -27 83 -55 95 -51 -2 92
-44 28 6 -9 -49 -14 65 -84 0 69 79 -23 22 52 80 -77 66 28 -77 27 -63 72 45 72 93 39 62 85 30 -55 -54 -59 53 41 14 84 98 17 2 56 31 99 -58 -88 12 44 -72 84 4 -42 5 -35 -40 -50 -35 37 50 -78 -100 -86 -11 15 -58 -1 -45 -93
11 12 -25 -2 -4 -48 12 -2 5 -44 85 75 91 -71 15 -24 63 -19 44 -12 67 2 -79 -40 21 -89 83 81 -54 83 5 16 45 -9 61 -96 8 -53 -97 -89 -7 -84 -46 1 25 -75 -30 66 -30 -5 -11 83 55 -27 -21 -33 24 -28 55 69 5 72 -5 48 35 43
-93 -18 -11 -86 80 -34 -19 40 -39 -82 -61 -75 -83 68 -3 72 92 67 -8 -47 -98 -48 -19 2 51 -59 -72 -66 69 37 -19 74 59 81 -52 51 -96 -85 -25 89 83 -46 -95 -13 -8 -27 97 -45 15 -93 -2 -61 27 -94 -90 16 78 -73 10 -27 83 -2 84 -69 -36 89
-84 -80 45 -42 -73 -98 -72 -92 -22 54 75 95 -75 -4 55 -59 -13 -75 2 -89 96 -58 -88 28 -60 -50 45 -62 88 -57 -34 62 -50 -23 96 -50 30 96 -95 86 -90 39 -2 -72 -54 -36 -59 -89 -43 94 -76 29 -98 20 -7 83 30 -80 11 -86 -88 13 -23 -40 98 -59
-38 69 -84 -35 84 -10 -57 76 9 25 32 34 -1 -6 68 -2 7 -18 62 67 25 -34 47 68 -83 70 -19 -43 -27 -90 63 -44 -71 41 56 -17 -61 -35 -62 -1 36 58 94 62 87 38 -31 78 13 72 88 -54 48 -45 -81 41 20 38 94 71 -38 -54 6 30 -97 -85
99 70 -92 -78 -14 0 24 50 84 81 -69 26 35 -59 52 91 29 66 -2 -5 63 79 86 33 -44 92 -48 2 46 -69 34 26 -4 -48 -7 -89 -3 -98 67 -21 99 -30 21 80 -37 83 86 -47 77 74 -21 6 87 -50 68 -72 -17 -61 -17 -82 -40 -76 92 64 12 71
97 50 75 -79 6 -93 3 17 -52 54 73 1 89 -48 63 -62 -9 -28 54 87 -1 -20 94 -27 95 -32 -52 1 92 67 -54 -86 20 60 -19 33 2 19 -29 -9 63 77 12 -50 55 42 92 -38 3 84 21 -87 29 -69 17 0 25 -1 32 -88 33 -3 -57 -54 -71 -67
-69 79 61 51 20 -61 -8 45 -51 -54 55 93 -21 3 13 -64 68 -52 24 77 57 -26 75 -78 95 -93 -35 68 19 6 58 29 68 -6 -95 27 38 -51 -82 -10 75 69 -55 -6 -91 -44 86 54 -70 9 30 36 54 -9 -17 90 -57 -39 -49 -88 29 14 38 -52 89 -30
-59 -46 88 -43 -7 48 -89 -8 -35 56 -23 -3 55 -25 -65 -98 -23 -58 -73 90 -85 -9 -63 -21 -97 19 -26 -30 -3 89 17 -33 -80 97 74 12 -31 90 -71 82 67 -23 -16 15 -17 -69 -100 -66 -24 21 -35 -42 41 81 -36 -40 -83 59 -43 51 -1 -11 -99 -30 -84 73
-59 -63 62 61 -72 4 -45 -29 -95 41 61 -71 -63 70 91 -89 -32 94 23 55 1 64 -31 -38 91 -56 -59 56 -92 91 -56 80 73 37 -79 -95 -4 -19 -19 -89 -74 51 -77 11 -91 72 -6 76 39 71 63 75 15 -21 -13 38 95 -86 13 66 -65 -96 -60 -58 -3 -41
-8 38 -18 -35 -23 -83 -68 -98 24 55 73 59 -19 -2 58 -21 56 43 -1 -78 12 -80 -70 72 -56 67 -66 -53 88 69 -22 95 -76 43 54 4 95 -67 -11 -7 91 -90 76 -16 92 -20 -54 -87 66 -40 -31 4 34 -73 -37 74 -10 74 -88 51 52 -13 -8 -83 29 10
-93 75 -32 87 -63 -100 -50 -40 23 -42 15 -59 63 -46 21 34 -4 98 94 -99 -28 -80 -88 40 70 73 48 -55 -19 74 84 -39 94 -55 74 -38 -49 15 24 93 9 53 -74 58 -56 53 80 72 -56 -94 81 64 34 -77 -4 22 -1 35 -28 -89 -60 -75 -1 -7 55 -18
-89 -41 -80 -29 1 -68 19 37 9 -77 30 10 -26 -44 -98 22 97 -39 -25 -62 -68 -55 -20 51 -63 -27 27 -90 -48 2 -44 11 -43 -66 36 47 -63 38 -35 -25 -96 -48 -96 -62 -76 -100 -18 38 0 -40 59 -67 -26 4 -84 1 69 -29 -21 46 -50 -12 56 87 -58 63
98 68 -48 44 -90 -46 -36 -56 23 91 -45 57 -17 72 20 77 21 -11 44 -34 72 20 81 32 -93 28 32 22 1 26 72 -62 82 32 -1 -52 -17 30 -13 20 83 -97 91 -85 66 38 79 15 -26 -72 -43 -2 32 -92 -2 38 60 -40 72 -55 64 -27 77 -26 70 -42
28 86 95 -52 -74 -11 -13 54 -12 66 -17 -57 -24 -64 70 89 1 5 75 -7 -6 -13 -3 -6 -91 -35 4 -1 -36 -59 -85 67 -8 -100 -81 51 14 9 -17 -33 -65 69 5 92 -74 46 68 -51 23 -5 65 -68 63 31 -17 -5 79 -70 -58 -96 -12 -43 84 -71 -28 -36
-82 -93 65 -8 -80 10 82 94 -36 -52 -5 -54 0 -98 9 48 -69 -92 -61 -52 57 2 86 56 -11 -47 23 62 -58 -73 -82 -41 -19 -51 -23 -92 62 95 -50 3 -51 -97 30 52 -93 51 70 75 -47 33 16 -39 -68 0 98 95 10 32 92 -14 -28 -83 -25 -99 -84 -96
29 -61 -96 15 92 69 40 14 -41 99 -27 45 22 30 2 -85 29 -19 64 20 83 -98 -36 96 -37 8 -44 -28 -40 -26 58 -76 -83 -73 -9 -95 -78 67 -28 -41 62 -87 -51 43 -23 31 -89 -45 -71 -23 44 -98 73 70 -100 54 -76 -41 -82 -93 16 -30 32 -6 -16 62
