96 64
39 74 53 67 68 -100 -51 48 -65 0 17 22 -67 -23 -66 36 -73 90 52 -25 -72 27 82 86 -56 -11 89 -8 24 27 -37 -85 -33 -39 -35 14 29 -71 -21 41 38 12 91 91 -79 -98 -51 -100 73 29 -79 69 -13 -45 1 84 25 34 49 -52 47 -41 28 5
-99 10 -39 63 44 45 94 37 36 83 -69 -32 -100 -28 -46 -71 76 -26 29 4 -72 -19 49 49 13 -2 74 76 -54 72 56 -25 -9 21 -96 23 48 0 -67 -92 -8 38 -16 69 48 74 70 -12 71 -68 65 61 62 -70 -46 -11 76 2 93 -48 -40 -58 37 -29
29 -87 50 -52 99 17 80 63 -21 29 58 26 -5 41 63 35 3 40 52 41 -41 -39 -14 80 -50 -43 -39 96 82 -48 13 -96 9 70 16 -89 -29 96 64 -92 69 95 26 -81 62 -56 -89 0 80 57 70 54 33 43 -69 58 11 0 31 -19 -80 95 -1 -50
58 61 49 1 -7 79 -44 -51 38 -67 -81 77 17 97 -98 -95 86 32 -72 -3 -43 88 52 -37 34 91 13 -75 42 -30 -44 -83 -25 -18 21 -80 13 75 76 88 30 -1 -70 -22 51 49 2 -88 -99 -27 33 -17 91 79 22 -69 68 13 -51 65 95 50 -46 46
97 -16 69 54 -1 -25 -47 63 29 -29 -87 15 -90 -38 -43 75 -52 -25 49 35 -21 -96 -41 66 -71 39 -89 -78 -16 -17 -53 -89 -72 44 88 -62 39 72 -6 -23 18 20 -81 -35 56 4 22 20 -84 -74 73 64 -84 -68 -39 -64 -95 -32 26 -42 -98 88 63 17
75 -38 38 -13 -60 1 -49 -2 54 72 25 -14 -94 -18 -66 66 -34 75 24 -72 23 67 68 -58 51 57 86 -41 55 61 -91 68 52 -39 72 35 63 72 57 -10 -39 -56 -95 -48 -4 -55 36 69 -40 22 86 34 36 -44 -66 -86 -39 17 11 -77 -93 71 -99 -31
73 89 37 65 56 -99 -50 -80 99 11 -43 53 -82 -51 -80 13 -70 -73 -92 38 11 -16 89 22 97 -15 49 -36 76 62 -97 22 -45 19 -59 5 87 -87 89 54 67 -94 -88 59 -89 57 -45 18 14 -92 25 44 28 14 77 -8 -76 89 -55 -24 96 81 92 61
18 79 24 -65 -93 -28 -33 55 67 -84 -73 -39 8 5 19 68 50 72 -91 -60 14 79 16 58 -86 80 3 9 -7 89 51 52 22 -44 -49 -17 -42 -51 -38 52 33 58 52 -9 90 -62 74 -21 79 17 -80 30 -45 91 -92 -22 2 -2 53 54 5 -18 -20 -35
-41 -5 81 61 -2 -43 97 -61 -26 99 -98 4 59 -56 88 -33 -51 -33 19 -70 17 -39 -71 50 -66 13 57 87 28 -1 -48 -73 -76 -5 71 -39 -92 -84 68 45 34 -64 86 66 3 78 76 80 -28 68 -11 8 -7 50 -67 65 52 -22 38 36 48 52 21 -63
54 -51 -97 59 -80 -16 -44 -6 -76 -47 -29 96 -68 -59 30 31 36 -11 47 16 -77 53 -14 -18 5 -24 45 -27 96 62 22 -75 -83 -95 -44 12 -46 -100 80 -53 30 93 21 -42 -60 -59 22 66 60 93 31 51 38 75 -33 27 -55 77 -11 90 -5 -43 -72 -46
-15 38 67 58 -87 -66 -23 -74 -98 20 -4 -68 76 -76 -67 -38 69 -71 47 -41 52 27 -67 23 -9 9 78 91 -14 -64 61 48 -30 -92 -26 54 -73 71 21 -12 -35 96 -15 51 -28 13 26 64 -9 -92 -73 5 35 -2 83 58 -63 -43 80 64 -3 -24 -44 -97
47 -27 36 73 -30 -34 6 22 43 -1 67 25 52 -98 69 -54 90 -4 -3 -98 -60 11 -71 -44 -59 33 -44 82 -92 92 -10 -57 -31 -26 45 65 75 83 -68 -85 0 33 -13 -17 -44 -72 15 18 -34 49 11 -24 -89 67 63 -99 68 36 65 -73 86 -27 49 -8
-80 18 -78 -32 -39 -40 77 -14 67 95 -17 70 43 66 -41 87 90 -52 -79 -27 -93 -90 86 -18 -82 23 -9 -64 20 19 72 75 -12 -74 10 -67 -34 -93 67 -11 46 -96 -79 76 -5 37 5 25 -64 -35 -99 -84 -54 51 45 -19 -37 -23 -17 94 -17 -3 0 46
-35 85 85 -9 80 -92 37 75 -25 5 97 10 10 -72 74 -97 46 27 25 -20 90 -85 -67 51 -61 35 16 31 -99 -13 91 26 -53 -67 51 -72 80 60 68 60 95 -2 -3 65 -24 -92 -76 59 -67 55 60 23 -68 -3 -84 73 -75 28 58 -35 86 -58 48 -96
29 70 5 7 -2 27 -81 -41 -82 -94 7 -88 -33 80 -66 -36 -20 -8 -65 52 8 2 44 -3 66 -59 -58 -10 -92 22 -17 30 -52 17 74 -92 18 48 -42 22 91 -86 7 38 -58 93 53 18 -27 71 -95 19 -18 -95 77 -63 -22 54 -5 -12 -51 58 -79 -11
40 54 -21 95 76 -61 -31 -40 0 -75 3 -83 12 99 -21 -11 -98 51 90 -36 -35 59 -83 -61 -19 -34 -31 54 51 59 -35 -34 -87 -84 -33 80 -5 -10 -23 22 -5 4 29 -100 -22 -7 87 45 24 46 2 71 -9 56 14 -19 -37 37 49 -68 4 73 27 -24
78 -36 -50 87 -16 94 21 -82 37 6 -84 -77 24 -24 97 82 3 29 50 76 -54 63 -72 -91 -85 -51 10 -18 88 -77 36 34 81 -51 32 -4 75 22 -50 57 -82 -60 -79 -30 -10 -41 -94 -99 -97 -70 -31 -37 -97 -16 -71 -35 -34 -93 92 11 -31 -31 -42 22
72 48 46 31 -52 52 91 -49 -99 -58 99 40 67 23 25 28 92 69 56 -67 21 69 3 92 -52 -54 -73 14 -2 -84 -20 83 4 -43 55 33 75 32 -52 41 52 -61 -38 -48 1 -9 7 96 41 -11 69 0 46 3 -91 98 -3 16 -20 28 78 -92 91 33
-67 67 -84 24 -25 -77 73 -67 41 12 86 -65 54 96 50 98 -41 -5 -69 61 -24 53 88 23 81 29 -62 -58 -30 96 -35 -88 -14 58 75 77 -6 -43 -5 68 -91 -64 -24 -66 -53 9 68 -8 -10 -58 55 -3 -35 49 91 -61 -57 90 -14 28 50 73 49 32
-75 36 -50 81 90 5 -47 -81 -72 -24 95 -19 16 75 13 76 14 15 51 70 83 71 78 -82 -39 -9 -30 6 -50 -98 40 1 -84 -42 45 -30 -88 -52 99 21 -86 51 -60 52 52 14 19 68 -17 54 -10 58 -78 -32 57 96 45 -53 -68 -20 85 -8 -23 -5
-40 -85 30 98 -36 73 -38 45 -86 10 -3 44 33 -15 32 98 48 90 72 -81 60 -68 -19 -23 -84 -66 40 -33 -72 55 -92 -50 97 -88 35 32 -35 77 -52 -39 -54 21 -52 -5 21 -11 76 53 3 76 57 -1 -72 26 -87 -71 -75 18 -44 -99 -32 -86 97 43
-65 -16 83 -77 -44 -9 12 -32 32 43 73 35 33 1 -19 53 70 59 2 -79 77 58 93 -47 -70 53 42 32 -85 -39 17 -24 17 89 31 37 66 96 -17 2 -35 28 10 66 -59 70 -3 -47 82 7 91 -75 44 -26 10 15 57 -49 50 -10 65 -67 19 -82
-39 -93 -10 -11 -27 72 71 -74 -63 17 -7 82 33 52 -21 -93 71 50 66 67 53 60 -41 13 67 17 26 57 36 -26 -33 -26 -19 -88 -96 75 13 -90 -5 6 -21 10 86 17 84 42 32 66 -28 34 -95 19 47 76 84 -23 -72 -22 -84 96 -38 99 70 -90
-34 -3 78 -25 -28 -93 20 74 29 63 -57 97 -41 -56 98 -18 90 -65 39 -100 92 -41 -94 -27 -24 52 24 19 -99 -99 79 -72 -93 -84 -58 17 24 70 89 56 53 86 -50 89 75 71 -92 72 -62 -14 -99 49 34 -52 88 -41 -85 -20 12 -15 27 76 58 26
-2 -19 91 -55 -5 -56 90 49 60 -46 -78 -55 30 39 -5 14 58 75 -55 -17 -54 -4 -90 33 -48 28 -22 -60 68 31 16 70 -99 -8 -86 -81 -69 48 23 45 26 25 -68 33 80 -57 41 -7 -70 49 94 -65 -84 -9 -75 -46 -63 20 -23 75 42 -90 8 -77
-14 -93 93 -53 97 -57 97 -28 -2 19 83 -31 -29 80 5 -79 44 45 25 89 -80 -4 -100 -54 -20 3 58 -2 -84 34 -70 49 51 9 -93 21 -20 -4 -97 23 -6 -55 39 -47 93 25 -9 79 -50 -10 -84 77 54 52 -53 -32 34 82 -69 -35 -23 -37 94 8
40 -96 28 46 54 16 73 84 -36 3 -40 65 31 91 16 41 42 69 70 -52 -35 -66 -13 78 -46 -47 7 48 2 0 -11 96 27 89 57 12 -27 19 -48 -84 -67 16 -1 -31 17 -98 39 -79 46 25 -49 -4 -10 -69 -78 -69 30 31 83 72 15 -14 78 -63
58 51 25 57 -46 60 -69 72 93 65 -61 -55 -61 -15 -100 -75 26 -77 88 -65 -15 35 -69 47 -76 28 57 35 -32 -32 42 59 -17 -66 20 99 -75 36 -22 7 -28 -10 -11 -47 -27 77 48 63 -16 -46 32 91 -10 45 -29 83 -35 -86 -48 26 -76 -61 -32 -82
-48 76 -5 -92 6 50 6 40 -31 -50 -13 -62 78 -47 -54 -91 -9 31 -65 10 -99 -31 44 21 -79 -26 88 14 -60 27 24 -62 22 3 -35 2 68 -17 38 -43 86 1 -33 58 -32 -2 98 -31 -50 -38 -58 83 -3 56 29 -18 -72 -5 -54 13 89 71 -46 -25
-16 -5 2 15 1 51 10 77 -71 -16 57 91 9 3 57 -86 -26 -62 -44 -83 80 -70 -82 -18 25 -90 -67 -7 97 47 -49 -18 0 29 11 -70 83 -20 3 48 3 3 -57 -77 -78 1 -82 16 -25 80 -55 -30 -28 -82 48 6 -10 -78 -47 32 76 44 14 13
-100 1 23 43 -21 5 -25 54 -45 -87 -53 -4 -22 63 89 43 -31 99 37 49 -22 -75 66 -100 69 13 71 -36 28 86 23 22 53 -98 30 -30 -95 -68 65 -57 99 -69 13 -67 -93 70 -46 -69 75 28 57 42 25 95 -68 -54 -57 -73 46 99 71 -92 -29 -9
-37 -92 -80 39 -4 42 -82 27 -47 96 -53 69 51 -90 -22 80 -49 59 -44 -83 -5 -21 -17 -10 -100 1 -34 -65 79 15 -7 -94 70 93 -58 -38 46 -42 96 -14 -97 -63 -49 -42 -21 -58 -64 58 -13 71 47 -70 86 1 66 -54 59 27 80 15 74 -9 -31 -51
86 46 39 67 61 41 -98 -68 -93 77 88 -97 -93 -65 -19 97 -56 72 -95 81 19 -70 77 -11 -18 52 98 -69 72 91 92 34 -78 -78 -84 -38 74 -6 -80 9 -11 -75 -17 88 43 32 -89 93 -11 -41 -70 -46 66 38 -47 62 -5 -83 -73 27 3 75 33 -24
-5 -73 -92 7 -35 -6 -57 -7 -17 17 -77 -55 42 82 -32 -89 -76 84 -46 -50 -13 4 77 -57 -37 53 -100 -73 -14 48 72 55 -7 61 7 42 69 -39 -22 93 88 -88 -12 58 -46 76 8 13 51 -74 -30 83 94 53 -55 39 22 13 11 -97 92 -78 -63 14
-28 13 5 92 12 -50 74 -53 71 27 -14 -77 -95 -89 94 -8 -52 86 65 18 18 -24 61 -10 76 45 83 -53 -54 80 -67 -1 92 31 -81 59 0 -7 93 -35 -27 1 22 -12 16 58 -94 -55 -43 -76 -49 36 -88 78 10 36 -36 -52 68 27 92 -53 43 -15
-88 18 60 1 -38 99 -59 49 -30 67 95 -51 -9 30 -36 62 -41 87 -91 95 48 -98 55 -87 -1 82 47 32 -38 -78 60 -51 1 -65 36 52 -86 -52 -62 73 -26 -56 -34 -49 85 -53 68 1 -95 15 74 45 50 97 37 93 93 0 91 64 -29 46 -9 65
-73 69 -16 -34 56 91 10 -29 0 81 -47 -80 -20 0 -37 -79 -19 -91 46 -92 -2 23 -93 -88 -2 -26 -95 -60 24 -33 52 38 -38 -3 -1 -91 76 25 -65 -87 65 77 10 65 2 -74 41 -91 -55 -79 -46 30 -13 -89 -7 -61 34 3 -17 -3 -86 36 -61 -60
-86 -18 -95 35 -51 86 96 34 -38 29 -55 -21 -64 -36 -100 55 22 -70 85 2 2 98 39 -28 57 -24 -81 81 47 -19 93 -21 -74 17 -10 39 68 81 -74 -34 -23 -47 -36 68 -82 -69 22 14 44 73 23 -72 -85 -1 -2 -20 58 5 1 58 -81 75 97 -44
-16 -82 -97 -63 49 -6 32 77 -26 56 37 -10 -60 -85 94 -30 43 -91 81 -1 -18 -1 -67 28 -98 -39 -61 -90 84 -42 -17 5 -66 -12 52 -39 -76 82 -66 95 51 -61 -76 16 41 -21 -11 75 -14 55 97 -79 -85 -39 20 10 21 36 15 -1 -60 -19 24 32
33 -45 -61 55 -19 -55 96 20 -26 57 15 65 87 27 18 49 -85 86 42 -19 42 -82 -52 -72 -49 -49 -4 4 81 -31 -93 99 -63 77 -34 83 59 -82 31 -20 81 -77 96 75 92 4 -27 -28 36 67 9 -53 -54 14 -20 -28 -36 -54 83 53 -55 18 -72 -24
-27 -41 92 53 -49 50 58 -65 -54 41 14 -35 25 62 -10 28 -2 54 -40 -28 -36 96 28 40 35 20 35 -46 -4 -65 32 94 7 -28 -27 93 -63 92 10 -51 -23 -62 10 -97 -59 -8 -82 66 -87 -74 -90 -10 -80 -43 13 91 -91 -2 76 66 -84 64 -30 -19
69 74 58 43 17 37 29 78 24 -66 19 -95 50 -5 84 -4 -100 -12 75 50 22 -76 -67 -83 34 -41 55 0 40 94 -26 68 64 -55 58 63 -57 -11 -58 51 -67 38 73 35 46 -90 56 99 81 -1 64 -16 -67 38 71 -58 -6 8 50 9 55 17 -12 -83
64 -6 14 26 -14 19 10 -46 -6 50 -4 77 10 -14 -13 -80 46 80 -20 73 -65 42 -56 -43 13 73 -97 -66 -62 -64 -67 55 12 85 92 -14 -60 79 83 -19 61 25 45 -41 -90 -57 -100 1 -76 70 55 -85 -38 89 90 84 -22 73 46 63 81 92 -24 10
22 -63 22 81 -85 91 48 50 -73 -20 67 -38 34 12 3 -80 -21 -62 82 -80 -97 74 52 -53 19 -48 -58 -36 -68 -68 62 38 -60 95 28 -3 -56 -84 41 19 -81 18 38 12 -10 26 -55 83 10 -28 -84 -82 -66 62 23 96 -34 -25 -17 93 58 17 46 -69
87 94 28 72 -22 29 -26 38 39 36 31 54 -63 64 21 -68 -45 -13 5 -49 -18 61 -31 84 52 -98 -79 83 -52 -93 -40 82 -49 95 -64 88 -45 -28 40 61 85 -14 77 81 -43 -58 71 -94 -12 87 94 -23 97 54 -28 -1 -19 -20 69 84 75 41 52 41
-44 -87 -72 47 65 -71 7 39 98 11 73 67 16 86 80 76 -50 -30 -10 -26 -91 -38 24 -79 24 -86 -30 -70 -3 -37 11 33 -35 -43 -62 -36 21 29 -47 -44 86 47 -95 70 99 94 -25 -20 57 -15 -75 -3 75 80 92 -29 94 -32 -8 35 -38 26 -28 11
75 91 32 71 -49 71 40 60 -7 -16 -73 96 -19 38 -68 -79 -43 -89 28 -82 35 49 -8 59 -64 60 -32 97 36 -10 47 93 55 2 -31 48 -25 -71 35 -1 67 -29 50 99 88 -1 -65 35 1 81 90 -7 -51 -92 -84 -29 -36 -63 25 -5 -95 54 -3 65
7 -62 70 -10 61 48 91 53 91 -53 -53 86 98 97 49 -46 15 -14 -73 -42 64 -54 1 49 98 -35 -85 -8 43 27 -11 -91 -61 69 -50 44 64 87 63 -98 -14 -91 -79 40 12 59 49 46 21 8 -13 -99 46 -13 30 7 28 -31 22 98 40 -43 -97 43
29 -47 -47 -97 65 -61 -9 58 -24 12 -100 -69 14 53 88 -88 84 19 79 22 -51 30 -37 -76 -88 -100 -77 40 -24 -37 -100 -86 -77 -90 -49 -56 56 -57 -77 97 21 -34 77 78 -56 57 -3 78 -100 85 2 73 78 -85 -96 7 -88 63 57 -6 -51 77 83 -31
38 -19 -23 -9 -11 41 -12 -5 17 -61 3 -87 -7 85 -16 -23 4 -45 -43 54 -8 -45 38 34 58 -79 57 16 46 36 -100 -78 94 -3 -74 52 0 49 25 97 99 -75 94 52 -61 -71 -95 -63 70 -24 -34 46 5 -26 -76 12 -81 -69 -14 -86 34 16 -88 84
-53 -17 86 -16 8 -72 82 -95 -99 -95 -74 -41 -20 -82 -7 55 -64 49 -49 79 -53 -68 3 -19 -34 36 -36 -56 42 -32 21 -1 -43 19 -22 57 -41 -90 56 -3 -3 -79 68 -86 -99 91 -9 89 -53 33 96 34 -60 -69 26 13 73 -27 79 11 46 85 14 43
51 8 -55 -72 -21 98 -14 -93 -4 5 -81 -18 6 -39 19 65 -81 78 39 8 86 -18 -79 -52 -82 -98 76 33 78 -2 48 -40 31 -89 27 -66 -83 -91 24 77 9 77 39 -63 86 80 14 -90 68 56 22 -56 9 35 -72 -78 14 6 -6 -85 -47 -52 -35 22
31 -17 -71 26 -59 30 67 41 86 16 -83 76 -81 -25 -49 -57 -55 32 77 1 -9 -85 -32 -97 -55 -42 -62 74 -24 -18 -52 37 -12 97 -54 3 -62 86 -46 1 -55 -42 -64 40 -1 47 22 -74 -89 62 -70 -43 -73 53 -32 -4 31 -43 -30 76 -28 54 -75 -90
45 -12 -98 -13 85 -84 5 60 -93 96 73 -45 79 -97 59 10 -10 89 71 35 -32 -47 -95 31 95 92 -52 -94 -85 25 -63 79 -52 -55 -82 73 7 -7 85 50 -68 -82 -66 -73 95 -8 -57 83 46 50 51 42 51 65 97 -23 -69 10 -73 61 69 97 -65 -87
-57 -80 9 77 86 37 32 -29 -20 -73 -47 -54 71 -30 65 33 79 72 15 36 -32 -62 42 99 1 80 -12 -76 52 -18 -17 -83 15 80 15 62 -46 -65 -95 -81 -85 -76 -7 -82 46 -100 -6 76 57 -28 2 -80 63 71 84 59 -30 30 74 54 -2 -73 -78 57
52 90 -24 -90 -67 -81 -35 94 -96 -68 -89 -70 54 -82 41 -68 19 -42 -52 -18 63 62 -91 -77 -26 11 -79 -67 -35 -75 -97 -65 78 69 -43 -20 29 63 -10 88 84 32 90 -82 -91 -95 -66 49 -58 61 -19 -42 -79 87 -17 17 52 64 -70 -80 -41 40 -74 -18
52 -38 85 -15 68 77 67 -67 31 -9 -54 1 12 -91 73 43 -30 -63 94 32 5 -5 82 71 14 -44 28 -41 44 -58 32 29 72 -32 49 -85 64 81 28 21 -79 74 -48 13 18 25 43 -70 -49 99 6 -27 -29 -54 28 44 -30 -56 -97 10 -98 82 -60 -58
72 48 32 -85 82 36 -14 -88 66 97 10 -63 -95 86 35 54 4 19 30 -37 -37 99 55 -72 1 -93 -61 -55 68 42 18 16 53 49 10 73 73 -59 28 31 49 -29 -13 -59 31 -37 -46 96 19 88 -92 35 77 63 -94 -53 27 -82 81 -12 29 -49 -93 -53
-9 44 -9 29 79 -59 -45 -32 -8 -39 40 -31 -19 -95 46 -34 50 27 -22 69 -8 13 6 93 -32 -64 -32 -21 -6 -24 29 95 -74 65 -56 8 58 84 45 13 -19 58 -77 22 -13 -64 41 42 26 11 72 -38 13 38 -14 54 15 50 -63 38 91 94 19 20
-63 31 28 -88 19 57 -12 -12 -55 -57 51 10 -95 47 -21 98 -21 73 -19 -8 60 -38 62 -82 -38 68 -53 37 0 -48 50 -86 41 87 3 63 98 93 -81 -17 75 87 -64 94 7 -90 -94 -88 -91 69 -71 89 -91 -80 -46 -27 39 -43 -74 -39 88 -25 -84 1
-42 -64 86 59 -57 -41 -81 -20 -91 19 -53 19 -12 -65 -48 -77 -81 46 -4 28 88 -48 -33 -29 47 -26 -78 -88 76 58 48 -63 40 3 92 -10 -7 -96 43 -99 77 26 19 -57 -70 39 -76 34 82 77 -74 -32 76 -93 12 96 -79 -98 -80 -60 5 75 -42 -53
15 39 61 87 74 -89 27 97 20 85 -88 75 63 -87 7 55 -57 89 -72 -49 11 41 50 -100 71 78 -9 43 1 -33 39 -19 74 85 98 -2 -40 -27 -48 16 -54 -36 -85 40 76 -77 96 -79 -21 2 2 -32 43 49 47 0 -97 -35 -25 39 -24 88 -78 96
-13 5 65 -78 52 90 -55 10 -1 86 -53 -91 8 -27 63 -32 9 -6 -94 -77 -51 36 53 42 98 52 1 -10 -36 -34 23 45 16 86 -75 -59 -2 69 -26 -9 27 -100 -48 -95 85 -88 -3 -68 -48 63 34 72 -80 -86 28 44 72 -85 -37 10 19 32 -1 10
-30 -23 27 -18 -99 -9 87 7 13 13 -29 -34 -47 60 -8 13 95 1 -31 87 6 -70 -94 -20 -23 -79 16 26 79 -73 -15 9 -47 45 -75 -75 19 -89 45 -62 78 -46 -61 43 45 -24 58 11 31 25 -8 -16 37 -20 -95 68 69 30 -59 -82 -98 34 -3 24
76 19 26 -70 62 -74 -81 -72 46 -21 -48 8 -87 -36 83 -74 88 39 -59 35 -66 -71 -48 83 -61 -76 -84 -90 0 74 92 73 20 -86 3 -58 -41 -29 -74 -79 77 63 35 -59 29 66 -38 54 34 -62 -45 88 -31 49 -16 0 -84 -24 -20 -55 -25 -57 -91 67
2 43 54 15 -74 23 56 93 35 -58 -94 -55 -16 63 71 60 -99 -21 63 -89 70 -77 -48 -3 33 -83 -66 49 42 -88 -72 86 -92 -67 77 94 -69 34 -81 53 -81 9 -16 -97 -76 -18 66 6 -72 -95 59 -48 -19 -96 16 49 87 1 -95 62 72 -10 -90 42
27 -55 -72 99 -35 27 -69 7 98 48 -62 76 47 -83 -20 85 -12 -51 94 44 -99 87 17 28 -47 -60 -19 70 26 -72 -74 79 -50 23 21 39 69 2 19 -3 -20 98 -22 81 -30 -92 -12 26 -39 6 -16 -71 15 9 -31 6 38 -65 50 -54 80 -81 -40 -27
-89 6 38 32 -29 0 23 93 5 24 31 78 -3 68 -86 20 -73 -43 74 41 -5 45 -93 23 -83 82 57 -22 98 -38 4 -100 -28 55 19 16 55 -35 95 1 53 81 -39 -53 -81 -51 23 26 70 9 67 -46 33 -20 -68 15 39 -4 41 -34 63 -70 99 68
-98 -79 66 -91 -47 -80 -69 55 -60 14 -79 81 82 -58 26 -66 -59 59 27 30 73 38 -34 -82 -12 -82 74 -1 81 -98 28 -51 -59 -19 -91 81 -79 58 -28 -7 17 -73 -74 54 -20 -48 -85 -33 -98 -69 19 12 -86 18 72 -99 84 47 -83 -93 -58 -65 -81 -17
97 3 -60 -53 -2 83 -62 14 5 -21 24 28 -2 50 -77 -20 7 -32 -70 -45 5 57 90 -70 -18 -64 97 -92 87 -11 -51 75 -87 41 45 -93 81 2 91 54 96 -46 -16 41 72 53 96 -73 57 -93 -24 37 18 -30 -59 6 76 -32 -2 0 -53 -1 -67 -73
38 -54 -62 40 82 31 41 9 -14 62 -91 -49 -6 17 -75 95 -85 -93 37 -23 9 -90 56 26 28 -56 -27 -71 -60 -90 -32 -92 24 -12 -38 -52 -31 -69 75 79 -30 -68 -73 60 35 5 79 68 -81 -15 -14 47 58 36 43 -44 39 -8 93 94 0 -31 28 -45
-9 32 22 6 30 30 58 -72 18 23 63 26 -3 -47 -96 -2 -93 -83 -42 -97 -75 53 -9 -42 77 31 -2 38 -15 -31 67 99 -37 29 -83 78 -32 -33 -4 84 32 13 -68 16 -42 6 -41 -99 88 -66 50 -87 -39 33 -69 -73 45 -99 89 -77 -99 -59 -84 -93
-100 -44 71 -92 -88 55 -84 75 85 6 -50 -50 23 84 -20 25 -26 -76 85 29 -65 -73 39 -42 89 35 -43 92 13 -10 16 45 33 -52 76 -80 -26 13 47 29 57 99 -74 -4 -89 10 16 19 13 -32 15 51 71 -9 -28 77 -81 25 90 -63 0 -4 22 -24
27 30 13 59 -78 2 -33 -94 60 -93 58 2 0 -15 58 -71 -75 -30 56 -36 -55 91 -71 11 16 -17 8 98 0 78 30 -4 -46 -14 -71 -53 -60 -10 -69 -37 -59 -24 -83 -64 16 -16 -53 -100 29 89 49 -2 84 96 54 -16 -68 -21 88 -65 -69 -35 -47 32
54 -81 -40 25 99 -16 -93 -42 -11 -97 -44 78 -24 -48 -39 13 -82 46 65 2 -94 -15 35 52 -14 -88 -31 16 -62 56 78 14 -33 61 11 14 -39 32 8 -51 60 -21 65 -76 80 -55 30 74 -48 49 0 -95 -55 44 -23 71 -60 -4 -12 -66 13 -40 69 -99
-28 -67 9 -48 68 -40 -79 22 -22 -15 59 -46 16 26 26 29 -5 -71 -49 -15 90 65 23 97 -16 -88 71 87 4 60 -26 85 54 47 10 -39 21 29 14 99 -25 28 -86 64 24 -5 -37 -84 15 78 37 -60 -19 -15 30 82 -17 -77 44 -36 46 13 -54 -9
-2 -30 -97 39 35 -22 -96 67 -53 34 71 63 31 -34 -61 -87 -53 9 -94 8 81 -92 -99 -86 -63 -11 59 -98 -75 82 -80 73 57 95 31 -92 -16 -52 78 -91 29 91 25 -91 -81 -48 26 -77 1 -6 39 87 -96 -15 -20 9 -82 -8 -69 -53 47 4 9 -12
58 -58 -30 -33 58 30 72 -53 94 8 8 -20 86 -84 -26 18 -49 -72 -61 16 -16 -63 -5 -80 30 2 -68 -100 -59 59 35 -8 96 14 25 63 2 78 -66 -4 -18 -79 -27 98 53 -48 -87 37 -90 -68 -26 51 42 59 -53 61 16 83 -66 -22 -82 30 32 70
66 -57 59 -2 -56 28 57 -64 -27 53 7 -63 59 68 50 14 61 13 72 31 -82 24 19 49 -43 -12 -31 76 -20 46 -16 -92 73 -46 64 83 4 -78 -23 -81 -22 53 86 -16 66 9 -94 20 -42 -60 58 46 -60 -25 67 -35 69 28 62 41 77 -62 -23 92
85 23 -39 -18 -82 69 -92 89 -81 -40 51 -90 16 -1 7 55 23 -96 -84 -33 19 -71 -36 -81 -64 4 37 3 51 83 -83 4 -90 21 -68 39 -59 63 44 -74 -54 39 5 69 78 29 -100 -48 -87 -14 -76 -22 -75 13 93 -7 -18 76 4 -95 92 -8 84 62
91 -59 -77 -18 18 64 56 -58 84 9 76 -4 4 67 -34 -91 92 -6 -76 -16 8 93 78 98 30 91 13 -61 -87 90 36 -55 78 -98 70 -13 46 -24 -8 -87 93 15 56 43 -70 59 7 23 24 55 -13 31 -91 -26 -8 42 9 58 31 49 -55 73 -89 68
-83 -87 -92 47 70 -59 -51 -16 4 -7 66 42 -17 18 -2 94 45 58 41 56 -13 -62 -14 -32 -81 72 -37 59 -58 76 -76 -55 97 38 -3 -32 -35 -22 30 -71 -85 -98 -47 41 -91 3 59 -85 58 -22 47 -29 -12 73 52 -82 -40 22 0 9 6 44 36 87
74 -68 -7 7 82 45 19 21 64 23 -42 40 -62 76 23 -52 72 -80 -76 -55 -58 74 -2 -69 4 20 -66 -13 -70 -40 -50 70 39 11 81 69 -68 -25 13 -99 -12 99 -48 -49 87 77 1 -45 0 -93 -80 -80 -29 -58 9 15 -78 33 -51 33 58 17 82 6
90 12 -60 8 -92 71 83 7 -1 59 -33 38 -4 -49 -87 -42 -49 -44 12 -6 -55 -43 44 -62 -4 -11 -10 -69 54 14 -40 -97 57 63 -22 -70 -38 -50 13 77 73 -74 -69 78 -48 18 -72 -49 -88 75 39 77 -80 -34 48 -60 -64 -94 0 -78 69 -8 25 1
77 83 -4 17 -42 -69 36 14 -39 45 -3 -35 37 69 -43 -76 -30 -41 33 -37 -22 -39 67 -10 95 21 11 84 73 62 92 -59 22 81 57 7 87 -25 23 -47 81 -81 -84 -60 -23 41 56 -33 -52 64 -13 -6 -18 8 -96 22 24 -95 -8 91 24 81 26 -71
68 25 -47 -53 54 -15 62 96 -81 -58 64 -68 -75 -59 26 -65 39 -64 92 -4 -85 -56 -4 69 -19 -93 30 53 -37 9 -71 -66 22 -30 -27 -28 -76 -30 82 42 36 63 50 11 49 50 -54 -52 -93 76 -4 -24 82 84 65 99 92 78 -19 -60 -79 -19 -77 61
38 -36 59 -4 39 -86 58 -41 -40 60 -95 35 -59 -9 40 -74 16 79 -20 54 75 -87 6 -55 87 -48 -74 62 -84 -58 -96 12 -38 80 94 82 -65 72 78 -25 18 29 93 75 8 93 44 21 37 94 83 70 -66 -6 -69 -99 -36 89 40 85 82 -93 78 -43
83 -18 43 -90 -66 76 6 90 -84 -7 71 18 -52 -4 71 49 75 -36 73 -88 58 93 -7 33 91 10 -5 -80 77 69 -33 -74 -8 21 -92 -24 74 0 -13 64 20 33 -10 -30 -25 75 80 -38 75 -81 46 -52 64 -46 -9 36 -90 -77 24 95 -61 -77 67 -79
51 -58 48 56 -51 -47 -28 -39 -93 53 -38 -54 58 83 8 8 11 15 -5 -70 -79 58 -67 -99 27 59 54 18 69 -58 -48 -59 -46 -56 -80 -58 37 58 98 -27 -47 -20 -37 50 20 -21 -99 67 99 -34 -97 26 18 29 11 94 -44 75 5 16 10 -26 -88 -87
71 -12 -30 -21 -61 73 -29 61 69 -34 -70 -70 -97 28 -79 -12 61 41 -13 84 -2 98 -78 -98 -57 18 -3 -37 68 -30 10 -97 -32 -78 80 -11 6 -34 17 15 9 20 -74 -14 1 5 4 81 47 -29 85 41 -76 -30 -54 53 -59 -39 39 83 -71 59 -9 38
85 -15 -78 77 80 -22 68 60 -45 -90 -88 98 -36 23 -35 59 19 -31 71 71 43 -12 -63 67 69 96 -94 -18 2 40 -58 14 -32 41 63 36 15 93 34 21 -68 -77 39 98 -10 -94 -100 99 -65 14 9 -24 -76 73 97 -96 -47 78 -33 45 47 90 63 55
-73 44 -1 0 60 -34 -91 48 -36 44 -77 -69 -65 13 -55 7 60 72 25 66 -9 -15 -95 -84 -81 -85 -20 80 80 24 98 -47 -20 39 -14 91 -89 94 -75 -65 83 8 -92 -77 73 48 84 -71 -39 -1 41 -65 84 91 18 23 32 8 -93 -97 -68 99 -64 68
-59 29 -55 43 88 -52 -72 97 -16 80 67 -13 98 -11 14 -96 -24 76 73 93 -69 63 -30 -87 92 -51 -68 83 61 10 -56 88 3 -29 -14 42 -74 -95 -56 21 5 12 63 -84 -76 17 7 35 -57 7 63 -98 -21 86 43 -30 35 17 -99 -62 -31 -2 35 70
-11 84 56 54 -13 84 -59 93 -16 -21 -40 -84 -51 -73 45 -36 7 23 53 33 -2 80 61 -21 68 85 24 -66 -47 39 31 -68 61 -58 -48 -71 45 78 -35 -40 -6 -51 47 13 30 -51 -6 -38 80 -27 42 45 -94 76 -42 -46 -31 -15 5 85 -76 20 -98 -69
49 41 76 66 -35 87 -22 -26 -53 84 -61 77 -98 -13 93 29 -54 -96 -73 76 -56 11 -79 -88 80 68 -94 89 -84 -2 -72 20 90 70 19 9 -69 -82 -21 -17 90 61 84 -66 63 58 95 -99 -12 -87 -5 -83 7 60 35 -66 -46 -90 57 -7 15 76 -69 13
-48 77 -98 -10 78 52 -47 -69 8 -77 -45 -81 55 -86 95 -86 0 -72 -34 -32 73 -56 -91 99 -25 48 42 -44 -73 -73 49 64 -21 -3 -92 -47 0 -56 58 66 -10 -36 -81 -49 -89 82 37 -100 36 -4 -48 85 44 87 24 -82 -2 74 -21 92 -22 -2 -70 20
