92 34
26 -97 91 1 -100 -78 72 8 0 -81 -70 -95 91 -39 21 -38 68 -95 56 -60 -63 17 3 78 -72 -55 -54 -36 96 63 74 89 17 84
60 27 9 69 -8 78 17 15 4 -100 -48 7 -100 -69 70 96 -76 95 99 -42 76 10 -96 -5 99 57 -58 -48 -9 -31 54 -73 -36 66
-30 -10 60 50 2 -42 -51 29 -55 5 57 -76 -47 -23 -30 -61 -21 54 -12 -56 44 -54 -72 88 -99 -2 -26 -52 42 0 18 -43 -43 87
99 -29 3 94 -8 -20 -33 -35 -69 -69 70 92 51 -33 19 -95 -4 6 -76 68 -22 -46 21 57 78 51 -29 -42 -17 84 11 62 61 50
52 53 -5 -46 -21 -43 -5 74 -50 40 94 84 26 -49 76 23 64 -46 64 -10 -90 89 -17 -76 -86 -22 91 40 -59 -44 -12 -42 61 -12
30 -74 75 94 -96 -31 39 -26 68 9 -96 63 99 40 -95 -52 -21 -20 -88 21 -5 17 -40 -12 45 0 81 -23 -59 -73 63 35 10 -48
-87 24 43 23 66 -34 84 70 93 -46 89 43 -3 82 -78 52 3 54 39 -30 43 36 62 -84 -95 69 43 -51 32 -15 55 65 51 -38
52 75 -88 40 -9 -93 97 -95 -1 -65 77 3 -66 -89 23 -12 38 -51 -83 90 61 -51 -84 -17 -60 -87 97 16 -44 -56 -85 30 -6 -8
0 -60 -51 73 85 97 69 52 98 -47 94 -92 12 31 -34 -12 -51 38 3 74 49 -64 0 -30 67 -10 82 77 -40 18 -74 35 73 65
21 31 -9 85 -70 27 58 18 -77 -60 10 -9 55 -58 -78 55 -8 43 -62 -15 -48 -72 -68 92 40 1 73 -81 23 -42 -75 64 80 22
48 60 71 83 -26 -57 -83 77 -78 44 98 -100 70 -66 35 -80 -50 -48 -20 -36 70 26 47 59 -24 -3 -43 -87 59 -23 37 -68 -7 13
-29 -60 47 -9 11 73 50 5 -26 -59 8 -45 -52 82 85 -67 -77 -59 -1 80 -10 11 -44 -84 -78 -22 35 28 -51 59 -80 73 -65 47
-44 12 14 24 -4 59 -43 41 32 54 -76 80 7 26 -18 91 -39 29 -66 89 -3 -21 -68 59 21 25 -25 -53 94 8 -77 -53 28 76
77 -96 62 94 -92 73 22 -49 27 -53 12 -3 12 -65 43 -61 -17 78 83 60 -69 59 73 32 -84 -86 -52 -14 -82 -56 -55 -95 57 67
50 -66 -19 99 -94 -83 -72 26 -36 -48 94 -72 13 24 -88 33 -2 -99 16 -93 -73 32 -52 -6 9 47 97 -97 34 73 -15 9 -10 -62
-48 18 28 -87 -60 37 -9 97 -69 46 -10 85 10 59 -9 79 11 -7 -33 -38 54 -69 36 62 59 86 -97 77 -66 72 -52 4 -75 -21
-20 51 14 -20 53 40 84 33 -24 -87 -68 35 -92 10 27 -97 -39 46 90 11 -9 48 61 48 80 -68 16 -22 -45 98 -46 -96 -94 67
79 0 -89 31 -95 58 -78 -18 47 89 30 45 -31 21 93 -76 -46 36 33 -83 14 -30 37 8 -82 -42 -93 -75 58 0 63 9 71 -48
-13 85 -95 -48 92 -14 -6 -75 37 74 -4 18 28 59 83 -51 -14 21 -73 -98 -34 23 33 -11 -100 21 43 75 -79 52 61 68 74 -79
-19 -92 -34 -25 22 24 74 -81 -3 -34 12 69 24 -25 -94 80 -9 -21 -61 -46 96 -74 -74 65 38 98 73 22 65 29 61 -4 -76 77
-55 83 51 49 -85 -59 43 97 -58 -48 -73 -55 -15 54 95 -95 76 -39 84 33 -55 3 -70 -36 56 61 -92 -78 -30 -66 -17 11 3 62
-56 -64 -62 -60 -97 4 99 -67 -80 -93 7 -66 79 9 49 92 76 -10 85 81 31 -39 20 -30 54 51 -77 -33 29 -50 5 -78 69 70
-82 -53 32 -58 41 52 36 -83 -4 -47 46 -86 43 82 97 -82 34 20 79 -22 71 -68 70 -71 39 -10 -9 -97 -41 -11 4 -54 94 68
47 -41 82 36 51 -56 -64 -57 85 -59 -8 -83 -22 -48 16 76 64 -74 -40 21 5 11 -99 -60 21 -67 -6 -55 66 68 -92 -59 -84 -32
45 -97 12 67 -53 8 11 0 82 3 56 5 87 73 2 -19 -50 91 75 1 -1 58 30 -64 -52 -12 82 -44 95 -89 70 39 -63 83
7 46 78 -13 97 37 -89 -99 75 -36 -64 -30 70 80 -5 23 39 -20 12 13 -14 1 15 39 -55 -61 95 90 94 -25 -48 33 -66 82
79 26 38 20 -39 90 -78 -67 81 -32 -36 86 -10 -55 65 -61 -76 -80 -54 -89 34 -63 34 24 76 94 -69 -99 -7 25 63 -42 0 67
-77 -53 94 -28 -10 24 43 36 -61 -41 -49 41 26 14 15 -6 -74 -86 -44 76 91 -36 -58 43 -18 11 -84 -45 -30 98 -49 -73 -72 44
-40 65 -90 30 39 -92 -93 19 6 -17 -30 -11 -99 82 -35 -53 -9 -66 4 54 -43 -8 39 -80 57 -34 8 -25 -50 94 20 -34 86 75
59 -82 52 -8 -26 83 67 26 -48 89 -74 41 -40 81 -78 -56 -97 38 57 -34 -51 77 -96 28 -32 68 -93 87 -8 -70 16 -8 -84 -64
65 66 -71 94 94 -21 -99 -15 2 -73 -1 12 85 58 -47 -100 74 29 -16 -79 57 59 51 73 32 -100 59 -89 -90 65 -94 44 -72 -24
63 -75 63 75 88 -74 73 68 57 -36 63 -52 -35 73 -96 77 9 -12 36 -68 -71 -73 4 27 62 -51 -57 -11 -11 11 -80 -93 78 6
-98 -41 -46 -26 -84 -40 6 90 58 -27 88 -100 -21 13 -24 -90 -62 7 17 13 62 -99 32 45 -27 54 36 21 -80 11 -90 68 -84 -30
-13 99 -95 34 -97 37 54 79 -19 -66 28 -57 -36 -88 -87 27 68 27 -16 -78 -46 -43 -24 26 -8 32 42 -56 48 -100 95 -5 42 21
-87 -4 -68 -50 -23 -72 -94 -59 -23 -95 -26 -87 58 -39 -55 74 9 -7 43 79 70 66 72 -18 61 66 4 -48 -56 -23 -48 66 -51 -84
-100 -4 12 -95 -33 99 -12 12 -2 -71 86 26 17 -96 9 92 -100 27 -72 -82 37 22 -79 72 -15 -97 -80 45 -44 -92 83 -61 -96 -25
-49 50 45 96 51 -56 51 -63 27 60 60 16 56 -7 -83 80 70 46 -82 -55 -2 28 16 -71 -11 79 -98 67 53 40 -1 15 74 50
92 98 -72 53 -91 40 59 56 25 79 86 -23 13 14 0 33 -44 -43 -67 36 -16 63 41 -17 -56 -99 -70 -27 66 69 -90 -13 67 19
74 -78 -99 6 -60 -43 -32 15 36 -4 61 29 -97 -15 30 76 -36 -31 66 -64 -93 -92 -24 -44 -87 -48 -95 88 65 -13 -93 -22 -56 -88
83 -4 48 29 90 -81 8 2 92 -10 -23 -76 29 30 -68 66 61 -60 -62 32 -66 16 -92 34 11 16 -35 35 83 80 -4 15 -2 -71
6 54 63 -33 67 19 -37 88 40 27 81 26 -27 9 58 27 -64 -87 59 -25 -22 43 -31 -42 -16 35 12 36 -19 -73 -49 93 22 -95
-2 -88 -50 6 -15 43 90 -11 -47 16 -40 76 9 46 12 0 -97 -53 -77 75 18 17 12 43 -51 70 -45 80 -99 96 -48 38 -16 49
-49 -76 63 72 41 -4 -42 96 59 52 49 -28 -34 -76 89 -85 -25 26 -42 -47 87 34 -41 -17 -34 -54 33 -85 67 -3 13 58 -96 -91
-75 -18 -44 -18 -57 -93 40 25 74 -90 -58 -57 -87 -88 30 63 47 23 -37 -94 -22 -43 -98 60 18 -51 -79 77 -12 -44 -97 -71 -14 45
-54 37 -67 -32 69 19 -26 59 36 -72 17 80 -16 59 -5 -87 -89 73 -83 82 43 -33 -7 63 18 31 -51 78 14 88 -10 93 -59 -65
-73 -89 -20 -38 -78 11 24 70 -90 -90 -35 -82 -94 -62 -85 -96 -39 30 -27 -21 -90 -88 -92 28 49 32 59 -39 3 87 -52 -59 30 -56
36 -19 -79 -10 34 18 -85 63 69 -80 77 -65 -57 54 69 48 -60 -24 16 -16 -8 -78 8 -93 -96 29 14 82 95 -66 -46 -12 68 13
-71 77 74 4 -10 53 -79 9 60 10 -21 -99 42 96 57 78 48 -41 54 89 25 70 4 4 -62 63 54 84 -14 75 -26 26 -38 -81
-32 -53 -65 -97 -89 -64 62 26 87 3 -49 -58 2 -28 -99 46 -74 27 5 65 -49 6 45 -59 17 45 87 -53 81 92 -75 21 -43 -47
95 -91 64 55 83 -24 83 -22 45 -61 89 83 -72 -52 89 -50 91 -52 -31 -77 31 -12 56 26 24 -74 -83 -77 50 -83 -73 -20 -18 88
37 52 -19 -54 63 24 -20 78 -76 -29 0 97 37 27 4 88 -86 10 -87 -28 92 -13 -26 -21 74 30 24 -63 -48 -27 -45 -73 52 88
-63 -45 -93 -3 83 -1 53 68 54 54 20 -54 -97 28 -94 -3 -29 -10 -5 -24 16 83 -56 94 -8 -63 -50 -36 -25 -6 63 58 -78 8
-25 -29 90 -81 82 -58 -54 -62 28 83 -11 -39 1 -54 68 65 -50 -8 -57 60 87 3 -79 3 91 -95 81 2 -43 -36 -34 -21 -20 72
-54 -35 53 -40 -77 -67 7 -34 70 54 -17 58 -35 -82 62 93 50 -87 24 77 -28 49 -75 67 50 -90 85 36 53 67 -56 -50 67 -23
5 -69 -79 -16 -84 -94 -7 -13 4 68 -59 59 -23 -51 10 -17 -23 -92 96 83 54 -60 1 -82 65 -85 96 -32 13 35 45 -60 9 32
6 -38 -38 9 15 -48 17 -14 69 34 96 -47 -1 64 35 -9 -2 7 93 -30 95 42 48 9 95 3 41 48 78 -52 3 -60 -73 35
-29 25 -1 -82 68 -14 12 -21 4 -80 -96 -45 -81 24 -90 87 74 -82 -4 -93 50 62 73 91 -98 -4 -95 12 58 42 31 -36 46 -37
-54 -100 -57 -19 -77 -44 28 -84 86 -96 -21 -91 55 82 -91 -96 79 48 -49 90 47 8 19 -95 -92 -87 6 -79 -53 -60 43 -50 -97 90
-16 -45 -86 -41 47 27 8 -64 -31 15 -22 -55 30 63 25 82 31 -60 56 -69 -73 21 71 53 -17 32 38 -53 66 -68 87 -7 9 92
-16 43 -41 -41 47 -14 -97 -50 -18 59 13 21 89 -32 -62 37 -3 58 -52 9 -76 -65 -43 -64 -18 97 35 75 58 24 -40 80 93 25
75 -98 82 -98 -33 57 28 -32 -14 -16 0 10 48 -99 -11 56 49 -11 -32 -17 24 -39 19 -33 -50 68 79 -25 -49 46 58 48 19 -95
-62 -91 39 18 67 -24 -75 17 61 24 73 28 -55 -86 -18 65 77 -74 17 -61 47 92 -69 47 -73 87 -43 -48 -17 16 -65 63 -57 -91
-31 15 -60 52 -10 -32 17 -61 -10 -86 1 -14 -53 -36 -29 75 -2 38 -17 0 42 -92 -87 6 -46 28 68 -71 47 98 0 -79 36 1
46 -13 21 -91 83 58 5 -10 -20 -49 -40 96 -62 -49 96 -39 -58 -12 68 27 94 -1 -51 42 31 52 27 -88 86 -98 -48 0 42 -27
75 -41 52 -67 -40 -71 67 -78 -83 59 9 16 8 85 89 39 -97 -29 29 -1 16 -100 -13 -96 67 98 -80 -74 93 -29 -24 -5 22 95
-76 -75 93 36 -99 97 66 6 88 -48 92 -46 19 -30 29 -75 23 -72 -38 9 70 -26 -65 0 -41 72 3 76 -17 -36 -80 45 -30 41
46 -84 -85 46 -97 -95 56 79 -26 80 -86 -45 -92 -7 51 -87 91 -56 73 37 87 -86 -30 -27 90 -87 -8 -80 -65 57 71 33 -47 -12
-4 -71 -59 -85 97 -5 -20 -17 78 68 -50 -97 98 -37 -60 -78 -21 37 92 -41 58 -5 -70 -13 -78 0 -11 35 -86 62 88 -37 57 65
-30 -18 -94 -18 32 46 -88 -91 17 63 -12 92 11 -41 28 -26 68 73 38 61 -5 34 -50 67 48 -69 60 71 82 -40 66 38 -33 32
-84 -72 -79 31 -32 68 -17 72 -48 -98 73 7 -10 -87 81 -90 31 64 -42 30 -93 -55 -70 -48 12 44 38 -100 -82 -8 61 -14 -66 -1
-65 -40 61 -29 -25 -85 63 33 -74 57 14 45 81 15 -67 -90 -79 -82 -14 -45 34 27 -21 46 -42 -89 -3 -32 -46 44 -23 77 -38 98
24 1 96 -72 0 36 -29 -97 -49 58 -66 83 -57 -82 -75 -85 35 -56 8 36 -23 52 -95 17 -56 -35 72 -2 68 17 -15 44 -48 -97
-60 -97 84 -57 6 39 -65 65 86 -100 6 -48 3 6 -43 -80 -52 -53 -3 -18 -89 18 -9 79 -82 55 -32 -44 94 -32 62 84 42 48
42 -70 -39 98 94 -23 35 0 -95 85 89 -92 17 -77 -98 80 -96 -100 8 -87 -39 -66 -85 -87 -83 -60 -64 -92 -38 -56 90 -37 75 -82
66 -16 13 98 92 73 65 4 -47 16 -34 18 -2 -94 1 -49 -44 -25 -33 -85 65 -46 -78 -4 64 41 -85 -53 20 95 -41 -94 83 0
68 60 17 93 -51 -27 58 -79 -51 -36 12 -46 -31 22 51 76 -87 -98 87 -53 72 25 -76 -89 -87 86 -48 -19 77 70 75 -44 90 24
-46 -75 -2 1 3 86 -99 18 -96 -64 -73 -22 22 -8 94 -99 -19 -21 -42 -91 -35 -34 -99 -56 -81 77 -83 98 65 -70 -96 13 62 80
-44 -25 54 80 -89 27 50 52 36 97 91 -61 94 18 99 -4 13 7 67 -74 -17 2 -97 -73 -88 -9 47 -29 21 76 15 64 -90 -41
-62 71 98 39 74 54 96 -99 -13 -36 58 -52 -63 -12 -92 23 -57 78 86 -30 -63 58 -34 93 -52 63 82 -76 37 -37 -11 97 -81 67
-1 -42 49 13 82 -74 -1 -12 50 52 79 -27 28 -58 -97 79 -5 18 -98 88 -9 26 88 94 47 -35 -66 18 24 46 21 76 46 -47
-3 -77 10 -54 -83 99 61 48 21 -51 61 -45 -75 25 53 -22 28 -49 -95 -8 91 87 35 -1 59 -43 -40 -99 -92 9 -74 -81 55 62
-31 -13 63 25 -28 -46 -93 -60 -2 -66 -17 12 93 8 93 0 -97 70 45 -29 22 -77 -84 -4 12 -89 68 52 -16 80 -88 -73 -9 -15
-77 94 54 -54 2 20 79 64 55 8 -61 30 -41 -53 -49 -84 70 42 10 -40 -7 -34 69 -37 29 -45 -45 21 -65 37 43 50 -13 -30
-28 95 80 -53 -87 40 11 -84 -98 -4 36 -17 90 67 86 68 -12 30 -77 -43 -6 57 -89 39 64 -11 -93 98 6 40 38 -44 -58 33
-65 -29 84 -34 61 -22 23 80 82 -42 -33 34 78 17 38 46 56 7 28 -95 -62 63 30 -40 -34 -68 32 26 27 -43 43 56 -59 -78
-49 -5 -60 0 29 -44 -93 6 6 10 -4 65 0 -49 -6 77 -21 -68 -1 -43 -74 -98 -9 84 -88 -79 -28 -19 76 21 -44 57 11 22
88 -1 40 -8 -66 48 -63 97 57 -13 -30 -87 15 78 -66 -63 44 -17 16 80 14 18 46 -84 -80 -28 64 -57 -14 79 -96 87 73 54
34 -86 35 -44 29 -55 -58 -72 67 -67 -47 -20 86 -64 -37 -58 -45 22 82 -82 43 -85 55 -23 24 -66 -47 -82 -91 -90 63 55 9 -52
66 26 61 10 65 -96 35 2 -81 -99 2 -14 -30 74 24 46 93 88 -17 -33 57 -50 -5 2 -72 -84 -86 -44 -6 88 -43 -91 -5 -31
-17 98 -92 3 75 40 8 -53 -45 -10 51 51 -42 2 -10 -17 -47 30 70 41 -94 -84 62 74 80 64 98 -53 -73 14 -90 -45 19 -77
13 -87 -85 32 -66 -92 -72 60 -12 -16 -82 33 -98 -19 18 10 6 75 12 -60 61 -56 -25 -45 -25 94 -9 -99 -53 -34 -94 -19 94 89
34 -47 -80 65 42 -43 63 -13 55 11 -29 -56 -55 -77 -22 -20 90 96 -60 -34 -58 27 -79 25 -20 -60 -78 11 -20 -26 -74 -36 41 43
