71 50
-16 -77 42 10 -95 54 88 47 -72 -8 52 44 -62 99 -5 30 90 1 -90 79 -37 35 82 24 88 85 34 31 -66 -72 14 84 -11 48 70 -18 -94 -73 15 -92 33 57 90 97 81 -46 -87 63 64 -91
-13 -33 -39 -65 90 -41 -86 -21 35 61 -77 14 62 28 -68 -18 -41 -4 7 47 -84 -17 86 -50 63 65 -66 -63 -18 72 -52 6 98 77 86 52 37 -56 29 47 -97 75 33 56 18 72 86 36 36 -36
22 84 -2 8 -16 -59 -21 -74 31 -40 -45 -39 86 -11 -47 -96 -78 67 -95 52 80 -69 13 8 81 95 -6 -23 66 -12 -1 -11 33 -73 22 -79 -34 -64 14 -27 -58 -80 -64 43 -66 80 32 -71 46 -91
-33 59 99 -33 -57 20 -87 81 54 -58 1 46 -90 -32 80 -87 -28 -33 16 -27 -56 65 91 -73 -20 70 -44 73 -47 -41 -7 -80 15 -20 -10 25 -61 -72 3 -81 13 8 -6 16 -94 52 97 -39 48 37
31 22 -80 -88 -99 -90 -31 -31 1 -41 3 60 -69 -2 -8 39 74 42 18 -92 87 26 -87 -82 -35 -61 59 50 -18 38 -63 56 -14 -14 -40 50 20 78 61 -91 -43 57 5 -83 21 -18 -68 37 14 -46
68 55 -4 -64 40 97 -94 87 -55 -70 -73 -38 49 27 65 96 -82 72 -8 53 -23 -71 -10 25 -48 44 -83 64 49 78 19 25 -24 26 -46 66 -61 73 -38 -67 -61 -85 82 -36 -90 60 -68 90 -13 98
26 13 53 78 14 -50 76 9 6 83 16 9 71 -8 71 69 49 -87 73 45 -20 11 59 53 33 60 33 -29 -68 31 -73 -33 -80 12 -23 -21 20 -16 73 -93 -3 65 57 -17 -28 -83 50 -49 -7 92
-76 -74 -8 58 87 49 19 -87 -46 18 48 -49 -31 80 5 -12 92 -39 -23 47 14 -13 -36 -55 -84 -72 98 66 -25 0 99 66 -70 -69 7 43 -88 -33 -55 37 -8 62 -87 -54 -85 -44 -66 -36 96 64
-36 -77 -27 57 10 -21 -80 11 -33 -99 -82 -31 71 13 13 85 8 -36 -11 -42 -22 -41 21 -55 38 80 67 12 -3 -92 3 63 -27 60 -12 84 96 -97 22 8 45 -48 17 66 -29 60 -53 51 -5 23
16 -65 -58 23 -1 -21 -25 81 34 -49 -95 -61 -18 -57 -92 42 -92 20 -19 -67 -9 -32 43 -22 14 -78 97 -81 29 70 9 51 -81 97 61 -10 39 84 92 -58 24 -34 99 91 88 31 50 -50 -20 82
49 -27 49 83 50 74 87 -38 -64 14 -94 54 -63 -56 -100 69 -48 34 77 19 -2 -43 52 -55 82 -85 -69 -8 -42 62 -10 38 -84 72 4 48 65 98 18 65 73 -47 -52 90 11 -3 29 35 -42 -20
-72 -16 84 15 -32 -73 -82 43 37 1 -64 59 24 -17 -9 60 -78 -64 64 9 -8 -96 51 -8 9 2 7 76 10 66 87 -68 34 -44 -18 45 90 81 -1 -77 24 -29 1 86 -92 -98 9 -14 81 90
40 63 -72 6 78 -29 98 96 -18 -28 -11 26 -28 83 -15 -17 37 -35 -93 30 14 84 58 -42 -88 -83 -64 3 -30 -53 -46 31 -9 -84 20 -76 -14 10 7 -23 -33 45 -91 4 76 -33 -74 88 40 33
-53 55 10 -60 91 57 -59 66 5 21 67 53 -75 -82 32 24 26 34 8 -19 -80 96 -93 55 -79 -24 55 74 25 -32 -9 -97 -62 27 -68 84 -99 36 41 3 82 76 -13 2 -94 -16 -16 -29 11 -97
-1 37 68 75 57 59 42 13 30 2 -70 -74 -61 -39 -89 43 82 60 46 40 3 -62 -95 -15 -54 -31 57 -27 17 13 -25 -12 -89 -56 -59 10 -15 -89 96 -60 -88 73 80 75 -29 -74 36 55 30 -3
8 53 35 -90 80 52 89 -55 57 -36 10 -33 22 72 -39 88 -23 -58 3 4 -62 -27 45 -82 -99 -2 -41 -51 -17 6 -32 -35 -15 66 -46 23 -16 -28 55 -60 44 46 -45 15 23 60 20 99 -63 47
0 90 66 87 30 -79 -65 24 16 80 -39 96 -82 -74 66 -56 -9 -20 -71 66 44 -23 -32 50 -43 -90 92 79 -40 -5 -68 44 79 58 -90 -54 66 -55 79 17 -67 -98 82 86 66 -17 -46 95 18 55
67 -27 -48 96 6 -55 -73 -35 3 -46 46 38 -68 -74 -48 58 71 39 -55 72 85 -48 14 63 25 24 -76 -41 -21 94 -13 79 13 -2 68 17 -51 42 25 -38 -91 -75 5 -58 87 60 12 76 53 46
-45 -35 56 -91 75 43 -24 -18 98 -8 19 -67 -69 -12 -7 -4 -89 44 47 -74 -44 47 -38 -73 21 2 71 87 -6 94 64 -66 -23 -32 82 -54 -59 -46 21 54 -10 1 -61 37 89 -18 -35 -16 -6 65
-70 -43 -97 -70 81 -79 15 -38 42 54 -22 98 48 0 90 9 -95 -12 51 -92 17 99 63 -46 91 -58 -50 -74 90 34 -44 80 87 -2 90 93 -4 -46 -6 -18 -87 18 -43 -33 -84 59 31 65 -10 -58
86 50 92 91 -58 -30 -85 23 9 50 -32 41 69 41 22 25 -42 -57 65 67 30 37 -85 -93 34 -52 21 88 -65 -42 17 -18 -92 -46 -27 -34 -86 -85 35 65 10 19 -2 94 29 -20 95 -48 -78 56
-79 -45 91 -47 66 -8 25 -45 -85 -81 -6 65 58 92 23 29 -2 85 91 4 -70 -44 41 -38 54 -64 29 -87 -14 64 -90 40 -100 43 -94 -30 -28 81 -77 67 54 -25 32 42 0 33 47 84 -35 96
17 38 97 -74 -65 -27 -90 -64 -12 -95 -42 60 -6 -65 -30 -94 -70 -26 58 96 -34 60 -2 -32 34 -38 84 37 74 -43 83 6 -3 -73 88 18 67 77 -25 -83 -46 66 -68 74 -73 -19 -94 81 -84 6
-100 26 37 78 74 3 79 -57 -57 7 -54 -46 -72 48 -74 0 7 6 93 -29 65 0 72 30 12 -86 36 82 53 96 -26 18 -70 -62 -3 97 51 -56 39 91 86 -8 47 -55 76 -26 69 -63 46 11
-18 -90 -37 -79 13 3 -10 -99 -70 -58 60 -2 -86 -86 -37 70 -48 -11 -38 6 19 -76 20 79 7 68 78 -2 8 99 -20 -40 77 -83 -9 79 41 -85 10 -77 -40 97 -59 -36 -96 -89 41 70 85 -37
12 -66 -86 44 96 -3 -68 58 -48 -77 65 92 74 86 66 18 3 -6 53 -59 71 -21 22 83 48 89 6 -57 50 27 92 89 12 -40 -84 2 89 -55 -91 82 -80 75 16 78 -56 -68 53 -68 -72 -52
-32 72 22 -90 -76 -36 -25 -34 -18 60 -65 -99 14 40 -95 43 -22 93 -40 36 35 -58 39 39 -69 -73 94 -21 -17 -85 94 74 -94 -18 -64 59 19 45 -88 -62 -16 60 -8 -5 2 -16 -62 95 -54 -97
-43 -82 85 -99 36 22 -52 33 -52 82 79 -49 -99 -33 12 -74 34 -85 -94 52 -44 -90 58 57 36 86 -16 -6 96 -75 -33 95 80 -18 -53 -41 -87 25 27 98 -55 -94 78 -40 84 8 -76 -56 63 37
-7 -13 -93 42 -18 82 -27 21 -63 -100 67 -75 -58 13 81 -75 -82 12 -68 -33 -42 44 87 -13 59 -74 85 8 13 -12 -82 -38 -31 -24 -67 85 28 -90 57 -39 -20 40 75 -82 -63 -47 -65 -14 -60 -76
-65 65 95 -26 84 36 14 65 -90 -3 -60 -70 14 97 97 85 -94 47 26 39 -71 1 9 77 47 -55 -89 59 35 78 -97 87 -8 54 -19 72 41 6 79 -7 -96 32 -37 -14 56 28 -79 73 -31 -70
-94 44 53 -18 1 10 -87 -91 89 59 61 -48 39 -34 48 95 -39 42 45 88 71 -42 19 -8 1 -76 -100 40 98 -69 99 -45 -45 -83 76 -16 75 -63 39 35 85 26 77 -63 91 -17 -50 76 2 -36
74 -85 13 72 -98 13 -66 -39 -46 -1 59 -11 -55 69 -10 66 -64 -10 31 -79 -70 -29 45 -82 -29 0 83 -69 -20 36 -64 6 54 94 -54 -16 11 -7 -93 95 81 -55 -84 70 24 78 -79 -53 -49 64
78 -78 90 -44 41 8 14 -17 79 35 -8 -57 -13 48 35 -94 -52 68 -64 -55 55 7 99 21 -43 62 27 -58 -41 0 98 40 70 36 30 22 7 -15 32 67 -72 -51 -93 23 12 -14 15 6 -51 70
70 48 43 -6 38 -20 -81 -43 41 -18 -99 -86 -31 -77 10 55 -72 -77 42 87 -65 -90 -83 -69 53 -14 90 68 50 -76 -11 -36 13 68 29 -66 91 -18 -87 75 -39 6 45 -9 -52 68 71 -29 -66 -64
-1 68 -76 40 -18 67 -42 72 -34 54 -18 -7 -86 -40 -3 93 71 -43 98 -6 -36 -96 84 -19 -18 16 66 -39 -89 8 33 64 31 94 -18 -72 68 79 53 -22 78 89 -31 -73 22 65 93 -60 17 37
-14 56 71 -4 -54 -100 96 -75 13 98 65 -42 -87 32 19 87 15 87 -98 -50 -93 55 92 -69 61 6 -16 -50 -26 -55 -23 -64 37 18 82 -64 -53 74 68 71 59 -80 77 -58 -34 91 -61 78 13 69
-84 31 -39 48 -64 22 56 -75 -47 -79 16 3 25 93 -47 -99 21 74 62 -88 41 -52 -67 3 4 46 87 15 -75 50 -46 65 -74 -92 85 -43 32 -48 -93 13 24 49 67 3 -40 -68 -81 36 -7 -5
-99 -91 -49 -90 83 34 -19 -41 -26 68 43 -99 99 -93 -43 28 -41 -27 -2 -5 21 78 37 38 -57 -16 -89 92 -89 92 45 12 -58 18 95 84 4 38 -80 66 -39 -61 52 46 3 -28 -88 39 65 -87
-86 38 -8 31 -87 88 -4 83 69 95 -79 80 -31 -61 2 -49 -32 -51 -14 14 14 85 -47 -92 73 45 1 -60 8 -11 -15 48 50 -80 -70 -40 -22 -33 -87 -76 50 -20 -4 86 -98 58 33 -93 -78 -29
67 -61 -34 2 -11 -90 -79 -54 -52 66 68 -10 9 43 -88 27 36 -6 -22 75 23 -78 -98 -69 -62 -34 27 80 90 78 -58 -75 72 60 88 95 47 -94 -60 -59 -10 79 -68 -46 -41 50 27 94 62 -99
65 44 -82 -19 66 -83 97 89 -64 -52 -1 18 2 -29 81 98 -59 -50 -59 47 34 -26 21 82 16 58 27 -53 -12 73 48 56 70 -62 -66 -34 77 56 -86 -73 70 8 22 60 -55 -83 -75 -83 60 78
-79 -26 -28 38 57 52 -87 76 47 -95 -54 -4 50 -92 -31 -10 -66 -3 0 13 -19 -73 75 67 88 7 0 -45 -10 20 29 -73 73 55 -87 3 68 -27 62 -47 81 -86 -83 79 -21 49 82 -42 -72 -15
-7 4 -23 -22 50 -67 69 -23 33 93 -54 -17 73 41 85 -55 81 62 77 4 47 -38 35 -9 -91 -14 36 -59 10 -28 -14 -69 10 94 -64 7 64 46 -68 82 -37 51 18 -8 62 -36 -81 -11 61 88
91 9 -3 -91 -53 -57 27 -35 37 59 -72 -74 21 -6 99 -39 40 -49 -97 46 55 91 -90 -99 -82 4 -49 40 69 -6 -36 -33 39 30 -49 -100 26 35 -66 -56 54 -23 92 46 81 23 -30 71 -70 -14
62 5 12 -68 -45 -69 -90 54 -39 45 -63 -48 -1 69 -63 -56 61 37 -17 -78 -73 36 -89 -48 71 -46 -18 -6 -39 30 30 63 -18 91 52 20 -31 -90 9 -20 -98 51 -79 -15 -68 -88 -47 42 24 26
4 -51 -76 -33 -17 -25 40 44 11 2 40 -64 51 38 -19 -24 -9 -5 89 -44 89 94 -43 98 62 35 29 34 6 81 -89 34 -97 52 -57 -54 -65 15 23 -29 25 -64 -3 -5 91 -88 -11 60 85 27
-55 -65 -28 53 54 -6 -1 -34 -87 82 -94 0 -22 -3 -95 -74 96 -2 -81 -89 -12 22 -15 -93 90 1 68 -11 -18 -88 54 66 -37 -35 67 -15 2 76 14 -29 73 23 -53 -59 -46 -54 66 19 85 97
-65 48 48 87 -48 51 70 25 -81 -52 79 -38 57 -40 63 -24 38 25 16 46 -47 97 20 -29 74 -16 13 -85 -86 -91 16 -99 -57 -55 27 -83 -7 -38 82 59 68 78 -24 43 -73 46 91 -18 68 -50
-39 42 33 50 66 -75 -9 58 78 -97 49 25 49 -87 -18 35 59 64 -21 -42 -35 71 59 -30 -15 -44 -40 51 -7 81 95 7 11 30 -58 59 -52 -3 81 -77 -22 6 -66 26 6 20 -82 54 26 -88
45 79 87 85 -13 -71 91 59 28 -39 -96 -48 37 -43 -48 12 72 -90 96 -53 -46 -46 91 -80 10 -11 73 -72 -35 -55 -49 45 -96 -10 81 69 69 -5 92 50 67 -19 -7 19 7 31 -17 -14 15 -53
41 87 0 -72 -96 6 -83 21 65 20 92 29 -94 -89 -68 -85 33 7 -22 -49 -65 56 20 81 83 -39 -35 -34 -23 50 2 -94 -100 -23 68 -35 17 -42 31 48 55 96 -14 -71 -28 -41 -87 -35 65 35
32 54 73 5 32 -83 -34 4 -74 42 -11 3 98 41 27 26 22 -41 7 -31 64 54 -54 76 -7 14 -92 35 63 77 25 -31 -57 -33 -28 -80 -49 1 59 -45 28 -54 51 -59 -25 -93 -35 88 -51 -55
-71 31 -33 -15 2 56 71 -45 51 84 37 -86 -80 42 73 -5 -89 -5 97 -29 -64 39 -11 38 -60 23 73 38 -46 -60 -45 97 -16 1 62 38 15 52 70 1 -49 51 28 93 22 -36 4 17 -21 85
54 -10 -57 -42 18 88 -89 -21 32 35 27 71 30 64 50 69 67 -97 74 -72 -44 39 34 46 28 -11 27 -64 -62 -14 -57 46 -51 -24 -56 -31 11 -99 60 -32 67 17 15 15 87 -99 17 -43 -57 -36
26 28 17 -66 -60 47 69 35 64 -97 -71 61 -85 -66 -24 -95 2 8 80 96 35 -49 91 -72 -26 62 -42 40 21 -81 -47 -43 16 81 63 86 51 92 -81 22 52 24 -47 75 87 69 -3 -21 -91 -37
-8 -73 -75 14 -8 -94 57 -22 -5 51 -28 -59 -37 -55 -54 -35 84 6 -71 -9 -55 32 -25 10 -28 4 60 36 13 -13 49 67 5 58 -71 -82 58 -59 -57 85 -99 12 96 -90 -61 80 18 -62 98 -89
-19 15 -75 -34 -22 55 32 63 -87 -79 -73 12 71 38 21 -38 -73 -17 -87 17 8 45 -98 75 96 10 -46 -61 -40 -26 -33 -8 24 4 65 -78 -69 -2 -65 -27 7 -59 -19 91 -18 -58 1 15 8 97
53 -57 21 12 -60 65 85 88 16 58 26 67 -52 82 -79 94 46 52 5 30 -65 -3 -92 -56 -19 -77 -82 25 -39 -96 75 -19 -59 -17 13 81 80 -82 22 98 37 92 2 -81 -88 53 -88 20 51 99
-43 25 73 72 66 -85 -55 26 80 89 -4 54 73 -79 -54 24 -24 68 -94 -95 43 -49 97 26 -1 -44 53 -48 -82 -80 34 64 -19 70 -60 -91 41 -68 -17 -56 59 -91 -36 0 -40 -65 4 -22 -2 -67
-79 74 -36 63 -53 -69 26 -87 49 -69 65 -39 81 -61 60 69 -14 93 -33 77 -49 78 -25 -84 -33 47 -94 37 91 -81 64 -44 -17 -85 10 -54 -60 -96 -86 -91 -67 87 -68 -24 -47 -29 -93 -58 9 -16
62 61 3 -44 12 88 -2 -54 -41 -19 -50 4 13 65 34 89 20 -55 68 32 63 82 25 20 4 -37 -54 32 97 57 -70 13 86 27 65 57 -53 -48 -63 18 77 46 -73 52 54 -100 3 -65 11 2
-77 28 -70 47 -3 73 -21 19 -44 19 -2 -1 53 52 -91 -79 99 -10 19 -20 47 -9 30 80 -60 37 17 -43 -94 59 -58 94 -63 -76 2 -28 -95 95 32 -24 87 20 42 -2 -94 -81 -51 -82 -65 18
29 -100 50 -96 33 -6 -26 -9 0 -59 47 -19 -83 -3 -27 15 -9 73 -4 77 -13 -37 74 -54 54 7 1 -69 -67 90 -90 62 -64 -16 48 -3 15 -98 53 -61 91 74 81 94 56 -48 -95 -82 73 14
-33 -84 -27 -62 94 30 -79 -14 -31 -13 70 -19 -41 34 -68 -80 66 -40 79 -53 -32 -39 73 -3 81 94 -80 -3 35 -96 -79 75 -30 84 69 -1 91 0 -77 -48 -37 53 7 -73 -76 69 33 -51 48 46
73 73 -15 -8 -6 31 80 -44 -52 6 -92 38 -34 -47 -91 92 -37 -64 -55 -97 -27 31 87 73 40 0 83 -73 -80 -11 26 26 93 88 -34 -71 -74 78 -45 25 92 81 67 -57 32 -10 8 29 56 -25
40 -21 -26 -63 -99 32 -55 72 -83 25 0 41 -17 2 -20 32 48 -77 38 92 45 -76 81 -40 -70 -36 -88 83 10 -82 59 -62 63 29 -42 61 -19 -46 -61 -89 74 -61 10 -7 25 -10 -19 82 71 -49
-71 72 -99 78 89 -22 47 4 85 -95 -20 -72 60 83 -96 5 54 -54 -74 -98 53 85 42 -36 44 78 6 -57 -39 -28 -93 12 87 -63 66 -42 71 71 -93 56 32 -50 -66 34 -4 97 57 18 -83 50
-47 84 -73 -69 44 -75 96 78 -97 -75 -10 -25 35 -69 -32 -15 -67 5 -80 -98 -98 72 55 -76 -24 -83 -22 36 51 -59 -37 -52 -33 46 50 -89 74 -66 86 59 -52 -65 -10 -36 -96 -76 85 31 -82 -61
-18 41 -40 59 -76 17 -70 -32 30 84 -83 29 72 -72 -43 74 -51 58 -6 -74 60 68 -12 -82 89 -63 99 -74 -19 -61 85 79 8 -49 -23 82 -66 -33 35 -52 -80 -7 -71 -29 -83 94 -66 -72 -63 -27
69 29 -36 0 -39 57 61 32 -62 33 -39 21 58 26 31 -72 88 -36 -58 29 -75 -71 65 83 21 70 33 -98 -71 -55 -68 15 3 -4 -67 -31 89 -23 60 79 13 -97 56 -59 -28 83 26 68 30 -46
67 -29 78 54 -80 34 -62 95 -51 -80 -43 -68 0 47 99 35 -64 -66 13 -27 -50 16 86 -59 -6 -61 -76 99 81 68 43 52 21 80 -33 44 -10 30 -8 -66 24 -100 -45 -94 52 31 -65 -23 -4 7
