88 55
-30 51 -82 95 -89 26 89 -4 54 39 89 -19 -10 -57 -78 -79 -81 31 66 42 10 -21 91 -23 -74 21 15 -95 44 88 -68 47 -60 77 -8 -56 65 -90 -82 -52 51 -70 81 -54 52 -48 -79 75 14 39 28 51 66 5 -18
6 91 38 92 79 -11 24 -42 7 88 -68 43 52 26 96 17 -8 51 99 -27 -84 -70 -80 16 -12 -7 71 -85 28 -67 -72 52 51 -48 -94 49 63 -70 -45 60 -38 45 24 -88 92 64 55 -37 96 47 -69 29 83 -96 -71
88 42 1 -48 -56 -92 -7 -2 12 -63 -36 -87 14 96 -93 26 8 -33 35 -71 31 30 4 -19 4 5 -75 19 8 -32 -25 -87 24 -1 -17 43 58 -77 7 -83 -17 94 -49 -54 -62 -53 8 -3 -25 54 -46 -42 -81 -36 -17
16 -5 -58 -89 -16 -9 -14 85 -8 -47 -69 -87 -59 58 2 24 6 -11 37 33 70 -35 -89 -63 -84 12 -65 58 -39 -79 -82 87 -71 1 75 -45 -75 81 -87 -37 -24 -21 52 1 -87 32 -72 2 73 -35 -77 98 14 -72 -20
79 -18 -27 99 -93 56 -28 42 86 -33 93 -83 -85 73 -25 54 -79 -9 77 92 86 30 27 21 87 14 -49 -46 67 -25 19 -62 -32 -83 90 -55 -11 -68 33 50 -69 -60 80 91 6 -5 -7 -24 16 -49 32 59 7 99 83
58 70 -60 -36 41 -46 -4 85 66 -10 -73 -100 -46 -71 -20 -49 85 21 -34 17 -99 -20 -68 78 7 -42 54 35 -33 70 -39 -38 -90 -10 -44 92 -88 80 12 -1 -93 -57 -27 -85 -20 45 -38 -97 -84 -26 95 -39 28 -12 -76
30 36 37 -11 -81 82 -54 32 -19 -55 9 14 30 -32 94 -66 57 -3 77 -33 54 -39 58 76 -79 6 53 21 80 94 -88 83 75 14 59 27 -44 43 -29 -40 -81 92 30 -78 83 -8 42 43 -23 1 86 76 -58 9 89
91 -76 83 -94 -72 -19 -26 -33 88 -6 85 -54 98 57 3 -87 96 -59 -27 -59 40 -37 40 -59 19 74 -90 20 86 -86 -86 -80 -25 25 -100 29 -46 -23 -55 65 -75 94 90 -31 -24 78 57 -60 65 42 -25 46 47 85 -15
-64 -18 -22 -20 6 3 11 14 -63 -96 95 39 -34 -47 59 -31 54 80 4 -68 48 -2 -20 -51 52 60 -68 7 33 -55 9 42 74 -12 18 27 -12 52 -88 -11 -45 21 -73 47 45 39 20 -83 79 -22 47 -61 -17 -20 -69
31 81 39 -12 15 -66 52 -32 -29 -70 28 9 28 -75 -87 42 -3 21 40 72 57 10 -62 -69 5 -86 -21 -3 72 61 -38 74 -32 92 2 -31 -2 69 41 2 77 50 31 56 22 -5 49 -71 8 -15 -89 -93 39 -83 66
-31 26 72 11 -42 -55 -20 -64 58 -65 -53 87 -69 -12 39 72 -74 -57 9 61 -10 42 21 14 76 -27 -42 19 -73 -80 -89 -39 -82 -45 -6 9 -76 -55 91 45 -62 -12 -25 28 20 10 -46 88 93 97 47 54 -100 -49 44
78 59 -83 52 -44 -75 -76 -90 78 -63 73 86 -58 -92 45 91 -78 -85 -8 73 35 33 -49 -17 59 -2 11 4 82 -71 69 -82 34 0 -89 43 -54 -19 68 -77 -8 90 74 21 82 -48 47 26 -49 93 58 31 18 -67 28
71 -33 -22 38 88 48 -18 -84 -52 90 -48 -61 11 52 -2 63 71 64 18 -32 72 -27 88 86 25 4 -17 -94 11 58 -98 47 80 -83 -24 -95 35 2 51 5 54 14 86 -7 28 -93 -63 85 88 -90 1 -29 78 -41 4
-46 0 -95 -94 -95 3 -62 44 82 -12 69 41 21 -83 86 -49 -57 -60 53 72 82 70 79 85 -65 96 98 -42 -55 38 24 11 -60 80 29 85 -34 33 -20 -40 -67 89 -66 -67 1 -98 53 59 66 -9 81 -10 -11 -23 40
51 44 93 -85 -14 -100 26 -17 13 59 71 41 24 -23 20 -26 -30 -10 25 42 83 45 -74 55 38 -97 -27 -48 97 75 54 -34 34 68 33 -29 53 -13 73 61 35 23 -1 -75 -35 75 -44 -55 -15 47 -13 -89 -4 -7 -10
83 -55 -19 -64 43 -47 -54 -61 0 59 64 -21 24 -34 71 -21 82 -35 -95 6 17 -78 3 -8 -11 -58 -49 15 78 -17 -34 92 -37 59 52 -90 -14 -75 -44 1 -8 -26 -25 -85 -45 77 -41 -89 6 74 72 46 -59 -17 -79
50 42 -32 -49 -67 -65 -99 59 98 -43 -51 -35 -55 28 -74 1 -55 -76 50 81 -31 -100 11 -29 -33 64 -37 52 93 -96 45 29 81 -97 -88 -50 44 58 -91 -16 38 66 -57 95 -96 -93 -29 87 -31 85 -16 -50 21 10 64
-61 10 58 -81 -98 -67 -28 -20 -24 69 14 -82 -84 38 -90 -24 94 10 89 -40 82 -38 77 -83 -32 11 99 95 -17 -33 -73 -93 8 -63 58 -9 -91 37 -41 99 -15 -2 -19 81 81 82 -91 78 20 -92 36 73 23 17 -85
-37 76 -67 -75 -40 -29 -17 9 21 97 42 -63 -86 -15 -11 66 50 -39 -83 85 25 -98 -71 21 62 74 62 -54 17 45 44 -83 14 17 -31 29 -86 -93 29 -31 -75 7 -82 7 -47 -29 -75 85 -69 -50 -96 6 63 98 -87
7 -47 9 95 -70 81 -28 35 -38 -82 81 14 9 -18 70 -87 -25 12 -87 -75 -21 -44 -31 93 87 -28 -53 -24 63 99 -50 -85 -62 14 -40 -98 5 -56 52 -2 -44 58 -69 -100 34 -21 -60 -5 10 18 71 24 71 34 46
93 -31 45 21 78 -54 28 32 -97 48 -82 71 -27 -45 47 -34 -43 17 -38 -56 -45 80 -22 21 12 -84 -18 49 69 -31 52 -9 5 -20 -33 -10 -48 -91 99 50 -42 15 8 30 67 99 -19 17 -16 -46 -32 -57 -61 -14 43
18 -46 -85 88 -40 -83 -38 -31 94 61 86 25 45 -89 49 23 68 -26 -55 37 6 -96 -1 35 -90 0 95 -87 -8 44 2 29 90 -41 88 26 91 25 42 98 2 -27 -25 -52 26 -4 62 33 44 33 -44 -100 78 -28 77
-15 -29 75 88 16 35 30 -26 -87 61 -87 99 57 -22 -88 -95 78 91 -99 57 40 -50 -82 -85 -47 68 93 56 62 71 -40 -66 30 26 -38 -68 99 65 89 55 30 52 -14 68 88 -98 65 -18 38 2 -42 -77 -92 -88 -20
-86 94 -44 -100 -57 99 -17 -14 2 27 -5 29 -83 26 -55 -91 -67 -59 -58 -40 -37 61 -83 38 11 -71 -34 -66 20 -95 16 24 -71 97 18 13 63 90 65 3 -47 -73 -43 61 -87 -98 -76 -54 0 61 -29 5 -57 96 -70
46 62 64 -89 39 -51 22 -18 -79 73 89 -40 -97 50 28 -62 59 91 99 -48 88 81 -97 88 89 -17 31 11 -32 -15 -14 18 41 8 75 94 63 30 -76 -93 -25 90 22 -51 -68 -74 72 -92 -93 -41 -26 52 96 37 84
-24 24 -85 51 -41 49 -79 -70 7 70 -71 89 98 -88 -66 83 62 -78 -68 42 -86 -29 -4 95 54 25 38 73 89 12 76 70 97 -64 -36 40 7 -40 -65 2 -32 -49 72 19 35 8 -9 -86 -32 98 -18 -85 78 -60 -13
72 -32 31 -24 -28 88 -85 88 60 13 -22 66 79 -23 -35 -6 -17 -50 -5 87 72 -54 89 -89 1 88 71 98 97 -7 -57 -51 -76 91 35 93 6 -95 71 -57 63 91 -67 29 -97 -49 8 92 -37 -56 83 -4 -55 -2 74
-73 41 62 -95 38 -27 -28 68 -88 -93 -66 -49 76 -1 -14 55 2 -74 -21 16 -3 41 -96 17 3 -98 22 -43 56 -42 23 99 -41 2 -54 -32 -37 47 53 -85 29 -44 -7 89 87 -63 45 27 9 -62 -99 77 81 76 76
-32 56 40 32 -70 59 -10 78 -20 -57 59 37 -44 73 14 -90 36 -92 -25 -60 27 84 89 -15 -37 -37 -37 -70 -5 2 17 68 53 3 16 71 -22 36 73 81 53 7 29 -90 -99 -65 -69 39 31 -59 -19 56 -60 68 -78
-25 87 82 -64 -86 18 -24 63 7 -88 44 -50 42 -58 53 -96 -85 -2 94 -65 54 -36 23 -27 63 -19 40 94 5 68 39 90 -58 71 -28 1 11 -79 -5 -96 -50 -62 2 99 -71 -4 -20 -37 89 47 69 42 67 7 7
-91 38 -84 4 42 57 19 -99 -31 -58 -93 -78 -57 95 -14 51 -15 79 65 86 31 61 13 -78 25 5 48 -84 54 -73 56 -32 -70 44 86 50 -73 -34 65 61 64 -73 -69 12 -78 13 52 39 12 -92 -49 25 17 45 34
23 -13 30 -39 75 50 -78 69 -14 21 26 49 -14 -72 91 78 33 -33 10 31 -94 2 62 31 -7 -87 13 -70 32 -62 65 -6 -5 -96 -76 67 34 -18 18 8 44 21 87 -81 68 59 40 -6 -73 29 30 -24 19 22 -88
-4 47 39 24 -76 -90 -87 18 28 -83 -79 8 -76 72 -20 -71 -72 96 -4 27 54 -24 -87 -34 -83 -72 -77 91 -84 57 30 -19 -47 -95 -33 -57 -69 -86 39 -89 42 79 -90 65 -59 -82 73 -58 -84 -100 63 7 32 5 -79
-68 15 -45 48 90 53 10 -53 -67 7 -55 65 26 -63 51 83 -72 35 -1 30 39 79 -76 40 26 -2 -87 72 81 76 -92 -45 -21 89 34 93 18 -31 87 69 39 30 -90 -12 -41 -59 -86 54 70 7 70 -71 3 -24 58
-73 60 -75 -65 23 4 -39 22 -71 -7 -63 -77 -31 -37 98 -80 -5 83 -73 15 16 24 23 -81 -96 -25 -42 52 -79 92 90 -56 -10 68 -15 30 43 -51 9 -64 -72 72 -7 -17 -51 6 -50 -12 5 65 32 77 -42 -4 15
66 88 -66 -81 -56 -69 34 92 -43 94 18 -38 -99 -51 94 91 29 -85 -40 -81 -50 -7 -46 -9 -35 -19 90 -53 -48 -58 -52 61 -93 38 40 21 -21 -46 86 69 -5 -25 -41 8 54 -83 70 95 -36 24 -25 13 24 -84 15
-100 -31 -87 13 38 -72 87 -57 25 49 60 7 -43 62 68 -1 -9 72 -24 -86 -61 63 -22 -90 -43 -44 63 -49 -31 45 30 54 69 -87 33 -38 -61 68 -30 -91 83 53 32 -78 -8 -1 9 21 -55 -75 -15 -12 3 9 52
68 61 -90 49 64 -51 20 33 30 41 -43 46 81 81 -66 -74 -98 -5 31 -94 49 -82 -33 -94 24 -37 74 92 60 48 -28 -44 35 -56 82 38 -64 80 95 82 -1 10 -84 0 91 -73 92 -20 -29 -31 -17 11 -99 95 13
79 81 29 62 -2 58 -77 -97 58 -80 52 -88 61 33 -46 52 -76 -23 -49 -40 46 56 -25 47 -52 27 -3 61 -54 -35 -84 -13 -33 55 -57 50 42 86 -30 60 53 -99 -14 31 55 34 -6 -93 29 45 -47 -25 -56 86 -48
71 69 -58 -48 -64 88 10 35 7 -94 -29 -15 23 6 25 -97 97 -74 -87 27 89 67 28 26 -50 93 42 54 -30 31 -65 -46 -61 39 21 88 -30 85 -54 46 98 -14 84 19 43 -22 -62 64 -57 53 -44 69 52 82 -18
-63 -28 -99 1 -57 73 -53 -62 5 -35 -53 55 -58 -95 -8 31 67 84 20 74 -43 -66 87 -39 31 30 65 -9 -39 -23 60 40 -49 -68 -35 -16 -44 -68 76 72 65 -69 -95 4 -61 -26 42 65 -12 61 -85 85 96 -30 -99
79 42 -42 -14 -63 96 72 0 -38 21 -73 -84 -15 13 -54 72 -9 -42 22 80 53 -58 -40 2 94 -73 28 -35 -10 42 78 -69 19 75 62 65 10 17 97 -90 -83 97 93 -54 -12 51 37 34 98 -59 94 65 49 6 -63
-47 -56 38 -13 -78 -12 -75 -95 -38 21 33 -49 38 -77 83 67 7 48 -68 -2 -63 39 -84 11 0 -98 68 -29 12 32 29 95 78 -50 72 8 -69 39 -49 84 17 69 -13 33 -64 -53 -96 -17 11 84 78 81 -73 -52 -22
61 -53 -3 -4 -52 -40 -93 -38 12 -62 25 45 68 -72 0 -54 -97 -71 28 11 -44 -24 82 -65 -67 -47 23 -48 88 12 19 83 35 -6 -18 78 91 5 -63 69 -50 -67 96 -59 -58 -32 22 -20 33 -62 -30 40 -64 37 24
48 -43 -30 51 32 -71 -55 -86 -71 -36 -99 -63 64 -2 -60 82 -3 93 -98 -69 72 48 -100 49 -57 36 -13 13 74 93 -16 62 67 -17 6 -8 -64 -11 5 27 -37 2 -98 87 -92 -90 -59 62 -92 -53 94 -22 86 0 -69
90 74 54 -100 23 17 -54 8 -85 -40 -78 12 -52 -26 84 26 14 80 -45 3 -65 -8 -70 79 94 49 -2 -4 -66 63 88 -42 -88 -44 24 70 7 -67 56 -74 64 15 -24 -20 -63 28 5 -35 89 90 48 52 -39 -34 -60
-53 -47 -19 -72 73 -34 -53 -66 -100 -21 95 -38 65 -83 55 87 10 -52 0 63 -25 -82 73 10 8 30 88 -7 -94 -42 13 50 64 48 -90 95 92 91 82 98 70 -53 -94 -92 -4 -14 -19 -33 -45 -97 99 24 -27 -36 52
-7 91 76 -86 -11 60 28 76 46 71 74 29 -84 -2 -29 44 78 36 -95 -11 54 -56 -43 40 0 50 -7 -56 51 53 90 -89 -45 -19 60 -40 54 52 -10 -27 78 0 95 -86 94 -58 -23 10 73 -43 -68 -40 -25 -68 -17
-72 57 38 11 -80 23 -64 24 -79 -72 31 44 34 26 23 33 47 -62 74 -33 22 87 -18 -6 18 -14 50 -27 51 40 -39 30 -58 11 -80 44 -47 6 85 7 90 -16 -47 -49 56 98 -73 31 74 84 -27 75 23 -67 83
48 -90 -78 -14 -5 -58 97 -1 76 72 -58 23 -28 28 -50 -99 54 90 -38 82 98 67 46 -12 31 -34 -53 34 -70 38 -71 -81 -86 -44 57 -34 -2 -38 -14 93 9 -88 -38 28 -92 -62 -72 -73 29 -7 -57 10 -1 17 -66
6 98 -69 -10 -79 -28 -28 -77 2 -24 62 39 77 -58 21 -69 -5 -5 -12 23 79 -13 -7 -68 -84 -28 -97 71 59 61 11 -87 51 -66 9 -50 -15 -94 -25 51 -13 98 -38 -21 64 -52 48 -93 99 -20 22 44 -65 41 -77
73 -76 68 -44 66 -70 52 33 -79 -26 -74 40 99 67 59 -15 32 3 -47 -6 -34 30 -65 52 -21 -62 19 5 82 20 -65 -65 49 -18 -20 -47 -88 26 37 84 -20 61 -1 65 44 -97 -9 49 76 50 61 -75 -79 -95 -89
23 -37 -77 49 57 66 80 -12 52 -22 -69 84 28 33 0 -25 -54 35 73 -69 -14 -69 -52 55 -65 -59 71 84 -45 33 -98 -83 3 -69 -100 13 34 -79 16 -16 52 29 -86 -67 14 -12 -1 18 85 -18 -87 -31 -60 -58 18
97 -78 44 82 0 -84 65 31 -80 14 -29 -43 -97 -81 50 23 4 22 26 -12 22 -56 74 61 15 -52 36 -11 -87 32 -74 50 96 76 17 76 -40 8 16 -76 80 -70 26 -41 88 34 -44 83 -50 66 49 -56 63 48 -77
10 -59 -2 -65 55 36 60 -29 76 -47 76 -53 -51 -35 -9 -83 36 -42 -98 26 -22 14 -37 -58 -28 -71 72 57 87 -23 88 39 -33 68 13 -67 -3 57 -6 69 79 70 82 -92 -60 22 97 41 16 -63 2 -15 -11 -60 88
-15 -13 34 -24 4 89 27 94 -42 -28 29 88 39 -17 8 33 -20 -28 38 -26 58 -6 -13 54 60 -32 97 -19 40 -56 -97 90 -3 -48 -77 98 56 69 -75 60 -9 -40 -18 -1 -83 -50 -70 72 -33 -78 -86 -55 78 30 92
54 86 83 78 41 47 5 17 -15 -6 -54 83 -98 38 -53 -8 -87 -53 52 -14 -62 14 -55 78 -23 95 -46 -88 33 -32 -55 -86 25 31 81 -15 -3 45 33 41 53 -8 -95 26 -91 -75 -43 27 45 10 95 22 81 -100 -78
-52 -21 4 84 -86 -1 79 3 76 -40 78 -93 -87 17 99 7 47 39 14 -41 97 13 47 -32 -90 80 -68 -38 36 -84 61 6 20 38 -2 -49 56 -85 -83 -53 -22 -87 13 25 -41 13 -78 5 -84 21 -83 89 63 31 18
-73 -38 9 65 -19 35 83 -94 -1 47 82 53 51 40 70 8 -7 -35 -58 -6 58 -62 50 16 -85 -89 -23 29 42 93 60 -24 -16 -83 -46 0 -97 51 70 -37 45 28 71 48 42 -36 -66 97 63 28 69 -90 23 2 -26
-67 34 0 81 14 16 9 10 39 67 -79 -29 99 72 -83 13 -88 24 -92 29 0 97 -84 -3 48 -46 -33 48 -8 23 -73 -22 83 -70 -96 -89 40 -69 -99 11 -17 -23 -66 -22 -8 -79 88 1 88 -42 -90 -52 93 -45 14
89 13 37 95 -67 -94 -45 18 -26 25 -86 14 -31 42 -28 -80 37 -94 -46 -13 64 80 42 -83 64 77 82 34 52 -49 -27 -60 -100 64 -11 3 -58 -14 -29 -94 -13 -26 3 -94 33 30 43 75 50 -81 -19 -72 77 -70 82
50 -76 53 -38 24 61 30 -62 -98 29 24 -3 27 26 -63 14 55 -73 -5 -12 29 6 10 71 5 57 -43 -21 -51 -63 -80 -86 97 43 -23 79 73 0 26 -80 2 -44 38 19 48 -31 -65 53 -46 -84 -24 -98 14 24 63
9 -90 82 -27 43 19 61 88 34 -38 39 -39 -16 -20 51 2 -81 -94 80 -30 87 56 -13 -44 -89 -14 -40 -44 16 -67 -41 -60 -32 55 -3 -57 46 -47 95 52 -39 -93 6 4 37 -7 -96 -73 56 -27 83 4 -22 -42 -40
16 36 95 -83 -71 11 -94 43 59 -19 -41 90 58 -69 -57 89 -78 7 94 -38 28 40 -63 -59 -95 11 -44 28 -93 -28 -1 -96 -70 38 58 -78 -27 -25 -2 -20 42 40 -90 65 -32 -85 94 -47 -46 -27 42 98 -97 31 -53
-20 -56 87 38 91 41 -44 -27 -5 -45 11 74 95 -47 99 48 2 82 -8 52 42 71 -75 53 -31 70 51 -64 94 22 26 -97 3 -13 45 -37 0 12 -5 -49 -87 -21 75 7 -28 -43 88 -23 -91 75 77 -38 -11 -80 -5
-52 -88 28 56 -49 -59 97 -54 -2 60 -52 68 67 -100 -83 57 -51 2 -70 -25 49 -64 89 -83 -17 29 85 -8 7 90 -13 -6 84 93 -42 29 -73 17 -41 54 -97 30 9 -35 87 -19 -28 84 96 38 -96 15 -47 -11 -59
67 76 -5 80 57 20 -55 0 -60 44 -78 -46 1 65 -55 -70 56 66 -7 91 -64 -50 -84 81 63 95 30 68 50 -2 -22 24 97 -24 -99 -69 15 23 2 -97 -15 -44 38 -79 -75 -77 -2 -56 -75 47 61 50 68 -24 97
-37 -16 99 -16 -8 0 -71 -96 35 72 49 76 47 3 -62 94 95 -8 92 17 -38 -87 -73 -34 -6 15 -17 10 45 -22 86 -3 -37 80 66 -58 -54 -29 49 -91 62 -72 -95 -87 -28 44 -19 99 -71 98 37 -37 -81 68 29
-14 24 -82 -7 -48 6 33 -41 -34 10 -42 6 6 43 -40 54 26 73 -88 -32 -62 -46 -77 94 -53 -91 -89 54 -84 -66 -18 -92 -54 66 98 -98 -73 -69 97 99 46 -18 -37 -98 82 58 90 40 31 60 8 36 -23 9 80
15 -20 27 -18 48 44 56 72 68 14 -97 -39 -83 -57 -11 -44 -21 19 -17 -18 19 40 9 71 96 53 -34 -22 87 85 24 -22 -88 -72 27 -33 -94 51 -99 82 -51 -89 -95 -10 54 8 52 -48 -42 87 -65 -88 28 82 46
-25 37 66 88 -45 -55 85 57 -94 -57 -34 -92 68 -76 -94 -11 -61 -88 99 30 71 9 -6 96 -51 -36 -31 76 -48 49 -57 26 27 39 63 -22 -18 -56 67 66 -25 -2 -83 -80 -46 -90 -25 -57 68 84 -100 87 -67 -9 38
96 76 -50 -40 -65 15 -85 55 -27 -21 -89 85 4 73 30 -50 -52 -78 28 55 -99 -92 17 91 -75 -20 17 8 -60 -57 15 42 38 76 -37 78 -72 -51 33 -14 47 6 20 19 -10 -84 -6 22 70 -94 -22 -29 -61 79 76
87 61 -52 -40 73 4 45 -55 -89 -64 -41 -21 -46 -81 -23 -45 64 48 -27 -74 72 -89 -24 5 67 34 -88 87 -31 -52 -2 63 25 -16 -4 88 22 17 25 -42 14 -89 50 -65 -68 -36 -37 -87 89 7 -65 54 -34 97 -43
-58 69 46 -21 59 -31 23 -1 99 -29 -34 11 73 -98 33 -63 37 -18 -78 71 -3 -60 -66 -51 52 -11 29 -27 -78 68 98 2 -3 12 -84 -92 54 75 -53 -78 15 51 -58 34 -53 75 61 13 46 14 -5 -34 -41 90 22
76 59 92 90 -10 45 66 -53 63 74 -56 -14 -45 65 71 57 -80 -45 27 58 64 71 -84 -35 -74 -70 -24 -40 -65 -91 -58 44 35 -33 -74 -2 -85 28 -8 36 -66 54 -86 40 63 43 -43 41 81 -24 -6 88 -42 -100 17
-8 -45 40 67 19 -63 -2 -95 96 16 -50 83 33 -100 -23 30 4 12 96 0 96 73 5 86 11 68 -60 -24 17 -5 19 -14 -56 54 -24 46 -94 20 2 33 66 -13 2 -44 -22 -80 -13 -20 -20 -60 -96 83 8 -24 -10
-80 -42 -46 -70 -3 61 16 -29 47 43 -52 -54 11 61 25 -39 -97 25 93 -13 -33 -14 8 19 -78 -19 -4 63 -60 -30 -75 -98 -60 4 50 -1 49 76 -20 -36 72 -38 7 -25 57 94 48 12 36 -1 46 -16 -58 -86 -45
-9 -80 5 36 -36 81 -28 95 -59 -21 -21 -91 -51 52 -83 40 30 -50 -35 39 -74 40 51 -24 -86 -66 66 69 17 -1 87 42 -46 86 -60 -43 79 84 14 87 -68 -21 -28 91 91 30 -87 -60 2 15 -4 27 -88 56 14
90 59 87 91 27 -82 -4 -100 -28 17 -84 28 -73 -7 -13 -70 -44 -70 70 -73 -37 50 -65 -71 79 -65 -12 -42 92 -12 -6 -99 21 0 29 -6 -9 -65 83 -80 -22 -82 -13 -36 57 33 32 55 -48 -49 -38 4 -3 -8 87
-37 82 -18 37 5 34 -46 76 -31 66 48 -22 -58 -30 61 14 -54 76 24 89 59 -4 71 -6 -36 -24 -61 -87 18 -22 -65 38 -81 -4 -11 -85 -57 -12 -78 -73 41 72 -53 69 96 51 96 -92 19 -55 95 0 -86 -97 28
41 34 -74 -33 98 34 -6 -33 4 71 62 -34 84 -3 66 -83 99 79 48 66 -19 1 27 86 13 -21 49 -44 -58 49 43 63 12 -23 -46 3 -59 76 -28 -41 -30 -39 7 49 -38 -49 22 -94 81 49 58 67 -84 -49 -70
-7 -55 -62 -83 22 -11 71 55 -48 77 9 3 -27 81 16 -47 -9 -18 -98 -80 36 12 -100 13 -31 23 -16 -43 81 -47 98 -65 -16 -48 -56 -3 -27 -37 6 20 47 -29 49 74 -65 40 -18 -88 23 90 -90 -55 -79 -55 -34
42 -37 79 -12 57 25 20 -20 -45 76 82 12 -8 82 34 -68 58 77 94 -45 -41 8 -79 53 34 -8 -28 -95 81 23 27 -45 -86 -41 31 69 64 -51 -35 51 13 27 47 31 -65 83 89 82 96 -47 14 -51 -63 -95 12
31 79 80 -26 -25 -79 -73 65 92 -88 37 -71 -29 -33 -4 12 57 38 -56 -9 25 -86 43 96 -24 -97 92 -4 96 48 64 -86 66 46 -86 -25 -89 16 8 -45 -79 58 -10 -12 5 89 39 73 92 -35 8 26 -78 -64 -17
39 86 22 60 70 59 -43 -8 9 -1 40 99 -18 42 -97 -94 -95 -23 80 -79 87 -76 68 76 -27 -27 -61 45 -40 82 73 57 86 36 -66 68 -99 8 -16 -18 98 22 76 -83 -27 1 -19 53 -61 -90 -85 -90 -92 48 -96
37 -82 35 -89 30 -30 40 -18 -88 53 -95 30 33 50 13 72 -36 -35 14 75 -1 -45 -15 3 -54 97 -10 75 53 -6 65 54 -22 -3 -32 -94 11 62 -35 15 93 36 -10 -57 -43 -21 -84 22 -79 -61 9 -100 82 -32 37
16 8 35 -22 -25 55 57 -33 -2 50 -13 -86 -12 85 -58 -71 11 -34 -85 43 9 -17 -87 -5 -38 69 66 -43 -48 -83 52 -4 -11 88 57 82 -56 -37 73 -15 39 -3 70 34 -68 -77 16 44 35 -66 -46 -32 -61 -1 -51
-5 -61 -47 76 -37 -58 32 -89 5 -54 1 51 70 45 74 18 16 -94 27 -80 -24 83 45 22 86 -26 -46 98 -11 21 -26 -26 35 -39 -92 79 19 87 3 49 -23 6 -13 -46 21 -49 91 -68 -36 -82 77 87 76 96 -20
