73 40
-84 73 17 17 83 -53 69 93 70 5 36 43 47 2 32 10 14 -20 -23 78 -66 56 -67 84 41 -27 21 -68 -97 -94 86 8 3 88 -51 -44 -82 -42 87 87
64 92 48 -23 -5 -93 -78 21 -85 35 -8 -55 -37 28 99 -29 -86 -71 21 -41 30 -79 -84 -2 -9 -64 1 -15 -89 94 -86 -42 -87 -66 -99 -6 56 -6 -66 96
-55 29 43 80 19 -15 -27 36 13 -14 66 88 -39 75 -79 64 -79 55 77 13 -89 43 -18 -93 1 -62 36 -59 12 64 -34 -86 -40 -100 26 21 53 0 69 95
20 26 -27 -33 -95 32 29 13 -40 71 33 35 -27 -75 -45 61 40 -8 -59 3 65 -82 -56 12 73 -10 92 -59 -71 71 73 51 78 48 -26 21 14 24 -97 77
36 55 12 -55 2 -76 -64 37 -97 -32 96 75 -9 50 -99 -82 -5 -35 11 59 56 -96 -30 0 92 28 -44 -86 86 -85 -87 -86 -27 -74 -56 79 -59 -8 -1 42
-75 -46 28 -42 -60 -74 -27 -17 30 -64 37 -36 17 97 -48 64 -75 30 -71 -83 99 1 -39 34 -44 -10 43 -17 -50 -55 -82 -91 -29 86 -77 -36 -86 73 -1 79
10 31 -21 -77 44 -84 -54 -16 -95 -2 -53 79 -60 42 -80 77 1 30 46 -58 -67 -1 6 62 -72 -52 -53 4 57 18 -11 -88 96 -7 -67 -26 -86 -73 50 -69
88 -76 -5 15 73 -66 -98 4 -22 14 41 15 -29 34 -57 44 84 -92 93 70 87 91 85 31 -57 80 -86 61 -22 92 94 -73 -77 16 -31 22 -21 70 19 -1
-7 -74 3 -1 23 -70 48 -40 87 -50 -32 -4 -58 -53 -64 23 -32 35 92 73 4 10 -49 -44 89 67 -12 68 -23 72 54 5 -91 -2 62 73 -6 -64 11 -95
-22 -29 -98 -53 29 -54 62 54 50 -54 -47 -62 1 41 61 -77 59 -85 -74 24 3 -67 -40 22 -81 78 64 -53 98 26 54 64 28 -47 77 -26 -27 -56 -18 -44
61 22 -94 87 55 -55 63 60 -1 49 -59 42 2 -90 -39 -60 -59 62 10 -91 97 -22 -94 44 -99 -7 63 27 -59 -35 -78 -54 -31 13 79 97 -31 50 7 86
39 -58 -22 -21 61 57 81 -60 -39 30 -44 56 63 -98 63 46 -42 36 -54 -70 13 -71 40 -32 39 -8 -48 -49 52 -20 -29 82 -29 -24 69 -5 84 -72 -16 -39
-45 -89 -59 92 -22 72 92 94 86 9 -66 -12 -91 -44 -31 -11 -42 -89 -76 -94 26 -73 44 79 -23 25 -34 97 -16 -22 -67 65 58 79 -73 24 -28 63 67 35
69 23 -75 73 70 -66 -91 66 14 -61 53 58 26 -53 -86 -26 -61 72 -27 62 -16 -10 98 4 6 64 -40 -27 84 -22 90 5 -84 -96 -2 0 71 79 28 46
88 58 -23 -90 -4 -71 5 14 0 -84 -87 10 -12 -50 -83 -45 -41 -96 73 26 -69 59 -94 70 34 59 -48 57 72 -56 -98 -62 19 -98 -79 -26 -71 95 12 8
-39 7 -69 -36 -59 41 -1 54 6 25 -78 -48 -24 9 -37 -21 23 -89 44 -90 10 -57 -62 -99 47 53 -99 -60 24 30 32 -12 21 -24 59 -76 -30 47 88 -44
66 65 10 54 59 -4 -91 -89 -20 70 -86 93 -68 93 17 24 -99 9 -52 61 -39 23 2 73 -28 71 -55 67 43 80 63 46 -85 82 -69 -19 -100 -76 63 64
-9 -81 -47 -82 -1 -93 -13 51 76 81 -16 -92 -67 88 23 -88 -97 -12 29 73 -56 -12 78 -5 -39 11 99 85 -4 -7 -85 -2 11 66 -21 -30 -23 31 -64 -51
-76 -36 -89 86 -93 -21 -62 72 92 71 30 29 66 51 51 68 -91 -29 11 61 -46 35 55 -6 85 95 54 40 52 -21 -16 -90 62 -28 90 46 99 -57 90 82
22 48 61 32 -56 13 39 16 -81 -100 -13 78 63 50 -52 92 55 -26 67 -39 -17 94 90 -49 1 96 33 74 -34 -5 -42 93 26 95 18 -15 -69 18 -62 -48
-19 -19 67 -89 -14 70 58 -13 88 24 90 -91 75 -80 15 -56 45 -56 -61 34 -53 49 -73 -54 74 -28 -51 97 -15 43 43 12 17 14 -93 -23 -69 24 -16 -1
-16 -61 83 27 79 64 -41 -79 -38 76 26 63 90 -80 -51 40 -75 -16 -42 88 12 62 20 -45 42 15 -14 -69 -46 -26 -64 42 0 72 -10 -28 -13 -64 -78 0
81 -36 -68 -63 20 -16 48 32 -29 89 -68 -19 -68 -84 -61 62 -71 48 1 6 -80 82 16 -87 23 -81 -22 39 8 -57 -24 64 89 64 82 7 -57 -15 16 2
61 -8 49 9 -65 46 73 -92 -84 -7 40 -94 -60 74 73 -25 70 -39 64 -3 -44 -11 -72 79 75 80 52 34 -90 35 -84 53 42 -18 35 43 31 -46 30 -42
37 -53 -97 -90 70 -24 51 42 -85 92 88 -10 98 -86 -44 38 13 -99 10 81 46 -26 14 82 -46 25 -61 99 4 -86 58 99 -84 20 -82 -30 -25 -86 -98 -78
96 58 42 33 -97 54 -62 92 49 93 35 -11 25 10 76 72 -66 -21 96 -37 -84 29 68 44 -56 5 92 47 -66 10 -87 -56 -52 18 -98 -82 93 -54 27 81
15 -23 -31 38 -2 -17 -57 0 -91 75 28 97 9 66 -82 97 1 15 58 -91 -29 23 -59 -36 64 -53 67 -90 -5 -44 -26 39 -90 -14 98 83 -75 -35 -10 1
39 96 -59 69 35 27 -10 17 -1 -96 64 -4 -82 -96 -22 61 99 71 -45 49 -47 53 5 52 -42 -98 -65 -84 15 29 -5 -4 77 44 -36 88 24 47 13 20
-21 82 -18 -78 56 -57 88 4 37 -35 36 14 -80 37 78 0 79 -9 -24 11 51 77 4 -63 70 -34 -23 -62 -14 22 -21 83 -60 -29 68 -86 9 27 71 -48
-9 -51 -33 -42 -41 -27 -77 -12 89 68 68 -59 98 -89 -30 -9 -38 -42 -20 10 72 -80 87 38 10 -91 -71 -70 79 -28 63 90 32 63 91 9 46 91 -94 -25
29 92 -83 -11 -70 33 -19 -9 89 -100 61 0 51 -99 -29 -28 -19 -81 -1 10 12 98 -33 26 64 59 -94 -98 -98 89 27 -54 -61 -55 -23 80 -35 -91 93 56
52 -80 91 -18 -39 -35 -99 -98 6 0 -12 -68 -33 53 -72 23 15 41 -6 77 -74 94 -72 45 49 -78 25 81 34 73 33 -5 10 -70 -1 33 61 -64 -82 -4
28 74 -31 13 48 54 90 -95 78 -39 60 87 94 33 15 -65 89 63 -11 -74 82 -9 99 -57 84 -78 -71 -92 -20 78 -2 -51 -8 -92 30 79 -64 -53 69 -47
4 -13 -8 52 95 68 2 41 -22 96 -84 31 60 -42 89 -75 -8 -96 17 -67 64 16 -12 -87 65 86 -22 -70 22 13 16 -65 74 -33 -2 -29 96 -42 -97 42
69 61 -56 -51 0 70 -92 -76 -55 -99 79 -92 -64 -60 -94 97 -89 -96 -57 -26 -53 -36 53 -86 62 -99 -90 -51 73 -73 -65 11 73 -18 -41 40 47 -9 -4 13
-52 -81 -46 42 60 43 -98 -99 58 -86 -29 -78 -11 -55 -30 -61 74 70 -25 -71 50 31 -47 -92 94 -37 -30 71 -80 -88 -39 56 3 47 36 -81 85 -18 33 -52
91 77 -1 -34 78 66 -72 -79 -58 -64 -6 0 28 -74 15 20 36 28 -95 19 -13 -5 -86 -28 -27 -10 35 58 98 75 59 87 -7 71 -21 99 86 -95 -41 93
88 45 -9 -15 54 68 15 -77 28 -55 44 99 -8 0 40 -94 -86 66 -16 92 67 -20 76 -10 -59 -7 86 57 -5 -67 63 -89 -94 59 -26 53 49 9 82 83
93 35 -14 0 24 -19 91 -71 -53 13 67 -76 41 16 -53 15 37 19 82 -81 -65 -75 -57 22 -92 20 -97 -20 -84 37 -48 25 -17 32 -11 -14 82 -69 -13 98
15 -18 -13 67 75 -66 10 21 19 -90 77 -66 -23 -77 72 -69 -28 23 25 45 -65 -64 -7 32 -53 -14 -77 96 14 -30 88 -36 62 4 -95 -64 -63 -80 -33 14
-89 -96 8 -75 -94 62 -37 -99 -28 -61 -91 -63 98 -77 12 -27 -8 63 -51 -94 -91 -45 -79 -32 24 65 -2 28 11 -43 -5 -69 -97 -37 27 61 -47 14 -43 -51
-93 -38 43 87 -26 -52 -13 -21 22 -87 -85 -30 -98 36 -48 -58 -34 28 -40 7 -14 93 37 27 -19 21 -27 45 22 83 41 -46 -94 -5 99 32 -22 92 28 72
-98 -34 84 13 -94 -66 -53 -27 47 -27 -89 80 -99 -24 -25 -81 89 72 8 -42 2 68 -66 -51 -40 94 -27 -53 -66 -28 -80 92 -9 0 -54 70 -89 -30 11 -26
-12 -36 53 96 37 22 -41 46 65 51 74 88 -13 -92 -77 -75 85 -69 -23 -47 -85 -69 47 -56 9 46 3 -86 23 22 -48 80 4 -23 -56 -58 -47 -25 79 -95
15 -90 -60 -6 -12 32 -31 -37 -71 90 -58 42 -64 48 64 52 -59 80 -16 60 -46 44 -55 -12 71 76 -6 -85 -47 -21 21 -17 66 -47 -10 45 -78 73 32 71
-35 -93 -75 77 -11 37 -35 31 -38 29 33 -70 94 -85 71 -87 29 -99 97 -50 53 -54 -86 -7 11 -5 96 -16 23 63 -88 -56 64 -34 30 35 -53 -95 44 -78
-88 -65 13 52 -83 83 -85 32 79 12 70 -40 -50 53 21 -33 1 6 18 28 66 -70 -23 -65 -77 68 17 -5 -7 -5 -2 -12 23 -11 14 99 70 27 -37 -24
-20 17 16 -40 -21 74 -24 0 52 33 99 32 -29 -93 98 -77 -67 91 29 -90 87 -51 -69 -50 -8 -1 2 79 -54 93 -65 35 -11 5 57 -25 92 82 81 -28
-28 -91 -28 29 -61 -16 -52 -91 -18 4 36 11 69 -26 -21 56 74 86 -94 -89 -16 -8 -39 22 24 14 -65 -27 18 -82 41 61 98 -56 53 -45 -55 59 7 84
-50 -48 20 67 92 -26 -51 -63 22 88 -98 20 0 -68 -32 75 31 -66 -21 57 -4 20 -32 -71 29 3 14 57 45 -46 -45 33 -18 61 54 85 -85 -11 18 89
-54 -74 54 5 -46 57 -13 90 50 99 37 76 10 -74 38 64 -74 30 47 -81 40 95 -24 27 -19 -19 -70 -14 -85 -77 3 -71 88 -32 -55 -61 -81 8 -77 50
15 63 77 -51 -75 -61 34 -21 43 -46 -41 38 41 40 -11 -100 -85 -34 23 58 74 -23 -83 97 -48 -65 81 70 46 23 80 -100 -8 -8 18 -27 -52 -6 -59 9
62 -19 -17 78 -96 79 52 -63 -24 -70 -97 68 91 53 83 24 32 57 84 -83 64 -25 33 40 5 40 6 -53 63 61 48 83 63 -96 -97 -17 30 99 91 52
21 96 48 -79 -61 -80 -44 -33 90 -48 -69 8 -21 -64 -40 -75 -60 -98 31 16 -65 -29 -87 17 84 -36 55 -1 97 20 3 13 2 -96 99 96 -60 43 63 38
-90 18 86 49 9 43 75 -29 -89 -70 -58 -4 -93 -76 -72 -14 -9 -48 -73 17 -100 -70 19 -85 61 9 80 -54 -11 52 -35 -60 74 -63 -36 45 18 62 -37 83
29 84 -61 -90 -69 -16 95 55 16 3 30 67 36 -19 45 39 40 -83 -33 -66 30 -19 -2 1 24 -28 -97 -49 -20 99 -88 -43 31 12 -59 -9 71 -17 12 47
13 7 94 -83 -45 -11 -17 -71 -94 83 55 93 -16 -76 -6 6 -32 98 -11 52 81 -16 -22 80 -20 10 -10 -26 72 81 17 43 -64 67 -67 48 48 -30 -22 16
-76 75 98 -1 82 -21 -39 -37 0 13 -33 -49 -47 -81 57 29 -60 86 44 76 -11 -26 -84 -54 64 -33 84 76 52 -92 -26 20 -84 46 62 35 68 -96 -94 -97
18 60 -35 -82 2 -33 76 -29 63 -32 -16 -88 -81 -42 53 -83 38 43 35 -72 13 51 19 -42 37 -6 -28 57 30 61 -26 19 -91 63 30 65 -82 -41 4 99
-98 32 42 -21 -60 90 -58 -92 -7 -57 -7 69 93 -88 33 -2 -68 72 35 -38 -31 9 -19 -10 90 30 -100 -87 -36 25 -23 61 0 -34 -62 77 -58 -72 -34 62
-71 35 56 75 -4 1 -65 35 11 -24 -51 -10 29 -28 -89 -47 39 17 61 -10 53 28 67 96 29 -53 -25 -19 93 97 44 44 70 31 70 25 -32 -1 -82 86
9 -77 -40 -83 64 -26 20 -29 63 32 -78 95 -64 -8 18 68 -42 61 -86 -29 -33 22 65 13 -95 -37 4 7 -61 -85 -58 95 94 7 -26 -3 12 -65 -5 30
63 -5 43 5 -51 13 -59 98 82 46 67 40 -42 21 -11 82 -87 -57 10 -50 -19 -77 71 61 91 -58 77 89 16 47 -98 71 -31 43 40 -33 -100 -85 53 98
25 -44 98 -84 66 -48 -57 90 -25 -69 31 -42 -92 -31 73 40 55 54 -91 -73 -67 94 67 96 4 94 -56 -26 14 90 -93 3 -60 -7 -41 38 -63 -34 -71 -2
57 40 61 6 18 -44 51 -87 34 89 -32 -81 65 -36 91 -71 88 85 45 -46 90 26 -12 6 74 -93 -78 15 29 14 -55 62 97 28 -22 79 -49 91 79 -48
-91 37 -67 -85 94 41 46 -15 -66 65 -51 -22 41 -84 91 91 99 68 42 -33 78 50 0 89 87 -63 -49 -32 -79 48 99 52 15 -60 -61 32 44 -90 3 -31
-83 -32 81 -42 57 -58 -57 97 88 -77 32 21 -70 57 -2 79 17 -11 -68 -62 26 -38 -8 -2 -80 -43 -61 73 49 -15 -93 -24 -59 -92 57 48 -28 -39 7 88
-96 -96 -12 41 -21 83 -13 -39 -63 26 -72 -4 41 -31 -27 69 88 24 -59 35 -41 84 -97 95 71 -84 -92 37 2 94 20 89 -93 91 62 36 -8 -24 47 47
-73 -98 -67 87 -17 -27 28 -70 40 -35 73 1 -34 85 -27 -98 66 71 20 96 33 -13 -82 44 49 -20 -10 86 -46 16 -7 -55 25 -45 57 67 51 6 -53 -28
63 -84 46 -47 -60 70 69 -68 14 -97 -33 30 -61 -38 -91 56 -85 83 27 14 55 51 -86 -51 -31 -96 -99 -73 -83 36 -77 12 -98 -3 61 83 -37 -51 49 -22
-36 -77 -26 -46 0 34 -64 86 80 -72 -82 -51 2 89 2 -18 54 85 17 -28 37 95 -52 -78 -68 -24 38 -8 -69 36 -96 87 58 -77 -15 90 6 -86 -87 -83
-15 -77 -41 26 -24 -22 49 -78 -95 50 -91 9 -92 80 -42 -3 -47 37 49 -48 -54 -94 -39 68 -61 -89 -33 -66 63 -12 -10 -74 61 28 -66 -42 -29 -9 -49 -31
41 63 -95 23 73 21 -15 -42 -67 -52 22 10 26 -34 85 16 36 47 -62 -9 18 31 -80 -55 36 83 43 -7 -6 38 -93 -84 -90 -92 -20 -99 52 15 -100 -84
