72 51
55 98 -6 44 52 47 3 -32 69 32 59 -41 29 -34 -55 -59 90 61 24 23 -85 88 49 -1 44 46 55 -88 8 60 25 -83 14 35 61 77 23 27 35 18 87 -24 -88 66 26 4 52 -26 81 -67 -74
-31 37 -56 -34 82 -12 30 35 -66 89 -58 71 23 -8 -44 -25 58 98 -72 47 96 38 66 70 -29 73 61 94 68 8 -15 46 -78 -53 45 -77 -67 -20 92 -51 75 -56 -48 -82 59 -3 21 72 -71 69 63
-73 34 -15 62 5 40 98 -23 37 -64 -52 1 90 -7 -99 -48 97 8 36 -31 19 90 13 -39 16 81 -20 70 57 -61 -81 39 12 -17 -63 -27 61 74 21 89 -29 49 56 -90 -39 32 10 -17 14 50 21
36 71 -70 -73 1 -13 1 -3 -8 32 72 89 25 84 81 6 46 -58 -55 16 60 -74 -71 -7 87 26 -43 -22 -44 51 92 -1 -83 -72 -46 6 -31 9 18 49 -86 -34 80 -54 83 -87 -18 47 -54 57 29
86 -54 24 14 -70 -84 55 89 30 -49 1 -50 -87 13 -90 19 -36 16 41 14 40 45 59 -14 43 7 -55 -1 -12 -57 -60 69 85 3 -40 65 73 29 15 -12 86 70 -98 -40 76 -29 72 -43 -98 30 -46
-5 17 -97 -88 -48 27 85 14 60 -34 -41 96 83 29 -56 -82 66 6 35 -30 46 -47 51 12 -22 48 79 0 -32 15 20 6 50 -67 -78 -13 72 3 27 -66 -52 -11 -78 94 -83 -9 -87 26 81 -77 53
-48 63 -72 54 -30 -53 -12 41 13 51 85 -40 36 90 -84 -58 -82 -21 -37 -53 35 33 40 6 36 -4 99 12 99 -2 -83 -84 57 70 -30 69 -73 -35 0 -62 95 15 88 21 28 45 -100 -15 -33 41 58
-52 28 -95 -88 -35 -44 -25 72 75 -68 56 94 -33 -83 -60 24 82 -11 78 -35 -7 63 69 -79 -72 54 65 -72 -51 96 65 65 95 41 37 69 63 52 16 23 61 34 16 70 -42 -76 81 -7 -28 -93 23
99 -89 -69 91 40 43 66 87 -18 -54 31 93 15 83 49 61 14 -94 -10 -19 -17 26 -2 -9 61 57 6 -99 -26 -52 49 56 -39 -94 -52 -7 60 -51 97 -1 -81 94 70 35 -67 32 14 56 -5 -48 33
72 81 -13 -32 10 -38 41 -76 80 -49 -55 31 -16 -48 37 -6 65 -19 -74 97 -23 -30 -37 -100 -60 98 63 7 -40 -35 96 45 23 29 87 32 -36 -59 -35 68 -31 99 -5 53 -63 -88 -91 14 25 69 87
-37 85 72 -72 49 -40 15 -18 -12 91 52 51 -46 74 2 -65 -1 -76 71 -3 63 -14 19 90 -5 -39 -80 4 86 99 -63 31 80 -30 -96 -18 -27 -17 11 -33 94 -6 23 -96 -48 -29 96 -71 -77 -87 -96
82 -2 89 -66 -17 89 25 32 81 -12 13 -36 -74 -26 1 19 -44 -40 32 -25 18 -53 93 -81 -81 -97 88 33 -1 -91 44 -41 43 96 -65 -75 25 -89 49 -23 -52 94 0 -84 -3 -42 34 8 -70 66 69
-53 30 -84 -28 91 -24 95 -21 90 -63 -90 -51 69 80 -92 -13 63 57 -74 8 59 54 14 91 81 99 -71 77 8 -72 11 -44 62 27 -79 30 28 -36 -80 26 70 93 29 -20 -63 42 92 -89 13 -83 -92
64 85 -74 -46 -8 -92 16 94 90 91 -81 -85 94 -23 -39 99 21 26 82 -30 -82 -70 -51 49 40 76 -16 30 41 -42 7 18 95 8 4 20 -91 69 -43 -20 56 40 -18 -6 -14 -93 81 96 -81 -76 11
-35 46 25 -55 -28 -46 -99 42 76 50 43 87 65 -98 19 40 51 51 -77 -39 29 40 -56 -91 -31 74 -75 -38 82 -83 66 -27 -6 -92 57 -49 13 35 -59 33 77 -54 68 11 72 37 -17 -37 -81 66 -73
-4 64 66 98 69 54 -68 -42 -28 71 95 5 3 -57 -34 26 33 4 -23 28 44 17 -95 -40 -67 -90 75 -61 -20 24 -30 -80 -9 -43 6 39 77 -69 73 63 -24 -7 84 -99 -86 -34 21 21 -18 24 -36
-63 -85 -56 -57 32 -3 5 42 0 12 70 -54 39 1 -36 20 78 -75 46 81 48 69 95 -26 -15 -68 45 -55 -78 -81 3 -66 -20 94 -62 11 -77 9 -76 48 54 -14 89 -12 -92 -54 21 -12 -32 -82 49
-60 16 -29 -96 35 34 -9 -34 -22 64 27 20 77 -17 6 79 94 66 -61 -46 62 28 -90 17 -50 -26 -30 16 45 -67 71 82 74 23 -38 -66 92 -72 6 -57 64 8 82 4 -29 -97 58 -89 -16 13 82
65 68 91 40 -82 65 -91 18 -51 8 -28 -24 59 -62 55 -77 8 25 -78 70 -6 82 -62 -44 -39 -58 15 -37 -21 9 75 31 8 -94 18 73 56 61 -54 -79 -28 85 -75 74 -45 -2 -19 -75 38 65 80
-15 30 17 28 50 84 -25 93 -17 89 97 52 -95 -17 32 26 -48 96 41 69 48 -51 68 42 -20 -22 84 4 1 80 -34 -29 -65 99 21 81 91 -19 37 -47 24 -46 15 41 -16 70 93 -62 -3 -68 -57
-11 53 33 68 40 54 -97 28 -94 46 -26 30 -61 -90 -56 -82 15 -65 76 -46 -76 70 79 -68 -78 44 37 18 51 41 -75 -91 43 58 -82 87 18 -95 -28 72 -65 -84 -24 50 -65 -48 -89 -68 47 -33 74
-36 -98 47 70 89 -98 22 28 95 -28 -5 4 -84 22 47 -83 75 -58 -53 24 55 60 -37 -42 2 -16 -92 -57 94 -88 66 61 -68 94 -35 1 27 14 85 -92 92 -89 -20 -73 44 -25 -6 95 -31 -76 79
-5 -48 41 -100 73 86 53 -93 49 69 -94 72 -25 -62 -19 40 -26 -75 -23 57 19 -31 -79 -6 -48 44 -90 37 -6 97 -19 -94 -10 -52 93 -34 23 -83 47 19 35 -7 -17 -46 -98 -50 82 -66 -73 -2 72
-5 90 -67 -4 87 70 70 58 -56 -56 34 -31 14 -89 -77 -7 66 -7 1 -18 -2 -58 -62 -83 -57 76 23 -74 57 -5 -67 35 82 -70 17 -96 10 -32 -88 4 73 -16 14 55 66 -73 -35 36 94 -48 -8
9 4 42 -56 -60 63 48 -1 48 -8 -23 -85 -7 95 -71 5 52 36 72 -5 -37 82 -95 19 -24 70 38 97 47 44 -86 3 24 44 39 91 45 67 50 36 57 -28 11 72 -6 72 97 97 89 -60 -67
-81 -96 -14 -83 -46 -53 -21 13 -87 -31 36 -55 -38 -36 70 38 26 79 -30 -71 -49 -95 -28 -40 -36 -16 -17 -80 53 71 -86 71 -20 -14 66 -93 75 -47 -8 -54 75 43 84 92 52 5 -22 5 -34 -84 -20
-49 -24 79 -24 88 22 24 -45 8 80 93 -74 6 81 26 -39 -85 62 89 -51 71 48 92 30 50 43 -38 -23 46 -1 81 -31 27 -2 -20 -47 27 80 -59 13 -56 44 59 25 -46 64 -1 39 61 74 -44
-93 82 -32 38 81 -67 -43 28 18 23 -83 64 -30 85 91 -89 -91 -95 8 76 -92 -1 55 50 2 -69 -33 -62 28 -87 65 97 -71 45 74 86 -66 36 3 99 -35 74 -89 41 -26 5 -19 -15 -66 50 47
72 -80 -73 -46 -86 26 -79 71 -69 89 -9 1 -38 -41 -49 -24 70 -84 -1 45 -18 -38 -74 15 -20 6 44 -19 -79 28 -41 -59 55 90 -73 93 -54 -88 5 -8 89 -27 -73 -93 -28 86 -41 -16 -18 51 -50
-6 -11 -38 -21 59 -96 81 -56 -77 48 -34 54 2 41 -47 -17 15 43 20 93 -55 53 -39 42 -42 25 77 -1 -21 -34 -13 97 -44 73 -3 -40 -20 -35 -57 -70 -73 -35 4 -72 -19 -24 -91 -73 50 -51 86
2 -12 14 59 30 52 -39 -92 -42 81 60 37 -72 17 -38 9 -33 -14 -100 32 42 32 81 78 6 63 57 -18 7 76 6 -73 -59 -89 93 -58 -60 67 -45 35 -4 10 -5 40 83 -14 23 88 -9 84 -91
-83 -31 95 12 -3 -90 -96 -90 61 -80 62 41 70 52 -93 -71 71 69 77 96 -5 33 -43 89 -67 50 23 65 33 -72 -44 -57 93 -19 -4 -19 -48 -70 32 15 25 -88 64 -20 -13 81 -24 91 -24 95 32
-56 -69 -75 -85 -49 43 -35 -24 -97 21 2 48 83 48 32 -33 -83 -89 -48 7 44 -14 -24 -47 -40 95 34 -19 34 8 -52 -91 -70 36 -40 -84 -20 26 -83 12 -38 -94 5 -87 -72 39 56 -40 -77 -13 -70
61 -76 17 24 59 -76 -79 -15 -36 8 -49 2 35 62 -91 -78 -8 -32 -30 -96 85 -62 26 26 7 39 9 7 -89 80 -29 -17 97 -57 -19 49 28 89 -95 -59 -5 -86 -83 51 60 -42 -2 -36 -17 -35 -44
80 -31 -66 -43 -81 -78 -33 -34 84 11 -28 -1 94 52 46 -57 25 93 46 31 5 19 50 11 70 -18 -97 -73 36 25 8 -9 -93 57 62 90 -59 -15 17 -17 -97 5 -10 -17 49 -98 97 21 10 -58 -4
-36 83 -52 0 1 83 58 -36 1 -13 29 60 -21 35 61 43 -7 45 93 -43 -46 95 -43 -98 84 63 -9 23 -31 42 47 74 -56 78 -2 43 -19 26 -40 74 99 34 -92 -25 17 62 -52 69 -54 -51 -49
-62 74 6 51 -51 37 16 -34 73 98 -21 -33 97 -47 -10 88 12 41 90 48 -20 -19 23 -90 -71 0 -98 40 -29 6 7 -75 -24 -36 35 23 -21 59 -12 45 -82 49 -44 47 -15 25 -45 76 -37 -68 13
-63 32 -16 68 -77 91 80 82 39 -74 44 65 -9 73 -62 -42 64 79 -59 27 82 23 -11 93 23 97 -33 -27 -48 47 -97 -53 -76 22 -77 47 35 53 73 -86 -94 -18 -28 -91 -73 -78 -93 -97 15 -22 -45
-91 -98 -93 -50 93 -89 -30 99 -59 45 -32 24 58 34 -49 -74 -62 37 -2 92 21 -15 -6 -49 -46 -21 -58 -56 14 -92 -53 -51 -85 -71 -85 -11 6 -49 11 86 25 -13 23 -30 67 0 91 98 52 58 -1
40 -83 43 -78 83 -89 -4 -93 47 -52 -9 -37 20 -85 -6 -49 24 -1 -65 -27 -97 -46 -55 -100 66 38 -15 89 53 29 -38 -49 86 89 98 39 19 62 66 49 -54 79 -32 10 71 -10 99 38 -62 56 6
-25 7 24 -7 -58 74 -13 68 66 -78 13 85 79 -11 -87 20 89 -52 86 13 -7 -71 32 -42 -89 86 77 10 -7 72 -94 29 -14 92 -36 -63 -50 -87 -53 80 85 -90 -93 -69 -9 -59 46 2 87 -88 -9
93 51 -54 -56 -93 34 -38 -50 -32 -9 -68 -37 -76 -27 40 -68 -78 52 -1 60 6 83 67 -79 -61 -74 -42 54 -12 -38 -74 57 -63 -74 80 69 -27 84 -30 83 -51 -71 13 -44 27 -15 -29 90 28 63 -59
-40 86 -100 24 -9 23 -60 89 -6 42 9 -49 -44 11 -85 0 -87 -59 -91 94 10 65 94 11 -3 -70 -26 51 61 39 87 10 53 -56 23 86 -13 61 -13 5 2 -53 5 25 64 17 -63 11 58 10 29
-33 37 -69 -33 15 79 8 -69 26 68 42 -75 6 37 -76 -28 -29 46 70 72 42 31 41 62 -33 21 92 33 10 10 70 -30 60 -69 -99 -85 72 -88 -74 -39 -49 -31 -74 65 58 -81 25 -84 -55 -64 -95
61 33 -57 82 67 38 -68 -21 -30 21 48 -41 -97 93 27 93 35 94 -47 -100 -33 -37 51 -13 50 85 90 97 -73 16 25 88 42 33 60 -89 -52 -88 35 56 -27 -70 -61 -26 -30 -69 -41 -100 -57 -78 -21
2 -98 -27 -30 -47 -15 7 -8 -22 -84 -33 -54 -55 63 98 76 -40 42 -60 99 -95 -78 19 -67 -5 -45 -51 94 50 46 -45 77 -80 86 37 -90 24 61 0 -88 -75 4 -34 -39 -26 59 -91 41 76 -75 18
-3 -25 24 31 -75 22 -53 99 -40 -26 -23 89 -82 -2 -18 92 -9 -64 63 73 90 -87 -82 85 72 5 -42 41 18 -35 -20 -45 -41 -78 39 -65 -37 -57 -22 13 -43 74 -9 -19 -8 -37 62 -48 29 -8 -34
-39 46 -24 27 -51 5 -26 -23 -34 -18 -87 64 38 -45 2 89 98 39 61 87 68 45 84 -31 -50 34 0 -65 -92 8 -95 67 25 -84 -40 -93 53 58 -45 92 -51 -1 65 -23 -5 16 -89 83 80 1 73
19 -81 88 -19 -17 -60 -4 -91 89 29 -56 51 -42 24 52 -30 -27 77 -42 -78 70 85 76 -51 22 3 -59 -24 -8 -31 -95 -76 93 31 79 -27 24 96 46 -86 -85 -35 85 46 -18 -90 54 30 82 -27 64
21 32 62 5 12 79 -51 28 -2 70 -50 96 11 70 -86 -24 -93 -20 -16 0 22 78 -93 -57 42 12 -69 -94 -20 97 -90 -30 98 -39 64 -6 24 69 65 -28 49 -67 -2 28 25 -82 58 -60 -31 92 71
58 -5 -47 -41 -1 -42 39 -72 41 84 91 31 99 74 26 36 35 39 -48 -73 -99 33 -10 89 -90 -67 12 31 60 -27 -72 -86 -100 15 53 -94 -5 -45 -48 -60 -63 -11 7 -7 75 -100 -77 17 64 66 95
24 -89 -74 -63 56 31 30 1 -57 -42 80 -57 35 -10 83 2 -61 77 25 -10 95 60 32 -34 -37 -46 -30 -29 8 -63 65 -93 -45 -6 -25 61 -6 93 93 -60 84 92 -54 -14 49 8 -81 -41 98 19 0
-46 90 -80 -99 -73 53 24 42 -54 7 -41 84 -29 65 -26 61 -93 -72 -14 -78 -75 -42 -20 35 96 -68 -86 -70 -3 32 63 80 68 44 79 4 91 55 -27 -19 49 -63 80 -78 -24 9 11 -96 10 8 -92
-99 30 -61 -88 -22 66 -11 21 46 -45 4 -17 -32 11 -59 15 69 66 2 -15 -45 -96 -85 37 69 -46 -45 -39 -8 -37 84 -51 -67 -3 -43 71 -23 -48 -13 -49 -55 -46 86 53 -95 55 -42 -14 -89 -69 -91
-19 -100 -42 -41 47 -69 40 79 -87 -83 -83 -5 4 44 -22 11 8 38 -71 54 82 60 49 63 -24 36 -70 -66 -1 -37 79 33 -25 55 84 -60 -60 -67 -86 -58 -47 6 -23 46 -8 -88 -34 -50 -59 34 -35
-89 4 79 9 29 24 -98 -47 69 46 -87 37 44 -48 30 -86 -70 -66 -77 -39 -57 2 -75 -89 -100 43 66 -71 -35 85 77 -82 77 55 42 -31 -5 -67 58 71 92 -34 -31 -58 56 -39 39 63 -7 60 -100
-59 -38 -19 40 38 -83 -28 57 74 -8 56 14 -31 64 25 -92 -54 -58 71 87 -86 -7 -87 91 -95 -3 48 -5 -21 90 61 18 21 24 72 24 71 18 75 55 -55 48 -34 31 -7 -55 52 22 92 -96 6
12 74 -9 -42 -9 -89 1 -73 -46 -73 -59 3 -53 74 64 61 -83 81 49 96 19 -64 91 -73 14 52 55 87 -16 -66 88 -62 26 0 -37 -11 4 -80 86 76 35 3 -72 61 48 84 98 -38 94 61 93
-5 -12 -28 59 19 52 66 58 34 -54 41 15 -69 57 -68 87 38 -53 -5 12 41 32 86 29 -5 33 2 -49 25 37 -38 83 84 27 -8 -64 19 41 -20 11 77 -20 -44 -21 -15 -31 -35 -70 58 -4 -88
81 -3 39 17 -85 -19 -67 28 -74 -71 96 -7 21 20 -48 -30 81 69 76 -71 0 48 78 -72 94 29 66 19 -12 47 -57 -15 47 88 -79 27 -77 43 -66 -37 71 -78 24 17 2 -23 98 26 -66 -22 -9
-93 -92 -69 -49 -52 -88 -75 83 40 -10 54 -69 99 -99 -14 46 37 44 -11 -94 -49 -54 -52 45 -5 -86 12 -77 -15 -89 19 88 95 -92 22 64 -55 -1 34 -3 -39 87 -88 -38 -47 52 99 86 -10 -98 -93
42 -89 24 -49 -18 71 -90 30 33 -89 -59 -34 40 -64 -94 -31 -31 -74 -35 85 -16 -23 95 99 -14 81 83 67 -88 -41 81 -99 86 36 -80 -93 -67 -52 69 53 -75 11 31 -75 23 -77 -35 68 -30 36 2
68 60 -98 -9 -23 -92 59 -78 -6 5 0 30 59 -66 21 -37 -8 64 91 95 83 79 -2 -35 -2 -51 83 -19 64 -77 27 4 -23 73 -24 78 24 88 -96 -23 -16 46 32 20 -82 -95 43 24 14 -24 -85
61 6 31 -73 40 91 65 -74 -93 83 -61 26 21 67 78 64 -44 2 69 8 33 5 80 96 -45 60 -31 14 55 13 -59 -35 62 -8 -100 -41 63 3 61 20 94 -66 83 34 -59 -6 -67 54 -46 -83 -83
-30 -79 -39 -34 55 -68 87 -84 21 48 93 -33 40 -78 87 32 61 -14 37 87 -74 -82 10 -29 58 -70 -19 28 57 -41 -37 14 -74 -87 84 -41 -34 -58 -51 -77 -40 -20 -73 -67 -67 -38 61 49 -22 -95 27
-64 -36 -12 -83 -61 -85 -98 14 -4 10 -45 -21 65 -74 66 -57 82 -92 -95 -56 86 0 2 17 -80 -44 29 -39 -32 -42 -67 -28 -97 -27 -33 -87 -21 61 16 -52 -100 72 23 21 62 88 75 0 -64 -14 70
-82 -12 -83 42 -100 -87 -52 99 -85 21 -40 53 -32 86 -14 55 -99 -69 23 -95 -1 46 -4 66 -39 13 -28 -51 -79 49 -8 12 -31 -1 94 77 -23 -3 6 76 -61 63 81 98 47 83 90 -27 -64 58 73
-16 87 -64 86 -12 -81 -51 -85 -90 -32 61 77 3 8 -59 -44 58 -17 -1 81 -7 -7 0 -8 43 -95 -64 -98 72 -44 -23 -44 77 60 83 77 -83 31 88 -76 56 71 -92 18 76 -69 55 -65 17 13 78
86 -23 21 -42 6 -56 70 -85 -43 -32 -56 56 24 88 -66 95 89 46 17 -36 16 -70 -11 -35 46 -10 -55 -27 -66 -5 37 97 20 -83 -17 18 10 33 -65 -36 16 -67 68 -49 68 98 -74 -76 3 94 -91
34 15 -11 17 -55 -14 1 44 -26 33 79 -18 57 76 27 87 44 29 87 -6 -35 -33 72 80 69 -79 66 -22 -14 91 -26 59 74 -16 64 -19 96 -83 93 35 28 -47 -99 80 94 69 21 -74 -76 -34 -71
-96 -35 49 80 76 -92 -42 64 -29 -32 -56 60 -36 -21 60 67 -96 -30 -24 11 -90 -11 22 5 90 48 72 -29 2 -39 62 -41 90 19 63 86 40 -54 60 -27 50 63 -85 58 38 -2 90 87 -22 -81 -6
-6 6 66 71 -88 -90 95 -51 44 -92 -84 -67 -78 -58 48 32 9 -100 -48 -53 88 -75 -1 -53 0 -22 68 59 26 91 71 -12 11 -23 51 13 21 -37 -54 -13 -96 -19 -67 34 9 -18 12 -27 -71 -64 -18
