43 62
40 -95 76 97 43 -73 95 -69 49 70 -76 -72 -72 -73 45 9 19 99 39 -29 44 62 52 -72 39 21 -42 77 -93 34 1 67 18 13 -56 89 -36 61 19 18 -82 71 23 -21 -72 38 71 73 64 84 -62 -48 1 88 -100 38 96 41 -31 97 57 -54
-57 -18 4 86 52 -36 -42 -99 32 72 14 16 -4 -37 -59 42 67 9 -63 71 -57 -61 -60 57 -24 95 16 -16 25 -75 -90 2 -53 -42 40 93 78 81 43 96 -19 46 73 -80 -47 -2 5 10 -55 42 64 75 33 -69 -12 -80 48 82 40 28 22 -30
35 -4 -34 -69 -100 65 -40 48 49 70 58 -78 -2 56 40 -82 -87 54 -6 92 -28 -95 77 -86 -14 38 -67 -15 -26 -94 17 87 -16 -10 -41 -60 65 -13 33 88 33 -50 32 -51 71 -49 25 1 81 -41 85 80 92 57 5 -17 -66 43 53 19 -70 44
-7 -85 -3 24 -66 -45 -50 2 58 43 35 41 -82 -88 66 62 -62 49 -28 53 -38 -76 25 -46 -24 -46 48 -58 -53 32 22 90 62 -88 65 11 -21 -57 77 -89 58 64 15 87 -92 -79 -32 -3 -59 -27 -92 -33 50 10 43 -59 79 -45 32 16 28 -96
0 83 97 13 37 7 55 72 -36 -63 -47 -9 84 7 -93 -6 97 91 -46 -68 -41 78 20 -48 18 89 -71 66 -59 88 90 -53 -47 -80 -31 -63 -23 -29 73 -89 -91 65 87 -24 -21 57 -38 -94 -60 -96 -41 -24 54 98 16 -64 29 -9 -98 -89 -48 -81
-28 74 -30 89 38 -10 5 71 50 -78 -98 -1 69 -45 85 38 33 -32 -77 -82 -98 -40 1 50 -65 -23 -10 -2 38 -30 97 -20 -45 27 -88 -99 64 19 25 85 -48 -62 -25 34 2 -24 8 -42 -39 -42 -92 -30 -82 -4 -65 30 -24 -14 -85 -81 2 99
56 80 -35 -17 -26 -44 32 -40 -3 27 -10 55 34 59 -17 -24 -28 96 -39 19 -40 63 -88 -28 74 -25 -77 45 93 -46 57 -93 -67 -61 12 -82 58 -17 -75 61 64 -47 49 2 13 17 -30 33 59 -27 -7 -9 79 -53 74 64 88 61 -64 97 12 -10
92 16 15 12 -24 73 -34 62 16 18 91 64 -5 41 90 45 -82 -52 99 52 97 -86 -64 -66 31 -72 2 -25 88 22 31 -93 57 99 -88 99 -81 -82 -96 -64 -56 15 -2 63 -61 -2 71 -2 72 98 45 -98 26 28 -59 -39 -36 -68 96 6 58 28
48 -22 66 77 86 73 83 95 -87 -66 -59 45 -47 95 -63 -1 -60 -3 -54 81 -63 98 -61 37 36 -12 -77 -99 98 -79 -89 91 93 99 -9 52 -14 -18 52 -94 40 -89 31 -14 -84 48 22 70 -85 -23 43 -93 63 -7 13 45 -66 30 -53 33 -41 -39
-50 19 -97 85 -98 -54 11 -55 -80 89 -33 -52 39 -1 30 -87 -95 65 -85 -92 -5 -97 71 43 -1 -12 -45 64 36 81 17 38 -41 85 -50 81 -71 -10 51 91 97 -21 12 13 -20 61 24 59 42 -22 -5 -61 -70 76 88 79 57 34 83 -15 -9 -18
30 7 2 -41 74 87 63 -65 -88 -44 -66 -24 64 33 -2 -38 50 93 1 -72 84 -48 -63 -12 4 -58 99 -48 -58 18 35 14 39 28 -16 82 -46 94 25 -17 91 -53 96 15 -53 24 -66 -88 76 64 63 35 78 -85 -32 -90 -15 -57 -90 -28 59 -94
88 11 -92 38 24 23 72 14 62 13 -68 48 -42 -6 -43 -36 19 29 94 28 83 -13 9 -45 -35 66 56 3 -79 95 -5 90 -1 -12 20 -51 18 84 -22 56 -50 89 -29 84 40 -88 22 50 85 -77 80 48 -2 -32 -20 57 -62 -40 -40 49 -92 18
-50 -6 -89 72 -55 40 -25 67 -7 -20 26 91 -40 -81 38 33 45 5 53 -87 -39 60 55 -70 97 61 86 -88 -37 18 -8 3 28 -63 -40 -23 -95 -96 14 -62 -60 73 88 -21 74 24 33 85 -37 -93 10 -34 -14 -23 -90 89 -98 -2 -94 26 79 -18
4 -52 -35 95 -53 30 -59 -27 31 99 -51 -88 67 33 -29 80 -24 -3 16 -4 68 -28 27 -49 35 93 -60 -76 -44 86 45 60 88 44 72 -34 30 7 85 -82 -29 44 -86 32 80 77 65 70 68 95 -52 65 35 -70 4 5 -89 -10 58 88 23 60
-83 -59 -67 -13 -74 -93 68 68 16 51 -15 7 37 90 -87 87 20 91 84 -28 39 34 16 56 92 -92 97 29 -22 90 -48 -36 39 -80 -62 32 -25 33 42 21 -96 93 -95 51 52 38 77 56 -42 -57 16 20 -96 78 -94 -50 53 -69 65 -48 18 -7
-79 -2 -61 38 47 -91 -29 46 98 -46 35 -28 76 -32 -33 -21 44 86 -50 33 -72 32 97 61 98 60 69 91 96 72 -28 -18 65 75 64 6 84 -63 -30 42 75 -93 -14 87 -16 22 -8 -23 -17 2 -45 9 -99 62 8 -55 47 -85 -27 76 85 -66
-2 33 16 25 -81 -23 50 -92 59 -58 -59 -32 -83 15 64 37 38 89 -11 -91 -50 65 -10 32 94 39 33 -39 53 13 -63 -88 -71 -23 -33 -38 24 -58 56 -90 -32 -46 -7 41 76 -29 -7 -27 88 -77 -82 -75 -65 -74 -37 -4 18 -14 0 -41 84 39
66 48 -4 38 -59 44 -13 70 95 95 -73 45 54 79 30 12 93 54 -73 -50 91 20 62 67 -99 -92 14 80 21 21 60 -71 -62 -51 73 97 18 17 72 -31 -35 -16 -63 71 45 16 -67 1 -69 -96 11 -5 -13 -55 66 30 26 55 48 -95 -73 -60
59 35 56 54 -2 26 -89 72 22 -82 -51 -73 -35 50 44 -98 -9 44 19 44 -37 10 46 67 -59 -33 77 85 -7 -26 14 -46 18 -49 -27 69 -20 -80 91 16 -58 -90 4 -59 -11 20 93 71 -35 82 -18 96 81 66 -59 36 29 71 -69 -51 57 87
-29 25 -79 -61 -16 65 67 -68 -74 43 -16 -96 -100 -22 47 -91 64 5 -33 5 -13 13 27 -5 -65 -85 -37 -91 -18 97 -16 67 -19 55 8 71 97 10 75 37 -56 56 -44 -27 84 -81 -44 38 19 -2 -36 37 -54 -52 -30 86 20 -48 -9 -45 -67 -56
22 99 -76 -98 6 28 -72 8 -45 36 -30 -89 18 60 -52 10 -4 -50 -80 68 -90 -23 20 51 14 -13 -84 11 -16 22 65 2 -46 54 73 37 60 66 78 91 -67 56 19 -56 18 -50 -35 -67 -81 15 86 -26 75 2 -24 -92 -1 97 8 68 32 -32
-95 -81 -99 29 -69 44 -30 -24 -46 27 63 42 -60 43 19 35 -18 -1 -83 -10 -98 60 20 -40 94 -34 69 -87 -97 19 45 -47 -75 72 55 -57 58 26 88 94 -91 80 -22 -30 -92 8 78 -86 -41 -49 77 -75 -57 53 57 -31 -97 8 -97 18 10 72
-48 81 5 -29 8 77 -18 1 86 -2 -26 83 6 -1 -45 -9 99 27 -32 -33 33 60 49 -5 49 96 -30 -20 54 -11 -40 19 -63 95 42 25 24 31 88 -64 -44 -67 -43 98 18 -14 81 25 74 23 -6 -10 -89 59 53 45 -82 75 -89 97 -62 -78
81 36 -33 11 -61 -22 -98 -68 23 79 9 94 82 54 -48 74 79 -76 50 54 29 60 15 8 49 75 -2 19 87 -97 -85 8 61 12 -100 -42 48 -97 11 61 -68 63 -58 -57 46 80 46 64 68 -79 93 -16 47 -15 51 54 95 -58 50 -57 -32 -26
9 -73 21 17 -58 32 98 6 -40 -7 14 -34 75 -16 -40 -98 -19 -85 -72 -39 -79 -53 98 69 58 99 -25 -84 50 40 -27 22 83 -15 72 -91 -42 40 -40 25 -46 25 5 85 -88 98 -88 -54 37 44 -28 -94 71 -78 45 -48 -21 -33 -64 -82 -2 77
59 87 34 -93 54 22 60 95 -46 -34 -92 -20 97 -36 77 37 -97 -30 -3 59 -97 -98 -97 -77 -71 -30 63 -20 50 -84 -59 -41 68 -55 -65 80 -64 -58 -48 84 9 31 37 35 11 -36 -55 -8 44 32 15 55 -79 -93 -40 -90 -68 59 -42 7 53 31
-47 -67 15 68 87 13 -19 3 -15 -64 -68 -77 -76 62 98 -5 -19 68 -9 -45 81 -80 19 99 76 -19 88 -45 88 83 -22 61 88 -80 -36 96 -99 -91 -19 -9 -95 -14 75 42 26 20 -98 -54 -31 -64 -88 58 -12 -32 20 -99 65 -27 5 91 -28 61
48 56 91 -16 -12 -66 -80 54 56 -63 -98 43 -97 -13 -65 -75 -72 -6 13 13 -80 31 0 -100 -92 -79 0 1 65 1 -28 24 -17 14 26 -76 6 -84 -41 64 87 89 57 91 -10 -72 11 -14 -89 -6 -31 -45 7 -7 -51 -57 -5 14 -95 -82 71 14
-50 -62 32 17 -28 85 -54 -52 -29 -20 18 -89 -94 -47 59 -8 86 -29 -21 17 45 57 -29 -72 -30 15 -46 86 -12 -49 -4 -69 -61 99 -30 -40 3 -86 17 28 -60 -38 -49 83 -32 93 -61 -21 -9 -1 -43 -15 -96 23 30 -44 -95 -44 -79 24 48 -30
-7 47 -93 -76 69 -78 -27 -60 -62 -74 26 97 -48 -35 -51 -15 40 49 -33 -49 -4 1 -37 -34 7 -75 -40 -1 -10 -36 -65 47 63 57 61 -43 -7 97 -77 90 -27 -96 -12 -70 -52 69 -57 -94 49 67 86 67 -24 49 -10 70 38 84 48 32 -45 91
-17 -65 -18 -45 75 29 39 -4 -83 5 -69 -68 92 60 27 -13 95 43 -66 23 92 -62 -63 65 73 -74 -28 15 -15 -98 -1 -61 17 -78 4 36 27 -3 95 11 2 -35 99 -95 -32 80 -26 95 -27 90 72 78 97 -84 16 65 -45 -97 -32 63 -14 -23
-30 -43 45 71 -69 91 -66 -92 -25 14 -84 -79 -91 -49 -79 6 -100 17 -39 79 -50 24 52 -22 12 81 -2 40 -69 -92 77 -77 77 -55 -38 23 -62 -22 12 67 -39 -35 -23 2 -94 -66 23 77 -90 -6 98 -45 -95 -82 -90 92 -50 -39 48 50 75 95
-88 -47 -41 -16 -46 -47 18 -80 -51 2 -76 -32 -6 -25 41 14 17 -11 -62 -88 -23 -2 -89 -50 -41 -87 -52 -31 42 -11 -38 -66 20 14 -56 -32 51 -50 -30 -91 -64 64 32 -57 95 81 50 -17 49 32 82 45 -89 -1 -38 10 -73 -78 25 17 -68 -80
64 67 33 -32 -71 -53 78 6 -62 -71 -66 -3 -18 -69 -72 71 -59 1 -99 -85 -2 -57 -39 -81 58 16 -26 -10 -78 65 93 43 -37 37 -18 7 65 -89 43 -80 -86 36 7 2 -3 -86 60 34 -93 92 -74 41 36 -88 82 -35 -91 90 -100 -18 -87 -6
87 72 21 -85 -27 12 -96 6 73 68 35 -49 -45 71 30 61 45 33 -21 -88 12 -97 46 -66 -23 -54 77 -17 40 82 61 26 24 20 45 -57 12 55 55 -10 50 -69 44 88 -86 -85 -73 -43 89 -27 37 -83 -49 -16 36 43 37 -19 -71 47 -69 1
62 -29 41 82 20 -8 -92 95 93 73 -60 -35 -98 -32 92 -89 98 -32 -47 -34 -30 -4 -98 26 -28 -10 7 31 -54 66 -51 -60 -27 19 90 88 73 -34 -91 -11 82 -90 0 65 -89 72 64 51 47 8 -51 -37 81 67 67 -43 56 71 -49 -72 -81 -81
6 -78 9 44 11 -90 -20 1 31 -24 -81 -27 -66 -96 17 -50 -57 -10 36 -92 44 -75 83 83 44 2 79 -34 85 79 -48 -8 13 -69 18 -68 -37 -3 -74 65 26 25 27 86 38 58 -84 -52 -55 72 59 -85 24 51 -34 -3 -62 73 -38 -93 -87 -67
93 -4 92 73 -95 -75 91 -67 -59 -74 -51 -72 -42 -15 23 -91 -90 -88 -10 66 -29 23 95 -18 -100 -8 -44 -95 -80 70 58 9 -97 44 -7 10 -60 38 -36 -51 -100 -16 25 -100 56 22 90 20 -87 -44 -2 -4 21 -89 50 -67 -68 83 44 27 65 -17
97 -60 -83 14 -59 30 86 -57 -37 -91 56 39 86 45 98 -67 -40 -11 -11 -10 96 77 -80 -61 33 -7 55 -48 -56 23 -67 -10 -74 -75 56 83 64 -90 -68 56 -69 95 75 19 60 60 -13 -66 71 -79 72 -8 77 -82 -28 -53 76 58 -60 14 -22 99
-75 -85 -39 77 -25 -5 58 -46 0 -23 91 16 -36 -76 50 33 52 -39 15 -1 -52 1 -91 14 -55 95 98 31 67 12 64 90 -64 -2 -62 -21 50 -9 -78 -47 -63 -46 -46 3 -21 -85 -38 75 83 -73 74 -24 -56 -71 -8 22 -32 55 4 89 -3 28
-78 -14 22 32 -56 25 -71 45 25 -77 -80 -45 -15 14 -15 86 2 -13 -62 30 -90 -85 -67 80 62 -82 -72 83 18 -17 1 5 -86 -68 -32 -81 -75 76 -91 62 -25 -94 -85 -44 -64 57 93 -1 -85 -72 97 -17 76 17 98 94 62 5 -54 51 52 -62
63 -81 70 -1 53 -52 7 -58 61 51 12 -37 93 -11 79 -91 -9 76 -51 -53 -98 51 44 -7 -97 75 2 75 -67 79 2 -79 -25 -54 88 -85 -51 24 71 -65 -95 -21 -48 -79 11 31 -98 26 80 47 -80 52 59 41 6 60 -12 95 -72 81 97 -64
20 37 -22 -41 -98 34 -7 -70 52 -58 -62 -83 -94 -46 23 -24 84 31 71 -1 -85 -94 -32 48 74 42 -62 -78 -7 95 6 -60 9 -67 23 -100 -47 -70 16 1 72 92 30 3 28 -66 48 33 -46 61 20 -45 -9 30 -13 82 -57 -62 16 -76 -19 -84
