85 83
-60 70 75 10 89 7 87 76 77 24 35 74 12 -44 -99 97 -56 -16 60 -54 -92 -94 -80 -17 7 91 0 11 -14 39 98 -30 -19 9 87 -13 95 20 -4 23 69 -16 -88 -11 21 2 83 44 52 -49 20 -83 84 18 -26 -81 73 84 -20 -51 6 -61 -30 6 -100 -73 -66 -45 -37 32 22 -50 -44 36 -76 8 38 -32 87 91 -25 4 -60
98 6 4 93 15 -97 60 33 35 46 -3 77 -61 -73 85 88 -88 -27 59 -19 -9 50 67 -36 -61 23 -57 50 32 68 -17 -77 34 66 -15 -83 -59 -25 37 -33 6 -46 -53 57 -23 -33 -98 -82 -84 29 52 -33 -12 -2 -42 -14 47 -17 -82 -53 -46 49 -49 -31 -84 8 -15 -3 34 74 52 -50 12 -31 -27 -72 -8 -44 87 22 -2 83 76
-42 -28 -46 45 -27 -30 -48 93 2 48 -24 -4 39 87 95 67 -3 62 -49 76 47 54 -20 -4 -46 24 38 -93 91 -91 -90 -37 -63 78 4 -81 37 70 -56 14 16 4 -25 0 -44 -27 -88 72 -43 25 0 58 49 -19 99 -24 38 10 -12 -80 -22 -85 71 56 -63 -92 -91 -100 51 -15 64 -9 36 -59 -25 -40 -64 -19 -69 -57 -2 -76 11
49 76 -40 86 -16 -100 -12 24 38 -35 -1 14 -61 -3 61 61 61 14 -27 -33 48 -50 11 -56 7 91 -1 8 -63 -49 -11 82 -49 9 -98 60 60 36 -9 -72 -98 59 -79 -61 69 5 33 59 2 22 -95 31 50 62 -66 49 91 62 99 55 -19 -8 86 43 -44 -73 -95 23 -10 55 -76 -11 8 -67 97 -34 78 -6 88 -63 -54 68 68
-50 -67 53 62 -69 84 16 1 32 -92 74 -91 30 17 30 48 -3 -36 76 18 62 75 -14 55 -66 37 -62 90 -35 38 -34 32 -59 8 -54 75 -1 -13 50 -23 58 62 -36 -76 85 -90 54 90 -9 46 -5 40 45 80 10 -29 36 91 -73 -1 16 -82 -1 84 -60 59 14 -43 -37 88 -45 75 -98 90 70 -78 14 34 24 -23 -99 -91 -44
88 96 -42 61 5 88 -73 -7 -88 2 -23 -60 56 35 48 -32 -43 71 34 51 -1 -12 -15 49 62 -37 78 -69 -68 -57 65 -88 -39 -47 -34 -44 -35 -14 -94 79 51 34 -65 -41 -68 33 4 -64 -15 45 -39 82 -3 -44 42 -100 74 -22 89 24 -69 -84 -31 95 18 -50 88 38 12 18 -4 41 9 66 -31 55 -88 64 -30 54 90 35 31
-39 -98 37 -67 -33 13 -20 -28 14 30 -91 45 15 -43 -73 -37 -84 80 55 36 79 11 -88 -89 85 -92 -58 -40 -93 49 -29 -39 23 -40 -87 4 74 -97 88 23 -59 70 66 62 26 73 94 87 -12 -38 -77 42 -94 47 -35 -48 -97 -80 36 94 54 4 75 -38 -100 68 86 -27 54 0 -72 -7 -27 1 -21 -36 95 -10 -71 -50 -80 -5 -68
8 -55 71 49 5 -41 92 98 69 -33 -67 -53 32 -15 -93 77 0 -14 -8 58 58 7 64 96 -1 -33 -100 50 93 32 65 83 91 -4 -63 28 -91 -3 -47 71 21 63 42 21 27 -35 3 94 86 95 -1 -89 19 34 43 17 -10 -72 -4 39 55 -22 -58 -41 -34 -60 -33 -35 -39 -48 13 -51 93 69 -27 -32 -4 24 -34 32 71 -84 -59
-81 68 70 75 -3 65 -52 -100 -79 26 72 9 66 -58 0 -88 -2 -87 -40 97 10 -98 25 -67 59 43 -61 -77 -27 -62 -39 3 -46 84 -68 -26 -91 65 -93 -99 -49 -42 -47 33 26 -26 80 -45 29 -60 13 14 55 39 83 58 71 31 -83 -87 51 8 54 -65 -81 76 27 -90 -55 -66 92 87 27 -76 62 64 -48 84 -76 82 35 -21 -64
-78 -28 -63 -60 19 20 -55 22 -38 51 -88 68 -14 -72 4 91 -7 -79 23 7 11 -21 -45 -74 -99 -92 8 29 -60 -9 53 -56 -41 33 36 68 -46 -14 -40 87 -91 -83 19 82 -59 91 -45 -75 25 -100 60 -4 -41 40 -91 -95 24 -58 20 -6 -55 83 10 85 -84 -3 79 -47 30 88 13 30 74 41 72 88 -90 57 73 -48 85 -28 -89
52 -83 50 -73 88 -39 94 -35 36 9 -43 92 63 -40 -22 90 -75 -17 -48 -40 -26 -71 -98 -8 -9 -25 -54 -73 28 -36 39 -18 78 99 49 83 89 24 51 -99 82 -20 -97 -39 -17 -19 -26 94 -41 77 32 -16 -4 26 -98 -29 6 14 13 -91 2 -88 62 57 -14 91 13 -31 -81 -59 -42 -44 -100 2 -25 -63 -59 -86 -62 -37 -25 81 -7
21 -62 -99 -41 72 93 -27 84 34 17 -48 -47 89 -64 -60 -11 -63 -17 88 -89 34 42 52 70 -35 -41 7 -27 -64 38 89 98 72 -65 -30 -86 71 -75 27 21 -57 -55 60 -24 -91 33 -75 -6 -7 -85 57 -42 -90 69 72 -85 13 -41 -4 41 -2 91 -34 85 -79 19 2 -10 -87 -84 -48 -47 -69 -46 28 50 87 -75 -72 -52 -28 10 89
-29 -64 52 39 80 8 -12 97 84 4 55 41 57 79 47 43 37 -10 -3 -44 -16 87 -27 -72 48 -68 -30 92 -93 96 -12 -26 -98 -31 7 26 -69 -2 87 38 -65 -13 -72 8 21 -85 42 -42 -51 -74 37 79 18 91 57 -16 27 30 42 97 31 46 -30 49 62 -55 -1 71 -59 25 94 3 -22 83 -80 28 -46 -12 -83 28 16 -41 -42
-39 94 -90 -9 -68 96 5 -44 -17 15 -43 67 -61 12 -1 -69 16 22 86 43 -15 85 -93 23 94 40 -53 14 -21 -60 -68 -49 -62 -43 -96 53 29 -78 25 73 94 -76 -75 -49 42 -32 -20 -77 -37 -50 -96 -42 30 -88 75 99 -3 -74 0 39 93 -55 -5 -7 82 56 58 54 73 88 -40 63 70 62 72 95 48 -70 -25 72 50 -92 -11
62 99 2 -83 62 -8 -98 10 -41 -8 -87 -60 34 97 -28 44 -41 -15 97 93 49 -80 -35 36 26 -44 -47 -87 17 44 81 45 3 33 -11 30 -65 -95 22 98 -33 -10 -61 97 -28 15 60 29 34 -66 6 -58 -12 -54 -55 -47 -64 -83 78 -7 -90 80 -42 65 61 -42 -81 -7 87 23 47 -57 86 -58 6 39 15 5 -57 -34 70 -2 -73
-28 90 21 10 -88 -22 -3 2 -72 -16 -8 -71 1 -59 -52 97 84 61 34 41 82 -100 56 -45 81 50 33 12 71 -13 -21 -12 -50 -30 82 -57 97 -65 11 67 -34 46 -53 90 60 10 25 -54 -73 49 90 36 -94 -14 20 74 -60 5 -36 -68 79 34 -44 5 52 60 31 -7 43 47 55 9 98 16 73 -29 75 -4 95 76 -13 -12 -25
-33 -32 -81 73 -93 -21 24 63 -65 -50 -15 -8 49 64 -31 -98 -16 -18 18 9 -50 20 -74 -30 -94 -99 91 45 -51 32 -12 -23 -92 -93 67 -63 -51 -36 -4 -8 -11 69 -53 1 73 40 80 -3 -28 -100 17 1 -72 6 -47 -34 1 51 80 -22 14 -59 12 8 1 -76 -10 -20 -47 39 -49 81 -98 12 85 -58 -43 12 25 14 -52 -94 35
-25 -63 -99 16 -11 -74 -36 43 80 7 98 -7 -12 23 -93 17 -80 56 53 68 57 -55 -22 25 -9 -75 21 -19 -49 -86 3 -39 59 55 92 84 -32 -39 33 -14 86 -16 97 13 61 -10 -33 99 -74 -57 30 32 -89 -33 24 -42 -92 97 10 66 74 -68 -19 -23 -75 51 -95 99 93 84 10 15 44 -16 -65 -1 75 21 -23 -51 46 -7 65
13 -27 48 29 -67 -99 -64 37 -53 78 75 56 -2 -67 -60 -92 -17 -11 46 6 57 -46 -95 55 87 -57 70 64 -59 -88 69 31 -46 98 -60 66 61 26 35 -77 -67 91 47 69 -75 -76 -36 -58 72 17 -34 -82 41 64 -39 71 62 -57 95 45 -19 -59 50 39 -56 -90 -37 62 -18 -45 67 6 -54 73 -9 -84 64 16 81 23 -60 63 -67
-95 85 70 -15 -65 -85 85 57 31 69 59 41 10 -82 65 -92 -30 64 -56 -43 62 -15 -48 21 -84 -26 83 36 -58 -51 -15 -93 80 7 53 33 -88 86 -57 20 -81 27 -52 -38 -32 -12 19 -63 -34 4 -39 -76 -61 -5 -80 -81 -82 47 11 61 60 -69 69 15 82 15 -29 -56 -62 -40 -73 -17 -99 -87 -66 -11 16 10 -44 -56 17 25 95
-1 59 -1 33 -98 -47 68 2 -92 48 -36 -99 59 40 -53 -95 80 -12 -72 12 52 24 -25 -5 82 58 -79 -68 66 -52 47 -88 -99 -79 61 83 -6 -50 84 -26 -88 51 74 -32 37 42 6 -88 55 47 -34 -99 33 -8 91 90 24 79 0 -36 39 6 -17 29 7 27 -3 -41 19 -76 -97 -39 35 -44 -36 54 -10 95 -51 -66 -66 -94 91
68 -65 -98 -1 58 81 -33 40 2 -98 64 8 47 -91 58 -72 -21 -96 84 61 -54 83 20 -53 -58 -74 -33 34 29 5 -2 -3 16 6 -62 34 93 -93 -15 7 95 64 -15 58 -19 87 -3 -43 32 82 -74 -9 25 57 11 14 82 21 83 43 35 -92 26 95 49 94 11 -75 66 -57 70 -81 28 6 -46 -34 -74 -27 4 -4 71 -46 41
-83 14 -27 -64 37 -47 91 27 91 42 34 7 -66 -65 -82 -78 -73 97 -84 -34 -32 79 -90 51 91 -36 54 49 70 14 -10 5 93 9 -66 76 96 -61 -81 70 -17 -47 65 93 12 74 -64 -73 -40 58 -60 23 56 -38 -40 75 -79 -10 35 2 82 -57 62 -76 -63 -14 30 -82 -48 16 26 -91 89 56 63 11 72 66 -62 -23 -32 69 13
68 33 -44 -18 -13 -95 -21 -92 47 -88 9 52 -77 56 41 -29 -73 76 97 36 32 -96 -50 -83 98 99 -89 53 8 -40 98 56 67 59 36 31 34 -14 61 -79 -63 -79 59 70 -11 58 -50 54 70 -83 92 -59 -18 21 -43 -70 -39 -77 -95 -87 54 39 -39 -91 61 -28 84 -30 89 36 11 -30 -97 76 -25 -67 96 8 -63 -73 60 2 -22
-59 95 -41 -60 64 17 90 81 53 64 70 -5 -36 -39 -10 -29 64 -49 23 85 -26 83 -39 36 -39 -60 1 -22 94 -88 3 -5 -69 -4 30 83 -75 89 -80 -35 11 -16 76 -90 -67 24 72 73 81 -59 76 -77 38 50 -32 -14 -22 -86 94 -38 42 20 -96 -80 -15 37 -54 50 50 10 43 87 -39 -50 -55 -93 15 -55 27 -2 -76 2 82
-50 -13 -74 -62 -63 -24 98 69 95 -20 -19 34 23 -27 89 76 -78 -81 -84 5 5 48 -78 -75 99 -5 -75 70 50 3 71 -38 68 -70 -65 -50 65 82 -5 8 -37 4 -99 32 -22 72 -15 51 -7 -60 54 62 -87 -80 -21 -7 -20 -55 75 -71 -99 92 76 26 30 -98 -91 69 -54 66 -66 -17 4 -70 -4 82 87 -7 13 -32 -24 1 8
44 -31 -7 97 52 96 57 12 -52 23 -24 32 84 -92 -50 86 -2 52 94 66 96 4 -42 17 17 56 -14 83 -23 31 13 -92 33 31 -14 -27 38 -27 75 -40 -24 16 -65 -20 -64 87 -55 -83 -47 -41 71 -32 13 -71 -24 93 -61 52 1 -98 64 -33 42 -49 -83 -46 92 95 -25 21 30 -82 44 16 57 -49 -20 -3 -88 -48 -34 -29 -28
39 22 -67 -41 -72 -93 43 95 60 -59 -58 -98 -52 62 25 -65 -26 88 31 -61 -9 -40 -8 -2 2 42 -8 59 24 -58 -39 -57 72 -55 -89 -68 -71 46 -4 92 -58 78 -2 -70 -55 -50 -66 -53 -85 -39 43 42 26 45 -58 85 12 42 -34 18 -36 0 63 30 -21 96 47 79 -88 -66 -23 -80 91 45 -10 -83 -34 4 0 -40 -91 -64 -56
27 8 -6 -37 79 -50 58 -63 37 -84 36 -17 -14 -33 50 37 32 -98 58 17 43 4 2 -43 -95 -92 -7 -25 -58 -59 55 -56 38 0 -48 24 -52 -88 4 32 -13 34 91 -49 99 -36 80 -39 79 99 -85 -20 60 -64 -61 53 -44 -93 -4 75 -100 18 21 26 -93 3 37 -85 28 81 -16 -70 21 4 52 -95 57 -76 49 -21 91 70 16
-38 12 -96 10 13 87 42 -27 84 43 -27 -5 94 81 25 51 70 22 65 60 -7 51 26 47 75 -44 -43 85 -29 -3 32 -87 -76 3 75 94 -75 66 -71 60 51 -85 62 -33 68 97 49 1 48 -60 66 -38 -36 37 5 -11 95 91 31 76 -39 -59 -32 -26 -40 -55 -22 32 -12 -51 -70 -62 -10 -100 -4 60 -19 -53 -69 -56 9 28 -95
-55 35 -37 20 -3 60 63 3 -25 93 -77 39 -24 95 -82 -99 -41 20 -89 42 -66 -18 13 80 -49 15 -97 -63 47 -56 -1 97 -6 46 28 -7 -33 34 -24 24 -11 23 31 -51 -58 89 -31 -85 -93 53 -54 -92 -16 -29 -88 9 18 35 -4 -32 86 47 5 -88 51 -11 89 81 11 -55 -98 -1 -74 24 0 -31 -96 -33 -12 -44 36 -67 4
-26 -95 38 19 0 -4 58 44 -93 -82 -27 -66 78 -41 0 -13 22 18 -80 17 -40 -45 86 -40 -85 -25 -17 61 -86 99 -75 -50 -40 24 -11 95 28 -83 -22 77 -96 77 -54 -23 -84 83 -97 15 56 19 -47 32 58 3 -21 85 13 -22 27 -51 3 -57 -91 8 -69 45 -62 -60 94 -58 -91 88 -81 -90 -82 -72 2 -47 3 56 -33 -41 36
-68 -58 94 -11 -24 -12 -87 -15 -53 95 49 45 49 55 -79 -45 -14 54 -42 -55 -51 -15 38 -55 17 -33 -72 -86 -91 9 61 -41 -99 43 -51 54 16 83 29 -53 -79 -49 -17 78 3 75 43 50 -64 -77 13 -72 -45 78 31 -20 77 -28 -8 -91 93 81 -75 -53 -5 90 79 -44 -89 71 -19 -72 37 26 83 -34 -84 -24 19 62 31 37 -12
-48 -44 13 -64 -27 -21 96 -6 37 -15 53 95 -80 38 98 60 97 19 75 73 48 -96 -71 -59 -49 21 -51 2 63 48 94 -46 91 -50 -58 -55 -91 -3 -20 -59 -72 -23 70 -68 -33 -75 76 29 60 -51 85 18 -78 26 28 11 -9 38 59 -81 -11 32 11 -57 -64 26 67 59 37 -95 -49 -31 -64 -19 51 99 -58 -78 88 49 -59 -67 -99
-26 -32 51 -54 15 24 7 -55 10 -57 34 -33 51 -41 -8 -78 61 -61 -16 98 -89 -12 -35 -12 -20 30 27 -11 -88 -12 -45 -36 80 65 59 68 -71 40 87 -80 -5 63 5 -40 -97 48 40 83 -25 96 50 -35 -42 -5 80 51 64 16 -87 92 74 64 -49 -78 -19 29 65 97 -41 9 -8 72 -61 -19 -32 -18 82 75 49 -97 74 21 55
-49 -34 -9 -33 77 54 50 -12 -68 -48 -53 -56 30 7 4 -74 98 43 18 -48 96 49 63 -84 82 37 24 -11 -27 5 -39 55 16 -48 -17 50 -51 -2 -18 27 38 -15 -35 -89 49 93 -97 -70 -42 76 3 88 25 78 -58 -23 -100 39 31 10 63 -72 -77 41 10 90 99 9 57 -79 59 -88 25 -50 28 -51 19 23 36 -27 22 -85 -20
71 -30 56 82 -17 -69 24 48 -47 74 -84 21 -25 -62 55 -53 76 -39 94 97 25 38 -90 25 39 -54 -42 44 -17 26 15 -51 -73 12 -38 -21 -98 -73 -8 -61 -23 24 -16 30 55 99 44 -81 34 -34 -35 39 -81 -92 -7 -100 -48 17 -31 71 -41 -7 88 -74 -34 -90 81 98 5 -30 0 89 60 65 60 22 81 -21 -45 87 -44 16 -74
-33 18 -76 -9 -58 -25 22 73 -74 6 -92 78 -57 22 -7 15 -35 -99 57 -65 -40 -32 28 -48 -27 -73 90 43 75 35 94 18 56 81 -66 -47 -11 51 -38 -100 -57 -3 10 -46 80 77 -99 -29 -26 -34 -17 45 65 55 -86 -91 -45 0 -31 61 -13 44 -39 88 18 38 41 -42 -38 -59 -60 -12 -100 -95 -68 83 65 35 -23 -27 83 48 98
75 -99 23 67 -6 -96 75 8 -49 -57 18 80 33 -75 -81 -26 14 -34 29 -28 57 -37 45 -39 58 -22 90 -91 54 -82 -69 -94 -72 -22 65 -98 80 60 33 -42 91 -88 -92 92 -44 -79 61 84 58 -48 -53 12 1 6 64 10 -67 44 16 59 92 69 -98 40 36 58 92 -21 54 -9 -6 91 17 -20 81 13 9 79 -64 -84 17 87 -50
-46 30 -4 81 15 -42 -59 -89 56 10 -6 19 20 96 -52 2 -4 44 33 -58 9 55 12 -38 26 -80 69 -48 -99 51 -11 48 -2 -73 -99 17 -65 45 -41 93 79 -91 12 72 93 -5 40 -55 -10 26 19 -68 -2 -33 -39 95 -5 -70 -36 20 64 -87 25 -33 57 -75 -48 64 -78 32 -96 -37 -27 -97 -21 94 28 -51 -59 -6 43 -15 -85
62 -62 41 -78 -56 58 22 -99 21 53 49 -93 20 -21 -1 -81 -50 -14 -47 -30 -56 -3 47 79 -52 16 7 -27 37 75 -80 -14 90 -34 -13 -90 -43 20 28 14 -93 -93 38 34 -26 -13 -67 97 -94 -12 72 92 -18 13 78 0 -92 10 71 -57 -14 46 7 65 17 9 -49 23 69 -100 -43 73 -34 -13 -19 -48 -49 -87 95 -82 -34 -13 11
-43 -29 -43 43 -10 -92 18 80 3 -64 -77 -1 79 -21 53 4 4 -95 55 24 76 54 -52 80 -44 -10 63 94 -90 0 28 -12 71 -8 -57 -2 1 -75 -97 -73 89 -96 50 95 91 47 71 -21 -20 41 -48 -3 -7 99 -1 -74 -10 50 -86 17 2 49 18 18 17 -51 -48 -17 81 39 -79 6 -47 -37 76 39 63 -1 97 35 97 69 93
-51 -81 -36 75 -56 47 12 -11 97 88 57 -53 -26 -37 98 -85 -89 78 98 -79 -100 -69 30 57 -48 -78 9 -45 60 -54 -59 -74 -97 -83 -86 1 -20 -99 -92 78 45 -7 -64 71 -73 93 78 -75 -59 73 54 71 25 -96 52 24 1 -77 62 -44 -25 -65 24 4 -45 53 -11 -8 -20 -23 89 -83 -83 -91 69 64 -27 39 -13 -71 -23 -24 26
66 22 70 -44 -86 -70 -4 -58 -59 -14 -48 39 87 50 54 93 -79 -80 -85 -3 -53 -55 61 9 91 -96 49 71 69 4 -100 7 91 -38 46 -75 -26 -5 60 -31 38 -96 6 -5 -90 74 80 -30 20 62 4 22 -48 42 71 -20 -22 -23 19 99 -63 13 54 -75 -79 78 -7 -40 -11 -35 -93 -66 -2 62 -17 -15 -86 62 59 -37 -24 40 -86
-91 19 31 29 -26 -27 71 29 -9 -74 76 -52 76 -11 -40 -43 85 -81 -17 25 -34 29 22 52 -76 82 91 15 58 -2 -90 -33 90 13 80 22 87 -20 -37 8 -46 -60 -22 -8 28 -81 -70 -100 -28 -37 10 -34 -7 69 -25 -99 -53 39 83 -28 37 -43 22 -71 85 37 -98 -31 -17 94 59 98 -82 -78 46 57 52 -42 -61 -35 -83 97 44
51 -49 -61 41 99 -27 -87 -27 -78 -76 46 58 -46 61 4 87 56 -3 67 25 92 -7 57 -80 -18 54 11 -68 -57 -65 2 -32 -2 8 -78 -67 28 75 -25 -63 -14 -23 49 26 41 -20 97 6 2 34 12 -11 -1 -84 -32 -15 41 -24 -27 12 44 60 -66 3 56 -28 55 26 -46 -19 -31 -64 18 91 37 28 6 -16 77 -96 55 70 -39
5 41 -97 88 -64 -63 99 -3 -53 91 10 -44 23 10 18 37 56 59 -29 -15 -31 -61 97 42 98 80 -30 -56 7 -2 49 73 27 60 98 88 -19 6 38 26 66 -44 -70 37 -61 74 27 -14 56 41 45 44 -52 -66 28 -79 91 -23 90 -63 -46 -87 18 -3 -1 -89 -44 17 -96 -16 -85 61 -40 95 43 56 79 -38 47 46 -15 -21 -14
-51 34 89 -76 -14 32 -40 -89 -95 90 47 -37 -28 -41 -71 -73 -5 -62 71 -16 -75 77 44 -1 30 12 88 30 -14 -69 -32 3 73 -6 86 57 -28 0 -59 27 -97 -90 -87 34 -73 45 36 41 -19 -78 67 -97 67 33 91 28 87 -79 -2 0 -2 -58 -46 88 99 76 76 -62 8 -93 80 12 60 -82 21 -8 -83 -80 -33 51 -88 -55 -28
-99 95 69 36 19 -78 -34 34 -20 -71 -37 96 -15 81 41 -62 81 45 57 -78 -5 -89 -38 -52 -3 -81 41 74 28 -37 70 83 77 -64 -80 63 44 -88 19 -26 67 -44 66 34 94 -85 88 -78 68 -44 19 -79 -72 -31 -29 6 8 37 95 21 -34 -17 -95 62 -66 79 51 -28 95 -64 97 -39 -43 6 17 96 -2 -62 -63 -93 -12 -91 -48
22 11 49 -16 68 -37 94 -6 24 7 -37 74 6 7 99 52 -21 52 -85 -40 3 -46 -32 -54 -14 -30 94 45 37 -39 -41 -88 -55 67 -56 17 -92 -4 43 50 83 -47 -32 74 44 -94 -99 45 -51 -54 -56 14 -28 -6 -78 -60 -40 3 -66 50 56 -86 -14 52 99 -95 54 -1 -33 -20 -13 32 -90 18 -98 -16 -66 -59 -92 46 -40 -38 -72
77 -60 84 35 -81 58 70 83 -29 76 -55 95 83 2 21 82 -63 -50 -77 -73 -61 2 -94 44 -44 70 -8 -31 61 -90 -60 74 12 -85 -30 67 -4 65 6 -60 -35 -31 -84 14 13 -40 -73 77 47 -40 73 -18 -36 69 -21 -22 -73 42 77 28 -68 -27 -96 -33 92 97 -70 35 10 51 -6 -54 42 79 -36 62 43 -77 95 -74 -6 68 -91
1 -71 72 43 2 40 76 51 12 91 79 -34 31 35 -42 -51 -53 66 33 -63 13 49 78 -71 48 4 93 77 -10 -15 76 -15 -17 -84 20 -36 -55 -49 27 -31 9 96 3 21 65 -29 98 -86 2 90 -20 -76 -36 50 71 51 -28 -80 53 48 -28 -28 -49 -45 25 5 71 92 -14 -4 -17 24 -68 5 -64 -10 6 44 86 -85 -47 12 74
35 23 -82 64 41 57 -88 -29 1 -87 20 61 12 -57 66 67 28 2 -48 31 80 53 1 -16 9 69 4 -80 -90 16 -16 13 -2 32 -28 58 -51 -81 27 -42 -48 -3 -65 37 -52 -56 69 30 -69 20 -21 -75 -63 27 -35 -94 -98 -25 -51 66 -3 -74 84 12 -3 28 -60 -74 -43 63 41 16 -99 15 8 -87 -38 29 -27 98 43 -98 11
16 -38 -25 0 70 13 -85 -9 -78 -26 75 26 -2 -1 -2 31 98 -46 -15 58 -80 0 64 -68 16 88 85 -29 -74 26 -16 -6 56 -4 -63 10 -68 38 26 80 50 -23 -16 -55 53 61 -37 -68 -56 -5 -28 -89 -66 56 -17 21 11 -36 -7 14 17 97 12 87 62 16 -56 -45 28 -40 -84 50 -56 -88 29 42 -64 -41 -74 -29 30 -22 33
-73 2 30 -83 -38 -8 95 25 -18 -11 24 -97 -6 80 -4 52 -36 -58 -84 -64 13 -98 -47 73 76 -9 -11 21 61 54 -3 -65 27 -52 34 -47 19 -16 -7 -60 -84 -23 63 -85 -36 -41 88 -25 20 10 -38 6 -81 -85 46 -27 -97 10 -1 96 -15 79 86 39 -6 85 68 52 -63 83 -63 90 -49 -3 21 -16 20 -53 -90 -18 4 -87 74
-40 74 -57 -27 -56 -61 1 -44 -96 -57 1 -53 -7 -60 99 84 14 -61 -86 -23 52 -81 49 28 -50 3 -11 -52 35 91 17 -21 67 -83 41 -49 91 65 52 -83 -27 80 84 20 36 -63 31 -47 14 26 99 -1 26 -20 13 -70 -76 -9 -37 -4 86 -15 3 63 74 9 -29 67 -58 -16 -29 -77 -98 -85 -80 83 64 -78 -94 37 -100 -60 63
60 67 -81 -47 64 -70 82 -90 12 -57 -82 -64 92 -69 -19 84 -53 48 1 46 67 36 48 69 47 -66 54 26 -90 -71 -93 -73 -48 -8 87 -18 -50 97 -20 -89 29 -27 83 -42 -45 -34 -55 4 -83 -15 75 13 64 54 23 -77 -73 22 -75 -55 -59 -35 95 -22 3 -96 92 -6 27 -7 67 37 78 64 -33 -33 60 -52 93 52 42 -78 -34
25 81 -51 65 74 76 31 88 -3 -87 -89 14 -65 44 -68 -25 -2 57 -71 -95 95 33 65 -46 -63 -98 -19 -6 -54 -46 83 90 16 5 49 5 -22 -18 -14 54 -32 -36 80 58 88 -19 -68 -1 91 54 -78 69 -73 -68 48 -12 62 -5 16 -41 -97 -75 -85 32 3 77 -7 -77 -77 36 39 -33 -7 84 56 -38 -84 -52 -57 61 -57 51 -37
8 36 -48 -60 -26 -83 73 -27 -51 43 -6 59 63 -45 57 -75 -92 -34 -32 29 -4 -49 -14 -2 7 -93 -78 -99 47 -52 -64 85 -15 94 5 62 48 -42 25 86 -70 47 3 75 87 -49 57 -1 31 25 8 20 -29 44 -34 -94 16 -27 47 32 79 -56 13 -41 8 69 43 -11 -32 56 -77 -48 -80 65 -34 17 -95 54 45 4 69 86 -43
69 55 -17 8 21 61 -71 -30 -51 -68 21 9 66 62 97 49 90 -40 69 95 54 -57 43 -68 64 -60 -86 -28 79 -52 67 87 88 -3 32 16 -9 22 26 77 -73 15 -86 70 -74 9 -54 81 20 -57 -100 20 -58 69 -5 85 -18 48 90 -89 -75 70 -14 38 12 15 -65 77 -97 28 -27 86 27 95 -89 -38 34 28 16 -71 -36 94 -99
-100 72 -84 99 16 -36 77 93 54 97 82 57 -14 -62 20 20 73 22 -18 -85 22 -28 4 -53 38 -41 68 -29 58 -6 -45 9 85 -19 76 1 -17 -7 -28 85 81 -55 -23 -70 -22 -87 -83 31 -6 -85 -99 -4 13 72 31 40 1 -60 -37 43 -4 5 97 6 -16 -27 19 -25 48 -58 4 73 24 -67 26 20 -1 82 -96 25 -40 95 -57
-40 -14 95 63 -11 45 98 -80 -71 14 -50 -51 -75 21 95 -69 -100 -92 74 -58 49 66 -34 -91 71 1 77 -89 -24 -27 10 -17 16 -57 3 -52 -22 48 -48 -37 91 50 76 -31 -18 -93 4 -29 48 -69 78 -87 85 80 20 -45 -6 40 -15 -6 -59 88 -13 2 2 -14 41 94 71 -60 -97 -11 90 -58 48 12 10 11 59 -20 27 -43 97
-27 6 91 46 67 -65 76 22 -64 -7 80 90 98 -41 -12 19 -26 -19 7 55 -91 87 -61 -39 -74 -49 -82 -35 -59 -59 57 68 -62 -86 8 37 61 37 4 -74 -15 18 -90 -39 -90 -40 -75 -31 83 2 -15 -81 -21 40 -15 96 -80 71 -70 -70 -50 -2 -24 -81 25 -70 -70 56 65 77 57 22 45 -46 -70 77 54 -92 -91 11 -83 15 -100
15 64 -25 31 61 1 80 8 -95 15 -2 -69 65 73 -10 -24 80 -80 -75 -29 65 20 -81 4 -39 -6 -94 -45 56 -3 12 94 -96 43 83 31 87 65 4 -73 -86 -47 -19 -32 -53 50 47 -87 53 73 -10 50 -4 -25 -85 -45 -93 -61 -76 49 -24 -94 -62 33 18 -60 51 -57 -74 9 -47 89 -10 -5 12 -25 -36 53 99 -34 30 -43 -56
-98 50 -34 93 25 -85 9 97 45 -4 -12 15 -69 -99 -12 -31 -8 60 -80 -15 -92 37 -51 -7 10 37 9 -4 79 -93 74 59 7 17 79 -84 -28 98 -70 89 -32 36 -84 85 61 -1 33 92 74 -10 -50 -93 57 -98 -32 -43 31 45 -98 -96 -52 86 -54 -96 44 -23 -36 2 13 -65 48 68 -87 -65 57 -29 -58 3 -66 4 -43 -57 43
-25 24 -94 83 -31 -33 61 -83 -95 -43 -60 69 -51 -34 3 -4 46 11 -12 -86 98 10 -74 -61 -56 -80 -57 56 25 8 37 8 93 89 9 -98 59 -14 77 61 -74 73 -8 49 28 93 -41 -88 96 -8 -82 -39 43 -39 64 -45 -74 57 -13 17 -61 69 -56 44 -51 -21 -22 -86 93 88 44 38 46 -47 -41 40 75 49 28 -89 -56 59 31
-68 31 -64 30 88 52 2 49 40 -70 -22 97 48 79 79 -11 -82 29 81 -61 49 27 -27 12 74 -44 -7 91 -47 70 -29 7 -53 -42 -59 95 18 42 91 78 62 78 -48 88 11 35 -74 27 -78 -3 4 25 53 44 29 53 -43 -98 -41 -21 -74 66 9 -2 6 -16 88 20 -46 63 44 68 97 31 -65 92 53 17 -58 -20 -17 -76 -30
95 -94 25 -31 -38 11 -55 9 53 -17 -91 5 -37 54 69 -45 -43 30 -35 4 -13 -29 6 14 -19 86 9 -33 -89 -100 2 -5 60 24 42 -40 92 67 12 16 -39 99 53 46 38 -54 6 61 -87 81 -53 -99 -61 -76 -23 -89 85 55 76 35 93 -15 86 63 -7 88 -81 91 -29 70 1 52 -26 -85 -61 70 32 -86 49 -43 57 -72 58
-19 -61 34 26 48 -15 -73 32 24 37 -73 -62 62 -11 1 96 -61 -34 -93 39 92 92 29 24 35 -7 39 24 -68 12 61 -8 45 75 31 -73 -78 28 70 -25 71 64 -76 77 48 33 68 61 61 54 10 -50 50 -99 75 -22 22 -24 8 17 -54 91 -73 30 -51 76 -45 90 61 76 -91 47 64 -3 27 -9 -52 69 47 -17 -60 -86 91
94 -92 46 -59 -45 -41 46 -75 86 -73 -99 70 68 -36 46 52 57 -32 -47 99 -54 -21 5 89 -63 -5 96 -67 -52 -89 -61 39 63 83 -70 -23 89 -98 -94 -65 13 42 3 -37 -53 -12 -72 20 -98 13 -92 56 14 -24 64 80 97 -11 -61 43 -75 -75 25 -11 -86 -33 -89 33 -34 50 -99 -3 88 -76 84 37 -39 -69 -29 -69 32 34 13
-43 77 -98 53 47 24 98 45 91 -69 -9 75 -82 -67 48 5 -84 -48 -67 -50 -57 -74 14 -79 -12 -80 -38 -66 -65 -18 -24 27 9 -90 95 29 46 70 -71 55 52 -68 69 -31 16 -23 -11 21 -37 97 -43 46 -42 -89 -50 -86 -63 78 1 82 -70 26 -81 39 44 -32 -95 55 -50 84 60 64 30 10 39 93 53 -1 24 -10 5 32 -77
21 64 91 12 54 3 -91 -80 54 -45 -69 79 56 -41 61 -27 -100 38 -88 1 25 -78 28 -35 36 -59 -51 15 34 34 5 79 50 -32 50 82 -42 -70 35 -90 -69 -69 -31 40 15 8 -60 -6 43 -98 -28 -63 50 54 33 -98 -63 70 -51 -29 -2 -29 -56 96 13 -53 -68 -26 -71 -73 -38 -11 1 -47 4 -7 -28 -54 77 82 -99 15 -26
20 -62 -83 -13 -45 33 -54 -19 -5 20 30 -71 64 0 -69 -15 -55 -32 -7 41 51 55 29 4 -37 -58 50 -8 67 34 56 0 -63 49 -44 1 -84 7 -87 -73 -31 92 -42 -48 -75 -95 55 -47 52 27 -40 8 17 30 79 -30 78 -3 -70 53 6 73 -79 25 50 1 -83 35 65 -87 65 -30 3 -66 -8 -43 -56 32 71 -52 20 49 53
79 -10 69 -64 28 -62 2 -47 45 3 59 -53 -8 -83 63 71 97 66 15 -60 21 83 -16 -2 -32 -31 -10 -28 10 -20 -30 54 -10 -100 21 -25 -21 -58 77 -17 -2 50 39 -83 79 -29 -98 -13 -21 38 82 17 -70 -41 77 -97 -70 -64 66 29 -84 98 -17 -50 -11 -79 -91 -84 -17 -68 -3 -19 97 -5 -67 -73 -75 -20 -28 24 -79 -82 26
25 40 55 3 99 -7 -100 -51 -5 40 -56 72 -54 -28 87 30 -40 -63 -22 67 98 6 -67 7 81 -62 15 49 -26 11 67 30 67 95 -35 75 3 -66 38 39 28 88 -44 76 -20 -45 -20 -8 50 31 -7 -90 -81 70 -47 27 -68 -42 -82 6 53 -79 58 87 95 71 -17 -4 -74 74 -90 -25 -62 98 79 92 51 66 72 -62 -94 -5 25
-57 82 -81 -41 1 -25 -79 31 99 -26 -29 -74 28 -67 -88 -89 62 44 -21 -68 38 -91 -24 88 -57 -81 17 21 52 65 84 58 -26 -3 -69 -25 50 83 99 3 47 80 98 86 94 -10 58 -53 59 -10 -61 72 -85 3 56 -31 -58 73 -31 -63 -1 -98 89 43 66 -73 33 -87 30 -25 60 50 91 3 52 -23 -35 49 -19 -68 -39 -37 -47
18 -1 94 76 72 57 -40 -72 -82 43 41 68 -27 -60 1 32 4 -60 -53 -59 -76 94 -56 2 -80 -72 39 90 73 -64 -13 -28 -23 -39 -99 3 -82 -17 60 56 -54 -41 19 -92 40 75 -94 -78 65 -83 7 -60 -15 81 -42 29 27 -89 -34 -49 84 9 47 94 -90 10 57 69 67 -32 46 -41 -42 -36 11 -71 -92 40 -6 -58 0 -24 44
58 56 -5 -67 -68 -6 19 48 5 43 60 94 -98 65 -38 1 42 79 -10 85 -41 -23 -54 9 51 41 -70 -22 -52 1 70 -47 96 34 -59 86 -42 37 92 -83 53 -97 -40 0 60 42 40 53 -14 18 78 -63 63 -19 0 -83 -6 -89 26 -71 12 12 -42 -90 -20 -81 47 56 37 59 81 43 29 -48 -27 -27 -88 -39 -91 13 29 51 91
-37 22 96 -34 80 -26 21 71 -17 86 -7 -55 36 -24 79 64 83 48 -51 11 84 -65 46 53 -58 -46 61 8 58 3 83 75 -22 -90 -93 53 57 7 -52 -70 68 42 63 71 98 -22 -78 32 0 -82 83 -54 -32 -30 -87 -59 -30 -70 71 82 -93 36 -46 -2 62 -58 14 13 -15 77 -28 59 -55 64 -41 -49 -64 -84 -81 -79 -34 57 -11
-75 37 -3 48 8 -22 0 -33 18 -39 -80 -24 -43 -8 22 9 -27 -90 64 5 -63 -3 -80 1 9 -57 -19 -49 16 69 24 83 92 45 82 52 76 -20 -60 85 -23 -38 15 -75 -97 -66 -2 -36 -2 -38 80 -33 69 73 26 -99 78 13 -67 66 -32 61 27 -100 -64 -41 88 29 -39 59 39 -23 -41 1 82 -80 14 90 -98 -26 96 -91 -58
-87 46 -53 47 -14 -74 -3 -36 48 47 55 -78 -39 17 20 -25 51 72 -84 71 -54 -29 11 -25 -85 -81 -84 -18 56 -54 -34 88 -68 -43 -75 -3 74 1 -20 -39 -47 13 -46 -18 75 70 83 71 62 -63 89 -43 -46 -3 -30 -80 -4 13 67 70 10 4 29 -32 88 41 -97 -59 -69 53 -36 -50 36 -13 95 61 -33 -32 -52 -64 5 43 -95
-62 -57 -74 -99 3 -76 5 23 -90 -44 -1 2 20 77 67 7 56 46 77 28 19 27 -55 -28 96 -80 30 -41 -38 65 71 -44 -4 -86 54 -28 -54 -6 -62 96 31 70 35 -98 54 99 -77 -73 36 -37 39 29 86 20 54 11 7 69 9 -27 -59 -6 52 27 5 50 20 63 35 72 -94 -9 -57 -57 -81 23 76 57 24 79 27 -95 -21
69 -96 -48 -30 -36 -5 -67 -95 -43 -39 -88 83 -3 12 57 1 -1 24 60 61 -93 71 -8 4 40 -40 -39 74 5 20 58 -85 62 -7 -10 -57 77 10 -15 21 88 46 -21 -21 42 -48 -43 -51 -84 96 95 -20 -28 -8 81 81 -98 -55 17 2 -53 22 20 -100 32 -63 -56 -21 -40 86 -15 -99 -76 -83 -78 13 98 75 63 23 92 67 -47
-1 43 -72 66 47 -61 -33 74 -72 -64 59 80 33 82 -15 20 6 -51 37 -51 66 67 92 7 -15 30 12 39 23 -79 -79 -22 -59 -65 -79 51 -91 -74 -38 -21 28 69 2 78 47 60 -17 -100 -23 74 -39 -27 -92 -3 93 0 -18 29 43 -99 -10 -94 -62 -14 55 -72 90 -5 -52 48 66 22 36 -31 -61 -26 89 -10 -83 -3 3 97 -95
-56 26 -64 70 6 84 -48 64 -47 -28 -72 -34 24 -52 95 74 -52 84 -32 47 -79 43 20 -26 15 -91 -87 -39 34 21 -62 28 -97 61 22 73 33 61 46 -45 18 56 81 -83 -19 -51 -93 59 -28 76 94 -63 69 31 -98 -5 67 67 -92 -35 -70 87 -21 44 74 -3 71 84 88 38 55 -60 -94 -93 -64 -97 49 -23 -76 -52 20 29 -54
