89 39
24 34 -16 -4 -97 72 12 -16 30 -56 -31 -47 -95 -79 -43 2 83 99 47 92 74 68 20 -87 -62 -43 -37 -18 -43 -28 -64 96 -47 11 71 -32 2 57 74
-47 98 72 20 -7 62 95 -82 -73 99 88 -79 -44 25 20 -42 -75 70 54 -37 -80 -66 46 87 -44 90 -41 -80 30 -10 98 -86 57 -16 52 -54 54 -75 86
28 45 62 -84 34 83 92 -64 62 4 -33 87 -6 66 -67 52 54 -2 -79 -76 -22 71 -6 34 -99 17 47 -76 53 -88 87 6 7 13 -3 5 41 64 27
22 -98 -33 70 88 58 -83 19 -17 78 22 73 -61 79 -14 87 41 -62 -87 -89 -24 -37 86 19 -33 -18 -89 86 60 -51 99 -41 -48 -84 21 18 -31 -31 -88
-97 -32 39 -44 23 85 37 -56 52 55 35 -56 -40 80 21 33 -63 -23 83 42 43 -62 87 94 -41 -36 48 31 43 -6 -33 -35 73 -35 49 79 -83 88 61
89 -47 84 -34 38 75 -43 58 -80 -31 12 -92 -97 76 5 71 94 -53 -4 76 84 -31 -92 -58 25 -38 -32 92 -1 90 62 7 4 62 64 -20 -19 63 -59
60 20 -12 80 26 77 -49 -49 -99 22 52 -50 -49 93 21 37 -28 86 49 64 55 -51 -90 -35 -46 -55 -68 -37 61 10 92 -15 -39 -19 -23 53 -91 -91 -66
-25 0 -29 81 -36 88 -39 46 -9 -13 52 -10 77 28 49 -95 7 0 -87 26 -82 -71 -40 27 90 -14 -78 65 -29 -35 -2 48 92 74 -56 -14 37 -24 50
-44 -72 -31 -6 -46 62 -95 10 -4 -21 95 12 -47 -73 39 84 59 38 79 -29 59 -93 -95 1 -18 72 -15 51 31 -31 -25 -27 -8 -78 23 97 52 -59 -17
-31 -65 -79 -24 57 31 -41 -47 -71 -92 -73 -32 33 -57 27 -22 -66 47 -6 46 -28 -7 -40 45 -92 -47 -5 4 81 -92 65 -75 53 32 57 35 65 -42 -89
-35 -35 23 -28 5 -84 -19 36 -63 -100 -45 -78 57 68 -8 42 18 55 -33 53 90 -23 90 -46 37 -89 -71 90 16 -100 78 -19 -92 -48 -21 -100 -75 35 -18
-97 -68 -36 43 -64 73 35 90 -57 93 -67 59 -49 -57 -47 47 24 -43 86 25 -90 46 -40 77 99 -82 43 80 -39 49 -49 -71 59 -13 77 -59 -4 0 -88
33 95 7 -9 -52 56 44 58 -30 59 -74 75 -47 -83 78 -8 21 -41 66 46 95 -22 -79 -40 22 71 0 -16 -20 -18 -68 44 -92 90 -64 -35 -22 90 97
-92 -4 75 24 -98 -33 -35 81 74 54 91 -70 -40 46 31 37 -99 69 5 97 84 77 -82 46 -81 -21 24 56 -82 93 52 22 94 -28 -79 99 78 22 -81
-91 31 62 54 52 74 -40 -24 77 -82 23 -76 47 -94 -46 12 -90 -73 -73 89 79 66 94 -74 -69 -15 58 -93 -65 76 -69 -37 74 94 47 72 49 3 18
-11 -56 68 52 91 -14 -71 18 24 75 39 71 78 -44 -46 -20 -56 47 53 -10 -86 -45 87 -96 -71 -30 -32 -80 -95 -95 52 -2 -74 -40 -57 -38 68 -46 -6
-91 27 -17 29 -52 13 72 14 -56 -46 -77 -88 -47 -81 16 32 76 66 -21 -4 -30 9 -60 -19 75 27 -69 78 11 -18 -41 -3 -36 -93 56 -54 -68 -48 51
69 -63 20 23 -83 -94 0 78 -50 47 36 38 67 -68 40 -87 77 50 12 -14 -86 30 -7 80 -7 -90 -94 -25 45 49 -51 85 0 -57 87 -29 98 -79 -33
-59 -22 10 -15 68 -28 -50 86 17 -52 49 -15 -28 66 -36 93 -65 -73 -29 6 36 -9 34 -74 70 14 -30 17 7 24 15 58 69 -28 52 39 42 -56 48
67 -84 -37 34 67 -77 -73 67 -93 74 -66 -100 -55 -41 87 32 1 70 72 27 19 90 70 -85 51 -99 43 -11 -88 91 -73 -5 -97 -22 -54 21 24 93 25
-91 57 -46 7 -24 41 47 78 2 96 -12 94 9 54 -99 -11 29 49 -89 63 -66 59 61 0 6 -22 -61 -24 -8 41 -77 31 2 64 30 -39 -25 -40 -74
83 -88 26 -71 55 -20 96 8 36 -27 92 73 98 -10 23 -46 20 -63 45 39 62 21 -17 5 89 1 -80 0 -27 66 53 -62 -73 75 -57 -67 -77 29 3
-37 -20 12 83 68 97 -75 62 88 50 -75 -50 53 -68 12 33 -13 -80 42 42 94 -61 80 16 -84 -22 18 95 -88 60 -61 13 -26 -76 -15 -8 80 71 67
47 40 59 17 78 94 73 -37 54 -99 84 37 -84 -87 -86 -23 97 76 75 77 -38 81 -25 22 -16 64 -51 45 -78 92 -14 41 66 1 -42 -26 -58 -86 61
-100 -40 66 12 -21 -72 -39 -21 -91 -8 -47 66 -100 -72 90 47 87 51 -85 -57 55 -95 97 2 -2 -41 21 -100 -70 -12 -71 65 78 46 -45 -87 35 60 46
-99 29 13 -59 9 80 -31 -7 2 -99 -66 -75 33 23 -90 -16 32 51 -58 -70 -91 71 -38 -5 77 -22 87 -40 35 21 -70 -89 9 -24 -80 46 61 56 -3
15 -40 -40 -64 47 52 -99 -65 -17 84 7 -81 49 -48 -12 -25 71 80 47 13 -7 33 -71 -15 38 54 -41 57 -67 97 77 -76 -20 2 56 -93 -48 79 58
-91 -42 85 2 74 18 -67 -46 -30 86 -21 53 -1 54 35 -72 72 73 45 -23 48 18 91 -99 -41 88 -72 -58 -18 66 -5 -35 64 79 -77 -100 71 29 38
-16 -11 -64 -27 -67 -99 -74 -54 -30 -63 41 45 22 -99 69 27 -62 -92 2 97 65 41 67 23 47 -71 16 -88 -74 63 -6 48 -26 -25 93 15 45 95 -85
78 77 27 94 47 54 73 -59 98 68 -52 27 93 2 -84 53 -36 -66 30 -21 50 -65 -56 -88 -2 29 32 -43 -47 16 -67 -21 46 -77 -82 -40 -37 -46 34
11 -96 -78 -48 35 22 88 56 -26 -15 4 65 -58 -71 7 28 -32 54 67 -32 71 18 -5 24 95 43 -77 -14 -66 96 -63 42 8 -52 3 -10 2 49 -77
-13 -98 -32 -55 88 -47 -66 87 -23 2 -8 51 87 -19 -94 96 -82 94 68 -26 7 49 -57 75 31 -23 -89 34 -32 40 97 67 22 63 30 -77 61 -34 -96
46 -63 70 -3 -14 93 29 66 -42 -48 -6 -6 -22 21 73 55 -95 -13 57 48 -60 -11 -68 76 9 -47 63 -99 52 38 -68 -64 -52 34 52 93 -6 -78 -64
74 -83 79 65 69 -78 5 46 41 90 44 -33 88 99 20 -72 -78 -36 93 -96 45 -13 45 -94 54 90 -90 43 -89 34 -57 22 -39 38 97 -36 -20 67 93
8 68 86 -12 -86 30 -73 31 18 -36 76 96 0 5 -71 1 -15 33 -9 -44 -4 -77 18 -46 -26 48 80 24 67 87 -81 -42 38 -7 -51 50 27 19 22
21 59 18 -14 -60 88 30 -43 -38 97 -22 -29 -21 16 11 -37 -76 -47 14 27 90 38 -73 -3 -63 18 0 -40 -90 18 71 -6 -10 -21 59 93 -88 23 8
-73 80 42 80 -25 37 -76 61 68 -82 24 -68 96 -55 61 44 -3 -100 -70 56 -73 -32 -9 9 -38 34 9 -80 61 83 -17 -30 -88 -61 -13 92 41 33 67
65 -59 -2 17 -6 62 -84 -65 53 -72 -87 63 -38 -80 -32 -70 66 -9 -15 -49 56 -21 -25 -2 84 54 59 -26 22 -60 87 -28 -40 39 62 68 -49 -3 82
53 -21 -91 78 41 -67 -59 38 74 -55 23 -61 -93 -20 -34 59 -19 31 -52 88 -23 -67 -35 -97 -10 -47 57 -27 83 12 -35 -27 55 54 36 61 23 50 -19
90 -48 -73 -51 56 -82 -37 -98 -81 4 -5 63 42 -91 49 -90 33 58 62 -93 90 36 -24 63 -4 5 -51 86 92 42 -88 -72 84 -92 -5 -2 32 -72 -34
27 -78 19 -33 -87 -31 49 -85 -74 78 64 76 78 7 9 68 11 -89 -17 -24 -23 37 -37 -56 -65 60 -90 14 -84 92 16 -91 78 86 -62 -52 25 -50 -81
3 93 20 -48 -75 1 51 -88 -1 -41 -74 92 56 -88 -9 56 -71 -23 10 -90 15 -42 -6 0 -33 86 10 -80 -23 -97 95 5 40 -44 -76 17 49 -44 78
66 42 53 97 54 -51 64 50 26 -59 95 -25 -21 7 92 -5 -2 5 44 -25 14 71 -4 -83 -35 43 82 39 -91 -9 63 80 -10 92 -68 64 75 -42 -77
-26 -16 41 23 41 -89 6 95 -80 67 -18 39 43 20 -18 63 -7 93 -77 71 27 -6 -96 27 -23 78 -66 -36 -85 -84 -44 -80 -45 76 -49 -77 -87 -16 67
-10 55 31 11 -49 95 -38 -27 -88 97 54 -23 -84 33 -71 -84 23 25 88 -88 46 19 -40 -42 -32 -47 -84 -49 -13 80 -73 55 -87 58 -78 -37 92 91 -56
-19 24 39 47 -35 72 -46 -78 58 12 -88 85 25 33 62 73 -43 -79 -40 57 40 -35 77 27 73 9 -88 35 -97 -65 -24 61 13 62 26 10 -34 -13 -67
-68 -94 25 -10 -99 98 14 13 -91 49 14 96 -45 -21 -61 -81 -10 66 37 -96 76 -17 -25 -92 -6 -10 98 -71 -83 -83 -26 25 -55 -90 78 11 -24 -54 67
57 -59 -63 92 -46 33 -48 -83 -24 70 -46 -35 84 -21 10 44 97 -57 -65 85 22 -23 81 -64 -56 -9 -45 -5 -8 13 74 34 24 -71 -35 45 20 21 -34
33 63 -51 -40 41 -29 -79 88 63 -35 60 81 -51 8 70 11 9 9 -73 -93 -87 -85 -10 -23 -13 -36 89 22 -24 79 -51 -83 -79 44 -47 52 -78 45 14
42 -17 -46 -79 -69 -99 -9 44 50 -46 28 57 70 79 29 -47 -56 20 -93 -83 -36 29 52 -14 62 -60 -34 2 71 47 90 -31 -80 -84 -18 -19 -98 -78 -29
-46 -1 -6 89 77 52 -83 -17 -49 -81 31 -33 -100 94 -3 57 68 -87 43 -73 98 65 -71 50 -92 -7 -97 91 58 -54 14 -84 -78 81 81 96 66 -60 36
55 -64 69 3 39 -57 85 15 -88 -29 -59 45 70 -1 -79 63 5 -19 -74 -90 64 46 22 48 26 -62 -55 95 -31 58 -42 -21 -9 -37 19 89 67 -58 -15
-69 64 -97 -61 58 92 -53 -96 -15 35 -19 -25 36 5 66 3 -87 -99 67 -1 77 -92 -61 -61 10 -98 -6 -48 64 43 -95 49 -62 96 79 90 18 31 -28
13 -89 -52 -100 -53 38 -70 -43 -40 39 38 5 -30 -38 65 14 91 66 -68 19 -59 -32 -89 0 -27 -29 -46 -52 -29 62 16 90 -71 -30 57 33 -22 70 7
-55 46 36 99 87 -21 15 72 11 93 98 88 7 49 33 95 42 62 14 53 -2 14 -51 -81 -97 68 33 0 -82 29 11 52 -28 -84 -8 -19 -13 -63 26
-86 73 34 98 -20 -10 -67 -12 35 41 -76 59 -63 -83 74 -65 -67 34 53 -84 -14 -47 84 6 -39 40 35 -63 45 -57 13 85 85 2 9 74 15 40 -32
24 19 83 78 11 -18 33 31 5 -8 58 52 -84 88 -53 46 21 -18 -37 74 -15 -15 68 -34 72 66 -52 19 11 97 -36 27 -10 -81 49 -83 85 -100 -95
-74 38 -79 -96 -62 40 -56 -60 -84 27 43 13 -54 56 27 74 77 -71 -46 16 -56 68 98 -92 -34 -99 55 34 -96 -54 99 -98 -17 74 89 52 23 -64 60
-20 -51 13 24 16 -29 -52 -39 80 -78 -70 91 -2 31 -10 -78 -50 -96 29 -68 -8 16 -71 19 25 57 50 47 6 -6 5 -29 -86 -78 37 -82 -86 -60 -89
13 40 -4 -93 39 37 -96 -9 -94 75 82 78 -36 57 -3 -14 68 -89 -11 61 98 85 -52 -50 12 96 -61 -54 67 5 -10 97 38 8 -13 -14 -59 -65 -68
-62 16 2 -69 -23 -80 54 -66 45 -50 -29 -53 99 -76 -69 53 59 -47 44 -73 52 97 39 -8 8 -77 -87 -24 57 53 -62 83 36 21 -11 -28 85 -15 -73
91 -53 -94 -84 -46 85 60 38 -84 -3 -7 -81 -97 28 46 -15 -69 -42 -42 19 -69 -97 -50 87 -60 7 -78 -6 20 90 22 4 69 11 -66 25 90 98 17
-81 89 3 -4 80 42 41 -92 66 95 -30 94 22 -20 5 -46 70 -80 -86 -19 -86 76 -95 -90 69 44 -35 76 51 -4 82 29 -90 61 -35 -38 -39 8 -13
17 60 -53 13 83 -7 -31 34 -64 -33 86 -99 63 -19 4 73 -85 25 -65 18 -38 -86 -32 -27 39 -38 32 83 -45 -40 27 -77 31 93 -9 -34 77 6 45
-42 -48 -63 39 -79 33 99 19 66 -52 -7 63 89 -6 38 -43 -60 79 -83 -95 -2 -65 -17 9 -1 -83 -82 -28 -11 -76 35 70 41 2 -67 -45 5 18 -28
-71 -52 -32 85 28 42 -62 -50 -92 6 -11 -67 -39 -3 -34 68 26 98 -5 -65 74 18 9 25 -100 -60 -26 92 49 97 -55 7 -96 16 -79 93 69 86 60
-52 -44 -4 66 -77 -49 17 8 -40 39 25 65 0 24 -98 -22 24 49 -58 -100 68 -22 53 -24 86 29 -11 -2 -31 -38 76 23 -2 -42 -75 -52 55 36 96
54 -62 -32 -82 -89 -79 87 32 -24 -49 18 -72 -3 37 -27 74 70 55 -77 20 7 -56 -68 -92 -45 69 -70 -63 28 80 -48 60 94 -12 20 40 -35 25 70
-88 51 -72 -95 -96 31 -71 -29 -64 83 98 -48 52 4 76 3 -74 -80 1 79 72 -22 -96 -62 77 -79 92 27 -48 75 -71 22 -73 -52 -55 -74 -23 -53 -74
51 61 7 -95 -52 -75 29 -61 -58 19 78 -63 -99 99 23 85 11 89 24 75 -49 -28 -95 1 31 68 9 -69 57 8 -54 30 -34 51 -38 99 -72 7 3
-74 94 -46 -11 23 85 -87 97 -32 26 -46 57 -71 -99 -50 -1 -7 24 -25 44 -18 65 95 -30 95 75 -15 -28 39 36 27 28 52 -94 -60 77 41 7 -30
-78 -47 47 40 -58 -50 -48 30 22 81 -62 65 28 66 38 -11 -19 97 -21 -80 -43 -42 39 -56 25 -49 35 -32 -66 -24 -62 -9 32 24 -20 -7 -66 -31 -34
-85 -20 24 -84 65 -32 -82 25 74 89 -2 86 -42 -99 88 -6 -58 -37 77 -55 70 -16 84 -65 87 -19 85 -33 71 80 -45 -73 -27 2 -97 -58 15 2 -53
98 -74 88 76 43 45 92 -99 -84 -98 56 -97 -61 -42 -85 -43 -82 34 0 -41 -72 10 70 -19 -20 -36 -71 86 10 68 -63 -71 -48 -46 17 69 -93 -59 -21
-100 78 -1 74 -43 97 57 16 -46 -42 -31 73 -73 88 56 -81 85 93 -87 -17 -75 -18 -17 -91 -56 -28 -10 36 63 -27 12 -56 -1 -25 -63 63 -49 36 -98
37 -91 -81 -78 63 -83 47 35 75 -85 89 67 -26 92 98 -96 22 8 -99 -72 81 -69 -54 76 4 -92 -72 13 -47 53 84 5 35 -12 26 -80 20 -87 -20
50 -14 17 -47 74 21 82 71 47 44 73 -60 26 8 0 -31 -43 72 76 -87 -78 -73 78 40 -9 59 96 -9 16 71 -14 -1 -50 -100 -91 -12 6 -5 41
-43 45 -57 -38 48 35 -79 -16 -5 93 -5 -9 33 48 -24 3 -87 -37 59 40 -19 28 -72 26 -70 61 -39 -55 59 0 50 -1 -53 -63 -49 -100 -62 36 -60
17 80 -34 52 -28 -88 -56 46 52 -17 1 85 -2 93 -37 -81 7 98 -46 17 -53 85 -48 -79 77 -55 -20 68 15 18 67 33 -84 -41 -64 53 13 -1 -15
32 -63 -95 98 -80 48 -58 62 21 -38 42 -54 76 43 -21 52 -8 -22 -7 -100 -42 75 -49 35 -16 57 72 73 -91 8 70 43 -26 90 -25 -43 -92 -56 -95
-77 -8 -61 -96 63 83 -69 77 54 63 64 73 11 -83 -89 -78 33 -7 64 -35 -69 27 -10 53 86 64 30 98 26 64 68 14 -92 -63 74 68 -56 44 42
2 -27 -50 77 9 33 42 -3 42 23 76 17 59 -67 -15 -41 34 75 -58 -73 50 33 -34 76 92 9 16 54 -73 5 0 47 -61 50 85 51 34 -3 27
-61 48 -44 -38 -53 85 56 86 18 96 1 96 -93 -50 83 93 66 83 72 -34 24 -87 -89 -40 51 -73 -13 12 -32 -85 47 66 50 -69 48 33 7 -23 -85
-94 -55 5 -87 -2 -53 87 -9 85 28 -3 -53 41 -23 65 -67 26 30 -1 -46 -37 -68 69 71 -51 10 -60 44 83 -99 -89 -26 -19 82 -46 25 -63 78 -4
-82 86 -100 23 74 -21 62 64 55 -96 95 74 -25 83 -31 -88 38 6 35 51 79 -10 21 72 -63 15 -58 62 12 79 -82 -50 71 -95 -88 84 -13 98 -86
61 -90 65 64 33 -63 -38 -11 -61 58 -44 -20 -9 -47 -84 47 -84 -75 -55 -91 33 7 9 -31 29 66 12 -95 -47 16 0 -12 -79 1 -92 87 12 -8 -86
-78 -49 54 -10 -66 16 -37 68 -94 10 -31 -95 71 69 76 64 56 -48 -1 80 54 33 -79 36 91 11 16 3 54 -62 84 -7 86 -45 -73 30 58 8 28
37 -49 58 -58 96 84 23 10 90 -77 -17 -57 -51 -63 -54 52 -99 16 -60 19 -51 -46 59 -82 -23 82 0 -9 -37 13 -36 -68 65 55 -58 -38 -49 -61 10
-71 -79 98 -77 17 -12 -32 -28 27 -51 -21 60 51 -86 -18 -80 61 -48 -67 -58 -99 -91 2 15 -45 7 71 -21 63 -100 -67 -68 82 3 -35 84 -51 -69 -68
