33 84
-20 58 -33 26 -95 -47 -23 -8 -15 76 -6 20 -8 -57 -62 -65 -54 -100 21 -23 34 -19 43 66 27 -55 84 -52 -83 -18 3 87 -29 -65 32 85 -14 45 -46 -16 -36 74 -83 -88 54 -44 80 -63 -25 -97 -46 76 10 46 87 -11 5 35 37 -27 -21 13 -60 -47 -73 -6 21 51 66 77 -87 63 55 -87 94 -63 -67 -81 46 13 -59 -68 96 -73
-35 -1 75 -100 43 50 8 -96 14 -42 -8 81 73 -84 54 20 17 -47 -66 -49 58 -87 29 -57 -27 56 59 51 -19 68 -9 24 42 7 -63 -25 69 93 38 -60 -19 16 47 63 89 52 99 -80 -17 -32 55 79 29 65 -29 10 22 -90 39 83 -49 71 93 -39 18 -73 -72 38 99 -20 -18 -56 -15 12 90 44 -57 -37 -99 -56 44 -94 14 -1
-56 2 -57 -13 0 -79 98 62 27 68 68 -71 77 38 33 65 -100 96 -96 14 26 98 64 46 51 16 -21 82 -17 -56 42 -25 -70 -69 -15 -16 58 83 -19 82 -96 -100 27 -80 3 13 -5 80 -6 -31 -20 77 -88 9 41 -58 20 -12 69 -9 -14 82 -68 55 36 -67 -54 -54 -75 -86 -9 -40 0 -90 -5 -10 -84 -20 86 -13 -77 -34 67 61
51 -54 -42 21 76 -73 -84 64 75 -25 -30 71 30 64 -47 -14 25 54 24 -39 -87 51 -29 -37 39 90 10 42 80 96 -35 -74 90 60 -90 -79 97 88 -57 19 43 40 38 -64 32 83 -90 -57 -42 72 -23 59 68 51 67 -41 70 87 -72 -19 80 -58 80 96 -90 31 -46 -4 -52 -64 -50 -54 -15 -19 48 40 50 63 2 -40 -76 23 1 -80
-63 -59 -93 66 -97 5 31 -43 -75 -7 -26 -37 31 61 40 12 12 6 18 -68 -65 92 -97 64 11 -21 -44 -57 90 -44 80 -82 -48 -71 28 36 -29 33 39 72 -67 -87 -58 -16 -59 76 50 91 -37 -21 -62 -40 27 -72 3 1 28 47 12 67 2 -57 -41 79 56 0 -59 21 -87 -10 65 -25 -55 -27 0 -19 32 92 -41 32 -9 70 78 -16
-2 31 -92 57 37 61 -45 35 98 -57 77 -54 -14 -94 38 6 35 9 84 67 89 -51 37 -93 32 -50 -96 -86 74 -24 87 19 24 -30 43 58 54 51 48 -15 27 77 66 7 30 46 24 5 79 -75 32 -37 77 98 -12 51 4 81 -52 -93 74 -39 -12 81 17 -32 -10 42 23 57 -37 20 4 88 23 69 60 21 10 36 -41 88 -58 -74
-91 76 -35 -69 -83 -25 83 -78 -25 32 85 18 57 42 96 -69 -1 -8 52 76 15 -23 -30 54 4 -89 92 -23 57 42 -27 70 -64 50 -71 -36 43 -91 -34 55 51 38 -6 -90 -73 31 -66 -36 32 -56 -52 -47 50 -64 94 65 -59 99 71 -58 -43 -76 45 90 -33 29 -89 -97 22 21 43 18 20 66 -92 37 -84 64 -94 -75 -48 40 58 51
-66 44 72 22 73 -23 98 -23 -83 -42 -57 -39 58 61 63 -5 29 71 60 -61 -4 13 98 -57 80 28 -93 -83 -88 80 -65 2 -37 -91 -86 62 -82 -22 -3 60 -73 -41 74 -19 57 32 42 55 -86 11 -79 -6 -95 14 45 -60 -53 4 98 -74 -16 10 10 71 1 60 -13 -1 -51 -90 -23 -66 85 -32 46 -11 60 41 -49 -67 91 47 -7 8
-68 14 11 37 45 24 62 -17 -41 76 27 -80 16 -15 -77 34 -42 52 -83 7 53 48 59 9 -46 -10 6 -28 81 14 36 -45 12 -35 -98 40 -91 47 15 -96 -18 70 -62 78 47 59 -85 -17 -8 93 81 54 32 56 74 17 77 24 -32 52 -60 -66 -94 -76 35 -78 -98 -74 -59 25 -35 89 54 57 -56 42 -65 -13 -86 -89 -51 -40 -58 -51
61 0 -54 -67 19 -74 -93 -83 27 -80 -76 -44 -25 85 -63 -32 -53 64 -15 83 -11 -60 -12 -30 56 -8 -96 -72 -85 -10 82 -69 14 -49 -36 30 -75 -79 -94 -57 40 43 33 -31 -39 95 49 68 -64 -39 -30 -52 59 0 -74 56 -6 91 94 -100 27 -74 32 -96 -31 69 -98 -6 26 -24 26 -62 41 63 41 69 41 64 -10 68 -13 39 17 29
-78 21 -9 90 -3 92 -45 -31 45 -47 -3 -59 39 3 -30 -6 -60 -36 -27 78 -65 70 -51 -26 -49 47 54 -65 -18 -24 44 54 89 98 94 98 -48 58 87 -71 -56 -73 -69 8 40 -71 72 15 -31 -36 98 35 26 -98 -12 86 10 5 83 -28 39 -92 37 32 23 64 91 -33 -83 -90 51 -78 -74 79 -71 42 28 -90 -98 -9 -62 34 -71 82
90 -73 -50 -12 28 -94 -4 13 47 28 -28 -79 -27 94 -82 -47 50 -41 -98 -58 5 50 -1 43 90 35 86 -28 23 -37 -93 89 70 -62 -12 -89 -69 61 58 -7 -2 56 55 -5 11 69 -80 -57 16 -90 56 92 54 -49 30 44 -12 -48 80 -12 88 25 -17 -39 15 47 -51 -95 0 -50 -92 8 52 31 88 76 -8 13 -80 91 46 -78 -38 -68
-71 71 -83 43 -16 -36 -6 89 -51 28 53 67 -90 93 9 33 35 -34 2 26 41 -46 -1 38 94 -11 23 -52 46 12 -77 30 -26 -31 36 -94 -25 95 -58 -30 -59 -13 -74 -27 41 -28 40 -25 -77 -59 5 -25 -36 -56 10 -32 43 -67 -60 98 -50 -13 75 42 52 14 76 -41 1 34 60 -26 -79 95 -47 81 32 38 -61 59 -94 -22 91 -81
-74 18 43 34 24 -10 63 -74 72 80 -86 -64 13 -18 68 36 29 21 -54 -1 97 -16 -34 -42 45 0 1 29 -26 -10 -82 -14 -65 -89 41 -12 5 -88 -72 78 -47 -85 65 32 -73 88 -12 -41 5 55 -6 20 -35 -44 -58 67 -90 93 83 45 8 96 -18 -32 -33 -48 -51 -35 42 90 -80 3 44 35 47 -70 83 21 93 26 39 -7 -5 61
-59 94 32 -94 92 43 63 -53 8 25 -38 -6 -66 93 -34 -17 -57 93 94 -19 96 -55 -59 46 56 -52 14 28 -20 82 -2 66 -8 -52 68 -30 95 98 23 96 -43 -23 -86 54 -13 -91 92 73 35 -8 -77 93 -4 -60 -79 13 -88 69 31 21 12 27 -86 -77 8 15 -5 -77 -41 -69 3 -38 97 -41 70 6 79 1 -49 52 -65 4 21 -87
-30 37 93 77 -71 2 64 -3 23 -45 -17 -96 -5 94 67 -75 60 6 2 3 -14 -45 -57 72 67 24 0 78 43 81 -82 -45 -56 -53 -79 -97 45 -39 50 12 36 -12 -27 65 -86 -38 -49 -32 -91 10 -84 -47 -31 87 -44 -90 -92 27 -50 -32 47 86 -82 25 -50 -33 -37 36 -54 74 68 -14 -20 99 -19 -57 -20 66 -12 12 92 88 -63 -99
-90 -16 -91 70 -35 81 -86 82 -13 -45 3 -67 22 89 -91 -29 8 -58 39 7 -48 -78 30 56 -5 31 -28 81 23 -25 82 -16 -39 -47 51 42 37 83 -38 -3 -10 34 -97 53 63 -8 -25 83 -7 -27 34 27 -83 17 72 -27 -91 -48 -66 63 -73 32 -3 -15 -38 -33 37 -23 91 -15 96 39 -63 -32 57 -77 -88 -84 71 -34 -85 14 -35 -33
14 31 -12 79 99 -66 -14 -50 27 74 61 -97 0 -83 -29 58 -32 -70 -92 18 28 88 82 -50 -86 54 -97 27 -24 -78 24 73 50 -99 -47 4 -75 25 -15 95 53 -58 39 -44 -12 -7 -67 71 -60 86 -12 -12 -49 88 9 70 -51 62 38 89 94 -40 -20 98 32 26 71 -2 -69 72 34 -48 35 68 -35 -25 -42 27 -52 31 87 78 -46 -9
10 -24 -90 -13 65 -52 5 -6 46 -71 16 91 73 -9 7 91 53 -28 78 -61 -26 -61 30 40 -42 29 -81 -14 88 -46 -82 -87 -68 97 -62 -99 -19 -90 -5 29 55 76 -12 -38 -75 -60 -48 -35 -94 -44 75 -26 -58 3 91 47 91 44 63 48 97 -46 -82 -4 31 -93 -77 -52 -46 -89 56 -70 -29 18 -31 -71 4 -24 -38 -21 67 1 -5 43
-53 62 27 -92 -17 -70 -29 65 64 -92 92 55 -95 -67 76 -40 -23 29 4 -15 -40 -53 -26 -66 -98 -44 -82 45 -40 18 85 -8 -3 9 -50 -17 -24 47 -85 -19 -18 3 -97 -38 -61 7 -54 -63 -24 -96 80 -6 7 30 -37 91 -94 95 98 -77 -71 64 -30 39 -61 63 -36 16 -1 99 -89 -27 43 -83 8 -67 5 11 -1 -25 -49 66 51 -90
-80 -29 41 7 49 2 -23 -11 -58 3 89 63 -10 -34 70 31 68 29 -48 -49 -89 50 -74 -32 62 54 -54 -61 -96 -32 -82 -37 91 -13 -10 26 27 -28 16 99 -18 -30 -78 -24 38 -18 -5 5 87 21 45 -44 -15 -69 73 -85 87 99 -93 91 -63 -43 -65 -30 64 -34 -59 -13 -24 62 49 61 -45 -90 62 25 -29 -32 -36 56 -25 68 6 -3
2 -24 89 -58 81 8 -53 24 -4 30 -40 -5 6 68 -37 68 0 47 -5 -69 51 6 -84 20 -83 -28 -41 -39 77 2 -36 -56 2 56 47 25 26 -83 -23 35 87 -50 73 -81 -98 -5 10 4 -61 32 7 13 15 19 -36 -64 35 97 -74 -95 -78 62 -42 39 -7 -28 10 -4 -6 -93 53 -54 27 -69 17 36 24 -74 9 35 -64 -23 -69 27
-90 44 -98 86 94 -96 41 -42 -12 -39 -60 -16 87 76 -93 31 75 98 40 -81 -1 13 95 92 -36 75 1 98 40 97 41 78 90 58 35 -28 94 80 70 74 -21 -14 7 -83 -100 -18 24 27 -20 49 -15 41 -11 61 -90 46 66 2 -96 95 35 1 73 -20 89 -60 82 -29 75 66 -89 -12 17 34 -34 -27 -17 93 -21 -10 -60 -39 -24 -97
-77 -37 19 73 -7 -27 16 27 41 -48 89 70 -36 11 3 -13 45 -3 -45 -21 -92 -96 1 -49 25 -65 84 -54 36 41 -18 27 58 -2 80 -1 -69 89 -55 30 -55 -25 83 -3 27 -1 39 92 -53 -70 -77 -15 13 -59 -87 21 18 93 41 69 -92 -94 -87 -100 58 -65 45 -1 -82 -31 42 -31 77 13 -25 -8 6 7 -59 23 31 -55 62 85
-20 -39 -27 14 -78 -26 -12 49 43 12 -4 74 91 -35 88 -7 42 -6 -93 10 -37 -29 43 -66 53 44 -26 -86 47 49 -52 -57 9 -13 37 -38 -32 11 85 -76 19 86 -68 69 -44 9 19 53 49 63 -20 83 -28 -55 1 57 -33 -75 -56 -65 84 3 86 71 20 83 -31 -39 -74 59 90 48 -70 0 35 -99 63 -94 5 67 2 -58 -82 50
-96 -18 -16 -64 -27 11 37 52 30 94 -94 -35 20 -77 -54 -93 -38 -1 21 -76 -7 67 -72 -78 50 -79 -89 -29 -84 39 -16 9 -34 -5 -7 66 79 -3 85 99 -20 67 -29 -31 34 16 23 -72 53 -66 -43 72 -56 -97 84 12 -34 78 -9 -51 -72 -29 -78 -81 0 47 -13 25 -51 -76 62 -61 32 -79 -66 75 78 53 65 -47 -25 -39 75 92
71 67 -51 -12 -77 88 -65 -63 62 -38 20 -93 -84 -6 22 36 63 -96 90 4 -48 49 13 59 48 24 14 -60 -25 -72 -58 0 -50 -40 -51 -40 40 56 87 -49 -74 -93 47 -33 -37 86 -85 43 -44 56 0 -11 -91 98 -49 -54 32 65 96 -54 -65 -86 -10 -4 -60 -11 -76 41 7 -91 -42 88 15 47 -22 -46 93 -7 -56 -66 -82 -91 -31 24
-57 77 -44 -26 -99 49 -89 -68 -91 -16 11 -40 58 67 -48 -88 46 32 84 98 -85 -75 38 28 25 75 16 -19 -13 62 52 68 29 50 29 32 81 -72 1 -16 18 -71 94 -44 72 50 -69 -53 86 -32 -71 -58 56 94 -6 -91 -79 53 64 41 60 -76 -87 49 49 -32 97 -7 18 21 -8 -40 -10 62 -82 64 -98 65 -35 -76 -9 -18 54 -67
63 -86 22 53 3 71 -14 48 -16 46 32 -9 49 -88 -80 7 41 -39 84 -22 -47 22 -4 13 -44 16 68 81 -40 66 -86 -67 -56 -48 82 -20 72 -40 5 91 -7 -51 -70 -82 -50 81 -85 -20 38 51 -77 -72 -62 -94 30 -23 -7 81 -62 -4 99 99 -43 -16 59 48 -57 42 -40 -55 73 3 -27 96 -58 23 72 -28 -71 95 -56 36 -65 -39
-85 65 54 -51 62 41 15 -60 14 -15 96 13 23 19 -84 -40 -29 41 39 -34 -35 -72 -19 -8 -25 64 2 -17 -48 67 87 60 -46 76 -68 74 -5 91 81 16 -54 22 34 27 37 -47 -38 -20 -23 -79 -58 -50 97 21 -99 -54 -14 -66 -25 -2 39 -63 28 43 32 75 -18 6 80 93 34 -70 -89 -41 -93 52 -11 -87 15 23 89 80 54 1
81 94 72 -26 2 46 -25 35 35 -18 -51 93 -75 85 -10 19 -43 87 -87 -47 -75 -57 75 -9 -81 36 -11 2 84 71 40 -15 -83 -92 -58 26 -40 87 -38 -58 -44 -95 -46 -78 80 -77 36 -64 49 -46 71 -83 -29 -60 -69 -100 -13 66 12 -37 82 -26 91 45 -44 -74 -35 56 -39 -62 24 47 76 -45 -44 -86 51 92 -74 92 6 14 -61 -74
-93 6 90 -85 40 -47 -14 -44 99 -12 63 12 71 93 47 78 16 -98 10 -2 81 -45 17 45 -12 25 94 41 90 26 -43 44 59 -74 33 92 -88 92 -71 -77 -9 -95 4 96 -10 56 -100 78 -68 -28 31 19 -83 34 -93 -5 84 42 -29 86 -10 62 45 72 -12 36 -65 63 -79 -87 65 -22 -51 -25 59 -8 57 -64 18 -65 -76 99 24 22
78 -73 42 -91 -69 86 -50 11 42 -4 36 72 -42 -33 -4 -20 -60 25 0 -72 -98 -29 68 -60 -64 29 3 96 9 92 -77 31 -19 -21 -83 -7 -40 93 14 48 5 9 -95 -91 72 39 16 44 -71 -61 -16 85 50 24 93 -36 -86 6 38 43 -93 -18 -77 87 -39 -27 36 24 37 56 -21 -19 -8 96 -28 -89 36 -34 20 -99 -33 80 -88 -79
