64 61
40 -71 44 -84 -81 -94 -6 13 -20 76 -98 -49 11 32 -9 85 74 -100 -17 6 -25 88 -22 95 -16 -80 7 89 44 35 39 12 88 3 -74 -92 36 -66 40 11 -17 -68 30 23 24 50 -95 -59 39 47 -90 14 91 -59 3 -79 38 -94 57 34 -74
-17 50 -55 -52 17 13 -2 -30 -50 -41 -4 49 58 -36 91 -63 67 63 74 -92 -31 -10 52 21 75 90 43 93 62 5 -93 39 -17 13 -88 5 66 -32 -22 -71 92 -56 40 48 70 -15 -93 20 -37 -80 13 90 60 -57 -79 -44 41 46 -36 -73 -52
4 84 87 81 -57 88 -71 -64 0 57 -79 -10 -86 16 -34 -64 12 -32 43 -15 53 12 47 63 -40 -68 -49 25 -64 52 98 75 78 -18 38 -74 16 42 -95 -71 -12 50 -14 84 14 51 -63 -25 -26 81 -91 87 -98 -79 21 73 42 -59 32 -15 80
-100 -48 -59 -78 0 28 -27 -70 36 -66 70 53 86 -35 -48 75 -31 -53 -35 39 -2 17 -45 -78 52 2 -93 -68 -51 -82 -86 -75 -69 -56 96 -55 43 57 -88 -93 64 -2 -65 -77 -61 -8 -31 -78 58 27 64 -50 15 -31 14 1 75 0 37 -89 -29
65 -92 -96 -39 50 45 26 -35 -74 69 59 46 -5 -12 69 27 -28 -50 35 -33 57 -79 -77 77 -36 -40 -19 -72 69 -82 2 -73 57 -1 80 -98 -11 44 -82 32 33 5 91 28 -93 77 -36 14 42 -88 21 71 69 -32 -49 -97 34 56 -77 2 -85
-40 -66 -79 -18 59 -98 -5 3 5 -52 52 -92 88 -38 -12 96 -95 -73 -62 -64 79 9 -93 -25 60 -38 -42 -93 -96 22 58 -7 25 11 34 88 23 -54 -24 11 23 85 -89 13 54 58 29 41 -71 15 89 -80 -61 -82 -94 71 -97 -5 17 47 -26
19 79 38 -38 -56 57 -73 36 75 -29 -51 -84 -63 11 14 7 -80 -48 -98 -75 59 -37 -71 51 -75 -36 -67 23 -69 -32 -18 -61 -11 -55 4 -93 86 95 -85 42 -55 -26 -30 -14 55 -9 -98 -78 14 -84 23 53 -68 -98 58 49 -3 1 89 -67 -79
11 73 -57 58 65 90 -84 28 58 -4 25 37 -64 40 -78 -41 44 36 -87 -36 -23 -36 97 -22 92 -27 -69 95 -30 -21 33 -74 91 78 33 10 -26 80 -3 3 44 -46 0 87 -95 -24 67 51 1 -54 26 18 -49 -3 56 20 -100 -95 66 98 78
-5 42 -86 63 -42 91 -41 -96 6 77 -14 21 -66 25 -10 90 42 -49 64 6 -81 77 -90 -49 -86 -44 -85 -97 46 62 -16 -66 10 98 60 -41 34 -29 -2 -89 -84 -27 -78 -28 78 -46 -69 -6 55 -44 81 -84 -85 60 -61 -16 19 67 -66 20 -76
94 -90 72 78 95 44 92 64 -38 -79 20 74 -83 35 25 -100 52 86 49 -91 -84 84 97 54 94 55 83 -32 -82 -50 51 67 -92 -66 86 73 42 59 53 -62 24 -56 -90 -7 -35 20 -84 6 47 85 16 -50 21 -31 64 -40 74 2 -89 97 -76
-54 -92 99 86 -32 -96 -87 -93 65 74 -26 -83 3 -75 -1 -75 77 -2 6 -93 -45 14 40 -57 1 38 17 65 -18 -76 -73 87 -53 48 12 13 -21 -28 0 74 70 4 -74 40 -7 -30 37 -12 88 29 -93 -65 -58 27 -43 -20 -44 -11 -87 67 48
-22 24 -43 80 70 62 -87 -72 76 52 79 48 66 49 -69 34 12 -100 3 98 20 -20 4 -17 32 -77 -21 81 -36 1 16 -13 50 -27 -89 18 -81 -62 42 63 88 71 81 -14 -4 22 92 71 44 -38 -30 -98 -48 99 -6 -91 36 -84 -61 32 -13
95 -49 -100 51 7 -59 73 -15 94 63 -73 -90 72 57 -22 -93 -33 -68 -96 56 81 9 97 -45 -33 81 -63 71 -41 -51 -93 -5 12 50 86 -19 -28 -41 -4 70 51 -94 48 -24 -81 39 88 -42 -69 -38 -76 66 63 -40 -10 4 -80 49 10 34 -76
17 8 67 -63 -41 63 9 70 -99 -52 -10 -6 73 51 -91 92 75 -43 53 -38 64 -52 -47 30 -18 27 84 -74 18 65 -20 99 -66 -89 -69 -20 -73 -25 -42 76 -50 -40 31 9 -99 48 -34 55 4 -31 40 -60 20 79 22 53 21 -72 58 -79 75
-11 61 -12 -18 -63 92 23 -94 -41 84 22 -21 9 99 -22 29 -58 -6 -80 -52 75 -88 -55 -80 -18 -56 83 43 55 -66 -63 -19 -65 -43 -89 -73 -91 29 -55 -17 7 35 -85 -84 -26 42 51 -29 -74 -63 79 -15 -92 -60 -79 -14 -56 47 58 65 -59
0 -26 64 39 -91 36 -78 28 70 -79 88 -2 -44 53 -63 -88 82 -90 5 -17 67 76 76 67 -27 13 -22 -90 -44 -39 63 -35 -47 -40 -44 -36 20 -85 7 -66 88 65 11 -91 -82 75 10 -81 93 2 -51 58 -15 71 37 65 -95 -37 26 16 -42
-40 -76 -60 -32 96 57 -1 -14 12 -26 -94 98 -16 -47 67 90 -27 -50 -70 -78 7 -79 -17 50 -64 -60 54 10 12 65 53 -35 -97 -71 93 69 -92 -26 87 0 -88 -65 1 28 -82 -86 97 31 -13 31 58 -38 69 -23 45 86 96 -64 89 -64 -31
62 38 89 54 -89 -82 -47 -75 12 29 -51 -91 89 -22 -50 43 -66 -25 -35 5 43 -82 52 -68 -89 92 46 53 -29 3 -87 72 90 -22 99 94 84 55 -37 -60 51 -16 82 53 21 -58 -15 63 84 36 76 68 -69 71 8 -92 -14 29 73 33 -61
-29 47 -5 93 -30 26 85 -80 17 -45 80 -61 -63 -27 70 -29 69 -76 50 -91 8 13 -74 -42 -20 -10 69 33 -16 7 2 -79 -63 -78 40 15 37 -34 4 13 -12 98 0 -76 -40 96 74 -37 -58 -88 -60 25 -60 79 -84 78 22 71 -41 21 -92
-47 82 84 -9 -32 -87 71 -44 72 -53 -30 63 -33 62 93 -84 83 23 -59 17 -36 37 80 -24 -54 -9 57 -60 2 82 -10 -22 6 71 86 59 27 -19 14 -2 -73 -77 22 75 -14 -47 72 93 60 -73 -64 64 -56 77 -38 43 -89 -51 88 -9 -88
46 -21 -38 -42 -77 -35 77 50 43 -99 -76 75 -46 -14 -1 -44 -8 19 -28 85 -23 -66 16 28 -75 -73 -34 -35 -24 -53 -97 39 -12 -98 -53 -38 -67 50 54 -98 37 -14 -50 -75 18 -34 84 -76 37 31 -79 -27 12 37 -77 1 -85 -34 25 28 -66
-70 11 -94 10 37 -83 65 53 21 -26 -10 26 -35 51 -60 -31 17 -15 -54 7 -93 -100 37 58 70 -95 62 -88 -88 -13 -19 73 -11 -76 70 49 73 -23 11 11 78 60 2 74 -64 60 -48 -55 -83 -1 -42 86 17 91 84 50 8 90 19 -19 61
-52 -65 -81 -77 25 77 74 -6 23 -64 86 -91 -24 2 -19 33 64 50 -31 -40 -2 73 58 31 73 82 44 85 77 -7 -16 85 93 26 -46 -11 75 -90 52 24 -26 73 9 -47 -36 -65 -61 -6 -88 -47 9 -69 -43 50 75 62 -60 -41 8 -53 42
-17 83 -80 -2 87 -95 -69 1 1 46 59 7 -51 89 3 -3 -80 -19 25 -92 -59 17 62 29 -6 49 -82 -84 76 94 99 2 -35 -27 -91 -74 13 -52 77 44 -42 90 -6 57 21 -49 -61 -66 -74 -71 70 11 55 -40 -55 -27 16 -35 -49 83 16
39 29 -19 -4 -19 -3 70 92 75 43 -84 70 15 62 -51 -64 -61 -39 -35 -40 -88 75 -59 29 24 20 22 12 -99 9 6 60 -79 49 42 75 -35 0 -59 -60 94 28 -96 -31 -51 -65 67 6 77 53 58 78 -46 -10 75 98 72 -18 -17 -50 34
83 -48 -82 -59 -49 -78 -22 -84 -98 -20 70 61 -78 -31 29 -45 -83 -54 71 70 22 22 48 48 -31 77 51 -79 -88 -63 47 13 62 -98 -40 -84 86 68 -71 26 23 -21 -79 16 67 78 -28 59 -80 -14 -68 -92 94 73 -17 48 66 -62 10 65 -54
-28 -2 44 74 99 50 4 23 65 -71 15 -46 -7 62 79 88 40 -67 -44 -81 76 52 -72 -21 66 -62 76 74 -93 -42 17 4 -17 -61 73 -49 77 82 54 50 72 25 -93 25 62 19 -77 -32 70 -79 70 99 24 87 51 -58 66 81 -46 56 55
-65 41 -74 -94 23 -94 93 -76 10 27 7 59 -62 86 -38 -45 -45 98 -91 25 -74 -6 -19 -99 -10 12 -97 8 93 36 -90 -89 -50 -22 7 87 -23 17 35 89 18 66 -42 63 -62 9 -98 96 51 5 61 -32 14 14 -86 -100 8 -6 -35 5 -4
-95 -62 27 66 -78 -40 -61 -95 13 -13 44 16 -38 -18 -66 -60 90 -19 -100 -11 -3 1 -28 33 -45 29 37 -19 -33 -47 8 -39 -87 13 -86 -21 -54 -47 57 95 -34 -77 -84 -58 -75 80 96 -35 82 38 40 -56 72 -79 13 70 -63 85 -81 45 -22
44 -22 1 11 7 -28 -54 11 -62 70 -92 12 -76 58 -68 -22 -60 76 -81 33 50 76 52 80 -67 -22 29 49 -55 42 1 27 36 -53 -26 81 0 -5 -18 20 -77 53 -49 86 5 -19 80 -7 2 -21 49 -72 -70 31 -86 -85 -27 60 22 41 -54
-1 41 25 -55 90 -49 -62 40 28 -65 -4 -69 52 -23 94 88 -82 -92 26 -38 -52 -21 77 60 -87 -48 59 56 90 74 99 -8 -66 83 70 -91 -48 -19 94 -58 -54 -90 -91 44 19 49 67 59 60 -97 -19 -37 -64 -50 -70 -8 59 57 7 -41 45
-80 -27 -45 14 -55 73 -50 -76 23 -3 -5 -22 42 14 28 84 -57 6 -89 56 -22 42 7 -65 41 30 16 61 42 71 -62 -28 -24 -87 -86 -96 2 -37 46 -65 13 -8 55 79 -5 -89 -100 -52 43 77 -28 -54 -61 -87 -20 -24 12 56 -78 -34 21
75 -95 -40 98 -34 15 19 95 -86 59 -48 -97 21 18 -41 -6 -48 -68 86 -50 9 10 57 -44 10 -45 68 -97 50 8 15 97 -37 28 -95 -41 12 40 -32 54 -49 38 56 -82 93 44 -46 -43 -63 51 47 71 34 57 78 61 -99 -76 90 -69 -77
-32 39 71 -41 -78 -58 -25 66 78 -17 -23 50 -82 94 33 -48 68 90 -33 -86 67 58 63 -87 -48 -80 77 67 -34 -37 56 -85 75 -41 38 -65 29 -16 -32 -62 17 87 -80 67 -43 27 96 39 92 -52 -35 -85 -22 13 -12 76 -32 -16 92 -62 -85
-50 -84 98 -72 86 86 83 3 14 -52 -93 -16 -40 97 75 -71 87 36 24 -78 -61 89 20 -63 -16 -40 -19 -15 29 -78 -5 -47 52 65 48 73 -43 -65 -29 -43 25 -6 -51 -59 -92 -42 -8 -37 -87 60 -19 -65 -76 2 -75 80 52 99 -46 83 -96
-24 -65 -79 -20 30 -67 84 -36 98 55 -78 48 3 -96 86 24 -25 -76 -61 18 -80 -52 74 26 0 -26 -2 1 -61 -11 46 17 -43 -68 43 -49 52 25 42 58 -18 -96 -52 -44 45 -84 -44 -73 82 21 -39 89 -23 -73 -75 91 -28 96 -99 -42 58
-28 -7 31 1 84 62 -43 81 60 -69 -88 -13 36 -95 -36 -94 58 55 -74 -55 21 -52 55 -26 21 -98 -81 -3 97 -13 92 -89 97 -50 34 -67 30 -20 61 -17 -26 39 -75 -86 -84 18 -7 -86 32 -41 56 -44 -61 -90 83 -73 -2 30 7 -77 -61
73 42 35 51 -61 -60 -57 -39 11 -96 -34 0 53 -14 18 97 95 -29 76 79 -21 -61 97 7 5 -82 37 57 -35 -61 55 92 95 57 -91 -46 -39 82 82 87 60 29 -51 -64 -65 -26 -13 41 -64 33 -24 -64 29 -9 -46 72 82 -24 -90 64 3
-46 -40 -50 -92 -72 21 -42 80 23 27 63 -17 93 28 15 -53 26 70 -2 21 -12 78 -63 27 -83 -34 -32 -59 80 -99 18 8 85 -34 47 58 16 76 -17 -1 -23 52 25 60 55 -53 70 -78 70 42 95 85 -13 23 84 62 45 -26 6 69 95
39 15 -53 -45 66 41 71 -7 -16 13 55 -80 60 -3 18 84 -5 27 28 57 -25 -20 -47 55 98 -89 21 30 41 -54 -60 92 38 -49 -43 45 75 67 -68 -30 -92 32 -71 85 12 11 43 -12 66 -48 -96 28 -66 44 1 55 31 52 2 49 95
68 -88 -16 81 -77 78 90 9 -91 9 -68 -19 -80 27 -40 99 -77 -99 -50 43 36 -40 -18 46 33 -11 28 -33 2 99 -99 56 -3 98 90 -96 -79 22 -13 -59 -97 -10 -98 21 -75 -67 56 9 -3 -15 26 43 7 -62 -56 -33 -62 -99 -82 -8 -40
82 -21 77 -93 66 -61 84 -94 -99 -80 -59 65 51 17 83 64 33 13 86 -14 -66 50 -100 24 23 -7 81 -33 -64 44 5 24 -51 67 -67 -9 -32 -69 -92 38 98 64 -60 27 -81 -52 -25 -89 -19 25 43 -80 -18 -13 61 -55 31 2 -35 -24 -16
-97 -85 -47 76 68 32 -79 -93 -95 -87 6 -1 -12 63 5 75 -56 -22 -53 35 10 47 -88 39 56 79 -7 50 -70 -6 5 -13 94 44 75 73 47 -57 -14 44 13 73 0 -6 -21 32 -73 23 93 51 -19 -79 8 -70 -5 -21 70 57 24 71 98
1 -57 -62 26 -9 -82 50 59 25 24 91 -24 14 -90 75 86 62 73 83 90 2 -77 -97 -12 53 -89 -48 -8 -61 94 88 82 48 -76 84 -86 -99 -62 25 48 70 21 -88 26 -96 54 4 -52 -39 -28 95 -97 -88 15 -81 5 -97 -42 -98 -44 -83
-45 -69 81 -39 69 27 -17 -4 95 -84 16 -1 47 59 66 21 -78 -52 94 -30 -34 18 45 12 96 -32 -60 64 -90 -9 35 -8 -40 -31 88 92 -53 53 -72 -89 45 44 57 -45 -48 4 73 -41 97 -94 75 -80 16 -99 -36 38 5 -7 33 -55 -71
66 44 43 -5 1 -50 87 -60 -29 22 -77 77 -32 19 82 71 2 -65 -83 -69 -49 4 -61 -37 -56 -12 -89 16 35 11 -47 54 -74 39 31 -91 5 -60 -12 82 5 9 90 45 18 -57 -51 52 -34 75 -56 7 59 -87 84 29 67 11 -43 64 -26
27 88 -91 28 -82 -78 87 -45 -15 67 -13 3 40 -53 -98 88 28 -13 -42 -40 93 31 -25 -26 -71 -62 24 -58 76 -13 21 -38 56 46 -66 12 14 -34 -57 -36 -58 -14 -47 -35 44 6 -31 -85 -36 -12 7 0 -2 82 82 8 -35 -19 35 96 61
-82 87 -18 67 -84 48 69 42 -77 -10 48 19 -61 26 42 84 92 28 3 60 8 -74 -42 38 -87 -24 48 60 86 -3 43 86 80 30 -76 52 17 -75 17 -48 -73 77 -41 -81 -18 -64 -93 -63 76 65 -8 54 -72 27 -79 -100 -19 -31 79 47 -12
0 45 81 48 50 -86 58 94 85 -82 0 -4 -85 -47 66 -39 26 88 50 -98 95 26 74 59 38 34 81 93 6 93 78 -17 11 -9 -21 -57 -21 81 -43 90 -74 61 -77 58 79 53 -90 22 56 -39 80 99 -67 -16 -96 -62 -32 -7 -52 98 -3
50 64 95 14 -15 -10 27 50 88 46 5 1 -50 25 47 51 -76 56 36 2 -74 -45 2 93 51 -81 -100 7 14 -18 -77 -49 46 -27 13 -23 18 -70 46 -11 -95 45 39 -90 81 -79 -83 -98 31 -29 -28 -80 -34 10 27 22 -53 -17 73 -68 33
31 72 44 80 -34 16 -20 4 -9 -80 61 -30 33 49 -67 30 -68 27 8 -29 -59 -11 18 -77 -42 -66 64 -40 -79 -23 31 -63 54 97 85 89 91 81 23 5 -100 79 27 -75 43 -78 71 -4 -15 18 -23 -13 -58 -89 -48 51 -50 60 -37 18 13
-67 -55 72 83 -41 -56 -87 -77 -57 18 6 65 37 13 -56 3 74 34 -36 -15 73 81 -50 47 -78 -6 63 43 -44 95 48 -38 20 -8 -36 -8 65 95 -72 -41 2 29 47 63 -86 13 12 -41 -86 -48 -58 -92 88 56 3 48 -97 -71 22 4 -17
4 83 97 -58 78 94 26 -33 40 78 54 50 33 15 -18 76 17 -24 -46 81 -97 -14 -63 -65 -58 -37 -40 61 27 -86 -62 12 -70 59 -63 4 -47 -3 -60 -6 85 -21 -79 -56 -76 24 13 37 51 -74 18 39 81 8 -72 -97 -93 46 -8 -36 73
73 60 -5 -55 48 91 69 -13 -37 -4 -48 -35 -50 96 99 -56 -64 93 85 -30 -84 40 85 61 -97 82 -81 -81 4 -57 77 68 60 59 92 89 58 -42 -39 -37 30 -6 -4 80 -56 -62 27 19 -32 93 -14 94 75 -37 -94 34 -39 39 -9 -53 60
-66 23 -6 -85 -73 80 35 0 -69 1 -88 -73 79 -13 29 89 -1 1 23 56 -2 -10 78 -69 -76 86 74 -20 -26 40 21 -24 76 58 -83 70 -65 -26 -51 -44 90 67 84 -98 98 71 14 -23 -79 52 -22 -9 63 -16 76 52 50 -62 4 -79 -88
97 -57 14 10 95 -85 -27 92 38 -63 76 -94 74 -58 -45 13 31 -70 39 -67 12 -10 15 17 73 39 37 -42 -99 96 -41 45 -30 7 71 -72 77 22 -73 13 -87 -35 49 43 -13 -34 6 -51 -100 -23 45 62 -30 -54 -10 -68 -32 -49 96 55 -25
-98 -8 -60 -52 79 51 13 76 13 21 91 54 35 -69 87 8 -84 94 -52 -11 -84 -71 18 45 -19 -67 -49 29 -4 35 -58 -8 94 2 -59 62 85 -7 9 -75 -16 -1 -43 21 -23 49 -85 64 72 12 90 50 9 -100 -95 -83 49 12 59 -8 23
-33 -61 -23 88 -74 -71 56 -45 -61 -18 14 -89 21 -84 -73 -7 -99 -38 76 58 8 -73 83 81 -66 20 26 85 51 -17 -62 78 -60 93 81 20 20 96 51 48 -33 -47 -30 -14 71 16 -77 -22 85 18 26 83 -86 18 33 28 -89 -53 -91 -63 -78
-12 -6 10 73 -59 -16 -61 28 -95 14 -77 -42 -27 -26 17 -52 40 9 28 74 67 28 -95 82 -37 -45 -93 14 61 -3 5 88 49 64 -4 -80 -22 63 43 -90 61 89 38 64 -24 -28 28 -58 -83 -7 39 4 14 -46 -3 -48 -93 49 -92 -36 -6
83 -31 -2 -89 29 82 39 21 53 13 49 -93 -67 -16 -28 58 35 -77 -5 -18 -68 -29 -14 91 -29 48 -53 98 28 88 81 -92 86 61 84 -34 -48 -91 -9 13 -77 -86 14 -68 -88 81 -92 -28 68 -42 -68 76 25 16 -66 17 7 -72 -20 -9 -53
-96 93 -56 22 26 -30 -27 -31 -42 40 -13 -73 56 93 -73 -59 -79 30 62 29 69 -64 14 49 -98 62 -95 22 -41 51 83 -58 -93 -72 -87 35 -42 96 68 65 -68 -15 -1 91 -31 94 93 41 -80 -29 -73 -88 -23 41 -11 27 53 -45 -78 32 -93
-24 77 -42 -48 -15 -59 62 34 53 -4 -65 -26 -100 64 31 27 -87 6 14 -65 -37 23 37 48 -35 -40 -9 -43 69 29 86 -74 26 54 -46 25 66 -20 38 -17 58 -59 51 -10 55 86 -47 -8 -3 -23 75 -52 -90 -64 -86 67 85 -64 -11 70 28
9 -8 15 -6 29 -70 77 41 -25 -45 75 -57 94 -2 83 27 26 35 -97 -21 -33 48 -56 20 0 -47 67 -7 93 78 81 95 -65 52 -11 57 -69 -97 -44 87 94 70 72 28 -48 71 61 32 -60 -92 -48 -53 -33 70 -28 -68 47 26 62 1 -18
57 76 -1 7 -4 82 45 -40 95 13 -20 -72 -66 76 -79 91 78 -44 -18 36 -99 10 -91 50 -12 14 95 -2 -5 -82 45 -68 -26 8 45 -88 87 -27 6 -13 13 -70 -65 -42 59 -87 45 54 -61 72 -68 80 37 -33 -7 -73 26 -48 -43 60 54
