57 41
54 62 -33 -6 -58 -42 -18 60 -98 18 -62 23 86 -50 82 -71 15 -23 -28 -69 68 -74 -57 15 25 64 38 -61 58 10 -73 85 32 53 5 95 80 -19 59 5 -76
94 -61 -44 -18 42 30 45 17 -97 -76 -29 -94 39 94 74 32 64 -6 24 56 -83 -66 -24 -12 -68 73 36 -59 -30 15 -21 -18 -36 -69 -60 11 -9 74 -30 -70 50
53 72 -72 42 31 -65 39 94 48 -3 -9 -3 -63 72 51 -19 81 -60 -67 69 -88 57 92 -91 74 24 -3 -52 54 79 -48 -86 23 -36 -67 88 -6 6 87 -68 97
34 -97 25 -32 -99 -12 47 -18 77 -79 71 -33 45 -17 -63 31 40 93 -87 -39 -11 93 -73 -31 -100 -78 39 -57 -31 -9 -79 5 62 57 25 -86 -34 15 73 -40 -17
0 46 -85 95 -74 57 68 -85 -86 -98 -27 -76 41 50 29 59 -83 80 -11 -59 79 -99 -92 -94 83 69 -55 11 92 -91 39 -53 -5 19 46 32 -62 43 55 98 37
11 56 -53 27 -55 -55 -26 40 -92 -34 21 23 80 -58 -58 -96 -51 19 -10 92 -70 -21 81 -48 31 -66 24 81 0 97 -36 29 89 59 -38 -5 38 -74 72 -93 1
-8 -57 -24 -38 -86 73 69 34 -87 -76 62 80 75 24 89 0 -60 6 61 -31 -62 10 90 30 22 50 1 55 -12 -65 92 57 4 51 65 -13 -30 91 60 -22 26
48 -69 -1 -7 -63 -90 64 16 -37 30 53 90 -77 -52 -53 0 -37 45 -10 -53 -29 -99 -14 -6 -6 99 91 -44 14 84 -82 8 0 -94 64 67 -29 -83 -91 -6 78
50 -45 0 -16 -76 32 -61 28 72 -70 90 -91 -66 -18 41 -68 61 10 57 15 -91 71 -71 28 35 -87 -30 71 8 -31 -39 48 -37 45 22 -72 33 30 -99 78 -62
66 74 -27 -83 -13 43 96 15 80 56 -71 0 -29 14 21 14 51 77 36 -58 -6 95 40 88 -78 10 -83 -13 -69 71 88 9 -80 59 -62 -60 27 -18 23 -31 -66
-53 73 -52 68 39 -61 84 -82 -66 -77 -64 50 -14 -1 -78 -78 21 -100 27 9 -15 -93 -65 11 -59 77 -14 -27 -69 -72 44 -62 88 98 -95 -40 -68 -83 -36 51 19
-20 -59 -80 51 -59 72 -60 -49 -49 -48 86 98 -42 3 27 88 -19 -64 17 -54 -36 -97 -74 9 -62 88 -39 13 -100 14 16 53 46 -3 -68 -78 89 -6 -54 63 38
-78 36 -12 -30 -50 -80 -100 67 61 95 -61 58 90 -8 -92 -47 40 -67 81 -65 -21 -49 -12 50 9 -66 86 -60 -48 67 -73 48 98 -54 -83 47 23 74 -16 78 -71
63 37 11 -10 2 -79 96 97 -10 -7 -17 10 54 -16 -89 -25 86 17 -99 -45 0 77 62 31 -48 -66 -100 46 -63 -19 -89 37 -79 26 -65 -30 50 -46 -57 91 59
-75 -61 -29 -41 64 6 58 -100 41 -83 58 39 -78 -16 65 37 -25 -86 -77 93 -61 22 -25 -43 8 -91 6 -70 -51 -43 -81 -84 -59 44 71 97 62 38 -89 -32 71
-61 94 -55 38 -91 8 -61 -72 48 -97 -10 -30 58 65 -29 -96 -11 -45 -63 84 -69 -99 -15 -47 10 -3 99 -24 64 -16 66 -61 64 -26 -90 72 53 -67 73 -31 -65
-23 -59 -39 -44 19 11 -7 -24 47 63 -59 -56 19 10 64 -44 13 -73 -25 67 -44 19 -67 91 18 95 74 -71 -65 71 25 -18 49 56 66 75 -20 78 69 6 29
-37 -63 -99 -45 79 -4 10 31 12 35 -48 99 97 -12 30 -38 -46 -70 1 -25 -18 -23 38 -96 17 75 -64 -84 18 -86 -41 90 31 -41 -70 -20 32 -77 -26 -28 -22
-4 -49 14 -75 33 94 -17 -88 -39 92 4 68 -71 23 -67 -2 -83 -54 27 -72 98 17 96 -46 1 -18 94 -43 6 21 35 -47 -63 -17 -36 40 12 -27 72 58 63
19 6 10 33 64 -24 9 56 -94 74 -79 -93 -89 62 -12 21 1 -38 -9 92 -30 -3 -71 75 -39 -27 -72 -43 99 29 79 28 -83 -43 0 -71 33 82 24 60 72
-24 -77 -83 39 -91 86 84 -44 -25 52 -17 -93 49 -70 -38 52 26 -9 52 -25 -98 94 23 19 -38 -49 80 -93 -86 53 96 -77 -83 80 58 41 -93 -66 22 -97 -50
-91 -35 64 23 -19 86 -15 2 -84 -31 -22 -20 89 18 -59 20 21 31 -98 -56 -1 -59 67 42 -17 9 -97 3 -51 75 89 -99 -53 79 -54 -1 -32 7 7 77 -34
-37 28 -65 -17 -85 -38 27 19 -50 9 -43 -99 4 98 21 72 -63 -58 -46 51 -54 -13 70 -4 85 65 66 -20 -84 -73 -12 95 -85 84 77 24 -77 -85 -96 2 -11
29 48 97 -38 -67 57 -94 -69 57 -70 89 13 61 -71 74 95 -28 -73 -94 15 9 -34 30 89 -22 -32 -4 -79 -9 -30 9 -44 98 25 58 2 -81 43 -9 31 -83
-54 -91 -78 30 -60 43 77 60 -74 -72 -98 76 35 -45 -35 -81 -25 -54 55 6 -31 95 10 -1 40 16 -93 22 37 14 -3 69 26 -71 -78 38 97 17 -50 -72 24
0 50 -95 51 30 -49 -13 83 -11 11 34 -58 -34 -71 -52 -10 -93 -100 -70 -10 79 -92 95 43 91 -35 86 55 91 51 -47 -44 -96 -69 -33 63 -33 -34 37 83 -30
-25 -63 23 -59 47 -22 50 -69 -26 -4 -17 -94 -35 -13 12 45 74 -66 63 9 -92 14 34 58 56 -9 14 62 -77 -34 -89 66 -63 35 -89 20 -51 -79 -27 -80 57
92 55 63 57 -54 -75 -2 -93 29 64 99 33 -32 -13 -92 75 24 -23 -45 -50 -91 87 -43 58 41 -5 -77 -93 -80 -42 -61 -19 -23 -58 -97 -83 12 54 29 -42 -20
-70 1 90 -89 -50 -64 66 11 -50 -26 63 43 36 83 33 -45 29 82 -56 24 13 82 82 75 76 56 44 64 -16 -20 28 82 61 -93 -2 -22 -29 -11 86 -17 96
-8 -34 88 -3 21 32 -64 60 -87 -90 25 58 14 95 -4 82 -29 -19 -9 75 26 -51 24 -46 89 63 -55 11 11 55 -3 36 -1 -54 99 -14 -23 21 -64 65 48
-69 -15 62 64 -3 42 47 80 -41 88 -35 39 -7 86 64 -61 -93 -98 -60 -22 68 -67 -44 -68 -19 -92 68 -7 41 61 -54 -1 -72 11 0 22 -36 37 51 96 -69
-76 8 59 -33 67 -56 -7 43 -98 -23 2 55 94 -33 16 29 -75 -86 -29 -100 -60 2 62 5 13 -40 82 12 -2 7 81 -63 43 -37 -42 16 95 -63 -29 -66 -20
47 91 78 -23 77 49 -93 27 -92 -15 78 32 94 -83 17 80 -89 -30 -43 -100 50 -19 33 60 6 72 21 19 51 -22 -2 -58 24 53 10 -35 23 89 -50 -31 -85
-31 22 79 -24 -11 78 35 -4 -24 86 -96 -52 -13 -69 -65 -46 -63 -37 -17 -10 -4 73 68 59 -40 19 35 -100 -33 -88 44 -26 93 53 -15 -1 -12 82 15 71 -45
89 2 62 42 62 -35 6 90 -35 50 51 26 80 47 -56 85 49 -78 -68 66 -65 -9 5 92 92 -57 -29 -60 -18 59 72 -37 92 -31 79 -60 44 -10 35 -71 -86
-59 57 85 99 39 24 66 11 -53 39 -12 12 16 -95 -34 -71 73 69 83 -54 -16 -56 -80 -40 -90 -49 -16 -53 -79 -41 87 -95 -96 96 -29 58 -21 -54 40 18 62
38 -20 -9 -97 48 -21 -76 14 -76 43 29 45 -90 -87 -44 16 22 -34 -4 47 12 -67 67 41 17 -2 -27 -20 -90 -24 -10 34 -64 -94 72 -91 -43 -69 79 -1 64
-78 -55 -61 75 -40 -14 40 -67 -10 -34 95 -30 -7 32 -53 -37 -3 -21 -79 -11 40 15 96 6 -90 -57 34 61 -82 -8 83 50 -22 52 -30 -50 12 -80 22 19 -24
-77 98 -49 -67 -96 -60 -98 -56 69 -37 -98 -30 -19 -33 -89 56 75 13 -62 36 33 -53 96 10 -65 49 95 54 -65 -7 -23 28 81 -32 -11 79 -13 29 2 -98 -85
1 -87 29 16 56 11 -80 61 95 75 13 -56 94 85 -94 -38 -39 78 -36 -57 -23 30 -70 -23 -48 60 -71 88 45 -8 -87 13 44 -1 48 -49 98 -70 62 -82 32
-96 -23 -67 53 -10 66 -11 97 -52 -73 24 -81 -70 50 35 -93 -14 42 88 45 -9 -64 -53 68 47 -75 19 86 -83 58 -93 14 -30 -80 50 -24 -19 -94 24 58 32
87 98 91 -75 4 31 64 1 42 35 44 -16 -21 -84 96 -47 91 -44 99 51 -35 -49 -52 96 3 -58 70 89 -6 -6 51 67 93 84 52 -8 24 93 -72 80 -80
-55 -21 50 66 -22 -16 30 -94 34 -85 37 -11 -47 72 -85 -88 96 -96 -93 42 -52 -43 67 -81 -57 -77 66 -73 68 42 -16 -98 42 -23 93 -99 -29 6 -4 66 -35
27 9 19 40 35 -63 73 1 -99 -47 -86 22 95 -6 -89 67 -24 11 71 61 95 -24 75 -19 -41 49 -91 24 31 22 -5 60 -43 -71 -40 -11 60 20 -92 49 -26
46 90 -64 99 88 43 88 -87 -76 -94 -40 -90 -64 95 -76 69 15 88 -48 46 81 53 1 17 -75 -70 32 11 -100 3 -96 -38 -73 99 -70 -34 -37 93 6 57 -76
-10 5 24 56 -85 -99 -62 14 95 21 73 31 64 74 -58 43 67 89 26 87 12 -3 -38 -66 -85 -69 10 -51 99 -76 54 59 37 92 77 -63 -11 -55 -41 -2 -69
85 40 39 84 -1 -43 -67 -78 95 15 7 89 -71 -74 34 99 20 47 -83 -33 84 -23 42 -98 68 84 58 -34 -40 11 48 10 -15 -12 17 -63 -62 14 -30 94 44
-38 -37 17 -27 29 -45 60 -35 68 -12 -64 60 -79 -88 -72 -66 -34 12 -2 -47 -65 -61 -98 81 93 22 -24 50 -80 91 33 -90 -4 68 12 -98 7 -14 -12 -50 -94
89 78 -67 39 -99 -27 -22 -46 -99 70 -34 26 -25 53 85 74 -11 55 -34 3 -41 -30 -74 -83 81 90 95 85 78 -11 -49 65 60 -7 86 -94 -94 -92 40 -15 39
60 13 5 53 -39 -35 92 31 -40 87 56 -66 -15 75 -4 -62 99 -65 79 -57 -82 -8 -40 22 -47 -95 91 -51 -11 48 2 -46 -14 -25 16 -100 72 72 -54 -62 9
85 23 -63 -58 95 49 87 87 69 92 21 46 -48 -89 69 22 44 17 17 -48 -54 -10 -52 -42 -29 -6 4 -84 79 77 48 52 -32 7 14 -47 8 -2 89 -34 18
-43 -87 -73 64 -89 -21 -64 65 -99 -13 85 37 -91 -97 90 59 -4 46 36 -22 -100 40 71 -57 -31 48 10 -8 -96 47 80 -58 -6 19 -72 48 64 72 -9 61 15
-99 -12 -62 -10 -54 93 62 5 -95 -8 49 -96 75 -52 60 92 -28 57 -27 -94 -54 -59 33 -86 -7 -31 8 -23 43 -45 -37 86 62 45 57 41 -50 -26 75 94 85
-40 -76 17 88 66 69 -47 -12 86 -96 -54 -56 -43 -13 -83 -11 -86 -97 35 4 -11 42 -29 -66 25 -14 -24 -70 79 -37 62 -14 -36 -14 -90 -73 1 -13 -16 23 -63
-48 40 -84 -95 -29 -36 22 -21 79 93 -93 -45 1 13 -58 -26 36 48 -18 15 62 62 -63 44 -91 -73 89 33 -26 40 69 35 -25 -83 43 23 -45 39 -99 -36 -2
-16 -47 -18 82 13 -27 -43 9 -12 11 54 -93 5 -71 88 83 86 -59 -95 85 1 -25 50 11 -95 55 -79 9 13 -72 -19 13 44 85 31 27 98 76 87 87 -70
-32 4 76 -4 -21 -64 85 -24 35 -4 -46 -28 20 72 93 -21 -9 -99 46 -81 -63 -42 28 -48 -9 92 52 -51 -7 -6 -57 50 -19 1 -57 59 -3 -59 -22 -32 -69
