90 44
12 35 -67 20 3 69 41 12 88 -24 34 -3 40 -41 7 -58 62 88 -31 -67 26 -83 -11 -55 -38 5 84 -68 70 -37 -79 -17 -80 93 67 -21 19 -41 12 37 68 -7 41 34
-25 55 -53 4 51 95 76 3 -48 -80 -66 95 7 -87 -31 -20 67 -80 -4 -17 39 -20 -18 -47 16 77 77 -70 61 -14 47 -32 52 35 -73 -41 -82 -7 -38 59 -74 -53 -6 -60
62 66 26 -31 18 -10 -60 17 -71 -86 -80 77 -22 -10 -43 18 11 -20 -99 6 40 -11 -60 -80 -79 -27 -23 5 52 -4 -39 -31 86 78 63 27 -36 -90 32 -60 -57 -74 7 -8
-97 -38 44 86 -9 -18 -61 61 49 4 18 87 43 -93 26 -45 -13 68 -6 29 -1 -49 -88 89 56 -82 -78 -32 -72 32 60 18 65 -39 66 -59 -32 47 -47 92 74 32 25 -44
29 18 -67 -37 26 -4 -10 89 82 -37 53 -68 23 47 24 -26 60 -72 -57 42 -49 51 55 15 38 81 -50 60 80 25 96 -59 86 12 74 -11 -55 74 13 45 45 12 -75 -29
7 2 27 86 11 94 -25 65 -6 96 74 -34 57 -93 -5 37 -51 -65 72 53 -18 8 80 2 65 -64 -33 -88 27 41 81 31 -6 -19 -78 23 78 58 -66 22 -63 -8 -68 -96
10 -76 -32 -34 40 -22 -70 -46 45 78 33 9 -47 -92 -77 66 25 -54 33 -89 15 18 71 -70 -44 -36 10 -6 -68 99 -67 69 -87 54 -27 0 -46 2 12 36 36 39 -29 -5
17 -48 91 -91 1 71 -59 -52 79 -56 -32 -26 -66 -28 -84 -100 -53 -87 -11 54 36 64 98 -70 41 56 -66 77 -94 57 15 48 -54 -5 -51 94 42 72 21 -10 73 23 15 -52
27 90 20 69 -41 58 12 -21 85 -30 -81 -43 -41 -14 50 -86 -64 -83 -59 -1 -93 61 10 -96 -99 93 40 -44 61 -50 -86 -100 -53 -90 -62 -68 23 95 -15 19 91 4 -37 -80
-20 -63 -90 -90 -100 83 -20 -79 44 -90 -6 9 -79 22 56 6 -12 55 -63 37 -34 -95 77 66 -93 46 30 38 79 -18 -89 68 -82 22 44 46 -64 -28 45 -43 13 30 -11 -31
-58 -69 -93 -58 -27 65 30 87 21 -39 30 87 -44 -31 33 -2 -65 32 99 88 -97 15 42 69 76 -90 41 28 -17 45 50 73 -36 44 -78 -95 -16 -60 -64 -60 71 -80 -59 82
-7 -50 -13 -24 -91 35 47 -91 39 30 -63 41 78 11 86 -74 97 43 -93 97 20 -71 -52 -22 -67 72 38 73 76 -68 42 84 18 47 -45 47 -55 85 -37 67 -60 -63 -40 -46
0 -63 -75 18 -52 -56 22 72 -3 -93 -45 -81 -27 -82 -79 89 53 -33 85 -4 80 42 3 -31 -54 -41 -26 73 72 -22 -47 89 -78 -70 -51 -56 -97 -100 -36 -41 15 -56 -75 88
7 68 41 -87 49 -57 -26 -5 34 25 65 -2 80 50 -7 -24 -61 -72 50 -50 -78 -84 -24 89 42 31 -100 69 -77 25 3 -42 -20 11 21 -4 40 62 -68 1 16 11 14 -89
-93 -68 -12 -97 91 -77 -68 0 -94 -95 -28 -27 -43 -47 40 43 -72 -17 13 9 -86 35 -73 -56 -6 3 72 5 74 -16 90 -60 84 63 -89 -17 26 66 -89 24 41 -48 58 91
17 83 -10 -56 -34 0 3 24 11 93 85 -11 -56 -66 90 -25 1 -40 5 12 -6 49 -30 -8 -49 63 3 -35 24 -71 74 -84 37 35 -1 -75 70 6 5 -36 87 39 0 20
50 -1 -62 -16 -35 -13 39 8 -51 -20 -11 73 51 -87 -73 24 -58 60 -20 -8 -23 59 -85 98 31 80 -94 60 28 -77 40 -51 62 30 -16 48 -84 -55 -57 -1 -11 -9 15 82
-11 -80 5 -8 -53 -87 23 -66 6 65 58 62 -95 86 43 57 -92 95 -19 47 -34 -29 19 86 -88 -86 6 18 19 -31 81 12 -59 -52 -37 -82 88 8 4 70 -61 -65 -52 9
-27 31 -56 66 39 5 -33 -61 -95 -50 52 -37 -8 38 -84 -16 -2 84 -61 -33 59 30 -70 42 35 49 76 65 72 76 -88 -44 -86 13 -47 -56 -53 36 -59 -56 -17 -25 -85 14
-28 93 1 42 87 87 93 -14 -24 -36 -30 91 62 84 -92 95 -58 -65 -88 -89 0 71 70 -13 2 -69 24 -97 33 6 -80 -16 45 -41 -75 -72 5 10 70 22 99 79 18 -78
97 81 31 -97 -36 18 -22 2 95 -35 78 98 19 -92 -32 -16 -82 83 -93 89 18 -59 -81 65 64 -99 48 -70 52 72 -52 -58 99 89 -44 -54 2 36 78 83 64 -1 51 21
-41 -58 61 -94 95 63 -5 88 -92 -19 88 6 8 -72 89 -25 -68 69 -2 56 -12 -30 -54 -81 -8 93 -82 69 -38 -3 -21 -58 93 -87 31 85 -22 -48 -38 13 41 -15 -63 22
-26 36 82 61 50 31 -87 87 12 -26 -78 -9 55 -3 -95 94 -26 32 71 82 69 61 5 27 81 -96 -66 -63 59 -9 7 -54 -39 -81 27 35 62 87 -59 20 -84 59 -12 -95
-82 52 -18 -49 -22 54 94 44 -17 -70 -16 89 -52 53 -72 -60 -87 -95 13 65 -70 58 51 -86 33 92 65 95 -29 -61 -64 47 -10 -6 30 55 -16 0 98 34 -92 -40 -64 26
41 89 -57 -91 -68 61 -30 60 -33 77 -4 -7 42 69 7 -25 41 -60 78 70 54 -73 1 -18 -8 -9 -47 -4 27 -40 -67 -53 -70 10 69 -27 91 -35 93 99 -78 89 28 73
-87 76 -11 -20 55 72 -91 -24 -26 52 79 -34 1 57 -84 -45 69 0 -49 -81 -97 2 80 -100 -90 48 -25 -59 75 -84 28 -39 79 -32 4 -8 35 -74 -49 69 -42 -97 87 -75
66 16 -69 71 72 17 -34 -68 46 96 -63 65 -50 78 -96 -62 -72 -32 -100 -94 -13 97 -84 -88 32 -59 -62 -4 -41 81 -45 -61 78 66 94 79 -42 -84 -7 66 -23 -92 -80 52
-78 87 -24 99 19 -37 68 -69 93 -81 -43 -1 -77 7 -73 78 8 -85 41 81 82 -79 21 -12 55 -1 17 -38 -33 -35 -3 86 -54 -93 54 88 76 79 -61 -35 -35 50 62 -61
-50 -37 -3 74 49 -61 82 -58 56 11 15 -83 -31 35 -74 -84 25 -83 -80 31 -82 2 -92 -72 -79 99 -22 80 20 42 41 4 48 -71 -90 -47 67 -53 -90 75 -96 -86 -3 -45
22 57 -24 79 14 59 96 -42 -17 -68 40 -100 -60 95 1 51 81 79 -36 -5 -22 41 16 91 29 2 -68 56 24 -75 79 -67 78 64 62 -4 94 0 -81 12 -4 -71 91 -92
12 50 -24 -2 53 41 80 32 99 51 52 -97 -89 31 -42 -84 -22 -12 21 -76 -57 87 -86 35 -47 98 35 48 22 17 37 -89 -86 -98 -9 -85 46 -56 69 -70 -37 -40 74 14
2 -4 -70 -56 21 -41 39 -24 75 -8 -70 -14 -56 98 -92 91 -29 -76 -74 29 13 98 -10 32 -42 -100 50 25 50 -82 58 -81 -100 -80 65 -77 -30 -18 68 72 -31 -94 -17 -100
42 88 60 45 -67 75 5 71 -59 38 -36 -43 -43 -42 -55 79 -95 54 -68 -77 -80 -37 -53 -10 -64 -55 62 -60 -62 93 -23 -17 87 45 -38 -19 -92 92 -37 5 90 3 98 -61
-6 -76 -24 42 95 -80 -89 73 -53 -19 32 -95 -41 -80 -37 -50 -67 -87 55 -36 48 87 -27 83 -25 1 56 -82 -19 23 -8 97 93 80 40 90 52 77 -68 -14 -81 62 7 -77
7 -69 -68 75 90 -42 -69 98 20 87 70 9 -10 88 -92 27 29 11 -66 -72 62 32 33 56 -95 3 51 -11 -21 30 -31 84 9 -53 16 -34 -15 -12 51 -71 27 -34 21 52
-47 43 15 4 11 -73 -36 -64 -51 -10 -78 -37 -27 28 -60 51 -48 37 -18 -74 -76 86 17 77 75 59 -96 -5 54 59 42 -81 -88 16 -55 7 -3 84 41 -72 51 -7 45 60
72 -73 95 12 -28 35 78 -66 -32 -83 53 40 -41 -37 42 86 -52 -19 4 -80 -76 97 -39 95 -11 72 -18 57 40 80 40 19 -85 27 -69 -81 -47 -56 -71 95 -42 -7 -67 -40
-82 -11 -7 -14 -83 70 -35 7 93 -67 40 74 -85 -100 19 -54 34 -75 20 31 -27 2 81 29 55 -19 39 78 -99 8 17 13 6 23 -52 -64 66 -27 3 -59 97 76 54 -87
61 -39 -96 -4 -5 63 -71 -47 46 75 33 37 45 -72 -81 14 -67 -52 17 86 -7 -14 -91 -1 90 -78 15 -14 -38 -58 -85 3 -19 -42 13 -89 -70 -34 -49 -40 62 54 -5 48
-61 34 82 -11 87 43 -99 -60 -73 31 74 1 -51 28 -16 -83 -41 11 -98 25 19 -54 -30 -30 -40 34 6 85 46 59 -41 5 -39 -20 -56 -53 -78 71 52 38 62 -60 -84 51
-37 -75 16 -18 -31 -69 -31 -46 -51 -1 54 29 -20 35 13 88 -51 -6 -27 93 -16 12 57 89 -42 63 -89 -75 -64 35 -94 -81 85 -12 -2 -97 -50 14 2 -81 5 68 98 81
-2 -31 -99 16 84 11 36 40 54 44 77 -25 12 -5 38 -88 -3 -6 -42 -99 -46 -87 41 -59 -23 -28 58 39 18 -79 54 62 -66 68 30 -27 58 14 69 -59 -66 51 27 52
26 27 -55 56 3 35 -50 13 11 -91 42 35 63 -51 -71 27 -19 78 -38 -21 -11 -36 0 -8 -25 51 -24 4 93 -24 4 -71 75 -65 -72 21 92 69 99 30 55 -34 81 -41
-30 -78 46 19 77 3 77 -15 34 -14 10 25 -37 58 85 79 -83 -35 72 -99 -76 -57 74 -58 -89 -88 -74 -16 14 61 29 65 -31 -71 11 6 -46 80 49 -33 61 -4 -66 -17
-49 -84 -61 51 -35 89 -33 25 -65 91 89 -5 -11 -92 84 -68 -88 82 -56 -54 12 -85 -10 36 -44 -27 -28 -42 -33 -44 -54 35 90 87 -92 51 78 -44 -7 77 -69 67 -5 -98
29 33 -96 -46 -2 -98 96 66 92 -15 56 87 20 -38 -1 30 63 -8 23 -59 28 20 6 44 39 6 -11 -72 97 -89 -95 84 47 31 -24 -79 -81 -25 -82 64 -16 9 -79 21
9 -57 34 -74 37 98 45 -21 78 12 -94 -23 -56 -25 69 34 -89 -57 -86 -24 3 78 38 -38 -85 71 90 -11 72 61 -71 -74 20 28 -100 -33 90 64 -36 -72 7 69 -32 0
65 -97 -57 -84 -17 -68 8 16 -94 14 88 28 -77 -92 -20 -8 53 -92 -73 -53 -29 10 -57 -88 -35 -84 99 82 -49 89 -65 -30 91 -9 -36 14 -87 60 25 52 -29 79 -33 -72
38 24 75 -62 -34 21 69 -45 48 31 25 -39 54 -59 -93 98 71 47 -95 -82 -51 -27 52 -41 99 32 86 5 95 -87 -86 29 84 98 -15 58 99 34 9 -89 27 85 -37 60
-10 -38 -84 -81 86 -34 -4 -84 16 18 94 72 -1 -71 -97 3 -52 53 43 -44 -82 66 36 65 -20 -54 -28 63 -86 42 93 -81 20 -35 54 82 -84 -80 -55 46 42 -42 19 -31
-99 -19 -28 -19 53 -31 0 -43 50 7 -91 7 -14 -75 86 -78 -89 96 7 -70 0 5 -79 -86 -94 -100 -56 25 61 26 -76 17 51 38 77 84 -97 31 -62 -65 59 -13 36 75
4 99 14 17 -54 -51 -88 54 98 66 21 32 62 10 1 -16 81 84 39 -24 27 -5 17 -41 -92 -27 -23 -46 14 -83 40 -66 99 68 -74 -93 41 -77 -63 -69 -69 -68 57 43
19 -30 -21 -79 -12 -2 -68 -33 -67 -68 -15 -33 50 29 -27 -64 -19 93 59 55 14 -40 -76 -63 -50 -79 34 -96 -46 -13 6 -20 6 -84 64 -20 16 -73 13 -2 -33 40 21 35
-68 -3 22 86 55 91 -13 -49 -99 -97 49 -22 -48 95 3 -11 40 80 -20 99 49 -32 -10 10 -59 -66 -80 -100 91 65 -11 -60 -41 -57 19 -89 -43 40 -31 -59 96 57 77 -9
56 13 68 -84 -100 57 27 79 -69 -42 -18 35 -15 45 -33 98 -40 -2 -63 58 53 66 -35 33 69 -54 -27 18 8 -49 55 -72 -3 91 69 83 30 -1 67 57 36 71 80 -82
14 19 0 -97 -9 47 32 76 14 -74 -4 -100 -63 66 -49 85 92 39 1 -68 39 -39 -67 -38 -2 -14 51 -40 5 -63 -53 -68 -61 48 -28 -76 94 36 -36 -46 48 18 -48 -47
1 -24 6 15 -84 82 65 36 -26 71 77 2 -11 -5 -60 -27 -27 5 1 52 -15 -12 -30 -15 -88 69 -93 29 45 72 9 24 59 29 67 -8 -7 -31 72 95 91 53 -99 90
-38 -64 94 39 -91 -28 40 -33 -17 95 52 -59 10 -29 54 -91 -28 79 78 64 -23 31 -90 71 10 -14 14 -74 5 83 61 91 -11 19 -23 -9 35 -84 89 69 13 57 -88 0
-82 -92 20 42 6 0 -24 -14 -21 0 -33 -51 -97 -9 19 32 -75 26 29 5 55 50 -43 53 41 31 -12 93 67 -6 47 -37 -5 1 -25 83 -31 57 23 -75 47 -26 -42 -71
-47 -97 -82 78 89 56 -100 -57 -81 39 -31 -96 -89 27 64 -57 -22 -6 57 22 57 19 -99 32 63 -93 -61 74 31 3 19 -76 15 -63 17 48 -69 -34 -13 -78 -11 25 54 16
-13 66 -33 -28 -39 -95 46 56 -79 -56 -25 58 32 38 -84 -16 -29 54 -59 85 -7 -17 50 85 -21 -99 90 -67 81 -88 -43 -82 -57 19 63 -68 40 16 85 74 -6 10 -43 73
67 74 81 -40 -31 -57 69 5 -32 88 26 -43 55 -53 97 9 60 4 -44 -38 -22 78 41 22 -16 5 88 35 12 -1 -73 -4 -64 0 68 -30 59 -67 67 84 -69 68 25 58
9 -54 48 22 -35 36 99 60 -11 -85 -27 11 -24 89 29 -4 8 41 -51 -13 -49 -66 43 -35 64 74 -49 -39 18 -29 -42 65 -79 -47 -33 19 -51 -54 -92 10 31 -15 -13 43
41 -83 29 -35 -27 -18 -90 80 -95 -2 -57 -7 41 61 25 21 45 45 -53 -43 -3 71 -67 -48 75 -98 37 71 56 -6 -38 69 81 0 -64 77 -37 -16 51 81 -67 70 -56 -40
37 6 -88 47 5 34 -26 91 7 54 -53 -50 -81 -34 79 57 -24 -74 99 81 -86 -15 -59 93 27 -74 28 38 -85 -96 53 87 -4 -99 -11 40 -31 18 32 -42 78 5 -39 -51
33 75 -38 8 -32 -85 -81 80 99 82 38 92 -93 -32 89 40 11 -53 -80 97 22 58 -48 -1 -46 -59 49 36 -61 -60 79 -76 82 -43 86 22 -33 -86 -76 -94 -59 34 17 83
78 -18 66 -81 -74 79 -73 -4 52 -98 -15 37 -82 12 -48 -75 5 27 60 -76 9 76 51 -16 -98 -45 10 70 -9 -16 47 -71 -95 96 -26 74 -60 -21 -5 16 77 39 88 -30
-97 37 -89 19 60 -86 18 -28 -65 -71 -72 -95 99 54 -45 -3 41 6 -72 -49 -50 -18 55 17 -21 -7 12 -18 -47 -42 84 -43 -43 -7 92 99 -56 65 47 -99 58 42 -74 86
-88 -92 -43 46 -100 75 -36 28 68 96 99 -99 -51 32 -63 6 1 36 -49 30 -58 -47 -64 -25 -70 -72 -100 15 -44 -55 -11 -78 -75 -69 -31 -46 -50 63 -38 -71 -21 -58 83 -18
33 -96 68 -9 -36 55 47 94 -100 -13 19 -57 81 31 49 -7 85 60 -3 59 -24 -83 63 64 -78 -94 67 14 -4 9 70 -4 -8 -79 35 2 50 -79 21 -35 15 -31 53 59
-74 87 -51 19 43 -19 -98 73 -93 -88 63 -39 53 76 -72 98 -74 63 14 46 64 -13 -25 54 28 -80 -24 -38 13 66 85 66 -17 22 -86 23 -56 -70 55 93 -82 -58 49 -99
33 78 -9 -10 -30 57 17 12 67 79 -40 92 -39 86 34 46 40 13 37 36 6 45 38 2 75 -35 50 -57 -1 -50 -52 -85 21 -58 -88 89 -42 -40 -32 -49 97 99 30 -85
41 2 33 -79 -88 -20 -5 -38 -29 -51 -62 -33 -59 -27 77 -2 8 -41 82 12 -39 5 -19 -52 84 18 -21 23 -7 -48 64 -52 21 35 -98 -6 59 -66 16 28 -52 -60 86 -100
-83 10 33 -69 64 -21 -15 -33 38 68 -44 -18 68 33 -54 -69 75 -89 -89 71 -84 99 89 81 59 -61 -37 9 75 -92 -30 -79 -5 60 -83 -35 -24 97 50 5 51 -7 -66 -72
-44 -85 85 83 -97 -58 -12 91 -34 57 -6 -25 31 27 -66 -30 80 -76 -67 95 -88 75 35 53 -81 -15 84 -51 40 45 -85 -54 -74 98 -69 33 22 15 -20 -31 12 -43 -63 -60
72 62 95 -66 -15 43 -96 -74 -54 7 -79 2 93 -69 -79 -96 62 -79 35 19 81 -43 -91 67 15 96 82 -8 -84 -41 -43 47 92 -28 -16 14 -24 35 67 -43 -77 72 -80 45
-69 -97 -57 -90 -52 84 -2 92 22 -44 59 -15 -54 51 85 -63 8 -25 16 9 -18 21 -25 -87 -68 19 22 -60 -85 86 -56 70 -81 21 -49 -50 74 93 -21 28 -60 -65 45 60
-40 79 20 -29 -56 -3 24 -23 3 33 76 -40 30 -5 -7 69 1 -71 9 -44 -21 85 -31 48 97 -90 91 20 27 22 -53 35 -25 43 -48 87 3 2 -51 48 69 -63 -63 75
37 -21 -12 -91 -27 82 -69 8 -73 -89 -59 -98 80 -74 15 11 -68 57 68 -32 58 73 -79 -100 33 44 9 54 67 -77 -27 65 -15 -61 -66 -33 -97 -9 -35 -47 2 -68 -5 13
71 -35 68 10 -35 96 -38 16 -50 32 63 83 -62 -36 11 -30 -67 16 -65 -69 98 -13 80 25 40 65 -64 -24 -92 -38 -22 32 -10 19 -27 8 0 -21 -29 -19 -59 -88 90 -100
55 -13 -54 12 44 -95 48 -72 1 -13 -6 35 79 17 -28 52 77 -37 -5 -27 -26 -24 -47 -74 -59 -6 56 39 30 73 -55 38 -89 47 -73 70 55 12 -64 73 37 -12 -4 62
-44 21 -63 -18 70 -19 -2 -36 -66 -76 -65 76 -53 45 96 6 -38 75 14 42 -70 34 50 5 70 59 31 69 54 -20 62 42 24 87 -1 54 6 -54 -69 -26 -73 -49 -16 -47
10 -83 61 -32 23 -26 79 47 33 -86 35 92 2 -35 28 45 21 -92 -17 -50 42 54 -75 51 37 32 -78 75 88 9 -68 86 82 -88 37 -72 -48 -38 -3 46 -69 73 -47 72
-94 81 96 56 -95 -99 8 -29 50 -39 93 -91 -29 33 50 82 97 82 51 -46 12 47 97 52 90 -40 -9 -10 32 78 62 -68 86 -7 44 -57 67 -3 -62 96 1 82 -91 -74
17 -44 84 20 -22 -77 12 30 39 -45 -31 21 95 22 -41 -48 41 -56 -96 30 22 52 -58 42 -71 22 90 -10 -11 -16 54 51 7 -8 -87 48 36 -54 -7 9 35 50 -35 -14
70 -99 -37 -4 21 -63 -88 -66 -61 -62 -98 -24 77 -18 -93 93 89 -93 -88 31 35 47 6 7 -82 1 40 -20 97 -2 85 -93 -73 86 -28 -55 -36 -64 -98 -82 76 67 -26 -38
54 31 -20 84 -14 51 34 64 -73 8 62 -96 48 -98 34 -81 -48 -90 48 18 -77 -9 90 -88 -74 5 -23 -5 -54 -81 -60 39 69 8 20 51 10 -16 -91 -26 66 -85 24 60
99 -5 63 -7 88 50 -73 -75 97 -30 -43 32 -12 56 -5 87 76 -26 -78 -64 89 64 -4 -13 -96 -62 98 -22 -67 -16 27 98 86 -10 46 -38 -15 -7 -86 44 25 70 84 66
29 81 98 90 -30 -24 -58 -91 -22 -31 92 -4 52 81 -73 -84 -34 87 56 20 1 -31 -55 76 -76 -99 -79 96 4 -94 -15 -35 18 24 -17 76 76 -99 -40 -99 -39 42 -20 85
55 -58 -4 -85 72 -95 -81 63 -83 -93 86 -28 8 -19 -52 -56 -32 -8 42 -62 89 78 66 51 91 62 42 -88 -43 -85 51 39 88 -49 -61 95 -56 -60 8 77 17 43 -98 -83
