39 44
94 -32 -25 8 16 -28 49 -86 2 86 65 -14 71 46 36 19 -55 -96 37 -38 -62 -56 -95 66 -50 29 -77 -7 -3 -59 9 -83 -81 -39 -33 -93 24 -45 -6 -47 87 77 -17 -38
-6 -28 37 -54 4 37 97 -61 42 -9 33 63 42 25 18 30 -76 -91 85 -77 5 21 -56 98 74 -11 18 -11 -61 -7 25 8 -80 -96 -33 17 -48 -71 -79 -20 -1 -67 2 -19
55 -10 -32 23 67 -10 -74 -27 -88 -37 50 -89 69 -14 -57 -49 29 41 61 -99 -86 41 -16 72 36 4 39 -35 26 -53 -91 93 -32 19 77 -54 -14 1 50 -70 -96 -52 61 -56
74 -14 -29 87 70 5 29 -48 63 -89 -31 -2 40 60 -95 80 -70 -96 99 -9 -37 -47 49 16 64 13 -70 -52 -13 15 49 -2 72 94 -44 -67 85 -18 0 11 16 35 82 77
-74 11 -55 12 -24 4 99 50 64 -90 21 -87 -90 -38 15 -71 44 -52 -10 81 72 36 -36 -24 67 -21 -59 -4 -27 28 -68 67 27 -55 -18 16 84 40 -52 72 -95 21 -73 61
-13 -55 39 -37 -39 43 -11 33 9 7 -87 58 -81 -52 22 -4 61 3 45 89 18 -4 -64 53 -67 3 40 39 -45 59 0 -20 -48 89 52 -41 99 -27 -52 -3 -28 92 69 -95
82 -78 74 35 32 30 -73 79 81 78 62 19 92 -59 -50 88 65 -54 9 -35 -84 -54 52 48 -39 89 -60 -9 -55 5 47 -2 76 -60 65 41 -72 79 0 -75 -96 46 -54 -86
88 -66 -2 11 16 -23 16 9 -16 -3 -47 -19 -77 87 -34 -35 63 57 -89 -95 -12 -78 91 78 -22 45 -94 -62 -80 5 75 -95 -62 55 56 -16 -61 96 87 16 84 -15 -15 -75
35 -88 -72 72 -9 -15 5 -23 82 68 -16 81 41 -15 -4 79 -71 33 65 2 18 39 12 -98 -64 24 52 18 -1 -18 94 -63 55 -21 60 -64 48 52 -7 24 -32 -45 72 19
-38 82 -26 -67 -22 -75 -68 43 23 -17 2 -81 47 -8 73 55 -63 53 39 -6 47 -80 -40 84 11 -78 51 4 19 -66 83 -100 -88 -48 -9 33 83 46 93 -91 -55 78 -22 1
89 -56 76 -98 99 -75 -68 53 84 -88 94 -19 47 -53 -29 30 -74 -58 -55 68 -47 68 49 -98 -26 14 -6 47 -71 -92 -60 -27 -82 -64 23 -96 -91 54 -3 69 45 74 93 60
-51 -88 97 -66 47 -47 19 35 69 -68 99 83 -88 -12 -52 11 47 -79 72 43 -67 33 -95 -91 79 56 42 40 -84 70 85 23 -67 -72 54 4 -50 57 -73 -48 38 -21 5 -65
-92 -96 4 -81 26 94 39 -94 71 -85 -86 69 47 12 -77 88 -42 12 -34 -90 38 36 -88 -57 44 -10 94 5 89 30 -16 75 40 -53 -96 -35 83 -38 55 12 43 68 74 72
8 25 48 -45 5 -11 64 -69 -40 34 -40 -56 -23 -74 -55 16 16 7 -38 -97 -36 76 57 75 -6 -75 49 31 2 62 -95 -59 48 32 -31 2 33 64 -29 -67 20 52 39 -80
4 91 -34 10 99 93 -12 -93 -23 -5 -24 -86 -75 8 -98 -52 76 8 31 38 -88 -40 -41 -92 58 -82 79 -5 98 50 99 -100 -42 53 79 18 -22 64 22 -73 47 89 -100 81
-65 34 -28 -93 96 98 -28 25 63 -31 -32 43 -98 38 -20 70 -39 10 78 39 -26 90 -29 -30 44 25 9 58 -51 53 36 -86 -98 83 -27 35 38 -67 80 71 93 43 -35 93
96 24 -70 -18 2 46 -41 72 -35 28 -7 -64 -79 -57 -93 13 4 -41 90 -13 99 36 96 -18 -17 -40 -93 -57 20 63 -65 -36 -90 -44 -15 -14 5 -99 -91 -10 -86 35 -69 21
50 10 -75 -7 67 -40 69 -91 53 -36 -19 -22 -45 36 38 51 -55 36 76 -83 25 91 66 -52 -23 -56 -22 -94 -50 -75 -32 65 -1 19 -80 83 -29 15 -91 -40 53 99 51 48
81 31 -81 -63 -65 34 70 -69 56 -36 91 -6 -18 6 -35 -84 -95 -76 -48 -20 -73 17 99 -42 -77 68 -54 -44 -62 -62 -84 96 34 -5 -96 -53 -92 -78 -85 -59 -69 87 -51 29
-91 47 14 4 18 -33 99 -18 83 52 -19 9 -100 -97 -52 16 13 -97 -73 18 -11 -16 -65 95 40 58 -43 -70 52 85 57 -43 38 20 -43 -94 -94 39 -79 -82 -30 -3 8 83
-74 17 51 30 -35 -19 -44 -75 99 36 62 -99 68 -35 91 -93 25 61 -34 50 -96 -93 -62 13 88 -38 66 77 -11 -13 -37 45 -8 -15 87 -44 -21 17 -77 18 -12 1 -5 55
-16 88 61 -71 -70 63 -77 52 36 87 85 -34 29 10 -90 51 -77 -82 -18 47 3 96 88 -77 -41 85 28 18 -9 39 80 -85 35 -91 -5 41 24 -52 -22 10 49 -3 6 -35
96 -1 -35 32 53 -17 17 97 -2 76 -82 -37 -64 88 -9 -37 13 -12 60 43 30 99 -67 -90 2 -45 -22 -59 88 71 61 -78 2 88 40 -84 -53 -36 -100 50 -70 39 9 43
63 90 77 77 -99 -70 -57 37 64 -77 67 86 -30 -36 35 -67 17 68 59 -91 -70 85 77 70 -36 48 15 52 86 -95 -78 37 83 84 -100 10 -56 -40 -96 -70 26 44 5 75
-67 -97 28 -94 91 -20 86 -19 -63 70 -82 32 -47 72 58 69 99 -95 -49 -17 -99 -11 93 -8 69 87 17 -39 -4 -82 67 35 -19 77 -97 -12 -42 -8 -17 -20 -41 76 65 72
-47 -90 77 -82 73 -49 58 26 -28 54 -31 40 13 -42 -79 -28 -27 -71 93 -25 -62 -99 67 74 -77 15 71 32 -69 6 -72 -33 -35 -7 0 -97 55 -37 1 -18 81 21 22 -37
-81 37 -80 73 85 -10 35 62 68 72 96 -3 -54 -79 20 -78 70 12 9 60 76 -55 -61 47 61 -91 38 66 68 -4 -34 14 -28 -36 87 9 -18 44 -2 -22 -23 -75 -33 -74
-86 -17 16 17 -73 -41 46 -95 63 -41 23 64 -11 -66 -40 0 -4 10 -9 76 28 -76 -12 -100 5 -77 -36 -39 -52 -20 -18 -70 36 -72 26 71 -1 -82 5 -84 -35 82 58 80
68 94 22 38 -79 -40 75 43 -82 -52 -8 98 21 60 -98 69 67 -3 -18 -12 -88 -52 33 26 54 -23 56 -50 -25 58 38 48 45 -77 82 77 20 -67 41 37 83 77 67 26
-53 46 61 75 62 -47 39 75 -35 -36 71 76 67 32 -66 31 -91 -40 -31 -96 30 -65 -77 45 -35 -87 65 56 34 -3 14 78 34 1 71 14 71 95 90 -26 75 55 -45 66
22 60 -33 87 -90 -77 -59 72 15 -47 -31 -26 -52 13 35 29 60 6 63 -52 -16 6 -50 -35 67 23 69 -98 51 -35 13 -1 -56 12 91 -18 43 75 -8 -41 -39 -54 68 -1
-49 72 55 -37 -80 80 -88 37 -43 -28 25 31 69 -22 -54 -53 21 -34 61 -38 -71 89 66 51 -5 41 44 62 75 -39 -60 -70 -15 90 -19 -76 -17 -95 23 -87 -62 35 40 69
98 -89 -81 -67 -64 -45 59 26 16 66 -44 63 -17 4 0 -2 -33 22 1 5 80 99 13 -74 57 -53 -74 -17 -65 28 58 56 -43 86 -10 19 -91 59 -17 -47 -50 63 89 -6
-57 44 44 68 -14 33 99 -95 -76 -44 39 -94 93 -83 -84 -79 -85 46 -79 -83 -52 48 -10 71 -61 -65 -39 21 -14 80 -6 52 2 -62 -56 27 95 75 82 -90 -33 -52 91 56
-21 -96 -16 5 -65 9 -44 -97 -49 -52 46 87 -13 -3 -31 30 -51 62 61 85 -88 52 84 -14 91 75 -1 -61 -26 20 -47 48 -19 -93 -76 84 74 -99 3 -84 -81 18 -8 4
-67 -8 96 -34 -25 64 83 -92 82 21 96 -64 49 -63 -8 -86 12 82 57 82 0 -98 95 -58 37 3 86 -90 -20 34 -45 94 -16 -43 -84 68 71 86 -83 42 80 34 60 94
15 -58 -25 25 94 -96 84 69 87 82 -15 35 -48 18 -91 27 -99 21 95 68 36 30 -50 -73 85 41 -47 -25 -71 13 -24 28 45 -47 90 1 -1 86 96 -54 56 78 50 50
-94 83 97 60 91 42 -60 72 11 -30 39 56 42 -16 81 67 -58 5 52 58 -100 -94 -53 -62 -75 18 -25 -63 35 -30 -54 52 -93 92 16 24 -35 42 -54 -80 -46 -31 -35 -81
38 83 19 14 -42 -78 -79 -40 52 -14 -80 4 -72 -10 -89 -86 25 -18 25 -62 -44 71 -13 -79 -52 44 41 -3 -100 12 34 36 -23 -13 89 48 74 69 -43 -43 76 -80 51 -66
