48 47
-27 34 83 -25 -95 45 -28 -21 69 -64 48 -54 95 -26 -86 28 -58 -31 -17 10 -32 42 45 -15 34 -11 -84 -21 -95 -16 -20 87 -7 -91 -48 -19 92 21 74 -26 -90 32 -34 -85 -98 -5 -53
-51 31 1 -25 -3 -17 37 -22 -50 56 -18 23 7 -43 36 46 -43 -89 -94 -19 25 -62 -11 -47 -26 -31 -52 55 5 -87 1 15 -20 45 -1 44 4 -35 -5 -11 -94 -92 88 72 41 -94 -34
-81 -10 48 -45 -93 -76 -14 13 -55 25 -39 6 50 -63 -70 -8 -49 17 81 -5 -51 78 26 -90 -35 95 33 -22 -97 -16 32 -83 -40 -79 41 94 9 95 -51 -20 82 25 85 -5 31 93 15
89 -54 -92 59 30 58 99 -19 91 82 -28 22 -99 -100 36 23 90 -8 -26 21 99 15 16 43 98 -75 -12 92 -82 23 -5 -23 -28 89 -83 -22 -48 -13 51 80 -83 -51 72 -14 -23 96 -99
-66 76 -33 85 99 -13 94 -31 20 72 -6 -92 -9 12 -39 57 -81 -56 27 20 32 16 97 -90 9 -86 -67 -83 -74 -35 98 43 22 -76 -3 6 74 53 29 64 -64 -42 -97 64 39 96 -75
97 -45 30 -96 -87 -5 -81 59 -12 -39 -30 98 74 -38 2 59 95 -81 74 91 41 35 -6 -52 15 -18 -93 -2 48 81 24 76 -70 -37 -83 -8 4 -68 28 -46 -2 -72 30 -100 63 30 95
-22 55 -79 53 -48 6 86 18 20 29 55 24 -50 68 16 -44 -83 67 -71 46 92 53 -77 88 76 -54 -26 -2 -4 -84 89 29 63 84 -37 -50 -91 -98 -45 -28 -36 50 83 -60 -40 84 -69
-35 96 -42 3 49 -69 -100 39 19 99 9 98 -71 97 49 53 27 2 -18 -49 -92 -79 -25 17 -23 -28 -83 -62 -24 -77 -32 -39 -5 6 -54 41 -51 -34 2 -30 -92 39 28 69 -25 -20 -42
-16 -14 28 -26 59 64 76 58 10 -72 85 40 -44 11 95 -24 67 29 85 -25 5 26 -21 -3 -46 -76 -10 9 -73 10 -52 59 35 -54 84 -14 64 73 54 32 -52 -6 21 90 -24 14 60
12 57 60 -16 -11 -43 18 52 -25 24 -62 -6 90 48 31 33 80 -58 50 26 -52 14 56 0 23 -96 87 -26 -28 -88 -23 99 -35 -69 -81 -4 -4 -5 -14 25 -98 92 30 35 -59 -88 -39
-5 -34 96 18 87 -53 -75 -83 -15 -23 70 22 -80 -44 42 19 51 1 -96 47 -5 4 21 -51 64 -100 94 90 -25 68 -1 -90 -77 11 75 44 -54 -58 52 87 73 20 -43 55 42 11 -17
45 20 41 81 -76 -4 53 -92 16 35 -65 -83 76 88 6 28 14 0 56 -91 29 91 23 52 86 -40 -70 63 -13 4 73 -9 22 -65 -82 87 37 95 16 95 22 98 -7 -29 92 29 -14
-80 -30 -30 62 15 80 90 45 -82 -36 -65 -70 -62 58 -18 -58 -15 71 -45 46 64 82 -67 -5 64 -11 67 -95 14 -21 -41 -22 35 26 -94 99 97 -54 24 -72 -89 -82 -50 60 55 11 -39
19 62 71 0 -5 -60 61 29 95 93 -35 96 -81 95 89 21 -19 -67 -43 7 -39 43 -50 -52 23 66 79 -21 -25 -98 -65 -28 -34 -17 -73 -49 -93 -99 83 -89 53 -65 24 24 99 46 45
-65 59 77 -4 -63 -81 -4 -78 -33 52 86 61 0 -51 -9 -42 -9 17 -54 -1 -81 48 49 -1 20 35 -90 59 -44 -75 -78 -57 -66 76 5 -34 -79 -44 53 30 -8 -1 74 40 12 -99 49
79 -61 66 55 38 40 -71 -94 -2 11 43 42 -8 91 -43 -3 25 -8 -40 83 12 -26 -86 63 -44 -17 46 7 49 -88 -65 -2 42 15 11 16 85 -53 78 46 -53 12 76 91 -33 -11 -93
61 0 31 7 88 37 -56 -24 -73 81 -92 74 -35 8 90 36 68 96 -5 -21 36 75 -66 39 -67 84 -32 -3 88 16 -62 -65 -37 -9 51 -22 28 -94 39 -90 -64 -32 -16 -69 -4 -36 -99
-30 20 97 -32 -7 -6 -71 -76 68 17 -47 -2 72 66 33 -77 81 -97 -12 -37 31 -82 3 28 -68 -71 78 34 33 -84 -11 -10 -46 62 76 -67 -49 -29 62 98 -91 97 43 -34 -4 -39 -67
55 -95 97 -73 87 -9 40 -33 -90 74 -31 -10 67 -43 -52 -91 -33 -12 -79 -62 2 -60 87 -21 -62 50 28 82 17 33 -19 -46 38 -88 -48 17 -41 51 80 -97 78 -16 -95 -18 -7 13 -83
42 -65 17 15 -38 31 -48 93 39 -53 99 19 -99 37 7 -34 -71 9 -76 61 -94 -44 65 -73 -70 83 94 -31 -58 -90 -85 -17 -68 -74 7 78 -35 21 43 -17 -69 62 8 -2 45 29 14
-69 -23 95 79 -63 17 69 -77 -91 65 -59 -51 -15 -33 90 69 10 76 -67 -32 31 42 51 -67 -85 63 -23 49 45 -39 -66 78 -11 42 88 63 73 47 98 -89 -46 -21 -4 75 57 25 -21
-83 -34 33 43 -38 18 -6 -22 -90 -78 2 -82 -25 -73 74 10 23 28 30 -27 14 -8 99 -76 -49 -75 -31 -79 -15 48 27 43 33 -14 -84 8 -33 -2 61 -31 94 36 -27 69 -48 -35 80
56 73 -32 -37 29 -54 -35 -82 -30 -6 -40 18 -21 -96 71 -10 -15 91 80 -3 69 5 53 90 40 70 -39 -9 12 -35 -32 50 -48 -84 -31 -7 0 -3 47 -9 -28 23 -71 40 34 38 -73
-95 -74 -38 22 -29 1 22 -83 -94 79 20 -63 -7 53 15 -74 96 -13 9 -41 -7 87 14 -49 -25 -22 -8 41 32 -25 -51 -99 5 25 -18 93 -9 36 73 79 36 -41 -39 -61 42 0 -20
-81 36 64 -98 33 -5 89 61 -27 38 13 -20 40 -12 -15 -61 -100 -39 26 23 -60 0 70 30 43 -47 -73 -90 48 27 -21 62 -51 -37 -73 -83 -72 54 30 -14 97 -13 -20 3 -27 -76 -24
66 51 54 -54 85 53 31 -40 -51 -95 64 7 -87 80 92 -48 4 -34 80 -63 36 -52 82 -34 -83 27 -97 -72 -59 26 -57 -43 33 97 4 47 -32 -82 76 57 -34 -56 58 72 -84 19 68
-25 70 12 56 61 45 -99 16 -54 -98 -14 41 16 -94 85 -90 -73 -41 -25 -62 -93 8 -72 -50 42 -31 -39 -9 -63 -35 88 84 94 67 45 -90 -85 -42 -6 -16 -87 -67 -49 -70 -52 -22 39
81 -50 14 -67 -7 46 69 -21 93 -14 -10 -59 30 26 6 -87 -13 55 93 41 -72 -44 -7 45 2 -28 -14 50 -95 -60 -34 -48 63 18 -51 -21 -56 -41 15 -65 66 -39 -51 58 48 -52 46
-12 -15 -71 -45 2 -26 55 61 68 13 90 53 67 79 -79 -20 15 -72 84 -4 -96 72 -42 -89 -68 -75 31 46 -64 60 -51 29 -22 8 -83 77 47 -15 28 10 16 49 -5 -58 -62 35 -38
61 -66 -67 -5 -29 86 -64 -37 83 73 45 53 -38 57 19 -72 -37 51 78 -87 99 -57 -63 -100 -16 -87 -1 -25 -90 -50 -2 47 50 -93 62 -40 -94 91 33 7 -4 -33 -37 50 -73 83 20
-46 -80 79 -29 -24 77 19 -51 78 -73 -50 -89 -49 -5 49 0 -95 -79 -57 -78 50 81 0 3 33 -93 -42 39 -66 22 -64 -32 45 -92 -99 24 87 -84 51 46 10 15 -7 88 66 -82 25
80 7 12 82 -22 97 25 -11 21 -71 -90 94 -49 50 -24 86 70 32 63 31 -35 -40 -98 -97 59 56 -8 -96 59 -40 16 31 -81 73 -7 -28 -83 93 48 -23 -25 96 31 -9 78 -99 68
-11 -89 -12 57 -21 41 -30 -28 -42 -3 57 -70 20 -25 -62 -24 98 4 32 2 60 52 -73 79 78 58 13 -75 -96 -86 55 -79 -73 83 63 58 -70 29 85 -89 -79 -28 -4 37 45 -19 95
29 -84 64 59 -26 -68 87 -50 -73 -78 6 -32 15 -77 -84 73 81 -70 49 -45 2 3 -40 -30 -83 -15 71 -31 -15 -77 -60 55 -39 59 98 -62 76 42 13 -62 -18 -10 59 -38 -9 6 27
42 -29 48 50 40 57 -8 -45 16 -24 -12 -10 49 47 -3 13 -94 -61 89 19 -98 -90 15 -18 -68 54 -78 63 9 -60 18 -16 -86 -2 -49 -3 37 88 -49 61 -57 -82 -70 99 -45 -11 -52
80 -39 75 84 75 -42 -61 -54 36 -69 29 6 45 0 46 -10 -86 34 52 32 11 42 93 -87 47 32 57 93 -29 16 -84 -71 12 -68 0 44 57 58 -69 -67 -60 31 -51 17 99 68 -3
60 66 40 -28 98 19 31 -62 -90 -23 26 23 -21 -7 6 29 26 73 -79 28 27 62 2 46 -58 17 57 -99 52 -71 63 9 66 -17 71 -90 15 -42 61 -83 78 98 -3 -6 78 -14 79
63 95 49 26 54 -65 -71 -65 -84 79 -87 -8 53 -72 -87 40 98 17 -70 20 -30 -67 68 27 -72 -79 -46 10 33 -100 17 98 81 66 49 -90 55 -70 -29 8 -99 -50 -36 -84 -44 -22 -64
71 48 25 -5 -55 -96 53 -36 9 98 14 11 -41 -52 37 -76 40 85 33 76 -75 -43 58 -61 22 -70 -36 67 5 -52 93 24 5 -28 -62 25 -67 -55 -1 38 -41 18 71 58 -1 -69 75
19 24 2 -35 88 24 1 -48 -70 -81 -39 -32 -26 28 76 48 9 33 84 -92 -43 64 43 -53 -12 46 50 -94 -22 15 -10 -19 23 82 63 30 -35 -50 -21 -37 8 -75 19 -20 92 16 -92
-30 67 60 -71 -10 86 -53 63 25 83 13 17 -65 73 17 -51 74 64 -9 30 36 -84 -56 -68 -35 84 72 -39 -82 21 -6 -44 -60 -91 -100 20 42 61 53 21 16 70 85 -57 48 71 12
80 99 -27 6 -2 -41 5 4 -54 -52 38 -98 -55 39 -45 17 53 94 -9 -85 -69 -10 -39 79 78 89 66 61 84 36 93 -32 71 48 63 -41 -41 -58 -49 28 -74 -7 -73 -23 -75 -65 3
-67 -59 -48 42 -55 8 98 83 -49 48 -68 34 85 -40 90 -53 14 59 -31 13 -6 -63 -29 99 8 -39 -4 -17 -39 -45 -98 40 -82 85 -78 -34 36 89 -64 19 -41 -75 -47 -28 -83 27 11
-32 -59 -70 29 48 -64 93 28 -48 -42 18 77 -27 68 -43 3 -72 45 94 -69 -62 54 -16 71 80 -50 52 80 -79 -42 69 31 12 70 -83 -51 64 16 -87 -62 -65 96 48 -61 -22 -44 -86
-57 19 -55 -74 93 -57 -97 -36 46 74 5 20 -40 64 87 7 86 -71 -89 -59 -62 -68 -85 22 -44 -1 62 53 8 -50 -40 -23 59 90 -86 -42 6 -28 -67 -99 -98 -38 27 7 -38 -79 65
87 -17 -43 74 32 -14 -36 87 -60 -20 17 -42 80 26 80 -71 -68 -75 -91 9 47 -74 90 42 66 -81 96 16 36 7 -42 90 30 -68 -8 31 72 5 -86 70 -44 40 -11 50 -72 58 -32
86 -6 53 99 45 32 -9 -64 37 61 49 20 69 43 -100 76 -52 -51 11 -13 44 91 -67 -29 -24 52 -31 34 97 -89 88 55 -65 75 -75 45 -98 -32 96 23 -97 -43 -93 -100 9 20 4
22 95 58 5 53 -93 -29 -48 -62 27 -18 7 32 52 92 19 -11 93 -41 -45 18 21 25 -16 7 70 -14 -82 -37 52 -65 30 -22 -31 71 98 -8 -93 7 -96 -12 97 96 26 89 66 15
