100 56
22 1 -85 -31 26 56 79 -19 -51 75 55 14 76 -55 -64 20 99 -55 -39 29 7 -21 36 98 76 -62 -38 -53 8 -100 92 44 -88 85 55 42 3 64 -56 -79 44 72 48 -32 43 70 97 8 53 -60 -22 80 67 -79 -96 20
-63 54 70 -33 16 -79 93 -73 70 -1 -81 0 -92 -88 9 -12 -64 -27 -24 17 -12 77 69 3 -89 -23 83 68 27 -100 88 -63 -74 -41 -45 95 93 -12 5 -42 -26 9 -93 28 -59 -73 91 93 -47 -52 20 58 -89 -42 -5 23
48 -47 4 26 47 99 -75 -72 -43 -27 81 58 -16 4 -20 9 65 -54 10 -27 -50 87 13 -12 -72 67 95 49 93 -8 -100 -5 72 36 -37 80 -1 21 -41 -78 -91 -80 73 -24 9 59 41 64 -16 -87 -19 -20 -65 54 40 74
19 -60 -98 -56 -68 13 -89 -8 23 66 -93 24 -61 59 -59 22 -10 24 -21 -62 9 -73 20 84 -31 -49 59 -17 8 -83 76 94 19 77 -68 -73 -59 -29 -3 -35 -27 82 -30 -94 -29 -11 96 44 -88 -20 -34 87 70 -63 -73 44
62 -100 -27 17 33 76 -32 -64 25 23 -97 36 17 -61 -98 10 -6 29 -56 -27 -17 -21 55 -84 83 -43 -69 63 98 -63 -97 -72 -3 8 -86 71 18 58 -68 -31 -76 65 -81 81 -98 -27 9 -33 22 19 -17 33 -88 -92 27 79
-57 -13 -7 3 75 95 7 65 80 -78 27 -29 28 73 33 -32 75 21 13 -74 -42 -79 -58 21 -71 -28 -44 54 -60 49 -76 -52 -99 78 -39 -30 -29 67 -3 62 46 27 48 -68 69 -17 -33 -75 0 49 73 65 -40 78 -34 35
-53 72 66 -67 68 27 1 20 27 70 34 -12 -63 -76 -23 39 95 -52 -96 -70 -33 -27 45 73 -78 -90 10 20 99 29 89 -15 45 -89 -2 -3 81 -16 -14 -67 26 74 37 -22 5 -37 -12 60 -6 -30 11 6 96 -53 -52 59
-39 -36 -71 -26 49 78 54 56 -11 -88 35 30 9 80 49 41 3 -60 -14 -13 54 32 -19 -34 9 -40 -54 95 -54 -7 -100 -61 69 -53 85 -24 1 17 -82 47 76 -92 79 49 -34 37 -37 72 92 50 -16 -9 -82 -5 -18 12
-29 -19 -27 -11 -13 86 28 17 -34 26 -33 -71 91 54 -95 -33 -93 -37 -78 61 -17 21 83 -32 95 93 -72 94 -60 -93 84 63 -88 64 -85 49 -59 59 36 38 36 75 14 1 39 20 -82 -66 8 13 -83 74 4 -78 62 -85
-22 93 -95 -71 -48 42 -39 -74 -8 50 85 57 79 -7 37 -71 -73 68 -77 24 -83 -67 -67 -82 77 -70 8 16 -44 82 -33 -23 -57 9 -44 23 -6 -74 61 25 -92 11 -45 -72 -15 22 -17 59 23 -50 54 87 -59 -73 31 -42
41 57 90 -48 17 61 36 96 84 -93 -48 97 -5 -96 -32 24 -14 91 52 35 59 34 65 74 -28 -95 -18 45 47 59 4 79 92 3 -76 -31 -22 45 -51 26 3 17 -50 -98 -71 -56 41 68 19 -30 -8 84 53 -25 -84 -64
-81 -84 -20 43 52 -95 -85 80 -11 -48 53 -84 15 1 91 -34 27 12 -35 14 21 -2 -16 12 -1 63 56 2 31 3 -56 -83 78 73 -25 24 18 -40 69 -63 -74 56 -82 40 16 16 -74 -75 84 -4 70 41 -25 -31 70 24
-17 92 -60 -82 9 -1 28 96 26 -2 -48 92 -6 74 -23 75 -42 67 79 45 21 99 85 -42 -98 -88 97 -16 -16 -14 -85 49 -39 -57 35 -18 83 35 24 1 -60 52 -82 -89 45 -51 -8 60 -27 -24 23 67 -81 10 -23 65
9 74 -67 -62 -18 26 -58 -58 55 -55 22 -19 -35 -73 61 72 -70 35 10 74 49 -62 73 7 -5 -87 -10 3 12 -3 -47 22 61 96 -45 -73 59 87 48 39 -81 25 -60 -80 -16 19 75 -43 70 -22 -52 4 0 -15 -11 -31
8 -28 -83 76 53 27 -66 54 50 -69 98 -96 13 -47 -64 21 -93 49 -82 41 50 70 9 -47 -33 -45 -85 -51 40 17 -20 84 69 -78 28 38 11 21 -80 -40 0 67 -77 -20 -34 98 -49 -25 -30 -81 -92 -57 -12 -38 80 -100
60 68 79 53 -69 -84 93 31 -8 98 2 -30 68 20 78 53 0 64 13 99 -51 -56 12 -27 60 -28 21 18 -25 93 47 -20 23 30 -94 -11 80 80 -47 2 -38 -58 80 47 26 -18 88 -45 -64 -87 41 30 -55 68 -88 96
-8 -48 58 91 1 -17 -25 -77 -9 -47 -87 -75 -57 -34 87 -34 -37 28 -74 -27 -69 -45 -97 68 97 15 7 -29 20 70 51 -34 -48 35 42 -55 4 74 -97 -96 68 21 -89 -13 -40 14 0 -94 44 38 -77 45 49 5 83 8
68 -61 30 -19 53 -2 68 90 51 -99 -11 60 -25 -43 -56 76 22 17 66 1 18 -16 35 78 51 -14 -17 22 90 50 59 61 -1 18 -41 -87 -92 -44 -21 -87 -63 37 -59 -59 81 -89 -14 -34 21 -33 -30 -82 23 -13 -87 -13
98 56 75 -40 -80 -68 8 -67 76 95 -39 -15 -71 -33 -94 -35 58 60 -8 58 -20 -63 -12 -82 65 61 -96 83 94 -39 90 -16 64 74 -41 -92 -86 41 10 72 -86 49 -35 -28 44 8 -58 -19 23 -70 62 -26 -97 51 55 84
-14 -4 76 70 0 56 -35 93 -76 30 -86 9 32 89 -80 68 -40 23 -46 -85 61 -57 -6 -55 -90 39 64 46 -62 61 26 97 81 68 13 18 -77 -23 -54 -13 -8 86 -51 -65 18 -90 66 27 64 -30 -95 76 -91 52 36 18
96 19 -66 28 -19 -10 86 -68 -20 -20 3 -12 96 19 -53 49 75 40 -73 86 -40 55 -79 -4 -31 42 81 -79 58 7 52 -97 21 -67 95 -33 -16 -48 90 77 -20 70 24 -26 -97 -40 -11 7 -19 93 -31 -41 34 27 29 -32
-77 63 -93 -62 -35 -73 3 -79 94 87 -69 40 11 -23 39 -3 42 -88 -22 -73 41 -2 67 -67 -18 -84 -13 9 -40 19 37 -50 -66 57 63 -90 39 -42 -47 30 -47 -49 84 -19 -26 82 -99 3 92 51 -79 31 -44 55 51 -20
86 -49 84 53 -22 7 42 54 -86 55 52 -83 30 26 -59 72 72 -98 -17 -8 -63 -61 91 -17 -44 -33 6 63 -22 65 -51 -93 -35 -92 52 -94 9 -9 -61 -88 71 -45 3 -1 44 12 48 31 -79 19 -49 65 13 -61 25 -62
-8 11 72 -42 49 -12 -54 91 -13 -100 -92 40 19 -14 -63 61 45 59 35 60 -1 19 -39 -63 -98 -48 66 55 24 92 32 -21 26 -63 16 84 99 2 34 -85 56 -89 60 -9 -71 97 -84 84 44 71 -43 61 97 1 41 64
86 83 32 -22 51 28 80 -38 -55 -33 94 -30 -66 73 76 43 -28 29 -93 24 -28 -51 -5 46 -60 -31 -63 -70 -79 -68 23 -37 41 69 42 -22 -17 -36 -24 56 36 62 49 -65 -52 83 -55 83 40 -91 -30 -38 -70 -84 38 -15
38 64 29 49 -98 -58 84 67 30 -98 80 96 -6 4 1 -28 -43 -82 18 99 -20 70 88 -12 -78 -55 -71 61 69 94 78 -81 72 67 84 36 58 -59 8 -49 55 -58 -47 -69 -58 4 -53 -66 59 -65 -72 38 86 91 58 -43
83 -1 87 34 3 69 -5 80 -52 99 -60 66 84 97 50 -33 -53 21 62 -21 -70 -61 -59 78 94 49 -36 -39 -62 57 14 30 -76 -96 36 23 94 -25 36 -93 64 80 -42 76 60 -68 75 -21 -30 -62 62 64 13 74 87 53
78 -69 -2 35 88 98 61 96 -60 28 65 -65 -11 -98 26 -81 -10 2 -7 33 82 84 -78 -100 20 -2 98 -29 -39 90 -70 -86 -69 -42 -3 -75 -24 -4 38 -14 90 -22 14 -33 48 -8 -3 -17 -76 88 22 -71 -42 -85 -96 49
58 41 -23 -20 93 -79 -10 -34 -34 74 49 -82 50 56 -69 12 40 28 -86 81 47 -27 20 -96 -68 -60 44 52 16 -97 -28 59 -22 11 -76 65 9 -9 90 24 -3 95 67 70 46 -2 -7 95 13 24 -42 -68 -22 95 -25 -28
-91 -12 20 -13 65 81 55 41 5 -44 27 -4 93 -58 -1 80 -95 -28 -77 93 -20 -66 58 66 -64 47 89 -63 49 93 15 18 87 -31 -2 77 -73 0 -80 83 -69 -45 93 4 -23 68 -11 70 34 -5 -24 -36 -83 -40 94 5
67 81 -84 7 52 54 68 19 58 -77 17 -69 11 -98 9 -15 -51 97 -45 -86 -59 18 -94 -21 33 18 -21 18 39 -13 -52 -32 29 -18 30 14 -77 19 -99 62 85 -7 -27 -53 6 9 -97 28 -87 7 4 -20 -15 -8 41 -66
-92 -94 -60 55 -92 88 -27 -44 78 -27 -80 62 -82 84 -45 -53 -37 -75 -77 55 46 -30 92 99 -87 -62 89 84 86 78 88 71 69 -13 57 68 -30 -49 -71 80 -98 47 -38 -88 -59 -71 -19 19 81 -67 43 47 -11 -87 40 -66
35 -43 -87 -62 -62 84 -16 -57 27 29 -75 -56 19 48 47 -67 -11 5 -13 -45 -55 -47 68 -68 96 -30 36 73 33 -42 50 14 1 63 -27 45 86 -31 72 77 -83 -97 86 67 -67 11 -97 -87 -76 -91 -12 -57 96 13 80 56
0 92 95 47 -68 -24 67 -7 -38 87 21 5 -77 15 -31 -55 -83 -86 -19 14 -30 -49 -53 71 25 -1 12 -43 -53 14 -80 -33 81 -77 36 -56 53 25 11 10 -98 38 0 -22 23 -12 66 99 -70 6 -95 24 -95 38 32 60
77 -19 -68 -60 -37 50 -100 24 -4 -10 66 69 43 47 73 -90 -28 -12 78 21 44 8 -4 68 60 27 43 97 -39 -10 57 -78 -71 -3 11 92 -42 33 -59 -5 -73 95 17 -83 -64 75 53 87 86 17 48 85 24 -19 30 27
75 25 -94 -38 12 -17 -45 0 -37 -40 2 14 -2 -3 67 24 -37 68 10 48 -21 93 -8 76 -5 4 -10 82 53 2 49 -39 47 -48 -73 41 -87 43 41 22 92 86 49 65 -38 28 45 -96 89 -18 93 -49 -68 68 -62 -74
11 -65 -89 84 2 14 -59 -67 8 31 65 89 0 -15 97 93 -35 95 87 -35 -22 32 -84 -94 -81 76 33 -96 75 -6 -54 -36 46 96 -60 -4 22 50 65 -81 -10 55 33 15 25 40 -85 92 93 75 -59 -69 -11 -33 64 -26
7 96 -41 -42 -64 45 -55 94 13 -56 -67 -54 19 30 -42 -97 -39 -48 7 29 92 -71 64 -85 19 17 26 -94 -75 -55 40 68 64 88 22 -90 91 -50 38 -4 86 39 33 -76 40 26 27 54 -15 -14 -54 66 18 -76 48 66
-79 50 -49 -38 25 0 -92 61 -94 -98 63 66 -36 61 34 -65 -22 13 40 52 53 29 57 11 -42 61 -93 -10 -31 -15 -86 -38 -26 6 43 99 49 -85 -27 33 76 24 -86 -15 -36 -23 21 -18 -71 -71 83 9 74 -15 -97 63
9 -88 65 -6 58 -9 -81 99 -46 21 -41 14 69 -71 11 -58 24 -58 -34 -77 -87 -76 86 -15 -84 60 -22 -61 -33 -76 30 8 32 -84 -43 -3 54 40 22 -21 -35 63 10 -38 -59 99 -27 62 -43 -14 -37 97 84 -60 -3 41
73 -90 -36 11 -20 31 77 -8 -11 49 6 15 99 18 -72 -44 15 -92 -67 -72 -62 -63 52 8 -13 83 -54 -78 -2 90 60 -43 10 87 74 -8 74 10 -10 -65 70 -73 -35 25 58 30 45 -75 -24 99 -80 -10 10 75 79 -91
-78 64 75 -98 -11 22 88 -83 -3 7 28 -93 95 52 -82 -29 37 -34 -62 -70 -92 -100 92 -73 16 85 -14 -10 62 -40 -73 35 3 66 69 -58 -85 -64 36 50 36 -18 -64 -22 68 -97 -41 78 -24 -83 -76 -70 -24 -92 -43 -88
39 -86 76 64 79 33 12 -28 68 -7 -63 -63 39 88 29 -69 30 -69 73 56 -62 89 -23 47 -87 -59 43 -46 37 -51 41 -22 13 42 -83 75 59 -17 53 16 -42 -12 47 79 -88 85 -26 -88 -53 -57 61 82 95 -37 -85 -57
-65 31 40 -79 -83 -24 16 -99 75 -12 -98 47 -44 -48 10 38 -23 29 54 89 -32 -80 -91 58 19 10 21 34 -51 29 22 -19 -70 -87 -13 -49 55 -75 -7 31 -81 50 6 36 64 36 -44 -42 62 -70 6 78 54 9 -14 -25
13 92 -8 6 18 7 -14 -15 50 -45 76 -11 -93 -12 29 2 -85 -46 70 -46 33 21 -69 72 -85 76 -56 -74 34 -16 62 -14 27 52 -25 33 -88 -24 38 -44 47 95 89 74 -87 -91 -53 22 -43 -67 54 -54 -43 41 86 21
-94 -13 -4 33 -12 -68 -31 88 -76 28 89 -64 -18 97 -54 -28 73 3 37 -58 25 15 52 9 -89 91 -27 -84 -82 -46 46 92 65 55 49 -64 44 95 10 -77 -31 -46 -49 -67 -68 -13 -9 -37 -56 88 -18 -47 -21 92 -48 -67
-97 -69 -29 62 -93 -2 75 13 -6 72 -88 58 -54 31 66 -86 -48 71 96 71 81 -20 -11 97 -92 62 -52 36 95 42 30 2 63 63 82 -54 68 5 76 97 92 69 -80 24 86 85 57 93 -62 91 21 -41 31 -68 67 21
13 -91 49 6 -27 -46 7 70 -50 -67 -41 23 -39 57 65 94 86 79 66 80 8 -7 -27 37 -49 -43 -58 -36 29 85 90 -73 -60 45 -46 80 29 -28 50 -61 -45 54 53 -90 -6 89 27 39 42 38 30 -91 1 -61 -15 1
-16 23 2 86 11 -99 34 87 -33 -43 58 32 96 23 -72 -48 72 -22 66 -82 55 20 90 -95 87 -46 -13 12 71 -6 35 -46 59 39 1 -51 -79 93 -23 -82 39 38 -90 32 20 -43 -80 -34 -44 -40 -74 -81 -16 27 -11 -50
-51 3 33 -73 75 -48 36 38 1 94 -3 42 -40 -35 10 -21 -99 16 89 80 98 76 -53 -20 31 90 -46 17 69 70 -3 5 -12 -72 -78 -51 -82 -77 -21 79 99 -84 4 12 70 69 59 -58 -41 -13 -39 -34 11 69 32 42
49 62 -74 -27 47 -3 65 -17 -4 -54 99 -66 -50 -92 -40 45 72 33 -74 4 -52 -19 29 24 -9 87 46 -52 -83 -56 -88 40 34 -59 41 -22 4 -25 82 -30 29 -55 -33 35 77 -78 -83 14 7 76 92 88 -29 92 -73 -80
36 83 -39 74 -38 60 27 79 3 -73 -76 -16 -59 -75 -88 -31 80 77 83 99 82 39 96 44 90 15 -11 -70 97 84 42 -98 -34 17 -22 54 -63 35 -8 70 74 -12 -10 72 11 -80 26 25 35 -66 34 -34 -36 81 -55 70
72 -80 26 -6 -33 91 93 -77 20 -1 24 -38 17 67 -72 6 64 -100 -56 17 76 54 -32 28 -17 -20 58 -60 -59 -7 -39 -91 -63 0 -93 -2 -58 65 17 77 -32 -58 52 -3 92 77 66 53 -74 70 49 -45 -46 39 91 -55
45 -90 19 54 44 7 -24 16 -100 -1 -81 64 -75 80 -51 39 49 61 5 56 -31 41 -57 -3 -62 -21 58 -81 -93 -91 -77 24 -29 -75 -26 -69 -47 -61 61 95 75 -68 47 -32 -29 63 -62 94 63 -90 84 -6 -64 -81 -98 62
-50 43 83 68 17 -50 -73 90 82 65 35 28 -36 -75 0 -70 45 17 -38 84 -14 -43 72 -28 10 -89 80 -37 -71 54 96 -50 40 14 91 -78 11 68 80 78 59 2 -95 -8 21 -12 83 -22 -13 -60 -71 -18 89 -69 -58 16
90 89 43 75 68 -16 -83 -89 -46 -20 74 98 33 21 30 68 21 47 -55 -33 20 73 67 78 -21 -42 35 -43 48 1 53 -22 71 -60 42 -93 89 59 -4 41 -30 -100 82 -61 11 -79 32 21 79 -86 -94 57 -31 76 27 47
-2 -1 89 34 15 -25 12 -77 82 -72 -25 26 -24 -80 -27 74 98 -97 -80 -83 -48 34 46 71 51 -15 29 31 28 45 -63 44 -12 -10 -37 -68 -11 76 36 -6 -15 -43 98 97 -6 -42 98 -4 81 21 87 32 -85 79 -55 69
48 -19 -86 48 70 -84 -51 -91 -74 69 80 67 21 50 -84 -88 45 -38 18 -90 93 87 88 -66 -9 54 69 -19 41 -41 73 -92 14 -42 48 -67 85 -88 88 90 -86 34 57 -89 -28 95 -19 75 23 -48 40 -44 2 -63 10 -39
-28 -94 -22 51 83 67 13 -74 61 75 47 36 -54 75 -14 52 -71 94 69 73 91 -4 70 61 77 71 -13 80 -62 30 30 28 -8 -80 -49 -37 -87 -53 -42 -62 -35 62 17 -65 6 67 82 34 76 25 13 48 74 89 64 -74
-31 -65 44 60 59 68 -76 63 59 -62 -52 59 -13 95 -61 73 -98 -83 -53 6 -65 1 89 52 26 3 -24 -3 65 -67 -21 68 89 -8 83 -1 79 43 77 74 77 -58 -16 -83 -95 30 -35 -30 80 41 96 -17 87 -19 30 -29
-54 -21 71 -26 -7 -62 -90 33 -73 97 -65 97 -44 -99 -87 14 46 13 67 -95 20 89 -20 45 3 42 -67 -4 29 94 -70 -3 -58 -29 -30 -3 64 -34 26 45 74 -60 -79 50 36 73 31 10 70 -26 63 85 98 -71 7 -38
80 -72 -35 4 -56 13 60 85 13 1 96 10 40 -30 -2 70 18 47 88 -21 6 -58 -65 6 -18 -53 -6 83 -43 92 6 26 13 74 78 -40 98 35 61 96 -73 -74 1 51 -9 86 43 22 -90 -53 36 68 42 13 -93 -13
-52 58 4 -13 59 74 -86 -44 -93 98 -80 79 74 38 85 8 -53 74 62 -78 -57 2 -15 -76 40 8 -73 27 0 -58 33 -48 2 4 -34 43 22 61 -93 48 -69 -18 -67 1 0 22 -13 4 75 44 -25 -81 -2 61 -81 -55
-41 -35 -89 66 -16 40 -95 -59 38 49 71 29 5 -13 0 79 51 15 10 -33 -76 77 0 53 39 -98 -68 64 14 -40 -51 -69 51 -77 -4 -16 -87 5 60 11 -78 65 41 49 56 -58 -46 64 37 52 -63 39 6 41 27 -70
-99 86 43 -57 -74 -84 52 77 -35 59 47 46 62 51 73 25 -20 -12 81 -99 -66 -100 65 -29 -81 -9 -6 -52 -42 -60 -51 -13 -42 69 15 35 -82 63 -52 -84 51 51 -80 74 44 -85 -7 95 -58 -39 25 -53 17 -43 4 73
-37 -42 13 -21 -60 -12 -83 -40 34 -37 6 -83 -74 -79 28 -70 22 -21 -74 23 28 -11 44 -58 -65 -70 97 74 64 -69 51 -7 -32 -77 -48 -50 -8 50 60 58 25 -89 -96 -44 -2 36 -75 14 -74 -35 -94 -94 -2 -87 57 -35
-17 -59 -24 35 -53 21 -73 59 94 20 30 -28 -94 77 -55 -64 -12 67 -50 -16 -98 -34 14 -64 76 -73 51 -3 18 -49 1 44 -91 -53 -33 -28 26 -86 -40 -49 37 -79 -51 85 -77 79 13 -38 -87 -19 -88 25 -50 -72 8 -87
14 91 -54 -65 -63 -18 -77 -68 75 35 -34 -40 37 -45 -19 22 93 -28 -58 90 -39 78 80 49 25 -58 13 -64 -26 -78 -5 72 86 -49 -98 16 17 -89 -24 99 32 63 -76 -68 5 -32 -65 39 86 51 96 50 30 -13 1 52
45 78 -34 -36 86 36 38 85 34 3 16 -31 -28 26 -48 -44 4 -75 17 -14 96 -63 37 -53 8 40 -13 53 -88 70 9 -29 60 -83 11 -82 14 -90 -94 -63 -68 17 47 81 -40 -65 18 28 -56 -50 15 -23 -1 -75 -24 1
51 89 89 -12 -87 47 71 55 -11 90 43 4 -65 39 -58 -13 -14 -72 -92 -32 95 -34 -18 -51 -62 74 -29 -7 -85 -43 16 1 39 -9 56 -34 47 53 68 -73 -46 -65 14 88 -25 -63 -69 75 6 -89 71 -25 0 -2 93 -34
-29 33 -96 -53 26 -94 28 59 92 33 40 -5 84 82 -16 -77 -30 -14 -99 66 -56 2 64 -14 -73 7 31 5 50 -31 39 -97 59 98 -85 14 -34 -70 -76 32 35 -87 82 -20 39 76 -23 -44 21 -12 8 24 96 -77 38 -17
21 96 -27 -38 -65 -3 83 65 -45 15 39 -70 -83 -59 89 23 50 93 46 -16 -24 -100 50 -16 91 -84 22 -84 73 3 28 -94 24 -70 8 38 30 -77 -70 -69 -63 62 26 -40 -23 -91 83 -56 27 -90 -45 -33 -57 -30 41 -86
92 20 -40 54 -38 -60 -21 -93 -96 92 -63 58 87 74 -44 29 55 88 52 -1 56 -48 73 52 -20 68 -47 81 36 -43 -33 -9 40 50 29 -92 34 76 -21 51 -3 40 -16 -59 -54 -36 -88 -72 -13 45 22 31 20 8 -100 18
63 39 -22 79 -33 -81 -21 9 79 -40 -42 16 43 44 -13 -23 -33 -36 -4 32 23 -41 -10 43 47 -44 -40 9 44 -29 44 -78 -78 -65 -77 -32 -72 30 -90 39 89 -60 34 41 92 -4 -92 -58 14 -39 -19 -94 -10 12 -41 -98
-54 47 81 -61 56 17 -72 -11 -25 67 7 21 31 -13 -73 -71 46 -18 -30 8 29 -60 -51 40 -30 94 -100 99 95 -37 -77 10 91 44 58 32 64 -52 48 58 69 -12 4 5 -100 6 -57 -24 -74 -80 -34 36 22 -69 -41 17
-36 -99 9 -93 -93 4 -71 -18 60 -52 90 -83 -76 -53 -27 41 -52 50 -54 80 -25 -10 6 51 -94 17 -51 5 55 83 -71 25 58 84 51 -77 72 47 66 -86 28 -9 -70 -76 12 85 -17 34 91 77 90 -98 49 61 43 -29
24 -24 -32 91 56 58 -76 31 -19 21 27 2 23 91 29 46 67 13 90 76 16 -45 -75 -26 76 93 -84 -8 24 -39 -82 62 -78 38 30 -1 41 -23 15 -21 -74 -82 65 56 -95 89 -13 27 -15 53 -95 -43 8 -99 -72 44
14 -39 -73 -75 22 51 72 -66 70 -21 32 -40 -62 -24 -53 -11 51 -40 44 30 -52 -55 51 -80 -50 56 -65 16 -59 -13 23 5 -54 -86 20 77 81 -85 -15 3 -26 -25 -3 -65 60 46 8 29 -50 26 -60 -37 -38 51 -98 -66
2 -98 -35 -44 85 28 -85 64 46 -80 -54 49 19 -15 -24 99 -32 -23 38 10 -35 -3 -11 44 46 -58 50 -81 41 -81 68 52 77 -25 35 82 89 65 20 69 19 19 -86 40 2 -83 -58 64 -10 -30 -78 -29 30 27 91 58
-6 -38 62 59 -37 44 44 -30 8 -5 -24 24 90 -13 25 -84 73 19 91 -62 -16 86 83 49 -25 43 -22 -6 80 -15 89 69 -84 -89 55 -26 15 -53 71 64 97 -14 45 40 -98 -32 -78 14 -88 95 -98 -1 -4 -83 -90 -81
-13 18 22 85 89 -25 0 -41 67 -11 30 -88 -59 -4 28 55 9 -61 -46 50 -9 8 -16 -86 73 33 27 -96 -82 26 -97 81 -6 -9 -3 78 -53 21 -56 -49 -1 92 82 -46 28 -49 68 38 -55 -49 38 36 -29 21 -13 -24
58 47 -95 61 -18 13 23 23 60 28 0 37 93 -70 -48 -18 64 91 -4 -30 -18 20 86 -43 -33 22 -7 40 4 77 -22 -55 -99 -6 64 -92 68 -34 -66 9 81 -73 22 16 78 0 -40 -37 46 92 43 99 90 67 83 -67
-27 -80 36 -99 -63 34 -82 -28 -96 -38 -6 -57 -32 -12 -29 -16 -79 -6 8 1 8 13 81 54 -71 37 24 34 88 75 35 -3 89 85 -57 84 -70 98 -65 -79 -35 78 -100 61 -38 -24 -49 67 -60 35 30 7 2 -30 99 23
-39 -97 27 1 -71 13 -43 -75 45 -44 81 -84 -73 -3 4 1 83 -24 89 -50 42 74 57 59 66 26 15 -93 92 94 -27 87 -9 74 99 -81 -21 73 -94 -58 -32 14 -29 53 -17 -83 69 67 -46 -82 15 27 -16 82 50 -98
59 49 -85 4 30 -5 -64 5 97 -67 -55 68 87 95 -87 78 82 -93 60 -88 45 57 83 15 9 -23 62 3 44 -80 66 87 -88 -82 -61 -70 80 31 -5 -87 -8 -30 -44 57 53 -58 83 80 -21 -13 21 3 -34 72 -58 -43
42 25 -97 -49 31 91 -88 -21 79 -77 55 -59 58 19 31 -4 -11 -25 53 -43 -74 64 -41 -31 82 6 -50 -32 19 3 13 46 -52 37 2 37 31 -43 68 92 -14 -50 -82 62 60 -73 -68 13 30 -59 43 32 32 -5 30 -21
81 -77 62 -25 92 -22 -63 17 87 -73 78 -41 -50 28 -72 81 -49 24 -23 4 -1 43 -39 68 -75 68 -73 43 21 24 87 -43 32 -100 69 -49 89 13 97 47 83 -91 44 -59 74 -31 -15 -86 0 -24 -65 79 -31 7 -81 -54
80 -45 -39 77 83 -41 -69 -40 53 31 -28 88 -6 -61 -50 -9 -40 -64 35 -67 -27 -37 -54 -97 83 72 57 -40 -53 -22 -83 -26 -95 -28 -40 -50 -68 -41 -30 -46 97 85 -5 -62 80 77 -8 17 -89 64 44 17 29 20 -47 9
-14 46 95 78 94 6 -61 -40 39 61 60 7 -10 10 19 -11 -84 -2 -15 -50 25 4 94 69 22 85 54 1 12 58 -42 32 28 35 24 -38 16 -79 43 -79 17 95 -41 -81 3 -90 -1 -79 94 -23 15 -37 -1 -58 -32 -28
-18 -10 -94 19 -31 -74 -78 18 25 -17 -20 66 -61 12 -5 -48 81 58 -26 54 90 -20 -59 21 48 31 -19 81 48 -61 -33 93 -56 -20 64 -95 -100 -16 12 -39 25 66 -11 -24 -99 -82 99 61 -2 30 -84 -59 27 60 -18 -31
-8 41 -31 -63 6 -3 83 80 26 24 -49 50 -83 -80 -66 -36 44 -100 96 35 24 33 36 0 -96 -70 -82 3 -66 78 65 -75 8 21 -42 90 16 98 83 -10 -50 24 -89 -89 83 -66 -99 76 -38 -100 -56 -12 -53 35 62 34
-1 16 7 -8 83 -55 -25 26 -58 -77 -86 60 -27 52 40 -74 -6 20 50 -1 -55 17 -28 88 91 -45 26 66 53 -11 0 2 51 78 29 52 90 31 72 -81 -28 5 -2 63 -9 49 -62 -32 -88 -42 94 -38 28 -22 72 40
-89 -79 33 -67 48 -17 -46 -39 -75 13 24 -40 27 54 -45 -100 -23 89 57 76 61 33 64 77 -49 -52 91 -32 -91 49 -60 12 30 -74 -93 14 -85 -79 -98 38 51 85 -78 51 -90 87 -72 73 -36 41 -100 -94 -41 6 -54 20
-10 -89 -46 -14 12 -90 -82 -99 -8 66 -16 -4 86 26 58 -55 -74 61 -24 22 -61 -79 -24 55 47 -45 54 -46 77 -81 57 -19 -89 31 -22 -57 -87 33 -42 10 6 -60 58 -9 -55 -20 78 2 46 15 -3 -1 -69 38 83 -27
-71 -32 -24 11 -81 -93 5 -47 57 -36 -44 63 37 -31 85 -77 78 86 -58 -57 -12 13 27 42 -28 -47 86 -32 12 -100 81 68 -46 15 -23 37 77 -69 77 -26 -60 38 0 -37 -82 32 -37 -95 50 -58 46 -43 63 -58 -56 -24
-2 -12 70 -55 -33 29 -64 -45 58 42 -6 80 88 -33 -38 -73 -32 -20 13 -78 13 -20 -33 59 24 -83 66 96 67 71 -26 -76 -82 64 -69 40 -11 95 27 98 81 87 51 -43 38 15 27 -95 85 24 92 -20 59 30 10 -63
74 -78 26 -80 -58 -9 37 87 -45 69 -91 23 -43 -78 -64 -63 -73 -65 67 -61 64 -78 -87 -50 99 -96 -12 74 7 -50 43 36 -66 -57 69 86 17 48 92 -56 -36 -14 69 62 30 24 56 25 -36 34 -85 -5 -49 -39 -69 77
-86 -75 78 99 -8 59 99 -37 -58 -38 -69 9 -99 -96 -92 -17 -61 40 99 -85 18 64 82 57 -39 72 26 -77 65 -43 -61 14 -61 62 -7 47 32 -66 9 70 97 -100 -59 2 -48 8 -76 -60 -1 -9 -58 40 -88 25 22 42
52 -96 25 -19 23 -84 94 -62 -92 29 -74 39 -74 -32 -82 -10 -33 85 83 -33 44 32 -11 -40 32 -97 -97 20 -49 12 -10 66 -98 -76 87 56 90 70 -98 64 94 72 -75 -46 -46 -57 42 -39 -16 -91 -4 74 -1 32 95 34
-42 8 -91 -32 -7 49 -97 59 -88 -38 53 -3 -87 69 -61 88 66 8 93 -96 -21 -45 4 74 -20 4 81 18 91 15 -31 99 -39 42 9 -45 77 80 92 -67 -56 -85 -85 -21 -45 47 20 -45 -10 -75 95 57 51 30 36 -10
