92 50
24 39 47 -53 66 25 44 11 85 -13 -32 -45 6 64 55 -8 -62 -38 30 2 48 68 15 82 14 -71 70 12 55 -75 77 13 75 -53 -58 -90 -73 -98 55 -86 -82 -5 -38 36 -56 62 -83 -75 11 61
24 53 31 99 69 -33 -66 -10 5 -94 -12 34 0 76 51 -34 69 42 -14 72 -45 6 15 85 -34 -48 59 -28 47 -87 21 28 -43 75 81 -86 -79 -19 -94 -72 -87 -58 -43 2 82 79 -71 98 83 -98
92 -17 -8 -32 -73 58 36 -9 37 49 -45 13 -40 23 15 15 -83 11 1 85 81 -16 59 -23 -29 -11 -29 -26 75 -42 -6 -77 36 83 -83 -96 -65 64 -84 -16 -88 -11 -46 72 -92 86 -3 -73 -61 53
46 94 67 -18 -38 82 53 -12 -86 -32 -44 -86 96 -24 -77 85 20 -27 -19 -32 -34 4 -5 80 -68 -5 -54 41 -42 -28 -44 -32 64 81 8 -70 64 -38 4 21 33 62 97 46 70 46 -65 -69 91 96
67 50 1 -6 -57 -86 41 -91 -87 -8 -61 -51 22 84 63 -90 1 -83 -13 -31 -66 -86 -18 79 52 19 84 53 66 -33 -77 80 -39 -57 -42 -93 -45 -53 72 -65 -22 -37 68 3 -28 -7 -78 68 45 77
44 -10 -67 -47 -78 68 68 -57 58 92 -44 -1 -52 -42 22 21 93 71 -89 67 -45 49 68 90 -7 13 -85 87 90 -68 28 68 35 90 -96 60 12 -100 57 -21 -64 -69 19 5 -66 -46 2 -50 78 85
3 26 16 82 -57 -74 -87 4 -59 -42 87 -27 71 56 8 -28 -40 -79 22 -96 -44 8 -59 84 -15 -8 48 -53 53 -95 -23 -43 64 -88 -8 -37 19 37 -83 39 17 62 33 48 85 27 -30 -19 -76 -78
-50 31 -68 84 -77 -36 93 63 67 -22 -49 77 69 -32 -59 -91 18 35 -55 -23 46 24 55 56 88 76 46 -20 -21 68 -68 14 37 -6 -87 -80 48 -34 -72 60 -32 -26 -63 76 -76 -26 27 -31 -64 -93
64 8 58 68 -88 26 -21 -70 59 99 -55 -38 97 -19 -45 -7 -12 37 69 -48 -15 -82 60 -81 11 -43 60 6 88 -59 -48 74 -24 -84 65 -75 -77 -75 -28 74 18 47 -3 -73 -54 71 -48 19 -92 10
25 -70 72 -59 -38 95 99 -72 86 33 -90 71 -85 57 50 27 37 -13 -32 74 65 -69 86 -94 55 -30 15 -68 -28 -79 17 -74 -90 45 -58 97 -7 -36 27 77 -39 -1 -51 -23 41 32 -60 -41 -76 -11
72 23 99 46 -52 -29 86 -60 -48 12 -66 -62 -76 -77 2 -47 89 -46 8 -82 -22 -60 -33 55 43 -31 -86 -66 73 -97 0 36 2 -10 -54 -78 86 -46 84 92 -50 23 -41 -33 -4 -80 -98 -19 91 -88
0 -58 1 69 -66 -39 74 -71 -42 -45 94 -61 23 79 -26 -43 -51 88 -21 -17 55 -13 80 -91 71 -72 97 21 -6 -39 68 35 97 -28 -66 -32 -49 -18 1 32 -4 -55 -51 27 -63 -97 -19 6 -43 -41
-68 35 64 96 -73 -18 62 -100 84 74 -82 7 83 -77 -69 39 -84 21 58 -74 65 21 -43 -91 77 6 -56 -92 -42 -16 -13 -56 -57 -100 -41 -4 81 18 -4 83 11 14 97 -36 -88 -95 70 96 8 92
-89 72 81 -94 42 -54 -57 38 27 29 -79 -29 -43 10 -26 51 44 71 -16 58 40 38 -7 -76 45 27 43 43 -15 54 4 -67 -74 -91 -23 30 48 -58 10 -5 57 75 31 -89 -44 46 17 48 6 80
52 76 -5 -19 35 1 -8 90 -91 98 85 82 23 73 -34 -68 26 97 82 9 -34 -69 27 -35 -41 -52 -89 -100 -82 28 54 -81 -20 -54 69 -81 -21 -42 -45 57 53 31 -86 -61 81 -42 16 -90 -22 -53
-49 52 -69 -81 -87 92 -15 -6 -48 -93 -73 77 52 -3 8 -94 38 -51 88 59 -26 -23 -37 -31 -48 -94 -13 -82 84 18 -4 52 -34 -73 50 79 -53 87 -59 89 77 -36 84 69 80 -6 -48 -74 46 -74
-46 80 -96 2 8 -33 -17 -42 -20 63 26 -23 53 -84 40 -47 98 -21 -88 23 -4 41 55 22 -77 -14 74 -3 12 44 77 -37 2 -82 91 -77 99 51 94 -8 -76 -45 -14 75 -97 -93 -43 -29 43 -60
-54 -85 69 90 -42 90 -58 -2 -46 -1 93 62 -54 -4 79 11 -3 -91 -44 44 -57 64 84 -31 -37 -57 73 -38 37 12 -18 -8 39 -84 56 -92 -6 -96 -35 88 -73 72 83 -53 -90 -48 97 -79 39 -33
84 65 88 -83 11 -72 -26 22 -93 47 -97 -3 42 -79 -32 -78 62 0 74 -50 78 88 -46 55 76 99 -71 15 97 54 -79 -86 25 -28 26 56 57 74 91 -9 -10 27 -51 -59 7 -43 60 -100 -26 36
79 47 -37 13 51 -100 82 -82 -5 27 -90 -68 67 38 -26 -84 -44 72 -98 30 -30 -29 -47 -97 69 13 94 -18 69 -37 -47 -15 -71 97 -37 -39 50 96 -44 36 -29 17 32 -71 -84 -30 96 81 16 -50
51 -100 -45 -47 4 -63 64 -59 -90 91 -71 -10 -59 16 -24 -67 15 43 39 43 -5 -19 -37 12 88 31 -98 78 41 -13 76 66 7 4 -58 42 -32 -5 70 -92 95 -37 -70 -90 -76 -72 12 -62 -82 -45
89 12 -59 17 -31 90 29 -59 71 75 64 82 -87 -85 99 46 -86 46 -28 36 -10 90 82 -8 46 50 -67 -80 -3 57 32 9 -39 -52 -83 -96 -34 -45 -65 11 -40 -87 5 -18 71 89 -82 -22 -24 -20
96 -45 2 -80 62 89 6 51 -55 26 -6 57 45 29 -65 -30 88 -94 98 0 15 9 56 -17 9 -64 -66 -67 16 32 16 -100 93 -54 16 22 59 46 -7 -7 -89 -59 36 -69 -26 -8 11 7 64 79
77 80 3 -81 -31 -82 -29 22 -82 -49 73 -39 42 72 98 -32 81 76 57 -97 41 27 63 -39 27 -73 98 -80 -59 59 36 16 -82 69 -2 -27 -7 93 -4 -15 -90 70 34 27 85 -35 55 13 -51 -48
33 -84 -28 82 -86 -51 39 52 89 54 -4 -99 68 75 -58 -100 -75 83 -23 21 -38 74 71 11 66 79 -5 94 52 -31 -61 13 -6 93 -5 -75 15 99 16 2 -52 51 -30 -19 41 -54 -27 64 -94 49
89 -74 -33 -73 -39 46 -31 14 -30 9 58 60 77 -23 -91 -45 70 -35 -98 -30 69 66 -62 13 5 -43 -22 -85 35 -26 -12 -17 49 -1 -85 58 76 -90 -96 -90 35 70 -48 -26 -79 21 -96 36 77 17
-17 -46 15 -12 -85 62 70 -78 79 72 24 -63 -85 45 65 -88 -12 -95 -48 91 -10 97 30 46 -9 31 72 -88 -27 25 -49 -62 83 44 7 -65 0 -36 12 -81 25 -96 -28 15 -8 -52 96 43 84 -90
-44 6 43 -19 50 9 -90 -49 -38 -94 68 -77 46 -41 -31 94 -70 36 -64 41 41 -79 71 26 14 -8 18 -86 -8 -59 -93 80 66 -9 -24 92 -23 -58 21 -82 -73 21 36 80 -32 49 18 -39 11 -93
35 -44 43 83 89 -72 55 13 -79 -79 -17 97 7 -81 88 -91 60 69 -23 -34 84 85 7 -73 -83 -39 78 56 -12 -35 -87 -45 98 60 -69 -37 -9 89 71 46 -74 -9 -42 77 82 -38 -97 -55 95 -64
-29 -88 68 98 -55 -80 -17 -17 87 -37 -87 -5 -69 76 -76 19 -31 -39 -62 61 38 82 80 -34 -44 -47 -61 83 -74 10 -23 -68 -65 -83 -12 6 54 -79 -70 -23 -35 -69 9 33 34 -73 -63 -56 -59 -81
98 -44 3 -30 63 -99 3 6 -37 81 79 -63 -37 -53 93 -44 68 -6 -50 41 -81 86 62 -41 -38 -31 -74 -12 -6 67 -17 -86 85 -10 -80 -19 -84 -37 -55 -12 -16 -76 48 -83 5 -84 60 -50 -19 4
-47 -87 6 -24 52 88 46 81 -17 -6 -59 -68 -82 -28 61 -93 -93 -52 -58 42 47 -38 45 -19 -6 -1 13 -41 -98 90 -26 -50 -17 97 37 22 -75 -67 -59 -77 44 -94 -44 99 91 21 97 19 21 22
-99 -95 -3 -72 31 -86 45 23 -3 13 -95 10 7 -57 -1 8 -42 -48 -38 -17 37 -26 95 75 79 -56 63 -35 73 38 -10 -52 -47 72 99 96 8 -12 1 84 60 60 -90 -53 -47 -41 -70 87 40 6
-6 -66 40 81 -18 -90 -91 28 -17 10 86 5 77 30 83 7 -24 15 -49 67 94 -97 98 -67 -92 -17 -5 -27 8 29 84 -56 7 89 -3 -74 26 11 6 -11 22 79 7 30 -52 59 74 -74 -90 -56
-20 48 -37 -9 -96 48 45 -26 93 -5 33 59 -15 38 -97 25 69 52 83 97 -6 84 35 -6 20 18 73 52 -33 61 -5 -55 64 57 49 -51 -35 70 87 47 87 96 45 -15 31 -88 43 93 -73 3
-56 -16 58 -46 29 20 86 -54 -43 48 33 92 -48 -78 10 56 65 -64 -39 77 52 -61 -38 84 -85 78 -58 -98 -29 86 -13 -77 43 -23 -91 -83 69 -68 -20 -52 -56 -88 -64 -85 85 -44 42 35 88 1
5 -33 -54 26 13 63 -43 -70 63 -72 -17 35 9 20 74 36 -45 79 67 75 -50 98 -54 99 4 75 49 -33 -39 -12 -95 -80 32 82 25 91 81 -63 49 -41 -31 63 30 -19 2 70 -58 80 -35 -10
-41 -96 29 99 10 90 -42 98 -42 -22 -58 -63 3 20 42 -16 3 -74 -84 75 -24 -30 60 -79 18 3 13 -22 -49 54 2 20 32 12 24 -82 -78 84 -19 -7 -94 94 9 -60 69 -75 -36 47 -89 29
-15 -21 89 -34 -63 72 1 -10 -93 -18 77 22 58 -48 95 70 -49 -43 -96 11 -15 -79 78 -46 99 -84 32 -19 85 65 -36 5 -75 -86 14 64 55 -38 -44 38 -46 -45 95 -25 -82 49 -91 -81 -21 -49
-19 20 75 -48 10 39 -45 89 -12 -79 -43 -91 35 1 58 16 77 -53 -98 -7 -86 -54 76 34 -9 -39 -36 97 -80 -89 -21 -36 81 -79 18 -88 -74 -60 1 75 -63 -60 -75 3 -20 70 15 -50 40 -51
-41 11 -75 91 1 -15 -21 85 7 -9 96 -99 39 60 99 10 -90 72 1 -46 -59 -70 14 -45 28 51 -89 7 -28 -22 -99 -34 -63 -22 -77 -8 -97 -86 -52 -21 -52 43 23 -47 23 39 -27 46 -24 -81
-35 17 -80 -66 -76 41 2 -59 -45 -54 82 -34 -36 -17 4 -59 -66 -62 -64 51 -79 26 -11 -51 -93 -59 44 93 37 6 -1 23 0 40 65 39 12 -4 -25 9 97 95 -56 73 -33 8 -71 60 -4 -72
-4 30 60 -29 -79 53 78 -58 53 86 68 -70 59 -97 75 8 -87 61 20 -92 -60 7 74 39 -98 -6 20 40 39 79 -26 99 -7 50 27 -51 1 -53 78 -89 51 -22 -94 -55 -68 -73 77 80 -26 80
-68 27 16 -65 -93 66 44 91 -67 -32 54 53 -85 67 -87 -26 24 17 11 8 -92 -26 -52 -70 -34 67 -13 -57 -48 57 -54 -23 -34 -82 -84 -23 -25 -25 -29 -45 88 7 -42 96 -11 15 -77 -68 -15 -73
-71 90 87 -69 66 -36 98 9 87 -49 58 10 -35 62 8 48 -18 -2 37 -65 27 10 70 62 64 -72 50 72 32 51 -50 14 -69 -30 89 -9 -59 73 20 3 -39 -33 45 -44 46 16 52 62 -48 44
76 -7 66 80 -34 61 43 -13 -61 5 -73 27 97 78 80 -31 -64 -62 -85 -54 -43 -96 -8 -81 79 15 -51 48 24 75 58 -19 29 -66 58 -11 2 -45 0 -38 16 23 8 52 -96 73 8 -43 -91 91
46 5 -67 -39 -68 88 80 50 -86 -100 21 -51 90 -81 16 86 -86 89 -64 -80 93 -75 65 -91 -13 -82 53 76 3 88 72 51 -98 4 12 13 21 -32 26 61 -11 14 10 -92 -94 -12 45 48 91 68
1 -75 -84 92 -83 -48 -15 17 62 58 -46 64 -23 -15 -39 30 89 -11 68 -32 75 -38 71 -3 97 -31 -78 -38 -20 60 59 46 29 -38 21 -32 94 -17 -95 5 -12 8 -29 71 95 6 17 34 70 41
-64 49 -91 -66 0 88 -80 -100 80 35 -36 -29 -4 -25 -76 -58 86 -33 2 -61 -76 -29 54 -87 65 -61 84 33 38 2 25 80 -47 -47 -74 -28 -42 -7 56 -68 86 -50 -97 -27 62 72 -75 74 89 91
2 -68 64 -31 -10 11 -63 22 54 91 -98 -83 27 -62 -56 2 47 -30 75 -17 -15 50 43 26 -85 57 -41 -81 10 86 -34 -14 5 81 95 -48 26 -98 53 15 -98 -52 -29 -5 -76 9 -76 -30 -89 -64
94 26 -77 29 -56 73 73 32 2 -35 57 97 -53 -82 -19 -21 65 41 -37 -93 -28 -34 -20 11 12 -84 27 74 -27 -21 -88 -17 64 58 21 6 12 -54 72 -63 -84 59 -85 19 26 -34 -88 25 -4 18
73 -62 47 -29 23 -7 10 -72 -79 72 -68 68 -72 -1 -16 47 -95 37 -33 13 26 61 38 -88 -96 53 91 25 8 28 58 69 -36 66 29 -26 89 -51 -45 -57 63 1 -32 52 -40 -89 94 25 -3 -63
-47 -38 -67 60 17 3 -89 -9 -76 73 91 67 67 -23 44 84 -74 71 88 -24 -14 73 -61 13 -55 5 24 -81 82 -8 -6 -54 -53 -39 82 -99 -51 78 98 16 -65 69 74 -33 45 21 -40 -57 10 70
-19 -23 20 62 78 21 -81 -26 -72 -63 13 45 -72 -7 84 27 9 25 -32 -56 -9 1 -69 -43 -44 56 98 51 -71 52 82 -37 -48 -71 83 87 -25 25 -21 95 63 42 94 14 -34 -2 93 -74 10 -89
28 -88 55 9 -55 25 -77 37 73 -22 39 43 37 -41 -63 15 14 -46 0 -80 -28 16 7 61 -19 -4 14 40 68 75 29 48 -80 24 58 -39 -97 17 45 55 67 -86 -22 -29 -36 -88 -9 60 29 72
-49 -14 -61 1 -10 -8 75 -16 78 -80 -5 -29 97 -37 53 -81 -96 -95 32 85 -53 93 47 -29 74 84 13 95 -45 32 -7 -86 5 33 -49 98 -67 -29 15 72 71 29 -78 92 -65 -39 42 37 -32 40
-87 70 -59 -56 -35 -75 86 88 98 -35 61 2 -23 -82 2 90 8 36 4 -89 -7 86 73 -16 -72 -65 79 49 -49 -86 27 -74 28 90 -77 39 13 16 -17 -92 27 88 53 83 -35 22 54 80 -66 -43
-6 -68 10 -16 67 -7 -20 13 57 -20 20 -10 -70 -52 16 -86 44 19 0 20 -35 -69 -2 -14 3 -38 22 97 -56 81 -46 -42 17 -39 41 24 -25 -81 81 -83 77 10 34 66 90 -86 13 63 42 -69
-91 -55 72 67 45 58 63 -64 -13 -58 57 29 -53 48 -1 63 -90 61 51 83 -76 22 -94 -62 24 76 30 87 84 -65 -93 -72 -99 -73 -88 -52 -9 55 8 -27 12 95 82 -83 -39 17 -75 -51 -14 -50
-8 -36 31 -78 -7 69 63 -11 -27 -76 20 -21 48 42 -18 39 29 -1 -75 11 -1 80 -71 -45 9 33 -99 -93 99 -68 -20 13 -42 98 -46 56 42 50 5 6 -90 -64 -27 -36 96 -96 -62 -49 38 99
-42 -27 -84 41 -53 -14 -34 80 -34 -60 -23 3 84 1 -51 79 35 80 13 2 -20 21 -94 -4 -40 33 -67 59 1 65 -44 58 34 37 -73 49 -47 -12 19 27 20 22 -98 91 66 2 68 89 84 98
-54 -84 -100 67 25 96 -44 17 29 90 41 -85 71 33 58 51 -48 32 76 57 -66 -39 -80 72 36 -68 39 64 -11 -96 -100 -34 41 97 83 -23 -29 -13 65 62 74 22 -52 71 -25 -86 60 -25 62 -3
-5 89 49 -37 17 -38 -39 -27 -70 -29 -82 -11 -52 52 -55 -47 27 -58 16 78 88 95 42 -82 18 -5 59 45 3 -79 -46 57 30 12 2 -64 23 43 14 63 -92 -60 -32 0 18 -60 -5 -69 -20 57
-33 -64 -17 60 62 19 -7 -79 -43 58 -60 -87 4 -37 13 -46 -95 -23 -86 -51 82 -71 -12 17 -45 16 96 -66 15 23 -76 84 -63 50 41 -19 -83 37 59 -88 -69 79 89 63 -52 76 89 -92 40 70
27 31 -57 -28 -6 -85 62 -58 30 -86 -19 -73 -3 14 -26 99 11 66 41 91 -17 32 54 -41 -39 60 -30 -36 81 32 54 22 -7 -47 -45 95 -2 -86 -21 -31 27 81 52 -88 -58 39 30 -76 71 -93
56 -58 -58 41 -34 -32 -4 -90 -59 2 53 15 66 -30 69 -69 -32 83 17 -73 64 -14 -73 81 -18 -75 16 15 57 84 28 40 3 -43 55 35 -94 -29 27 -98 55 38 54 50 -67 1 -90 62 -84 56
-22 -40 -58 32 58 43 -31 84 18 -2 -17 -100 50 89 42 -87 90 6 -76 55 85 -59 -10 -71 -29 55 15 -36 -36 24 87 -91 17 -41 13 76 -51 16 70 -83 28 76 31 -20 34 22 -43 57 -9 -54
34 -36 58 -87 11 -61 -60 88 8 -70 -57 -22 -45 -22 87 99 76 5 87 -10 93 89 -98 -63 34 59 35 -72 -21 14 47 79 21 4 67 -12 69 3 74 -100 7 -4 16 36 46 41 -85 51 69 36
88 79 -3 -56 -55 -35 -8 -6 -26 5 30 79 25 29 -27 -3 23 -83 -98 2 -4 10 85 -86 -82 23 10 79 -59 57 -2 -95 97 74 0 -7 -100 80 9 32 97 7 -52 93 38 52 50 -73 70 -69
68 -80 10 4 11 27 41 81 77 55 -19 20 40 75 -16 -18 68 28 -73 67 -44 14 46 -4 30 64 -91 -99 -21 35 -55 16 -56 -84 29 97 -74 -97 -22 68 -64 62 -100 12 -93 99 -80 29 -46 11
-5 -60 -21 35 93 -42 51 79 38 30 57 -79 -57 3 -6 22 44 73 -23 -33 -24 55 58 -89 -63 -63 -49 -80 -2 86 34 -20 -81 -51 -12 48 -68 -13 -51 99 41 -8 -11 -96 24 4 -30 47 -73 44
43 67 83 65 5 -88 13 27 -12 -29 -92 41 -100 -57 91 -28 0 -35 93 -3 74 -45 7 -60 -59 64 76 83 40 39 -42 26 75 10 4 68 87 -15 23 -14 9 44 1 -2 31 21 16 27 -65 -47
95 51 -100 56 39 -79 89 -61 -84 -16 27 53 98 99 -6 93 10 -81 -63 28 -25 78 39 -46 -42 77 -3 37 -59 88 80 37 -45 93 17 49 -15 -82 11 86 -81 35 76 50 50 71 56 36 61 18
43 38 -11 71 -26 5 -14 46 -52 -8 26 69 61 0 48 -85 -94 23 69 -51 -15 28 -42 12 84 -99 -1 22 -43 -18 -83 -84 -59 -6 98 61 78 30 21 89 -43 94 -88 -55 -60 83 -18 92 30 42
-68 -75 -4 35 31 -93 96 15 -65 -71 25 67 -69 15 -10 77 77 -56 54 -19 -41 7 -48 54 14 59 14 -19 -42 50 -57 41 86 93 -36 75 69 -39 19 -88 68 30 59 52 -50 -37 -96 -86 15 -47
72 1 -39 14 76 -39 92 53 -13 -17 -34 -3 -85 -35 57 31 -23 37 93 -36 -60 15 14 -98 -3 -15 -49 -10 -23 -1 -26 -90 -94 27 -54 7 -70 -90 -45 -34 26 0 0 19 -29 -3 -49 18 -37 -31
-79 21 34 -11 -69 18 77 41 -99 -23 -38 4 -100 81 69 51 -38 35 99 38 17 38 -91 -31 12 21 23 98 -81 30 17 -26 64 53 30 9 -3 16 76 -51 -64 20 -69 42 17 -80 73 56 -46 -8
53 -79 9 5 -22 50 -55 59 -33 -69 -14 -93 37 -19 98 -70 -24 19 -4 66 -63 -68 80 63 -61 33 -45 -43 70 -54 25 88 -47 -58 -96 -93 82 58 -25 -67 -14 -63 -42 26 93 -27 24 38 8 -91
54 39 46 -65 22 67 -100 -32 28 79 -21 -46 7 -15 -26 -75 56 -87 69 2 -98 -36 -78 -37 21 25 -78 63 73 -88 45 5 -19 70 -15 62 -55 -58 -92 -16 -77 -59 25 -64 -3 -75 -18 71 -8 -11
59 -55 -41 -18 93 -70 -97 -23 67 82 69 -65 65 43 97 -39 43 72 -39 -54 -20 -80 -55 -31 0 35 82 99 -73 -84 88 -96 44 -88 -63 -59 12 -66 11 -14 74 55 -36 5 90 0 64 -89 -20 -82
-25 -83 -12 -7 69 -86 0 -12 78 -85 82 -93 97 91 15 46 -44 -65 6 -58 -39 -43 21 -2 -25 73 73 92 92 -80 -12 71 -46 49 20 58 55 96 -7 -46 65 93 -65 -35 50 -52 69 20 97 14
29 -69 -15 24 61 46 77 99 -91 -58 -100 52 99 -69 -6 76 19 44 72 67 -53 -82 84 40 -2 18 -77 -27 6 -6 -97 41 47 52 -76 -11 -86 63 7 99 56 14 -79 3 -88 -76 -80 56 -85 -9
30 11 -99 55 -98 -90 -2 65 37 28 26 -49 46 -41 86 -6 -71 -14 -60 3 -68 1 -47 -50 -71 37 -100 -8 -86 -44 90 -94 59 -88 96 62 16 39 56 50 23 43 -63 67 -10 98 -16 -76 0 81
-37 -57 76 13 -9 91 15 50 -97 -25 27 64 -55 78 -41 18 -20 -5 17 -23 -27 54 25 -56 -22 -24 64 1 38 11 -23 -95 46 -50 63 63 51 -40 8 66 65 34 -72 44 -97 -70 -87 -55 33 -99
89 61 3 37 -100 93 30 99 -45 92 63 71 -19 -79 -42 -50 -90 -73 -35 -85 22 14 98 -47 91 16 -26 95 -87 38 -25 -83 80 -29 58 94 -89 81 -59 -81 16 -21 -3 55 -20 -5 35 -9 -40 61
20 92 -56 84 17 43 -21 44 84 -52 95 -25 -43 -30 -65 75 -100 -38 -62 -100 -73 -62 -10 86 -10 92 12 86 -51 -54 54 74 -46 -68 -26 -99 -88 0 17 -24 51 -30 44 70 -60 13 21 86 -57 88
69 -26 12 52 -51 53 -13 -19 -65 -78 44 79 -42 52 -75 51 -7 -78 69 -46 59 76 -95 81 87 65 84 85 -30 34 -44 57 73 23 51 14 29 1 -20 99 -84 63 31 45 -30 -99 14 -96 88 33
49 46 -12 56 -66 -56 -40 -30 21 -77 -89 65 -37 -4 61 71 6 -32 -73 64 -47 93 -36 -99 -41 21 -54 -61 -83 -44 -5 -76 -21 -81 -55 44 -84 95 48 -9 -17 15 -5 -95 36 -62 26 70 -61 -55
66 -69 -31 -12 -99 28 -52 -26 4 -96 -46 -90 27 82 93 67 4 -15 9 -89 14 -94 73 8 -26 68 39 59 -33 -92 19 -30 31 -29 -82 15 98 -67 86 1 26 -22 60 -89 -25 -78 -75 42 -36 37
-73 -24 -6 50 -68 6 25 9 83 38 -68 1 -51 58 36 30 -26 -57 96 38 -35 -51 52 -69 29 -90 7 -34 -52 21 -47 42 36 -86 77 30 73 -93 -13 -97 -94 -68 -55 -98 35 82 -77 45 -6 84
-79 96 -88 59 -16 10 3 -100 3 -3 2 -92 92 22 57 -77 21 -16 37 28 60 -56 26 -28 -57 25 19 -63 -36 97 -7 -75 -60 -36 -7 -37 56 15 47 49 -76 95 31 -10 68 -13 29 46 37 47
43 -52 -27 67 84 -41 -59 -12 -18 -56 53 49 -27 91 33 -8 -26 -84 59 58 -55 -36 73 76 19 52 89 56 -54 25 42 -45 -22 64 -51 64 7 -28 -5 -99 -60 47 -80 -20 -84 -19 -7 -34 -40 31
