1000
20 40 15
21 40 25
22 40 27
23 40 20
24 40 30
25 40 8
26 40 8
27 40 29
28 40 27
29 40 29
30 40 29
31 40 9
32 40 25
33 40 12
34 40 8
35 40 21
36 40 29
37 40 24
38 40 13
39 40 21
40 40 30
41 40 21
42 40 9
43 40 27
44 40 15
45 40 24
46 40 8
47 40 8
48 40 18
49 40 30
50 40 17
51 40 30
52 40 28
53 40 20
54 40 10
55 40 25
56 40 12
57 40 17
58 40 24
59 40 13
60 40 26
61 40 14
62 40 23
63 40 11
64 40 27
65 40 26
66 40 21
67 40 30
68 40 15
69 40 30
70 40 19
71 40 25
72 40 21
73 40 14
74 40 22
75 40 30
76 40 18
77 40 15
78 40 16
79 40 30
80 40 27
81 40 29
82 40 24
83 40 28
84 40 17
85 40 16
86 40 20
87 40 13
88 40 20
89 40 30
90 40 25
91 40 8
92 40 30
93 40 25
94 40 20
95 40 13
96 40 24
97 40 25
98 40 18
99 40 24
100 40 21
101 40 18
102 40 26
103 40 18
104 40 11
105 40 24
106 40 9
107 40 24
108 40 24
109 40 22
110 40 9
111 40 16
112 40 29
113 40 9
114 40 22
115 40 30
116 40 27
117 40 20
118 40 18
119 40 29
120 40 11
121 40 30
122 40 9
123 40 13
124 40 8
125 40 24
126 40 28
127 40 23
128 40 19
129 40 13
130 40 23
131 40 15
132 40 18
133 40 9
134 40 8
135 40 24
136 40 15
137 40 9
138 40 29
139 40 20
140 40 23
141 40 8
142 40 14
143 40 8
144 40 22
145 40 17
146 40 15
147 40 23
148 40 25
149 40 16
150 40 23
151 40 29
152 40 11
153 40 22
154 40 24
155 40 18
156 40 25
157 40 21
158 40 21
159 40 26
160 40 20
161 40 19
162 40 28
163 40 13
164 40 24
165 40 12
166 40 15
167 40 9
168 40 25
169 40 28
170 40 23
171 40 10
172 40 17
173 40 9
174 40 30
175 40 30
176 40 21
177 40 30
178 40 21
179 40 30
180 40 23
181 40 16
182 40 27
183 40 29
184 40 30
185 40 14
186 40 18
187 40 29
188 40 22
189 40 28
190 40 25
191 40 30
192 40 12
193 40 12
194 40 24
195 40 8
196 40 29
197 40 12
198 40 10
199 40 10
200 40 29
201 40 19
202 40 30
203 40 24
204 40 11
205 40 9
206 40 18
207 40 10
208 40 8
209 40 29
210 40 22
211 40 27
212 40 30
213 40 19
214 40 28
215 40 12
216 40 27
217 40 24
218 40 12
219 40 16
220 40 21
221 40 20
222 40 30
223 40 18
224 40 26
225 40 26
226 40 13
227 40 27
228 40 17
229 40 10
230 40 14
231 40 14
232 40 19
233 40 30
234 40 13
235 40 15
236 40 22
237 40 9
238 40 25
239 40 9
240 40 28
241 40 20
242 40 8
243 40 10
244 40 15
245 40 26
246 40 8
247 40 21
248 40 24
249 40 30
250 40 10
251 40 18
252 40 9
253 40 20
254 40 16
255 40 10
256 40 28
257 40 30
258 40 12
259 40 30
260 40 11
261 40 30
262 40 30
263 40 17
264 40 22
265 40 15
266 40 12
267 40 23
268 40 18
269 40 15
270 40 30
271 40 24
272 40 9
273 40 21
274 40 11
275 40 22
276 40 26
277 40 29
278 40 22
279 40 30
280 40 21
281 40 15
282 40 23
283 40 29
284 40 20
285 40 13
286 40 25
287 40 11
288 40 11
289 40 14
290 40 12
291 40 25
292 40 24
293 40 23
294 40 24
295 40 13
296 40 21
297 40 29
298 40 25
299 40 28
300 40 24
301 40 27
302 40 16
303 40 28
304 40 21
305 40 30
306 40 26
307 40 8
308 40 30
309 40 30
310 40 25
311 40 27
312 40 23
313 40 28
314 40 18
315 40 8
316 40 16
317 40 29
318 40 12
319 40 17
320 40 16
321 40 26
322 40 10
323 40 21
324 40 12
325 40 30
326 40 10
327 40 21
328 40 19
329 40 30
330 40 30
331 40 28
332 40 15
333 40 8
334 40 30
335 40 19
336 40 8
337 40 24
338 40 9
339 40 14
340 40 23
341 40 16
342 40 27
343 40 18
344 40 24
345 40 22
346 40 16
347 40 23
348 40 13
349 40 22
350 40 17
351 40 30
352 40 12
353 40 25
354 40 30
355 40 28
356 40 17
357 40 30
358 40 21
359 40 13
360 40 29
361 40 16
362 40 22
363 40 12
364 40 28
365 40 20
366 40 18
367 40 23
368 40 10
369 40 29
370 40 20
371 40 30
372 40 18
373 40 11
374 40 15
375 40 21
376 40 14
377 40 24
378 40 27
379 40 14
380 40 28
381 40 30
382 40 10
383 40 27
384 40 24
385 40 12
386 40 25
387 40 17
388 40 21
389 40 24
390 40 18
391 40 25
392 40 23
393 40 30
394 40 25
395 40 13
396 40 30
397 40 9
398 40 12
399 40 25
400 40 27
401 40 30
402 40 10
403 40 29
404 40 29
405 40 9
406 40 24
407 40 17
408 40 24
409 40 30
410 40 21
411 40 14
412 40 8
413 40 21
414 40 30
415 40 23
416 40 11
417 40 10
418 40 25
419 40 28
420 40 10
421 40 28
422 40 23
423 40 28
424 40 19
425 40 30
426 40 24
427 40 12
428 40 13
429 40 19
430 40 30
431 40 30
432 40 15
433 40 15
434 40 23
435 40 30
436 40 18
437 40 30
438 40 11
439 40 22
440 40 26
441 40 30
442 40 10
443 40 29
444 40 19
445 40 8
446 40 17
447 40 28
448 40 10
449 40 27
450 40 13
451 40 10
452 40 25
453 40 30
454 40 25
455 40 11
456 40 8
457 40 26
458 40 25
459 40 22
460 40 8
461 40 17
462 40 9
463 40 10
464 40 30
465 40 27
466 40 17
467 40 11
468 40 16
469 40 29
470 40 25
471 40 13
472 40 8
473 40 23
474 40 24
475 40 13
476 40 13
477 40 30
478 40 17
479 40 23
480 40 30
481 40 18
482 40 27
483 40 13
484 40 10
485 40 29
486 40 22
487 40 11
488 40 27
489 40 30
490 40 18
491 40 15
492 40 14
493 40 30
494 40 17
495 40 23
496 40 20
497 40 22
498 40 15
499 40 30
500 40 11
501 40 27
502 40 24
503 40 30
504 40 15
505 40 17
506 40 26
507 40 27
508 40 20
509 40 15
510 40 30
511 40 14
512 40 11
513 40 24
514 40 22
515 40 16
516 40 25
517 40 26
518 40 24
519 40 24
520 40 15
521 40 9
522 40 25
523 40 28
524 40 28
525 40 30
526 40 30
527 40 19
528 40 19
529 40 15
530 40 14
531 40 10
532 40 16
533 40 22
534 40 28
535 40 23
536 40 15
537 40 22
538 40 17
539 40 26
540 40 10
541 40 25
542 40 14
543 40 30
544 40 8
545 40 12
546 40 25
547 40 30
548 40 13
549 40 9
550 40 28
551 40 28
552 40 16
553 40 22
554 40 18
555 40 18
556 40 29
557 40 15
558 40 22
559 40 18
560 40 21
561 40 20
562 40 11
563 40 23
564 40 24
565 40 30
566 40 18
567 40 23
568 40 18
569 40 26
570 40 15
571 40 10
572 40 25
573 40 27
574 40 30
575 40 17
576 40 30
577 40 20
578 40 24
579 40 22
580 40 30
581 40 11
582 40 8
583 40 15
584 40 12
585 40 15
586 40 23
587 40 25
588 40 18
589 40 10
590 40 9
591 40 25
592 40 14
593 40 23
594 40 21
595 40 30
596 40 14
597 40 15
598 40 30
599 40 25
600 40 15
601 40 24
602 40 23
603 40 12
604 40 15
605 40 25
606 40 17
607 40 18
608 40 26
609 40 22
610 40 17
611 40 15
612 40 30
613 40 9
614 40 25
615 40 26
616 40 17
617 40 30
618 40 19
619 40 18
620 40 26
621 40 24
622 40 9
623 40 20
624 40 28
625 40 24
626 40 8
627 40 29
628 40 18
629 40 15
630 40 16
631 40 17
632 40 14
633 40 16
634 40 30
635 40 26
636 40 23
637 40 22
638 40 18
639 40 19
640 40 26
641 40 30
642 40 9
643 40 11
644 40 10
645 40 18
646 40 8
647 40 26
648 40 16
649 40 9
650 40 12
651 40 9
652 40 17
653 40 22
654 40 23
655 40 11
656 40 30
657 40 30
658 40 21
659 40 11
660 40 30
661 40 30
662 40 27
663 40 11
664 40 14
665 40 16
666 40 11
667 40 14
668 40 11
669 40 23
670 40 17
671 40 19
672 40 29
673 40 17
674 40 12
675 40 12
676 40 30
677 40 30
678 40 20
679 40 8
680 40 17
681 40 26
682 40 15
683 40 18
684 40 9
685 40 13
686 40 9
687 40 8
688 40 11
689 40 13
690 40 15
691 40 29
692 40 28
693 40 8
694 40 22
695 40 30
696 40 10
697 40 9
698 40 26
699 40 25
700 40 13
701 40 27
702 40 28
703 40 26
704 40 29
705 40 25
706 40 9
707 40 30
708 40 25
709 40 22
710 40 29
711 40 25
712 40 19
713 40 30
714 40 16
715 40 28
716 40 9
717 40 15
718 40 16
719 40 30
720 40 27
721 40 21
722 40 17
723 40 24
724 40 30
725 40 14
726 40 30
727 40 14
728 40 24
729 40 16
730 40 28
731 40 30
732 40 24
733 40 28
734 40 30
735 40 14
736 40 30
737 40 30
738 40 28
739 40 29
740 40 20
741 40 11
742 40 26
743 40 16
744 40 27
745 40 28
746 40 14
747 40 30
748 40 24
749 40 20
750 40 23
751 40 17
752 40 29
753 40 16
754 40 25
755 40 9
756 40 21
757 40 30
758 40 30
759 40 26
760 40 9
761 40 26
762 40 23
763 40 27
764 40 22
765 40 19
766 40 30
767 40 14
768 40 30
769 40 30
770 40 29
771 40 15
772 40 24
773 40 23
774 40 21
775 40 30
776 40 30
777 40 13
778 40 12
779 40 8
780 40 9
781 40 18
782 40 19
783 40 23
784 40 9
785 40 13
786 40 22
787 40 14
788 40 8
789 40 25
790 40 10
791 40 30
792 40 10
793 40 9
794 40 10
795 40 23
796 40 18
797 40 20
798 40 30
799 40 21
800 40 12
801 40 8
802 40 25
803 40 21
804 40 16
805 40 30
806 40 26
807 40 19
808 40 30
809 40 30
810 40 9
811 40 18
812 40 9
813 40 25
814 40 9
815 40 10
816 40 22
817 40 21
818 40 9
819 40 12
820 40 23
821 40 19
822 40 20
823 40 16
824 40 24
825 40 29
826 40 18
827 40 12
828 40 23
829 40 13
830 40 24
831 40 15
832 40 20
833 40 27
834 40 9
835 40 8
836 40 29
837 40 20
838 40 9
839 40 19
840 40 17
841 40 28
842 40 13
843 40 30
844 40 9
845 40 13
846 40 23
847 40 24
848 40 15
849 40 13
850 40 27
851 40 27
852 40 30
853 40 20
854 40 14
855 40 15
856 40 14
857 40 18
858 40 12
859 40 13
860 40 9
861 40 13
862 40 23
863 40 22
864 40 29
865 40 22
866 40 9
867 40 20
868 40 11
869 40 30
870 40 21
871 40 24
872 40 13
873 40 29
874 40 21
875 40 20
876 40 23
877 40 28
878 40 28
879 40 14
880 40 11
881 40 26
882 40 16
883 40 23
884 40 12
885 40 13
886 40 30
887 40 15
888 40 9
889 40 12
890 40 21
891 40 25
892 40 30
893 40 23
894 40 24
895 40 29
896 40 30
897 40 18
898 40 20
899 40 26
900 40 11
901 40 22
902 40 10
903 40 25
904 40 29
905 40 9
906 40 23
907 40 27
908 40 15
909 40 30
910 40 28
911 40 28
912 40 21
913 40 8
914 40 8
915 40 22
916 40 11
917 40 11
918 40 19
919 40 30
920 40 27
921 40 18
922 40 20
923 40 13
924 40 23
925 40 20
926 40 11
927 40 24
928 40 27
929 40 30
930 40 25
931 40 18
932 40 10
933 40 29
934 40 11
935 40 13
936 40 30
937 40 19
938 40 12
939 40 30
940 40 20
941 40 17
942 40 8
943 40 9
944 40 23
945 40 28
946 40 9
947 40 11
948 40 23
949 40 13
950 40 13
951 40 20
952 40 21
953 40 11
954 40 23
955 40 30
956 40 13
957 40 16
958 40 27
959 40 19
960 40 23
961 40 28
962 40 14
963 40 18
964 40 19
965 40 26
966 40 18
967 40 30
968 40 26
969 40 13
970 40 13
971 40 16
972 40 21
973 40 20
974 40 23
975 40 28
976 40 16
977 40 12
978 40 11
979 40 10
980 40 16
981 40 16
982 40 28
983 40 21
984 40 22
985 40 30
986 40 26
987 40 19
988 40 25
989 40 18
990 40 13
991 40 11
992 40 23
993 40 30
994 40 24
995 40 10
996 40 17
997 40 20
998 40 24
999 40 21
1000 40 10
1001 40 16
1002 40 22
1003 40 30
1004 40 24
1005 40 16
1006 40 22
1007 40 30
1008 40 12
1009 40 30
1010 40 14
1011 40 30
1012 40 16
1013 40 26
1014 40 12
1015 40 28
1016 40 13
1017 40 22
1018 40 8
1019 40 22
