100
262 0 16
262 1 16
262 2 30
262 3 13
262 4 19
262 5 24
263 0 24
265 0 26
265 1 30
265 2 30
265 3 14
265 4 30
265 5 14
265 6 14
265 7 29
265 8 24
266 0 12
267 0 22
268 0 30
268 1 30
268 2 28
268 3 21
268 4 13
268 5 16
268 6 27
268 7 27
268 8 15
269 0 21
269 1 14
269 2 22
269 3 11
269 4 23
269 5 26
269 6 30
269 7 30
269 8 12
270 0 23
270 1 18
270 2 30
270 3 21
270 4 14
270 5 20
272 0 30
272 1 23
272 2 14
272 3 30
272 4 22
272 5 11
274 0 11
274 1 30
274 2 13
274 3 30
274 4 30
274 5 30
274 6 30
276 0 30
277 0 17
281 0 23
281 1 27
281 2 12
281 3 17
281 4 17
281 5 30
281 6 12
282 0 23
282 1 30
282 2 14
282 3 15
283 0 30
283 1 17
283 2 18
283 3 21
283 4 20
283 5 22
285 0 23
285 1 26
285 2 30
285 3 30
285 4 30
285 5 14
285 6 14
285 7 30
286 0 30
286 1 18
286 2 30
286 3 30
286 4 14
286 5 13
286 6 30
287 0 30
287 1 16
287 2 28
287 3 30
287 4 18
287 5 15
287 6 24
287 7 30
289 0 29
289 1 12
289 2 16
