1000
1 1 966
2 2 802
3 3 992
4 4 889
5 5 817
6 6 982
7 7 870
8 8 915
9 9 962
10 10 895
11 11 1000
12 12 990
13 13 890
14 14 1000
15 15 909
16 16 1000
17 17 904
18 18 844
19 19 952
20 20 971
21 21 958
22 22 990
23 23 873
24 24 887
25 25 817
26 26 937
27 27 1000
28 28 997
29 29 1000
30 30 968
31 31 1000
32 32 880
33 33 959
34 34 885
35 35 966
36 36 914
37 37 832
38 38 803
39 39 965
40 40 947
41 41 895
42 42 905
43 43 812
44 44 888
45 45 896
46 46 900
47 47 817
48 48 822
49 49 1000
50 50 961
51 51 967
52 52 871
53 53 843
54 54 970
55 55 1000
56 56 949
57 57 1000
58 58 1000
59 59 1000
60 60 963
61 61 1000
62 62 1000
63 63 904
64 64 987
65 65 959
66 66 835
67 67 842
68 68 910
69 69 910
70 70 1000
71 71 857
72 72 870
73 73 857
74 74 819
75 75 864
76 76 1000
77 77 829
78 78 1000
79 79 900
80 80 897
81 81 865
82 82 978
83 83 998
84 84 1000
85 85 937
86 86 860
87 87 1000
88 88 913
89 89 994
90 90 800
91 91 970
92 92 947
93 93 911
94 94 941
95 95 910
96 96 1000
97 97 896
98 98 889
99 99 976
100 100 801
101 101 924
102 102 812
103 103 846
104 104 1000
105 105 823
106 106 881
107 107 983
108 108 999
109 109 951
110 110 951
111 111 990
112 112 869
113 113 947
114 114 948
115 115 987
116 116 988
117 117 907
118 118 1000
119 119 932
120 120 904
121 121 1000
122 122 918
123 123 839
124 124 984
125 125 978
126 126 816
127 127 846
128 128 826
129 129 926
130 130 953
131 131 891
132 132 816
133 133 905
134 134 975
135 135 854
136 136 887
137 137 849
138 138 885
139 139 985
140 140 838
141 141 1000
142 142 875
143 143 828
144 144 1000
145 145 873
146 146 1000
147 147 894
148 148 864
149 149 881
150 150 985
151 151 1000
152 152 971
153 153 975
154 154 839
155 155 930
156 156 902
157 157 892
158 158 994
159 159 860
160 160 861
161 161 801
162 162 983
163 163 952
164 164 946
165 165 1000
166 166 838
167 167 871
168 168 1000
169 169 1000
170 170 953
171 171 886
172 172 877
173 173 900
174 174 1000
175 175 970
176 176 1000
177 177 1000
178 178 1000
179 179 900
180 180 826
181 181 937
182 182 825
183 183 855
184 184 805
185 185 902
186 186 871
187 187 1000
188 188 805
189 189 808
190 190 1000
191 191 970
192 192 1000
193 193 833
194 194 996
195 195 959
196 196 951
197 197 1000
198 198 911
199 199 826
200 200 1000
201 201 1000
202 202 811
203 203 973
204 204 1000
205 205 998
206 206 810
207 207 895
208 208 946
209 209 908
210 210 957
211 211 903
212 212 978
213 213 1000
214 214 1000
215 215 880
216 216 967
217 217 1000
218 218 904
219 219 911
220 220 853
221 221 1000
222 222 983
223 223 813
224 224 868
225 225 846
226 226 913
227 227 926
228 228 885
229 229 856
230 230 921
231 231 964
232 232 963
233 233 814
234 234 1000
235 235 986
236 236 873
237 237 1000
238 238 839
239 239 919
240 240 1000
241 241 948
242 242 1000
243 243 877
244 244 1000
245 245 825
246 246 1000
247 247 929
248 248 965
249 249 852
250 250 893
251 251 831
252 252 892
253 253 1000
254 254 1000
255 255 881
256 256 1000
257 257 1000
258 258 900
259 259 928
260 260 1000
261 261 819
262 262 826
263 263 902
264 264 929
265 265 879
266 266 968
267 267 951
268 268 862
269 269 1000
270 270 961
271 271 956
272 272 919
273 273 1000
274 274 984
275 275 941
276 276 888
277 277 913
278 278 1000
279 279 910
280 280 924
281 281 894
282 282 926
283 283 801
284 284 883
285 285 1000
286 286 862
287 287 818
288 288 822
289 289 823
290 290 810
291 291 989
292 292 1000
293 293 864
294 294 982
295 295 912
296 296 892
297 297 803
298 298 874
299 299 865
300 300 919
301 301 1000
302 302 965
303 303 847
304 304 844
305 305 935
306 306 941
307 307 1000
308 308 815
309 309 809
310 310 897
311 311 905
312 312 864
313 313 1000
314 314 890
315 315 802
316 316 1000
317 317 1000
318 318 918
319 319 837
320 320 1000
321 321 1000
322 322 989
323 323 887
324 324 914
325 325 825
326 326 1000
327 327 813
328 328 940
329 329 959
330 330 822
331 331 977
332 332 1000
333 333 869
334 334 839
335 335 980
336 336 1000
337 337 898
338 338 1000
339 339 1000
340 340 803
341 341 977
342 342 972
343 343 1000
344 344 979
345 345 816
346 346 1000
347 347 837
348 348 1000
349 349 856
350 350 1000
351 351 806
352 352 961
353 353 887
354 354 919
355 355 904
356 356 871
357 357 998
358 358 1000
359 359 869
360 360 836
361 361 1000
362 362 963
363 363 1000
364 364 849
365 365 812
366 366 841
367 367 917
368 368 994
369 369 877
370 370 845
371 371 800
372 372 862
373 373 1000
374 374 1000
375 375 916
376 376 834
377 377 837
378 378 870
379 379 874
380 380 843
381 381 977
382 382 1000
383 383 944
384 384 918
385 385 858
386 386 932
387 387 1000
388 388 1000
389 389 837
390 390 983
391 391 906
392 392 966
393 393 989
394 394 1000
395 395 943
396 396 946
397 397 1000
398 398 855
399 399 803
400 400 1000
401 401 893
402 402 920
403 403 1000
404 404 1000
405 405 1000
406 406 853
407 407 892
408 408 904
409 409 1000
410 410 872
411 411 905
412 412 807
413 413 1000
414 414 922
415 415 843
416 416 821
417 417 828
418 418 906
419 419 993
420 420 873
421 421 1000
422 422 931
423 423 891
424 424 911
425 425 884
426 426 843
427 427 1000
428 428 863
429 429 851
430 430 1000
431 431 924
432 432 907
433 433 1000
434 434 985
435 435 1000
436 436 874
437 437 1000
438 438 918
439 439 980
440 440 821
441 441 971
442 442 973
443 443 892
444 444 933
445 445 1000
446 446 986
447 447 961
448 448 983
449 449 805
450 450 819
451 451 846
452 452 1000
453 453 858
454 454 801
455 455 910
456 456 837
457 457 805
458 458 1000
459 459 908
460 460 852
461 461 818
462 462 1000
463 463 896
464 464 953
465 465 941
466 466 1000
467 467 970
468 468 984
469 469 807
470 470 913
471 471 862
472 472 855
473 473 1000
474 474 808
475 475 1000
476 476 1000
477 477 1000
478 478 930
479 479 879
480 480 873
481 481 821
482 482 981
483 483 1000
484 484 1000
485 485 878
486 486 1000
487 487 901
488 488 853
489 489 901
490 490 922
491 491 847
492 492 1000
493 493 900
494 494 1000
495 495 994
496 496 846
497 497 806
498 498 935
499 499 922
500 500 1000
501 501 828
502 502 962
503 503 1000
504 504 939
505 505 931
506 506 989
507 507 1000
508 508 938
509 509 896
510 510 894
511 511 1000
512 512 834
513 513 969
514 514 821
515 515 817
516 516 836
517 517 973
518 518 926
519 519 940
520 520 942
521 521 881
522 522 1000
523 523 1000
524 524 978
525 525 960
526 526 903
527 527 825
528 528 863
529 529 853
530 530 891
531 531 1000
532 532 1000
533 533 817
534 534 923
535 535 1000
536 536 873
537 537 831
538 538 1000
539 539 810
540 540 1000
541 541 1000
542 542 1000
543 543 944
544 544 902
545 545 905
546 546 1000
547 547 880
548 548 1000
549 549 811
550 550 898
551 551 936
552 552 1000
553 553 982
554 554 996
555 555 879
556 556 829
557 557 822
558 558 874
559 559 923
560 560 976
561 561 912
562 562 940
563 563 833
564 564 970
565 565 1000
566 566 870
567 567 975
568 568 868
569 569 1000
570 570 1000
571 571 848
572 572 938
573 573 968
574 574 881
575 575 852
576 576 984
577 577 829
578 578 1000
579 579 966
580 580 814
581 581 898
582 582 975
583 583 974
584 584 877
585 585 1000
586 586 866
587 587 835
588 588 966
589 589 1000
590 590 858
591 591 848
592 592 1000
593 593 839
594 594 920
595 595 946
596 596 1000
597 597 1000
598 598 825
599 599 908
600 600 809
601 601 906
602 602 902
603 603 1000
604 604 1000
605 605 891
606 606 1000
607 607 1000
608 608 896
609 609 986
610 610 855
611 611 1000
612 612 821
613 613 991
614 614 901
615 615 936
616 616 942
617 617 905
618 618 992
619 619 807
620 620 814
621 621 920
622 622 1000
623 623 856
624 624 850
625 625 1000
626 626 823
627 627 945
628 628 935
629 629 918
630 630 1000
631 631 807
632 632 955
633 633 838
634 634 905
635 635 1000
636 636 811
637 637 963
638 638 976
639 639 840
640 640 828
641 641 967
642 642 821
643 643 981
644 644 910
645 645 987
646 646 889
647 647 860
648 648 801
649 649 993
650 650 1000
651 651 977
652 652 824
653 653 928
654 654 955
655 655 1000
656 656 1000
657 657 961
658 658 919
659 659 873
660 660 872
661 661 980
662 662 928
663 663 1000
664 664 989
665 665 989
666 666 857
667 667 1000
668 668 937
669 669 990
670 670 952
671 671 865
672 672 891
673 673 872
674 674 1000
675 675 816
676 676 916
677 677 963
678 678 885
679 679 904
680 680 940
681 681 800
682 682 972
683 683 997
684 684 952
685 685 806
686 686 1000
687 687 819
688 688 881
689 689 892
690 690 828
691 691 831
692 692 873
693 693 831
694 694 931
695 695 996
696 696 932
697 697 903
698 698 968
699 699 954
700 700 906
701 701 993
702 702 897
703 703 966
704 704 842
705 705 882
706 706 829
707 707 932
708 708 986
709 709 939
710 710 1000
711 711 845
712 712 1000
713 713 856
1 1 1000
2 2 927
3 3 1000
4 4 990
5 5 830
6 6 870
7 7 913
8 8 1000
9 9 866
10 10 944
11 11 877
12 12 922
13 13 824
14 14 1000
15 15 861
16 16 976
17 17 880
18 18 943
19 19 882
20 20 908
21 21 933
22 22 840
23 23 970
24 24 1000
25 25 1000
26 26 1000
27 27 867
28 28 872
29 29 814
30 30 1000
31 31 964
32 32 864
33 33 917
34 34 807
35 35 1000
36 36 859
37 37 994
38 38 835
39 39 904
40 40 1000
41 41 999
42 42 900
43 43 863
44 44 968
45 45 926
46 46 843
47 47 1000
48 48 1000
49 49 1000
50 50 849
51 51 804
52 52 888
53 53 889
54 54 940
55 55 904
56 56 989
57 57 967
58 58 1000
59 59 875
60 60 1000
61 61 1000
62 62 951
63 63 1000
64 64 991
65 65 851
66 66 835
67 67 814
68 68 840
69 69 863
70 70 801
71 71 1000
72 72 1000
73 73 1000
74 74 832
75 75 1000
76 76 849
77 77 880
78 78 928
79 79 974
80 80 976
81 81 920
82 82 897
83 83 1000
84 84 869
85 85 811
86 86 832
87 87 800
88 88 832
89 89 967
90 90 843
91 91 999
92 92 801
93 93 920
94 94 821
95 95 1000
96 96 945
97 97 916
98 98 831
99 99 931
100 100 838
101 101 873
102 102 913
103 103 805
104 104 939
105 105 987
106 106 1000
107 107 1000
108 108 851
109 109 866
110 110 939
111 111 1000
112 112 925
113 113 1000
114 114 955
115 115 972
116 116 882
117 117 813
118 118 866
119 119 1000
120 120 838
121 121 908
122 122 803
123 123 993
124 124 870
125 125 917
126 126 913
127 127 933
128 128 912
129 129 1000
130 130 889
131 131 832
132 132 1000
133 133 815
134 134 958
135 135 999
136 136 836
137 137 880
138 138 940
139 139 892
140 140 918
141 141 934
142 142 901
143 143 861
144 144 938
145 145 887
146 146 824
147 147 879
148 148 925
149 149 897
150 150 1000
151 151 806
152 152 873
153 153 937
154 154 899
155 155 1000
156 156 924
157 157 893
158 158 804
159 159 801
160 160 928
161 161 978
162 162 875
163 163 836
164 164 934
165 165 884
166 166 879
167 167 981
168 168 863
169 169 1000
170 170 917
171 171 907
172 172 964
173 173 967
174 174 1000
175 175 888
176 176 965
177 177 911
178 178 884
179 179 1000
180 180 926
181 181 880
182 182 999
183 183 868
184 184 849
185 185 922
186 186 867
187 187 897
188 188 905
189 189 830
190 190 818
191 191 974
192 192 825
193 193 933
194 194 898
195 195 1000
196 196 887
197 197 808
198 198 1000
199 199 906
200 200 984
201 201 849
202 202 879
203 203 1000
204 204 902
205 205 1000
206 206 920
207 207 972
208 208 810
209 209 938
210 210 1000
211 211 940
212 212 815
213 213 1000
214 214 1000
215 215 1000
216 216 1000
217 217 1000
218 218 805
219 219 933
220 220 896
221 221 1000
222 222 864
223 223 899
224 224 821
225 225 954
226 226 854
227 227 861
228 228 928
229 229 1000
230 230 882
231 231 953
232 232 1000
233 233 915
234 234 1000
235 235 1000
236 236 826
237 237 979
238 238 815
239 239 1000
240 240 801
241 241 812
242 242 952
243 243 821
244 244 952
245 245 849
246 246 850
247 247 872
248 248 1000
249 249 811
250 250 1000
251 251 822
252 252 1000
253 253 1000
254 254 1000
255 255 1000
256 256 948
257 257 867
258 258 969
259 259 985
260 260 1000
261 261 812
262 262 873
263 263 918
264 264 888
265 265 939
266 266 802
267 267 813
268 268 1000
269 269 844
270 270 891
271 271 841
272 272 924
273 273 826
274 274 804
275 275 1000
276 276 895
277 277 838
278 278 1000
279 279 852
280 280 830
281 281 950
282 282 884
283 283 939
284 284 1000
285 285 1000
286 286 966
287 287 850
