1000
1 1 1000
2 2 962
3 3 953
4 4 857
5 5 868
6 6 1000
1 1 808
2 2 919
3 3 881
4 4 982
5 5 834
2 2 1000
3 3 887
4 4 898
3 3 901
4 4 876
5 5 848
6 6 879
3 3 995
4 4 925
5 5 957
6 6 803
7 7 1000
8 8 844
9 9 934
10 10 915
11 11 860
4 4 902
4 4 899
5 5 823
5 5 1000
6 6 1000
7 7 866
5 5 1000
6 6 844
7 7 880
8 8 903
9 9 971
10 10 944
6 6 812
7 7 935
8 8 820
6 6 906
7 7 881
7 7 811
7 7 942
8 8 900
9 9 904
10 10 898
11 11 1000
8 8 928
9 9 813
10 10 1000
11 11 1000
12 12 913
13 13 917
14 14 918
15 15 973
8 8 817
9 9 953
10 10 929
11 11 1000
12 12 981
13 13 968
14 14 963
9 9 969
10 10 908
11 11 879
12 12 1000
13 13 873
9 9 853
10 10 868
11 11 895
12 12 816
13 13 938
14 14 849
15 15 804
16 16 968
17 17 927
10 10 1000
11 11 1000
12 12 966
13 13 918
14 14 929
15 15 969
10 10 801
11 11 939
12 12 969
13 13 1000
14 14 810
15 15 898
16 16 964
17 17 1000
11 11 913
11 11 824
12 12 1000
13 13 900
14 14 914
12 12 1000
13 13 862
14 14 960
15 15 890
12 12 822
13 13 874
14 14 1000
15 15 933
16 16 1000
17 17 964
13 13 983
14 14 844
15 15 977
16 16 1000
17 17 933
18 18 912
14 14 1000
14 14 827
15 15 816
16 16 917
17 17 806
18 18 907
19 19 906
20 20 1000
21 21 959
15 15 867
16 16 850
17 17 909
18 18 967
19 19 950
15 15 1000
16 16 821
17 17 801
18 18 816
19 19 844
16 16 810
17 17 939
18 18 879
19 19 836
20 20 1000
21 21 867
22 22 900
16 16 1000
17 17 867
18 18 997
17 17 997
18 18 912
19 19 1000
20 20 958
21 21 1000
22 22 1000
23 23 891
24 24 1000
17 17 980
18 18 890
19 19 956
18 18 1000
19 19 984
19 19 871
20 20 1000
21 21 837
22 22 1000
23 23 831
19 19 876
20 20 812
21 21 847
22 22 944
20 20 929
21 21 826
20 20 984
21 21 831
22 22 1000
23 23 980
24 24 912
25 25 1000
26 26 813
27 27 946
28 28 993
21 21 993
22 22 927
23 23 800
21 21 811
22 22 869
23 23 948
24 24 810
25 25 830
26 26 1000
27 27 851
22 22 927
23 23 1000
24 24 841
25 25 946
26 26 993
27 27 941
28 28 1000
22 22 1000
23 23 1000
24 24 1000
23 23 1000
24 24 1000
25 25 812
26 26 968
27 27 848
28 28 954
29 29 1000
30 30 919
31 31 822
23 23 880
24 24 934
25 25 836
26 26 971
27 27 973
24 24 986
25 25 894
26 26 921
27 27 1000
28 28 821
29 29 934
30 30 978
24 24 905
25 25 948
26 26 1000
27 27 822
25 25 822
26 26 987
27 27 953
28 28 1000
29 29 1000
30 30 981
31 31 999
25 25 850
26 26 942
27 27 1000
26 26 990
27 27 922
28 28 807
29 29 921
30 30 852
31 31 958
32 32 862
27 27 915
28 28 805
29 29 1000
30 30 926
28 28 1000
29 29 815
30 30 945
31 31 877
28 28 875
29 29 1000
29 29 951
30 30 870
31 31 1000
32 32 1000
33 33 882
34 34 974
35 35 940
36 36 984
37 37 919
29 29 835
30 30 886
31 31 982
32 32 885
30 30 807
31 31 868
32 32 868
33 33 829
34 34 919
35 35 941
31 31 845
32 32 934
33 33 874
31 31 1000
32 32 1000
33 33 1000
34 34 928
35 35 816
36 36 847
32 32 842
33 33 885
34 34 897
35 35 1000
36 36 911
37 37 943
32 32 1000
33 33 858
34 34 953
35 35 937
36 36 812
37 37 824
33 33 879
33 33 921
34 34 939
35 35 917
36 36 1000
37 37 828
38 38 831
34 34 928
35 35 1000
34 34 844
35 35 817
36 36 1000
36 36 814
37 37 1000
36 36 1000
37 37 882
38 38 1000
39 39 835
37 37 984
38 38 931
39 39 867
40 40 994
41 41 991
42 42 850
43 43 977
44 44 1000
37 37 1000
38 38 941
39 39 1000
40 40 830
41 41 912
42 42 804
43 43 1000
44 44 919
45 45 838
38 38 865
39 39 819
40 40 884
41 41 1000
42 42 894
38 38 917
39 39 1000
40 40 910
41 41 997
42 42 850
43 43 1000
44 44 1000
45 45 1000
39 39 870
40 40 951
41 41 904
42 42 864
43 43 866
44 44 838
45 45 804
46 46 978
39 39 923
40 40 970
41 41 1000
42 42 1000
43 43 1000
44 44 926
45 45 1000
46 46 1000
47 47 1000
40 40 878
41 41 828
42 42 1000
43 43 917
44 44 887
40 40 993
41 41 828
42 42 992
43 43 997
44 44 801
45 45 929
46 46 850
47 47 941
41 41 950
42 42 917
43 43 904
44 44 815
45 45 993
46 46 973
47 47 955
41 41 873
42 42 809
43 43 889
44 44 876
45 45 800
46 46 960
47 47 969
48 48 807
49 49 1000
42 42 919
43 43 946
44 44 991
43 43 838
44 44 969
45 45 842
46 46 915
47 47 856
48 48 816
49 49 827
50 50 873
44 44 818
45 45 995
44 44 986
45 45 864
46 46 887
47 47 1000
48 48 856
49 49 907
50 50 804
51 51 950
45 45 829
46 46 1000
47 47 803
48 48 806
49 49 1000
50 50 896
45 45 990
46 46 822
47 47 820
48 48 970
49 49 915
50 50 861
51 51 949
52 52 894
46 46 1000
46 46 885
47 47 969
48 48 994
49 49 893
50 50 816
51 51 880
47 47 984
48 48 1000
49 49 842
50 50 819
51 51 838
52 52 986
47 47 1000
48 48 833
49 49 903
50 50 913
51 51 931
52 52 1000
48 48 922
49 49 940
50 50 1000
51 51 1000
52 52 850
49 49 1000
50 50 837
49 49 854
50 50 1000
51 51 951
52 52 877
53 53 934
50 50 870
51 51 1000
52 52 978
53 53 839
54 54 892
51 51 1000
52 52 932
51 51 899
52 52 928
53 53 895
52 52 1000
53 53 868
54 54 819
55 55 1000
56 56 1000
57 57 825
52 52 891
53 53 887
54 54 1000
55 55 874
56 56 959
57 57 1000
58 58 838
59 59 849
53 53 804
54 54 995
55 55 851
53 53 856
54 54 976
54 54 1000
54 54 1000
55 55 846
56 56 946
57 57 981
58 58 830
59 59 967
55 55 914
55 55 975
56 56 947
57 57 811
58 58 1000
59 59 968
60 60 1000
61 61 895
62 62 935
56 56 931
57 57 827
56 56 1000
57 57 870
58 58 968
59 59 859
60 60 1000
61 61 1000
62 62 1000
57 57 869
58 58 878
59 59 985
60 60 807
61 61 831
57 57 913
58 58 933
59 59 946
60 60 967
61 61 861
62 62 1000
63 63 825
64 64 825
65 65 912
58 58 1000
58 58 820
59 59 1000
60 60 908
61 61 832
62 62 817
63 63 884
64 64 987
65 65 889
66 66 810
59 59 886
59 59 859
60 60 910
61 61 923
62 62 816
63 63 914
64 64 841
65 65 835
66 66 968
67 67 842
60 60 1000
61 61 894
62 62 1000
63 63 901
64 64 958
65 65 1000
66 66 950
67 67 986
60 60 979
61 61 964
62 62 1000
63 63 801
61 61 989
62 62 815
63 63 927
64 64 972
65 65 995
66 66 903
67 67 924
68 68 808
69 69 946
61 61 906
62 62 988
63 63 937
64 64 855
65 65 1000
66 66 1000
67 67 902
68 68 1000
69 69 860
62 62 884
63 63 838
64 64 1000
65 65 810
66 66 995
67 67 810
68 68 972
69 69 904
70 70 979
62 62 807
63 63 876
64 64 833
63 63 845
64 64 806
65 65 860
66 66 886
67 67 826
64 64 975
65 65 865
66 66 853
67 67 874
68 68 856
69 69 993
70 70 812
71 71 904
72 72 871
64 64 1000
65 65 987
66 66 859
67 67 913
68 68 938
69 69 837
70 70 965
71 71 959
72 72 982
65 65 883
65 65 928
66 66 1000
66 66 920
67 67 1000
68 68 819
69 69 966
70 70 823
71 71 937
66 66 967
67 67 1000
68 68 948
69 69 873
67 67 912
68 68 891
69 69 858
70 70 1000
71 71 992
72 72 816
73 73 979
74 74 969
75 75 821
67 67 943
68 68 900
69 69 996
68 68 854
69 69 955
70 70 1000
71 71 1000
68 68 931
69 69 818
70 70 872
71 71 982
72 72 824
73 73 830
74 74 874
69 69 939
70 70 803
71 71 819
72 72 936
73 73 896
74 74 865
75 75 857
76 76 1000
69 69 1000
70 70 863
70 70 890
71 71 952
72 72 955
73 73 1000
74 74 951
75 75 1000
76 76 887
77 77 982
78 78 837
71 71 873
72 72 815
73 73 874
74 74 985
75 75 822
76 76 812
77 77 952
78 78 832
79 79 805
71 71 918
72 72 825
73 73 876
74 74 859
75 75 919
76 76 930
77 77 887
78 78 874
79 79 1000
72 72 866
73 73 999
74 74 933
73 73 806
74 74 848
75 75 947
76 76 927
77 77 959
78 78 826
79 79 981
73 73 889
74 74 821
75 75 949
76 76 808
77 77 832
78 78 899
79 79 890
74 74 818
75 75 920
76 76 856
77 77 890
78 78 899
75 75 829
76 76 1000
77 77 853
75 75 1000
76 76 895
77 77 1000
78 78 911
79 79 1000
80 80 809
76 76 897
77 77 1000
78 78 1000
76 76 970
77 77 964
78 78 1000
79 79 976
80 80 900
81 81 822
82 82 875
77 77 841
78 78 967
79 79 864
80 80 822
81 81 803
82 82 892
83 83 941
77 77 831
78 78 842
79 79 1000
80 80 834
81 81 1000
82 82 924
83 83 980
84 84 1000
85 85 877
86 86 851
78 78 991
79 79 957
80 80 989
81 81 981
79 79 862
80 80 1000
81 81 807
82 82 997
83 83 931
84 84 865
85 85 926
86 86 871
87 87 824
79 79 873
80 80 1000
81 81 1000
82 82 916
80 80 1000
81 81 903
82 82 939
83 83 939
80 80 896
81 81 943
82 82 954
83 83 1000
84 84 867
81 81 820
82 82 814
83 83 965
84 84 1000
85 85 850
86 86 837
87 87 818
88 88 967
89 89 852
81 81 935
82 82 884
83 83 972
84 84 860
85 85 1000
86 86 981
87 87 874
88 88 932
89 89 1000
82 82 905
83 83 915
84 84 950
85 85 884
86 86 923
87 87 1000
88 88 846
89 89 870
90 90 1000
82 82 1000
83 83 921
83 83 975
84 84 889
85 85 1000
86 86 800
87 87 882
88 88 1000
89 89 1000
90 90 842
91 91 1000
84 84 976
85 85 913
86 86 969
87 87 1000
88 88 816
89 89 899
90 90 1000
85 85 809
86 86 834
87 87 821
88 88 912
89 89 984
90 90 844
91 91 933
92 92 1000
93 93 880
85 85 905
86 86 896
87 87 903
88 88 927
89 89 1000
90 90 935
91 91 1000
92 92 878
93 93 958
86 86 998
87 87 1000
88 88 878
89 89 1000
90 90 948
91 91 926
92 92 864
87 87 912
88 88 1000
89 89 992
90 90 816
91 91 813
92 92 800
93 93 806
87 87 994
88 88 812
89 89 1000
90 90 975
91 91 910
92 92 841
93 93 991
94 94 1000
88 88 891
89 89 983
90 90 997
91 91 1000
92 92 936
93 93 998
94 94 851
88 88 997
89 89 963
90 90 1000
91 91 823
92 92 961
93 93 843
94 94 912
89 89 988
90 90 962
91 91 957
92 92 1000
93 93 973
94 94 822
95 95 899
96 96 968
97 97 938
90 90 952
91 91 1000
90 90 946
91 91 820
92 92 824
91 91 802
92 92 940
93 93 1000
94 94 921
95 95 1000
96 96 876
97 97 1000
98 98 988
91 91 999
92 92 929
93 93 948
94 94 1000
92 92 950
92 92 875
93 93 922
94 94 808
95 95 873
96 96 1000
97 97 999
98 98 996
93 93 1000
94 94 1000
95 95 1000
96 96 872
97 97 960
98 98 1000
99 99 847
93 93 1000
94 94 805
95 95 866
96 96 824
97 97 935
94 94 867
95 95 1000
96 96 897
97 97 1000
98 98 1000
99 99 802
100 100 1000
94 94 1000
95 95 801
96 96 964
97 97 1000
98 98 964
95 95 1000
95 95 891
96 96 914
97 97 855
98 98 977
99 99 898
100 100 806
101 101 953
102 102 852
103 103 855
96 96 933
97 97 844
98 98 984
99 99 945
100 100 1000
101 101 887
102 102 803
96 96 944
97 97 962
98 98 1000
99 99 899
100 100 934
101 101 875
97 97 977
98 98 993
99 99 982
100 100 936
101 101 927
102 102 1000
103 103 953
104 104 1000
97 97 946
98 98 1000
99 99 995
100 100 939
101 101 869
102 102 940
103 103 978
104 104 895
105 105 830
98 98 844
99 99 950
100 100 1000
98 98 885
99 99 951
100 100 1000
101 101 919
102 102 890
103 103 911
104 104 922
105 105 874
106 106 1000
107 107 943
100 100 989
101 101 857
102 102 827
103 103 846
104 104 825
105 105 1000
106 106 984
107 107 812
100 100 987
101 101 969
102 102 832
103 103 876
101 101 802
102 102 986
102 102 915
103 103 894
102 102 1000
103 103 1000
104 104 955
105 105 836
103 103 867
104 104 956
105 105 883
106 106 886
107 107 920
104 104 890
105 105 930
105 105 817
106 106 975
107 107 940
108 108 909
109 109 820
