1000
63827 127654 1000
63828 127654 813
63829 127654 965
63830 127654 859
63831 127654 967
63832 127654 843
63833 127654 854
63834 127654 802
63835 127654 903
63836 127654 897
63837 127654 807
63838 127654 912
63839 127654 967
63840 127654 820
63841 127654 948
63842 127654 893
63843 127654 1000
63844 127654 991
63845 127654 956
63846 127654 842
63847 127654 837
63848 127654 1000
63849 127654 974
63850 127654 862
63851 127654 902
63852 127654 1000
63853 127654 855
63854 127654 994
63855 127654 935
63856 127654 955
63857 127654 980
63858 127654 920
63859 127654 1000
63860 127654 970
63861 127654 1000
63862 127654 855
63863 127654 1000
63864 127654 1000
63865 127654 949
63866 127654 1000
63867 127654 948
63868 127654 1000
63869 127654 943
63870 127654 815
63871 127654 1000
63872 127654 897
63873 127654 957
63874 127654 901
63875 127654 924
63876 127654 854
63877 127654 1000
63878 127654 864
63879 127654 919
63880 127654 995
63881 127654 832
63882 127654 842
63883 127654 918
63884 127654 941
63885 127654 947
63886 127654 1000
63887 127654 881
63888 127654 837
63889 127654 1000
63890 127654 983
63891 127654 829
63892 127654 873
63893 127654 1000
63894 127654 968
63895 127654 946
63896 127654 918
63897 127654 947
63898 127654 846
63899 127654 996
63900 127654 862
63901 127654 1000
63902 127654 981
63903 127654 807
63904 127654 915
63905 127654 963
63906 127654 905
63907 127654 948
63908 127654 902
63909 127654 927
63910 127654 923
63911 127654 865
63912 127654 1000
63913 127654 980
63914 127654 851
63915 127654 980
63916 127654 817
63917 127654 930
63918 127654 861
63919 127654 835
63920 127654 947
63921 127654 908
63922 127654 846
63923 127654 846
63924 127654 995
63925 127654 957
63926 127654 813
63927 127654 871
63928 127654 1000
63929 127654 865
63930 127654 848
63931 127654 864
63932 127654 933
63933 127654 804
63934 127654 1000
63935 127654 902
63936 127654 944
63937 127654 821
63938 127654 942
63939 127654 946
63940 127654 987
63941 127654 823
63942 127654 802
63943 127654 961
63944 127654 939
63945 127654 823
63946 127654 834
63947 127654 966
63948 127654 946
63949 127654 823
63950 127654 964
63951 127654 895
63952 127654 1000
63953 127654 1000
63954 127654 1000
63955 127654 928
63956 127654 814
63957 127654 849
63958 127654 879
63959 127654 976
63960 127654 984
63961 127654 995
63962 127654 872
63963 127654 991
63964 127654 827
63965 127654 1000
63966 127654 905
63967 127654 996
63968 127654 941
63969 127654 929
63970 127654 836
63971 127654 988
63972 127654 906
63973 127654 952
63974 127654 980
63975 127654 1000
63976 127654 896
63977 127654 1000
63978 127654 1000
63979 127654 930
63980 127654 869
63981 127654 978
63982 127654 886
63983 127654 1000
63984 127654 964
63985 127654 925
63986 127654 892
63987 127654 1000
63988 127654 985
63989 127654 881
63990 127654 811
63991 127654 1000
63992 127654 1000
63993 127654 861
63994 127654 995
63995 127654 1000
63996 127654 1000
63997 127654 952
63998 127654 810
63999 127654 810
64000 127654 942
64001 127654 917
64002 127654 865
64003 127654 1000
64004 127654 959
64005 127654 926
64006 127654 1000
64007 127654 987
64008 127654 908
64009 127654 962
64010 127654 831
64011 127654 840
64012 127654 1000
64013 127654 902
64014 127654 884
64015 127654 985
64016 127654 929
64017 127654 817
64018 127654 971
64019 127654 894
64020 127654 898
64021 127654 861
64022 127654 932
64023 127654 1000
64024 127654 922
64025 127654 1000
64026 127654 856
64027 127654 835
64028 127654 1000
64029 127654 803
64030 127654 806
64031 127654 871
64032 127654 1000
64033 127654 886
64034 127654 904
64035 127654 921
64036 127654 839
64037 127654 979
64038 127654 968
64039 127654 1000
64040 127654 841
64041 127654 818
64042 127654 835
64043 127654 894
64044 127654 932
64045 127654 921
64046 127654 803
64047 127654 807
64048 127654 951
64049 127654 1000
64050 127654 892
64051 127654 848
64052 127654 909
64053 127654 949
64054 127654 917
64055 127654 830
64056 127654 869
64057 127654 928
64058 127654 831
64059 127654 858
64060 127654 928
64061 127654 1000
64062 127654 824
64063 127654 1000
64064 127654 896
64065 127654 922
64066 127654 833
64067 127654 810
64068 127654 1000
64069 127654 931
64070 127654 915
64071 127654 843
64072 127654 857
64073 127654 952
64074 127654 1000
64075 127654 912
64076 127654 951
64077 127654 1000
64078 127654 949
64079 127654 855
64080 127654 880
64081 127654 895
64082 127654 1000
64083 127654 953
64084 127654 1000
64085 127654 925
64086 127654 869
64087 127654 851
64088 127654 802
64089 127654 897
64090 127654 855
64091 127654 824
64092 127654 945
64093 127654 858
64094 127654 973
64095 127654 846
64096 127654 835
64097 127654 919
64098 127654 1000
64099 127654 936
64100 127654 943
64101 127654 1000
64102 127654 956
64103 127654 827
64104 127654 986
64105 127654 1000
64106 127654 981
64107 127654 914
64108 127654 947
64109 127654 1000
64110 127654 999
64111 127654 805
64112 127654 934
64113 127654 1000
64114 127654 815
64115 127654 921
64116 127654 817
64117 127654 920
64118 127654 1000
64119 127654 816
64120 127654 1000
64121 127654 889
64122 127654 852
64123 127654 813
64124 127654 899
64125 127654 993
64126 127654 1000
64127 127654 845
64128 127654 964
64129 127654 935
64130 127654 855
64131 127654 993
64132 127654 921
64133 127654 848
64134 127654 980
64135 127654 1000
64136 127654 840
64137 127654 827
64138 127654 1000
64139 127654 863
64140 127654 990
64141 127654 957
64142 127654 1000
64143 127654 859
64144 127654 895
64145 127654 1000
64146 127654 886
64147 127654 911
64148 127654 970
64149 127654 991
64150 127654 1000
64151 127654 967
64152 127654 988
64153 127654 913
64154 127654 1000
64155 127654 906
64156 127654 831
64157 127654 938
64158 127654 1000
64159 127654 991
64160 127654 965
64161 127654 1000
64162 127654 847
64163 127654 835
64164 127654 806
64165 127654 817
64166 127654 880
64167 127654 908
64168 127654 846
64169 127654 820
64170 127654 1000
64171 127654 902
64172 127654 899
64173 127654 1000
64174 127654 939
64175 127654 818
64176 127654 859
64177 127654 932
64178 127654 957
64179 127654 1000
64180 127654 929
64181 127654 974
64182 127654 948
64183 127654 877
64184 127654 898
64185 127654 949
64186 127654 924
64187 127654 1000
64188 127654 1000
64189 127654 806
64190 127654 919
64191 127654 822
64192 127654 903
64193 127654 864
64194 127654 897
64195 127654 1000
64196 127654 891
64197 127654 1000
64198 127654 862
64199 127654 898
64200 127654 1000
64201 127654 1000
64202 127654 1000
64203 127654 814
64204 127654 906
64205 127654 1000
64206 127654 939
64207 127654 971
64208 127654 809
64209 127654 850
64210 127654 1000
64211 127654 977
64212 127654 844
64213 127654 915
64214 127654 927
64215 127654 911
64216 127654 819
64217 127654 959
64218 127654 985
64219 127654 878
64220 127654 967
64221 127654 851
64222 127654 810
64223 127654 972
64224 127654 872
64225 127654 914
64226 127654 1000
64227 127654 1000
64228 127654 934
64229 127654 910
64230 127654 810
64231 127654 1000
64232 127654 1000
64233 127654 860
64234 127654 1000
64235 127654 865
64236 127654 977
64237 127654 922
64238 127654 1000
64239 127654 956
64240 127654 1000
64241 127654 824
64242 127654 806
64243 127654 1000
64244 127654 814
64245 127654 889
64246 127654 821
64247 127654 997
64248 127654 908
64249 127654 947
64250 127654 1000
64251 127654 1000
64252 127654 853
64253 127654 925
64254 127654 812
64255 127654 831
64256 127654 869
64257 127654 1000
64258 127654 988
64259 127654 1000
64260 127654 873
64261 127654 1000
64262 127654 1000
64263 127654 909
64264 127654 1000
64265 127654 861
64266 127654 945
64267 127654 981
64268 127654 1000
64269 127654 951
64270 127654 814
64271 127654 992
64272 127654 874
64273 127654 928
64274 127654 828
64275 127654 1000
64276 127654 919
64277 127654 898
64278 127654 879
64279 127654 894
64280 127654 907
64281 127654 833
64282 127654 880
64283 127654 955
64284 127654 1000
64285 127654 1000
64286 127654 908
64287 127654 855
64288 127654 904
64289 127654 1000
64290 127654 814
64291 127654 836
64292 127654 899
64293 127654 967
64294 127654 951
64295 127654 890
64296 127654 843
64297 127654 886
64298 127654 889
64299 127654 999
64300 127654 915
64301 127654 880
64302 127654 943
64303 127654 1000
64304 127654 829
64305 127654 939
64306 127654 909
64307 127654 974
64308 127654 922
64309 127654 1000
64310 127654 949
64311 127654 848
64312 127654 905
64313 127654 824
64314 127654 845
64315 127654 882
64316 127654 951
64317 127654 1000
64318 127654 991
64319 127654 827
64320 127654 870
64321 127654 911
64322 127654 807
64323 127654 987
64324 127654 898
64325 127654 867
64326 127654 897
64327 127654 928
64328 127654 1000
64329 127654 990
64330 127654 899
64331 127654 950
64332 127654 1000
64333 127654 863
64334 127654 824
64335 127654 913
64336 127654 944
64337 127654 923
64338 127654 848
64339 127654 931
64340 127654 820
64341 127654 1000
64342 127654 843
64343 127654 976
64344 127654 806
64345 127654 881
64346 127654 1000
64347 127654 933
64348 127654 874
64349 127654 865
64350 127654 860
64351 127654 826
64352 127654 994
64353 127654 982
64354 127654 1000
64355 127654 911
64356 127654 958
64357 127654 821
64358 127654 872
64359 127654 1000
64360 127654 857
64361 127654 1000
64362 127654 944
64363 127654 812
64364 127654 904
64365 127654 942
64366 127654 842
64367 127654 953
64368 127654 845
64369 127654 877
64370 127654 1000
64371 127654 1000
64372 127654 805
64373 127654 978
64374 127654 996
64375 127654 897
64376 127654 865
64377 127654 935
64378 127654 824
64379 127654 897
64380 127654 848
64381 127654 874
64382 127654 938
64383 127654 954
64384 127654 832
64385 127654 1000
64386 127654 882
64387 127654 1000
64388 127654 879
64389 127654 883
64390 127654 977
64391 127654 921
64392 127654 832
64393 127654 963
64394 127654 1000
64395 127654 956
64396 127654 807
64397 127654 1000
64398 127654 1000
64399 127654 802
64400 127654 1000
64401 127654 859
64402 127654 951
64403 127654 817
64404 127654 807
64405 127654 823
64406 127654 964
64407 127654 851
64408 127654 934
64409 127654 920
64410 127654 880
64411 127654 1000
64412 127654 876
64413 127654 1000
64414 127654 805
64415 127654 915
64416 127654 989
64417 127654 827
64418 127654 960
63828 127655 931
63829 127655 904
63830 127655 1000
63831 127655 1000
63832 127655 838
63833 127655 948
63834 127655 982
63835 127655 965
63836 127655 963
63837 127655 1000
63838 127655 993
63839 127655 951
63840 127655 997
63841 127655 855
63842 127655 867
63843 127655 890
63844 127655 951
63845 127655 859
63846 127655 978
63847 127655 815
63848 127655 896
63849 127655 988
63850 127655 863
63851 127655 937
63852 127655 891
63853 127655 821
63854 127655 966
63855 127655 955
63856 127655 973
63857 127655 863
63858 127655 911
63859 127655 824
63860 127655 865
63861 127655 912
63862 127655 885
63863 127655 1000
63864 127655 860
63865 127655 982
63866 127655 820
63867 127655 834
63868 127655 812
63869 127655 970
63870 127655 815
63871 127655 901
63872 127655 961
63873 127655 894
63874 127655 912
63875 127655 891
63876 127655 1000
63877 127655 804
63878 127655 947
63879 127655 865
63880 127655 805
63881 127655 812
63882 127655 980
63883 127655 1000
63884 127655 861
63885 127655 1000
63886 127655 1000
63887 127655 845
63888 127655 838
63889 127655 906
63890 127655 910
63891 127655 964
63892 127655 845
63893 127655 1000
63894 127655 932
63895 127655 805
63896 127655 932
63897 127655 839
63898 127655 903
63899 127655 1000
63900 127655 978
63901 127655 982
63902 127655 960
63903 127655 963
63904 127655 848
63905 127655 954
63906 127655 1000
63907 127655 1000
63908 127655 890
63909 127655 963
63910 127655 846
63911 127655 836
63912 127655 976
63913 127655 804
63914 127655 942
63915 127655 991
63916 127655 866
63917 127655 913
63918 127655 805
63919 127655 937
63920 127655 971
63921 127655 971
63922 127655 904
63923 127655 801
63924 127655 1000
63925 127655 944
63926 127655 866
63927 127655 907
63928 127655 953
63929 127655 815
63930 127655 841
63931 127655 818
63932 127655 851
63933 127655 974
63934 127655 1000
63935 127655 1000
63936 127655 996
63937 127655 821
63938 127655 855
63939 127655 997
63940 127655 1000
63941 127655 992
63942 127655 882
63943 127655 927
63944 127655 839
63945 127655 840
63946 127655 1000
63947 127655 853
63948 127655 1000
63949 127655 897
63950 127655 928
63951 127655 895
63952 127655 874
63953 127655 1000
63954 127655 885
63955 127655 897
63956 127655 1000
63957 127655 835
63958 127655 846
63959 127655 933
63960 127655 887
63961 127655 923
63962 127655 1000
63963 127655 812
63964 127655 987
63965 127655 921
63966 127655 1000
63967 127655 999
63968 127655 1000
63969 127655 944
63970 127655 965
63971 127655 868
63972 127655 862
63973 127655 917
63974 127655 846
63975 127655 864
63976 127655 928
63977 127655 839
63978 127655 961
63979 127655 947
63980 127655 853
63981 127655 1000
63982 127655 1000
63983 127655 892
63984 127655 849
63985 127655 1000
63986 127655 810
63987 127655 920
63988 127655 906
63989 127655 889
63990 127655 833
63991 127655 980
63992 127655 1000
63993 127655 915
63994 127655 810
63995 127655 976
63996 127655 923
63997 127655 903
63998 127655 840
63999 127655 872
64000 127655 997
64001 127655 1000
64002 127655 806
64003 127655 806
64004 127655 860
64005 127655 937
64006 127655 993
64007 127655 900
64008 127655 837
64009 127655 919
64010 127655 813
64011 127655 844
64012 127655 894
64013 127655 924
64014 127655 1000
64015 127655 983
64016 127655 1000
64017 127655 1000
64018 127655 987
64019 127655 1000
64020 127655 960
64021 127655 948
64022 127655 802
64023 127655 990
64024 127655 814
64025 127655 811
64026 127655 927
64027 127655 943
64028 127655 894
64029 127655 884
64030 127655 1000
64031 127655 957
64032 127655 900
64033 127655 872
64034 127655 947
64035 127655 889
64036 127655 916
64037 127655 1000
64038 127655 930
64039 127655 884
64040 127655 996
64041 127655 933
64042 127655 883
64043 127655 1000
64044 127655 853
64045 127655 898
64046 127655 840
64047 127655 964
64048 127655 979
64049 127655 876
64050 127655 924
64051 127655 813
64052 127655 924
64053 127655 952
64054 127655 1000
64055 127655 935
64056 127655 931
64057 127655 834
64058 127655 821
64059 127655 811
64060 127655 854
64061 127655 969
64062 127655 1000
64063 127655 805
64064 127655 950
64065 127655 882
64066 127655 926
64067 127655 910
64068 127655 864
64069 127655 878
64070 127655 925
64071 127655 960
64072 127655 932
64073 127655 1000
64074 127655 1000
64075 127655 959
64076 127655 924
64077 127655 834
64078 127655 973
64079 127655 943
64080 127655 949
64081 127655 876
64082 127655 957
64083 127655 963
64084 127655 1000
64085 127655 1000
64086 127655 1000
64087 127655 883
64088 127655 978
64089 127655 978
64090 127655 968
64091 127655 803
64092 127655 970
64093 127655 828
64094 127655 985
64095 127655 849
64096 127655 860
64097 127655 1000
64098 127655 804
64099 127655 820
64100 127655 1000
64101 127655 958
64102 127655 863
64103 127655 1000
64104 127655 1000
64105 127655 811
64106 127655 875
64107 127655 924
64108 127655 999
64109 127655 961
64110 127655 864
64111 127655 877
64112 127655 886
64113 127655 932
64114 127655 909
64115 127655 940
64116 127655 871
64117 127655 1000
64118 127655 853
64119 127655 891
64120 127655 845
64121 127655 991
64122 127655 870
64123 127655 890
64124 127655 858
64125 127655 1000
64126 127655 824
64127 127655 1000
64128 127655 958
64129 127655 948
64130 127655 936
64131 127655 1000
64132 127655 871
64133 127655 899
64134 127655 846
64135 127655 918
64136 127655 924
64137 127655 866
64138 127655 1000
64139 127655 974
64140 127655 936
64141 127655 935
64142 127655 1000
64143 127655 962
64144 127655 1000
64145 127655 1000
64146 127655 896
64147 127655 820
64148 127655 885
64149 127655 844
64150 127655 1000
64151 127655 901
64152 127655 1000
64153 127655 802
64154 127655 1000
64155 127655 918
64156 127655 868
64157 127655 1000
64158 127655 988
64159 127655 855
64160 127655 925
64161 127655 913
64162 127655 949
64163 127655 810
64164 127655 963
64165 127655 949
64166 127655 828
64167 127655 861
64168 127655 947
64169 127655 1000
64170 127655 917
64171 127655 822
64172 127655 1000
64173 127655 974
64174 127655 1000
64175 127655 990
64176 127655 976
64177 127655 803
64178 127655 809
64179 127655 911
64180 127655 891
64181 127655 863
64182 127655 1000
64183 127655 827
64184 127655 825
64185 127655 918
64186 127655 998
64187 127655 947
64188 127655 1000
64189 127655 835
64190 127655 1000
64191 127655 888
64192 127655 1000
64193 127655 824
64194 127655 1000
64195 127655 953
64196 127655 943
64197 127655 972
64198 127655 902
64199 127655 1000
64200 127655 965
64201 127655 915
64202 127655 976
64203 127655 839
64204 127655 854
64205 127655 919
64206 127655 864
64207 127655 801
64208 127655 886
64209 127655 947
64210 127655 812
64211 127655 914
64212 127655 964
64213 127655 892
64214 127655 847
64215 127655 950
64216 127655 935
64217 127655 1000
64218 127655 883
64219 127655 948
64220 127655 877
64221 127655 891
64222 127655 1000
64223 127655 989
64224 127655 829
64225 127655 842
64226 127655 1000
64227 127655 858
64228 127655 976
64229 127655 938
64230 127655 839
64231 127655 956
64232 127655 916
64233 127655 820
64234 127655 892
64235 127655 862
