1000
50000 100000 1000
50001 100001 1000
50002 100004 914
50003 100006 925
50005 100009 858
50007 100014 1000
50008 100015 1000
50008 100016 961
50009 100017 948
50009 100018 1000
50010 100019 816
50011 100021 942
50012 100023 1000
50013 100025 1000
50014 100027 1000
50014 100028 1000
50015 100029 1000
50015 100030 848
50016 100031 905
50017 100033 901
50018 100035 827
50018 100036 1000
50019 100037 984
50020 100039 935
50020 100040 841
50021 100041 947
50022 100044 1000
50027 100053 1000
50027 100054 968
50029 100057 985
50030 100059 901
50033 100066 990
50034 100068 854
50035 100069 857
50037 100073 925
50037 100074 811
50038 100075 1000
50039 100078 904
50040 100079 972
50040 100080 921
50042 100084 865
50043 100085 871
50045 100089 1000
50045 100090 911
50046 100091 986
50046 100092 822
50048 100095 1000
50049 100098 885
50050 100099 985
50050 100100 931
50051 100101 973
50051 100102 977
50052 100103 860
50052 100104 978
50055 100109 986
50056 100111 806
50056 100112 966
50057 100113 1000
50057 100114 808
50058 100115 845
50058 100116 1000
50059 100118 1000
50061 100122 1000
50062 100123 822
50063 100125 874
50063 100126 963
50066 100131 959
50067 100133 864
50067 100134 911
50068 100135 942
50068 100136 983
50069 100138 984
50070 100139 967
50071 100141 827
50072 100144 970
50074 100147 907
50075 100149 979
50075 100150 1000
50076 100151 1000
50077 100153 824
50080 100160 971
50081 100162 973
50084 100168 1000
50085 100169 820
50085 100170 1000
50087 100173 1000
50088 100176 842
50090 100180 911
50091 100181 882
50092 100184 1000
50093 100186 983
50094 100187 857
50095 100190 987
50097 100194 847
50098 100195 820
50098 100196 861
50099 100197 919
50100 100199 878
50100 100200 816
50101 100202 845
50103 100205 872
50103 100206 891
50104 100208 1000
50105 100210 803
50106 100212 815
50107 100214 876
50108 100216 989
50109 100217 875
50110 100219 871
50110 100220 1000
50111 100222 867
50112 100223 933
50113 100226 1000
50114 100228 886
50115 100230 906
50116 100231 864
50116 100232 943
50117 100233 801
50117 100234 1000
50119 100237 857
50120 100239 930
50121 100242 1000
50123 100245 1000
50123 100246 806
50124 100247 1000
50125 100249 910
50125 100250 887
50127 100254 913
50128 100256 844
50130 100260 923
50131 100262 896
50132 100263 829
50135 100270 895
50136 100272 1000
50137 100274 951
50138 100276 1000
50139 100278 844
50140 100280 821
50141 100282 931
50142 100283 1000
50143 100285 850
50143 100286 1000
50144 100287 948
50144 100288 889
50145 100289 1000
50148 100296 920
50149 100297 1000
50150 100300 1000
50151 100301 1000
50152 100303 905
50154 100307 1000
50154 100308 859
50157 100313 922
50158 100315 965
50160 100319 848
50161 100321 964
50162 100324 944
50163 100325 1000
50163 100326 843
50165 100329 806
50166 100331 847
50166 100332 972
50167 100333 849
50167 100334 828
50168 100335 826
50169 100338 864
50170 100339 843
50170 100340 843
50174 100347 881
50174 100348 975
50175 100349 1000
50177 100353 900
50177 100354 872
50178 100355 914
50178 100356 852
50179 100358 935
50180 100359 900
50181 100361 897
50182 100363 1000
50182 100364 826
50183 100365 893
50183 100366 912
50185 100369 918
50185 100370 998
50186 100371 1000
50186 100372 800
50188 100375 809
50190 100379 852
50190 100380 931
50191 100381 1000
50191 100382 818
50192 100384 918
50193 100385 1000
50193 100386 1000
50194 100387 905
50194 100388 897
50195 100389 892
50196 100391 1000
50199 100397 861
50200 100399 1000
50200 100400 817
50201 100401 827
50202 100403 844
50202 100404 1000
50203 100406 1000
50204 100407 1000
50204 100408 887
50206 100412 861
50208 100415 1000
50208 100416 964
50209 100417 826
50210 100419 976
50210 100420 894
50211 100422 872
50212 100423 1000
50212 100424 837
50214 100427 991
50216 100431 1000
50216 100432 824
50217 100433 859
50219 100437 856
50220 100439 953
50220 100440 952
50221 100442 870
50222 100443 903
50223 100445 1000
50224 100447 1000
50225 100450 807
50226 100452 898
50227 100453 977
50227 100454 863
50229 100457 823
50230 100459 1000
50230 100460 937
50231 100461 938
50231 100462 840
50232 100463 883
50232 100464 1000
50233 100465 918
50234 100467 988
50234 100468 838
50235 100470 1000
50236 100471 808
50237 100474 835
50238 100476 847
50239 100477 982
50239 100478 922
50240 100479 875
50242 100483 961
50242 100484 1000
50244 100488 855
50245 100489 919
50246 100492 806
50247 100494 946
50248 100495 929
50248 100496 924
50250 100499 808
50250 100500 979
50251 100501 952
50251 100502 978
50252 100503 816
50253 100506 925
50255 100510 866
50256 100511 993
50256 100512 805
50257 100513 966
50257 100514 1000
50258 100515 920
50258 100516 909
50259 100518 1000
50260 100519 997
50260 100520 853
50263 100525 806
50265 100530 895
50267 100534 828
50268 100535 859
50269 100537 856
50269 100538 1000
50271 100541 1000
50271 100542 840
50272 100544 960
50273 100546 817
50274 100547 1000
50274 100548 1000
50275 100550 910
50276 100552 1000
50280 100559 845
50281 100561 892
50282 100563 807
50282 100564 918
50283 100566 1000
50287 100573 995
50287 100574 942
50288 100575 997
50288 100576 949
50291 100582 885
50294 100587 1000
50294 100588 806
50295 100589 884
50296 100592 1000
50297 100593 1000
50300 100599 913
50301 100601 1000
50301 100602 997
50302 100604 1000
50304 100607 876
50305 100610 913
50306 100611 972
50306 100612 1000
50307 100613 811
50307 100614 933
50308 100615 824
50309 100617 969
50310 100619 990
50311 100621 804
50311 100622 860
50312 100624 863
50313 100625 1000
50313 100626 991
50314 100627 866
50315 100629 1000
50315 100630 903
50316 100631 837
50317 100633 956
50319 100637 944
50321 100641 983
50321 100642 975
50322 100643 974
50323 100645 900
50323 100646 862
50324 100648 803
50325 100650 850
50326 100651 947
50328 100656 825
50329 100658 953
50330 100659 947
50330 100660 814
50331 100661 972
50331 100662 902
50332 100664 1000
50334 100668 925
50335 100670 900
50336 100671 1000
50339 100677 937
50341 100681 802
50341 100682 904
50342 100683 823
50343 100685 804
50343 100686 1000
50344 100688 839
50347 100693 893
50347 100694 920
50349 100698 1000
50351 100701 1000
50352 100704 802
50353 100706 1000
50354 100707 860
50354 100708 878
50356 100711 976
50356 100712 875
50357 100714 1000
50358 100716 928
50360 100720 922
50362 100724 961
50363 100725 986
50364 100727 838
50366 100732 816
50368 100736 925
50369 100738 858
50370 100739 884
50370 100740 862
50371 100741 800
50372 100743 949
50373 100745 914
50374 100748 1000
50375 100749 845
50376 100751 810
50379 100757 972
50379 100758 991
50380 100759 961
50380 100760 913
50382 100764 820
50383 100765 978
50383 100766 874
50384 100767 931
50385 100769 1000
50385 100770 1000
50386 100772 940
50387 100773 990
50387 100774 820
50389 100777 975
50389 100778 909
50390 100779 844
50390 100780 959
50393 100785 861
50394 100787 904
50397 100793 900
50398 100795 941
50398 100796 1000
50399 100797 871
50399 100798 997
50400 100799 836
50401 100801 1000
50402 100804 1000
50403 100805 928
50403 100806 859
50404 100807 975
50406 100811 960
50408 100816 800
50410 100819 819
50412 100824 832
50414 100827 854
50414 100828 969
50415 100829 1000
50415 100830 892
50416 100832 998
50417 100833 948
50418 100835 872
50419 100838 958
50420 100839 912
50420 100840 973
50422 100844 962
50423 100845 814
50424 100848 930
50425 100849 932
50426 100852 1000
50427 100853 1000
50427 100854 890
50428 100855 1000
50428 100856 996
50430 100860 876
50432 100863 1000
50433 100865 917
50433 100866 860
50434 100867 914
50435 100869 890
50435 100870 932
50436 100871 968
50436 100872 915
50437 100874 851
50438 100876 848
50439 100877 922
50439 100878 831
50440 100879 921
50441 100882 1000
50442 100883 952
50443 100885 825
50443 100886 821
50444 100887 841
50446 100892 934
50447 100893 885
50449 100897 860
50449 100898 917
50450 100899 977
50450 100900 1000
50451 100901 890
50453 100906 874
50454 100908 870
50455 100909 804
50455 100910 862
50458 100916 1000
50459 100917 925
50459 100918 906
50460 100919 933
50462 100924 1000
50463 100926 822
50464 100927 983
50464 100928 819
50466 100931 968
50468 100936 1000
50469 100938 854
50470 100939 911
50472 100944 862
50474 100948 1000
50475 100949 992
50476 100951 979
50476 100952 925
50477 100953 879
50479 100957 867
50480 100959 807
50482 100963 937
50483 100966 900
50484 100968 919
50485 100969 983
50486 100972 902
50487 100973 964
50488 100976 837
50489 100977 936
50489 100978 801
50491 100981 1000
50491 100982 951
50492 100983 947
50492 100984 932
50493 100985 972
50495 100990 1000
50496 100991 953
50496 100992 944
50498 100996 980
50499 100997 817
50500 100999 1000
50501 101002 1000
50502 101003 1000
50503 101005 801
50505 101009 820
50505 101010 1000
50507 101013 868
50507 101014 990
50509 101018 896
50510 101020 972
50511 101022 892
50512 101023 925
50513 101025 805
50513 101026 970
50515 101030 1000
50516 101031 880
50516 101032 889
50517 101033 1000
50518 101036 953
50519 101038 1000
50521 101041 921
50522 101044 1000
50523 101045 804
50524 101047 934
50525 101050 811
50526 101051 892
50527 101053 803
50528 101056 913
50529 101057 1000
50529 101058 858
50531 101061 1000
50532 101064 1000
50534 101067 1000
50534 101068 919
50535 101069 1000
50537 101073 953
50537 101074 822
50538 101075 901
50539 101077 843
50539 101078 874
50540 101080 866
50541 101082 884
50543 101085 915
50543 101086 825
50544 101087 811
50545 101089 1000
50547 101093 1000
50549 101097 816
50550 101100 811
50551 101102 879
50552 101103 976
50552 101104 939
50554 101107 822
50554 101108 879
50555 101109 991
50556 101112 882
50557 101114 1000
50558 101116 838
50559 101117 869
50560 101119 948
50560 101120 936
50562 101124 919
50563 101125 959
50563 101126 884
50564 101127 911
50564 101128 855
50566 101131 1000
50566 101132 971
50567 101134 937
50568 101136 807
50570 101139 1000
50571 101141 1000
50572 101144 940
50573 101145 1000
50574 101147 900
50576 101151 942
50577 101153 1000
50578 101155 962
50578 101156 880
50579 101157 854
50579 101158 979
50582 101164 918
50583 101166 955
50584 101168 1000
50585 101170 807
50586 101171 843
50587 101174 973
50588 101175 842
50589 101177 900
50589 101178 862
50590 101179 816
50590 101180 868
50591 101181 927
50591 101182 939
50592 101184 872
50594 101187 936
50595 101189 802
50596 101191 1000
50596 101192 939
50597 101193 878
50597 101194 987
50598 101195 1000
50598 101196 958
50599 101197 851
50599 101198 840
50600 101200 957
50601 101201 1000
50601 101202 894
50603 101205 825
50605 101209 979
50606 101211 854
50606 101212 814
50607 101214 987
50608 101215 889
50608 101216 803
50609 101218 849
50611 101221 984
50612 101223 823
50612 101224 912
50613 101225 1000
50614 101228 950
50615 101229 964
50615 101230 946
50617 101233 922
50620 101239 1000
50621 101242 821
50622 101244 930
50623 101246 913
50624 101248 994
50625 101249 992
50625 101250 802
50626 101251 815
50627 101254 948
50628 101255 818
50628 101256 864
50631 101261 990
50632 101264 1000
50633 101265 851
50633 101266 914
50634 101267 959
50634 101268 1000
50635 101269 1000
50636 101271 937
50636 101272 927
50637 101274 1000
50640 101279 1000
50641 101282 1000
50642 101283 827
50643 101285 1000
50644 101287 1000
50644 101288 962
50646 101291 849
50646 101292 936
50647 101293 917
50647 101294 974
50648 101295 924
50649 101297 845
50650 101299 818
50650 101300 857
50651 101301 876
50652 101303 849
50652 101304 885
50653 101305 871
50654 101307 891
50655 101309 935
50657 101314 884
50658 101316 873
50660 101319 903
50660 101320 856
50661 101321 865
50661 101322 979
50662 101323 885
50662 101324 833
50663 101326 863
50665 101329 897
50665 101330 1000
50666 101332 908
50668 101336 919
50670 101340 908
50671 101342 813
50673 101345 1000
50673 101346 987
50675 101350 821
50676 101351 938
50677 101353 804
50677 101354 1000
50678 101355 1000
50680 101359 820
50681 101362 937
50682 101364 824
50684 101367 986
50684 101368 981
50686 101371 1000
50686 101372 969
50687 101374 896
50688 101375 860
50688 101376 913
50689 101377 963
50690 101379 1000
50690 101380 1000
50692 101384 873
50694 101387 978
50695 101389 1000
50695 101390 892
50697 101393 843
50697 101394 804
50698 101395 987
50698 101396 909
50699 101397 1000
50699 101398 864
50700 101399 905
50700 101400 1000
50701 101402 859
50702 101403 1000
50702 101404 1000
50704 101408 1000
50705 101410 1000
50706 101411 876
50706 101412 1000
50707 101414 928
50708 101415 913
50709 101417 1000
50709 101418 866
50711 101422 828
50712 101424 966
50713 101426 891
50714 101428 856
50715 101429 816
50717 101433 835
50717 101434 1000
50718 101435 929
50719 101437 839
50720 101439 971
50720 101440 948
50721 101441 920
50721 101442 1000
50723 101445 1000
50723 101446 963
50724 101448 879
50725 101450 981
50726 101452 1000
50727 101454 964
50728 101455 826
50728 101456 833
50729 101457 1000
50730 101459 1000
50731 101462 999
50732 101463 865
50733 101465 1000
50733 101466 882
50734 101467 1000
50735 101470 884
50736 101471 986
50737 101473 824
50737 101474 822
50739 101478 925
50740 101480 952
50741 101482 936
50743 101485 825
50743 101486 907
50744 101487 1000
50744 101488 1000
50745 101490 995
50746 101491 896
50747 101493 998
50747 101494 968
50748 101495 984
50749 101497 996
50750 101500 838
50751 101501 833
50752 101503 830
50752 101504 915
50753 101505 1000
50754 101508 844
50755 101509 981
50755 101510 910
50756 101512 950
50758 101516 1000
50759 101517 866
50759 101518 976
50761 101522 818
50762 101524 963
50763 101525 817
50766 101532 977
50768 101535 861
50769 101538 845
50770 101539 967
50771 101541 907
50771 101542 858
50772 101544 841
50775 101549 995
50776 101551 870
50777 101553 883
50778 101555 881
50779 101557 869
50779 101558 832
50780 101560 850
50781 101561 957
50782 101564 879
50783 101565 887
50784 101567 854
50784 101568 848
50785 101569 877
50785 101570 957
50786 101572 973
50787 101573 810
50787 101574 861
50788 101575 820
50789 101577 979
50789 101578 915
50790 101579 1000
50790 101580 894
50791 101581 862
50792 101584 882
50793 101585 808
50794 101587 1000
50796 101591 849
50797 101593 983
50798 101595 908
50800 101600 945
50801 101601 1000
50802 101604 1000
50803 101605 1000
50803 101606 804
50804 101607 947
50805 101609 1000
50805 101610 941
50806 101611 987
50807 101613 1000
50808 101615 864
50808 101616 800
50809 101617 855
50809 101618 865
50810 101619 879
50811 101621 800
50811 101622 917
50812 101623 859
50813 101625 814
50813 101626 931
50814 101628 986
50815 101630 848
50816 101631 982
50817 101633 992
50817 101634 854
50818 101635 862
50819 101637 871
50820 101639 890
50820 101640 1000
50821 101642 1000
50822 101643 839
50822 101644 902
50824 101647 932
50824 101648 897
50827 101654 1000
50828 101656 857
50829 101657 967
50829 101658 980
50831 101661 845
50832 101664 924
50833 101666 910
50834 101668 836
50835 101670 810
50836 101671 859
50836 101672 826
50837 101673 818
50837 101674 965
50838 101676 887
50839 101678 971
50841 101681 1000
50843 101686 948
50844 101687 921
50845 101689 964
50845 101690 1000
50846 101691 1000
50846 101692 974
50847 101693 830
50847 101694 851
50848 101696 1000
50849 101697 933
50850 101699 891
50851 101701 1000
50852 101703 910
50853 101705 940
50854 101707 850
50855 101709 871
50855 101710 998
50856 101711 908
50857 101713 904
50858 101715 914
50858 101716 874
50859 101717 941
50859 101718 974
50860 101719 860
50860 101720 802
50862 101723 930
50863 101725 961
50863 101726 824
50864 101728 901
50865 101730 1000
50866 101731 1000
50866 101732 989
50867 101733 840
50867 101734 1000
50868 101736 1000
50869 101737 967
50870 101739 867
50871 101742 849
50872 101743 822
50872 101744 994
50874 101748 933
50876 101752 918
50877 101753 856
50877 101754 931
50879 101757 897
50880 101759 971
50880 101760 887
50883 101765 937
50883 101766 934
50886 101772 1000
50887 101773 856
50888 101775 868
50888 101776 851
50891 101782 1000
50893 101785 800
50895 101790 903
50897 101793 808
50898 101795 800
50899 101798 940
50901 101801 851
50902 101803 997
50903 101806 812
50905 101809 914
50905 101810 858
50906 101811 945
50906 101812 891
50907 101814 986
50908 101815 838
50908 101816 929
50909 101817 968
50910 101820 1000
50911 101822 989
50912 101823 1000
50912 101824 912
50913 101825 1000
50913 101826 1000
50914 101827 834
50915 101830 869
50916 101832 983
50918 101835 867
50918 101836 917
50919 101837 888
50919 101838 935
50921 101841 810
50921 101842 1000
50922 101843 924
50922 101844 832
50923 101845 951
50924 101848 1000
50925 101850 906
50926 101851 801
50926 101852 958
50927 101853 938
50928 101856 816
50929 101858 840
50930 101859 931
50930 101860 1000
50931 101862 971
50932 101864 1000
50935 101870 910
50936 101871 919
50937 101873 900
50939 101877 831
50939 101878 944
50941 101881 805
50942 101883 969
50943 101885 993
50945 101889 882
50946 101891 822
50948 101895 940
50948 101896 966
50950 101899 1000
50950 101900 821
50951 101901 869
50951 101902 943
50953 101906 995
50956 101911 924
50956 101912 972
50958 101915 997
50959 101917 862
50959 101918 890
50960 101919 821
50960 101920 807
50962 101923 887
50963 101925 1000
50963 101926 864
50964 101927 911
50965 101929 1000
50965 101930 927
50966 101931 965
50966 101932 943
50967 101934 905
