1000
216 431 860
217 431 804
218 431 819
219 431 803
220 431 1000
221 431 846
222 431 924
223 431 868
224 431 1000
225 431 871
226 431 931
227 431 879
228 431 1000
229 431 1000
230 431 1000
231 431 888
232 431 919
233 431 963
234 431 900
235 431 1000
236 431 968
237 431 808
238 431 1000
239 431 935
240 431 835
241 431 980
242 431 1000
243 431 969
244 431 1000
245 431 872
246 431 1000
247 431 820
248 431 1000
249 431 852
250 431 1000
251 431 1000
252 431 967
253 431 868
254 431 903
255 431 883
256 431 834
257 431 1000
258 431 867
259 431 817
260 431 845
261 431 871
262 431 968
263 431 1000
264 431 958
265 431 942
266 431 933
267 431 1000
268 431 811
269 431 981
270 431 883
271 431 977
272 431 999
273 431 892
274 431 854
275 431 959
276 431 1000
277 431 869
278 431 981
279 431 1000
280 431 1000
281 431 944
282 431 801
283 431 823
284 431 954
285 431 825
286 431 900
287 431 844
288 431 1000
289 431 1000
290 431 854
291 431 1000
292 431 836
293 431 907
294 431 812
295 431 843
296 431 1000
297 431 927
298 431 1000
216 432 929
217 432 965
218 432 815
219 432 863
220 432 832
221 432 881
222 432 1000
223 432 1000
224 432 938
225 432 927
226 432 1000
227 432 859
228 432 1000
229 432 928
230 432 934
231 432 842
232 432 839
233 432 879
234 432 934
235 432 949
236 432 937
237 432 906
238 432 994
239 432 1000
240 432 1000
241 432 946
242 432 964
243 432 914
244 432 1000
245 432 1000
246 432 913
247 432 900
248 432 808
249 432 1000
250 432 946
251 432 997
252 432 954
253 432 1000
217 433 864
218 433 819
219 433 821
220 433 842
221 433 842
222 433 873
223 433 865
224 433 991
225 433 993
226 433 938
227 433 907
228 433 910
229 433 880
230 433 898
231 433 841
232 433 985
233 433 940
234 433 805
235 433 967
236 433 829
237 433 854
238 433 912
239 433 919
240 433 1000
241 433 957
242 433 884
243 433 1000
244 433 996
245 433 821
246 433 822
247 433 855
217 434 803
218 434 984
219 434 813
220 434 990
221 434 858
222 434 957
223 434 955
224 434 869
225 434 850
226 434 860
227 434 906
228 434 934
229 434 999
230 434 1000
231 434 892
232 434 841
233 434 975
234 434 904
235 434 1000
236 434 937
237 434 887
238 434 1000
239 434 809
240 434 887
241 434 919
242 434 864
243 434 1000
244 434 935
245 434 921
246 434 1000
247 434 966
248 434 986
249 434 927
250 434 963
251 434 974
252 434 965
218 435 805
219 435 983
220 435 971
221 435 1000
222 435 895
223 435 819
224 435 1000
225 435 920
226 435 918
227 435 1000
228 435 814
229 435 960
230 435 874
231 435 940
232 435 1000
233 435 1000
234 435 856
235 435 949
236 435 890
237 435 922
238 435 943
239 435 870
240 435 876
241 435 885
242 435 828
243 435 905
244 435 817
245 435 998
246 435 804
247 435 865
248 435 993
249 435 1000
250 435 833
251 435 966
252 435 835
253 435 952
254 435 891
255 435 887
256 435 911
257 435 956
258 435 887
259 435 851
260 435 806
261 435 1000
262 435 999
263 435 814
264 435 1000
265 435 1000
266 435 976
267 435 1000
268 435 891
269 435 1000
270 435 802
271 435 944
272 435 876
273 435 1000
274 435 1000
275 435 881
276 435 866
277 435 1000
278 435 1000
279 435 873
280 435 943
281 435 860
282 435 809
283 435 1000
284 435 990
285 435 955
286 435 895
287 435 870
288 435 963
289 435 847
290 435 819
218 436 927
219 436 845
220 436 1000
221 436 984
222 436 1000
223 436 950
224 436 847
225 436 840
226 436 861
227 436 971
228 436 890
229 436 882
230 436 903
231 436 998
232 436 827
233 436 956
234 436 817
235 436 955
219 437 857
220 437 860
221 437 1000
222 437 852
223 437 951
224 437 1000
225 437 895
226 437 943
227 437 822
228 437 1000
229 437 838
230 437 961
231 437 1000
232 437 919
233 437 1000
234 437 1000
235 437 874
236 437 1000
237 437 979
238 437 1000
239 437 914
240 437 1000
241 437 1000
242 437 862
243 437 883
244 437 872
245 437 849
246 437 806
247 437 867
248 437 916
249 437 953
250 437 1000
251 437 948
252 437 1000
253 437 1000
254 437 990
255 437 899
256 437 896
257 437 989
258 437 821
259 437 804
260 437 826
261 437 836
262 437 947
263 437 810
264 437 1000
265 437 963
266 437 1000
267 437 877
268 437 1000
269 437 939
270 437 972
271 437 832
272 437 1000
273 437 870
274 437 891
275 437 886
276 437 874
277 437 949
278 437 877
279 437 1000
280 437 954
281 437 873
282 437 985
283 437 857
219 438 1000
220 438 831
221 438 944
222 438 995
223 438 1000
224 438 840
225 438 900
226 438 804
227 438 1000
228 438 1000
229 438 1000
230 438 824
231 438 848
232 438 916
233 438 930
234 438 819
235 438 887
236 438 981
237 438 894
238 438 850
239 438 923
240 438 850
241 438 852
242 438 929
243 438 950
244 438 890
245 438 904
246 438 1000
247 438 849
248 438 900
249 438 996
250 438 1000
251 438 971
252 438 874
253 438 838
254 438 903
255 438 944
256 438 1000
257 438 967
258 438 809
259 438 1000
260 438 819
261 438 921
262 438 942
263 438 1000
264 438 1000
265 438 992
266 438 1000
267 438 1000
268 438 950
269 438 1000
270 438 1000
271 438 806
272 438 940
273 438 804
274 438 1000
275 438 930
276 438 956
277 438 975
278 438 992
279 438 850
280 438 971
281 438 872
282 438 801
283 438 941
284 438 951
285 438 918
286 438 885
287 438 900
288 438 862
289 438 870
290 438 905
291 438 829
292 438 1000
293 438 803
294 438 803
295 438 887
296 438 822
297 438 1000
298 438 898
299 438 897
300 438 959
301 438 1000
302 438 943
303 438 821
220 439 1000
221 439 956
222 439 937
223 439 917
224 439 806
225 439 865
226 439 945
227 439 933
228 439 946
229 439 1000
230 439 995
231 439 817
232 439 967
233 439 860
234 439 1000
235 439 897
236 439 800
237 439 1000
238 439 804
239 439 1000
240 439 841
241 439 904
242 439 927
243 439 1000
244 439 856
245 439 820
246 439 887
247 439 885
248 439 887
249 439 950
250 439 1000
251 439 937
252 439 961
253 439 839
254 439 1000
255 439 873
256 439 872
257 439 884
258 439 819
259 439 1000
260 439 987
261 439 813
262 439 947
263 439 1000
264 439 924
265 439 1000
266 439 875
267 439 852
268 439 920
269 439 892
270 439 896
271 439 997
272 439 1000
273 439 1000
274 439 952
275 439 865
276 439 929
277 439 917
278 439 863
279 439 1000
280 439 958
281 439 860
282 439 941
283 439 888
284 439 1000
285 439 904
286 439 811
287 439 887
288 439 805
289 439 881
290 439 935
291 439 920
292 439 808
293 439 1000
294 439 1000
295 439 810
296 439 834
297 439 1000
298 439 982
299 439 1000
300 439 933
301 439 996
302 439 806
303 439 1000
304 439 882
305 439 984
306 439 878
307 439 1000
220 440 964
221 440 963
222 440 998
223 440 1000
224 440 1000
225 440 1000
226 440 931
227 440 814
228 440 828
229 440 831
230 440 837
231 440 858
232 440 947
233 440 877
234 440 867
235 440 976
236 440 905
237 440 933
238 440 976
239 440 916
240 440 985
241 440 925
242 440 802
243 440 800
244 440 887
245 440 970
246 440 835
247 440 964
248 440 966
249 440 954
250 440 994
251 440 905
252 440 912
253 440 987
254 440 808
221 441 935
222 441 857
223 441 947
224 441 878
225 441 931
226 441 936
227 441 970
228 441 961
229 441 1000
230 441 808
231 441 805
232 441 1000
233 441 849
234 441 817
221 442 1000
222 442 987
223 442 844
224 442 1000
225 442 809
226 442 1000
227 442 1000
228 442 969
229 442 1000
230 442 888
231 442 1000
232 442 968
233 442 975
234 442 892
235 442 933
236 442 838
237 442 922
238 442 824
239 442 965
240 442 1000
241 442 883
242 442 1000
243 442 1000
244 442 906
245 442 935
246 442 847
247 442 974
248 442 920
249 442 907
250 442 977
251 442 854
252 442 880
253 442 964
254 442 909
255 442 964
256 442 843
257 442 949
258 442 936
259 442 990
260 442 856
261 442 912
262 442 808
263 442 953
264 442 862
265 442 928
266 442 996
267 442 820
268 442 833
269 442 1000
270 442 973
271 442 832
272 442 1000
273 442 1000
222 443 814
223 443 899
224 443 990
225 443 939
226 443 952
227 443 902
228 443 944
229 443 829
230 443 828
231 443 841
232 443 856
233 443 951
234 443 860
235 443 999
236 443 1000
237 443 1000
238 443 976
239 443 810
240 443 984
241 443 989
242 443 1000
243 443 851
244 443 899
245 443 962
246 443 808
247 443 910
248 443 902
249 443 1000
250 443 832
251 443 1000
252 443 894
253 443 868
254 443 916
255 443 1000
256 443 1000
257 443 884
258 443 940
259 443 909
260 443 1000
261 443 836
262 443 814
263 443 902
264 443 1000
265 443 912
266 443 972
267 443 930
268 443 866
269 443 949
270 443 958
271 443 964
272 443 909
273 443 826
274 443 861
275 443 899
276 443 813
277 443 954
278 443 812
279 443 1000
280 443 833
281 443 842
282 443 921
283 443 867
284 443 1000
285 443 845
286 443 811
287 443 825
288 443 989
289 443 849
290 443 929
291 443 888
292 443 909
293 443 930
294 443 835
295 443 993
296 443 902
297 443 811
298 443 1000
299 443 864
300 443 1000
301 443 895
302 443 934
303 443 892
304 443 1000
305 443 973
306 443 844
307 443 866
308 443 871
222 444 963
223 444 803
224 444 963
225 444 925
226 444 905
227 444 831
228 444 886
229 444 932
230 444 918
231 444 834
232 444 857
233 444 1000
234 444 993
235 444 989
236 444 987
237 444 899
238 444 823
223 445 876
224 445 1000
225 445 846
226 445 961
227 445 971
228 445 950
229 445 1000
230 445 983
231 445 1000
232 445 915
233 445 1000
234 445 956
235 445 1000
236 445 916
237 445 819
223 446 859
224 446 1000
225 446 886
226 446 1000
227 446 961
228 446 841
229 446 907
230 446 1000
231 446 922
232 446 875
233 446 825
234 446 862
235 446 988
236 446 1000
237 446 1000
238 446 941
239 446 930
240 446 1000
241 446 848
242 446 920
243 446 981
244 446 887
245 446 975
246 446 999
247 446 886
248 446 929
249 446 924
250 446 804
251 446 802
252 446 910
253 446 908
254 446 948
255 446 961
256 446 1000
257 446 834
258 446 936
259 446 1000
260 446 906
261 446 915
262 446 961
263 446 880
264 446 1000
265 446 947
266 446 913
267 446 941
268 446 971
269 446 969
270 446 972
271 446 995
272 446 968
273 446 815
274 446 910
275 446 1000
276 446 869
277 446 1000
278 446 800
279 446 830
280 446 855
281 446 1000
282 446 1000
283 446 909
284 446 918
285 446 989
286 446 873
287 446 886
288 446 985
289 446 1000
290 446 931
291 446 926
292 446 923
293 446 988
294 446 857
295 446 852
296 446 1000
297 446 948
298 446 1000
299 446 879
300 446 863
301 446 859
302 446 826
303 446 854
304 446 938
305 446 830
306 446 854
307 446 802
308 446 1000
309 446 1000
310 446 923
311 446 1000
312 446 828
313 446 877
314 446 1000
315 446 931
316 446 818
317 446 1000
318 446 987
224 447 858
225 447 886
226 447 1000
227 447 954
228 447 852
229 447 964
230 447 997
231 447 850
232 447 830
233 447 1000
234 447 1000
235 447 825
236 447 973
237 447 990
238 447 998
239 447 950
240 447 985
241 447 1000
242 447 908
243 447 970
244 447 963
245 447 1000
246 447 988
247 447 858
248 447 1000
249 447 1000
250 447 965
251 447 903
252 447 841
253 447 942
254 447 961
255 447 814
256 447 896
257 447 875
258 447 951
259 447 941
260 447 829
261 447 821
262 447 847
224 448 909
225 448 940
226 448 884
227 448 843
228 448 1000
229 448 857
230 448 870
231 448 901
232 448 1000
233 448 987
234 448 966
235 448 816
236 448 847
237 448 999
238 448 949
239 448 1000
240 448 990
241 448 919
242 448 894
243 448 900
244 448 934
245 448 861
246 448 853
247 448 1000
248 448 878
249 448 1000
250 448 1000
251 448 1000
252 448 934
253 448 1000
254 448 920
255 448 907
256 448 1000
257 448 802
258 448 895
259 448 806
260 448 940
261 448 976
262 448 890
263 448 928
264 448 1000
265 448 1000
266 448 910
267 448 820
268 448 892
269 448 868
270 448 933
271 448 905
272 448 989
273 448 877
274 448 965
275 448 809
276 448 952
277 448 864
278 448 823
279 448 943
280 448 914
281 448 967
282 448 1000
283 448 853
284 448 947
285 448 987
286 448 888
287 448 975
288 448 1000
289 448 806
290 448 941
291 448 827
292 448 1000
293 448 1000
294 448 948
295 448 966
296 448 920
297 448 1000
298 448 908
299 448 1000
300 448 903
301 448 809
302 448 921
303 448 1000
304 448 887
305 448 958
306 448 1000
307 448 985
225 449 1000
226 449 900
227 449 907
228 449 909
229 449 966
230 449 953
231 449 839
232 449 1000
233 449 870
234 449 1000
235 449 822
236 449 1000
237 449 984
238 449 862
239 449 1000
240 449 829
241 449 916
242 449 981
243 449 1000
244 449 812
245 449 845
246 449 831
247 449 984
248 449 951
249 449 923
250 449 959
251 449 805
252 449 859
253 449 899
254 449 903
255 449 863
256 449 899
257 449 804
258 449 985
259 449 937
260 449 828
261 449 822
262 449 1000
263 449 908
264 449 1000
265 449 1000
225 450 964
226 450 960
