1000
398827 797654 1000
398828 797654 926
398829 797654 900
398830 797654 975
398831 797654 947
398832 797654 1000
398833 797654 946
398834 797654 899
398835 797654 941
398836 797654 909
398837 797654 900
398838 797654 807
398839 797654 1000
398840 797654 947
398841 797654 1000
398842 797654 878
398843 797654 885
398844 797654 967
398845 797654 942
398846 797654 832
398847 797654 903
398848 797654 819
398849 797654 1000
398850 797654 838
398851 797654 918
398852 797654 919
398853 797654 804
398854 797654 818
398855 797654 1000
398856 797654 1000
398857 797654 979
398858 797654 976
398859 797654 977
398860 797654 933
398861 797654 889
398862 797654 998
398863 797654 803
398864 797654 981
398865 797654 1000
398866 797654 957
398867 797654 1000
398868 797654 815
398869 797654 899
398870 797654 1000
398871 797654 924
398872 797654 905
398873 797654 1000
398874 797654 879
398875 797654 879
398876 797654 897
398877 797654 852
398878 797654 804
398879 797654 1000
398880 797654 1000
398881 797654 1000
398882 797654 917
398883 797654 924
398884 797654 1000
398885 797654 880
398886 797654 899
398887 797654 918
398888 797654 887
398889 797654 982
398890 797654 980
398891 797654 1000
398892 797654 901
398893 797654 917
398894 797654 987
398895 797654 812
398896 797654 881
398897 797654 1000
398898 797654 830
398899 797654 940
398900 797654 874
398901 797654 834
398902 797654 830
398903 797654 1000
398904 797654 1000
398905 797654 1000
398906 797654 916
398907 797654 947
398908 797654 860
398909 797654 870
398910 797654 1000
398911 797654 945
398912 797654 889
398913 797654 935
398914 797654 843
398915 797654 851
398916 797654 849
398917 797654 817
398918 797654 892
398919 797654 906
398920 797654 882
398921 797654 847
398922 797654 1000
398923 797654 1000
398924 797654 847
398925 797654 914
398926 797654 915
398927 797654 1000
398928 797654 824
398929 797654 853
398930 797654 1000
398931 797654 892
398932 797654 955
398933 797654 863
398934 797654 1000
398935 797654 1000
398936 797654 1000
398937 797654 892
398938 797654 849
398939 797654 871
398940 797654 982
398941 797654 968
398942 797654 879
398943 797654 886
398944 797654 908
398945 797654 821
398946 797654 837
398947 797654 803
398948 797654 934
398949 797654 936
398950 797654 1000
398951 797654 826
398952 797654 884
398953 797654 823
398954 797654 821
398955 797654 890
398956 797654 1000
398957 797654 989
398958 797654 902
398959 797654 1000
398960 797654 848
398961 797654 805
398962 797654 907
398963 797654 966
398964 797654 931
398965 797654 987
398966 797654 976
398967 797654 869
398968 797654 951
398969 797654 998
398970 797654 946
398971 797654 903
398972 797654 968
398973 797654 855
398974 797654 1000
398975 797654 829
398976 797654 929
398977 797654 835
398978 797654 932
398979 797654 906
398980 797654 974
398981 797654 1000
398982 797654 972
398983 797654 883
398984 797654 948
398985 797654 968
398986 797654 868
398987 797654 975
398988 797654 1000
398989 797654 909
398990 797654 835
398991 797654 1000
398992 797654 880
398993 797654 829
398994 797654 929
398995 797654 984
398996 797654 951
398997 797654 969
398998 797654 887
398999 797654 1000
399000 797654 840
399001 797654 835
399002 797654 981
399003 797654 1000
399004 797654 956
399005 797654 876
399006 797654 821
399007 797654 935
399008 797654 950
399009 797654 907
399010 797654 975
399011 797654 950
399012 797654 862
399013 797654 1000
399014 797654 813
399015 797654 904
399016 797654 1000
399017 797654 888
399018 797654 1000
399019 797654 907
399020 797654 907
399021 797654 870
399022 797654 1000
399023 797654 987
399024 797654 989
399025 797654 860
399026 797654 866
399027 797654 1000
399028 797654 973
399029 797654 951
399030 797654 1000
399031 797654 998
399032 797654 807
399033 797654 895
399034 797654 886
399035 797654 1000
399036 797654 965
399037 797654 809
399038 797654 833
399039 797654 981
399040 797654 842
399041 797654 1000
399042 797654 916
399043 797654 800
399044 797654 1000
399045 797654 1000
399046 797654 878
399047 797654 835
399048 797654 920
399049 797654 981
399050 797654 989
399051 797654 814
399052 797654 1000
399053 797654 997
399054 797654 1000
399055 797654 803
399056 797654 882
399057 797654 928
399058 797654 832
399059 797654 975
399060 797654 906
399061 797654 1000
399062 797654 993
399063 797654 893
399064 797654 911
399065 797654 980
399066 797654 886
399067 797654 805
399068 797654 950
399069 797654 911
399070 797654 1000
399071 797654 834
399072 797654 918
399073 797654 1000
399074 797654 802
399075 797654 1000
399076 797654 994
399077 797654 839
399078 797654 995
399079 797654 1000
399080 797654 908
399081 797654 992
399082 797654 1000
399083 797654 1000
399084 797654 1000
399085 797654 876
399086 797654 838
399087 797654 890
399088 797654 962
399089 797654 879
399090 797654 809
399091 797654 847
399092 797654 989
399093 797654 898
399094 797654 1000
399095 797654 975
399096 797654 831
399097 797654 994
399098 797654 1000
399099 797654 907
399100 797654 924
399101 797654 815
399102 797654 961
399103 797654 976
399104 797654 884
399105 797654 990
399106 797654 995
399107 797654 957
399108 797654 947
399109 797654 950
399110 797654 869
399111 797654 865
399112 797654 850
399113 797654 943
399114 797654 1000
399115 797654 904
399116 797654 1000
399117 797654 972
399118 797654 931
399119 797654 1000
399120 797654 966
399121 797654 833
399122 797654 808
399123 797654 983
399124 797654 983
399125 797654 838
399126 797654 958
399127 797654 858
399128 797654 888
399129 797654 846
399130 797654 984
399131 797654 1000
399132 797654 926
399133 797654 866
399134 797654 1000
399135 797654 817
399136 797654 813
399137 797654 817
399138 797654 974
399139 797654 890
399140 797654 877
399141 797654 1000
399142 797654 1000
399143 797654 937
399144 797654 807
399145 797654 900
399146 797654 916
399147 797654 1000
399148 797654 947
399149 797654 976
399150 797654 934
399151 797654 927
399152 797654 845
399153 797654 971
399154 797654 973
399155 797654 921
399156 797654 907
399157 797654 939
399158 797654 845
399159 797654 1000
399160 797654 845
399161 797654 1000
399162 797654 1000
399163 797654 883
399164 797654 1000
399165 797654 802
399166 797654 849
399167 797654 1000
399168 797654 977
399169 797654 979
399170 797654 1000
399171 797654 864
399172 797654 868
399173 797654 866
399174 797654 1000
399175 797654 886
399176 797654 943
399177 797654 1000
399178 797654 983
399179 797654 972
399180 797654 1000
399181 797654 994
399182 797654 1000
399183 797654 860
399184 797654 885
399185 797654 805
399186 797654 1000
399187 797654 956
399188 797654 802
399189 797654 1000
399190 797654 983
399191 797654 856
399192 797654 839
399193 797654 820
399194 797654 923
399195 797654 920
399196 797654 803
399197 797654 843
399198 797654 853
399199 797654 1000
399200 797654 964
399201 797654 991
399202 797654 1000
399203 797654 942
399204 797654 939
399205 797654 1000
399206 797654 881
399207 797654 1000
399208 797654 847
399209 797654 962
399210 797654 866
399211 797654 843
399212 797654 907
399213 797654 1000
399214 797654 1000
399215 797654 979
399216 797654 1000
399217 797654 855
399218 797654 995
399219 797654 904
399220 797654 967
399221 797654 1000
399222 797654 830
399223 797654 1000
399224 797654 859
399225 797654 803
399226 797654 892
399227 797654 829
399228 797654 837
399229 797654 852
399230 797654 823
399231 797654 988
399232 797654 860
399233 797654 950
399234 797654 950
399235 797654 907
399236 797654 954
399237 797654 955
399238 797654 874
399239 797654 964
399240 797654 1000
399241 797654 972
399242 797654 999
399243 797654 912
399244 797654 890
399245 797654 839
399246 797654 999
399247 797654 807
399248 797654 969
399249 797654 989
399250 797654 1000
399251 797654 1000
399252 797654 1000
399253 797654 902
399254 797654 850
399255 797654 898
399256 797654 894
399257 797654 884
399258 797654 911
399259 797654 1000
399260 797654 1000
399261 797654 868
399262 797654 1000
399263 797654 988
399264 797654 817
399265 797654 941
399266 797654 839
399267 797654 1000
399268 797654 978
399269 797654 1000
399270 797654 814
399271 797654 991
399272 797654 807
399273 797654 873
399274 797654 938
399275 797654 1000
399276 797654 985
399277 797654 1000
399278 797654 943
399279 797654 990
399280 797654 895
399281 797654 852
399282 797654 826
399283 797654 856
399284 797654 830
399285 797654 980
399286 797654 969
399287 797654 910
399288 797654 964
399289 797654 1000
399290 797654 832
399291 797654 990
399292 797654 805
399293 797654 877
399294 797654 1000
399295 797654 1000
399296 797654 954
399297 797654 934
399298 797654 858
399299 797654 824
399300 797654 906
399301 797654 1000
399302 797654 968
399303 797654 1000
399304 797654 993
399305 797654 1000
399306 797654 1000
399307 797654 952
399308 797654 977
399309 797654 900
399310 797654 856
399311 797654 808
399312 797654 990
399313 797654 918
399314 797654 974
399315 797654 904
399316 797654 1000
399317 797654 1000
399318 797654 815
399319 797654 877
399320 797654 854
399321 797654 962
399322 797654 1000
399323 797654 864
399324 797654 811
399325 797654 1000
399326 797654 988
399327 797654 847
399328 797654 971
399329 797654 889
399330 797654 944
399331 797654 824
399332 797654 906
399333 797654 920
399334 797654 837
399335 797654 1000
399336 797654 1000
399337 797654 1000
399338 797654 838
399339 797654 1000
399340 797654 927
399341 797654 1000
399342 797654 914
399343 797654 860
399344 797654 815
399345 797654 935
399346 797654 852
399347 797654 935
399348 797654 984
399349 797654 995
399350 797654 943
399351 797654 1000
399352 797654 883
399353 797654 1000
399354 797654 833
399355 797654 800
399356 797654 977
399357 797654 942
399358 797654 825
399359 797654 937
399360 797654 1000
399361 797654 883
399362 797654 937
399363 797654 1000
399364 797654 865
399365 797654 932
399366 797654 819
399367 797654 886
399368 797654 993
399369 797654 894
399370 797654 800
399371 797654 951
399372 797654 901
399373 797654 1000
399374 797654 1000
399375 797654 900
399376 797654 1000
399377 797654 985
399378 797654 947
399379 797654 945
399380 797654 953
399381 797654 1000
399382 797654 911
399383 797654 858
399384 797654 884
399385 797654 1000
399386 797654 1000
399387 797654 978
399388 797654 822
399389 797654 877
399390 797654 913
399391 797654 842
399392 797654 889
399393 797654 981
399394 797654 974
399395 797654 912
399396 797654 1000
399397 797654 887
399398 797654 847
399399 797654 826
399400 797654 812
399401 797654 894
399402 797654 853
399403 797654 833
399404 797654 1000
399405 797654 981
399406 797654 1000
399407 797654 1000
399408 797654 831
399409 797654 923
399410 797654 811
399411 797654 916
399412 797654 842
399413 797654 935
399414 797654 975
399415 797654 831
399416 797654 974
399417 797654 950
399418 797654 833
399419 797654 1000
399420 797654 812
399421 797654 1000
399422 797654 852
399423 797654 977
399424 797654 983
399425 797654 829
399426 797654 1000
399427 797654 982
399428 797654 1000
399429 797654 811
399430 797654 1000
399431 797654 977
399432 797654 898
399433 797654 818
399434 797654 979
399435 797654 904
399436 797654 965
399437 797654 1000
399438 797654 984
399439 797654 1000
399440 797654 893
399441 797654 954
399442 797654 864
399443 797654 851
399444 797654 919
399445 797654 940
399446 797654 839
399447 797654 965
399448 797654 1000
399449 797654 996
399450 797654 1000
399451 797654 821
399452 797654 957
399453 797654 1000
399454 797654 955
399455 797654 877
399456 797654 883
399457 797654 922
399458 797654 952
399459 797654 969
399460 797654 975
399461 797654 890
399462 797654 909
399463 797654 1000
399464 797654 1000
399465 797654 1000
399466 797654 974
399467 797654 931
399468 797654 825
399469 797654 1000
399470 797654 946
399471 797654 892
399472 797654 905
399473 797654 807
399474 797654 822
399475 797654 974
399476 797654 909
399477 797654 972
399478 797654 959
399479 797654 926
399480 797654 961
399481 797654 925
399482 797654 865
399483 797654 1000
399484 797654 828
399485 797654 883
399486 797654 948
399487 797654 949
399488 797654 828
399489 797654 993
399490 797654 861
399491 797654 847
399492 797654 814
399493 797654 1000
399494 797654 801
399495 797654 854
399496 797654 834
399497 797654 1000
399498 797654 966
399499 797654 919
399500 797654 803
399501 797654 984
399502 797654 930
399503 797654 912
399504 797654 895
399505 797654 1000
399506 797654 1000
399507 797654 991
399508 797654 878
399509 797654 877
399510 797654 953
399511 797654 996
399512 797654 917
399513 797654 839
399514 797654 888
399515 797654 1000
399516 797654 983
399517 797654 906
399518 797654 826
399519 797654 970
399520 797654 935
399521 797654 856
399522 797654 1000
399523 797654 843
399524 797654 861
399525 797654 1000
399526 797654 919
399527 797654 899
399528 797654 918
399529 797654 999
399530 797654 969
399531 797654 858
399532 797654 853
399533 797654 904
399534 797654 834
399535 797654 916
399536 797654 830
399537 797654 905
399538 797654 853
399539 797654 865
399540 797654 828
399541 797654 930
399542 797654 905
399543 797654 1000
399544 797654 935
399545 797654 881
399546 797654 830
399547 797654 865
399548 797654 1000
399549 797654 1000
399550 797654 1000
399551 797654 815
399552 797654 974
399553 797654 906
399554 797654 986
399555 797654 887
399556 797654 897
399557 797654 915
399558 797654 1000
399559 797654 967
399560 797654 968
399561 797654 988
399562 797654 1000
399563 797654 992
399564 797654 952
399565 797654 828
399566 797654 862
399567 797654 809
399568 797654 1000
399569 797654 903
399570 797654 822
399571 797654 830
399572 797654 895
399573 797654 868
399574 797654 919
399575 797654 844
399576 797654 885
399577 797654 972
399578 797654 818
399579 797654 975
399580 797654 1000
399581 797654 997
399582 797654 930
399583 797654 985
399584 797654 875
399585 797654 1000
399586 797654 928
399587 797654 945
399588 797654 801
399589 797654 823
399590 797654 943
399591 797654 1000
399592 797654 863
399593 797654 824
399594 797654 813
399595 797654 801
399596 797654 834
399597 797654 922
399598 797654 880
399599 797654 934
399600 797654 1000
399601 797654 941
399602 797654 1000
399603 797654 801
399604 797654 876
399605 797654 804
399606 797654 975
399607 797654 1000
399608 797654 869
399609 797654 879
399610 797654 1000
399611 797654 912
399612 797654 874
399613 797654 919
399614 797654 905
399615 797654 882
399616 797654 959
399617 797654 1000
399618 797654 860
399619 797654 954
399620 797654 921
399621 797654 864
399622 797654 882
399623 797654 880
399624 797654 871
399625 797654 948
399626 797654 1000
399627 797654 1000
399628 797654 812
399629 797654 803
399630 797654 970
399631 797654 968
399632 797654 937
399633 797654 1000
399634 797654 854
399635 797654 968
399636 797654 920
399637 797654 1000
399638 797654 823
399639 797654 1000
399640 797654 820
399641 797654 896
399642 797654 983
399643 797654 1000
399644 797654 1000
399645 797654 983
399646 797654 998
399647 797654 960
399648 797654 918
399649 797654 806
399650 797654 859
399651 797654 836
399652 797654 878
399653 797654 843
399654 797654 896
399655 797654 932
399656 797654 899
399657 797654 1000
399658 797654 1000
399659 797654 1000
399660 797654 900
399661 797654 1000
399662 797654 912
399663 797654 960
399664 797654 819
399665 797654 984
399666 797654 823
399667 797654 1000
399668 797654 908
399669 797654 880
399670 797654 894
399671 797654 1000
399672 797654 871
399673 797654 880
399674 797654 843
399675 797654 947
399676 797654 900
399677 797654 828
399678 797654 999
399679 797654 861
399680 797654 887
399681 797654 831
399682 797654 835
399683 797654 802
399684 797654 854
399685 797654 962
399686 797654 1000
399687 797654 1000
399688 797654 995
399689 797654 851
399690 797654 979
399691 797654 901
399692 797654 921
399693 797654 837
399694 797654 988
399695 797654 828
399696 797654 847
399697 797654 915
399698 797654 1000
399699 797654 889
399700 797654 1000
399701 797654 958
399702 797654 868
399703 797654 970
399704 797654 1000
399705 797654 998
399706 797654 1000
399707 797654 956
399708 797654 944
399709 797654 1000
399710 797654 897
399711 797654 1000
399712 797654 893
399713 797654 940
399714 797654 816
399715 797654 998
399716 797654 1000
399717 797654 848
399718 797654 807
399719 797654 988
399720 797654 866
399721 797654 948
399722 797654 859
399723 797654 1000
399724 797654 992
399725 797654 877
399726 797654 892
399727 797654 842
399728 797654 868
399729 797654 1000
399730 797654 867
399731 797654 968
399732 797654 987
399733 797654 886
399734 797654 823
399735 797654 961
399736 797654 933
399737 797654 962
399738 797654 826
399739 797654 884
399740 797654 885
399741 797654 812
399742 797654 894
399743 797654 826
399744 797654 815
399745 797654 828
399746 797654 858
399747 797654 838
399748 797654 802
399749 797654 861
399750 797654 945
399751 797654 919
399752 797654 894
399753 797654 969
399754 797654 1000
399755 797654 824
399756 797654 948
399757 797654 974
399758 797654 839
399759 797654 928
399760 797654 868
399761 797654 974
399762 797654 858
399763 797654 926
399764 797654 946
399765 797654 972
399766 797654 871
399767 797654 938
399768 797654 905
399769 797654 1000
399770 797654 875
399771 797654 1000
399772 797654 974
399773 797654 853
399774 797654 893
399775 797654 939
399776 797654 996
399777 797654 1000
399778 797654 921
399779 797654 975
399780 797654 972
399781 797654 950
399782 797654 858
399783 797654 936
399784 797654 815
399785 797654 827
399786 797654 839
399787 797654 1000
399788 797654 954
399789 797654 901
399790 797654 935
399791 797654 809
399792 797654 990
399793 797654 864
399794 797654 875
399795 797654 916
399796 797654 949
399797 797654 896
399798 797654 1000
399799 797654 997
399800 797654 896
399801 797654 1000
399802 797654 877
399803 797654 953
399804 797654 1000
399805 797654 1000
399806 797654 1000
399807 797654 971
399808 797654 900
399809 797654 810
399810 797654 1000
399811 797654 1000
399812 797654 1000
399813 797654 848
399814 797654 946
399815 797654 1000
399816 797654 1000
399817 797654 977
399818 797654 880
399819 797654 1000
399820 797654 912
399821 797654 839
399822 797654 1000
399823 797654 920
399824 797654 1000
399825 797654 980
399826 797654 839
