1000
1 2 1000
2 2 826
3 2 1000
4 2 964
5 2 1000
6 2 836
2 3 825
3 3 869
4 3 1000
5 3 805
6 3 859
7 3 825
8 3 921
9 3 998
10 3 828
11 3 984
2 4 1000
3 4 935
4 4 1000
5 4 961
6 4 880
7 4 885
8 4 892
9 4 876
10 4 833
11 4 910
12 4 1000
3 5 906
4 5 808
5 5 848
3 6 1000
4 6 821
5 6 1000
6 6 818
7 6 960
8 6 922
9 6 805
10 6 1000
11 6 813
12 6 834
13 6 940
4 7 962
4 8 852
5 8 931
6 8 930
7 8 829
8 8 875
5 9 857
6 9 829
7 9 898
8 9 971
5 10 808
6 10 971
7 10 816
8 10 1000
9 10 933
10 10 968
6 11 1000
7 11 933
8 11 887
9 11 845
10 11 930
6 12 894
7 12 1000
7 14 884
8 14 1000
9 14 826
10 14 1000
11 14 842
12 14 962
13 14 841
14 14 963
15 14 941
16 14 997
17 14 1000
18 14 886
19 14 1000
20 14 915
8 15 1000
8 16 1000
9 16 1000
10 16 978
11 16 1000
12 16 916
13 16 987
9 17 869
10 17 1000
9 18 967
10 19 990
11 19 872
10 20 908
11 20 1000
12 20 992
13 20 1000
14 20 1000
11 21 1000
12 21 927
13 21 929
14 21 848
15 21 921
16 21 951
17 21 978
18 21 908
19 21 821
20 21 1000
21 21 810
11 22 1000
12 22 1000
13 22 843
14 22 824
15 22 1000
16 22 1000
17 22 806
18 22 804
12 23 970
13 23 833
14 23 828
15 23 888
12 24 866
13 24 1000
13 25 1000
14 25 933
15 25 1000
16 25 951
17 25 891
18 25 824
19 25 880
20 25 1000
21 25 862
22 25 1000
23 25 998
24 25 986
25 25 901
13 26 840
14 26 814
15 26 980
16 26 964
14 27 918
15 27 981
16 27 887
14 28 973
15 28 1000
16 28 850
17 28 1000
18 28 1000
15 29 941
16 29 996
15 30 972
16 30 884
16 31 924
17 31 1000
18 31 980
19 31 937
16 32 854
17 32 1000
18 32 874
19 32 885
20 32 925
21 32 916
22 32 935
23 32 983
24 32 1000
25 32 890
26 32 807
17 33 1000
18 33 898
19 33 1000
20 33 839
21 33 905
22 33 851
23 33 984
24 33 886
25 33 836
26 33 881
27 33 1000
17 34 1000
18 34 853
19 34 816
20 34 903
21 34 809
22 34 869
23 34 903
24 34 1000
25 34 888
26 34 882
27 34 826
28 34 1000
29 34 923
30 34 839
18 35 894
19 35 978
20 35 833
21 35 827
22 35 949
23 35 925
24 35 924
25 35 995
26 35 870
27 35 942
28 35 816
29 35 882
30 35 959
31 35 1000
18 36 1000
19 36 837
20 36 907
21 36 1000
19 37 802
20 37 841
21 37 991
22 37 880
23 37 811
24 37 804
25 37 969
26 37 1000
27 37 895
28 37 951
19 38 936
20 38 959
21 38 845
22 38 975
23 38 992
24 38 853
25 38 997
26 38 936
27 38 987
28 38 928
29 38 1000
30 38 959
31 38 842
32 38 899
20 39 830
21 39 897
22 39 828
23 39 902
24 39 812
25 39 957
26 39 873
20 40 964
21 40 991
22 40 982
23 40 903
24 40 1000
25 40 1000
26 40 821
21 41 913
22 41 843
23 41 845
24 41 803
25 41 943
26 41 1000
27 41 834
28 41 885
29 41 931
30 41 857
31 41 901
32 41 864
33 41 942
34 41 819
21 42 858
22 43 988
23 43 859
22 44 827
23 44 1000
24 44 814
25 44 833
26 44 988
27 44 811
28 44 940
29 44 916
30 44 901
31 44 909
32 44 1000
23 45 838
24 45 878
25 45 977
23 46 849
24 46 897
25 46 925
26 46 1000
27 46 810
28 46 969
29 46 946
30 46 923
31 46 857
32 46 908
33 46 956
34 46 934
35 46 821
36 46 958
24 47 821
25 47 908
26 47 943
27 47 922
28 47 903
29 47 845
30 47 918
31 47 839
32 47 1000
33 47 984
34 47 982
35 47 938
24 48 801
25 48 999
26 48 838
27 48 886
28 48 1000
29 48 826
30 48 1000
25 49 1000
26 49 883
27 49 1000
28 49 818
29 49 816
30 49 1000
31 49 837
32 49 871
33 49 1000
34 49 881
25 50 833
26 50 820
27 50 831
28 50 926
26 51 899
26 52 912
27 52 991
28 52 1000
29 52 881
30 52 838
31 52 914
32 52 1000
27 53 919
28 53 1000
29 53 894
30 53 922
31 53 882
27 54 813
28 54 916
29 54 841
30 54 847
28 55 1000
29 55 917
30 55 931
31 55 1000
32 55 871
33 55 1000
34 55 903
35 55 833
36 55 870
37 55 957
28 56 864
29 57 843
30 57 903
31 57 841
32 57 866
33 57 896
34 57 822
35 57 1000
36 57 964
37 57 947
38 57 1000
29 58 975
30 58 979
31 58 1000
32 58 845
33 58 924
34 58 861
35 58 1000
36 58 911
37 58 853
30 59 870
31 59 858
32 59 1000
33 59 960
34 59 1000
35 59 913
36 59 838
30 60 947
31 60 1000
32 60 818
33 60 929
34 60 911
35 60 880
36 60 1000
31 61 1000
32 61 1000
33 61 1000
34 61 1000
35 61 1000
36 61 845
37 61 837
38 61 883
39 61 951
40 61 815
41 61 927
31 62 921
32 62 1000
33 62 1000
34 62 1000
35 62 1000
36 62 994
37 62 973
38 62 1000
39 62 885
40 62 954
41 62 951
42 62 825
43 62 930
44 62 1000
32 63 903
33 63 902
34 63 887
35 63 856
36 63 998
37 63 975
38 63 1000
32 64 880
33 64 980
34 64 999
35 64 983
36 64 881
37 64 919
33 65 1000
34 65 919
35 65 955
36 65 849
37 65 930
38 65 835
33 66 974
34 66 993
35 66 977
36 66 809
37 66 855
38 66 976
39 66 860
40 66 1000
34 67 977
35 67 825
36 67 942
37 67 947
38 67 965
39 67 924
40 67 993
41 67 826
42 67 1000
43 67 897
44 67 830
34 68 1000
35 68 812
36 68 925
35 69 911
36 69 1000
35 70 1000
36 70 916
36 71 1000
37 71 936
38 71 914
39 71 983
40 71 832
36 72 835
37 72 896
38 72 803
39 72 932
40 72 1000
41 72 1000
42 72 990
43 72 1000
44 72 809
45 72 1000
46 72 909
47 72 825
37 73 908
38 73 987
39 73 935
40 73 891
41 73 993
37 74 1000
38 74 989
39 74 1000
40 74 862
41 74 872
42 74 852
38 75 822
39 75 818
40 75 815
38 76 932
39 76 837
40 76 1000
41 76 1000
42 76 847
43 76 1000
44 76 1000
45 76 1000
46 76 967
39 77 981
40 77 924
41 77 860
42 77 1000
43 77 1000
44 77 814
40 79 950
41 79 847
42 79 944
43 79 802
44 79 967
45 79 1000
46 79 1000
47 79 962
40 80 981
41 80 954
42 80 923
43 80 1000
44 80 965
45 80 998
46 80 973
47 80 966
48 80 1000
49 80 808
50 80 819
41 81 822
42 81 955
43 81 957
44 81 942
45 81 1000
46 81 800
47 81 829
48 81 973
49 81 1000
50 81 1000
51 81 1000
52 81 908
41 82 1000
42 84 905
43 84 999
44 84 800
45 84 1000
46 84 975
47 84 987
48 84 868
49 84 1000
50 84 990
51 84 827
52 84 862
43 85 800
44 85 927
45 85 863
46 85 875
47 85 934
48 85 1000
49 85 861
50 85 990
51 85 981
52 85 1000
53 85 819
54 85 803
55 85 897
56 85 1000
43 86 819
44 86 836
45 86 1000
46 86 931
47 86 1000
48 86 822
49 86 951
50 86 887
44 88 877
45 89 923
46 89 948
47 89 949
48 89 930
49 89 976
50 89 884
51 89 955
52 89 805
53 89 1000
54 89 831
55 89 1000
56 89 867
57 89 825
45 90 1000
46 90 816
47 90 978
48 90 962
49 90 871
50 90 841
51 90 860
52 90 838
53 90 965
46 91 850
47 91 943
48 91 820
49 91 889
50 91 808
51 91 866
52 91 800
53 91 1000
54 91 982
55 91 942
56 91 1000
57 91 833
46 92 1000
47 92 953
48 92 882
49 92 930
50 92 932
51 92 962
47 93 1000
48 93 1000
47 94 867
48 94 871
49 94 894
50 94 1000
51 94 1000
52 94 862
53 94 994
48 95 907
49 95 887
50 95 966
51 95 937
48 96 895
49 96 806
50 96 1000
51 96 878
52 96 980
53 96 1000
54 96 922
55 96 929
49 97 1000
50 97 1000
51 97 878
52 97 1000
53 97 946
54 97 805
55 97 1000
56 97 945
57 97 1000
58 97 954
59 97 938
60 97 915
61 97 966
49 98 810
50 98 957
51 98 981
50 99 938
51 99 867
52 99 862
53 99 845
54 99 979
55 99 839
56 99 854
57 99 898
58 99 974
59 99 931
60 99 901
61 99 918
62 99 1000
63 99 967
50 100 900
51 100 981
51 101 876
52 101 848
53 101 868
54 101 930
55 101 820
56 101 1000
57 101 1000
58 101 974
59 101 920
60 101 855
61 101 801
62 101 965
63 101 900
64 101 864
51 102 1000
52 102 877
53 102 999
54 102 993
55 102 808
56 102 1000
57 102 1000
58 102 857
59 102 834
60 102 924
52 103 932
53 103 885
54 103 829
55 103 1000
56 103 907
52 104 943
53 104 972
54 104 1000
55 104 888
56 104 865
53 105 1000
54 105 934
55 105 843
56 105 954
57 105 1000
58 105 1000
59 105 940
60 105 943
61 105 946
62 105 808
63 105 1000
64 105 1000
65 105 809
53 106 990
54 106 839
55 106 923
56 106 962
57 106 808
58 106 818
59 106 864
60 106 850
61 106 842
62 106 967
54 107 868
55 107 948
54 108 813
55 108 800
56 108 1000
57 108 1000
58 108 1000
59 108 935
60 108 989
61 108 1000
62 108 854
63 108 914
64 108 1000
65 108 1000
55 109 953
56 109 853
57 109 980
55 110 905
56 110 829
57 110 831
58 110 882
59 110 805
60 110 989
61 110 919
62 110 1000
63 110 895
64 110 912
65 110 1000
66 110 860
67 110 924
56 111 831
57 111 883
58 111 857
59 111 868
56 112 926
57 113 1000
58 113 934
59 113 821
60 113 1000
61 113 853
62 113 935
57 114 944
58 114 908
59 114 873
60 114 967
61 114 805
62 114 996
58 115 830
59 115 839
60 115 928
58 116 848
59 116 993
60 116 862
61 116 901
62 116 1000
63 116 817
64 116 983
65 116 827
66 116 1000
67 116 1000
68 116 981
69 116 884
70 116 989
71 116 958
59 117 849
60 117 1000
59 118 911
60 118 913
61 118 909
62 118 928
63 118 806
64 118 876
65 118 963
66 118 809
67 118 867
68 118 818
69 118 910
70 118 1000
71 118 913
60 119 934
61 119 954
62 119 925
63 119 989
64 119 858
65 119 981
66 119 947
67 119 892
60 120 972
61 120 986
62 120 801
63 120 959
64 120 941
65 120 1000
66 120 1000
67 120 863
68 120 979
69 120 993
70 120 918
71 120 1000
72 120 895
61 121 832
62 121 961
61 122 924
62 122 1000
63 122 844
64 122 903
65 122 933
66 122 807
62 123 936
63 123 1000
64 123 845
65 123 977
66 123 853
67 123 948
68 123 835
69 123 841
70 123 886
71 123 802
72 123 1000
73 123 842
74 123 867
75 123 870
62 124 852
63 124 962
64 124 810
65 124 956
66 124 902
67 124 999
63 125 1000
64 125 838
65 125 1000
63 126 950
64 126 993
65 126 888
66 126 806
67 126 1000
68 126 990
69 126 1000
70 126 946
71 126 1000
72 126 886
64 127 871
65 127 927
66 127 916
67 127 919
68 127 826
69 127 939
65 129 882
66 129 861
67 129 1000
68 129 881
65 130 903
66 130 920
67 130 916
68 130 929
69 130 960
70 130 898
71 130 939
66 131 1000
67 131 978
68 131 935
69 131 840
70 131 849
71 131 1000
72 131 869
66 132 849
67 132 945
68 132 960
69 132 909
70 132 850
67 133 1000
67 134 899
68 134 961
69 134 903
68 135 1000
69 135 895
70 135 982
71 135 813
72 135 872
73 135 843
74 135 843
75 135 975
76 135 978
77 135 861
78 135 900
79 135 998
68 136 803
69 136 987
70 136 880
71 136 984
72 136 916
73 136 988
69 137 1000
70 137 832
71 137 1000
72 137 977
73 137 929
74 137 991
75 137 801
76 137 880
77 137 911
78 137 923
79 137 880
69 138 819
70 138 890
71 138 809
72 138 905
73 138 844
74 138 995
75 138 911
76 138 899
77 138 910
78 138 963
79 138 943
70 139 989
71 139 826
72 139 1000
73 139 801
74 139 1000
75 139 886
76 139 810
77 139 965
78 139 1000
79 139 1000
70 140 817
71 140 987
72 140 913
73 140 964
74 140 870
75 140 982
76 140 804
77 140 871
78 140 1000
79 140 946
80 140 921
71 141 866
72 141 805
73 141 836
74 141 1000
75 141 918
71 142 910
72 142 952
73 142 982
74 142 927
75 142 948
76 142 911
77 142 997
78 142 930
79 142 1000
72 144 894
73 144 896
74 144 933
75 144 908
76 144 972
77 144 972
78 144 857
79 144 971
80 144 929
81 144 806
82 144 873
73 145 1000
74 145 875
75 145 972
76 145 873
77 145 1000
78 145 873
79 145 850
80 145 1000
81 145 1000
82 145 816
83 145 948
84 145 881
85 145 881
86 145 920
73 146 870
74 146 946
75 146 1000
74 147 824
75 147 948
76 147 872
74 148 1000
75 148 1000
76 148 945
77 148 891
