1000
2716 5431 840
2717 5431 877
2718 5431 863
2719 5431 1000
2720 5431 841
2721 5431 1000
2722 5431 912
2723 5431 952
2724 5431 1000
2725 5431 837
2726 5431 862
2727 5431 1000
2728 5431 882
2729 5431 1000
2730 5431 999
2731 5431 973
2732 5431 853
2733 5431 851
2734 5431 899
2735 5431 813
2736 5431 996
2737 5431 881
2738 5431 855
2739 5431 866
2740 5431 951
2741 5431 989
2742 5431 923
2743 5431 1000
2744 5431 870
2745 5431 919
2746 5431 995
2747 5431 988
2748 5431 900
2749 5431 1000
2750 5431 1000
2751 5431 1000
2752 5431 837
2753 5431 973
2754 5431 978
2755 5431 924
2756 5431 1000
2757 5431 976
2758 5431 967
2759 5431 944
2760 5431 908
2761 5431 970
2762 5431 1000
2763 5431 849
2764 5431 1000
2765 5431 804
2766 5431 997
2767 5431 947
2768 5431 896
2769 5431 1000
2770 5431 977
2771 5431 841
2772 5431 887
2773 5431 859
2774 5431 832
2775 5431 998
2776 5431 867
2777 5431 942
2778 5431 923
2779 5431 808
2780 5431 846
2781 5431 896
2782 5431 891
2783 5431 924
2784 5431 822
2785 5431 968
2786 5431 917
2787 5431 992
2788 5431 811
2789 5431 999
2790 5431 976
2791 5431 880
2716 5432 845
2717 5432 969
2718 5432 1000
2719 5432 967
2720 5432 896
2721 5432 887
2722 5432 1000
2723 5432 818
2724 5432 890
2725 5432 917
2726 5432 902
2727 5432 899
2728 5432 984
2729 5432 998
2730 5432 1000
2731 5432 1000
2732 5432 989
2733 5432 889
2734 5432 1000
2735 5432 1000
2736 5432 999
2737 5432 813
2738 5432 1000
2739 5432 1000
2740 5432 989
2741 5432 966
2742 5432 1000
2743 5432 890
2744 5432 964
2745 5432 1000
2746 5432 1000
2747 5432 898
2748 5432 931
2749 5432 881
2750 5432 1000
2751 5432 959
2752 5432 801
2753 5432 972
2754 5432 930
2755 5432 890
2756 5432 812
2757 5432 1000
2758 5432 923
2759 5432 966
2760 5432 1000
2761 5432 840
2762 5432 991
2763 5432 989
2764 5432 919
2765 5432 826
2766 5432 1000
2767 5432 818
2768 5432 942
2769 5432 896
2770 5432 1000
2771 5432 863
2772 5432 1000
2773 5432 813
2774 5432 946
2775 5432 1000
2776 5432 904
2777 5432 862
2778 5432 1000
2779 5432 978
2780 5432 869
2781 5432 841
2782 5432 920
2783 5432 869
2784 5432 850
2785 5432 1000
2786 5432 848
2787 5432 925
2788 5432 945
2789 5432 1000
2790 5432 1000
2791 5432 976
2792 5432 1000
2793 5432 858
2717 5433 1000
2718 5433 830
2719 5433 846
2720 5433 993
2721 5433 828
2722 5433 975
2723 5433 1000
2724 5433 896
2725 5433 882
2726 5433 800
2727 5433 839
2728 5433 1000
2729 5433 982
2730 5433 926
2731 5433 970
2732 5433 995
2733 5433 964
2734 5433 1000
2735 5433 942
2736 5433 906
2737 5433 942
2738 5433 998
2739 5433 858
2740 5433 823
2741 5433 811
2742 5433 926
2743 5433 965
2744 5433 993
2745 5433 915
2746 5433 974
2747 5433 828
2748 5433 875
2749 5433 961
2750 5433 863
2751 5433 971
2752 5433 965
2717 5434 1000
2718 5434 915
2719 5434 961
2720 5434 1000
2721 5434 916
2722 5434 819
2723 5434 910
2724 5434 973
2725 5434 844
2726 5434 911
2727 5434 956
2728 5434 800
2729 5434 977
2730 5434 920
2731 5434 964
2732 5434 1000
2733 5434 856
2734 5434 809
2735 5434 961
2736 5434 832
2737 5434 968
2738 5434 906
2739 5434 870
2740 5434 892
2741 5434 977
2742 5434 839
2743 5434 807
2744 5434 836
2745 5434 914
2746 5434 920
2747 5434 1000
2748 5434 809
2749 5434 890
2750 5434 1000
2718 5435 966
2719 5435 941
2720 5435 1000
2721 5435 1000
2722 5435 955
2723 5435 846
2724 5435 1000
2725 5435 983
2726 5435 876
2727 5435 993
2728 5435 957
2729 5435 955
2730 5435 843
2731 5435 909
2732 5435 1000
2733 5435 950
2734 5435 847
2735 5435 1000
2736 5435 938
2737 5435 918
2738 5435 885
2739 5435 821
2740 5435 1000
2741 5435 944
2742 5435 999
2743 5435 938
2744 5435 838
2745 5435 886
2746 5435 984
2747 5435 1000
2748 5435 991
2749 5435 865
2750 5435 945
2751 5435 956
2752 5435 1000
2753 5435 864
2754 5435 930
2755 5435 1000
2756 5435 1000
2757 5435 1000
2758 5435 892
2759 5435 963
2760 5435 914
2761 5435 1000
2762 5435 994
2763 5435 853
2764 5435 1000
2765 5435 864
2766 5435 917
2767 5435 802
2768 5435 808
2769 5435 803
2770 5435 974
2771 5435 903
2772 5435 858
2773 5435 878
2774 5435 904
2775 5435 862
2776 5435 1000
2777 5435 809
2778 5435 1000
2779 5435 1000
2718 5436 1000
2719 5436 900
2720 5436 832
2721 5436 997
2722 5436 864
2723 5436 826
2724 5436 843
2725 5436 887
2726 5436 811
2727 5436 964
2728 5436 860
2729 5436 810
2730 5436 986
2731 5436 939
2732 5436 969
2719 5437 823
2720 5437 857
2721 5437 819
2722 5437 957
2723 5437 946
2724 5437 876
2725 5437 1000
2726 5437 816
2727 5437 820
2728 5437 915
2729 5437 939
2730 5437 1000
2731 5437 971
2732 5437 1000
2733 5437 935
2734 5437 909
2735 5437 839
2736 5437 976
2737 5437 948
2738 5437 932
2739 5437 887
2740 5437 902
2741 5437 967
2742 5437 859
2743 5437 960
2744 5437 1000
2745 5437 934
2746 5437 897
2747 5437 880
2748 5437 1000
2749 5437 965
2750 5437 848
2751 5437 1000
2752 5437 965
2753 5437 850
2754 5437 970
2755 5437 965
2756 5437 931
2757 5437 916
2758 5437 964
2759 5437 1000
2760 5437 957
2761 5437 912
2762 5437 1000
2763 5437 990
2764 5437 848
2765 5437 894
2766 5437 999
2767 5437 974
2768 5437 894
2769 5437 992
2770 5437 986
2771 5437 827
2772 5437 1000
2773 5437 918
2719 5438 908
2720 5438 964
2721 5438 936
2722 5438 801
2723 5438 951
2724 5438 910
2725 5438 940
2726 5438 923
2727 5438 998
2728 5438 1000
2729 5438 942
2730 5438 875
2731 5438 945
2732 5438 1000
2733 5438 932
2734 5438 914
2735 5438 1000
2736 5438 885
2737 5438 1000
2738 5438 817
2739 5438 983
2740 5438 810
2741 5438 919
2742 5438 984
2743 5438 1000
2744 5438 1000
2745 5438 871
2746 5438 823
2747 5438 958
2748 5438 1000
2749 5438 869
2750 5438 836
2751 5438 891
2752 5438 890
2753 5438 914
2754 5438 845
2755 5438 906
2756 5438 952
2757 5438 900
2758 5438 905
2759 5438 918
2760 5438 871
2761 5438 936
2762 5438 918
2763 5438 934
2764 5438 821
2765 5438 822
2766 5438 841
2767 5438 851
2768 5438 865
2769 5438 900
2770 5438 984
2771 5438 1000
2772 5438 905
2773 5438 989
2774 5438 906
2775 5438 995
2776 5438 825
2777 5438 821
2778 5438 1000
2779 5438 802
2780 5438 893
2781 5438 921
2782 5438 921
2783 5438 1000
2784 5438 957
2785 5438 920
2786 5438 1000
2787 5438 919
2788 5438 1000
2789 5438 1000
2790 5438 1000
2791 5438 970
2792 5438 985
2793 5438 927
2794 5438 985
2795 5438 932
2796 5438 897
2797 5438 972
2798 5438 962
2799 5438 969
2800 5438 991
2720 5439 1000
2721 5439 870
2722 5439 1000
2723 5439 954
2724 5439 945
2725 5439 813
2726 5439 908
2727 5439 817
2728 5439 982
2729 5439 887
2730 5439 955
2731 5439 1000
2732 5439 1000
2733 5439 817
2734 5439 1000
2735 5439 1000
2736 5439 815
2737 5439 879
2738 5439 982
2739 5439 1000
2740 5439 843
2741 5439 986
2742 5439 900
2743 5439 1000
2744 5439 870
2745 5439 902
2746 5439 854
2747 5439 975
2748 5439 807
2749 5439 1000
2750 5439 900
2751 5439 815
2752 5439 1000
2753 5439 1000
2754 5439 850
2755 5439 803
2756 5439 1000
2757 5439 874
2758 5439 920
2759 5439 875
2760 5439 931
2761 5439 863
2762 5439 1000
2763 5439 872
2764 5439 1000
2765 5439 947
2766 5439 927
2767 5439 896
2768 5439 1000
2769 5439 840
2770 5439 938
2771 5439 954
2772 5439 957
2773 5439 830
2774 5439 882
2775 5439 853
2776 5439 871
2777 5439 1000
2720 5440 1000
2721 5440 951
2721 5441 928
2722 5441 843
2723 5441 873
2724 5441 932
2725 5441 1000
2726 5441 935
2727 5441 910
2728 5441 840
2729 5441 1000
2730 5441 998
2731 5441 956
2732 5441 904
2733 5441 864
2734 5441 904
2735 5441 931
2736 5441 824
2737 5441 807
2738 5441 859
2739 5441 1000
2740 5441 909
2741 5441 967
2742 5441 838
2743 5441 1000
2744 5441 998
2745 5441 951
2746 5441 867
2747 5441 889
2748 5441 889
2749 5441 857
2750 5441 932
2751 5441 1000
2752 5441 945
2753 5441 933
2754 5441 1000
2755 5441 813
2756 5441 979
2757 5441 1000
2758 5441 905
2759 5441 893
2760 5441 991
2761 5441 823
2762 5441 1000
2763 5441 823
2764 5441 861
2765 5441 1000
2766 5441 854
2767 5441 989
2721 5442 993
2722 5442 815
2723 5442 977
2724 5442 802
2725 5442 935
2726 5442 927
2727 5442 978
2728 5442 804
2729 5442 845
2730 5442 1000
2731 5442 1000
2732 5442 915
2733 5442 834
2734 5442 992
2735 5442 1000
2736 5442 997
2737 5442 1000
2738 5442 1000
2739 5442 1000
2740 5442 1000
2741 5442 865
2742 5442 874
2743 5442 842
2744 5442 939
2745 5442 941
2746 5442 1000
2747 5442 981
2748 5442 838
2749 5442 956
2750 5442 1000
2751 5442 878
2752 5442 916
2753 5442 1000
2754 5442 972
2755 5442 802
2756 5442 1000
2757 5442 860
2758 5442 888
2759 5442 862
2760 5442 891
2761 5442 805
2762 5442 958
2763 5442 888
2764 5442 875
2765 5442 1000
2766 5442 832
2767 5442 842
2768 5442 992
2769 5442 985
2770 5442 1000
2771 5442 885
2772 5442 959
2773 5442 1000
2774 5442 963
2775 5442 938
2776 5442 860
2777 5442 994
2778 5442 826
2779 5442 837
2780 5442 869
2781 5442 1000
2782 5442 868
2783 5442 878
2784 5442 1000
2785 5442 833
2786 5442 1000
2787 5442 846
2788 5442 989
2789 5442 883
2790 5442 994
2791 5442 961
2792 5442 984
2793 5442 810
2794 5442 991
2795 5442 884
2796 5442 1000
2797 5442 817
2798 5442 1000
2799 5442 837
2800 5442 977
2801 5442 928
2802 5442 984
2803 5442 938
2804 5442 1000
2805 5442 861
2806 5442 899
2807 5442 875
2808 5442 1000
2809 5442 828
2810 5442 841
2811 5442 927
2812 5442 936
2813 5442 864
2814 5442 1000
2815 5442 818
2816 5442 943
2817 5442 906
2818 5442 914
2819 5442 852
2722 5443 1000
2723 5443 924
2724 5443 947
2725 5443 911
2726 5443 843
2727 5443 847
2728 5443 947
2729 5443 881
2730 5443 958
2731 5443 945
2732 5443 876
2733 5443 834
2734 5443 908
2735 5443 898
2736 5443 897
2737 5443 994
2738 5443 1000
2739 5443 815
2740 5443 942
2741 5443 844
2742 5443 810
2743 5443 928
2744 5443 998
2745 5443 1000
2746 5443 823
2747 5443 800
2748 5443 815
2749 5443 946
2750 5443 835
2751 5443 912
2752 5443 1000
2753 5443 967
2754 5443 864
2755 5443 803
2756 5443 943
2757 5443 847
2758 5443 851
2759 5443 1000
2760 5443 906
2761 5443 859
2762 5443 1000
2763 5443 1000
2764 5443 851
2765 5443 1000
2766 5443 999
2767 5443 1000
2768 5443 954
2769 5443 811
2770 5443 822
2771 5443 1000
2772 5443 955
2722 5444 1000
2723 5444 807
2724 5444 977
2725 5444 1000
2726 5444 1000
2727 5444 807
2728 5444 839
2729 5444 911
2730 5444 930
2731 5444 808
2732 5444 1000
2733 5444 911
2734 5444 899
2735 5444 822
2736 5444 958
2737 5444 996
2738 5444 827
2739 5444 938
2740 5444 1000
2741 5444 867
2742 5444 824
2743 5444 929
2744 5444 985
2745 5444 841
2746 5444 975
2747 5444 898
2748 5444 942
2749 5444 903
2750 5444 908
2751 5444 916
2752 5444 811
2753 5444 956
2754 5444 1000
2755 5444 881
2756 5444 966
2757 5444 807
2758 5444 859
2759 5444 885
2760 5444 847
2761 5444 1000
2762 5444 965
2763 5444 876
2764 5444 819
2765 5444 958
2766 5444 987
2767 5444 886
2768 5444 1000
2769 5444 984
2770 5444 960
2771 5444 839
2772 5444 980
2773 5444 1000
2774 5444 886
2775 5444 842
2776 5444 1000
2777 5444 893
2778 5444 917
2779 5444 817
2780 5444 837
2781 5444 906
2782 5444 818
2783 5444 854
2784 5444 949
2785 5444 916
2786 5444 886
2787 5444 883
2723 5445 1000
2724 5445 874
2725 5445 977
2726 5445 895
2727 5445 903
2728 5445 989
2729 5445 949
2730 5445 951
2731 5445 838
2732 5445 851
2733 5445 1000
2734 5445 990
2735 5445 929
2736 5445 943
2737 5445 842
2738 5445 891
2739 5445 873
2740 5445 946
2741 5445 805
2742 5445 818
2743 5445 924
2744 5445 822
2745 5445 862
2746 5445 901
2747 5445 926
2748 5445 968
2749 5445 817
2750 5445 853
2751 5445 808
2752 5445 970
2753 5445 800
2754 5445 1000
2755 5445 930
2756 5445 903
2757 5445 971
2758 5445 852
2759 5445 882
2760 5445 803
2761 5445 831
2762 5445 840
2763 5445 1000
2764 5445 815
2765 5445 909
2766 5445 993
2767 5445 871
2768 5445 939
2769 5445 830
2770 5445 843
2771 5445 978
2772 5445 855
2773 5445 973
2774 5445 985
2775 5445 992
2776 5445 994
2777 5445 902
2778 5445 949
2779 5445 995
2780 5445 876
2781 5445 924
2782 5445 820
2783 5445 934
2784 5445 1000
2785 5445 913
2786 5445 964
2787 5445 807
2788 5445 839
2789 5445 861
2790 5445 861
2791 5445 941
2792 5445 929
2793 5445 941
2794 5445 1000
2795 5445 907
2796 5445 822
2797 5445 895
2798 5445 987
2799 5445 860
2800 5445 918
2723 5446 1000
2724 5446 842
2725 5446 819
2726 5446 944
2727 5446 960
2728 5446 952
2729 5446 937
2730 5446 814
2731 5446 829
2732 5446 919
2733 5446 911
2734 5446 972
2735 5446 975
2736 5446 932
2737 5446 900
2738 5446 990
2739 5446 849
2740 5446 892
2741 5446 911
2742 5446 812
2743 5446 860
2744 5446 888
2745 5446 853
2746 5446 881
2747 5446 860
2748 5446 846
2749 5446 974
2750 5446 923
2751 5446 967
2752 5446 851
2753 5446 1000
2754 5446 901
2755 5446 885
2756 5446 899
2757 5446 874
2758 5446 973
2759 5446 971
2760 5446 810
2761 5446 945
2762 5446 961
2763 5446 1000
2764 5446 877
2765 5446 851
2766 5446 861
2767 5446 934
2768 5446 983
2724 5447 858
2725 5447 935
2726 5447 860
2727 5447 1000
2728 5447 885
2729 5447 903
2730 5447 878
2731 5447 854
2732 5447 812
2733 5447 957
2734 5447 958
2735 5447 935
2736 5447 902
2737 5447 992
2738 5447 824
2739 5447 918
2740 5447 854
2741 5447 981
2742 5447 813
2743 5447 965
2744 5447 902
2745 5447 827
2724 5448 975
2725 5448 822
2726 5448 915
2727 5448 854
2728 5448 1000
2729 5448 934
2730 5448 947
2731 5448 923
2732 5448 933
2733 5448 852
2734 5448 931
2735 5448 849
2736 5448 887
2737 5448 1000
2738 5448 1000
2739 5448 863
2740 5448 946
2741 5448 957
2742 5448 1000
2743 5448 1000
2744 5448 1000
2745 5448 825
2746 5448 948
2747 5448 898
2748 5448 1000
2749 5448 800
2750 5448 844
2751 5448 986
2752 5448 924
2753 5448 805
2754 5448 843
2755 5448 1000
2756 5448 813
2757 5448 1000
2758 5448 888
2759 5448 964
2760 5448 1000
2761 5448 907
2762 5448 1000
2763 5448 884
2764 5448 915
2765 5448 829
2766 5448 936
2725 5449 901
2726 5449 841
2727 5449 879
2728 5449 931
2729 5449 843
2730 5449 971
2731 5449 816
2732 5449 806
2733 5449 873
2734 5449 899
2735 5449 983
2736 5449 988
2737 5449 958
2738 5449 976
2739 5449 941
2740 5449 996
2741 5449 880
2742 5449 819
2743 5449 951
2744 5449 997
2745 5449 923
2746 5449 875
2725 5450 856
2726 5450 810
2727 5450 923
2728 5450 982
2729 5450 812
2730 5450 831
2731 5450 921
2732 5450 960
2733 5450 839
2734 5450 1000
2735 5450 845
2736 5450 890
2737 5450 984
2738 5450 1000
2739 5450 875
2740 5450 845
2741 5450 1000
2742 5450 818
2743 5450 933
2744 5450 841
2745 5450 874
2746 5450 907
2747 5450 910
2748 5450 861
2749 5450 891
2750 5450 889
2751 5450 1000
2752 5450 860
