100 100
0000000000000000000000000000000000000000000000000000000000000000000000000000011111111111111000000000
0000000000000000000000000000000000000000000000000011111100000000000000000000011011111100001000000000
0000000000000001100000010000000000000000000000000011111100000001111111100000011111111111111000000000
0000000000000001100000000000000000000010000000000010100100000001111111100000000000000000000000000000
0000000000000001100000000000000000000010000000000010100100000001000100101111111111111111111111111111
0000000000000000000000000000000000000010000000000011111100000001111111101011110111111111111111111111
0000000000000000000011111110000000000010000000000000000000000000000000001111111111111111111000000001
0000000000000000000011111110000000000010111111111111111111111111110000001111111111111111111000000001
0000000000000000000000000000111000000010111111111111111111111111110000001111000000111111111000000001
0001000000000000000011111110101000000010111111111111000111111111110000001111111111111111111111111111
0000000000011000000010101010101000000010111111111111000111111111110000000000000000000000000000000000
0000000000011000000011111110111000000010111111111111000111111111110000000000000000000111111111111001
0000000000011000000011100010000000000010111111111111000111111111110000000000000000000111111111111000
0000000000011000000010100010000000000010111111111111000111111111110000000000000000000111111111111000
0000000000000000000010100010000000000010111111111111000111111111110000000000000000000111111111111000
0000000000000000000010100010000001111010111111111111000111111111110000000000000110000111111111111001
0000000000000000000011111110000001111010111111111111000111111111110000000000000110000111111111111001
0000000000000000000000000000000001111010111111111111000111111111110000000000000110000111111111111001
0000000000000000000000000000000001101010111111111111111111111111110000000000000110010110001111101001
0000000000000000000000000000000001111010111111111111111111111111110000000000000110010110001111101001
0000000000000000000000000000000001111010111111111111111111111111110000000000000110010111111111111001
0000000000000000000000000000000001101010111111111111111111111111110000000000000000010111111111111001
0000000000000000000000000000000001111010111111111111111111111111110001111111000000010111111111111000
0000000000000000000000000000000000000000111111111111111111111111110001111111000000010111111111111011
0000000000000000000000000111111011111110111111111111111111111111110001111111000000010111111111111011
1111100000000000011111000111101011111110111111111111111111111111110001111111000000010111111111111011
1000100000000000011111000111111011111110111111100011111111111111010001111111000000010111111111111011
1000100000000000010011000110101011111110111111100011111111111111010001111111000000010000000000000011
1111100000111111010011000111111011111110111111100011111111111111010001111111000000010000000000000011
0000000000101011011111000000000011111110111111100011111111111111010001111111000000010111000000000011
0000000000111111000000001000000011111110111111100011111111111111010001100111000000010101000000000011
0000000000000000000000001000000011111110111111111111111111111111110001100111000000010111000000000011
0111111111100000000000000000000011111110000000000000000000000000000001111111000000010101000000000011
0100111111100000000000000000000011000010000000000000000000000000000001111111000000000111000011111011
0100100100100000000000000000000011000010000000000000000000000000000001101111011111110000000000000011
0111111111100000000000000000000011000010000000000000000000000000001001111111011111110000001111111011
0000000000000000000000000000000011000010000000000000000000000000001000000000011111110000001110011011
0000000000011000000000000000000011111110000000000000000000000000001000011111011111110000001110011011
0000000000011000000000000000000000000000000000000000000000011100000000011111011111110000101110011011
0000000000000000000000111110000000000000000000000000000000011100000000011001011111010000101111111011
0000000000000000000000110110000000000000000000000000000000010100000000011001011111010000101001101011
0000000000000000000000111110011111000000000000000000000000011100000000011001011111010000101111111011
0000000000000000000000000000011111000000000000000000000000000000000000011001011111110000100000000011
0000000000000000111111111111000000000000000111111111100000000000000110011111000000000000100000000011
0000100000000000000000000000000000111111110111111111100000000000000110000000000000000000100000000011
0000000000000000011111111110000000000000000111111011100000000000000110111110000000000000000000000011
0000000000000000011111111110111111000000000111111010100111000000000110110010111111111111100000000011
0000000110000000000000000000111111011111110111111010100101000000000110110010111111111111100000000011
0000000000111111111111100000000000000000000111111110100111000000000110110010111111111111100000000000
0111110000111111111111100001111111111111110111111111100000000000000110110010111111111111100000000000
0101110000000000000000000001111111111111110111111000100000000000000110110010111111111011100000111111
0101010111111111000000000001111111111111110111111000100000000000000110110010111111111011100000111111
0111010110000101000011000001111111111111110111111000100000000000000110110010111111111011100000111111
0101010110000101000011000001111111111111110111111000100000000000000000110010111111111111100000110001
0101110110000101000011000001111111111111110111111000100000001111111110110010111111100000100000110001
0101010111111111000000000001111111111000110111111111100000001111111110110010111111100000100000110001
0101110000000000000000000001111111111000110000000000000000001111111110110010111111100000100000111111
0111110000000000000000001101111111111000110110010000000000001110000010110010111111111111100000000000
0110010000000000000000001101111111111000110110010000000000001111111110111110000000000000000000000100
0111110000000000000000001101111111111000110110000000000000001111111110000000000000000000000000000100
0000000000001111110000001101111111111000110110111111000000001110011110010000000000000000000000000000
0000000000001001010000001101111111111000110000000000000000001111111110010000000000000000000000000000
1000000000001111110000001101111111111000110011111111111110001111111110000000000000000000000000000000
0000110000000000000000001101111111111000110011111101111110001111111110000000000000000000000000000000
0000110001111100011000001101111111111000110011111111111110001111111110000000000000000000000000000000
0000110001000100011000001101110000001111110011111111111110101111100010000000001111100000000000000000
0000110001000100011000001101110000001111110011111111111110001111100010000000001111100000000000000000
0000000001000100000000001101110000001111110011111111111110001111100010000000001111100001111000000000
0000000001111100000000001101110000001111110011111111111110001111111110000011101100100001111000000000
0000000000000000000000001101110000001111110011111111110010000000000000000010101100100001111000000000
0000000000000000000000001101110000001111110011111111111110001111111000000010101100100001111000000000
0000000000000000000000000001110000001111110000000000000000001100001000000010101111100001001000000000
0000001111111111111111111101110000001111110111111111111000001111111000000010100000000001001000000000
0000001101011111111110000101110000001111110111111111111000001101101000000010100000000101001000010000
0000001101010000000010000101110000001111110000000000000000001111101000000011100000000101001000010000
0000001111111111111111111101110000001111110000000000000000001110101000000010100000000101111000010000
0000000000000000000000000001110000001111110000000000000000001110101000000011100000000100000000010111
0000000000110000000000000001110000001111110000000000000000001110101000000000000000000000000000010101
0000000000000000000000000001110000001111110000000000000000001110111011111111111111000110000000010101
0000000000000000000000000001111111111111110000000000000000001110111011111111111111000110000000010111
0000000000000000000000000001111111111111110000000000000000001111111011111111111111000000000000010000
0000000001110000000000001101111111111111110000000000000000001100011011111111111111000000000000010011
0000000001110000000000000001111111111111110000000000000000001100011011111111111111000000000000010011
0000000001010000011111111101111111111111110000000000000000001100011011111111111111000000000000010011
0000000001110000011001011101111111111111110000000000000000001111111011111111111111000000011111010011
0000000000000000011001110101111111111111110000000000000000000000000011111111111111000000010001010011
0000000000000000011111111101111111111111110000000000000000000000001010000000000001000000011111010011
0000000000000000000000000001111111111111110000000000000000000000001010000000000001000000011001010011
1111111111111111111111111101111111111111110100000000000000000000001011111111111111000000011111010011
1111111111111000111000111101111111111111110100000000000000000000000000000000000000000000000000000000
1111111111111111111000111101111111111111110000011101111111111111111111111111111111111111111111111111
1111100000100111111000111101111111111111110000010101111111111000000111111111111111111111111111111111
1111100000111111111000111101111111111111110000010101111111111000000111111111111111111111111111111111
1111111111111111111111111101111111111111110000010101111111111000000111111111111111111111111111111111
0000000000000000000000000001111111111111110000011101111111111111111111111111111111111111111111111111
0011110000000000000000000000000000000000000000000000000000000000000000000000000000000000000000000000
0011010000000011100000000111111111111111111111111111111111111111000000000000000000000000000000000000
0011010000000011100000000111111111111111111111111111111111111111000000000000011111111110000000000000
0011010000000010101100000111111111111111111111000000000000000001000000000000000000000000000000000000
0011110000000011100000000111111111111111111111111111111111111111000000011111111111111110000000110000
