1000 10
0000000000
0000000000
0000000000
0000000000
0000000000
0100000000
0000000000
0001111111
0001111111
0000000000
0111111100
0111111100
0110000100
0110000100
0111111100
0000000000
0011100000
0011100000
0011100000
0011101111
0011101111
0011101111
0011101001
0011101001
0011101001
1011101001
1011101111
1011101101
1011101111
1011101101
0011101111
0011100000
0011100110
1011100110
1010100000
1010100000
1010100000
1011100000
1010100000
1011100000
1011100000
1000000000
1000011110
1000011110
1000000000
1000001111
1000001101
1000001111
1000000000
0011111111
1011111111
0011111111
0011111111
0011111111
0011111111
0011111111
0011111111
0011111111
0011111111
0011111111
0011111111
0011111111
0011111111
0011111111
0011111111
0011111111
0011111111
0011111111
0011111111
0011111111
0011111111
0011111111
0011111111
0011111111
0011111011
0011111111
0011111111
0011111111
0011111111
0000000000
0000000000
0000000000
0000000000
0000000000
0111111111
0111000101
0111000101
0111111111
0111000001
0111000001
0111000001
0101111111
0101100001
0111111111
0000000000
0000000000
0000111111
0000111101
0000111101
0000111111
0000111001
0000111001
0000111001
0000111001
0000111001
0000101111
0000101111
0000101111
0000111111
0000111111
1100000000
1100000000
1100000000
0001111111
0000000000
0001111111
0001111111
0000000000
0011111111
0011111111
0011111101
0011110101
0011110101
0011110101
1011110101
1011110101
1011111101
1011111111
1011111111
1011111111
1011111111
1011111111
1011111111
1011111111
1011111111
1011111111
1000000000
1000000010
1000000010
1000000010
0000000000
0000001000
0011000000
0000000000
0000000001
1111100000
1000100001
1111100001
1111100001
0000000001
0000000001
1101110001
1101110001
1101010001
1101110001
1100000001
1100000001
1100000001
1100000001
1100000001
1100000001
0000000001
0000000001
0000000001
0000000001
0000000001
0000110101
0000000101
0011000001
0000000001
0000000001
0011110001
0011010001
0011110001
0011010001
0011110000
0000000000
0000000000
0000000000
0000000000
0000000000
0000000000
0000000000
0000000000
0000000000
1111111111
0000000000
0111111111
0111011101
0111011101
0111011111
0111011001
0111111001
0111111111
0000000000
0000001111
0000000000
0000000011
0110000011
0110000011
0000000011
0000000011
0000000011
0111111011
0000000011
0011111011
0011111011
0000000011
0111110011
0111110011
0000000011
0000000011
0000000011
0011111011
0000000011
0001100011
0001100011
0001100011
0001100011
0101100000
0101100000
0101100000
0000000000
0000000000
1111111000
1100001011
1111111011
1111101000
1111111000
0000000000
0000000001
0000000001
0000011101
0000010100
0000011100
0000000000
0111111111
0111111001
0111011001
0111011111
0111110001
0111110001
0111110001
0111110001
0111110001
0110110001
0110110001
0111111111
0111111111
0111111111
0111111111
0000000000
0000000000
0001001111
0001000000
0001000011
0001000011
0000000011
0000100011
0000000011
0000000011
0000000000
0000000001
0000000001
1111111101
1111011101
1111111101
1110000101
1111111101
1111000101
1111000101
1101000101
1111000101
1111111101
1100001101
1111111100
0000000001
0000111101
0110111101
0000100101
0000111101
0000000001
0000111001
0000111001
0000000001
0111110001
0111110001
0110010001
0111110101
0111010101
0101010001
0101010001
0111110001
0000000000
1100000011
1000000000
0000000010
1000000011
1100000000
0000000011
1100000001
1000000000
0000000001
1100000011
1000000000
0000000010
1000000011
1100000000
0000000011
1100000001
1000000000
0000000001
1100000011
1000000000
0000000010
1000000011
1100000000
0000000011
1100000001
1000000000
0000000001
1100000011
1000000000
0000000010
1000000011
1100000000
0000000011
1100000001
1000000000
0000000001
1100000011
1000000000
0000000010
1000000011
1100000000
0000000011
1100000001
1000000000
0000000001
1100000011
1000000000
0000000010
1000000011
1100000000
0000000011
1100000001
1000000000
0000000001
1100000011
1000000000
0000000010
1000000011
1100000000
0000000011
1100000001
1000000000
0000000001
1100000011
1000000000
0000000010
1000000011
1100000000
0000000011
1100000001
1000000000
0000000001
1100000011
1000000000
0000000010
1000000011
1100000000
0000000011
1100000001
1000000000
0000000001
1100000011
1000000000
0000000010
1000000011
1100000000
0000000011
1100000001
1000000000
0000000001
1100000011
1000000000
0000000010
1000000011
1100000000
0000000011
1100000001
1000000000
0000000001
1100000011
1000000000
0000000010
1000000011
1100000000
0000000011
1100000001
1000000000
0000000001
1100000011
1000000000
0000000010
1000000011
1100000000
0000000011
1100000001
1000000000
0000000001
1100000011
1000000000
0000000010
1000000011
1100000000
0000000011
1100000001
1000000000
0000000001
1100000011
1000000000
0000000010
1000000011
1100000000
0000000011
1100000001
1000000000
0000000001
1100000011
1000000000
0000000010
1000000011
1100000000
0000000011
1100000001
1000000000
0000000001
1100000011
1000000000
0000000010
1000000011
1100000000
0000000011
1100000001
1000000000
0000000001
1100000011
1000000000
0000000010
1000000011
1100000000
0000000011
1100000001
1000000000
0000000001
1100000011
1000000000
0000000010
1000000011
1100000000
0000000011
1100000001
1000000000
0000000001
1100000011
1000000000
0000000010
1000000011
1100000000
0000000011
1100000001
1000000000
0000000001
1100000011
1000000000
0000000010
1000000011
1100000000
0000000011
1100000001
1000000000
0000000001
1100000011
1000000000
0000000010
1000000011
1100000000
0000000011
1100000001
1000000000
0000000001
1100000011
1000000000
0000000010
1000000011
1100000000
0000000011
1100000001
1000000000
0000000001
1100000011
1000000000
0000000010
1000000011
1100000000
0000000011
1100000001
1000000000
0000000001
1100000011
1000000000
0000000010
1000000011
1100000000
0000000011
1100000001
1000000000
0000000001
1100000011
1000000000
0000000010
1000000011
1100000000
0000000011
1100000001
1000000000
0000000001
1100000011
1000000000
0000000010
1000000011
1100000000
0000000011
1100000001
1000000000
0000000001
1100000011
1000000000
0000000010
1000000011
1100000000
0000000011
1100000001
1000000000
0000000001
1100000011
1000000000
0000000010
1000000011
1100000000
0000000011
1100000001
1000000000
0000000001
1100000011
1000000000
0000000010
1000000011
1100000000
0000000011
1100000001
1000000000
0000000001
1100000011
1000000000
0000000010
1000000011
1100000000
0000000011
1100000001
1000000000
0000000001
1100000011
1000000000
0000000010
1000000011
1100000000
0000000011
1100000001
1000000000
0000000001
1100000011
1000000000
0000000010
1000000011
1100000000
0000000011
1100000001
1000000000
0000000001
1100000011
1000000000
0000000010
1000000011
1100000000
0000000011
1100000001
1000000000
0000000001
1100000011
1000000000
0000000010
1000000011
1100000000
0000000011
1100000001
1000000000
0000000001
1100000011
1000000000
0000000010
1000000011
1100000000
0000000011
1100000001
1000000000
0000000001
1100000011
1000000000
0000000010
1000000011
1100000000
0000000011
1100000001
1000000000
0000000001
1100000011
1000000000
0000000010
1000000011
1100000000
0000000011
1100000001
1000000000
0000000001
1100000011
1000000000
0000000010
1000000011
1100000000
0000000011
1100000001
1000000000
0000000001
1100000011
1000000000
0000000010
1000000011
1100000000
0000000011
1100000001
1000000000
0000000001
1100000011
1000000000
0000000010
1000000011
1100000000
0000000011
1100000001
1000000000
0000000001
1100000011
1000000000
0000000010
1000000011
1100000000
0000000011
1100000001
1000000000
0000000001
1100000011
1000000000
0000000010
1000000011
1100000000
0000000011
1100000001
1000000000
0000000001
1100000011
1000000000
0000000010
1000000011
1100000000
0000000011
1100000001
1000000000
1000000000
0100000000
0010000000
0001000000
0000100000
0000010000
0000001000
0000000100
0000000010
0000000001
0000000010
0000000100
0000001000
0000010000
0000100000
0001000000
0010000000
0100000000
1000000000
1111111111
0000000000
0000000000
0000000000
1110011111
1110000000
1010111111
1110111111
0000111111
0110111111
0110111111
0000111111
0110111111
0110111111
0110111111
0110111111
0110111111
0000111111
0100111111
0000111111
0000111111
0010111111
0010111111
0010111111
0000111111
0000111111
0000111111
0000111111
0010111111
0010111111
0010111111
0010111111
0010111111
0010111111
0010111111
0010111111
0000111111
0010111111
0010111111
0000111111
1110111101
1110111111
1110111111
1110111111
1110111111
1110111111
1110111111
1010111111
1110111111
1110111111
1110111111
1110111111
1110111111
1110111111
1110111111
1110111111
1110111111
1110111111
1110111111
1110111111
1110111111
1110111111
1010111111
1010111111
1010111001
1010111001
1010111001
1010111001
1010111001
1110111001
1010111111
1010111111
1010111111
1010111111
1010111111
1110111111
1110111111
1110111111
1110000000
1010000000
1010001111
1010001111
1010001001
1010001001
1110001111
0000000000
1111110000
1111110011
0000000000
0111111111
0111111001
0111111001
0111111111
0110000101
0110000111
0110000101
0110000101
0111111111
0000000000
0000000000
0000000011
0000000000
0001111111
0001010001
0001010001
0001111111
0000000000
1111111111
1111111111
1111111101
1111111111
0000000000
0011111111
0011101001
0011111111
0000000000
0101100000
0101100000
0101100111
0100000101
0100000111
0100000101
0100000111
0100000101
0100000111
0100000000
0100000001
0100111100
0000000001
0011110001
0000000001
0011110001
0011010001
0011010001
0011010000
0011110111
0000000101
0000110101
0000110111
0000110000
0000110000
0000110000
0000000000
0110000000
0000111111
1110111111
1110100001
1010111111
1110000000
1010111111
1010111011
1010111011
1110101111
1110111111
0000000000
1111100000
1000100000
1000100000
1111100000
1000100001
1000100001
1000100001
1111100001
0000000001
0000000001
0111111101
0111111101
0111111101
0110000101
0111111101
0000000001
0000111101
0000110101
0000110101
0000110101
0000111101
0000111101
0000111101
0000111101
0000111100
1110111100
1110111100
1010111100
1010111100
1010111100
1010111100
1010110100
1110110100
1010110100
1010111100
1010101100
1010111100
1110111100
0000111100
0010111100
0010111100
0010111100
0010101100
0010111100
0010100100
0010100100
0010100100
0010111100
0000000000
0001111111
0001111111
0000000000
0000000100
0001110000
0001010000
0001110000
0001010000
0001010000
0001010000
0001010000
0001010000
0001110000
0000000000
0000000000
0000000000
0000100000
0000000011
0000000011
0111000011
0000000011
0111111000
0100101000
0100101000
0100101000
0100101000
0111111000
0000000000
0000000111
0000000111
0000000101
0000000101
0000010111
0000010101
0000010101
0000010101
0000010111
0000010101
0000000101
0011110111
0011010111
0011110000
0000000001
0000000001
0000000001
0000000001
0000000001
0000000001
0000000001
0000000001
0000000001
0000000001
0000000000
1111011111
0000011001
1111011001
1111011111
1111000000
1111000011
1101000011
1111000011
1001000011
1001000011
1001000011
1111000011
0000000011
0001100011
0000000000
0000000000
0000000000
0000000000
0000000000
0000111111
0000110001
0000111111
0000000000
0000000001
0000000001
0000000001
0011100001
0011100001
0000000001
0000000001
0011100001
0011100001
0000000000
0000001111
0000001111
