100 100
0000000000000000000000000000000000000000000000011111111111111110000000000000000001111111111111111111
0000000000000000000000000100000000001111111111010000001001111010000000000000000001111000000111111111
0000000000000000000000000100000000000000000000011111111111111110000000000000000001111000000111111111
0000000000000000000000000000000011111111111110000000000000000000000000000001111101111000000111111111
0000000000000000000000000000000011111111111110001111111110000000000000000001111101111000000111111111
0000000000000000000000000000000011111111111110001111111110000000000111100000000001111000000111111111
0000000000000000000000000000000011111111111110101000000010000000000110100001111101111000000111111111
0000000000000000000000000000000011111111111110101000000010000000000110100001110101111111111111111101
0000000000000000000000000000000011111111000110101000000010000000000111100001010101111111111111111111
0000000000000000000000000000000011111111000110101000000010000000000000000001010100000000000000000000
0000000000000000000000000000000011111111000110101000000010000000000000000001010100000000000000001111
0000000000000000000000000000000011111111111110101000000010000000000000000001110100000000000000001111
0000000000000000000000000000000011111111111110101000000010000000000000000001010100000000000000101111
0000000000000000000000000000001011111111111110101000000010000000000000000001010100000000000000101111
0000000000000000000000000000001011111111111110101000000010000000000000000001010100000000000000101111
0000000000000000000000000000001011111111111110101111111110000000001111111101111100011100000000001111
0000000000000000000000000000001011111111111110101111111110000000000000000000000000011100000000001111
0000000000000000000000000000001011111111111110101111110010000000001111110111111000010100000011101111
0000000011110111111111100000001011111111111110001111111110011111101111110111111000011100000011101111
0000000011010111111011100000000011111111111110000000000000000000000000000111111000000000000010101111
0000000011010111111111100000011011111111111110000000110000000001111111000111111000000000111010101111
0000000011010111111111100000011011111111111110000000000000000001100011000110001000000000000010101001
0000000011110111110011100000011011111111111110000000000000000001111111000110001000000001100010101001
0000000010010111111111100000000011111111111110000011000000000000000000000110001000000001100010101001
0000000010010000000000000000000011111111111110000000000000000000000000000110001000000001100010101001
0000000011110000000000000000000011111111111110000000000001111111111111110111111000000001100010101001
0000000000000000000000000011000011111111111110000000000001111111111111110000000000000001100010101111
0000000111111111111111110011000011111111111110000000000001111111111111110000000000000000000011100000
0000000111111111111111110011000011111111111110011111111101111111111111110000000000000000000000000000
0000000111111111111111110011000011111111111110011111111101111111111111110000000000000000000000000000
0001110111111111000000010000000011111111111110000000000001111111111111110000010000000000000000000000
0000000111111111000000010010000011111111111110000111100001111111111111110000010000100000011111110000
0000000111111111000000010010000011111111111110000111100001111111111111110000010000100000011100010000
0000000100000011111111110010011011111111111110000000000001111111111111110000010000100000011100010111
0000000100000011111111110010011011111111111110000011111101111110111111110000000010000000011111110111
0000000100000011111111110000011011111111111110000011110101111111111111110000000010000000000000000101
0000000111111111111111110000011011111111111110000011111101111110000111110101100010001111111111110101
0000000111111000011111110000011011111111111110000010001101111110000111110101100010001111111111110111
0000000111111111111111110000011011111111111110001011111101111110000111110000000000000000000000000000
0000000000000000000000000000000011111111111110001010000101111110000111110111111111111111111111111111
0011111111111111111111111111111011111111111110001010000101111111111111110111111111111111111111111111
0011111111111111111111111111111011111111111110001011111101111111111111110111111111111111111110111111
0000000000000000000000000000000011111111111110001011000101111111111111110111111111111111111111111111
0000111111000000000000000000000011111111111110001011000101111111111111110111111111111111111111111111
1110101111000000000000111111111011111111111110001011111101111111111111110111111111111111111111111111
1110101001000000000000111111111000000000000000001011111101111111111111110111111111111111111111111111
1110111001000000111100000000000000000000000000000010000101111111111111110111111111111111111111100001
1110111111000000111100001111111100000000000000011011111101111111111111110111111111111111111111100001
1110110001000000000000001010100100000000000000000000000001111111111111110111111111111111111111100001
1110110001000000000000001111100100000011111111111111011101111111111111110111111111111111111111100001
1010110001000000010000001110100100000011111111111111010101111111111111110111111111111111111111100001
1110110001000000000000001111111100000011111111111111010101111111111111110111111111111111111111100001
1110110001001111111111101000000100000011000111111111011101111111111111110111111111111111111111100001
1110111111001111111111101000000100000011000111111111010101111111111111110111111111111111111111111111
1110111111001111111111101000000100000011000111111111010100000000000000000000000000000000000000000000
1110000000001111111111101000000100000011000111111111010101110000000000000000111111111000000000000000
1110000000001111111111101000000100111011000111111111010100000000000000000000100111101000000000000000
1110000000001111111111101111111100101011111111111111010100000000000000000000111111111000000000000000
1110000000001111111111100000000000101011111111111111010100000000000000000000000000000000000000000000
1110000000001111111111100000000000111011111111001111011100000000000000000000000000000000000111011111
1110000011101111111111100000000000101011111111001111010100000000000000000000000000011111110111011111
1010000011101111111111100000000000111011111111111111011100000000000000000000000000011111110101011111
1010000010101111011111100000000000000011111111111111000000000000000000000000000000011111110111011111
1110000011101111111111100111111111111011111111111111011111111111000000000000000000011110010111011101
1110000000001111111111100111111111111011111100000001011111111111000000000000000000011111110101011101
1110000000001111111000100111111111111011111111111111011111111111010000000000000000000000000111011101
1110000000001111111000100111111111111000000000000000011111111111010000000000000000001000000101011101
1110000000001111111000100111100111111000000111111111011111111111010000001100000000001000000111011111
1110000000001111111000100111100111111000000111111111011111111111010000000000000000000000000000000000
1110000000001111111111100111111111111000000000000000011111111111010000000000000000000000001111111111
1110000000000000000000000000000000000001111111000000011111111111000000000000001100000000001111111111
1110000000000000000000111111111110000001111111000000010011111111000000000000001100000000001111111111
1110000000000000000000111111111110000001100001000000011111111111000001111110001100000000001111111111
1110000000001000000000111000000010000001100001010000011100011111000001111010000000000000001111111101
1110000000000000000000111111111110001001100001010000011100011111000001111010000011111111101111111101
1110000000000000000000111000000010001001100001000000011100011111000001111010111011111111101111111111
1110000000000000000000111111111110000001111111000000011111110111000001111010111011011011101111111001
1110000000000000000000000000000000111101111001000000011111110111000001111010101011011111101111111001
1110001111111000000000110111111110110101001001000000011111111101000001111010111011010001101111111001
1110001010101000000000110111101010111101111111000000011111111101000001111010101011010001101111111001
1110001111111000000000000111111110100100000000000000011111110101000001111010101011111111101111111111
1110000000000001111111110111111010100100000111111000011111110101000001111110101000000000001111111111
1110000000000001111111110111111010111100000110001000011111110101000001111110101000000000001111111111
0000000001000001111111110111111110000000000110001000011110110101000101111110101000000000001111111111
0000000000000001111111110111100010000000000110001000011110110101000101111110101000000000001111111111
0111111111100001111111110111111110000000000110001000011111111101000101111110101000000000001111111111
0111111111100001111111110000000000000000000111111000011110000101000001111110101000000000000000000000
0111111111100001101111110000000000000000000111111000011111111111000001111110111000000000111111111111
0111110000100001101111110000000000000000000101001000000000000000000000000000000000000000111111110001
0111110000100001101111110000000001000000000111111000000000000001111111111111111111111110111111111111
0111111111100001111111110000000001000000000000000000000000000001100000000000100001111110111100000001
0111111100100001111111110000000000000000000000000000000000000001100000000000100001111110111100000001
0111111100100001111111110001100000000000000111110000000000111101111111111111111111111110111100000001
0111111100100001111111110000000000000000000111010000000000000000000000000000000000000000111100000001
0111111111100001111111110000000000000000000101110000000001111111111111111111111110000000111111111111
0000000000000001111111010000000000101111110101010000000001111111111111111111111110000000111011111111
0000000000000001111111110000000000001010010101010000000001111110011111111111111110000000111011111111
0000000000000000000000000111111111101011110111010000000001111110011111111111111110000000111111111111
0000000011111111111111110101010110101011010101010000000001100010011111111111111110000000111111111111
0000000011111111111111110111111111101111110111110000000001111111111111111111111110000000111111111111
