300 30
000000000000000000000000000000
000000000000000000000000000000
000000000000000000000000000000
000000000000000000000100000000
000000000000001000000000000010
000000000001001000000001000000
001010000000000100001000000000
000100000000001000000000000001
000000000001000100000000000000
000000000000001000000100000001
000000000010010001000100100000
000000000100000101000001000000
000000000010000101000100000001
000000000000000001000000000000
000000010100000001001000000001
000000000000100001001000000001
000000000000000001000000000000
000000000000100000001000000101
000000000000000001000000101001
000000000000000000100000000001
000000000000000000000000000001
000000000000000001000000000000
000000000000000000000000000001
000000000000000000000000000000
000000000000000000000000000000
000000000000000001000000000001
000000000000000000000000000000
000001000000000000000000000000
000000000000000001000000000001
000000000000000000000000000000
010101000000000001000000000000
000000000000000000000000000001
000000000000001100010000000010
000000000000001100001000000000
000000000000001100100000001000
000000000000001100001000000100
000000000000001100000000000010
000000000000010000000000000010
000000000001010000000000000000
000000000000000000000000000000
000000000010000000000000000000
000000000000000000000000000000
000000000000000000000000001000
000000000000000000000000000000
000000000000000000000000100101
000000000000000001011010000000
000000000000000000000000000000
010000000000000000000000000000
000000000000000000000000001001
000000000000000000000000000010
000000000000000000010000010000
000000000000000000000000010000
000000000000000000000000010000
000000000000000000000000010000
000000000000000000000000000000
000000000000000000000001010000
000000000000000000000000000000
000000000000001101110011010000
000000000010000000000000000000
000000000000000001110101000000
000000000000000010000000000000
000000000010001000000000001000
000000000001000000000000000000
000000000010000000000000010000
001010000000000000000000000000
000001000100000000000001000000
000010000010100000000000100000
000000000100000111100010000000
000000001000000000000100000010
000000000000000110001000000001
000000000000000000000000000001
000000000100000000000000000000
000000000100000000000000000101
000000000000000000000000000000
000000100000000000000000000001
000000100000000000000000000001
000000100100001000000000000001
000000100100001000000000000000
000000100100001000000000000000
000000000100001000000000000000
000000100100000000000000000001
000000000100011000000000000001
000000000100010000000000000001
000000010100010000000000000001
000000010100000000000000000001
000000010100001000000000000001
000000000000001000000000000000
000000010000001000000000000000
000000010000001000000000000000
000000100000001000000000000000
000000000000001000000000000000
000000100000001000000000000000
000000100011101010101111010000
000000100000000000000000000000
001000100000000000000000000000
000000000000000000000000000000
000000000000001000000000000000
000000000000000000000000000000
000000000000010000000000000000
000000000000100000000000000010
000000000000010000000000000001
001000000000000000000000000010
001000000000000000000000000000
000000000000000000000000000100
011111100000000000000000000000
011111100000000000000000000101
011010100000000000000000000000
011010101111000000011110000100
011111100000100000001110000001
011111100011010000110000000000
000000000000000000010000010000
000000000000000011100000010001
000000000000000000010001000000
000000000000000000000000000000
000000010100100000000001010001
000000000000000000000000010000
000000000000000000000000010001
100011000000000000000001010000
001000000000000000000000010001
010000000000000000000000010000
000000000000100000000000010000
000000000000000000000000010000
000000000000000000000000000000
000000000000000000000000000000
000000000000000000000000010000
000000000000000000000001000000
000000000000000000000000000000
000000000001000000000000000000
000000000010000000000000000011
010000000010000011000000000011
000000000000000010000000000010
000000000101100010000011111001
000000000000000000000000000000
000000000100000000000000000111
000000000100000000000000000111
000010100000100000000000000101
001000000000001000000000000101
000000000000100100000000000111
000000100000000000000000000000
000000000000000010000010100000
000000000000001010000000000000
000000000000000100000000000000
000000000000000000100000000000
000000100000000000000000000000
000000100000000000100000000000
000000000000000000000000000000
000000100000000000100000000000
000000000000000000100000000000
000000000000000000000000000000
000000001000000111100000000000
000000000100000101100000000000
000001000000000110100000000000
000010000001001001000000000000
000000000000000000000000000000
000111101000000000000000000000
000111101000000000000000000000
000000010000000000000000000000
000000001100000000000000000000
000000001001000000000000000000
000000000100100000000000000001
000000000000100000000000000000
000000000001000000000000000000
000000000000100000000000010011
000000000001000000000000001000
000000000000100001111000000000
000000000001000001101000000000
000000000000100001101000000000
000000000001000001101000000000
000000000000100001111000000000
000000000000011110000000000000
000000000000011010000001100000
000000000000011110000001110000
000000000000000000000000110000
000000000000000000000000000000
000000000000000000000000000000
000000000100000000000000000000
000000000000000000000000011000
000000000000000010000000011000
000000000000000100000000011001
000000000000010000000000011000
000000000100000010000000011000
000000000000000000010000011000
000000000000000110000000011000
000000000000001010000000011000
000000000000001000001100011000
000000000000000010001010010000
000000000000000000001100001000
000000000001000010001100010000
000000000000000000000000000000
000000000001001010000000000000
000000000000000000000000000010
000000000010111111010000000100
000000000000000000000000001000
000000000001010000000000001000
000000000000000000000000010100
000000000001010000000000000000
000000000000001010000000000000
000000000000000100000010000000
000000000000000000000000000000
000000000000000000000000000001
000000000000000000000000000000
000000000001000000000000000001
000000000000000000000000000000
000000000000101000000000000000
000000000000000000000000000000
000010000000000000000000000000
000001000000000000000000000000
000000000000000000000000010101
000000000000000000000001000000
000000000000000000001110000000
000000000000000000000000000000
000000000000000000000000000000
000000001001010000000000000101
000000000001000000000000000000
000000000000000100000000000001
000000001000000010000000000000
000000001000000100000000000101
000000000101000100000000000100
000000000001000001000111100001
000000000000100100001000010000
000000100000000000000000000000
000000100000000000000000001100
000000100000000000000000001100
000000100000000000000000001100
000000100000000000000000000000
000000101001000000000000000000
000000100001100000000000000000
000000100001100000000000000000
000000100000010000000000000000
000000000000010000000000000000
000000000010010000000000000000
000000011000000000000000000000
000000011000000000000000000000
000001011000001111111110010000
000000000000010000000000000000
000000000000000000000000101100
000000000000000000000000001101
000000000000000000000000000000
000000000000000000000000000000
000000000000000000000000000001
000000000000000000000000000000
000001011111100001000000000001
000000000000000000000000000001
000000010000000011111111111001
000000000000001000000000000000
000000010000001000000000000001
000100000000000010000000000000
000000000101000000000000010000
000000000000000000000000000000
000000010001100000000000000000
010100000000000000000000100100
000000000010000000000000000000
000000000001000000000000000000
000000000000100000000000000000
000000000001000000000000000000
001000000000100000000000000000
001000000000000000000000000000
001000000000000000000000000000
001001000000000000000000000000
000010000000000000000000000011
001000001000000000000000000001
001010100010000000000001111110
001001001010000000000001001010
001010000100000000000001111110
001001000000000000000001100010
001010000000000000000001111010
000000000000000000000000000100
000000000000000000000000000110
000000000000000000000000000110
000000000001000000000000000110
000000000001000100000010000110
000000001110100001000000000110
000000001010000000000000000110
000000001100100000000000000110
001000000000000000000010000110
000000000001000000000010000110
001000000000010000000010000000
001000000000010000000010000000
001000000000000000010000000000
001000000000010000001000000000
001000001110100000001000000000
001000000000000000000100000000
001000000000000000000100000000
001000000000000000000100000000
001000000000000000000000000000
001000000000000000000000000000
001000000100000000000010000000
001000000100000000000000000000
000000000100000000000010000000
001000000010000000000000000000
001000000100000000000000000010
000000000000000001000000000000
000000000101100100000000000000
000000000000000000000000000000
000000000010100000000000000000
000000000101000000000000000000
000000000000100000000100110000
000000000000000000010101000000
000000000000000000000000010000
000000000000000000000000100000
