100 100
0000000000000000000000000000000000000000000000000000000000000000000000000110111000000000000000000000
0111001100000000000000111111100000000000000000000000000000000000000000000000101011111111111000000000
0111001101110000000000110010100000111111111111100000000000000000000000000000111011111111111000000000
0101001101110111111110111111100000111111111111100000000000000000000000000000101011111111111000000000
0111001101010000000000000000000000000000000000001111011111111111100000001110101011111111111000000000
0000001101110111111111111111111111111111100000001101000000000000000000001010101010001111111000000000
0000001101110111111111111111111111111111100000001101011101111111111110001110111010001111111000000000
0000000000000000000000000000000000000000000000001111011101111111111110001010101011111111111000000000
0011111111111100000000000000000000000000000000000000011101100000000010001010111010000000011000000000
0011111111111100011111100000000000000000000011111111011101100000000010001010111010000000011000000000
0011111111111100011010100000000000000011101010000001011101100000000010001010101010000000011000000000
0011111111111100011111100000000000000010101010000001010101100000000010001110111011111111111000000000
0011111111100100000000000000000000000011101011111111011101111111111110000000000000000000000000000000
0011111111100100111111100000111000000000000000000000000000000000000000111111111111111111100001110011
0011111111100100111100100000111000000111011111111111111111111111111000100111111111111111100001110011
0011111111100100111111100000111000000000011111111111111111111111111000100111011111011111100001010011
0011100000111100000000000000111011111000011111111111111111111111111000100111111111111111100001110000
0011100000111101000000000000111010101000011111111111111111111111111000111111111111111111100000000000
0011100000111100000000000000111010111000011111111111111111111111111000111111111111111111100000000000
0011100000111100000000000000111010101000011111111111111111111111111000000000000000000000000000000000
0011100000111100000000000000101011111000011111111111111111111111111000000111111111111111111111111111
0011100000111100111111110110111000000011011111111111111111111111111000000000000000000000000000000000
0011100000111100111111110110000000111011011111111111111111111111111000000011111000000000000000000000
0011100000111100111111110110011110000011011111111111111000111111111000000011111000000000000000000000
0011111111111100111111110110011110001011011111111000001000100000111000000011111000000000000000000000
0000000000000000111111110000000000000011011111111000001000100000111000000011111000000000000000000000
0000000000000000110000010001111100000011011111111000001000100000111000000011111000000000000000000000
0000000000011110110000010001010100000011011111101000001000100000111000000011001000001111111111111100
0000000000011110111111110001111100000000011111101000001000100000111000000011111000001111111111111100
0000000000000000000000000000000000001111011111101000001000100000111000000000000000101111111111111100
0000000011111100000000000000111111101101011111101000001000100000111000000000000000001111100000000100
0000000011111100000000000000111111101111011111101000001000100000111000000111111111101111111111111100
0000000000000000000000000000000000001101011111101000001000100000111000000000000000000000000000000000
0000001111111111111111111111111111101111011111111111111111111111111000001111111111111111111111111111
0000001111111111111111111111111111100000000000000000000000000000000000101111111111111111111111111111
0000001111111111100001111111111111100111111111111111111000000000000000101111111111111111111111111111
0000001000000000100001111111111111100111111111111111111000000000000000101111111111111111111111111111
0000001000000000111111111111101111100111111111111111111000000000100000101111111111111111111111111111
0000001000000000111111111111101111100111111111111111111000000000100000101111000000000000000000000111
0000001000000000111111111111101111100111111111110001111000000000100000101111000000000000000000000111
0000001111111111111111111111111111100111111111110001111000000000100000101111111111111111111111111111
0000000000000000000000000000000000000111111111111111111000000000000000000000000000000000000000000000
0111111111111111111111111111111111110111111111111111111000000000000111111111111111111111111100000000
0111111111111111111111111111111111110111111111111111111000111111110111111111111111111111111100000000
0111111111111111111111111111111111110111111111111111111000111111110111111111110111111111111100000111
0111111111111111111111111111111111110111111111111111111000111111110110001111111111111111111100000101
0111111111111111111111111111111111110111111111111111111000100010010111111111111111111111111100000101
0111111111111111111111111111111111110111111111111111111000111111110111111111111111111111111100000101
0111111111111111111111111111111111110111111111111110001000000000000000000000000000000000000000000101
0111111111111111111111111111111111110111111111111110001011111111111000000000000000000000000000000111
0111111111111111111111111111111111110111111111111110001011110101101000000111111110000000000000000000
0111111111111111111111111111111111110111111111111110001010011101101000110111111110000111111111111100
0111111111111111111111111111111111110111111111111110001010010111111010110111111110000111111111111100
0111111111111111111111111111111111110111110000001110001010010110001010110111101110000000000000000000
0111111111111111111111111111111111110111110000001110001011111111111010110100101010111111111111111111
0111111111111111111111111111111111110111110000001110001000000000000000110111111110111111111111111111
0111111111111111111111111111111111110111110000001110001000000111111100000000000000111111111111111111
0111111110000111111111111111111111110111111111111110001000000111110100111111111110111111111111111111
0111111110000111111111111111111111110111111111111110001000000110010100111111111110111100000000000111
0111111110000111111111111111111111110111111111111110001000000111111100000000000000111100000000000111
0111111110000111111111111111111111110111111111111110001000000000000001000000000000111100000000000111
0111111110000111111111111111111111110111111111111110001001111111000000000000000000111100000000000111
0111111110000111111111111111111111110111111111111110001001111111000000000000000000111100000000000111
0111111110000111111111111111111111110111111111111110001001111111000000001000000000111100000000000111
0111111110000111111111111111111111110111111111111110001001111111000000001010000000111100000000000111
0111111111111111111111111111111111110111111111111110001001101111000000001010000000111100000000000111
0111111111111111111111111111111111110111111111111110001001111111010000001010000010111100000000000111
0111111111111111111111111111111111110111111111111110001001111101000000001010000010111100000000000111
0111111111111111111111111111111111110111111111111110001001111111000110001000110000111100000000000111
0111111111111111111111111111111111110111111111111110001000000000000110001000000110111100000000000111
0111111111111111111111111111111111110111111111111110001000000000000110001000110110111100000000000111
0111111111111111111111111111111111110111111111111110001000000000000110001000000110111100000000000111
0111111111111111111111111111111111110111111111111110001000000000010110001001110110111100000000000111
0111111111111111111111111111111111110111111111111110001000000000010000001001010110111100000000000111
0111111111111111111111111111111111110111111111111110001001111000010000001001110110111111111111111111
0111111111111111111111111111111111110111111111111110001000000000000000000001010110111111111111111111
0111111111111111111111111111111111110111111111111110001011111011111111111001110110111111111111111111
0111111111111111111111111111111111110111111111111010001011111011111111111000000000111111111111111111
0000000000000000000000000000000000000111111111111010001000000000000000000011111110111111111111111111
0000000000000000000000000000001110000111111111111010001000001111111000000011111110111111111111111111
0000000000000000000000000000001010000111111111111010001000001010001000000000000000111111111111111111
0000000000000000000000000000001010000111111111111010001000001010001000000000110000111111111111111111
0000011111111111111111111000001110000111111111111010001000001111111000000000000000111111111111111111
0000000000000000000000000000000000000111111111111010001000001000101000000000000000111111111111111111
0000111100000001100000000000000010000111111111111010001000001111111010111111111000111111111111111111
0000100100000000000000000000000010000111111111111010001000000000000000111111111000111111111111111111
0000100100000000000000000000000010000111111111111010001000000000000000110000001000111111111111111111
0000111101100000000000000000000010000111111111111010001000000000000010111111111000111111111111111101
0000100101100000000000000000000010000111111111111010001000000000000000110000001000111100000000000101
0000100101100000000001111111110000000111111111111010001000000000011000110000001000111100000000000111
0000100101100000000001111111110000000111111111111010001011111111000000111111111000111100000000000111
0000111101100000111101100000010111110111111111111010001010000011000000000000000000111100000000000111
0000111100000010111101111111110111110111111111111010001011111111001111111111111110111100000000000111
0000000000000000000000000000000000000111111111111010001000000000001111011111111110111100000000000111
0000000010111111111111111111111111110111111111111010001000001111101111111110111010111100000000000111
0000000010100011111111111111111111110111111111111010001000001110101111111110111010111100000000000111
0000000010100011111111111111111111110111111111111110001000001010101111111011111010111100000000000111
0000000010111111111000000001111111110111111111111110001000001010101111111111111010111100000000000111
0111111010111111111000000001111111110111111111111111111000001011101111110001111010111100000000000111
0111111010111111111111111111111111110111111111111111111000001111101111111111111110111111111111111111
