30 30
000100000000000000000000000001
000001111011111111111111111100
100100100000000000000000000000
000000010000000001010000010101
011100100010000000100000000000
001000010000000000000001000101
000100100010000000000100000000
001000010000011111010000000000
000100100010000000000000000101
001000010000000111110100001000
000100100000000001000000000000
001000010010010000100101101001
000100100000000001000000001000
001000010001010000000000000000
000100100000000000011111111001
001000010001110001000010000000
000100100000000000000001000001
001000010011111100000010000000
000100100000100000000001000001
001000010000010000000010000000
000100100000100001000001000000
001000010000010001000000000000
000100100000100000010100010101
001000010000010000000010100000
000100100000100001010000000101
001000000000010000000001100000
000100000000100000011101000001
000001001000010001001000100010
111000000000100000000001000001
010001000000010001001000101010
