50 50
01000101001000000000000100000000000000000100001001
00000000010000001000100010000000000100000000000000
01010100000000000000000000000001000001010100010101
00000000000000000000100000100000000000000000000000
00000101001110001000000010000001000101000001000000
11110000000000000000000010101010000000011000000000
00000000000000000000100010000000000000010000000100
01100010111010111000000010010001001001000100000001
00000000000000000011100010000000000000000000000000
00100000000000000011100010000000000000000001011110
00100000000010010011100010010000000000000000001000
00000000000000000010100000000000000000000010000100
10001000000010000010100000011000000000000000000000
00000000000000100011100000010001000000000010010000
10100010000000001000000000000001000000000000010000
00000010000000100000000000000001000000000000010000
00100000000000000000100100001001000000000000000000
00001000000000000000011000000000000000000000000000
00000000000000001111100000001001000000000001000000
10000000000000100000000001000000001101101000010000
00000000000000000000000000011000000010000000001001
00000000000000010100001000010000000000011001001001
00000000000000010000000000001000000000000000001001
00000000000000010001000101010000000000001001001001
00000000000000010010000000001000000000000000001001
00000000000000010001000000010001110110100101001001
00000000000000010001010111001000100000000000001001
00000000000000010100000010010000000111111100001001
00000000000011010101000001001001110000100000001001
00000000000011010000000010010000100000010001000001
00000000000011010100010000001000010000100000000101
00000000000011000000000001010000100000010001000110
00000000000011010000010000001000010000100000000101
00000000000001000000000010010000100000010001000110
10001011111110000000100000001000000000000000000000
00000000000000000010010001010000000000110100001000
01111001011010000000000000001000000001001011000000
00100000000000001000000011010010000000110000100000
00010011000000000000000000000000000000000000000000
00000000000100010010000101000101000000001001001111
00001100001000000010000000010000000000100000100100
01000100000000100000000000000100000100000000000000
00000100010000101010100101000100000000101001000001
01010010000000000000000000000000000000000010000000
00000000001011100101000011000100000101101001000001
01001010000000000010010010000000000000000001000000
00000000000000000000000001001101000001010000000000
11111101001000000000001010001000010000000001001001
00100000000000101000000000000000000000100000000000
00010001001000010110000011100101000000010011111101
