35 35
00000001000000000000011010000001000
00100000100010110101000000000010010
00000000001000000000000010000000000
01111111100010000000001100010100010
00000000000000010100000000000001000
00000110001000000000000000100100001
00111000000000111111111100000000000
00010000010000000010000001010101001
00101000000110000001000000000000000
10000001000100000010000001010101011
00000000010010000001000000000000010
00000000000100000010000000011111001
10010100000010000001000001000100010
00000000010100000010000000000010001
10000000000010000001000000000100010
01000101010100000010000001000000001
00000000000010000001000001000000010
00001001000100000010000000000100001
00000000100000000001000001010001010
01000000000100000010000000000000001
00001010100010000001000001010101010
01000000000000000000000000000000000
00000010010111111111111111111111111
10000000000000000000001000000000000
00100100000000000000000100000000000
00000000000000000000001000000000000
10010010010000000000000100000000000
00000000100000000000001000000000000
00010000000000000000000100000000000
00100001000000000000001000000000000
00010101010000000000000100000000000
01000000000000000000001000000000000
00000001000000000000000100000000000
00000000000000000000001000000000000
00100101000000000000000100000000000
