45 45
000000000010010100101001010101001011010100000
011111001000000000000000000000000010000000101
000100000000100000101111101100101001001100000
000010001000001000000010000001000010000000100
000100000000000000000001000010000001000000000
000010001000001001000010000000000010000100001
000000000000001000000001000001000001000100001
010100001100001000000010000010000010000000001
000000001100001000100001001001101001010001000
010100001100000000000000000000000000000000000
000000001101111111111111111111111111111110101
000100001100000000000000010000000000000000000
100000001100000000000000001000000000000000000
010100010000000000000000000000000000000000000
000000010000000011111111111111111111111110000
101100010001111000000000000010000000000000100
001000010000100000000000000001000000000000100
100100010000010000000000000010000000000000000
001000010000000000000000000000000000000000100
100100010000000000000000111100000000000000001
001000010000100000000000110100010010000000100
100100010001000000000000110100000000100000001
001000000000000000000000111100010010001010000
100101010000000000000000000000000000000000000
001001000000100000000000000000010000011100000
100101000000000000000000000000010000001000000
001001010001100001111111000000000000000000000
000101000001000001111001000000000010000000000
101000100000100001111111000000000000000000100
000101000001000001111001000000000000000000100
001000000000000001111001000000000000000000000
100101000000100001111111000000000000000000010
101000000000001110000000000000000000000000000
100101000000101110000000000000010101001011111
101001000000000000000000000000000000000000100
100101000000000000110000000000001111111000000
101001000000000010110000001000000001000011000
100101000000100000000000100000000000000000010
101001000000100000000000000000010111001010000
100101000000100000000000000001000010000000000
101000100000000000000001011100010001001011010
100100100000100000000000011100000010000000000
001000000000000000000000000000000001000001010
100101000000000000000001111111010010000000000
001000100000101000100100001000000001001001001
