40 40
0101001000000001000010010101111100110000
0000000100000000100000000000010000100100
0011100000000010001001100100001000000001
0001000000000000000000000000010001111101
1000101010100111111100010000001000010000
0000000000000000100001000100010000001000
0111111100000000010000000000001000010001
0000100000010000100001010000010000001000
0000010001000000010001000100001000010000
0000100000000000100000010000010000001001
0000010000110000010001000100001000000000
0000100000100000100000000000010000000000
0000010000010000010001000000000000001010
0000100000100000100000000100001010001101
0000010000010000010000010001001000001100
0000100000100000100001000000000000010101
0000010000010000010000001110001010101000
0000100000100000100000000100000000000000
0000010000010000010001000010000100001000
0000100000100000100000000100000000100010
0000010000010000010000100010000000000000
0000100000000000100000000100000000000011
0000010001110000010001100010000000101010
0000100000100000100000000100000000000001
0000010000010000010000000010100010100000
0000100000100000100000100100000000000001
0000010000010000010000000010101111100000
0000100000100000100000000100000000000001
0000010000010000010000100010101011100010
0000100000100000100000100100000001001000
0000010000010000010000100010100000000010
0000100000100000100000100100100010101001
0000010000010000010000100010000000000000
0000100000100000100000100100101000001000
0000010000010000010000100010101000001001
0000100000100000100000100100100000001000
0000010000010000010000100010001000001001
0000100000100000100000100100000000001000
0000010000000000010000000010000001101010
0000100001010000100000100100010101001000
