100 100
16 16
27 27
70 70
3 3
88 88
4 4
71 71
29 29
96 96
26 26
12 12
68 68
80 80
82 82
51 51
79 79
10 10
14 14
55 55
5 5
10 10
76 76
3 3
11 11
7 7
28 28
39 39
26 26
52 52
98 98
8 8
68 68
58 58
5 5
21 21
37 37
47 47
30 30
92 92
84 84
56 56
13 13
87 87
51 51
83 83
95 95
63 63
90 90
70 70
86 86
9 9
11 11
31 31
25 25
45 45
23 23
98 98
40 40
39 39
39 39
46 46
23 23
57 57
96 96
84 84
61 61
25 25
100 100
81 81
2 2
13 13
38 38
85 85
63 63
27 27
59 59
20 20
87 87
95 95
1 1
16 16
29 29
76 76
54 54
23 23
9 9
75 75
4 4
53 53
1 1
50 50
56 56
100 100
21 21
67 67
96 96
25 25
27 27
53 53
13 13
49
63
21
48
66
40
20
40
32
78
6
25
34
17
73
89
31
93
58
61
50
70
56
42
37
86
96
72
59
13
46
69
68
38
55
85
50
27
85
6
96
74
92
55
63
18
11
64
63
65
59
43
15
68
99
19
52
46
95
10
33
100
41
55
46
1
37
82
26
50
22
89
31
58
53
86
81
19
44
73
8
42
44
97
24
70
18
32
23
85
9
88
68
14
47
50
98
2
82
45
