626 404
14 904
835 906
216 426
309 481
250 600
299 529
513 791
452 850
245 859
705 920
21 606
133 321
349 551
537 730
297 616
183 302
864 979
622 898
321 905
994 994
117 799
806 932
105 668
768 944
744 757
703 987
11 127
445 811
337 780
847 884
43 381
534 553
862 923
683 973
203 908
162 924
697 733
421 778
980 983
946 974
622 941
481 864
798 904
172 507
857 908
650 952
416 705
860 905
569 617
87 986
325 400
891 999
893 964
894 990
255 524
485 883
63 693
802 909
906 979
737 805
229 360
346 965
347 838
146 611
885 889
684 823
520 558
713 725
907 971
872 919
417 977
35 405
70 448
238 809
556 631
180 861
641 858
967 1000
866 903
258 374
857 929
693 800
349 725
356 705
271 547
648 799
734 959
986 987
407 757
445 624
567 761
697 899
387 979
949 967
398 929
711 779
334 502
845 960
444 526
303 313
542 555
998 998
174 288
681 754
866 875
500 998
363 473
54 238
200 564
167 487
309 658
351 555
839 973
920 927
749 799
358 492
977 994
51 92
781 902
267 501
579 810
880 937
953 953
385 849
673 961
408 657
357 861
849 925
450 843
712 731
622 840
30 947
449 622
816 981
414 564
701 909
190 400
627 926
602 664
662 763
421 802
424 505
991 998
117 443
623 823
583 711
471 983
622 787
564 847
297 808
676 797
342 679
143 541
24 815
314 380
85 484
284 517
357 749
848 996
161 860
755 895
316 743
709 793
974 985
95 978
85 447
639 990
199 223
570 821
416 696
277 850
679 890
113 610
103 730
237 392
260 575
52 650
787 872
641 732
307 693
695 713
587 601
111 633
360 980
581 950
711 985
569 882
610 775
766 993
143 600
288 457
784 804
951 966
748 807
240 258
266 363
658 929
797 884
158 471
906 943
491 555
594 964
201 615
514 523
922 978
704 937
656 972
567 718
366 948
838 912
251 991
910 961
58 780
22 104
487 981
154 928
502 733
389 389
291 560
897 923
965 986
42 73
458 982
787 825
979 998
191 444
756 982
197 416
454 456
822 914
561 815
441 916
805 876
764 907
740 862
127 630
531 833
171 507
840 966
517 857
534 914
938 982
3 378
931 972
722 929
794 975
324 769
929 946
28 300
436 683
880 963
652 663
964 995
838 930
470 640
341 919
848 976
945 973
176 657
327 513
316 669
432 845
490 824
685 703
173 744
419 750
353 666
797 993
177 736
691 717
149 497
54 590
254 527
196 668
784 974
481 682
724 984
170 302
623 791
596 852
776 817
667 881
605 895
317 766
174 692
928 993
100 161
27 763
493 620
258 489
767 876
331 817
844 844
911 914
466 674
706 989
247 375
887 900
868 935
874 978
993 994
239 415
601 605
805 998
219 541
87 845
911 994
824 862
199 763
831 991
856 969
771 813
834 904
224 426
177 411
658 802
46 418
196 812
191 549
413 672
676 996
716 938
452 634
916 972
10 288
50 916
445 922
831 851
315 400
742 904
704 934
408 996
75 553
644 873
152 716
765 775
421 459
636 859
664 784
978 978
17 870
449 476
78 133
330 593
631 764
139 706
352 824
573 844
71 442
605 772
334 500
454 980
32 154
426 875
173 248
499 560
599 608
521 773
852 944
307 658
5 728
150 761
822 833
102 585
943 949
615 964
483 586
679 694
232 684
402 921
365 941
387 801
577 722
987 993
508 687
586 835
14 43
146 732
107 894
972 1000
453 973
181 939
134 341
307 379
936 945
764 900
273 439
268 699
240 832
295 920
981 987
337 501
223 964
387 501
901 926
361 364
214 489
430 875
418 808
260 798
707 810
145 311
919 933
54 649
75 871
655 949
100 894
262 387
515 590
868 923
326 666
709 761
964 974
523 676
316 817
858 974
211 584
149 402
190 891
462 986
340 603
248 512
421 805
724 935
585 915
347 475
217 866
195 256
444 841
686 778
397 546
189 894
594 755
888 920
469 897
144 479
332 753
15 836
557 559
945 1000
421 711
535 861
430 496
787 819
79 786
158 935
931 987
44 468
689 954
470 587
553 912
298 936
513 648
635 895
353 671
286 332
161 840
676 811
407 603
774 991
740 966
654 675
114 180
478 948
876 995
607 685
131 308
571 669
761 853
190 338
787 958
833 843
117 580
486 673
347 644
682 859
348 501
257 612
59 534
463 674
314 575
754 794
9 285
857 887
532 844
626 772
511 678
123 470
374 889
120 769
745 907
161 339
634 694
871 888
439 603
158 657
458 673
855 909
653 845
862 925
788 859
584 723
140 838
232 512
960 998
415 990
463 916
543 834
562 970
616 719
672 851
971 991
199 582
368 749
242 271
940 997
686 710
578 804
474 481
563 920
568 940
171 178
891 928
298 846
272 361
466 667
672 863
267 641
294 553
518 685
103 977
591 919
582 875
36 417
955 956
176 998
365 581
525 919
473 929
466 579
987 995
81 555
191 850
987 998
694 995
593 654
808 865
90 690
810 880
556 768
587 642
760 930
86 618
647 758
769 819
150 843
1000 1000
766 940
247 550
638 748
566 986
429 839
523 776
75 592
631 950
354 627
607 942
669 865
658 774
166 751
650 978
927 975
672 688
224 487
780 877
587 893
436 560
754 826
47 729
61 739
586 994
675 861
285 689
80 365
741 888
725 814
108 502
159 181
782 940
629 770
360 673
392 547
836 958
239 610
408 945
625 787
942 952
909 972
104 503
110 798
967 974
11 722
675 926
823 877
692 925
966 977
361 537
114 554
664 965
444 907
155 837
751 814
799 934
824 910
85 437
94 485
856 865
730 731
375 876
867 946
462 817
981 990
676 698
852 871
400 979
315 681
671
920
313
238
161
295
634
695
296
867
911
923
902
296
850
135
375
576
377
911
397
829
263
780
661
195
836
592
219
426
364
967
484
676
606
306
691
151
469
196
947
185
566
744
712
649
417
580
448
106
665
22
598
310
848
440
571
445
240
448
341
212
271
41
954
261
52
92
860
420
926
509
815
617
892
642
785
243
452
677
643
649
813
622
10
805
713
612
317
804
57
814
410
885
319
835
289
738
640
488
457
524
631
856
994
975
920
720
46
503
94
744
318
487
539
21
521
806
482
105
55
97
274
37
32
809
21
514
479
311
562
206
242
186
518
346
49
319
681
863
322
283
453
491
387
106
27
659
778
709
72
746
502
294
644
38
942
931
896
412
998
728
823
468
31
342
104
520
123
745
317
763
24
987
353
921
691
567
789
496
217
935
279
826
842
108
801
445
613
750
957
726
761
322
818
880
243
947
268
688
749
9
476
950
845
491
74
543
329
144
735
670
50
886
505
659
746
149
746
589
992
688
657
558
77
820
185
587
31
940
116
943
97
629
915
808
641
469
588
333
997
154
731
221
38
934
924
938
820
639
432
293
717
2
883
594
778
953
175
221
619
263
824
887
977
48
250
647
487
25
481
932
902
753
430
890
193
679
447
169
353
291
429
699
941
386
987
146
580
546
816
756
195
106
874
485
777
92
885
883
456
967
592
543
914
382
480
948
843
720
160
667
42
569
400
817
214
474
266
955
24
598
375
986
477
418
35
10
304
740
337
23
897
318
125
173
906
215
240
172
608
900
574
79
846
505
94
789
397
470
370
379
847
907
385
690
720
645
689
627
558
353
560
495
110
310
22
682
812
245
442
166
272
668
333
697
409
353
355
460
595
368
685
825
347
124
625
82
871
176
50
950
229
962
463
918
290
760
342
887
83
328
796
973
