956 131
922 962
374 949
534 552
856 971
519 882
569 749
353 674
129 960
52 228
835 882
689 898
82 600
215 263
835 879
819 864
768 886
199 685
477 522
130 804
981 987
764 817
169 337
653 904
262 706
389 864
906 1000
521 545
420 525
518 867
888 942
806 819
566 755
781 784
735 816
470 811
630 943
813 999
520 757
783 855
180 602
252 705
444 582
894 981
184 927
936 958
933 934
357 436
534 622
194 940
12 766
95 591
719 976
740 839
806 857
297 545
381 816
764 986
911 991
588 864
894 944
976 980
544 672
207 548
266 430
27 673
547 564
417 506
480 580
654 885
388 410
225 454
894 995
320 640
645 752
26 801
510 743
86 956
362 641
163 380
574 923
464 732
714 857
330 774
491 741
643 885
229 338
870 929
82 935
711 760
47 652
166 966
977 989
947 952
883 955
320 639
294 903
12 794
612 930
265 677
504 671
867 885
229 443
113 135
798 854
478 898
156 952
656 676
821 954
387 934
939 954
720 968
303 625
430 684
91 881
302 901
838 851
836 854
832 942
709 755
318 601
677 678
754 789
423 628
276 412
453 657
52 672
644 936
914 940
134 463
794 941
573 840
232 995
720 815
388 654
676 980
359 780
765 950
208 660
771 854
699 738
748 879
39 788
38 781
778 860
117 922
634 685
839 942
466 985
438 786
468 866
347 931
430 549
309 597
442 843
794 892
508 969
312 597
4 785
904 938
74 406
397 677
832 877
77 334
342 515
851 853
638 849
462 528
389 406
182 192
34 829
395 935
22 970
615 720
586 817
336 894
685 974
981 988
23 435
328 599
345 732
302 965
479 581
889 956
174 719
23 240
908 944
252 635
693 880
689 924
373 520
580 875
311 773
992 992
881 911
498 579
814 904
306 791
861 879
605 643
191 692
89 215
791 812
326 590
590 622
442 818
798 853
489 743
728 735
751 871
301 604
867 938
402 689
99 492
516 522
760 825
632 945
266 488
686 990
308 413
416 511
453 732
51 256
336 477
394 484
479 755
394 929
765 785
58 317
466 709
791 948
75 440
236 271
206 605
658 893
313 494
98 423
416 562
426 908
95 271
427 660
735 839
74 611
726 896
198 794
435 995
713 860
221 695
777 850
187 382
5 106
376 533
727 958
271 937
877 925
177 640
152 566
13 17
308 368
250 404
55 95
468 795
500 702
639 826
944 965
315 588
359 623
274 414
1000 1000
652 729
440 844
517 924
41 696
22 42
804 987
597 642
204 597
260 955
920 961
688 871
861 923
465 542
927 994
414 645
213 733
477 908
717 803
89 312
539 610
863 971
273 749
541 723
690 908
782 973
337 851
388 885
365 384
730 950
964 978
746 856
240 735
676 956
169 975
293 787
778 824
633 713
428 616
425 808
803 916
89 105
701 892
67 391
598 788
693 945
238 859
128 762
623 661
467 819
211 552
405 691
918 921
468 552
132 763
310 927
69 882
438 624
676 692
871 962
953 969
328 858
850 870
692 921
204 933
95 402
204 238
98 899
23 601
875 895
876 924
470 477
562 700
110 987
515 997
194 561
38 960
777 801
430 850
227 327
95 262
897 967
782 889
432 692
717 990
355 433
408 453
753 976
357 960
796 819
68 534
97 562
834 980
117 376
252 761
405 823
594 645
944 954
761 772
423 752
920 969
118 877
521 776
444 755
198 431
395 613
649 872
474 507
936 973
478 983
425 955
950 955
516 520
401 938
925 974
486 543
689 749
732 827
319 325
549 713
973 980
733 822
525 674
181 887
727 987
958 985
347 643
453 857
707 926
595 854
276 637
999 999
15 115
627 844
757 983
138 561
348 725
760 914
5 956
304 382
873 969
796 799
529 889
23 82
62 931
364 676
794 932
834 896
187 279
950 962
257 681
365 441
195 480
395 849
846 927
831 973
771 908
490 991
367 536
331 891
636 923
580 892
664 852
541 897
326 354
865 886
961 993
434 459
221 680
490 508
440 970
324 594
404 691
190 332
393 453
901 982
141 511
453 730
150 608
234 600
535 675
48 633
995 996
696 891
98 561
45 238
295 834
433 643
866 941
412 823
537 716
987 993
692 840
420 726
195 451
344 348
952 977
547 729
412 467
387 792
663 964
917 997
632 901
548 938
556 862
376 481
656 791
722 858
746 934
732 771
780 978
470 824
91 709
999 1000
428 544
61 484
421 786
252 574
804 999
366 551
363 761
991 995
477 758
593 597
914 965
487 756
751 935
869 981
710 816
47 304
818 893
656 810
450 476
220 637
406 895
429 470
301 889
793 950
990 993
577 872
672 722
808 843
546 784
630 861
601 677
922 977
783 851
714 804
231 741
413 719
3 811
139 975
470 997
914 945
43 58
942 985
186 599
112 264
708 970
591 925
840 951
523 925
997 998
604 937
90 171
260 465
647 841
814 891
417 421
732 931
663 761
587 683
572 632
244 914
268 628
513 927
549 871
203 466
551 629
425 966
58 993
868 974
649 715
975 997
155 970
299 440
65 858
847 849
66 475
115 919
334 829
347 506
249 584
619 809
803 906
713 987
279 925
288 347
926 974
920 957
74 684
702 931
117 947
303 780
679 938
447 679
182 375
387 753
759 974
235 946
975 999
73 909
780 929
128 813
555 910
452 617
599 769
114 806
463 511
56 588
195 394
911 951
716 768
837 946
240 423
417 498
303 547
987 1000
235 684
149 818
684 794
352 626
764 926
759 994
428 651
656 725
930 953
111 115
804 879
103 358
576 773
734 796
30 625
250 393
53 233
322 476
662 861
716 923
597 618
908 984
242 988
378 378
157 670
986 1000
124 346
105 631
716 848
932 991
506 577
499 995
501 586
71 770
813 886
975 990
262 335
327 575
165 200
652 739
90 523
934 992
624 910
804 896
594 762
190 695
139 887
707 708
384 785
400 878
647 832
560 564
598 690
817 903
490 680
592 756
909 946
114 454
979 994
217 305
824 834
28 734
439 481
439 881
698 964
460 505
637 692
465 510
328 356
419 534
915 926
940 970
548 592
893 918
81 100
132 980
105 975
584 873
826 989
138 411
160 524
710 845
467 628
272 754
227 980
932 1000
929 977
7 386
898 899
102 1000
751 884
763 868
542 772
946 988
570 796
332 336
878 972
991 998
716 768
211 353
291 903
826 917
124 399
788 944
443 687
321 911
527 825
703 754
58 536
731 911
525 552
484 800
231 427
795 911
458 786
125 924
560 758
96 428
661 955
258 544
220 899
71 985
381 389
36 264
98 895
958 984
539 881
197 538
523 611
731 745
754 987
699 806
754 994
492 587
56 74
712 960
881 889
699 717
201 292
897 948
165 375
944 956
843 968
89 177
28 477
490 764
616 667
691 851
271 671
19 565
363 842
749 927
604 685
254 753
54 957
584 587
54 635
270 336
8 302
933 971
902 954
49 533
706 707
82 565
496 778
831 988
698 999
10 834
842 869
473 515
221 671
505 931
356 462
291 667
286 326
525 915
132 180
743 877
20 836
577 657
897 955
554 831
309 309
705 727
111 563
629 995
144 438
872 882
269 626
851 993
153 690
405 495
762 896
616 657
543 831
431 649
791 849
722 988
765 899
804 1000
929 947
664 826
572 840
381 883
42 541
335 691
844 958
216 248
269 474
162 822
262 830
324 432
649 730
712 940
731 980
975 977
418 930
936 974
27 200
789 892
407 412
105 580
790 827
621 771
502 656
388 443
573 770
663 993
700 996
454 502
538 627
444 708
565 882
234 254
265 309
652 873
822 868
865 914
85 118
224 266
456 494
871 941
280 960
242 901
431 629
154 754
798 974
626 880
334 418
592 904
686 922
687 696
320 320
178 849
298 493
277 736
66 551
918 929
564 952
673 987
200 745
969 977
168 382
568 837
866 976
810 913
490 663
268 730
21 925
983 985
673 815
846 906
398 769
413 523
449 950
710 924
371 493
858 930
698 804
280 873
969 983
775 814
951 952
303 571
694 832
481 671
682 783
27 403
55 958
292 472
64 436
260 755
692 734
737 944
454 879
480 844
158 846
989 996
711 724
449 746
890 978
268 634
764 958
164 191
786 925
65 402
774 860
451 969
53 427
103 535
134 491
711 928
157 672
113 445
889 950
784 865
364 723
522 676
860 875
85 661
62 795
721 748
1 933
954 980
813 909
797 881
217 391
576 587
318 616
157 195
305 326
235 466
781 898
524 901
9 762
44 458
665 984
186 498
619 715
949 958
964 967
257 662
419 423
315 554
359 792
494 925
807 949
582 804
50 935
445 647
83 327
877 884
463 670
320 986
121 995
815 955
517 679
617 696
112 595
636 722
544 850
963
482
532
80
2
847
853
611
612
422
927
737
763
966
569
703
911
782
881
261
662
640
215
671
780
463
589
212
738
847
236
864
450
544
835
113
324
608
559
744
592
763
713
125
278
2
788
228
628
657
128
993
55
568
132
979
503
427
301
761
919
397
897
983
686
403
955
675
983
374
417
528
14
437
631
510
444
865
509
260
743
354
924
504
194
666
840
958
333
191
505
752
995
94
585
12
534
355
919
938
927
854
346
851
849
674
182
748
352
638
263
687
645
198
983
795
211
306
287
478
952
877
19
56
464
153
321
591
207
760
607
