950 964
989 995
448 567
567 689
339 886
86 430
455 818
819 835
38 250
586 837
249 353
290 415
62 853
463 982
702 765
311 426
656 711
505 865
599 719
868 966
399 933
323 398
149 661
809 987
641 769
993 998
166 306
523 969
521 541
570 928
914 924
350 809
770 854
439 874
884 929
385 1000
393 734
887 924
972 996
684 761
554 708
499 953
170 302
308 374
360 621
255 450
507 776
749 956
13 489
814 879
933 959
586 757
33 435
977 983
407 683
370 477
861 867
421 446
509 846
648 972
738 810
648 651
243 538
11 105
4 518
196 243
23 777
817 942
379 683
611 972
835 876
728 999
545 639
398 762
669 750
895 945
936 980
981 998
627 740
674 708
379 900
113 272
918 994
715 740
6 641
767 808
899 937
219 667
231 630
744 771
281 467
132 370
749 997
714 989
763 810
838 955
36 870
732 852
267 681
1000 1000
936 968
769 894
663 805
370 893
205 479
509 745
187 395
776 834
968 997
128 622
630 884
928 928
971 997
155 706
987 999
290 754
911 918
404 534
319 441
107 803
842 871
317 687
928 950
991 991
365 861
182 279
265 949
335 664
318 467
749 1000
697 802
155 464
107 995
947 988
558 927
586 968
872 955
958 977
647 996
882 929
500 924
567 815
58 377
766 832
9 293
469 716
907 938
345 947
385 771
337 342
478 774
406 800
821 890
120 537
955 977
776 824
979 987
596 909
277 588
484 980
185 851
749 852
829 833
965 988
560 798
947 975
261 964
949 949
203 575
71 824
60 310
797 973
581 930
884 884
917 992
631 658
383 433
793 835
55 314
333 585
474 963
524 585
344 803
46 619
83 360
300 679
915 948
985 998
266 554
264 326
15 588
846 996
915 973
41 833
352 520
943 979
560 599
147 396
997 1000
701 978
728 815
756 758
534 717
121 187
244 867
505 835
947 953
773 866
252 650
732 862
480 896
495 754
430 614
27 587
284 773
646 701
908 945
611 996
236 378
294 783
676 760
838 973
532 955
137 251
87 663
582 649
539 870
313 931
290 312
269 324
998 1000
292 837
345 410
470 792
716 868
682 863
670 779
494 614
39 655
737 777
420 879
552 932
754 849
237 979
66 742
742 951
697 728
89 422
717 857
137 141
297 945
761 786
706 968
328 653
227 936
270 312
266 949
200 994
507 980
84 760
565 962
225 304
473 919
764 768
858 934
656 723
287 658
761 803
749 790
221 466
479 700
334 347
994 994
630 794
32 703
548 712
702 708
430 692
442 492
440 776
300 662
178 388
432 867
568 686
7 453
410 898
388 610
595 628
768 811
787 954
650 802
68 687
124 276
567 696
45 496
228 604
582 801
75 588
726 815
538 734
709 815
629 671
814 891
311 991
632 731
891 991
53 787
202 927
702 731
863 918
386 636
976 998
577 836
956 997
765 853
342 674
41 680
540 761
90 514
269 736
859 943
498 540
452 628
417 848
479 899
564 846
819 942
489 927
943 981
456 533
158 186
546 926
450 845
888 906
263 798
770 824
750 792
411 701
288 398
176 245
549 755
487 760
79 635
683 894
582 903
28 547
42 412
530 885
96 829
449 561
38 58
556 674
449 595
133 490
492 594
715 769
370 962
48 162
766 925
707 971
50 365
993 994
190 702
509 613
31 889
170 836
230 919
418 607
834 990
898 965
663 673
412 812
457 487
584 797
70 487
296 802
673 803
593 947
544 753
938 972
800 857
647 781
57 699
560 675
226 786
485 552
947 974
499 676
952 961
490 825
304 416
347 387
41 64
508 883
119 687
731 821
579 737
643 770
255 421
371 854
613 626
889 987
182 746
745 979
711 859
612 809
171 296
651 692
1000 1000
92 443
327 555
634 986
716 870
126 181
841 996
124 347
882 889
388 762
61 775
165 780
204 759
709 875
983 984
197 382
979 986
733 934
226 481
825 878
563 573
879 972
659 838
117 762
136 473
379 859
956 997
807 825
627 627
807 930
443 558
636 670
48 432
179 382
151 924
499 620
761 1000
203 245
164 287
499 840
563 645
754 841
449 740
498 984
59 200
60 619
647 930
804 827
607 989
593 879
602 972
910 936
891 968
523 948
673 870
982 985
351 562
537 723
109 385
988 989
707 953
757 987
589 892
760 875
17 643
970 991
923 935
366 849
993 998
821 933
95 950
249 316
784 814
632 802
60 516
550 802
727 811
555 704
130 720
207 856
114 439
685 721
933 991
905 959
360 750
611 915
91 990
930 961
109 534
39 916
456 895
38 758
133 949
153 494
424 745
80 173
304 532
652 809
782 952
411 760
744 801
327 562
69 832
637 850
258 498
203 640
544 890
491 979
313 430
450 738
978 999
439 834
397 533
278 830
418 515
289 668
634 669
416 513
256 767
941 973
330 341
616 865
291 639
280 755
97 890
969 993
850 861
627 890
418 551
394 549
238 419
269 566
864 974
477 935
948 987
381 768
736 840
661 757
626 722
395 582
490 569
445 588
979 981
963 982
511 543
419 419
418 479
329 407
490 694
317 402
573 836
215 628
292 486
851 992
343 442
219 685
699 921
705 980
158 266
434 517
867 951
953 966
63 602
971 999
663 721
376 606
421 962
34 558
786 828
740 802
176 572
502 928
599 861
957 976
502 917
17 459
20 367
957 963
587 671
25 986
245 641
841 905
760 853
742 746
769 898
497 713
280 930
447 657
92 364
596 597
672 691
66 997
138 235
63 205
671 782
781 822
501 646
775 988
712 861
788 841
150 271
49 109
199 603
904 985
663 923
358 885
763 804
390 964
972 995
442 594
239 352
994 998
674 701
975 975
387 993
792 945
790 977
88 355
191 899
313 955
184 733
295 416
609 938
941 957
474 534
8 708
510 816
848 862
573 874
73 525
368 730
849 974
608 959
78 816
395 850
377 814
909 933
933 966
182 368
700 885
627 638
248 733
782 903
964 992
940 949
782 807
843 880
309 937
280 492
21 108
12 341
366 851
119 195
364 532
763 779
323 796
384 442
613 665
945 968
543 948
232 539
957 982
559 979
567 567
479 755
655 855
92 430
318 849
43 662
79 755
231 409
9 695
748 980
201 817
485 706
568 861
82 993
630 647
401 697
187 779
647 687
208 602
922 954
12 525
875 895
675 790
121 739
706 942
35 238
863 907
453 660
948 966
714 849
573 675
636 689
630 840
14 674
494 936
485 534
122 329
784 933
724 967
984 987
269 363
932 946
931 999
500 965
230 592
902 985
970 996
800 968
902 958
153 424
167 523
533 690
861 880
152 258
498 577
711 892
501 941
41 843
790 886
517 613
800 893
705 773
430 597
644 954
830 840
711 995
144 653
527 584
737 826
862 875
558 915
310 779
506 623
783 950
686 844
894 969
116 282
804 859
454 755
653 963
591 960
656 687
910 922
502 511
282 625
743 964
16 219
236 375
780 831
42 81
232 551
234 237
660 910
596 659
339 965
443 646
614 759
527 564
390 702
420 670
253 516
18 170
627 1000
163 705
642 800
326 541
111 452
332 396
803 941
488 974
257 496
94 263
644 684
541 643
154 309
782 796
608 864
774 825
797 868
246 295
64 923
295 986
845 999
616 905
851 859
617 733
528 687
668 752
251 983
730 897
987 998
844 854
419 669
163 178
31 654
326 964
177 870
55 217
965 975
510 512
126 529
555 965
157 936
97 930
679 853
184 324
503 960
950 955
144 180
311 435
861 970
654 997
60 500
917 989
38 170
171 707
422 783
575 808
808 930
282 905
495 801
581 605
182 690
208 504
67 150
321 518
21 202
841 951
318 579
964 974
132 951
510 924
221 345
522 725
200 477
529 981
155 980
381 567
262 446
819 937
823 844
736 996
85 478
31 806
540 845
753 843
651 698
516 992
171 823
434 702
596 700
556 738
245 882
230 309
512 697
298 749
469 557
551 982
250 325
825 840
987 997
946 956
407 819
409 994
637 880
785 959
225 504
160 328
623 988
857 934
279 668
693 926
746 864
354 913
180 453
467 538
771 771
430 726
465 465
93 941
827 876
554 900
448 767
676 858
32 391
174 179
643 842
171 651
196 492
103 985
330 431
53 755
604 954
528 590
370 771
92 800
772 808
767 769
873 968
668 919
318 485
185 862
894 918
783 855
448 759
214 224
91 229
913 953
890 948
31 46
436 887
687 918
469 561
881 937
445 707
788 849
702 930
719 980
574 726
576 768
956 984
382 509
715 940
507 522
476 626
29 460
354 963
211 381
369 541
840 925
124 163
964 965
526 528
233 831
423 830
761 799
975 991
836 881
387 894
198 655
470
545
201
411
642
850
133
667
868
776
522
143
640
594
754
959
611
756
743
680
939
921
102
583
638
599
579
962
659
336
757
893
514
152
904
129
396
316
261
332
521
330
716
369
336
610
998
855
930
375
819
286
217
620
631
737
276
469
511
670
951
998
171
344
669
670
635
214
497
745
118
704
936
845
820
37
970
606
847
778
691
22
182
381
885
594
103
619
286
417
949
602
373
879
24
866
840
557
76
801
7
215
197
548
394
869
14
973
320
659
560
556
15
21
176
675
222
969
550
156
898
147
151
478
95
210
155
7
595
304
550
889
662
69
713
29
457
405
361
304
10
346
324
533
324
361
276
902
420
175
416
249
74
76
412
269
699
922
965
721
607
48
699
231
229
969
739
299
594
216
543
50
794
453
101
135
596
858
112
832
886
223
925
119
24
583
821
173
788
738
204
783
891
314
195
95
545
241
255
312
187
898
369
458
560
424
68
3
990
966
977
977
796
890
85
610
603
582
675
122
16
260
403
562
404
69
731
417
177
169
738
551
523
36
317
403
665
484
71
629
434
776
861
72
132
11
821
877
547
364
175
767
915
974
813
202
249
490
994
74
587
847
745
366
963
722
137
75
127
593
146
433
265
262
735
72
373
164
203
403
77
289
981
503
16
615
902
232
102
504
191
321
225
560
426
182
870
794
68
554
760
33
839
130
18
728
220
565
772
12
833
301
782
236
628
136
39
27
992
776
992
595
523
239
596
230
401
538
631
716
693
389
702
26
64
201
796
305
174
722
440
437
35
491
586
35
851
264
636
722
508
860
647
50
137
585
765
13
25
569
732
817
376
867
592
34
438
129
532
81
756
720
469
116
733
209
7
775
424
631
246
970
387
73
126
871
466
594
742
828
41
33
588
316
355
140
357
448
347
218
91
374
613
549
164
113
438
689
222
637
894
267
293
924
405
731
162
833
918
415
769
339
762
408
239
753
13
141
520
99
33
119
919
127
405
454
437
974
19
109
906
785
230
901
257
644
540
87
266
950
702
784
426
541
577
585
121
550
630
776
611
414
367
940
757
764
939
651
727
323
127
564
492
813
177
688
546
503
817
374
300
534
529
329
259
453
357
912
875
855
718
724
598
145
518
845
491
656
388
325
150
391
209
232
107
176
39
393
102
519
425
394
945
727
198
473
936
583
810
936
400
264
680
316
482
628
689
81
944
207
115
304
306
286
544
666
866
9
502
269
151
710
62
726
816
532
875
555
616
722
335
376
413
168
858
426
185
205
668
97
50
846
254
167
74
595
285
853
761
598
384
994
895
791
367
72
836
741
935
996
859
912
189
205
731
658
134
550
987
902
788
3
63
838
416
401
229
611
275
234
993
425
280
885
582
140
160
429
448
15
873
725
431
235
868
460
311
912
321
159
628
499
990
680
756
676
477
334
587
945
542
162
941
184
646
584
887
586
10
780
868
253
124
800
416
378
725
713
237
836
76
920
575
111
444
152
708
434
134
894
987
929
527
718
716
690
42
800
57
402
512
949
144
61
701
188
196
916
580
717
954
648
268
632
423
357
585
629
894
567
106
36
202
181
793
334
580
662
604
872
259
927
534
802
624
372
292
312
179
347
413
198
705
32
568
357
239
220
349
222
641
608
891
646
627
694
313
597
379
265
990
876
261
580
785
587
963
566
974
910
299
472
953
84
313
136
579
7
69
240
767
267
742
464
624
41
865
424
813
201
655
89
39
878
830
302
152
995
747
293
261
798
659
768
179
138
443
497
983
971
400
589
596
351
496
949
782
958
301
150
798
713
727
549
485
813
768
33
505
180
832
982
507
962
693
509
70
79
261
244
258
534
106
280
845
961
115
471
337
778
809
749
819
919
671
105
982
19
198
939
176
858
989
991
410
62
640
46
267
363
490
397
946
487
435
261
581
398
251
323
881
631
448
275
33
198
525
386
496
307
685
608
562
991
825
267
24
430
149
70
887
298
278
294
287
229
963
309
89
795
611
613
111
404
75
918
902
525
571
61
912
352
443
92
129
347
415
194
17
529
522
405
392
658
171
809
386
411
91
363
482
507
460
983
572
484
19
873
859
331
532
838
427
177
22
668
903
591
807
190
271
149
741
890
478
495
772
884
784
791
299
676
653
812
405
911
929
769
600
388
932
720
141
19
975
331
262
154
931
574
897
197
923
181
