123 688
514 743
646 771
340 500
294 385
779 912
286 721
145 484
150 644
345 802
670 966
882 951
958 967
636 702
78 360
695 728
34 540
924 964
952 995
387 949
109 906
927 982
212 718
123 588
410 565
282 659
366 879
374 484
77 531
997 997
535 911
361 569
262 372
145 448
898 934
303 314
42 264
443 897
94 441
943 978
665 678
552 674
526 595
511 729
873 888
474 676
909 910
996 999
392 509
351 600
481 642
443 631
801 827
468 543
166 923
902 925
613 626
20 876
131 313
215 431
601 681
496 856
880 974
880 991
706 864
717 899
143 991
320 952
871 914
217 546
570 880
182 689
856 991
53 132
422 789
200 836
983 993
22 278
620 904
781 883
594 847
370 559
187 899
212 787
121 614
672 809
238 717
270 972
75 516
87 643
850 902
439 538
987 990
56 347
291 404
347 676
222 671
583 678
683 772
153 558
603 730
585 664
485 731
678 805
55 62
947 973
524 967
436 907
117 844
987 989
30 191
653 717
678 929
101 639
155 404
161 672
26 684
662 773
579 960
640 751
717 996
439 449
713 947
566 824
881
452
564
803
984
959
678
515
729
431
564
73
764
500
522
714
797
62
668
850
819
135
782
126
37
367
821
470
236
123
658
910
355
225
417
126
387
344
716
849
847
669
115
536
335
860
830
20
223
977
585
626
341
179
922
654
26
530
634
445
729
500
107
141
253
263
287
121
436
854
928
936
28
129
416
117
447
595
845
970
843
316
929
396
704
134
973
46
852
299
553
759
241
494
598
675
734
957
446
147
206
663
978
686
378
414
131
8
287
42
148
488
75
933
79
79
857
391
888
980
581
798
474
608
444
103
566
610
227
814
988
280
407
754
410
96
884
261
636
917
394
629
641
47
309
990
460
169
603
277
186
996
704
630
792
738
383
765
982
748
17
897
492
108
968
853
719
227
196
944
859
297
972
576
550
437
580
202
586
355
614
275
46
511
372
175
703
711
169
85
223
107
318
871
767
448
954
575
239
823
501
150
358
999
767
864
880
405
783
872
888
540
823
724
856
654
598
421
986
158
159
328
207
835
654
70
213
977
149
800
911
338
67
340
983
648
175
641
160
862
848
68
445
635
839
70
553
571
586
736
544
916
228
566
421
409
482
112
678
680
317
913
337
651
266
390
673
344
233
180
956
126
38
789
163
666
49
833
194
22
596
991
663
672
685
900
588
97
215
702
871
82
994
323
596
760
300
398
727
918
303
943
280
949
421
273
584
134
419
353
713
776
775
408
243
408
35
840
736
580
289
52
892
87
356
579
749
799
580
130
339
321
918
569
906
274
353
330
68
814
824
379
470
556
39
261
325
306
567
198
650
292
304
465
549
701
629
260
415
656
263
575
426
159
364
965
268
208
574
905
462
767
467
643
537
78
606
655
294
801
428
57
918
327
163
84
955
995
591
28
313
144
651
598
430
937
497
940
916
392
564
567
291
232
565
211
477
832
70
231
740
669
186
664
673
178
55
126
800
731
235
230
447
912
384
667
517
75
758
921
55
751
918
265
768
452
943
653
419
472
322
181
674
966
54
485
586
909
408
574
955
497
455
912
714
171
928
36
356
781
760
372
856
23
512
710
101
684
265
495
809
256
472
5
913
686
576
147
241
906
720
74
957
816
742
281
827
15
232
988
247
894
525
30
650
412
496
239
653
657
96
644
991
309
323
391
684
244
665
551
982
566
810
2
400
397
783
353
315
587
596
779
835
971
911
643
648
173
884
830
275
3
679
266
39
850
278
349
719
139
445
91
62
406
324
587
558
423
749
840
973
595
776
76
591
243
31
830
92
296
664
951
194
755
195
257
182
729
816
388
748
883
130
796
328
198
966
8
922
612
956
615
799
701
723
496
946
606
829
520
117
476
662
844
379
431
319
594
470
820
295
598
209
592
537
140
663
402
251
328
804
962
498
50
827
664
262
650
853
509
35
523
95
571
770
382
588
784
179
163
303
222
768
663
753
765
309
56
36
673
938
746
629
207
296
901
435
829
370
384
81
793
238
196
159
916
140
56
243
983
28
644
365
256
98
958
877
355
238
990
792
632
288
38
724
955
728
20
435
613
287
906
16
2
672
71
861
256
