495 591
779 977
817 901
983 987
695 738
276 563
683 772
179 297
723 814
301 641
302 503
657 878
264 664
429 820
578 943
321 377
114 610
686 792
74 513
749 951
869 940
583 977
722 821
449 762
103 270
316 633
99 278
902 948
416 540
349 703
442 847
20 115
715 968
441 672
486 826
213 903
820 975
996 997
978 994
113 753
436 913
562 710
57 980
75 241
71 305
70 113
683 907
778 927
28 223
974 976
506 680
387 602
252 554
416 807
646 886
208 984
992 1000
566 704
666 958
347 750
530 771
157 252
504 593
746 941
623 950
96 457
479 733
809 979
814 949
769 780
848 982
82 692
62 118
709 886
888 960
760 817
169 540
222 546
19 749
467 759
261 390
118 282
789 952
981 998
939 970
362 798
241 486
1 649
27 520
554 858
727 775
733 736
296 588
41 560
964 975
539 937
397 741
204 319
432 989
182 920
250 631
723 958
804 926
378 819
375 825
969 987
232 956
653 718
388 915
452 822
666 737
771 793
869 908
545 576
233 879
121 209
910 969
985 990
994 1000
216 546
349 484
837 897
263 347
958 990
531 973
13 975
449 924
627 661
219 526
594 781
650 691
994 999
488 769
448 564
501 814
672 778
236 417
457 523
597 703
412 674
394 518
154 895
946 972
168 544
393 646
455 804
917 991
742 861
318 781
687 875
203 702
507 722
482 611
588 641
314 848
32 158
664 762
249 905
726 923
448 449
701 885
917 937
425 772
518 858
721 789
248 295
329 987
604 619
298 831
234 237
227 274
732 769
42 133
960 981
868 962
414 737
406 777
728 829
65 543
425 913
197 658
821 849
383 948
195 316
166 350
427 431
577 964
489 828
131 318
476 690
484 555
76 232
453 888
560 857
752 991
200 249
304 482
904 916
610 610
842 975
154 902
519 552
624 937
375 865
262 452
165 549
329 604
247 552
664 793
345 648
50 970
763 885
706 930
788 968
535 956
864 912
119 247
295 937
667 982
282 848
101 298
627 845
460 565
115 284
139 346
514 675
247 537
228 964
607 631
592 729
673 892
704 786
675 764
980 998
993 997
592 616
705 715
272 1000
776 830
896 919
72 422
657 665
31 164
808 985
905 946
206 559
215 266
455 622
713 958
226 567
191 399
882 997
84 177
449 788
509 521
261 608
619 743
383 459
950 955
225 231
532 682
426 947
523 574
541 684
243 853
272 443
460 930
21 683
492 676
255 754
640 805
92 842
150 563
861 908
918 936
969 972
831 868
669 758
997 999
742 925
844 869
280 357
599 923
962 970
892 924
858 889
58 344
658 822
463 692
154 464
871 912
360 956
922 987
93 779
15 162
717 944
835 974
304 739
877 977
29 914
87 800
629 696
233 773
417 427
809 941
616 766
273 389
352 543
271 380
801 862
724 934
757 952
67 562
267 326
520 638
693 750
774 880
89 285
616 977
853 986
92 695
978 980
908 922
746 973
219 795
934 996
603 824
524 740
683 836
147 409
727 783
292 646
964 1000
55 945
88 415
327 987
398 744
686 970
21 714
947 979
74 681
743 921
710 948
305 347
375 383
153 219
19 328
421 581
312 362
284 983
285 426
246 480
516 566
13 119
325 610
429 639
139 330
61 404
664 785
540 838
606 639
768 816
197 867
839 932
490 598
600 758
71 964
211 949
988 991
269 885
425 898
779 912
137 847
815 898
715 1000
329 364
987 990
186 419
130 394
113 224
846 854
313 522
416 729
937 995
751 905
742 835
712 882
674 897
564 661
294 654
338 426
350 567
58 888
467 472
984 989
490 606
325 632
929 946
911 963
100 708
279 403
223 265
264 965
58 192
2 493
8 250
443 485
516 894
612 737
636 977
706 854
287 786
695 794
675 759
128 728
900 905
461 835
313 667
822 955
56 669
239 976
59 143
967 967
301 753
716 940
151 669
619 835
434 583
868 972
407 652
769 776
152 610
425 514
507 808
407 529
390 487
243 368
656 830
50 753
806 905
881 993
749 889
51 838
872 948
743 971
826 901
312 668
726 878
313 418
467 538
628 816
602 831
322 688
785 843
930 974
689 827
14 997
98 798
744 884
712 790
286 627
733 757
86 678
471 686
269 381
239 422
761 887
262 722
411 792
724 942
840 966
508 747
227 340
945 990
788 913
400 745
828 908
276 326
324 883
974 977
842 894
667 982
241 878
610 678
211 376
190 466
668 907
360 375
471 557
276 943
704 732
370 456
65 911
607 749
763 919
209 860
196
944
294
580
77
270
355
328
215
504
423
879
719
493
341
602
279
948
800
56
49
226
204
475
402
693
4
325
18
799
238
342
797
771
888
449
913
986
741
967
682
233
83
303
232
777
844
636
110
120
277
827
261
961
886
33
472
133
973
701
938
131
889
334
773
162
33
268
290
189
622
309
558
526
335
670
540
675
83
340
584
761
813
41
301
188
389
766
785
995
914
372
460
79
482
364
352
542
350
792
329
928
213
48
167
137
96
7
203
627
274
692
847
726
723
134
758
584
206
821
979
415
644
394
110
730
497
598
986
322
47
709
446
16
387
623
757
896
324
494
20
351
954
110
706
441
332
704
424
800
695
994
215
471
179
581
130
286
427
707
10
897
937
824
798
167
152
810
528
42
603
718
473
958
829
261
121
100
451
278
902
154
832
114
170
682
496
291
47
460
860
764
739
43
965
209
55
368
575
567
787
656
839
907
641
862
879
69
203
182
62
199
280
499
499
611
487
895
106
394
94
327
175
752
933
112
482
780
910
739
498
367
193
711
877
231
972
126
164
401
574
454
136
825
37
240
242
636
364
76
849
900
555
126
729
558
51
609
747
200
181
287
356
452
896
154
262
697
88
663
971
834
827
418
712
368
812
540
529
539
597
316
494
472
64
610
741
114
835
575
647
518
523
104
272
390
694
288
884
130
340
326
865
461
104
891
507
677
903
918
714
707
208
44
426
43
246
13
57
656
522
649
108
269
628
69
726
420
524
63
981
827
402
239
348
133
783
177
645
6
625
799
362
449
4
330
590
977
845
868
372
793
8
509
894
515
56
183
557
243
548
438
587
340
483
5
94
114
423
424
296
604
901
413
631
748
345
572
907
790
901
764
676
172
304
951
77
642
305
300
365
887
137
537
888
598
847
985
360
514
969
920
728
492
574
365
177
875
784
953
599
803
222
816
99
769
693
64
486
360
215
150
305
837
217
814
426
172
283
954
382
23
659
348
161
783
761
834
362
598
491
813
814
561
55
487
920
815
577
955
623
478
365
170
750
626
861
897
390
649
797
540
920
850
32
809
450
54
42
910
419
493
159
350
742
904
717
934
474
824
750
347
406
524
483
210
3
140
511
67
814
149
475
886
825
981
206
850
3
769
290
976
680
709
839
283
235
202
390
539
983
954
845
402
157
983
408
992
428
71
19
185
643
745
742
238
727
569
605
689
919
104
774
341
133
36
162
611
611
774
280
572
834
286
708
786
27
981
372
17
316
556
273
855
825
795
610
985
133
533
838
978
524
514
653
889
350
408
737
593
986
16
988
275
156
689
375
123
555
659
376
789
669
491
348
104
495
903
381
152
280
