345 9954
739 951
698 768
770 846
983 992
167 366
868 970
200 936
990 1000
516 528
439 946
87 880
434 458
601 877
667 923
487 507
798 963
573 882
527 837
491 524
709 730
502 977
10 940
85 92
582 619
705 889
97 201
44 72
928 990
180 906
484 953
927 932
956 976
825 946
616 836
679 979
592 892
459 784
140 489
713 907
136 266
15 662
551 868
363 680
172 711
365 447
40 882
425 982
928 959
840 888
911 989
900 900
868 889
670 671
311 799
116 903
439 671
612 829
768 949
498 941
801 813
851 958
522 999
57 586
168 534
721 749
496 930
554 906
687 959
919 984
255 917
380 972
897 954
629 633
929 942
400 498
178 775
508 725
891 949
852 932
909 924
159 203
812 838
381 410
70 814
809 888
353 818
89 585
260 435
402 860
586 914
755 818
474 839
875 961
374 977
319 652
56 694
737 793
692 879
82 349
190 465
568 794
875 956
588 922
605 972
652 700
145 809
780 879
621 882
817 910
595 979
563 930
109 920
267 969
351 416
828 910
329 394
510 827
390 975
259 578
710 954
679 818
487 787
535 997
92 670
905 962
265 895
30 56
220 971
320 571
60 555
498 882
200 975
249 544
780 987
196 332
69 988
166 263
525 948
54 413
826 826
141 337
755 775
571 743
410 451
617 695
437 603
631 656
313 338
393 645
669 709
148 398
707 843
492 839
484 949
690 820
852 861
525 625
137 779
256 712
69 189
46 494
477 592
249 560
896 996
633 992
298 657
857 944
735 803
186 490
976 990
100 804
84 125
112 728
229 436
888 973
443 920
194 628
41 885
746 940
936 1000
893 999
414 691
501 632
821 967
918 973
859 998
48 612
317 836
837 856
203 582
445 501
277 524
200 338
759 943
759 926
519 788
419 931
10 567
422 423
378 875
365 544
234 289
208 384
959 962
222 322
851 852
878 1000
444 671
902 941
965 970
219 289
581 869
254 287
765 890
692 997
101 140
67 927
402 473
601 720
121 157
398 792
5 327
728 730
149 965
637 903
826 859
590 671
824 888
175 304
63 432
644 724
691 864
982 982
14 981
495 640
178 185
820 918
219 449
586 596
214 712
712 942
753 814
159 277
425 511
714 758
944 967
473 804
240 838
734 763
737 869
591 807
199 537
610 810
976 993
944 971
446 861
655 907
608 981
303 623
153 832
114 842
836 914
500 710
791 861
872 954
843 899
352 933
54 341
52 895
572 718
743 975
680 961
836 989
954 971
326 693
940 995
311 902
736 815
332 832
127 139
44 866
35 745
640 758
970 986
672 897
886 987
636 855
426 818
934 982
870 902
559 716
583 596
34 836
936 969
656 772
853 942
698 980
434 967
705 900
106 789
945 976
621 899
530 725
231 584
879 954
207 576
539 932
869 995
612 915
383 556
328 361
856 897
369 929
755 809
958 996
594 778
711 867
523 771
73 420
574 930
519 524
728 757
996 999
161 976
226 248
953 964
302 498
29 369
965 968
827 869
625 748
258 388
799 821
761 993
856 873
207 808
350 626
947 958
66 558
63 393
709 886
317 982
972 993
357 474
509 943
752
378
245
29
67
879
244
40
179
627
404
166
563
78
642
426
110
104
905
763
619
309
598
328
177
644
711
619
188
908
839
739
127
175
142
448
134
569
394
294
656
705
547
445
748
976
111
810
376
382
951
805
57
779
933
348
215
966
593
229
818
576
125
525
374
182
936
834
659
227
984
934
409
476
687
93
104
988
771
725
661
438
702
898
870
416
993
188
29
961
461
590
619
55
914
516
469
969
559
523
818
788
223
648
860
535
782
391
950
195
427
665
621
88
863
230
494
579
7
118
743
433
904
717
177
231
416
838
537
744
667
768
76
408
830
531
205
842
463
84
229
190
208
612
136
113
935
110
277
999
356
349
266
887
93
348
514
874
609
197
8
299
248
414
18
900
485
47
862
767
579
895
121
471
591
198
464
350
235
45
262
648
341
834
852
198
85
983
672
335
234
270
271
849
146
970
315
659
472
229
433
372
413
509
782
25
748
122
966
635
467
404
438
964
40
371
636
62
163
949
319
937
951
973
484
201
705
105
259
569
678
368
459
413
561
258
286
654
240
628
254
810
222
262
282
428
887
347
475
655
785
429
61
97
472
75
366
626
577
150
444
56
431
921
406
750
973
860
928
87
646
17
247
709
32
528
706
856
948
921
316
438
942
213
74
454
356
320
812
552
44
75
168
748
511
643
93
115
159
35
508
990
121
207
329
595
976
226
386
975
116
202
350
755
707
112
831
341
733
336
766
580
851
93
569
528
268
39
241
508
991
202
173
550
735
541
349
255
92
597
46
676
697
942
209
120
564
332
387
682
394
298
127
927
118
865
258
810
935
670
923
882
401
638
571
859
187
740
682
202
659
121
267
89
994
712
496
476
646
135
363
496
801
776
738
788
155
438
174
6
8
293
755
623
531
724
549
867
41
667
447
250
439
171
850
579
947
299
623
724
328
659
901
391
94
187
360
850
298
181
468
334
209
635
736
524
385
924
796
167
441
990
376
749
254
716
383
744
61
189
45
12
648
150
706
348
510
162
36
924
73
440
568
971
648
85
515
12
563
441
417
241
622
8
315
519
166
814
641
298
974
330
457
340
618
975
380
446
131
680
803
980
769
943
694
739
579
606
787
267
370
373
239
286
191
578
356
298
378
675
507
304
222
401
417
307
982
780
798
348
44
181
173
310
181
508
671
119
541
489
251
780
376
172
382
282
506
347
889
259
210
872
521
992
376
313
189
308
444
414
586
783
56
337
433
954
793
50
658
520
139
71
656
231
652
328
320
645
875
310
536
729
956
229
80
148
82
275
758
505
871
799
190
439
479
982
308
110
5
551
973
174
70
971
984
271
74
574
358
264
675
863
912
220
711
962
64
614
976
696
959
41
104
102
435
111
422
295
203
130
795
559
891
520
764
358
707
520
633
94
406
336
750
60
871
750
799
978
326
667
235
345
723
880
284
188
664
182
85
134
209
21
354
734
41
349
927
729
990
598
343
530
241
599
49
907
69
122
341
868
321
804
453
938
54
165
44
582
553
257
772
791
542
962
605
387
247
234
373
965
547
545
187
153
650
363
686
624
496
347
678
418
890
859
304
785
925
408
539
249
518
270
876
112
162
999
196
84
498
684
23
432
319
728
714
390
53
668
409
368
481
665
484
397
926
389
515
975
957
549
787
131
980
87
173
919
831
260
799
170
478
312
981
533
456
398
949
596
915
480
43
509
264
801
456
416
413
485
465
503
980
29
378
978
278
117
676
281
787
702
5
359
787
186
900
731
319
231
201
628
101
655
838
858
20
876
423
934
213
256
99
109
660
727
902
858
521
483
148
53
297
483
843
119
587
538
198
698
319
93
315
591
604
561
259
831
552
529
187
36
642
208
258
524
745
832
158
830
492
382
773
182
960
534
708
2
264
255
792
72
29
696
669
453
434
60
995
355
365
61
783
853
671
861
878
849
809
9
978
697
493
295
593
553
110
56
952
416
144
67
787
330
558
522
845
540
374
942
84
102
908
309
303
859
684
203
450
566
177
368
302
112
525
826
497
106
755
765
16
251
965
690
499
422
320
871
569
515
914
447
310
359
839
895
54
731
663
500
855
429
16
882
873
72
211
41
791
958
619
12
219
200
715
131
470
176
787
325
973
111
947
745
528
742
503
175
992
162
490
585
738
439
763
609
272
754
135
457
615
806
747
407
288
365
803
41
502
440
819
12
702
672
778
607
586
349
910
577
470
441
829
417
116
981
203
995
578
859
604
562
949
427
209
503
283
270
830
945
506
503
769
394
286
939
279
802
966
17
423
66
549
833
217
488
763
872
720
121
653
209
285
683
256
869
565
891
153
762
129
297
52
331
745
170
432
558
599
386
875
168
420
649
526
661
323
591
791
363
493
745
339
377
955
299
191
391
248
317
483
24
125
857
128
453
435
652
109
739
807
138
115
242
855
595
880
462
663
791
834
792
292
410
927
845
75
126
908
379
351
671
622
378
911
882
902
606
867
120
11
280
456
511
489
662
74
578
723
755
527
197
828
499
939
168
108
222
822
879
399
565
793
468
814
14
55
273
465
812
263
540
913
349
74
95
372
553
872
867
710
361
100
847
790
136
506
111
302
348
847
939
371
219
787
232
44
787
759
17
882
733
268
845
425
168
199
36
311
402
910
216
780
48
509
994
539
739
40
559
146
272
309
998
254
965
675
872
778
496
67
156
395
274
199
229
102
682
864
767
867
86
506
196
551
452
239
137
754
444
529
15
902
120
928
138
666
748
801
298
292
737
367
415
960
2
97
536
755
232
739
76
427
89
38
512
311
268
214
64
562
647
525
964
259
791
510
216
192
531
188
977
750
172
383
540
597
391
781
578
528
461
25
857
608
645
515
499
656
338
436
856
584
513
929
971
410
658
376
79
696
70
719
515
845
176
648
425
889
733
804
716
733
32
123
421
694
211
560
377
939
786
123
843
509
234
79
253
856
671
746
990
440
841
158
689
742
230
79
758
472
263
321
218
816
743
17
588
686
321
950
80
493
274
238
710
32
477
303
567
247
260
741
741
292
284
763
592
63
564
85
405
963
978
299
576
404
347
788
185
56
488
767
696
700
418
717
880
747
113
6
215
492
199
196
517
213
649
992
476
328
623
718
892
742
657
857
366
260
998
431
630
986
428
287
593
852
196
756
903
266
702
525
555
654
221
713
984
192
690
641
202
445
198
639
245
833
265
954
342
731
914
456
523
923
965
794
997
342
732
893
261
357
855
797
177
942
562
287
785
832
782
743
708
952
212
710
833
455
335
343
379
336
517
23
957
27
326
970
578
313
886
122
815
609
233
176
314
690
438
649
365
176
108
324
237
18
1000
668
743
597
104
80
860
230
980
437
463
83
225
443
855
884
690
899
481
354
281
120
241
32
117
190
923
719
591
530
91
491
499
607
281
439
883
909
119
39
330
124
277
907
34
368
942
237
299
238
394
977
329
911
152
948
28
420
791
207
880
695
323
886
994
7
365
420
846
180
942
113
936
195
223
253
579
113
303
685
359
391
146
828
953
130
989
244
967
775
254
350
570
499
162
701
581
551
80
205
980
51
218
303
399
988
122
46
387
764
325
859
131
800
47
240
383
251
832
360
425
399
766
897
862
40
996
310
622
302
833
515
274
713
669
22
121
242
57
56
898
85
836
812
304
9
547
573
474
459
54
102
613
558
36
96
238
812
351
285
91
841
921
526
134
155
159
671
9
305
765
329
623
460
361
857
674
618
187
832
788
124
651
575
168
916
370
449
348
503
322
666
137
156
643
369
939
719
540
50
819
412
413
164
986
585
603
64
114
724
748
506
484
884
128
441
937
482
130
995
501
708
115
270
895
400
150
17
453
782
514
118
373
433
261
648
221
23
112
179
458
901
252
335
753
78
987
653
496
703
136
312
307
467
435
105
749
328
812
435
676
282
360
857
714
720
947
213
444
145
559
947
575
706
966
176
886
712
900
630
135
635
843
227
915
828
639
74
219
412
873
231
361
706
699
937
706
113
917
136
527
856
787
578
748
457
35
754
81
586
325
14
19
339
839
196
956
363
856
684
609
392
882
768
714
91
186
752
391
925
917
953
767
509
231
716
222
786
309
596
713
463
204
629
534
748
940
100
962
82
29
157
229
241
335
362
980
542
469
86
737
399
353
749
912
59
665
891
616
19
475
730
126
308
606
56
108
268
614
23
845
372
74
295
738
794
884
838
968
251
416
962
905
261
603
66
872
494
175
441
792
925
564
136
171
432
62
376
974
172
447
90
317
287
424
144
167
916
898
403
945
583
466
478
525
462
796
1000
248
535
530
500
591
801
894
359
811
293
956
250
609
132
140
890
464
25
822
227
676
714
447
488
3
722
605
141
907
131
9
44
48
66
412
635
284
725
784
40
164
9
160
248
16
984
213
484
864
589
971
941
326
597
512
542
170
689
256
544
154
533
348
801
1000
953
454
424
780
781
519
247
836
889
951
517
901
227
554
298
242
476
847
130
397
970
788
152
596
895
355
306
643
929
493
658
505
799
385
536
798
446
761
979
791
746
544
133
980
681
466
93
227
165
320
307
262
698
375
911
57
592
210
793
950
565
630
371
222
958
941
952
646
962
292
996
49
318
805
892
395
5
27
409
683
882
404
375
555
821
261
219
205
841
967
893
957
371
69
43
385
188
157
829
153
788
100
756
340
706
236
566
816
544
662
411
711
682
446
432
756
426
694
285
12
289
758
185
311
88
802
551
738
395
956
764
366
336
577
441
543
757
466
492
585
984
835
925
626
55
283
275
910
647
54
53
68
300
527
516
18
31
972
674
982
683
384
841
583
918
146
217
618
559
698
833
961
692
371
929
697
72
985
805
403
503
184
739
710
327
413
453
678
140
633
925
705
983
214
99
224
221
247
615
176
34
653
252
885
804
309
930
314
548
588
859
346
286
817
836
340
534
59
453
664
819
296
240
676
185
912
450
669
496
908
459
513
365
21
97
196
213
431
772
500
263
204
985
116
46
180
119
924
50
91
314
19
179
74
376
767
210
763
282
103
12
852
252
172
771
825
717
616
253
289
945
311
708
655
909
73
827
509
614
735
351
223
212
186
647
865
931
685
716
21
272
215
164
393
108
597
399
530
649
427
31
671
620
400
866
600
700
956
318
801
997
106
636
581
87
851
639
28
522
550
159
486
928
841
680
632
284
513
611
984
381
998
875
995
513
840
767
215
702
775
395
372
688
908
308
872
149
722
19
3
100
948
439
428
442
943
455
574
952
590
985
334
766
5
820
323
291
523
740
285
649
152
608
21
655
615
327
917
339
572
298
507
548
352
746
4
387
547
473
279
972
868
587
761
277
306
428
898
674
314
286
992
287
556
661
207
509
550
369
399
315
479
8
671
938
858
93
932
458
136
338
279
162
213
468
491
35
407
431
689
130
385
171
935
257
354
764
433
713
529
107
839
524
163
834
297
230
521
964
199
536
938
150
985
149
88
619
527
320
762
119
719
462
92
767
645
399
676
352
119
898
504
394
96
631
517
989
874
876
916
518
700
223
420
836
405
268
375
126
999
688
808
176
966
651
777
173
964
801
1
48
703
16
957
46
720
570
996
837
18
413
524
24
620
503
996
715
506
286
400
246
89
533
187
337
571
151
762
910
803
500
311
929
246
319
926
497
207
968
842
84
439
44
402
296
183
683
364
211
578
543
656
283
388
149
441
997
860
259
154
455
162
511
503
874
728
841
836
844
511
168
279
232
582
716
669
684
943
996
222
584
815
1
174
250
999
326
898
945
821
421
280
673
22
134
687
424
813
650
458
55
757
635
110
602
507
250
316
158
960
850
473
768
269
493
269
366
545
780
415
920
365
996
636
362
27
615
864
791
985
88
744
1000
45
355
759
179
578
619
134
305
125
929
832
252
974
876
902
696
719
253
513
198
997
517
726
161
946
400
933
164
350
561
839
727
371
913
119
812
509
820
804
818
830
278
485
675
346
756
866
286
383
876
108
111
186
59
528
430
763
639
225
123
376
580
363
243
224
750
639
597
523
407
127
333
811
613
841
972
381
4
316
150
31
961
290
118
349
832
32
797
994
829
744
578
33
825
694
614
846
267
89
992
661
415
709
217
233
371
320
269
172
665
163
664
223
479
295
918
737
45
721
628
483
130
969
628
427
370
389
441
218
26
163
368
8
129
5
350
386
198
422
761
618
870
624
571
788
817
728
993
541
374
867
944
645
515
704
447
282
196
326
75
50
126
337
46
872
296
516
9
759
279
874
572
434
68
693
637
25
240
774
691
653
520
508
510
916
99
542
882
774
970
836
336
401
434
365
303
426
901
624
870
468
36
806
210
946
409
119
61
355
451
67
44
622
496
545
492
139
200
627
490
128
591
594
300
512
749
656
873
836
147
375
770
543
317
452
310
766
854
366
449
122
864
295
259
100
993
453
607
294
746
259
744
385
896
137
839
908
488
388
193
726
886
995
913
544
469
758
99
982
459
30
303
710
909
185
568
469
905
162
312
706
655
123
813
300
416
174
800
881
717
415
927
773
133
399
352
447
825
253
595
225
633
903
558
269
732
801
153
976
82
369
509
113
936
981
419
353
254
318
471
563
71
985
416
610
892
160
127
857
787
24
568
580
38
814
836
222
914
323
886
901
422
905
319
16
531
498
218
994
505
68
658
230
32
699
274
898
824
722
231
636
819
385
399
555
667
695
524
355
565
806
130
999
656
733
719
802
125
961
451
299
104
691
476
287
21
278
128
41
646
227
146
663
841
117
302
393
937
458
221
886
368
198
948
660
896
909
754
687
207
660
711
51
548
299
492
360
799
850
759
893
443
349
100
257
898
573
879
207
657
987
535
366
482
537
324
832
418
873
644
848
131
35
876
584
669
352
342
643
207
481
169
392
505
191
213
153
379
186
982
592
268
434
653
922
419
427
234
712
906
67
901
420
675
213
803
288
156
167
7
312
123
998
669
330
885
725
774
978
296
77
992
594
617
28
406
434
900
737
703
307
126
4
747
756
398
539
702
927
198
467
537
868
704
718
643
496
135
995
265
24
313
935
224
894
375
371
426
141
168
244
998
412
445
565
687
812
468
66
209
79
426
211
641
91
594
728
136
120
249
253
880
682
607
809
953
403
408
355
739
567
513
979
842
441
60
953
482
838
453
909
502
857
802
920
839
467
42
801
139
451
953
741
720
845
144
797
666
263
279
948
889
457
126
141
167
659
287
744
893
304
655
857
903
282
443
476
24
651
130
478
702
95
257
52
563
48
556
164
297
397
2
106
161
1
407
691
816
821
214
179
711
720
680
216
226
488
768
311
856
699
891
885
48
920
451
433
283
424
115
916
116
361
20
971
495
282
248
952
385
958
781
700
466
859
298
764
620
165
374
89
388
902
176
268
633
87
15
533
440
874
580
520
856
393
85
949
719
93
553
687
852
455
996
883
800
21
951
522
646
466
920
207
863
507
447
321
828
683
432
347
383
857
540
369
788
500
338
468
999
603
398
109
993
287
682
942
901
468
724
129
581
346
495
339
735
95
877
470
941
7
333
894
944
669
136
450
133
497
387
139
681
539
255
434
926
621
844
739
238
542
621
829
824
704
252
498
942
528
92
22
49
98
385
286
870
849
278
612
435
406
613
198
707
392
379
947
249
352
546
895
337
957
330
654
536
51
701
556
187
609
972
877
1
132
504
248
144
474
614
139
111
854
36
274
59
939
203
941
181
782
468
690
256
101
535
949
816
913
185
211
943
223
923
432
357
878
163
847
567
487
439
566
96
846
410
173
105
416
620
791
982
257
207
718
755
629
347
678
689
364
652
168
119
459
359
811
627
775
241
56
222
604
62
448
402
668
619
69
320
834
357
740
201
232
582
541
832
432
947
921
239
68
615
97
213
507
39
56
752
181
690
654
233
873
475
467
723
818
531
664
626
777
313
385
46
500
57
569
362
773
583
768
121
239
821
306
521
683
860
294
509
403
34
749
544
326
95
683
233
873
69
664
329
911
619
659
589
452
37
891
32
643
540
137
27
858
843
354
200
504
441
964
675
119
569
12
638
471
159
73
427
573
813
747
624
739
562
441
240
170
690
657
487
835
175
222
170
428
718
284
637
8
368
978
774
557
316
569
640
443
555
225
783
158
502
208
896
815
326
598
604
604
568
48
156
670
184
232
859
243
703
326
921
782
336
909
655
509
50
117
366
830
637
280
425
635
575
779
352
201
505
904
556
281
383
180
998
824
369
525
601
34
681
110
737
677
733
508
234
480
281
568
598
128
631
177
714
363
319
19
820
884
563
453
895
862
626
878
41
743
581
409
89
55
245
268
721
528
495
126
189
200
564
282
921
931
324
886
705
267
358
804
115
43
871
33
145
14
379
275
563
251
977
488
860
395
704
654
729
277
146
296
614
342
623
189
917
863
233
711
808
738
899
224
896
960
642
254
602
510
415
114
271
788
586
210
280
848
566
344
974
878
37
285
709
447
756
977
867
226
316
33
121
15
545
396
217
292
354
654
34
502
964
41
281
184
904
481
558
234
59
722
553
901
492
22
948
105
229
263
141
700
486
167
395
917
660
523
734
269
409
973
810
568
712
486
884
9
15
336
521
1000
652
458
3
777
393
266
85
897
411
676
883
882
787
619
993
37
912
276
75
784
954
367
315
18
163
331
224
758
743
683
578
492
30
177
829
597
746
127
502
952
398
767
647
551
273
315
562
944
825
26
122
227
872
400
814
271
529
961
536
487
405
888
716
691
980
625
259
405
345
198
236
114
350
711
688
459
215
964
883
879
836
626
781
535
971
371
685
493
286
23
925
746
876
323
822
856
734
28
842
826
14
332
979
234
517
669
590
263
545
771
80
495
418
312
638
767
546
45
446
66
789
352
299
648
819
52
510
986
706
719
78
132
239
862
984
894
743
218
745
834
835
807
909
396
604
890
574
494
494
134
459
164
805
198
500
928
1000
773
390
808
966
908
72
39
939
764
372
887
325
393
13
912
560
345
856
570
433
621
467
623
450
339
529
533
289
612
706
845
778
66
233
315
596
809
902
121
779
935
394
876
860
848
12
34
984
803
125
912
99
91
170
459
802
582
548
881
421
251
977
962
633
210
470
110
990
932
733
66
156
374
164
65
446
442
337
118
95
797
394
125
623
785
641
274
611
825
274
720
489
518
263
363
445
221
395
353
260
407
306
387
5
770
941
757
147
57
958
707
718
753
713
155
672
212
121
270
237
934
311
778
152
880
787
526
139
799
290
542
110
119
569
732
711
881
639
495
690
195
745
888
527
686
306
618
238
931
821
767
305
965
948
566
783
935
897
868
334
266
268
509
145
260
667
129
908
806
56
40
575
783
101
300
585
78
216
949
592
932
873
818
800
990
447
902
480
661
4
539
958
724
436
140
224
678
723
485
6
716
888
307
608
94
11
636
173
578
171
814
534
879
710
670
656
119
690
125
315
837
153
79
791
788
309
824
897
302
868
940
971
498
379
634
804
262
231
401
753
77
997
579
274
335
882
136
155
284
816
591
212
2
915
503
206
471
167
617
148
368
715
843
758
835
291
602
551
335
684
764
326
146
734
695
611
34
347
20
628
246
586
122
117
75
230
412
279
795
777
513
135
781
380
331
977
218
914
439
265
231
248
104
370
802
677
688
404
227
910
475
617
3
141
19
82
675
31
548
532
779
380
938
901
846
768
645
809
223
289
120
759
114
149
559
519
978
442
334
896
478
332
325
107
146
542
176
652
604
324
26
474
564
137
529
343
30
321
420
505
30
511
710
527
500
226
882
564
79
81
893
598
985
578
119
812
455
489
564
801
399
689
851
53
387
261
448
215
421
479
999
246
417
562
533
954
367
308
138
508
184
339
980
723
260
60
505
471
947
489
974
312
503
344
801
383
858
684
916
696
212
910
831
300
442
827
364
930
242
607
739
173
963
102
511
754
982
755
660
592
480
400
431
650
446
392
844
582
586
557
97
893
726
325
401
752
498
521
375
675
370
217
732
612
85
366
578
971
617
759
542
730
253
209
467
469
423
814
772
372
767
942
616
605
742
478
177
631
263
119
128
737
27
956
616
177
519
286
755
881
344
263
534
472
398
905
78
519
200
853
505
564
860
684
60
340
688
924
219
190
916
774
455
74
572
20
375
662
767
547
714
137
938
83
457
739
719
581
721
721
518
831
67
635
256
345
689
827
221
583
27
636
675
990
205
978
708
468
577
39
585
979
862
804
338
887
835
885
363
822
242
311
525
497
193
980
832
469
999
987
802
987
728
362
521
294
750
808
186
824
729
766
581
147
709
420
658
387
344
595
394
916
457
900
43
446
458
417
158
969
711
769
91
380
624
14
660
931
361
267
52
628
731
727
790
434
200
1000
701
292
946
402
190
291
491
619
308
661
705
515
112
49
310
990
933
297
227
849
53
847
890
815
629
610
446
238
692
9
815
793
155
164
930
446
916
743
891
765
572
795
73
151
622
918
657
724
810
1000
326
580
847
232
468
314
539
409
282
835
633
395
158
949
81
592
506
672
603
994
203
291
493
141
29
941
480
432
802
315
761
842
440
509
347
748
350
872
89
543
820
74
642
925
896
123
100
535
119
183
210
241
739
249
978
92
801
180
842
164
748
605
421
367
300
350
979
716
581
267
350
30
869
946
150
20
851
238
230
184
465
894
20
313
747
992
356
388
974
972
397
200
541
541
687
174
11
897
638
190
153
803
257
609
192
460
890
949
466
971
919
828
140
288
200
217
101
731
487
93
785
376
102
846
444
523
256
853
363
958
318
178
116
587
301
1
902
89
456
536
255
75
987
323
646
209
753
114
503
360
599
4
220
220
365
163
759
797
371
238
555
549
863
35
969
244
43
809
948
885
206
179
424
13
491
963
804
352
696
24
405
92
108
334
440
14
967
373
849
583
590
871
335
915
63
323
144
185
956
212
77
800
56
749
4
70
951
342
203
662
752
670
791
686
338
505
420
202
978
566
316
23
883
545
851
220
739
220
94
657
30
399
558
612
572
592
722
371
622
289
857
856
268
360
45
876
593
242
790
338
320
447
810
74
109
177
354
659
307
459
437
42
795
716
680
968
191
755
823
934
135
560
271
688
956
998
149
547
989
312
769
201
418
877
487
296
182
321
116
590
111
989
209
505
603
742
169
586
730
367
323
708
278
765
501
185
590
442
627
122
278
462
267
136
340
103
56
330
599
583
980
98
907
376
447
152
746
261
860
538
272
993
96
904
928
524
719
561
273
57
490
163
337
826
704
632
751
725
611
951
401
853
583
416
127
841
589
307
256
67
476
330
225
50
584
852
728
80
970
231
263
452
137
117
728
951
689
482
266
229
381
178
540
975
158
708
867
407
785
184
699
922
71
538
358
418
801
57
134
731
617
608
247
869
963
885
619
685
112
752
549
741
354
170
93
170
768
984
782
238
340
741
452
847
434
217
17
278
797
108
931
193
937
197
160
790
210
360
457
723
247
257
314
924
183
249
938
523
25
509
115
914
468
542
645
824
728
631
283
686
552
424
947
884
605
156
55
172
444
703
549
48
369
50
609
58
422
925
726
935
419
224
201
979
414
623
639
785
753
249
842
770
248
44
347
96
375
455
545
12
163
652
92
114
922
866
42
11
569
579
839
763
478
275
825
581
904
58
1
129
374
520
868
545
409
997
850
705
892
683
671
593
650
614
928
540
75
54
973
918
398
577
975
86
17
64
668
843
413
608
260
813
126
198
584
137
87
436
492
42
442
52
591
865
899
385
768
479
409
607
707
705
935
834
347
299
431
516
504
942
32
468
636
525
850
600
824
622
533
810
76
31
689
856
374
355
479
229
355
902
30
979
879
700
105
653
979
787
283
48
948
370
815
762
652
272
175
487
599
147
30
875
484
787
811
503
779
35
630
76
46
421
30
377
774
315
963
698
725
508
118
426
961
126
383
510
517
246
113
5
761
891
799
983
885
817
903
704
694
275
570
79
200
16
792
428
998
534
900
260
408
40
710
645
401
482
338
642
717
108
934
935
514
242
626
474
299
816
1000
531
497
836
196
909
727
524
577
668
537
356
188
953
86
394
984
628
978
543
330
745
963
389
993
602
316
544
746
967
645
275
161
359
323
574
367
932
512
910
469
468
280
91
843
810
612
180
533
766
897
283
973
492
917
994
738
687
363
58
111
436
50
706
600
701
2
806
484
34
802
63
941
382
419
151
355
207
110
199
634
890
947
669
979
412
693
14
949
537
562
343
483
118
853
137
725
149
56
386
262
628
4
376
307
189
994
16
213
924
719
114
720
542
609
421
309
233
293
252
148
33
44
973
362
966
758
218
274
171
230
482
394
341
645
559
889
43
512
821
86
452
229
778
388
978
50
403
476
130
823
280
953
10
173
593
154
117
705
391
969
282
993
532
525
7
262
905
324
686
243
458
42
16
330
979
448
257
142
497
823
610
301
573
698
159
438
905
236
213
776
249
47
170
413
539
444
780
922
713
137
433
664
489
881
349
110
320
175
206
253
198
156
200
734
399
294
169
861
437
132
71
831
760
260
533
99
906
458
323
384
320
749
855
934
498
431
418
13
688
684
768
991
146
292
309
267
16
120
986
501
288
246
733
536
919
476
744
712
798
589
712
435
465
354
721
988
234
562
975
996
234
189
158
539
95
70
844
763
230
851
655
835
309
138
597
500
384
611
177
171
635
448
986
509
78
30
632
164
730
301
596
776
380
438
601
833
678
908
37
788
793
660
903
670
413
685
853
989
239
835
232
387
641
188
767
119
386
855
178
809
35
130
263
447
137
534
670
878
194
347
531
289
81
112
678
770
328
231
929
123
490
428
195
322
70
810
705
102
181
650
581
712
755
337
520
534
669
309
817
131
782
157
30
603
333
985
389
271
832
616
162
425
544
420
355
693
109
629
365
573
169
558
41
391
827
481
878
389
490
778
276
662
597
751
166
900
200
97
239
591
990
399
540
991
140
333
707
841
873
625
985
619
515
852
36
753
596
900
931
619
553
873
507
244
191
527
888
173
558
574
828
915
520
878
133
504
115
252
903
29
983
891
873
72
434
654
298
746
69
634
298
882
669
32
803
245
304
480
756
700
528
212
135
553
253
161
206
445
17
391
656
681
379
450
921
677
294
432
417
82
181
166
370
465
925
325
768
193
313
591
892
741
107
538
203
528
97
823
874
136
182
436
942
704
963
24
171
431
639
424
537
683
228
513
53
576
567
40
628
928
31
327
482
501
523
218
692
969
782
289
766
122
131
7
366
784
78
644
125
364
908
638
773
605
552
828
548
921
641
484
445
115
173
87
67
153
247
689
409
753
838
37
743
202
292
418
23
323
63
219
327
371
306
340
87
373
131
243
777
621
698
593
949
843
770
509
64
343
304
464
787
70
488
59
68
979
218
320
748
928
646
314
737
839
627
597
918
590
812
109
114
88
291
832
792
135
770
651
549
665
370
183
576
274
732
984
706
399
392
53
126
731
560
274
900
733
716
871
327
915
16
526
816
356
964
63
785
317
432
867
727
50
975
507
640
711
133
816
457
979
292
845
663
91
388
171
664
407
148
227
414
84
329
923
222
510
206
514
508
974
636
91
472
619
289
328
635
703
392
495
358
719
63
327
707
705
416
978
738
69
120
318
12
834
293
347
379
854
738
978
11
58
368
858
284
407
808
753
873
919
1000
480
416
15
876
608
809
836
317
270
549
214
948
401
255
901
509
442
399
53
982
933
136
446
545
953
187
925
395
776
108
840
488
366
586
553
100
853
670
877
684
281
588
640
579
565
732
195
65
575
14
500
644
380
957
32
698
778
115
253
109
430
167
326
852
603
122
322
754
240
276
244
46
398
575
305
71
475
849
734
576
392
562
982
171
863
807
612
345
619
113
464
126
287
514
133
648
960
741
368
564
315
880
321
290
488
843
511
320
638
557
389
441
434
676
794
357
562
312
490
119
831
609
823
312
93
690
405
250
66
881
534
594
777
22
313
894
414
325
15
389
837
907
217
86
462
431
568
6
581
487
839
333
226
807
42
147
761
868
437
582
674
364
128
661
298
163
331
742
614
351
912
889
690
523
284
569
718
3
799
614
574
211
331
813
503
65
940
443
46
326
462
601
977
812
287
968
642
600
826
323
870
835
461
52
338
673
94
566
725
598
417
429
668
813
412
173
382
511
826
299
606
507
821
924
244
431
238
615
17
389
461
204
163
13
191
361
718
963
959
160
761
517
79
449
859
321
528
690
468
315
336
873
769
946
261
356
243
624
738
484
254
512
642
153
509
653
786
149
156
258
467
841
381
394
988
747
966
451
848
25
690
21
159
784
639
586
592
121
443
480
289
472
517
462
233
398
393
244
656
54
798
388
63
961
350
225
359
8
928
329
446
641
48
596
797
705
836
66
791
584
488
81
715
405
223
546
390
655
241
65
231
377
244
587
875
789
151
265
360
126
982
736
67
789
244
227
466
579
852
233
459
72
818
241
517
828
965
677
72
590
554
392
497
215
309
415
317
143
761
846
590
499
27
797
455
7
733
883
994
676
228
354
709
302
925
803
913
612
266
883
709
154
417
329
874
64
557
197
734
49
895
699
605
659
122
378
618
147
292
965
145
688
720
395
873
591
367
451
255
585
804
274
239
669
815
355
386
318
803
197
564
885
101
16
82
143
645
542
260
208
537
916
741
402
131
285
201
990
531
942
132
788
999
514
751
786
375
11
458
567
610
29
290
649
358
816
391
7
234
563
840
312
823
340
168
479
479
419
879
195
155
242
414
112
818
682
917
487
495
825
388
557
548
89
813
918
335
514
756
175
548
141
86
502
659
409
540
726
511
567
994
585
505
959
724
35
757
703
945
930
255
738
245
616
348
301
573
371
98
973
154
373
638
569
483
687
889
63
529
894
471
754
674
398
30
350
231
342
346
523
165
887
923
810
207
140
466
273
146
642
926
674
475
643
230
589
190
814
628
942
536
669
644
429
961
493
80
334
410
4
487
398
97
377
590
725
301
151
558
771
726
239
473
66
407
915
220
557
25
787
665
394
897
825
200
396
995
506
875
286
133
411
394
616
471
492
996
624
530
597
805
582
476
230
75
82
222
258
153
987
182
172
950
725
727
468
399
933
346
153
499
267
195
404
758
850
608
874
171
997
775
879
736
445
522
829
92
293
971
489
866
235
492
531
221
649
455
22
769
872
215
12
329
144
211
935
787
510
309
683
234
618
489
482
177
787
205
313
830
632
861
484
224
405
271
206
19
90
784
946
177
997
138
99
985
131
738
306
253
363
155
315
476
263
165
941
76
639
830
66
621
499
845
28
554
276
278
798
983
615
548
460
943
29
291
248
502
314
683
712
382
873
349
140
219
654
48
450
434
865
883
162
231
778
551
90
280
640
433
564
309
114
565
89
590
224
35
716
383
74
136
637
396
153
508
604
552
113
391
116
826
27
330
829
596
306
964
742
111
708
99
992
826
918
804
897
497
189
312
781
830
617
903
918
221
585
958
874
562
516
898
127
883
686
243
21
625
608
217
734
994
55
172
138
192
59
171
86
681
988
670
573
83
836
432
815
736
476
463
784
444
558
122
950
398
497
872
840
3
496
951
189
748
496
54
975
99
593
422
375
115
255
186
94
833
112
458
227
542
174
347
57
736
982
42
580
770
43
368
183
962
73
963
274
313
473
402
677
778
655
15
521
280
351
166
602
97
303
284
207
122
127
700
240
96
242
284
861
427
266
31
966
553
180
185
86
383
265
505
814
454
512
634
27
383
702
970
318
344
821
223
451
436
661
975
47
302
218
28
662
661
442
482
1
723
120
476
264
251
887
329
862
594
103
419
765
888
660
508
620
211
779
928
333
909
696
393
114
743
548
437
316
339
670
116
262
202
893
172
819
992
310
832
911
814
636
892
825
368
465
185
789
414
125
820
393
993
540
828
614
846
279
321
283
930
688
886
679
99
307
938
767
229
736
918
885
44
29
347
447
23
970
748
231
585
561
726
827
257
674
24
749
756
674
702
147
486
554
93
480
485
779
423
302
941
611
784
421
356
907
828
498
405
860
728
371
220
423
141
651
937
13
74
906
251
490
999
1000
728
530
18
769
164
77
784
345
6
657
706
535
536
126
629
668
461
863
800
624
618
291
988
486
829
338
362
245
251
116
989
848
824
869
570
506
923
242
260
379
248
455
444
147
188
945
387
825
752
695
308
493
145
899
851
301
624
88
65
390
594
796
694
62
410
846
7
67
442
252
698
864
408
761
964
13
235
316
381
191
559
665
877
758
919
587
158
528
403
613
800
682
127
34
536
638
997
752
808
835
940
64
37
265
20
313
707
975
627
292
825
222
798
936
508
167
139
449
820
967
320
430
78
609
577
721
271
858
597
666
810
369
817
853
245
500
191
383
713
490
326
869
194
787
299
226
197
928
107
755
593
871
460
297
135
218
632
82
48
968
137
932
189
79
380
707
183
762
4
252
935
539
756
300
979
275
807
536
611
352
63
456
175
65
175
493
75
167
35
791
868
736
80
294
854
20
267
850
199
413
148
109
253
451
257
198
586
953
373
487
631
650
536
680
751
111
56
252
756
597
410
7
98
220
683
310
55
767
78
15
431
637
785
289
424
556
152
883
357
686
806
442
18
424
818
317
476
554
253
137
232
786
336
195
64
590
530
551
35
834
737
961
134
812
247
336
876
541
322
729
249
82
571
577
506
564
117
874
482
168
321
379
717
420
826
808
855
572
120
493
522
383
444
110
409
994
997
331
64
764
685
763
360
161
680
193
217
118
870
656
642
212
57
771
683
837
381
621
777
911
554
958
291
534
833
125
214
966
503
67
41
282
911
262
436
757
381
591
888
682
159
315
631
477
947
797
371
399
315
780
926
77
424
935
896
736
610
948
620
872
859
163
301
653
423
587
889
215
19
128
5
347
897
86
197
910
465
773
359
982
351
341
884
968
883
891
79
453
68
115
403
697
551
716
376
864
438
182
44
816
389
309
502
820
850
233
360
511
135
690
985
874
328
251
951
25
448
109
96
819
740
428
873
423
538
648
772
727
464
51
623
677
285
472
319
776
898
754
751
587
486
290
614
89
254
614
83
876
9
112
441
911
689
643
261
542
732
266
969
777
763
193
370
812
218
803
916
734
64
423
725
45
880
578
423
158
557
953
225
771
383
824
512
805
50
935
989
418
789
811
970
791
515
68
807
808
376
782
746
836
629
407
873
609
695
604
314
992
323
832
745
19
140
884
502
881
393
459
403
49
740
655
104
70
598
636
167
877
47
381
973
695
376
489
299
117
454
4
914
495
781
3
763
457
96
788
615
437
902
375
166
453
920
342
722
468
976
552
283
70
396
326
372
467
630
147
94
170
687
782
71
110
524
308
372
719
4
551
501
537
367
257
465
183
720
272
494
743
763
948
874
185
87
773
671
167
148
73
16
61
505
742
571
741
541
389
76
198
975
337
520
795
893
655
128
889
664
311
202
991
673
762
628
654
971
804
8
733
881
94
54
164
668
846
211
651
848
715
681
439
240
969
376
288
934
907
582
918
238
365
47
202
106
231
299
499
256
787
448
447
800
443
218
837
243
285
445
525
883
274
222
934
248
661
396
378
199
503
418
194
219
893
971
725
748
152
467
918
980
686
246
519
750
790
633
211
432
907
852
615
762
907
339
277
713
474
781
542
442
648
295
962
793
613
905
566
624
534
513
493
467
93
389
75
11
73
47
191
968
667
560
661
414
3
492
475
697
763
606
167
404
407
781
447
746
100
882
642
595
361
808
744
343
749
207
487
854
32
27
245
524
468
212
421
409
595
605
733
94
636
967
633
140
170
763
995
91
8
381
913
771
643
379
457
625
903
889
526
457
219
347
876
435
911
191
974
92
995
778
40
403
66
564
623
875
974
500
424
746
74
627
241
733
865
460
326
335
614
880
763
361
481
624
513
833
844
356
632
975
104
528
373
664
851
314
178
406
875
931
508
406
110
822
911
318
39
408
911
117
646
328
568
919
586
354
389
611
458
956
493
651
632
852
683
580
818
414
310
502
289
149
283
552
921
110
848
924
725
818
827
818
886
301
168
79
415
200
85
458
561
659
185
389
201
89
704
474
451
857
432
99
372
302
604
776
932
503
438
815
298
490
829
914
154
714
908
372
596
656
789
891
216
820
927
335
346
135
552
742
332
753
784
766
154
921
116
66
616
196
853
642
138
356
578
427
8
530
849
853
484
578
755
974
122
569
860
548
924
874
251
979
802
452
79
198
994
815
811
36
770
453
5
776
472
718
633
665
283
285
774
637
838
493
719
747
548
862
680
245
469
916
728
689
596
246
223
810
130
660
578
864
820
644
179
786
515
782
601
77
999
16
628
462
225
217
88
321
158
32
47
953
716
571
230
892
786
839
911
594
261
982
144
985
578
975
265
547
777
993
437
99
850
421
798
449
306
524
418
148
985
622
864
245
926
273
634
510
923
615
547
476
900
921
773
622
143
83
824
187
261
36
50
431
385
535
443
109
936
543
704
837
367
86
550
294
914
857
886
453
882
622
728
543
776
82
268
480
837
995
588
310
64
566
671
521
521
104
401
98
882
687
171
886
762
446
652
154
227
812
697
84
428
798
410
567
298
229
714
197
374
472
809
24
375
579
525
292
837
201
859
875
153
64
920
336
812
165
866
942
93
231
491
232
460
958
888
156
645
87
661
277
494
628
349
668
530
906
665
669
594
135
150
863
233
799
481
404
968
587
6
802
800
219
407
806
116
913
231
83
797
458
1000
181
855
50
188
133
447
353
61
476
144
130
625
648
391
447
638
287
433
827
847
493
401
432
731
326
581
700
638
437
117
107
999
153
602
341
640
317
549
393
351
137
613
575
4
611
917
427
825
436
970
878
930
642
832
279
168
305
316
298
569
470
242
82
465
687
602
390
969
637
856
229
337
522
304
231
186
931
792
138
214
885
331
156
335
894
633
39
691
805
216
430
800
700
981
974
940
189
141
188
818
893
54
305
41
353
553
35
488
38
680
591
365
585
498
7
913
274
194
16
594
594
14
820
13
174
73
990
333
854
127
52
869
385
140
551
533
959
262
651
398
354
433
682
952
892
28
584
915
583
375
636
521
277
980
376
6
39
926
117
265
267
580
979
205
423
208
411
770
495
363
817
264
769
364
155
627
813
516
789
183
711
552
847
517
932
199
240
835
884
49
789
717
726
266
549
819
383
917
883
256
900
337
175
480
933
769
764
291
2
221
932
292
97
852
999
396
783
357
147
971
608
733
321
735
775
13
943
335
203
325
251
433
513
112
667
888
955
913
919
914
161
969
452
130
424
598
533
811
777
132
224
252
143
692
85
939
616
326
210
241
211
585
762
400
834
190
392
662
460
314
50
688
642
435
770
743
586
534
720
127
923
183
915
968
74
875
677
612
840
582
588
393
291
539
177
421
900
233
251
730
214
709
511
761
852
365
709
26
351
318
686
764
934
958
769
116
468
945
149
855
430
685
724
204
68
59
519
764
622
864
628
893
121
912
163
511
862
308
758
529
213
701
507
785
103
721
111
21
265
54
173
956
496
904
543
471
671
598
527
608
754
982
916
132
252
788
763
673
138
112
838
79
383
577
565
563
172
40
307
590
527
555
809
369
68
422
253
684
533
122
548
787
125
358
673
529
629
115
597
866
58
933
392
224
315
872
652
166
870
530
584
539
305
591
711
378
688
679
382
596
509
277
402
193
671
939
363
125
951
624
512
459
568
796
999
817
29
918
419
813
885
295
126
428
546
264
14
672
236
278
321
345
719
536
192
852
500
102
973
591
478
913
779
207
568
6
749
567
566
634
73
901
593
129
648
263
139
160
889
433
191
93
325
986
4
912
119
895
203
453
791
982
26
190
495
78
363
424
165
387
460
515
825
598
720
859
546
132
712
318
224
132
989
444
789
222
949
929
401
970
211
791
900
481
53
310
823
356
28
803
658
976
992
791
188
56
404
883
60
262
391
837
938
658
889
450
677
228
123
844
538
951
280
29
1
867
555
977
951
693
439
848
715
643
828
401
446
68
29
858
418
148
479
794
195
181
218
701
974
572
629
189
899
727
874
796
879
668
965
4
887
14
953
44
700
482
465
920
632
574
496
666
721
238
572
350
585
559
38
550
312
340
189
488
353
437
394
493
25
79
862
835
445
431
993
593
13
614
493
672
819
851
525
846
871
479
867
337
398
164
38
11
983
743
273
655
315
566
849
212
384
419
382
318
539
387
539
46
675
455
657
598
7
876
615
666
417
427
538
817
505
371
344
298
773
826
53
195
943
115
286
854
934
12
952
184
353
389
378
800
353
255
294
907
605
596
127
924
777
435
243
89
793
500
524
799
915
526
110
700
645
981
430
201
695
911
635
178
978
495
13
779
75
273
938
282
142
959
1
686
785
468
127
211
916
42
930
658
128
969
673
209
246
446
811
77
60
880
185
774
71
542
889
529
598
720
132
102
146
228
663
420
658
752
812
549
565
418
740
554
602
748
254
322
202
400
748
40
176
284
718
720
972
839
20
405
154
595
264
340
701
291
366
80
255
28
766
603
540
637
466
384
917
319
418
876
580
322
482
513
866
100
394
591
592
942
837
272
699
678
813
775
964
326
125
430
170
791
871
850
474
118
981
95
428
665
128
558
912
855
293
951
401
840
587
616
846
820
723
56
401
81
680
22
967
174
583
807
693
148
793
452
211
526
489
738
573
83
197
357
766
282
201
82
613
944
356
962
630
261
764
468
243
670
40
879
51
188
247
937
598
842
297
587
690
496
170
850
93
672
416
67
93
573
320
959
992
20
675
832
416
562
421
956
44
385
665
827
456
350
432
615
766
584
48
63
854
471
417
363
77
25
706
667
238
221
781
985
495
192
263
624
583
417
102
785
710
975
50
813
811
990
336
661
368
6
557
86
132
12
288
707
427
213
580
730
387
510
147
960
123
473
111
987
982
177
884
111
855
510
779
244
832
826
131
44
45
829
512
799
178
7
228
343
656
920
930
177
86
176
319
186
599
929
948
803
162
921
15
623
574
985
754
726
403
38
692
693
982
617
889
976
989
35
941
690
211
505
543
241
892
35
237
179
730
860
936
943
586
747
955
886
522
216
865
350
63
945
573
714
132
255
139
207
645
425
578
350
64
556
103
772
29
473
113
616
539
148
912
978
512
92
855
47
354
462
863
645
895
500
77
573
847
59
809
529
976
889
728
484
512
24
264
732
629
932
221
977
272
207
867
903
669
357
539
22
193
631
656
817
599
100
911
467
223
127
998
551
19
793
950
307
303
837
342
388
312
152
132
146
238
475
924
932
839
791
759
315
624
483
953
865
408
543
890
698
439
145
812
201
319
832
18
973
318
588
876
922
312
613
466
185
519
937
521
323
562
849
853
939
852
676
633
427
526
921
934
714
583
897
638
223
375
909
491
380
436
347
839
838
269
7
418
25
726
433
541
57
428
916
436
106
260
899
23
593
332
457
738
933
621
112
34
564
973
400
932
611
897
96
687
387
199
592
601
44
550
724
744
393
172
281
653
377
438
240
692
840
241
335
364
471
463
327
434
499
232
236
722
263
211
223
563
842
193
182
1000
735
442
576
311
644
364
75
871
973
592
743
239
287
51
184
691
888
92
17
183
995
388
959
697
225
530
627
609
984
936
468
133
380
629
908
71
429
258
247
772
927
312
82
217
613
821
576
611
186
207
429
560
939
110
82
910
236
252
599
165
58
957
867
373
12
609
843
714
184
3
751
777
176
763
843
589
950
257
257
613
878
9
423
438
701
158
279
172
524
769
320
335
466
396
177
949
328
603
146
639
481
358
472
501
253
216
558
559
678
618
654
349
535
70
536
964
556
168
383
247
835
675
179
757
460
15
483
758
268
529
15
211
1000
210
422
639
991
199
364
612
510
892
630
951
170
262
834
237
93
67
176
683
261
218
486
801
697
298
117
868
29
425
703
184
511
750
186
287
214
200
285
583
181
191
120
394
927
564
819
629
192
385
992
368
983
272
413
867
113
284
809
614
581
852
7
860
912
682
596
759
349
901
394
556
278
655
886
324
394
386
515
599
533
340
83
728
477
310
934
876
372
776
664
990
243
420
826
884
24
359
765
183
529
807
630
62
769
134
998
926
249
189
569
349
511
848
885
228
318
90
587
705
630
337
614
921
809
420
829
857
413
278
806
464
991
146
779
283
232
167
266
664
36
427
493
995
767
853
214
531
638
148
490
356
947
848
533
13
645
4
322
99
505
69
331
697
587
972
910
702
195
936
971
711
89
777
459
738
145
84
550
204
753
81
591
239
619
683
304
988
533
310
723
655
219
217
588
570
768
833
82
65
577
369
41
819
919
713
491
504
522
36
563
551
800
494
295
592
499
219
656
26
904
416
273
871
812
809
184
708
757
989
312
216
513
464
738
896
