993 9929
369 656
322 482
661 709
591 671
77 337
225 405
752 815
109 750
506 683
648 932
804 855
825 992
168 980
496 577
768 909
673 991
172 467
132 905
96 890
432 919
187 865
84 141
172 690
116 159
674 876
883 905
780 873
472 635
56 516
19 909
90 237
151 508
316 448
354 651
264 481
47 147
703 963
907 987
490 596
772 972
772 834
764 955
734 861
419 977
892 957
861 871
918 956
309 795
418 906
838 860
201 902
726 747
484 933
201 970
928 989
651 907
631 926
212 396
518 981
613 625
283 774
819 824
68 255
333 464
233 310
708 875
564 904
692 943
459 824
177 882
989 993
500 819
216 338
962 984
475 750
576 893
688 996
550 703
618 802
935 969
40 987
447 825
599 663
292 808
685 842
892 947
817 897
801 822
567 627
262 977
736 737
516 714
756 790
297 830
491 513
190 340
622 832
638 791
294 408
127 487
114 600
636 915
711 810
532 581
539 643
386 628
967 983
305 386
480 683
189 297
628 900
505 734
498 581
230 453
416 679
930 980
221 880
789 814
749 903
642 668
902 964
143 628
726 943
299 826
80 853
553 640
997 999
275 816
734 866
615 898
200 553
987 989
850 907
508 996
986 995
237 667
147 525
90 920
268 372
116 361
105 433
382 933
693 760
29 667
359 928
127 164
225 745
210 508
224 239
125 670
677 679
933 964
545 935
33 575
59 220
828 995
505 553
10 112
924 924
473 711
624 903
355 515
364 439
947 975
592 855
879 971
22 150
683 935
632 665
102 887
194 436
946 948
741 896
724 789
925 925
528 718
346 447
463 808
157 898
715 992
361 957
352 589
803 803
942 982
63 186
345 730
465 842
752 995
364 492
701 920
283 842
802 926
217 355
245 452
939 965
316 496
673 695
664 749
672 929
329 778
458 756
677 712
466 976
913 969
341 591
254 467
983 993
127 774
44 764
808 853
983 985
615 789
526 834
197 880
642 852
585 600
585 950
806 881
296 654
509 843
437 631
412 633
970 994
4 547
219 981
638 963
964 979
616 649
803 995
775 969
730 862
214 929
396 802
64 386
456 840
940 983
122 816
170 508
746 833
127 945
208 362
961 996
635 932
66 816
939 996
743 878
316 919
28 698
767 991
741 882
958 997
153 982
803 887
719 885
622 858
870 978
9 36
890 956
320 459
121 385
982 984
817 952
739 988
950 1000
652 814
162 393
910 911
430 995
637 917
738 747
698 978
739 938
207 220
972 993
948 961
54 318
569 816
649 896
987 992
143 825
669 761
262 666
168 785
372 510
571 682
891 948
446 585
877 981
499 596
786 961
181 331
94 757
91 995
704 776
218 577
62 156
964 967
403 945
918 959
65 348
440 822
505 945
628 819
803 958
840 896
295 597
217 664
41 277
514 865
692 974
832 994
516 613
767 780
1000 1000
333 500
273 785
906 996
233 250
888 892
591 847
148 768
372 676
953 1000
598 687
248 881
127 295
963 993
622 651
355 933
247 408
705 868
683 884
613 695
793 857
908 908
509 555
323 429
227 482
208 540
870 870
275 559
808 844
976 995
569 618
113 903
893 935
425 681
85 329
492 532
822 978
890 944
892 950
744 900
945 996
533 556
180 785
339 689
238 740
561 812
991 999
540 952
3 150
554 868
483 525
811 820
979 999
685 906
958 984
874 978
577 586
278 969
688 905
822 897
222 756
565 828
956 1000
628 751
829 897
935 993
156 798
993 995
649 812
817 871
314 957
771 945
714 832
129 653
837 887
399 951
413 999
186 663
500 958
497 604
678 928
124 529
884 945
434 962
233 824
446 993
432 614
754 957
309 608
871 925
189 822
754 898
854 938
779 888
106 134
54 87
843 992
235 907
323 331
125 129
130 881
316 418
860 936
911 937
394 772
286 608
94 458
708 987
641 847
65 977
21 468
245 837
350 358
356 942
742 785
350 736
41 260
738 845
857 998
145 604
181 917
120 674
988 990
857 920
215 732
654 904
439 684
830 853
483 672
301 745
940 954
585 988
513 544
880 914
554 755
847 984
898 945
460 684
977 980
815 826
55 519
615 807
196 565
841 984
366 879
675 877
502 502
572 747
917 996
273 973
476 606
704 906
707 758
248 794
70 678
187 912
57 178
548 783
994 994
84 648
244 812
454 465
478 628
287 546
335 511
513 996
339 710
958 997
358 593
462 841
930 961
460 860
559 673
668 922
968 996
909 912
671 904
522 568
145 824
572 626
48 340
216 748
958 991
668 998
63 131
6 448
894 996
864 942
148 295
947 974
711 841
56 437
499 750
115 397
521 737
669 841
151 911
715 847
929 958
535 909
231 690
986 989
940 953
637 713
159 516
654 961
890 944
841 863
550 992
382 913
415 943
684 785
342 538
599 895
963 984
812 992
959 960
409 907
999 999
877 939
475 589
287 703
747 933
952 958
105 219
565 612
608 619
789 819
995 998
986 996
169 477
888 948
489 728
309 693
189 193
817 881
390 827
925 989
339 941
724 831
630 651
904 923
211 855
162 458
869 967
718 845
798 994
520 923
265 486
960 996
925 978
948 992
492 781
274 869
990 991
238 657
243 825
487 496
466 754
453 792
737 815
427 838
579 800
300 302
427 863
440 519
287 664
336 485
986 993
969 990
536 820
97 134
433 962
21 901
307 730
906 916
304 391
318 864
884 983
72 215
19 124
554 799
567 1000
27 550
348 604
899 977
295 857
66 307
527 678
767 885
453 864
629 919
832 990
221 991
526 796
173 828
356 709
405 721
755 955
625 856
181 889
224 861
709 762
727 847
684 857
161 822
481 505
989 989
488 667
331 817
55 725
649 940
403 653
844 984
589 873
960 998
856 992
873 947
565 894
588 984
480 925
447 921
621 668
238 744
61 926
463 599
532 543
895 936
596 962
993 995
268 310
586 738
252 326
79 832
628 840
813 934
654 777
805 916
185 408
871 942
73 953
622 943
260 447
309 803
561 753
501 729
169 241
339 995
64 865
191 491
602 756
357 960
398 848
530 703
583 821
813 904
250 951
548 973
319 396
616 882
741 979
139 992
557 700
291 491
711 741
406 740
343 949
263 758
95 610
676 773
248 657
433 941
863 954
185 604
278 590
560 991
661 799
767 912
779 884
626 929
52 251
776 877
675 831
502 743
220 925
755 873
681 865
720 767
339 729
19 183
431 787
740 966
304 811
220 912
4 903
204 767
480 695
148 582
937 993
396 683
893 895
648 969
403 545
651 656
239 348
642 799
112 129
331 946
621 867
685 920
441 867
718 866
724 815
484 526
80 982
959 980
744 990
350 488
363 495
646 755
580 744
192 684
1 397
578 658
790 903
453 534
537 826
170 685
742 813
87 266
739 804
745 908
695 906
224 405
559 726
745 895
46 115
788 995
435 955
546 546
905 996
282 534
197 845
409 588
279 679
28 396
801 906
853 889
283 951
659 897
497 672
661 701
536 638
325 609
224 445
667 809
344 874
761 807
25 491
961 983
915 928
38 646
332 648
481 737
331 856
452 654
843 965
590 951
252 543
356 430
466 930
248 773
657 941
789 910
207 615
880 893
84 700
693 853
597 1000
581 853
289 943
497 775
775 979
427 851
730 918
753 912
767 859
120 419
85 990
229 750
269 365
632 819
816 904
938 989
466 934
655 721
40 285
117 984
862 936
571 958
950 994
397 515
549 858
14 913
162 909
287 396
411 649
137 243
208 654
777 953
856 963
468 577
652 832
91 352
675 692
466 489
628 918
921 985
279 913
990 994
480 929
144 290
421 530
811 860
624 960
552 917
939 987
669 691
751 789
291 874
635 940
647 901
306 490
608 1000
543 972
542 831
218 344
802 876
351 360
948 950
414 496
80 937
441 941
216 611
263 975
219 291
58 527
951 979
913 919
169 419
17 998
645 780
842 855
820 941
598 618
727 769
416 771
847 868
614 676
95 645
895 967
986 986
212 543
98 298
401 755
772 916
736 917
847 854
86 288
428 779
42 912
18 187
918 950
114 287
613 648
119 701
42 189
186 984
33 938
315 558
697 839
86 353
425 977
411 771
655 790
782 858
832 848
637 972
903 936
880 979
37 84
468 518
752 976
731 820
528 962
316 732
599 957
518 594
484 490
785 954
206 982
305 987
84 211
437 626
874 919
619 926
707 824
96 355
963 983
768 808
73 175
499 701
951 955
540 694
738 763
54 312
391 472
398 851
572 616
483 893
393 723
884 933
787 872
850 951
474 786
952 994
522 896
971 991
171 468
882 922
838 872
433 926
499 507
742 792
141 620
713 841
784 943
745 976
350 508
376 573
803 925
142 632
901 998
929 962
896 923
328 962
634 878
367 890
285 954
832 880
423 656
276 821
23 510
159 287
667 710
271 324
617 766
976 985
290 963
65 116
399 421
766 878
440 909
581 939
771 895
134 696
372 584
386 590
604 759
68 935
908 992
36 425
149 432
898 977
408 975
210 233
849 967
107 145
31 617
861 964
783
896
378
122
350
201
491
320
267
839
197
25
741
977
749
490
749
759
422
191
987
983
705
721
537
766
564
558
740
716
146
447
5
194
264
186
435
787
510
444
572
995
570
147
93
422
134
661
804
794
375
88
463
17
72
513
397
583
710
924
477
717
971
183
314
797
124
203
436
655
795
321
480
511
933
191
797
252
724
841
83
573
409
954
857
840
525
767
195
318
592
676
339
650
204
279
156
116
230
951
211
807
605
108
255
538
103
74
874
403
273
376
172
648
367
566
923
686
777
974
604
354
613
939
822
631
352
246
749
16
410
109
443
612
370
941
433
665
714
749
287
768
867
249
907
808
175
585
495
562
392
921
949
371
671
334
63
379
764
402
618
896
718
127
387
965
524
684
549
547
892
589
27
649
66
466
562
804
569
960
728
455
168
285
458
442
413
607
63
253
689
109
843
158
937
476
44
617
649
115
599
137
264
96
383
725
778
31
600
135
406
11
300
245
496
602
603
23
289
789
796
836
183
910
149
750
943
774
311
465
133
703
1000
721
127
269
740
464
194
590
144
743
962
797
783
650
571
650
887
404
352
880
270
353
10
81
818
304
763
969
134
391
624
484
61
465
609
807
588
354
544
760
813
394
554
645
524
772
786
169
304
527
151
766
964
922
149
504
523
520
317
183
247
692
137
252
862
570
394
763
923
615
855
273
961
553
736
203
967
659
154
456
413
963
340
889
981
548
780
719
477
342
410
307
357
829
935
841
916
195
425
568
967
607
113
125
803
733
72
571
742
434
725
595
164
113
159
252
553
975
665
293
747
738
519
984
260
135
767
639
703
177
142
835
503
497
612
289
124
740
466
943
398
696
880
375
397
625
431
297
110
887
267
783
9
599
263
130
565
291
221
963
765
750
343
439
638
659
995
852
116
515
262
587
724
522
243
666
800
673
704
445
3
28
287
284
653
224
584
184
394
270
104
774
13
753
859
771
486
64
782
13
272
228
374
611
340
253
66
262
515
788
706
481
765
741
793
278
29
701
934
802
841
68
25
35
79
232
975
214
534
486
253
905
804
557
941
955
515
466
223
615
495
578
912
869
151
256
639
516
853
70
469
771
640
121
870
702
871
654
591
872
48
840
187
783
848
599
766
396
291
994
954
800
435
194
226
488
482
759
42
902
525
823
271
301
97
877
633
698
428
763
440
789
625
372
994
882
884
87
186
548
998
146
345
513
122
367
426
46
962
7
203
765
500
105
320
493
447
575
468
54
728
120
770
818
807
753
984
770
675
332
644
267
438
311
164
451
346
662
804
715
815
757
896
293
440
167
54
702
801
701
91
807
820
808
593
545
398
900
621
407
790
251
609
20
443
485
947
37
218
302
491
318
151
276
120
962
147
882
51
962
240
76
255
860
439
850
233
230
806
758
924
195
729
642
748
548
246
1
902
553
980
904
467
955
596
182
133
989
379
952
103
509
825
708
918
616
819
960
908
282
143
652
376
836
371
592
336
434
723
745
686
96
672
455
976
40
869
616
685
135
697
878
170
466
611
338
322
591
885
2
844
246
95
538
126
988
48
600
151
250
969
887
114
898
457
608
304
821
834
95
446
394
579
107
767
658
809
415
114
63
659
990
928
702
244
835
783
595
211
488
318
94
951
500
210
711
513
887
576
47
408
190
217
768
589
506
204
594
325
398
58
341
921
894
955
331
794
72
786
444
346
874
399
349
285
570
142
392
266
561
216
39
700
613
417
2
883
651
448
845
714
760
321
92
809
860
503
800
368
787
66
700
553
499
386
918
943
92
383
829
806
752
339
901
2
16
992
381
556
497
818
720
516
298
78
967
44
5
205
353
807
667
897
458
654
82
886
258
968
695
692
679
540
620
924
631
307
689
773
37
582
380
244
177
422
610
820
723
668
809
9
125
582
53
528
272
30
606
259
395
703
416
69
889
309
396
223
20
908
717
615
150
281
828
438
216
565
621
695
862
876
676
728
499
79
306
733
669
982
647
307
278
300
576
906
837
804
726
656
946
231
270
982
812
31
581
596
54
335
962
873
292
963
652
715
782
279
682
858
492
301
373
828
173
978
523
281
413
374
687
627
122
40
125
549
221
269
541
683
900
736
713
998
414
648
242
269
36
345
134
590
471
342
445
182
58
121
833
382
820
409
33
276
402
677
393
283
276
670
788
274
395
67
215
740
888
724
912
538
767
841
826
157
442
857
487
667
781
786
14
916
194
614
230
809
666
122
185
522
407
929
304
203
182
95
981
545
642
351
994
535
139
554
450
51
891
192
327
598
455
142
55
672
620
159
546
38
70
189
230
763
801
298
64
295
286
248
53
503
990
608
815
948
920
402
61
526
515
9
663
206
302
246
753
267
153
476
494
111
144
251
278
781
421
311
964
957
719
984
707
928
752
540
779
715
862
185
981
485
281
284
698
231
413
210
707
185
485
501
492
870
647
651
855
547
88
350
358
869
135
726
949
944
557
179
872
351
966
454
234
334
147
103
487
340
246
494
556
888
238
634
80
68
701
712
394
93
84
450
300
729
505
905
220
939
331
991
978
837
783
345
792
938
837
494
250
567
816
488
430
549
630
565
994
707
860
511
1
936
113
683
622
298
316
923
338
75
623
40
257
675
59
550
962
699
400
670
944
660
614
242
215
303
722
596
426
89
479
557
752
291
744
455
898
784
762
967
83
106
506
953
491
923
803
579
492
358
30
134
613
443
541
344
405
883
210
431
712
192
800
737
852
223
218
28
981
555
681
332
299
307
104
633
624
117
416
686
385
311
966
337
639
709
499
720
293
959
146
134
992
574
463
607
479
207
31
504
565
20
974
121
60
726
367
224
640
327
705
814
603
521
515
862
821
1000
451
184
532
634
744
661
253
244
24
921
667
57
604
103
467
795
896
843
253
470
978
655
119
125
699
802
919
136
792
364
894
11
688
941
657
495
567
440
687
962
442
878
208
619
193
97
256
849
478
765
127
949
129
758
217
207
79
680
171
193
197
971
92
894
574
976
291
443
809
252
663
304
178
25
108
154
530
581
458
457
542
740
903
598
701
687
948
980
300
127
515
350
785
920
504
879
304
67
715
504
16
481
655
852
711
937
381
810
663
652
691
510
481
88
789
851
382
755
847
930
631
787
95
538
465
636
612
426
697
591
169
117
477
127
336
607
759
617
442
747
993
616
325
748
528
476
870
493
526
593
87
526
713
335
360
469
153
857
515
406
23
458
890
40
972
20
1
145
736
893
222
553
202
189
508
388
722
102
147
941
792
895
221
124
776
988
445
124
858
341
788
165
635
899
559
242
23
4
242
370
772
106
384
388
318
129
763
297
145
117
218
722
410
649
558
782
945
769
433
45
814
821
46
647
608
310
604
6
970
799
152
697
731
732
131
392
234
745
341
840
923
465
776
759
573
180
459
913
603
944
841
511
442
434
950
756
262
651
497
177
167
369
576
517
758
117
826
504
796
106
690
281
928
123
660
558
2
390
346
806
248
261
600
650
355
914
461
620
278
676
786
688
201
203
190
940
739
65
847
684
208
754
608
644
551
651
714
888
978
113
409
434
849
958
2
934
780
334
802
194
231
471
853
494
763
925
568
167
197
103
756
614
378
759
267
824
408
772
145
813
37
954
319
560
989
677
908
335
573
898
726
541
909
651
170
143
164
388
619
990
295
539
581
712
769
415
541
467
701
837
642
477
758
456
710
150
910
697
3
591
910
45
728
779
21
770
925
77
82
3
571
788
882
5
953
73
397
420
837
945
928
390
100
987
543
508
534
239
738
455
109
498
715
255
56
630
926
367
2
592
981
611
43
663
267
202
95
192
996
524
562
992
541
325
450
309
292
48
263
150
15
597
630
192
587
359
628
936
125
518
898
839
262
997
445
450
766
858
725
60
320
52
326
761
308
776
979
228
580
700
360
645
639
638
358
591
526
557
687
240
617
764
365
629
328
622
127
269
279
73
128
796
703
697
670
978
525
132
177
962
930
104
912
178
108
707
710
135
787
475
958
277
365
6
225
694
635
5
313
239
496
318
974
245
55
881
712
603
770
66
131
663
966
221
548
860
439
634
378
249
714
535
191
80
264
705
413
257
560
540
825
471
90
63
225
475
162
594
567
90
813
311
670
128
405
564
66
505
535
891
712
736
541
978
435
503
303
158
994
602
939
489
693
721
459
226
515
335
17
830
934
898
177
387
758
770
569
178
705
115
482
706
921
741
807
504
375
36
290
930
3
751
910
218
792
131
488
209
139
123
29
689
791
677
158
723
559
447
887
338
295
873
924
674
970
869
452
926
408
754
695
799
157
761
744
18
72
150
571
9
100
513
995
797
196
430
275
185
434
293
100
474
999
381
585
168
854
482
545
628
288
543
544
898
406
917
362
144
842
297
884
983
678
378
139
570
77
18
384
917
569
547
45
674
745
360
507
457
458
137
991
400
92
715
193
639
449
939
151
250
830
405
270
554
593
432
242
238
341
44
185
844
699
472
411
864
116
502
995
669
458
443
454
470
523
13
597
210
805
903
11
530
775
832
346
3
310
396
865
668
100
681
249
956
859
701
604
230
409
605
801
203
216
1
599
430
137
137
788
23
646
595
555
124
287
580
701
989
879
941
744
395
420
159
348
882
331
522
229
341
244
655
970
699
865
503
957
664
790
574
6
976
558
591
214
25
43
578
872
977
653
774
682
511
113
996
290
882
819
387
212
299
715
209
355
785
369
906
872
201
298
539
674
362
657
934
606
883
736
527
786
158
6
845
561
426
171
484
235
463
42
934
934
454
235
81
413
652
1000
976
183
511
278
109
743
409
761
336
389
173
886
852
403
78
345
773
525
6
812
492
117
292
977
138
590
190
985
551
589
868
779
479
607
807
37
243
542
763
78
946
163
108
153
758
700
870
703
620
411
61
243
32
539
37
387
41
455
694
635
231
909
589
999
465
122
989
502
780
315
239
955
927
737
793
970
342
233
735
190
893
435
655
919
759
254
439
844
209
351
420
83
404
640
954
569
941
164
810
973
978
557
428
469
140
631
342
281
886
417
517
405
469
869
313
837
694
674
378
343
62
913
5
866
940
38
557
641
411
353
401
894
388
5
454
740
979
626
278
77
450
523
474
208
992
294
700
318
192
317
114
245
12
74
308
685
92
499
222
859
789
665
573
728
456
930
476
758
551
840
423
268
802
926
594
482
875
288
834
512
928
13
240
830
603
335
791
21
984
844
808
114
733
829
77
661
262
601
694
115
185
652
717
631
993
189
333
540
189
518
634
800
863
316
903
714
218
534
569
40
295
461
40
53
306
16
147
215
999
539
745
114
349
899
790
141
365
893
805
438
216
925
259
75
653
921
83
353
812
395
719
151
108
563
275
838
449
136
74
308
141
653
991
636
843
959
930
146
1000
591
837
558
866
443
542
211
363
853
923
533
453
310
934
321
42
441
964
308
959
154
513
617
485
780
551
43
416
543
724
183
788
506
358
281
321
910
210
477
528
104
554
121
661
91
604
961
218
81
137
193
936
755
64
268
421
402
165
395
933
488
707
28
244
762
987
530
924
804
957
461
380
991
811
390
779
457
276
733
267
241
420
956
643
293
525
482
840
943
103
948
359
965
679
679
547
470
779
356
765
312
935
77
622
865
448
753
314
560
129
30
897
842
968
541
604
536
998
723
246
105
41
630
661
33
446
840
282
522
192
234
795
771
267
725
110
569
372
462
939
650
668
484
834
440
364
931
36
938
925
865
151
499
30
762
118
540
963
518
327
632
473
16
505
593
474
695
119
24
66
843
435
107
768
118
235
579
74
654
321
28
844
87
766
698
314
490
778
402
742
751
240
169
720
488
49
147
912
840
135
220
678
538
591
120
251
598
967
60
490
321
210
782
355
795
208
925
807
594
250
5
339
477
803
176
936
282
658
818
420
549
594
276
355
935
39
76
862
44
885
159
177
692
190
430
338
372
446
787
302
721
188
808
104
793
467
156
473
252
597
621
887
80
154
190
253
666
740
395
40
400
297
289
317
516
993
356
570
78
828
231
154
652
189
222
122
188
530
424
844
151
95
379
845
855
253
842
524
315
796
458
849
216
883
798
995
604
113
277
12
599
175
553
467
525
674
380
97
700
39
522
735
416
907
584
352
254
840
869
174
925
73
278
927
59
403
203
337
640
298
630
262
19
340
953
858
411
362
764
917
217
646
436
253
950
595
90
145
85
287
252
995
925
234
284
421
619
993
474
415
715
473
537
681
878
393
751
211
930
357
592
38
114
551
747
467
74
144
87
565
628
194
451
797
347
539
794
345
338
393
798
851
887
687
809
682
966
530
58
967
324
508
321
375
154
254
175
848
605
892
587
523
581
949
133
36
67
534
230
815
101
161
558
508
793
744
721
827
352
711
539
438
542
680
267
228
39
139
433
226
577
742
745
20
493
406
737
538
302
777
798
929
589
259
773
480
643
887
88
638
109
854
610
856
262
740
478
963
966
286
479
768
689
942
570
500
380
98
565
268
80
602
919
575
659
594
915
856
746
563
338
72
526
266
456
107
792
581
796
176
736
161
103
349
853
251
55
40
496
717
503
223
707
818
437
106
68
286
478
703
208
633
936
808
277
577
569
364
469
59
79
242
220
832
514
681
449
825
877
301
871
766
969
588
677
81
162
674
677
535
193
665
534
532
874
599
731
655
684
814
110
586
693
854
662
728
462
542
640
955
288
981
434
404
813
481
598
45
151
144
277
421
249
387
303
73
460
591
924
687
533
845
410
226
235
116
167
51
630
998
749
570
239
833
998
302
396
862
226
153
470
514
670
361
846
26
752
14
357
193
481
537
17
852
758
653
356
468
824
243
512
11
76
965
994
214
820
312
83
497
659
730
915
350
200
904
86
537
544
5
470
372
216
533
474
695
135
981
958
325
809
747
538
259
711
457
237
354
613
194
725
481
425
199
992
311
453
538
50
750
445
803
938
940
939
720
419
3
589
406
536
771
355
575
172
49
640
728
903
484
127
752
345
805
190
981
467
435
307
171
479
165
215
292
41
879
750
420
300
155
263
78
395
337
454
620
717
950
991
313
171
259
608
705
23
333
193
57
681
398
503
995
661
442
676
256
648
572
691
890
786
797
223
154
352
658
443
806
832
318
150
83
747
718
877
506
147
107
741
66
456
261
752
187
214
244
142
476
567
505
926
396
165
664
961
524
727
129
882
480
788
946
789
704
175
318
532
685
159
182
244
174
872
796
778
851
851
583
257
609
694
745
556
388
397
878
755
706
929
759
625
784
965
416
513
630
604
290
195
147
595
739
91
443
20
205
831
181
614
962
202
885
266
612
86
952
931
20
730
112
375
420
602
542
990
365
179
894
983
76
948
539
694
35
662
882
907
662
241
200
74
972
181
130
619
436
87
710
892
9
129
544
110
779
107
724
754
227
953
943
460
535
926
620
168
17
252
399
888
573
831
617
489
894
709
377
555
367
575
787
707
701
299
837
561
215
599
942
743
149
152
705
519
497
90
137
199
429
782
41
432
608
893
196
505
16
955
578
127
180
135
681
366
152
999
640
684
819
813
793
347
67
856
724
217
389
632
694
781
671
476
488
458
795
73
509
973
726
694
90
5
422
452
414
833
388
484
209
198
69
956
964
702
337
326
894
726
928
558
424
757
7
199
497
341
66
814
853
31
244
913
949
691
543
499
876
60
839
657
775
682
641
969
832
759
415
4
975
616
278
900
797
359
177
683
658
413
813
715
125
452
90
877
863
760
816
455
821
579
737
85
909
979
308
204
343
984
68
445
153
339
869
976
471
195
698
53
588
18
791
161
687
373
707
450
589
500
802
865
236
580
22
287
130
493
333
128
815
145
513
184
384
952
923
290
566
808
117
263
245
603
363
243
660
762
156
137
928
371
805
528
571
310
288
547
543
74
573
417
16
789
53
462
585
115
437
27
644
100
103
800
332
349
459
146
847
373
109
956
22
135
148
578
389
456
647
791
838
444
417
298
711
138
78
704
224
767
17
541
820
206
300
816
126
525
620
40
690
457
706
368
111
572
338
90
521
362
224
446
474
754
184
915
350
108
961
6
997
805
157
760
261
823
599
613
454
306
601
444
203
313
380
477
896
592
553
146
176
870
80
104
564
30
936
19
610
137
151
568
700
315
652
366
570
235
777
151
241
357
668
879
112
320
840
12
850
79
381
642
314
503
679
566
482
904
847
869
140
401
371
159
943
497
295
969
414
349
218
777
169
25
395
888
621
445
876
559
219
55
174
135
554
636
891
563
735
418
668
693
432
712
256
23
806
984
320
260
193
487
53
849
236
666
517
504
707
184
860
946
305
440
324
659
349
100
303
236
798
213
160
45
445
929
358
589
723
213
545
983
104
24
260
530
153
742
820
201
899
291
387
810
252
536
528
752
575
89
21
780
50
86
861
651
311
567
428
828
511
703
782
766
980
833
27
430
485
36
527
815
613
187
625
498
532
648
946
270
419
907
207
803
469
103
838
753
712
550
616
919
798
98
550
22
65
973
871
707
13
5
64
44
86
363
186
493
122
143
152
574
688
74
120
375
130
294
308
617
588
652
812
295
842
558
162
897
720
141
703
624
94
37
633
11
415
800
341
12
877
320
231
502
901
317
946
327
250
355
627
303
546
837
884
883
674
41
907
339
85
950
470
188
676
579
945
268
41
851
6
908
213
808
763
563
121
613
690
421
380
373
931
98
692
144
175
517
289
91
386
217
301
403
239
595
634
917
361
782
948
486
222
841
820
131
953
231
136
638
186
859
470
19
952
185
512
574
467
354
36
285
579
387
569
405
665
492
98
933
651
907
68
258
839
721
300
901
859
907
705
428
201
47
522
712
752
893
696
453
385
681
207
332
409
180
56
873
572
548
257
19
11
361
606
532
758
22
167
871
950
348
783
975
445
213
348
937
99
861
942
246
815
770
8
127
779
227
16
670
777
235
296
442
625
613
531
231
258
895
765
942
981
7
268
231
444
148
325
885
228
543
839
207
545
17
133
995
888
669
342
282
553
767
926
544
968
585
453
618
966
940
900
706
587
719
872
845
190
862
980
773
910
580
563
794
757
812
263
174
600
664
239
834
738
537
831
524
234
273
566
911
796
473
922
680
831
605
468
479
389
115
402
724
894
167
463
751
904
50
571
187
205
787
771
677
813
943
76
193
311
860
24
924
168
196
768
120
223
519
994
603
135
640
430
603
862
105
406
903
483
408
947
566
198
601
789
637
828
574
989
22
885
443
544
332
109
313
172
995
14
566
306
884
437
125
831
538
233
583
710
672
857
627
20
412
673
970
650
873
343
103
430
499
377
417
285
150
62
743
468
83
268
637
563
302
168
227
92
601
582
971
877
790
75
956
651
795
857
945
607
702
3
932
530
237
774
986
390
353
440
217
864
81
468
23
257
722
710
248
661
328
967
937
552
955
77
760
925
36
931
650
534
928
810
258
500
400
593
189
961
760
530
775
908
687
1000
174
173
661
139
667
666
635
685
330
72
550
81
929
699
435
489
857
740
155
83
138
368
756
213
827
567
508
936
668
511
381
951
173
99
875
613
209
923
26
527
495
467
5
17
327
347
195
14
153
613
854
567
647
306
901
481
13
648
903
66
292
642
590
310
27
747
672
262
47
684
961
295
573
411
161
868
265
637
254
766
159
731
222
691
851
503
337
876
237
217
129
945
639
693
479
892
315
209
88
535
889
779
568
702
136
972
340
192
969
297
436
344
81
132
122
841
273
507
453
366
224
904
97
864
383
636
676
230
711
97
209
128
319
724
781
491
844
699
778
277
162
800
196
952
820
445
358
626
391
958
451
818
153
113
790
959
514
535
931
984
218
29
496
395
306
961
331
219
351
661
959
637
68
577
944
986
557
912
210
747
948
6
18
529
683
315
82
424
957
303
979
167
595
432
686
717
2
892
639
875
403
81
323
786
667
323
880
280
855
992
693
60
220
928
587
489
265
494
929
152
243
308
48
41
306
255
95
514
53
273
953
362
181
833
915
61
751
225
966
583
303
362
466
652
460
109
886
673
672
435
791
683
408
911
724
870
874
828
610
207
150
233
780
659
550
558
219
697
436
377
827
277
347
28
696
58
454
206
820
773
369
269
764
543
788
339
528
598
157
871
31
531
231
700
142
746
435
682
338
497
447
790
161
362
621
564
969
750
889
944
765
815
346
382
374
194
438
547
640
596
66
28
234
507
152
243
59
615
144
173
849
530
981
41
380
486
4
66
341
520
616
728
287
628
15
822
465
638
361
152
28
76
571
55
745
417
71
564
386
191
173
164
753
240
300
981
215
91
520
586
951
314
798
797
229
150
837
511
264
11
19
232
520
988
710
603
13
82
965
254
751
620
48
635
712
481
706
742
974
603
192
530
39
837
759
69
606
611
480
316
315
762
294
700
446
406
773
22
687
396
929
928
115
520
794
871
731
403
327
826
376
674
152
21
288
365
256
909
533
526
283
479
241
283
969
381
128
453
6
553
387
231
870
713
39
784
72
783
292
781
51
840
885
725
519
429
254
810
450
940
853
584
45
157
793
593
675
535
70
571
34
392
66
914
843
86
105
108
240
680
3
186
302
805
369
382
916
222
226
986
436
480
403
653
117
451
759
119
21
928
121
143
494
86
776
798
202
963
674
701
500
40
929
635
971
564
756
618
609
443
580
859
677
103
702
163
614
573
573
288
904
934
373
320
854
861
582
200
581
504
289
380
246
884
198
449
260
709
233
806
447
413
69
902
886
959
280
395
419
845
79
866
758
12
971
756
637
790
562
767
979
844
390
239
575
205
602
768
518
626
943
364
427
286
457
589
685
116
987
926
515
717
958
127
453
79
642
763
858
47
668
624
96
418
553
736
207
592
882
431
244
739
361
890
384
439
144
251
582
628
779
113
812
773
460
108
549
394
901
15
935
217
985
358
833
572
630
541
543
91
982
363
86
118
50
353
912
201
209
375
496
135
152
399
32
100
190
353
187
678
804
630
607
111
74
281
125
552
750
888
417
488
549
345
409
734
857
848
785
578
556
984
413
548
392
546
560
791
963
738
171
337
936
83
648
150
724
1
674
605
427
877
304
160
507
124
853
478
464
660
920
753
909
530
108
633
597
107
23
890
566
683
482
929
879
603
603
709
343
443
144
155
753
273
827
493
966
573
692
430
802
621
2
554
796
888
399
147
249
27
18
451
394
190
677
691
825
419
795
234
655
745
780
524
557
708
929
514
322
379
618
952
901
928
642
536
921
557
678
792
54
571
74
723
269
376
667
14
512
587
575
410
882
733
514
380
510
869
416
349
488
757
231
398
883
50
5
217
898
552
361
963
967
783
752
261
160
92
802
825
796
867
348
765
579
558
223
70
126
595
948
340
377
61
826
560
373
173
321
450
981
138
826
842
968
523
951
373
555
332
293
874
321
691
508
828
52
891
634
165
879
742
505
285
642
444
521
712
296
536
554
142
69
61
572
455
629
968
39
925
449
914
858
442
480
489
283
428
139
504
973
1000
293
458
902
385
905
803
390
384
290
957
549
652
478
709
123
765
620
797
923
292
501
704
368
950
307
839
518
324
279
101
93
902
356
949
773
975
467
675
823
356
827
790
207
829
550
276
688
928
493
25
260
324
311
718
293
302
508
763
13
913
12
250
985
823
47
704
751
331
768
118
540
479
323
855
95
356
313
5
524
681
211
303
71
686
251
554
961
844
514
317
301
52
516
403
565
910
597
629
723
470
908
24
851
950
842
176
23
77
862
39
647
885
591
898
213
144
700
403
216
521
428
901
265
464
768
600
514
504
796
488
370
557
451
97
35
602
576
191
548
836
752
460
274
799
756
129
791
389
146
515
738
6
816
660
220
917
442
400
680
316
613
179
797
511
495
704
164
287
750
746
174
363
915
805
730
729
595
914
455
309
151
205
353
785
271
191
920
315
525
937
400
416
576
50
682
89
841
88
609
671
89
504
375
296
904
36
638
1000
751
221
494
428
970
993
687
195
964
661
923
75
991
110
425
366
501
814
807
972
251
898
555
864
508
22
373
348
476
781
626
283
929
351
371
417
691
200
162
134
667
895
797
451
958
767
477
102
368
658
333
982
147
254
852
375
308
780
616
479
797
653
289
671
22
303
261
882
605
343
924
174
239
878
769
132
356
782
179
85
19
926
937
309
79
757
153
369
82
369
519
158
33
432
326
455
422
723
970
556
375
792
158
656
464
355
574
511
374
535
633
620
996
378
698
100
602
337
713
297
996
571
605
823
314
133
234
153
371
713
8
711
838
910
751
481
20
215
748
979
577
676
354
398
507
383
275
412
394
110
557
792
648
408
686
627
759
913
634
533
324
709
818
104
994
885
819
714
807
362
228
310
708
270
332
985
873
347
986
335
119
850
724
901
30
670
84
450
105
188
8
699
325
101
592
894
603
118
763
367
82
929
22
340
901
674
819
415
578
757
749
309
670
250
997
606
330
657
202
83
399
55
424
352
327
157
332
73
464
523
773
815
735
46
599
552
923
872
7
84
950
663
883
441
121
79
754
417
467
341
947
51
297
968
615
544
268
512
936
340
379
232
566
608
117
959
356
145
611
647
684
609
860
539
438
346
411
359
176
545
227
650
237
279
850
383
684
916
417
571
891
65
401
918
652
482
553
571
816
906
36
929
734
138
571
230
346
569
839
712
550
456
211
648
802
936
468
366
297
475
649
22
215
862
824
631
263
587
430
598
853
864
201
70
75
520
158
134
926
770
954
222
300
280
572
910
455
495
431
718
987
796
202
269
916
413
856
420
981
34
869
719
684
526
184
560
616
625
606
399
397
862
150
135
142
571
722
393
324
742
375
60
359
988
735
827
510
549
866
92
898
525
733
13
957
500
847
843
585
896
547
309
626
621
836
683
572
933
521
889
31
717
152
574
396
965
320
353
708
282
461
859
324
541
333
606
439
16
395
918
369
464
15
13
416
863
955
987
981
979
477
943
103
9
449
731
392
337
25
68
618
332
826
772
390
95
96
675
12
262
36
682
981
588
648
244
301
617
218
455
340
159
925
776
807
296
358
441
142
908
370
310
813
446
57
603
691
784
746
843
46
470
413
230
861
638
551
612
944
863
367
252
467
328
74
44
598
681
72
901
497
292
567
926
709
669
559
282
609
787
885
346
824
928
209
482
868
184
717
317
958
528
636
230
305
970
736
600
372
553
694
623
568
791
186
373
751
161
3
215
456
832
252
846
694
586
673
859
630
240
893
25
988
731
177
284
284
146
485
757
38
692
581
489
562
476
657
936
739
453
786
839
183
795
466
691
77
592
573
140
566
977
89
530
415
520
263
167
3
102
124
773
560
578
934
56
87
818
136
404
398
464
675
962
859
275
1000
345
511
329
172
352
406
711
783
985
42
270
341
138
193
438
836
380
604
683
759
371
577
232
34
241
459
122
189
711
855
179
539
376
928
178
291
194
364
564
81
720
259
176
475
100
567
351
925
841
257
551
139
836
993
120
362
864
898
105
281
729
980
949
832
167
572
416
996
324
109
873
513
181
160
758
506
78
691
296
732
807
276
829
661
434
396
332
341
490
713
63
252
613
413
37
488
749
91
43
452
596
399
839
734
59
418
313
413
427
628
411
396
370
667
777
422
574
145
626
127
852
573
637
610
182
749
848
980
994
209
526
806
635
622
565
992
552
485
56
945
862
818
15
525
247
184
99
417
321
816
552
217
433
35
905
545
119
641
432
377
117
443
848
84
541
191
764
375
382
316
272
11
950
434
631
868
526
896
24
722
621
556
561
645
267
840
928
365
539
892
593
547
579
654
626
716
899
628
891
740
992
438
718
71
767
339
162
794
570
119
303
981
523
187
689
992
902
363
690
560
328
318
596
317
605
850
758
487
467
745
975
259
103
489
172
898
137
383
207
73
290
774
772
584
521
353
474
765
335
508
29
112
407
417
786
947
704
135
482
416
523
987
38
994
725
491
397
56
607
887
635
712
968
35
516
930
160
459
596
775
152
351
330
471
183
998
461
458
921
706
115
927
881
854
549
278
848
541
223
666
128
596
265
452
313
665
598
559
587
643
843
625
420
800
345
798
96
318
69
122
66
769
305
663
331
78
704
343
171
867
986
606
798
198
42
7
783
801
682
15
778
972
213
929
10
723
357
986
514
905
317
440
866
927
116
639
575
281
497
944
259
400
679
80
359
681
534
451
594
905
224
415
383
136
778
804
492
196
898
473
720
430
689
930
305
482
737
83
462
935
894
216
768
538
393
297
281
841
645
300
495
858
923
31
175
370
881
201
780
735
468
421
47
397
689
472
647
335
841
349
187
980
475
10
86
630
311
10
267
127
738
948
858
878
215
58
266
394
724
361
720
839
693
596
51
692
850
942
73
995
990
723
556
931
110
993
436
5
533
592
570
452
729
873
846
615
15
957
732
300
96
720
584
721
926
16
583
806
430
313
207
465
943
604
182
95
95
884
427
429
72
940
797
523
396
104
395
428
608
757
805
286
188
640
950
185
951
418
368
906
395
736
21
445
699
398
276
386
755
979
338
7
899
714
642
742
100
383
38
853
232
88
284
369
832
210
906
452
988
810
62
11
184
546
545
125
708
75
845
616
557
367
910
635
27
400
473
452
579
896
52
773
759
493
321
21
573
890
845
427
981
793
626
121
490
301
118
978
214
305
495
549
846
125
174
538
733
303
401
827
331
674
439
139
109
586
964
414
486
877
305
348
901
335
40
654
453
587
270
202
921
502
392
598
733
437
191
410
739
840
14
170
196
911
477
127
778
702
281
406
401
39
320
930
94
356
424
415
357
443
519
695
793
684
165
423
910
303
588
807
689
412
977
742
73
567
900
982
865
675
427
497
982
998
302
199
593
318
101
977
603
887
371
548
133
390
679
780
204
316
890
780
476
878
376
250
762
622
579
775
161
917
61
23
932
439
802
390
596
893
317
404
275
369
938
332
63
340
801
564
922
674
480
256
917
847
669
885
162
493
744
656
897
443
460
231
246
291
13
703
854
850
323
536
721
260
643
691
930
108
750
237
425
705
412
125
41
572
280
503
354
595
556
490
600
264
536
251
514
958
785
738
896
246
882
818
325
185
813
772
715
398
349
158
848
608
342
172
940
194
302
243
535
274
912
683
264
960
299
336
151
233
517
534
582
184
775
952
191
930
483
738
639
962
671
180
488
231
117
470
213
931
335
615
569
800
858
545
640
608
861
288
45
357
78
600
836
493
930
268
687
66
292
474
123
634
35
906
228
599
152
271
337
263
400
153
864
711
466
298
968
114
492
282
429
759
133
19
747
343
46
207
477
42
647
71
977
705
536
782
803
783
703
183
205
443
47
513
600
381
293
891
824
273
119
25
309
332
396
323
125
385
585
540
532
338
520
585
577
865
28
946
985
286
180
175
380
20
410
709
766
899
616
473
771
724
822
229
74
846
494
632
266
355
415
522
824
668
522
986
939
902
213
283
869
114
656
864
31
878
565
636
860
474
253
125
609
772
693
950
8
652
452
636
117
141
346
580
439
871
706
190
162
27
680
423
320
487
193
967
430
457
622
854
686
630
577
659
467
644
698
805
697
833
755
495
538
597
387
91
926
833
438
933
867
264
948
67
810
391
973
89
762
505
238
207
632
944
60
534
763
642
626
2
777
452
72
90
488
887
552
14
151
665
166
867
782
890
349
705
772
534
692
711
403
323
268
599
757
481
308
622
19
826
513
735
622
880
805
178
776
370
305
67
207
690
694
69
753
146
651
616
757
769
35
74
676
367
549
800
292
522
442
973
525
62
472
403
839
150
937
387
571
386
930
107
4
531
35
102
857
328
183
144
618
251
499
980
107
791
660
775
596
879
462
846
390
422
117
91
894
143
880
379
567
370
437
322
463
778
127
196
186
564
199
200
309
548
792
965
232
581
306
509
696
633
129
962
941
263
639
943
129
135
350
565
225
563
848
19
946
747
694
708
868
940
246
833
886
763
176
433
792
233
576
614
754
29
443
682
559
877
595
744
131
43
807
374
474
66
947
167
535
325
676
542
107
360
188
64
99
63
558
907
525
871
936
964
456
903
639
70
705
599
430
205
343
699
870
440
162
385
396
731
450
909
472
433
792
165
370
703
907
234
876
852
287
433
725
536
648
489
957
953
500
782
199
280
540
803
911
338
723
68
195
545
841
975
562
81
989
381
970
166
520
123
507
217
534
97
167
101
759
270
654
741
704
332
871
898
825
512
324
548
924
779
820
788
37
862
79
392
617
832
440
699
685
598
967
780
562
730
689
204
619
417
139
66
710
540
994
181
337
237
934
285
754
412
432
162
33
56
773
859
52
194
939
607
234
746
236
719
445
56
691
245
130
997
45
879
992
984
78
159
92
121
772
926
117
572
861
291
508
498
454
403
290
608
840
625
609
569
969
657
957
401
244
383
753
537
263
88
975
29
856
132
100
786
857
913
501
446
417
979
559
657
726
812
578
426
371
774
512
38
471
171
368
975
861
734
102
499
87
935
400
718
108
506
477
172
295
779
850
957
143
766
476
202
509
104
659
868
745
769
886
227
554
763
174
544
266
347
107
87
666
914
69
514
225
426
383
237
614
181
317
945
203
725
402
765
813
10
545
443
865
502
942
58
750
617
475
69
155
265
138
370
742
630
685
773
393
25
840
830
46
109
813
289
699
897
366
456
658
655
355
247
882
447
537
737
405
466
793
885
661
897
319
64
134
221
269
10
595
1
237
129
622
460
674
567
530
282
616
951
213
436
958
729
179
736
210
26
253
715
872
123
769
263
960
935
277
898
268
352
351
187
16
455
5
66
155
24
216
973
299
892
443
129
588
912
644
980
59
112
328
96
843
179
661
2
599
438
250
472
289
662
124
91
371
208
182
652
15
878
689
861
235
392
413
189
822
340
539
708
769
918
106
978
509
637
117
387
440
824
49
169
157
528
810
907
116
447
388
802
405
846
246
597
974
251
130
722
546
888
31
336
763
679
261
169
768
247
938
346
599
768
958
674
195
19
454
286
528
344
306
33
487
955
158
21
948
438
847
713
118
619
9
445
300
186
495
701
706
535
107
231
257
263
193
988
352
862
326
403
290
940
202
645
716
390
41
314
990
648
551
600
967
326
489
349
500
71
601
249
832
384
12
108
756
100
104
19
933
683
280
815
794
941
329
889
236
540
150
188
163
708
166
555
424
442
559
395
969
4
619
481
648
514
445
217
315
619
572
973
424
720
182
879
743
629
842
735
190
594
8
170
292
30
213
468
575
370
420
979
944
126
32
966
887
31
315
417
54
490
258
112
290
257
326
85
198
585
714
631
878
143
740
483
785
546
649
252
166
517
13
329
915
479
472
231
426
988
638
502
813
865
725
365
89
105
228
911
497
336
378
600
188
467
574
174
709
82
152
643
14
915
26
7
484
483
320
650
56
560
420
178
982
224
358
534
272
685
849
276
819
831
633
768
609
382
917
264
734
637
390
977
915
84
264
457
483
818
304
791
277
634
961
430
580
612
60
138
811
90
244
545
658
958
615
403
93
885
743
684
741
861
502
916
381
93
590
452
520
473
454
871
651
190
639
839
161
66
347
53
864
785
650
633
805
80
535
245
125
461
986
189
131
369
553
283
639
601
332
903
512
892
609
57
922
600
152
697
841
91
884
387
114
235
70
661
306
729
653
593
156
455
153
563
974
727
638
266
843
547
673
63
367
884
552
363
629
440
322
342
419
764
287
788
598
483
906
557
574
931
158
128
738
877
906
614
640
818
485
111
697
921
970
517
893
894
503
101
247
735
982
590
288
692
100
760
751
566
453
119
268
972
930
325
206
295
778
168
118
12
488
607
857
286
584
428
456
764
589
814
195
469
42
721
934
930
192
428
677
29
399
983
87
71
824
872
470
300
197
146
209
259
570
793
675
104
606
58
902
363
309
726
782
459
382
293
924
757
998
965
620
730
282
542
347
588
483
946
405
582
920
444
938
442
856
172
551
35
549
744
307
245
527
324
720
551
746
20
999
589
215
407
421
937
988
465
951
15
452
160
503
743
201
384
544
702
450
127
866
520
698
734
578
389
75
18
595
82
899
944
246
314
869
481
747
344
59
558
86
130
80
526
758
159
590
908
141
973
413
916
468
270
236
459
282
532
516
327
73
249
679
6
219
547
809
767
568
156
685
822
616
52
458
39
860
191
13
380
434
157
40
737
509
991
938
576
601
385
595
982
588
626
353
863
589
33
526
823
801
17
393
336
28
588
870
442
259
685
68
675
144
11
787
770
272
837
339
951
194
516
776
317
616
648
592
441
826
30
756
442
355
238
120
260
520
66
578
559
431
220
473
392
870
695
255
101
661
847
371
814
863
232
748
959
796
449
766
153
785
563
173
588
102
691
517
526
894
710
721
236
855
884
458
474
558
471
678
96
470
338
231
205
800
929
882
516
221
573
310
327
101
680
564
458
554
628
867
188
470
604
232
520
661
972
808
183
49
219
996
269
869
199
16
969
556
632
918
152
66
863
43
480
947
82
580
940
324
43
655
187
445
509
594
700
862
165
455
601
385
203
849
514
446
136
286
118
662
244
780
687
436
481
102
703
571
81
99
555
635
462
850
962
601
725
617
468
165
999
440
548
898
752
538
338
787
592
332
541
127
837
568
293
542
938
562
267
224
320
889
855
247
501
834
911
923
651
372
32
145
621
248
12
17
531
10
753
107
497
575
217
862
11
479
662
516
332
313
219
537
761
213
146
909
314
262
697
601
335
196
878
270
151
646
631
498
948
268
673
25
797
349
330
906
197
326
634
360
495
120
927
70
491
977
839
86
486
490
409
430
988
94
278
192
401
686
340
847
374
278
442
638
9
836
162
463
213
133
121
643
577
957
313
688
72
453
852
510
937
722
112
400
489
507
4
730
724
861
331
425
527
945
316
73
469
430
330
572
616
791
225
3
262
789
636
712
625
963
269
297
997
733
892
74
401
674
68
423
204
741
26
394
653
213
678
277
259
670
619
715
303
867
210
985
510
270
202
336
963
934
264
558
195
283
227
987
99
1
239
412
160
291
871
654
307
811
156
900
169
483
904
863
385
191
793
826
939
872
932
329
101
498
116
329
932
572
422
874
337
876
197
200
400
849
491
944
881
628
282
836
540
810
698
848
250
943
62
777
661
303
48
696
144
60
425
530
20
866
378
718
444
531
836
663
935
640
791
47
874
609
464
502
60
30
549
637
922
610
862
330
110
357
308
679
877
348
754
449
752
10
927
511
701
956
585
292
947
255
273
590
374
358
70
584
188
613
926
477
643
678
457
584
951
619
989
428
818
101
988
919
986
634
343
67
470
613
531
674
232
288
103
242
385
280
377
499
631
526
418
88
633
804
15
494
776
582
688
744
507
841
906
689
819
733
448
903
621
108
897
365
743
530
180
792
875
917
8
656
31
286
679
608
468
279
319
962
222
858
257
204
924
542
615
825
581
324
736
66
865
649
504
100
520
170
867
655
975
1000
570
318
618
905
278
742
794
579
829
936
250
789
611
981
755
15
46
477
5
608
592
513
862
106
283
487
460
995
380
299
790
913
887
693
720
866
757
321
88
528
909
14
116
376
55
114
985
953
589
391
524
110
602
726
678
440
760
542
8
993
606
169
682
84
898
379
794
240
803
621
99
36
68
420
418
49
47
580
532
427
804
899
23
944
516
40
873
734
826
312
551
399
546
734
296
479
965
451
241
650
685
59
725
124
942
839
847
515
708
618
873
932
16
187
292
349
230
263
517
414
76
259
974
242
374
566
643
68
831
245
322
340
167
57
19
903
248
325
341
810
585
229
65
294
487
292
644
535
14
884
897
390
290
158
160
129
804
625
183
137
738
628
492
980
912
531
819
571
68
219
532
170
976
485
367
508
797
823
46
815
580
254
105
2
41
895
547
754
91
936
32
332
739
38
513
131
569
248
804
449
27
400
204
910
548
980
986
863
480
809
358
861
834
202
587
222
571
245
759
613
113
293
837
294
358
304
969
386
297
470
600
733
140
48
686
233
293
576
666
496
170
59
272
349
465
74
599
296
58
869
264
641
266
939
126
513
898
202
313
524
24
804
304
124
509
476
709
510
360
501
984
861
816
882
632
529
950
873
951
912
686
427
620
300
112
950
796
727
828
750
237
262
658
610
307
319
904
386
463
944
506
231
653
221
861
514
944
117
909
90
410
802
14
202
74
335
222
590
351
824
374
123
363
541
563
389
391
39
114
478
507
632
744
224
94
78
414
272
274
212
124
150
277
883
238
479
276
986
51
754
734
866
761
127
570
930
867
534
274
211
604
480
78
874
749
690
2
712
730
852
595
371
354
44
238
442
229
900
520
918
819
516
382
488
421
967
60
293
933
983
912
701
605
106
348
392
194
47
537
123
509
595
522
60
11
625
676
17
433
746
737
489
861
168
786
783
952
371
415
32
48
118
782
314
930
461
594
144
813
76
56
79
941
646
699
816
707
979
687
322
269
447
860
748
107
161
866
819
848
271
648
681
737
169
416
1
534
76
958
738
351
351
845
879
780
953
669
662
728
721
20
633
538
601
649
134
821
205
942
260
967
386
585
295
638
634
380
458
65
422
458
174
559
476
532
200
858
751
886
353
561
441
338
229
914
331
362
771
115
765
31
171
328
554
2
765
493
511
45
950
141
76
721
360
447
454
742
650
723
41
943
395
453
68
744
260
439
336
998
865
820
151
853
186
242
249
524
100
418
351
734
293
463
749
171
608
611
738
504
927
957
429
545
209
18
300
142
411
180
831
833
571
321
693
401
692
591
881
269
366
189
480
687
650
428
703
206
412
724
233
780
399
581
643
779
36
6
844
528
912
536
214
216
152
787
15
896
118
767
980
801
327
386
993
195
806
341
860
730
71
913
257
332
82
174
361
392
184
827
889
992
361
98
583
343
499
210
838
729
154
116
987
401
780
454
582
930
477
567
111
506
750
231
767
172
851
170
365
412
104
784
348
586
507
661
822
759
521
975
672
801
349
616
756
119
896
987
889
339
926
50
525
748
583
576
622
306
304
414
176
212
350
26
995
817
996
125
617
652
725
657
214
185
812
736
713
652
854
289
384
256
157
544
167
250
357
605
553
178
142
204
982
623
750
573
82
904
488
267
880
528
991
712
814
426
586
17
85
202
248
344
396
85
108
847
480
73
947
761
277
65
549
177
134
466
60
794
797
189
835
1000
642
128
794
353
780
718
716
557
999
771
769
504
252
67
278
644
890
407
942
195
558
316
786
933
454
105
870
767
377
55
203
64
509
231
594
125
474
536
290
418
839
17
666
915
202
320
764
726
31
186
285
37
783
933
795
180
928
33
37
391
642
383
642
821
532
887
99
361
416
401
885
542
838
234
328
309
311
801
215
377
575
95
115
325
129
581
942
774
166
480
194
534
7
107
722
341
253
375
853
415
684
502
902
225
3
248
710
615
779
593
435
444
950
21
434
212
527
825
962
454
103
127
312
461
40
177
863
108
893
287
296
413
501
590
420
298
304
940
330
243
780
526
322
441
233
249
527
859
648
560
643
368
505
435
434
355
14
521
778
862
149
61
497
846
819
633
841
733
387
539
248
301
956
113
46
173
264
831
51
47
897
880
853
396
922
333
368
996
512
870
362
287
26
261
703
126
470
919
739
636
462
410
885
20
817
505
317
249
548
743
646
775
772
332
105
613
626
662
244
310
252
273
237
755
555
111
858
343
45
937
968
151
616
588
827
8
167
277
541
344
680
135
496
908
74
700
787
79
685
257
602
190
449
190
788
787
594
516
633
784
669
786
784
19
22
125
252
330
401
615
75
484
184
51
740
276
708
554
196
845
394
301
43
679
284
252
581
330
26
149
630
717
981
452
379
563
624
167
815
669
574
335
15
681
675
588
256
450
552
333
905
595
382
39
589
488
491
864
178
37
377
155
16
312
258
315
393
891
1000
336
271
100
926
445
747
805
898
782
656
95
294
687
407
370
429
201
725
560
599
902
390
314
495
355
1
223
450
934
967
608
403
34
210
934
392
888
124
279
166
888
922
846
305
307
615
889
892
739
53
678
944
486
168
856
662
535
122
586
903
232
390
136
416
137
105
675
41
674
831
940
415
856
502
330
394
68
779
546
772
596
182
774
605
430
31
155
554
820
267
625
732
363
280
803
126
608
402
192
72
354
24
743
326
615
361
244
299
654
606
3
878
952
493
812
738
166
167
223
217
507
379
593
723
575
887
361
242
898
625
746
428
426
66
328
773
249
343
398
168
329
499
491
735
521
252
267
568
921
466
835
178
629
79
942
440
621
301
193
830
985
583
885
600
797
272
765
37
585
258
792
204
491
963
181
998
49
64
253
41
495
966
