260 9731
858 943
256 340
121 790
320 892
272 994
204 235
389 715
84 413
963 975
309 860
551 805
20 933
323 341
384 811
889 919
376 897
750 992
100 387
170 807
117 664
918 961
971 975
100 643
143 917
170 931
844 953
292 924
349 866
643 975
598 899
844 894
888 920
659 766
716 748
101 138
97 990
455 683
589 682
297 891
309 814
148 349
806 880
519 638
429 633
145 799
390 480
474 516
43 816
491 957
13 564
103 769
968 1000
550 716
10 676
327 789
802 826
220 692
623 912
174 434
39 185
61 208
973 981
837 894
337 894
300 455
721 785
771 946
37 759
139 818
668 889
727 884
519 620
363 628
911 912
913 992
970 989
847 951
266 897
384 995
443 643
219 840
724 801
72 357
441 876
558 937
87 929
98 649
687 910
997 997
447 502
697 918
884 945
857 990
52 873
415 466
285 294
787 982
507 809
147 147
984 996
331 615
912 929
735 763
802 847
780 894
380 905
779 857
833 900
528 577
256 370
957 976
641 972
496 687
812 946
347 679
248 540
731 961
471 714
599 655
825 966
253 785
261 785
883 946
833 999
759 861
377 584
72 449
36 497
864 935
143 359
784 997
650 894
427 924
56 1000
525 669
880 988
566 938
485 993
230 403
491 861
62 619
897 903
680 809
429 506
343 813
79 500
2 220
962 991
850 903
324 611
217 648
40 899
531 960
371 763
749 931
860 904
870 944
754 806
68 122
280 845
522 707
467 749
14 700
751 971
587 698
978 993
944 960
142 536
470 693
982 983
838 926
697 778
221 419
858 968
73 969
601 866
467 568
787 876
230 808
31 121
133 807
567 629
941 998
94 912
193 400
780 992
156 659
459 954
485 500
913 994
4 606
885 932
353 834
468 517
514 646
484 680
210 438
576 663
586 788
105 885
810 836
137 159
658 819
284 723
153 769
197 463
758 871
505 531
912 977
518 691
156 429
446 747
827 892
402 868
606 747
345 908
867 999
193 861
577 675
530 900
541 884
739 966
136 742
385 991
83 376
380 701
509 773
195 412
860 945
719 909
734 944
420 600
305 820
395 917
190 548
253 293
48 966
861 974
273 836
844 977
258 475
390 832
426 856
772 821
61 96
510 578
118 528
114 503
511 790
942 987
85 967
56 248
530 817
700 879
931 956
964 998
830 902
549 680
164 276
365 746
978
294
195
869
425
38
317
619
753
145
518
605
867
366
719
575
376
815
592
888
810
932
931
448
999
469
812
285
388
996
996
641
769
26
118
152
204
776
747
97
50
377
901
225
482
259
799
967
28
831
376
669
689
793
732
628
224
277
885
894
702
367
23
633
705
132
752
544
896
415
198
949
582
999
710
262
398
127
194
633
176
14
818
133
898
634
75
381
419
809
778
691
968
882
281
753
745
275
566
979
917
353
484
967
126
125
632
550
843
274
882
931
466
328
233
111
368
416
595
653
462
184
413
227
406
104
242
801
974
599
520
210
985
985
298
448
972
516
648
541
17
988
354
222
287
452
2
814
437
219
313
314
886
463
696
853
414
475
355
365
61
579
503
568
192
328
219
113
518
54
807
358
310
336
251
899
493
774
742
310
715
870
877
942
650
222
470
897
353
943
881
636
653
412
545
43
238
700
556
434
400
488
448
316
897
303
475
488
185
679
899
84
548
391
8
32
78
409
189
879
203
246
331
668
916
700
659
685
615
415
184
201
247
754
706
384
473
386
534
189
234
415
722
835
745
919
740
197
673
400
733
587
878
791
52
34
73
882
90
255
508
30
635
651
759
305
795
917
815
129
700
280
651
380
774
745
565
878
110
102
561
199
302
169
17
594
212
894
703
399
282
836
106
53
612
178
943
431
5
455
924
135
563
880
459
462
164
185
687
773
999
110
463
405
303
946
572
232
579
163
162
180
743
659
294
106
337
33
505
912
136
682
255
656
134
593
868
156
781
687
59
781
858
263
797
621
984
130
397
48
448
860
100
934
124
562
711
854
204
950
65
66
796
134
389
302
521
800
966
36
181
201
158
579
582
439
454
258
995
147
8
787
931
120
909
319
999
532
252
354
2
608
436
722
127
108
131
692
834
290
728
953
11
445
526
728
954
805
927
171
123
885
241
348
81
835
76
686
71
776
542
35
632
824
567
401
412
110
162
953
557
941
758
246
558
171
121
584
796
922
571
259
894
303
938
864
905
821
534
265
241
593
596
165
452
926
135
198
681
283
812
565
219
255
703
390
229
541
289
360
363
260
734
8
554
838
996
76
281
219
84
319
589
321
625
265
446
436
907
263
105
997
876
775
765
5
526
371
571
469
56
532
174
531
688
142
670
151
64
985
871
13
199
485
557
343
21
311
360
751
136
358
377
792
118
704
163
677
660
528
368
65
802
236
541
447
8
365
941
954
410
408
24
976
574
586
632
314
655
19
628
885
510
712
868
608
572
681
876
421
531
692
475
666
309
11
729
980
396
348
563
535
493
63
421
278
646
656
785
436
123
351
207
285
943
129
216
702
735
56
121
320
1
976
753
767
365
406
218
573
215
476
673
691
328
102
625
860
615
498
9
794
42
554
789
894
792
164
977
164
942
482
819
784
293
288
844
559
431
353
720
772
261
262
64
613
223
754
105
485
252
938
27
663
174
726
758
354
172
504
298
615
410
67
738
401
979
356
180
256
417
784
115
643
791
449
759
588
73
952
307
994
902
169
705
412
398
6
287
2
185
650
379
711
841
208
386
274
33
181
194
744
326
675
315
898
960
375
910
301
432
23
533
150
566
347
147
79
866
2
261
484
702
175
890
537
935
818
599
232
817
384
459
89
84
132
600
304
740
968
931
720
870
835
564
854
105
442
918
106
384
280
891
138
717
685
279
60
986
753
242
3
215
51
907
728
488
124
692
581
329
853
325
361
322
185
754
109
443
125
805
676
489
857
136
473
540
503
453
799
242
41
902
264
567
785
106
756
235
896
212
582
524
363
886
33
737
932
461
521
55
437
449
879
125
356
334
353
46
264
553
147
281
723
929
640
816
472
587
878
615
451
272
65
58
417
950
318
76
496
97
597
230
402
330
470
980
526
229
338
713
189
364
230
456
543
897
447
306
694
279
178
531
995
543
567
595
998
721
302
196
833
378
274
455
705
668
623
88
251
327
834
643
602
659
821
244
325
540
237
357
847
839
130
717
46
304
67
946
520
239
159
920
776
224
238
285
947
7
173
430
11
747
584
852
774
213
845
462
548
290
966
814
229
133
985
236
992
537
310
348
389
195
602
739
751
22
879
518
571
901
773
428
904
524
965
660
346
241
168
71
551
503
830
55
157
279
532
12
689
408
637
835
120
589
689
335
880
789
372
633
973
62
643
162
389
599
462
71
180
345
257
329
518
486
648
690
4
624
942
825
989
415
820
46
275
27
22
932
866
209
651
777
311
40
755
772
72
388
555
765
940
837
728
991
392
706
856
817
370
208
8
391
716
25
471
913
861
182
856
995
279
940
288
66
438
700
532
824
362
30
759
466
738
745
656
864
457
844
985
725
358
336
764
916
870
476
837
718
427
676
137
708
655
315
522
412
609
114
151
857
950
420
351
631
792
614
385
832
145
756
860
183
30
191
151
375
271
248
220
115
887
29
813
636
509
912
411
587
458
713
895
158
453
282
450
950
80
753
211
12
266
111
146
255
552
153
173
255
556
989
454
80
941
663
470
298
969
531
918
873
577
504
521
794
633
749
493
218
167
403
832
320
226
747
413
503
484
131
567
958
335
883
916
999
748
368
409
981
438
184
680
844
314
278
916
155
193
339
699
172
552
382
955
834
829
19
757
488
168
932
541
940
380
99
88
717
772
223
435
338
968
937
690
536
299
40
103
349
902
958
72
780
140
980
738
294
171
855
258
706
167
531
150
866
472
713
300
110
965
429
950
389
295
50
82
516
476
754
751
338
53
393
482
683
688
81
71
983
541
754
326
418
294
198
239
604
394
698
487
880
935
902
62
730
409
701
299
45
690
811
881
520
347
881
713
83
187
46
56
752
695
685
548
198
145
36
350
270
112
371
134
27
830
29
585
121
544
718
981
580
947
829
338
20
787
54
792
833
773
7
255
293
601
330
597
238
892
720
25
865
190
773
799
821
391
180
978
379
688
340
649
1000
398
223
790
685
333
202
718
198
950
823
437
590
711
326
492
551
417
102
94
945
66
140
197
643
919
1000
49
470
562
703
911
32
396
379
446
57
443
778
283
347
560
943
142
41
343
879
758
627
424
467
106
55
89
225
130
949
405
309
611
457
429
656
226
721
798
904
83
934
93
994
541
141
714
609
916
312
606
632
695
387
168
610
902
550
343
826
461
219
754
946
797
706
508
687
615
193
364
534
723
138
923
941
478
557
795
290
316
266
743
59
25
997
62
181
358
794
25
304
468
754
107
771
977
962
42
115
26
550
759
740
754
745
495
78
324
170
946
304
61
454
16
324
737
663
809
607
325
634
729
587
297
375
360
101
29
949
883
740
991
925
724
176
802
66
601
911
23
825
464
511
122
134
972
792
827
319
28
147
110
144
350
746
706
302
525
1000
156
655
827
298
318
291
876
50
443
817
582
731
658
457
69
449
28
874
913
445
545
271
726
355
438
662
103
294
46
659
122
51
525
542
656
521
810
899
640
576
694
941
693
691
449
542
190
480
142
280
158
168
922
958
316
217
638
437
257
233
34
691
55
928
172
302
975
114
581
755
660
478
141
614
353
571
41
733
875
637
533
53
860
612
567
975
257
619
530
190
349
270
990
919
14
447
112
146
431
336
514
770
404
28
777
861
69
385
658
93
431
333
910
419
772
36
860
496
54
552
320
366
152
243
329
38
856
270
755
162
941
137
226
138
902
622
960
747
984
270
515
242
239
965
449
913
571
279
425
16
409
325
211
414
529
585
649
42
905
28
13
517
85
281
502
723
634
842
538
964
362
860
567
396
694
538
915
53
652
205
976
865
107
706
686
924
490
158
441
129
634
980
91
793
109
184
565
999
142
372
865
962
824
550
522
266
368
576
860
829
365
459
667
522
810
391
31
605
385
708
537
260
825
409
73
741
698
249
272
539
844
24
165
952
690
468
306
527
266
307
290
470
399
849
76
568
370
246
965
350
757
100
823
6
311
877
193
806
107
765
96
375
133
281
981
907
664
634
353
88
34
245
848
500
669
442
459
778
549
322
496
255
932
931
928
93
780
815
545
288
512
711
370
44
697
823
550
367
268
472
842
542
874
374
441
140
339
465
75
39
815
627
516
365
899
452
262
549
353
594
581
782
971
584
993
815
390
308
624
949
301
891
248
566
341
191
406
391
174
535
496
758
374
527
24
707
273
229
87
685
923
416
513
716
226
875
497
82
804
589
73
877
221
428
909
489
360
563
703
44
429
235
472
756
905
856
242
767
487
372
128
697
795
963
839
730
209
854
117
992
51
533
739
326
35
996
632
132
38
574
789
539
967
993
973
887
700
143
724
921
805
630
68
857
949
881
977
187
573
305
742
335
974
964
200
766
517
343
204
993
760
28
740
165
67
59
21
665
149
244
63
60
579
495
810
666
632
992
224
553
836
790
792
268
952
195
821
792
75
2
85
588
494
715
522
334
504
585
524
816
121
409
647
116
772
455
264
983
25
796
615
651
456
760
374
463
335
237
903
370
823
799
614
636
65
607
538
910
233
328
272
73
564
732
256
800
532
920
746
533
448
198
941
429
207
638
437
851
21
939
578
805
822
876
585
717
772
787
628
171
531
202
276
487
800
771
330
792
462
782
259
825
85
558
89
205
661
972
892
755
552
754
502
576
727
4
918
565
706
85
735
683
972
654
112
86
859
566
480
674
741
657
896
60
321
173
750
551
636
408
712
535
669
654
323
599
240
244
397
676
506
410
985
260
387
483
296
957
765
310
835
84
488
593
234
948
273
261
569
997
563
616
668
344
920
73
615
753
306
65
760
442
929
979
508
150
347
772
393
347
921
262
715
772
472
567
317
695
858
178
266
507
781
759
425
424
754
517
392
1000
529
896
404
126
863
342
163
63
972
227
534
612
650
429
470
666
127
304
37
334
472
83
308
392
241
262
224
305
598
758
825
990
110
328
497
280
591
794
721
340
433
515
659
767
718
984
867
691
794
236
319
780
288
656
292
60
20
412
37
233
254
941
176
836
454
363
188
288
300
60
507
522
437
957
609
552
596
780
724
970
778
88
677
882
420
224
343
981
510
77
936
874
494
411
384
157
285
103
463
885
88
613
783
196
757
746
691
854
648
380
664
88
704
110
242
144
764
192
151
6
534
880
578
237
866
507
301
906
585
441
827
127
2
223
899
6
711
848
63
630
731
779
340
371
972
906
705
155
881
523
994
618
867
578
943
35
447
528
538
716
10
725
305
28
24
577
144
581
173
766
297
180
961
101
650
998
188
462
202
212
902
807
689
686
25
678
447
260
858
340
510
16
537
991
9
481
681
5
837
50
132
831
919
580
124
464
850
154
869
996
719
489
656
135
967
112
576
530
263
373
810
498
655
864
340
372
897
229
839
367
539
279
403
315
887
569
955
591
524
568
287
539
694
183
751
792
243
11
268
325
972
906
393
292
756
524
324
850
804
747
676
561
618
197
203
96
498
12
282
949
429
537
378
339
801
870
110
494
436
710
457
519
773
125
572
652
980
635
151
824
759
659
352
544
977
858
379
98
731
942
916
329
926
178
688
801
202
317
344
585
227
194
676
196
136
605
852
752
103
691
738
6
99
79
732
295
368
899
890
267
445
627
3
325
989
931
577
864
910
537
178
559
826
728
319
11
861
346
417
79
563
382
907
734
564
843
397
415
932
235
901
173
115
713
455
650
658
291
293
269
315
70
252
878
929
870
306
500
220
794
576
986
811
869
424
201
804
262
662
787
47
340
613
217
554
980
147
375
6
388
114
509
32
566
395
914
339
642
694
422
847
9
998
863
738
812
882
357
419
397
713
521
797
471
604
460
113
201
843
457
720
57
49
512
958
829
670
230
7
995
716
260
804
206
945
798
731
736
776
165
486
407
246
445
60
337
746
794
504
550
557
172
749
971
367
365
848
737
164
614
93
274
628
798
5
922
175
442
640
383
640
742
121
868
586
309
577
528
278
953
141
659
274
165
433
435
849
158
523
463
69
427
555
863
476
408
360
142
143
333
461
638
846
214
835
144
722
615
326
281
75
156
341
842
903
798
629
715
904
941
982
114
258
191
32
337
940
837
372
454
174
449
668
213
728
248
755
187
443
834
872
714
718
432
199
609
298
440
245
281
296
599
631
644
352
566
196
116
424
765
705
868
106
211
51
1
947
602
400
803
386
377
151
913
250
102
393
904
44
556
998
107
756
746
636
675
676
699
473
148
707
8
243
969
163
631
682
652
33
515
282
362
835
964
353
252
532
544
94
269
613
319
525
504
973
578
564
312
398
681
20
578
238
92
816
79
655
52
377
368
388
420
399
273
768
885
485
322
138
145
34
756
987
328
344
467
515
128
80
202
6
17
109
69
530
115
313
494
234
631
323
523
227
745
28
109
995
764
730
129
419
867
578
816
904
212
272
107
995
730
596
865
103
101
216
973
679
80
798
794
213
525
856
672
887
963
206
42
370
627
636
696
545
160
885
371
873
78
346
245
979
110
938
686
406
162
63
968
807
660
439
531
653
701
812
124
770
330
998
594
188
173
900
299
24
267
967
242
197
572
16
616
701
188
511
472
167
45
143
118
57
425
770
192
779
939
240
102
403
748
279
15
461
509
447
552
909
334
528
847
73
962
636
475
914
936
653
708
695
525
269
943
221
828
65
446
883
737
368
924
738
373
991
359
90
975
129
858
655
742
238
672
391
634
8
728
164
777
239
133
860
561
50
143
420
778
207
538
411
677
243
79
326
319
119
583
698
884
950
451
293
873
715
634
215
505
880
204
721
919
74
461
333
511
122
369
766
509
117
613
927
696
481
502
265
504
209
398
219
311
855
696
789
723
514
63
648
449
930
361
906
771
868
379
591
582
74
102
135
531
581
152
301
862
669
32
819
611
896
168
468
440
556
745
593
280
195
131
468
125
502
208
441
540
405
939
300
647
507
662
366
962
538
573
438
320
873
33
534
161
799
106
586
693
48
475
813
823
837
404
651
492
433
980
83
434
325
628
510
812
606
688
534
119
985
181
633
307
504
987
256
439
215
685
667
926
868
753
69
359
509
509
320
207
665
827
669
663
411
82
212
653
338
468
286
851
483
867
376
662
920
140
719
299
416
548
925
982
647
829
963
482
185
674
912
325
80
381
448
974
547
942
843
584
59
829
601
431
595
814
789
622
293
433
404
667
292
309
773
489
980
243
797
270
375
72
764
15
94
561
904
191
264
874
357
775
389
797
999
438
42
103
224
360
212
977
514
708
706
600
488
485
477
914
919
183
144
840
459
116
195
717
923
216
683
951
846
691
359
582
630
987
178
127
285
874
190
117
327
362
886
884
855
181
861
339
188
677
864
820
751
760
46
897
633
116
771
751
945
115
925
79
442
169
970
603
426
790
157
366
814
189
875
786
119
510
277
586
144
258
437
77
587
962
640
501
317
384
71
158
773
713
539
182
854
716
315
252
601
338
86
576
366
838
260
508
660
705
469
33
66
479
632
607
195
324
263
388
299
475
226
104
66
906
257
60
9
355
317
585
105
5
626
693
394
240
931
485
726
171
182
414
656
1000
558
241
584
772
244
478
349
61
402
251
378
715
329
341
362
640
529
29
605
814
220
770
608
597
545
144
209
847
822
316
203
73
56
409
360
367
838
61
901
99
131
867
7
88
126
320
683
499
941
509
216
567
621
191
741
15
592
345
495
745
947
190
990
719
47
302
50
153
286
463
263
939
79
436
725
5
452
808
658
518
101
373
638
775
765
552
507
881
782
262
551
92
661
764
508
459
770
206
613
152
500
278
313
333
491
529
362
180
232
484
992
704
840
605
69
607
52
643
76
157
452
962
355
172
761
284
687
135
31
643
269
512
774
290
766
781
347
330
488
301
564
143
610
96
659
638
148
313
263
264
981
361
578
508
931
396
608
800
350
584
79
826
920
490
919
11
653
49
591
612
981
188
43
720
301
713
47
606
943
676
102
426
946
278
614
291
150
234
523
382
97
446
78
969
629
39
543
827
898
527
801
306
47
280
219
927
153
442
650
788
375
572
819
16
161
339
390
837
995
177
323
286
474
891
51
926
934
71
891
350
292
971
313
469
824
587
376
98
973
961
560
554
208
188
922
193
859
77
348
792
133
830
368
565
690
770
932
233
652
567
9
362
963
295
77
897
367
776
367
484
984
723
56
212
860
678
54
877
975
704
839
277
162
411
637
21
150
586
205
562
394
639
261
229
420
574
493
376
489
162
449
201
440
228
909
501
587
851
189
718
63
31
263
64
505
946
223
762
616
424
782
697
270
413
222
212
472
609
380
934
389
879
55
283
551
568
824
104
255
67
810
643
947
988
519
688
467
564
704
342
483
117
60
297
461
315
217
750
575
503
841
942
155
820
818
9
344
266
930
522
224
398
331
490
436
744
432
598
1
337
250
464
920
287
660
327
2
296
770
240
785
178
115
270
726
474
692
53
845
337
599
655
446
357
377
581
501
997
656
248
904
700
542
97
697
211
730
806
854
627
387
306
120
580
266
152
236
751
503
656
341
226
885
216
850
159
871
479
399
626
837
133
792
327
831
795
56
405
282
715
371
278
30
95
882
467
799
464
193
287
616
96
801
211
939
694
948
747
746
818
965
620
233
976
909
991
856
491
39
675
354
238
648
774
276
55
802
510
979
820
184
277
100
577
65
541
953
239
672
956
265
871
749
851
614
294
723
649
621
896
922
779
408
40
560
390
48
842
968
290
444
228
20
717
607
529
136
814
20
333
973
481
908
726
676
408
974
319
583
574
368
957
655
968
735
253
51
494
457
358
610
937
846
367
373
290
624
52
861
782
107
483
531
233
626
992
900
671
838
472
484
124
910
507
995
579
251
501
146
140
394
475
762
644
602
51
869
287
220
249
543
518
110
747
756
782
624
869
23
11
332
105
217
104
855
776
556
659
615
327
928
876
590
606
762
413
352
33
476
731
3
838
692
243
614
489
478
541
27
909
217
249
369
311
702
294
464
344
977
454
381
335
538
43
103
244
909
188
851
93
914
292
978
1000
923
937
421
865
4
587
363
568
339
428
312
659
368
924
207
726
933
951
427
460
15
590
422
749
563
877
389
269
452
341
629
826
341
290
405
727
623
168
946
160
213
628
898
267
297
560
165
26
258
414
181
965
551
269
703
334
467
318
722
590
928
233
927
13
108
924
685
99
829
935
404
263
297
324
73
202
194
133
816
349
993
142
889
971
86
171
645
137
986
582
818
864
57
767
975
482
442
389
865
66
986
364
372
87
291
742
426
8
373
769
736
98
249
137
409
613
52
173
831
319
182
751
651
324
136
466
39
545
740
721
741
872
859
554
435
727
602
804
467
685
389
410
48
460
477
998
432
235
483
562
701
686
400
948
708
149
293
954
233
256
740
455
914
343
168
740
155
142
299
182
153
101
292
228
376
882
546
415
58
763
977
947
655
450
301
222
509
984
220
712
825
448
442
178
438
275
753
865
722
771
805
321
201
245
986
635
429
217
73
940
964
262
659
250
637
799
228
758
295
737
878
456
341
503
757
723
819
710
163
199
216
325
311
706
348
583
993
170
48
655
332
796
793
587
413
320
965
981
443
275
918
410
172
832
687
396
57
550
272
634
573
354
844
415
740
102
451
593
995
149
554
40
29
485
103
740
516
126
562
1
978
351
624
292
943
243
509
323
798
20
660
380
559
909
846
190
6
269
440
118
556
864
737
106
835
77
473
81
466
996
419
392
483
446
578
464
775
925
279
156
71
503
967
554
362
257
802
332
637
855
881
675
1
912
360
504
146
471
735
891
2
191
169
990
587
361
100
509
548
462
253
405
452
672
392
175
77
444
344
102
195
91
610
818
985
601
626
283
636
396
841
730
510
837
951
895
363
103
135
273
49
268
318
623
490
603
608
304
918
757
208
69
332
342
746
26
614
531
904
756
590
923
160
546
960
796
429
418
718
381
154
908
896
804
287
90
280
808
104
590
404
624
559
381
180
128
583
638
691
317
691
95
406
55
973
929
53
915
101
502
159
384
543
432
264
905
757
866
376
986
493
493
245
310
838
658
426
753
490
704
129
6
837
359
163
572
906
296
405
763
818
50
47
662
731
328
299
217
846
288
27
86
626
574
853
95
835
174
635
172
188
411
343
394
849
617
712
580
692
491
323
161
958
166
885
474
630
680
101
953
653
170
209
148
155
130
339
416
758
460
877
202
454
395
837
779
43
496
825
382
591
862
658
419
868
6
983
864
772
941
909
399
599
965
580
460
291
976
686
976
443
120
114
329
522
874
27
169
734
227
541
835
936
983
898
687
12
591
550
630
961
494
763
814
921
843
448
544
54
681
370
894
576
685
150
503
902
248
891
875
106
303
99
375
176
969
420
816
988
335
531
834
691
361
312
530
944
2
51
481
863
379
880
106
195
596
889
863
157
537
313
648
280
419
484
802
648
408
501
540
60
364
984
897
11
409
924
225
57
983
822
265
168
826
451
429
646
377
248
65
856
886
267
2
83
914
59
301
134
281
461
796
624
534
944
439
920
265
86
851
450
12
871
684
739
837
678
569
755
570
792
833
407
866
781
676
426
485
628
579
582
269
527
801
30
540
563
872
468
192
833
435
933
812
225
899
71
53
235
13
889
51
264
435
987
648
651
204
4
259
639
560
1
292
350
861
343
550
185
873
439
970
514
610
337
731
22
313
818
41
188
266
30
280
854
336
642
178
402
433
425
138
761
744
185
896
446
2
760
743
443
105
661
63
169
94
923
31
359
611
849
87
670
19
418
241
901
595
443
885
139
827
88
386
437
483
500
835
618
226
362
189
445
843
768
500
114
666
508
304
967
647
25
937
771
575
405
207
192
980
176
32
168
478
313
475
265
946
244
322
164
415
836
307
337
536
118
249
280
40
534
107
371
620
788
718
691
251
604
321
778
833
360
620
886
372
704
830
367
8
613
82
504
105
155
847
941
99
545
601
546
609
558
342
832
682
658
577
709
58
239
432
719
870
1
593
500
639
861
111
665
190
635
682
767
670
408
133
429
707
691
509
966
483
654
210
600
153
812
912
246
89
632
447
102
716
198
638
744
426
469
64
753
936
23
373
232
32
23
381
849
112
973
431
25
516
874
963
225
511
465
312
360
845
281
977
387
703
906
307
352
178
605
604
29
233
872
361
955
727
522
366
470
919
426
335
307
952
793
1
650
585
993
942
316
192
777
712
472
542
681
514
342
224
631
577
819
326
253
698
162
290
433
333
468
1
728
973
142
621
206
120
227
519
17
501
299
54
426
178
508
846
218
844
621
418
436
984
479
76
598
564
495
928
12
352
763
498
839
29
935
120
39
154
232
134
511
33
873
699
243
480
758
902
678
922
982
2
187
392
784
546
88
805
686
682
194
956
418
733
737
884
98
745
962
12
939
549
70
358
697
321
621
969
417
926
289
239
844
220
815
199
556
330
584
961
369
198
586
89
754
169
440
657
909
758
981
541
898
368
58
496
615
974
472
733
484
7
645
162
145
652
867
531
128
322
86
965
831
542
89
704
891
319
289
671
764
621
917
196
623
125
594
62
356
494
217
75
136
83
859
657
71
755
108
482
765
974
451
882
267
58
659
49
927
521
919
672
954
491
176
570
318
513
375
99
127
371
966
127
361
854
907
221
752
21
148
92
742
702
421
99
765
521
387
719
385
594
635
773
835
625
752
259
610
686
461
158
317
742
855
641
674
97
30
455
464
382
48
73
729
760
729
124
732
26
516
291
421
957
544
793
460
717
45
146
323
698
57
475
989
476
2
701
176
826
314
867
687
502
190
652
878
961
920
180
765
390
904
666
408
188
190
252
780
552
161
93
981
323
370
307
361
690
240
405
749
494
935
870
20
905
51
615
592
667
172
456
442
599
748
654
203
265
256
884
252
746
872
730
857
783
347
623
304
909
566
890
189
269
995
653
6
177
101
689
419
874
222
593
113
155
745
566
295
386
234
6
202
651
42
1
424
253
764
596
911
992
168
774
401
899
670
361
833
998
812
848
754
566
649
368
572
158
150
730
271
971
904
634
524
138
221
513
420
104
669
826
524
363
530
377
200
856
113
639
94
889
79
168
10
33
96
177
861
508
257
867
146
359
590
447
28
497
557
474
892
601
600
906
610
204
547
579
419
627
650
506
666
442
562
924
589
880
423
130
257
211
181
660
515
163
881
494
63
999
140
800
946
743
450
641
807
932
963
287
966
645
87
789
899
651
742
129
151
642
918
77
945
669
53
993
991
499
474
254
979
538
802
240
448
121
937
416
775
612
752
169
774
919
550
928
488
476
646
675
260
2
762
15
904
698
523
662
83
874
744
23
424
54
324
269
333
27
231
539
237
89
593
379
969
331
348
228
571
464
787
763
894
349
539
686
187
125
868
89
301
52
945
535
428
303
116
815
382
242
150
734
739
296
664
623
846
719
689
715
396
319
863
546
41
271
697
560
50
159
431
561
89
838
563
174
178
470
723
231
158
12
646
150
974
979
383
995
107
717
397
848
288
461
112
489
765
63
924
113
986
66
254
655
156
515
445
69
549
378
158
454
225
544
567
554
963
198
972
271
188
797
313
634
818
840
404
698
805
97
165
195
461
902
925
662
385
667
189
673
830
15
587
453
780
518
11
227
582
882
46
412
898
15
359
545
835
520
737
242
142
164
638
952
508
491
631
9
336
56
264
207
757
643
972
777
701
910
790
15
200
30
553
200
883
910
719
911
240
261
582
129
388
770
693
806
955
475
232
911
126
409
6
507
447
761
23
583
158
619
812
94
579
183
197
465
450
313
210
818
370
418
185
258
132
534
366
901
981
709
214
940
156
400
431
325
995
168
769
228
53
503
801
623
304
968
82
513
392
568
49
845
471
190
308
624
27
520
759
661
685
249
606
768
876
139
747
122
844
774
646
618
383
980
628
195
623
265
806
128
178
454
77
916
229
883
996
936
692
148
289
879
973
333
879
618
535
18
925
460
80
292
651
429
716
912
830
618
77
824
711
633
764
235
406
127
387
992
395
154
660
931
737
35
533
120
237
564
233
271
24
317
872
902
595
956
30
492
495
103
986
221
932
370
80
229
423
264
380
562
499
505
751
756
147
626
421
955
752
394
36
974
125
371
476
279
336
788
917
41
7
705
786
164
705
327
614
426
263
17
682
35
495
414
762
500
57
752
398
392
366
989
856
559
944
668
795
547
138
801
744
347
860
436
869
677
86
864
912
472
632
969
422
871
694
326
237
524
10
936
394
630
475
223
13
559
710
527
673
167
322
129
965
812
54
141
316
255
607
659
729
463
241
722
549
803
904
631
600
661
669
316
452
454
194
444
259
860
207
845
546
571
848
89
276
893
112
976
748
482
872
915
908
803
819
699
899
586
463
883
48
864
685
973
441
69
885
913
24
728
606
826
918
430
976
746
362
566
296
750
261
119
282
233
465
814
278
115
814
421
22
241
193
566
489
623
711
644
77
554
176
309
293
97
294
836
676
70
720
377
942
432
96
488
992
241
378
855
642
464
599
642
767
195
903
540
835
879
163
546
445
730
850
819
743
413
562
870
899
933
788
856
891
793
607
976
118
429
624
583
938
499
396
564
63
912
130
978
234
411
142
221
281
619
768
113
538
405
344
924
252
458
746
182
251
265
197
541
570
984
138
562
396
479
876
748
45
789
767
626
96
374
823
941
917
650
925
389
704
454
200
21
471
392
216
544
995
347
851
548
111
585
68
686
424
989
133
900
246
420
30
95
204
344
881
29
187
396
264
18
107
779
772
167
815
916
956
150
380
659
339
128
91
811
415
619
397
596
562
790
901
336
273
721
757
31
965
27
426
980
827
340
149
582
421
124
699
46
167
649
738
902
995
986
856
780
413
336
146
250
942
449
758
492
182
980
569
637
900
112
759
916
574
816
308
685
418
355
337
507
983
689
151
799
325
286
936
634
116
893
289
96
979
150
234
905
62
373
969
51
345
673
613
343
29
928
31
1000
980
196
681
435
257
922
310
488
740
692
187
276
45
137
42
724
669
627
583
747
475
341
835
104
377
334
843
524
115
221
38
160
197
619
402
956
752
88
880
293
54
500
696
189
545
7
405
182
436
935
29
658
981
954
203
248
697
510
620
559
419
698
210
435
627
33
955
690
252
871
783
398
730
912
478
327
182
60
400
410
121
816
143
35
287
656
137
267
475
780
388
828
892
618
140
577
999
181
181
756
844
78
898
339
738
644
436
80
944
727
107
25
588
534
916
461
259
653
643
646
448
659
177
494
295
711
667
578
114
562
185
103
488
803
247
800
26
837
325
78
370
416
77
99
771
360
588
106
716
801
655
493
1000
521
105
537
6
584
521
676
637
418
655
182
351
964
515
205
781
42
600
688
619
497
353
110
506
561
13
576
836
259
581
221
61
72
711
642
486
963
853
610
147
288
318
849
374
316
559
746
41
298
49
971
202
211
295
259
474
505
504
228
702
131
81
709
186
684
345
691
80
570
232
473
77
634
289
737
516
168
855
765
810
870
331
229
394
471
838
789
491
532
145
298
69
789
754
66
308
610
341
479
630
472
134
353
93
643
899
182
497
615
549
352
43
58
269
135
14
835
431
843
570
849
408
19
673
259
531
294
565
126
699
369
191
380
374
142
532
800
63
279
474
634
701
319
18
885
752
822
778
581
315
260
787
472
582
454
845
465
722
100
36
207
289
211
83
905
106
706
922
823
178
615
89
440
903
322
896
830
688
648
290
691
532
411
865
69
405
219
605
324
221
371
870
149
835
770
300
16
862
554
81
420
254
269
535
172
488
226
978
252
42
178
736
656
136
758
105
109
700
343
657
134
143
777
618
308
251
567
278
316
526
800
493
862
391
615
176
862
798
843
605
426
851
78
880
590
328
420
501
359
122
419
624
308
229
920
57
661
403
827
316
897
337
612
563
135
942
871
662
390
906
395
21
573
259
496
764
338
162
374
333
894
657
626
400
795
419
672
778
637
354
632
452
150
568
242
994
460
572
335
987
459
206
303
957
626
310
846
751
7
929
152
934
868
606
848
252
873
537
154
174
247
508
82
371
676
229
760
449
416
62
551
398
485
963
241
406
568
946
428
312
649
323
827
757
820
831
783
22
962
22
286
615
7
517
305
194
822
797
754
117
762
302
331
841
866
744
480
931
333
816
54
232
980
489
778
530
9
98
548
537
614
70
463
492
858
884
122
228
74
585
475
636
58
266
84
997
348
772
106
99
835
504
332
397
234
369
498
864
166
759
922
871
629
269
197
38
446
313
422
683
782
409
900
821
452
850
453
976
300
537
613
720
310
50
608
665
678
611
870
209
801
602
359
607
513
517
369
563
315
708
111
72
402
53
464
938
605
532
799
971
658
916
367
721
54
829
892
683
127
154
142
28
912
710
340
627
245
53
305
659
82
977
718
853
763
894
409
547
231
248
773
685
114
649
37
503
621
593
620
878
56
660
606
621
70
289
304
713
834
949
691
420
553
23
990
275
402
53
397
255
756
427
935
927
242
841
354
100
298
568
220
554
754
462
183
584
235
84
721
860
909
463
553
437
789
242
341
719
186
997
733
347
993
513
527
961
791
735
528
749
773
268
941
266
468
870
170
749
567
936
573
981
13
643
90
62
854
977
94
573
438
991
239
426
274
940
800
493
447
370
913
601
957
901
591
493
619
338
170
746
554
90
85
754
664
570
312
943
160
394
435
647
328
262
203
746
374
437
692
208
872
154
885
852
214
94
834
792
686
118
144
534
651
128
785
123
596
568
259
804
196
53
970
617
70
323
634
601
868
573
958
764
90
743
829
810
576
524
548
170
356
4
440
2
334
669
919
693
38
419
620
195
713
967
480
928
353
956
182
251
152
349
677
350
253
496
736
309
507
174
395
366
180
834
450
659
512
464
744
861
500
81
187
447
138
355
21
993
701
662
812
156
498
295
40
313
722
393
91
439
581
628
413
853
18
338
124
985
261
148
473
57
596
21
186
147
555
617
67
659
244
283
930
426
16
142
594
960
645
143
655
416
908
139
737
481
940
478
969
919
180
460
983
387
955
479
232
289
834
379
832
92
552
5
832
725
131
689
656
314
216
256
929
43
280
77
860
629
570
118
932
42
615
75
639
31
487
772
852
625
644
313
796
171
504
563
822
599
93
193
807
798
293
514
297
498
139
841
233
326
710
607
143
14
591
287
624
312
938
479
347
996
984
222
513
187
747
983
994
652
716
86
95
900
774
758
357
532
638
557
546
371
91
360
380
936
226
919
432
399
407
417
667
338
504
587
27
274
997
66
665
812
655
715
87
478
39
832
254
96
909
933
700
861
26
973
757
41
339
673
452
863
643
234
857
112
363
146
331
641
789
189
584
176
880
552
81
403
741
28
776
215
318
32
160
601
823
771
683
190
549
47
628
409
283
823
574
315
107
763
693
178
22
769
10
86
615
996
499
346
844
899
913
502
951
94
188
919
623
258
570
614
144
391
281
464
216
121
148
742
459
350
443
12
862
208
868
144
817
856
600
773
736
49
636
878
339
289
706
376
251
132
120
646
796
290
17
635
908
328
628
406
461
216
28
938
694
31
205
888
816
878
505
934
976
362
186
334
991
946
998
816
169
517
434
326
839
504
79
433
872
630
624
889
672
688
812
919
389
427
907
616
404
619
26
897
633
777
327
537
221
237
135
509
907
297
665
615
562
321
618
60
373
205
832
714
312
101
377
978
682
719
530
718
528
767
148
605
955
670
700
168
497
973
925
253
57
923
821
427
552
106
433
393
270
432
176
940
659
328
69
624
811
539
238
633
1000
747
671
765
418
382
684
734
753
555
147
31
151
110
823
976
122
17
964
433
49
116
609
82
961
859
461
346
285
564
574
870
22
197
11
103
561
416
390
830
464
571
646
484
560
902
526
641
877
64
875
747
700
111
89
950
923
218
702
386
460
28
346
365
61
560
240
164
73
428
226
730
327
24
796
160
226
76
398
327
467
372
949
537
256
37
344
344
239
318
734
456
700
468
261
260
385
144
884
883
926
15
806
96
268
180
827
259
73
2
527
565
697
686
320
348
512
311
176
916
176
217
496
88
724
550
330
246
324
20
869
76
245
836
418
247
576
136
977
89
617
528
25
423
450
975
784
989
180
111
953
569
36
58
592
344
832
170
220
31
20
368
207
974
849
751
502
367
451
759
566
742
674
187
889
112
812
640
63
269
456
84
52
602
471
734
845
546
647
17
876
921
583
119
399
934
435
232
55
909
398
5
123
783
172
614
570
254
899
786
945
159
118
874
38
581
877
732
410
365
666
611
113
614
72
996
362
207
277
301
434
227
411
273
259
395
154
353
338
26
506
240
89
42
685
394
926
762
525
567
702
301
154
255
61
628
139
632
668
396
242
568
305
491
403
429
588
635
793
22
65
435
616
582
613
857
699
867
503
689
34
917
741
934
183
234
182
493
535
579
174
621
926
292
101
113
687
481
348
449
886
540
132
304
220
532
85
587
581
420
327
288
449
457
948
288
545
113
243
482
781
912
435
769
328
210
24
338
810
437
400
205
94
231
937
611
743
870
28
50
441
970
528
398
977
277
877
19
704
584
299
225
772
690
99
511
694
82
993
399
796
687
830
670
495
924
803
354
538
388
87
78
266
433
879
994
559
540
380
91
807
152
85
581
367
710
700
969
331
662
142
777
231
885
432
949
357
337
764
88
80
694
923
508
475
58
170
733
245
785
298
172
37
750
659
340
548
856
55
85
472
898
566
812
209
379
682
10
259
125
846
420
866
289
872
546
493
871
419
295
953
313
760
369
989
215
854
52
672
737
620
97
516
279
902
591
400
981
987
670
989
394
919
395
897
455
667
378
456
297
405
394
317
173
394
35
21
18
797
437
745
8
242
821
923
262
643
561
967
489
481
852
218
661
420
316
820
487
601
837
476
73
754
141
6
789
614
707
203
958
812
700
664
247
612
813
208
932
993
404
77
961
988
276
316
484
704
353
747
730
813
739
724
158
880
361
127
604
4
683
464
888
6
770
839
155
920
757
306
107
953
150
347
457
837
761
593
73
244
983
679
220
482
500
548
833
732
210
69
682
591
756
579
649
502
696
68
627
485
587
703
330
60
441
348
753
173
330
324
865
560
13
657
479
810
800
957
356
992
545
514
898
559
528
221
9
233
325
245
352
405
674
544
749
558
150
567
575
998
860
240
246
860
849
23
98
22
135
879
155
677
358
742
158
879
348
571
645
813
582
459
477
856
225
790
927
596
62
316
541
916
398
223
100
852
187
241
371
653
551
76
239
789
498
964
169
688
454
896
284
236
853
375
357
433
742
819
514
404
797
948
571
821
333
144
567
806
210
707
635
370
689
863
638
589
524
701
792
160
588
345
622
660
295
325
444
635
834
735
711
682
975
233
84
170
598
448
763
75
951
497
803
393
299
959
901
283
965
336
227
111
481
952
5
448
399
494
572
509
939
523
968
431
522
169
591
739
557
448
773
257
751
298
440
331
668
390
913
315
542
990
537
680
494
458
43
818
860
530
926
592
290
821
755
204
398
998
942
242
759
128
297
192
254
430
604
216
595
501
675
810
966
761
133
588
306
158
383
664
328
35
208
891
220
106
94
347
102
578
510
835
205
866
304
578
750
647
243
556
47
940
904
722
535
369
633
51
66
624
453
531
702
384
737
886
914
236
364
254
215
193
327
214
435
403
377
93
521
184
991
841
923
148
965
741
376
893
537
503
937
574
477
354
374
612
944
462
629
921
928
124
256
246
530
341
782
563
44
819
297
507
493
614
615
414
116
468
316
883
413
439
66
134
989
963
405
530
558
492
678
517
691
197
285
872
211
580
123
302
887
572
703
285
714
168
107
716
381
159
27
851
571
921
788
246
858
956
313
829
367
740
326
482
458
136
696
190
130
158
914
825
617
828
824
929
206
467
885
584
438
32
712
448
231
629
701
189
183
652
150
563
99
710
224
452
29
840
787
907
614
316
10
641
597
434
188
649
6
173
229
439
136
528
330
119
553
423
992
436
569
962
915
120
967
626
35
357
296
64
589
91
319
37
942
315
917
151
676
307
922
443
586
539
251
561
389
767
742
168
551
779
702
594
267
716
405
493
88
421
570
307
975
510
60
208
747
614
477
409
470
771
673
849
244
445
797
525
911
322
581
379
396
9
728
392
46
109
82
680
271
109
689
328
36
436
742
1
480
338
946
467
898
432
966
803
809
641
656
877
572
17
976
307
428
418
935
813
89
143
976
571
543
545
563
910
595
836
884
206
74
184
215
263
717
13
589
926
493
863
640
16
932
109
622
648
556
124
285
648
939
40
611
318
72
806
5
62
117
390
479
286
577
637
793
994
413
661
259
672
183
640
506
558
641
500
668
447
524
842
916
30
683
494
188
867
132
769
184
859
708
205
212
397
840
98
938
882
323
750
420
275
980
65
927
27
805
470
692
711
53
935
336
361
287
727
479
409
693
330
289
237
768
556
148
413
950
705
165
110
775
381
126
351
758
987
245
920
613
50
867
201
510
486
307
5
383
160
501
689
814
105
478
274
105
336
285
361
492
75
704
207
694
617
873
783
897
947
704
916
53
292
921
405
880
473
887
591
208
241
75
54
621
887
85
778
414
530
454
66
793
590
895
755
886
788
379
144
793
273
583
245
862
327
360
667
928
712
555
781
803
89
859
864
276
315
826
603
391
162
806
750
396
43
876
531
33
705
807
501
691
892
647
15
608
53
73
649
7
585
471
647
99
405
252
336
595
775
727
930
722
639
960
410
510
344
548
871
872
54
270
837
423
545
449
566
626
375
619
933
950
656
426
157
501
259
771
84
3
761
801
723
238
876
112
912
75
378
94
744
356
658
538
453
909
204
717
888
47
790
638
273
718
782
946
774
26
128
205
27
612
464
844
347
164
303
776
454
807
260
859
182
853
947
8
806
357
774
181
140
384
132
966
120
914
819
734
954
344
340
481
612
586
290
555
949
989
193
69
991
553
831
874
545
223
426
956
683
704
930
654
793
687
943
507
822
125
225
742
500
475
772
308
275
656
123
513
464
231
340
733
740
486
753
106
994
912
991
103
324
232
150
559
18
893
315
366
136
511
391
525
425
686
332
30
128
609
909
781
440
796
984
393
40
925
322
934
81
889
791
807
904
200
275
985
192
436
970
31
726
998
96
426
183
403
256
717
741
601
138
734
565
834
503
777
184
71
838
906
613
790
868
487
648
398
722
614
701
317
187
520
680
750
138
959
862
753
564
15
35
918
150
753
708
389
443
30
247
150
139
908
36
395
254
696
151
612
345
692
708
108
262
618
97
150
460
949
247
984
719
538
129
3
182
659
133
279
255
868
421
74
467
530
654
617
530
2
622
1
512
675
187
136
644
86
709
782
971
898
822
990
872
898
21
695
201
315
910
418
293
670
961
338
393
725
848
543
345
141
999
690
326
86
613
930
84
127
612
868
940
879
200
490
288
653
826
990
692
293
813
104
407
612
223
149
222
402
148
852
129
798
310
954
503
771
868
759
984
287
842
395
298
372
968
471
76
630
750
545
524
888
801
676
368
749
289
681
926
954
965
612
993
951
12
187
866
136
783
167
460
987
490
458
476
244
698
542
663
876
698
642
264
576
978
270
366
962
3
656
965
442
833
782
553
942
138
985
346
360
16
690
38
524
54
806
25
574
566
456
820
692
176
249
923
372
850
772
38
974
922
18
563
977
288
548
486
932
700
902
975
464
802
458
712
944
306
310
113
13
74
156
530
117
795
166
645
426
510
703
313
618
389
344
359
495
228
1000
252
731
177
116
613
120
391
247
44
399
990
585
14
554
349
692
184
994
776
937
717
470
964
890
367
207
240
783
352
375
422
931
622
396
998
888
610
601
705
381
526
816
5
493
909
895
837
15
464
23
733
976
910
854
157
97
590
407
8
376
918
404
109
377
412
716
309
107
739
2
174
344
939
595
805
187
59
395
774
683
42
320
213
607
626
473
661
773
92
962
804
216
606
724
984
262
557
195
14
449
466
196
685
17
922
466
377
889
725
820
358
197
313
836
998
521
736
144
910
730
746
990
783
503
705
116
567
856
524
67
239
92
803
998
824
486
847
230
828
457
40
60
411
624
263
42
833
905
178
294
687
304
363
312
329
233
469
311
524
425
681
556
348
148
79
544
481
988
725
119
655
772
213
696
580
797
690
784
947
468
548
926
862
396
249
854
936
242
413
206
403
142
18
318
144
268
284
499
239
244
408
267
416
118
167
636
115
564
683
819
970
13
386
138
619
125
820
800
439
315
296
617
653
50
431
107
181
995
98
717
231
732
142
472
842
20
885
463
793
389
577
407
300
778
587
926
932
62
350
374
702
148
594
304
753
447
926
474
429
819
518
210
160
31
710
180
213
660
528
54
796
787
663
31
189
423
759
76
546
478
522
365
410
148
371
262
910
447
979
663
614
849
96
576
193
184
713
219
725
945
95
197
334
554
644
421
410
860
490
400
848
332
790
932
959
180
566
837
644
192
938
12
40
951
776
128
60
828
633
904
538
687
617
42
992
10
914
678
539
777
176
810
263
35
935
221
307
645
762
992
32
996
878
571
555
972
190
325
971
239
633
182
411
686
508
452
632
492
563
260
986
701
883
625
97
636
101
178
628
334
318
271
670
757
58
546
48
912
137
118
471
524
777
666
382
463
673
939
680
119
568
410
124
181
461
677
404
485
627
447
299
791
970
84
605
283
904
838
729
52
601
791
387
636
126
126
435
485
285
325
57
570
313
35
426
143
896
215
3
921
598
748
739
29
200
662
487
11
225
550
655
982
896
558
916
306
812
278
611
531
565
216
808
896
466
229
216
154
896
225
337
59
974
677
58
412
477
45
424
309
158
863
414
366
251
365
458
69
224
43
764
86
807
438
680
749
545
694
19
608
744
644
744
832
840
