565 9861
663 726
843 928
585 763
83 468
939 987
376 539
533 776
782 837
897 931
634 685
292 588
465 879
394 888
697 773
164 374
923 947
59 165
98 371
911 954
911 980
126 733
911 997
608 700
653 849
227 272
717 935
492 556
681 981
676 803
288 800
295 630
737 980
982 992
200 233
880 991
343 965
487 678
913 963
183 998
783 984
302 347
772 986
271 550
873 1000
901 975
119 401
733 868
554 613
72 209
77 580
240 650
456 619
489 692
420 464
651 804
712 960
423 823
616 950
40 380
852 964
312 542
154 415
439 687
870 920
461 854
532 968
742 958
850 861
891 897
66 961
592 879
959 962
178 880
85 960
52 942
399 747
924 983
907 934
586 911
453 580
990 991
805 877
257 919
107 809
980 987
348 615
945 973
843 973
659 767
823 950
260 695
363 681
724 950
259 649
701 951
544 680
215 971
674 979
649 847
25 356
458 807
725 736
854 887
14 792
103 670
193 565
344 936
865 913
465 573
681 858
667 896
508 797
367 990
178 735
948 964
711 746
269 841
334 940
565 791
484 504
239 510
746 806
903 943
394 820
302 541
154 611
324 641
249 268
246 497
315 622
504 529
772 784
176 392
553 711
327 392
558 649
758 910
657 748
779 918
951 999
843 859
431 618
537 600
254 343
134 624
279 866
800 858
964 964
623 977
592 849
581 723
105 447
155 639
346 732
362 938
132 876
610 964
471 584
94 332
246 410
432 711
549 665
184 703
264 422
181 758
487 673
912 1000
366 775
456 758
575 912
189 964
768 932
243 644
420 858
404 672
378 776
847 977
861 900
93 533
994 997
553 765
595 668
519 587
420 448
122 272
366 956
638 954
305 400
122 677
812 844
402 996
542 711
938 1000
329 828
690 848
310 423
142 587
272 942
668 695
87 656
887 908
391 498
848 911
921 954
193 635
926 930
696 778
755 768
970 973
520 902
427 472
679 971
355 871
351 563
362 701
717 838
331 574
609 735
394 444
546 596
281 881
378 958
148 972
47 246
51 369
616 667
144 272
811 933
233 780
691 800
990 997
956 978
155 908
793 992
7 435
228 370
139 570
497 633
817 923
764 883
3 981
465 964
85 803
810 885
829 935
791 792
77 627
63 729
572 915
8 631
931 978
215 289
699 705
245 988
646 717
726 827
446 522
473 977
672 936
444 662
367 569
660 853
791 891
973 986
42 782
990 991
473 730
308 532
833 958
626 839
927 964
311 869
312 387
994 994
631 915
706 741
430 600
348 739
546 554
835 918
313 752
951 956
682 762
786 979
251 552
110 509
537 624
102 491
309 538
583 923
714 859
75 690
367 628
13 405
617 740
350 572
537 687
303 568
55 917
693 895
73 146
441 740
671 749
952 954
141 566
766 779
580 665
249 616
500 671
96 96
372 873
463 659
873 904
855 895
353 721
638 715
94 278
733 841
862 957
105 822
336 339
970 999
287 790
517 994
260 766
537 619
545 684
867 906
59 502
681 797
661 836
622 783
976 997
750 770
157 536
246 607
344 652
466 737
242 541
941 957
611 716
725 914
34 382
564 943
819 962
547 939
742 812
955 994
222 725
31 474
282 334
989 998
177 460
880 887
578 627
486 915
864 987
858 956
322 858
135 873
990 994
846 864
790 991
687 707
671 784
767 921
398 726
655 927
40 805
653 694
32 163
93 394
649 963
67 513
525 818
235 798
74 789
347 563
315 842
824 962
61 497
756 875
798 896
554 860
679 968
505 509
907 967
903 990
840 842
763 990
633 912
863 968
989 989
358 528
114 741
961 977
140 705
934 990
390 928
62 437
844 899
30 454
914 971
563 845
189 579
137 368
985 988
140 383
805 952
617 904
329 440
127 397
524 933
355 626
366 648
929 930
312 817
391 532
183 801
100 448
639 995
531 708
254 924
971 979
348 775
775 997
105 272
576 622
492 678
804 866
429 654
390 461
18 414
384 835
469 904
555 937
506 713
375 620
135 572
481 730
557 814
737 803
580 581
403 829
337 520
658 777
701 779
177 357
25 662
708 987
53 378
293 974
397 854
40 814
802 822
470 716
29 712
286 689
524 998
753 881
849 986
442 859
562 945
222 750
500 624
59 293
193 212
206 595
581 868
320 397
416 811
480 551
200 892
321 713
997 999
235 581
680 960
7 648
103 957
697 874
61 908
79 912
561 584
338 833
683 870
596 974
779 995
246 272
92 487
108 502
940 976
658 699
47 258
840 944
492 525
21 224
405 687
583 592
369 577
541 760
516 943
919 934
515 674
284 581
157 200
491 711
362 395
92 305
779 935
795 997
354 403
87 659
712 955
18 332
689 704
402 933
931 933
503 921
826 846
763 948
913 968
145 471
113 908
852 911
552 908
919 949
632 722
198 534
453 500
440 924
442 597
786 888
72 994
711 828
59 471
970 971
782 834
480 562
16 430
134 889
915 935
373 600
592 760
398 902
766 868
793 976
424 608
152 898
245 617
521 898
114 292
897 945
439 889
721 865
72 380
305 643
186 400
137 675
476 518
173 286
456 460
118 656
541 694
132 149
10 441
874
697
340
26
311
204
861
345
945
184
619
165
794
584
854
51
126
452
382
847
740
98
803
683
631
435
711
262
591
328
228
684
464
129
626
249
876
408
85
598
306
68
337
718
741
756
372
120
287
403
769
979
213
548
844
441
729
977
412
422
626
187
958
736
82
841
954
849
296
803
972
293
223
459
581
609
490
892
113
162
8
392
640
652
333
164
502
625
803
113
835
656
258
930
857
257
806
728
214
701
398
426
351
727
231
531
536
233
790
691
619
69
960
196
977
949
156
825
957
227
515
18
529
482
658
440
83
926
377
9
637
752
904
917
711
756
505
213
311
279
163
562
570
852
518
197
974
314
156
230
240
897
332
522
120
218
981
648
342
520
346
692
524
222
103
539
618
455
41
728
461
116
995
57
471
242
155
414
140
544
133
140
185
266
286
173
168
390
287
166
832
475
566
273
555
363
682
987
449
481
827
158
415
105
335
373
557
219
887
998
841
950
972
270
838
645
871
384
599
396
786
495
429
423
131
496
803
331
445
683
176
876
797
949
398
85
243
682
349
625
679
860
794
618
90
150
350
872
149
991
205
225
209
603
761
177
527
839
285
283
709
14
458
525
522
615
560
798
201
508
636
270
829
986
282
784
595
724
869
162
750
217
411
206
170
333
955
376
44
505
136
510
210
944
631
594
309
443
894
271
393
853
259
233
211
117
796
85
411
575
497
305
119
956
947
455
794
679
822
360
904
391
593
845
992
379
944
152
170
45
120
733
887
906
739
890
694
81
975
455
104
208
192
650
896
233
713
668
903
393
723
691
440
478
239
326
322
615
97
639
624
918
849
992
82
102
346
70
983
760
32
991
317
133
316
858
540
718
481
161
615
921
441
970
32
971
214
470
488
139
743
649
571
122
459
679
648
164
592
115
518
743
349
123
883
506
973
359
437
107
202
584
940
861
204
344
439
546
716
915
312
377
667
553
476
331
588
381
425
971
293
190
322
506
660
226
921
535
320
493
5
652
156
483
857
617
490
886
70
171
678
301
963
142
78
802
240
637
310
798
500
283
50
49
822
731
7
632
78
467
355
673
632
216
995
245
712
793
98
378
919
629
687
933
682
86
561
869
490
114
263
700
630
257
895
405
153
142
513
480
785
917
932
432
66
669
307
410
104
97
265
603
907
257
102
549
146
156
664
378
18
87
158
17
239
879
557
378
537
223
813
155
889
815
64
183
933
320
674
721
389
899
857
29
974
801
544
369
361
954
155
603
147
96
10
710
1
902
662
899
817
371
915
225
71
248
930
897
750
4
911
89
923
570
807
549
334
595
330
961
697
120
505
716
503
715
950
198
58
628
483
690
569
378
599
429
409
575
483
721
830
513
761
299
537
832
202
325
51
116
334
926
243
686
915
364
472
330
403
723
30
494
254
160
985
912
920
622
719
111
139
641
574
366
657
937
955
71
277
943
155
218
369
146
64
105
674
26
832
300
995
634
638
888
994
368
591
289
798
391
638
745
240
146
875
215
35
77
849
922
188
323
255
148
919
769
616
702
122
120
152
99
428
167
70
952
562
682
866
121
681
850
199
353
937
214
89
135
891
544
542
476
891
510
331
347
516
138
261
185
407
242
371
238
444
343
379
376
329
403
950
507
525
939
147
855
336
780
405
815
906
192
862
201
454
655
419
745
793
164
905
803
978
701
241
903
752
869
421
961
329
284
46
710
66
237
732
164
470
384
371
195
175
348
856
434
150
507
961
433
604
436
408
764
335
888
863
658
266
630
810
628
797
895
3
263
538
680
754
750
627
180
350
789
408
175
264
64
300
951
929
900
478
384
617
803
414
853
118
158
49
38
388
163
467
973
124
29
931
903
78
53
324
486
120
770
272
30
593
876
646
730
402
853
526
542
884
199
381
54
798
386
12
880
583
797
458
15
751
797
841
568
424
104
583
10
126
976
235
873
586
178
475
986
325
133
150
578
379
67
278
552
828
8
583
295
432
287
87
422
13
402
497
300
19
500
74
928
246
17
366
710
161
800
238
546
502
683
363
410
131
213
830
958
901
399
1000
394
266
207
199
72
552
858
726
40
502
447
580
348
31
397
277
307
421
750
389
295
568
142
475
809
734
499
460
857
624
526
829
494
178
950
98
316
482
457
884
753
431
258
558
445
49
860
889
300
646
573
21
546
145
573
788
904
111
277
223
560
155
848
999
615
169
804
846
663
750
808
845
889
593
185
355
595
307
4
813
732
203
173
253
152
977
752
788
793
252
640
494
533
7
846
702
346
45
286
521
890
209
606
485
338
899
850
829
729
144
848
277
444
86
902
791
447
296
620
906
367
940
668
40
193
815
935
311
293
229
995
403
809
362
256
328
827
452
962
258
485
139
649
999
683
603
394
264
613
475
447
435
271
354
498
847
622
719
742
487
304
217
996
909
725
551
715
769
521
574
104
192
917
273
876
216
113
415
36
153
467
509
990
98
521
242
669
460
847
498
312
699
743
769
622
923
797
433
903
610
272
302
113
157
194
101
631
231
158
215
709
682
888
850
800
488
412
159
859
721
851
32
446
829
832
535
168
488
202
80
88
628
182
161
10
395
946
164
971
690
855
239
853
668
968
691
641
898
544
948
438
471
505
796
36
584
748
17
643
230
638
456
990
277
666
938
64
9
452
251
234
747
252
644
196
653
482
125
318
824
62
859
855
20
160
828
99
940
377
733
719
994
888
965
44
165
968
395
503
208
962
884
125
393
462
997
96
35
694
519
271
88
575
600
170
385
192
690
991
32
218
526
28
861
502
184
721
584
35
346
490
859
59
727
800
715
906
757
677
865
603
136
227
224
493
66
377
100
432
538
182
217
541
888
862
12
820
5
351
119
876
872
198
570
41
650
829
5
374
975
686
905
576
888
823
597
13
900
107
103
401
954
744
479
666
652
499
403
205
707
819
654
12
130
146
130
337
315
274
404
747
640
886
521
655
246
660
10
40
411
169
4
487
766
289
932
974
329
48
112
393
613
781
809
161
717
855
845
879
570
569
642
511
52
665
667
199
136
405
138
409
729
237
690
573
158
938
772
101
309
870
153
765
332
856
463
385
532
205
922
528
682
306
69
467
391
979
637
581
505
392
591
713
860
360
90
177
783
689
363
275
554
907
303
94
623
821
457
376
58
869
504
907
936
169
968
88
208
605
206
578
561
266
769
927
650
378
782
266
453
937
16
435
886
241
84
720
376
713
990
15
320
86
742
271
926
702
180
780
967
400
632
381
37
187
817
251
727
635
350
478
331
978
733
196
905
985
183
22
190
104
578
944
420
228
966
595
546
188
754
232
892
435
752
896
762
276
304
119
576
404
291
323
642
621
618
614
496
412
936
115
18
764
958
684
842
630
195
891
25
534
798
718
780
585
913
355
352
645
929
946
592
964
303
84
770
928
851
154
743
425
644
142
305
553
847
277
695
859
261
78
458
585
84
899
657
352
38
916
509
961
637
459
807
586
468
592
16
854
226
891
937
524
567
306
242
939
393
571
647
467
908
739
83
250
924
833
155
807
547
906
696
1
274
861
389
894
171
543
721
83
472
703
164
238
688
919
627
308
64
39
61
197
229
63
923
376
174
314
399
264
422
924
520
330
884
686
553
899
97
259
693
367
656
504
108
996
40
560
516
687
156
367
373
402
676
266
184
181
299
938
313
697
252
234
713
266
28
950
133
549
448
378
885
81
11
156
18
328
861
545
718
924
297
4
981
793
667
70
982
346
534
351
484
159
942
20
625
342
217
705
703
767
925
683
568
600
966
572
175
893
905
31
953
329
89
282
600
352
554
444
802
294
327
698
274
865
569
329
464
213
569
487
969
923
773
866
897
865
280
879
989
443
718
914
876
548
749
601
397
166
393
402
700
578
287
76
219
407
194
116
685
992
861
811
362
702
941
790
719
856
853
756
415
83
30
679
337
471
801
273
19
920
832
465
472
942
69
692
438
178
231
931
270
462
167
362
580
64
44
182
203
78
463
50
244
216
342
653
294
237
730
956
846
909
950
701
954
620
629
414
25
637
257
417
112
408
788
897
65
34
271
232
878
496
858
997
268
200
67
303
584
531
331
7
684
955
906
431
421
418
515
977
838
317
147
904
280
284
323
76
982
28
208
998
930
752
142
325
146
445
163
765
154
782
43
922
479
669
778
839
947
845
375
946
728
620
729
101
111
11
199
203
397
72
145
980
923
898
675
932
370
225
776
332
975
951
925
799
344
180
12
85
580
346
752
24
889
414
356
298
7
737
599
192
173
440
2
716
144
845
113
343
244
35
73
23
245
620
297
567
373
28
441
805
501
772
384
740
531
601
309
92
581
302
592
926
526
861
792
280
761
297
163
588
782
577
476
803
306
286
850
618
197
977
705
498
611
804
351
314
785
969
660
54
820
235
146
608
918
899
13
572
208
666
512
27
45
799
384
470
555
437
747
35
608
171
175
562
105
4
140
601
110
271
625
528
871
444
817
644
585
934
182
476
616
416
702
939
684
814
927
550
75
72
440
994
142
419
277
681
424
703
927
169
869
655
911
720
800
153
97
741
650
824
997
979
500
517
257
40
461
872
365
864
248
182
81
64
929
131
576
97
576
952
833
11
704
376
98
475
687
66
83
59
956
598
777
90
294
851
292
177
526
873
99
688
736
448
602
154
79
521
515
56
430
734
708
811
747
701
252
622
875
33
510
779
440
220
53
1
698
234
932
89
215
578
210
695
559
623
127
583
53
357
210
460
589
714
776
487
669
236
792
304
703
665
500
498
870
47
109
341
717
424
601
82
134
897
147
693
716
63
326
1000
897
437
653
171
743
541
566
265
449
145
325
483
107
74
242
506
987
842
769
513
283
676
7
412
622
946
263
955
592
473
133
858
953
452
847
472
829
856
801
105
367
6
682
371
636
604
960
76
344
862
980
975
127
381
812
905
823
942
87
576
382
354
311
899
114
484
398
468
100
611
715
374
307
479
665
785
778
924
480
856
390
747
888
496
779
101
391
230
50
982
701
973
574
797
442
835
246
808
679
478
32
884
425
178
62
943
874
190
550
1
226
904
180
705
664
693
86
854
790
392
804
638
452
106
85
475
709
77
181
368
457
411
338
967
300
139
549
588
695
246
592
599
188
161
912
225
129
57
745
120
724
490
778
975
184
31
357
8
958
236
651
868
55
476
636
771
168
457
942
708
435
770
804
593
79
780
774
739
208
263
954
632
962
843
930
603
823
867
757
762
874
728
429
949
445
354
702
945
546
138
431
264
221
721
153
910
513
63
540
430
640
521
632
5
69
539
605
262
208
28
375
7
144
629
506
98
777
984
729
161
852
116
391
469
4
989
199
636
581
34
247
810
857
690
34
569
758
891
519
604
918
188
97
852
612
500
983
763
723
370
424
1
8
922
927
308
852
24
221
643
656
43
462
740
825
292
837
940
839
879
945
974
588
811
336
268
450
55
989
833
610
346
825
213
730
156
781
968
18
512
263
423
294
580
367
447
393
402
369
893
598
48
568
507
589
800
830
253
914
331
949
241
335
48
474
36
908
325
168
603
737
934
682
937
980
37
296
417
474
743
848
350
333
91
459
382
51
167
165
909
776
282
588
997
676
942
899
463
808
376
268
311
101
573
215
450
886
442
869
729
443
988
599
17
341
68
660
788
45
107
933
862
801
279
671
982
439
479
600
424
483
379
909
48
500
800
679
858
352
435
390
427
813
63
84
403
777
8
771
196
844
745
366
307
995
925
178
461
259
744
214
123
949
211
541
691
111
249
758
129
928
358
318
485
910
668
900
881
284
998
103
718
961
439
285
211
406
921
110
956
351
716
864
439
684
943
533
136
246
60
543
816
497
602
604
106
510
441
806
498
757
401
139
253
315
63
12
176
702
988
145
973
913
570
290
166
384
820
249
625
44
512
548
917
387
404
427
542
565
199
561
945
118
950
513
29
471
2
442
196
374
854
897
1
104
890
1000
595
803
984
909
684
927
234
108
89
635
506
554
59
631
773
277
455
307
160
163
271
302
599
776
349
445
365
321
163
755
889
614
88
853
704
543
119
717
504
596
460
317
328
333
619
483
236
122
925
200
765
903
883
195
780
772
40
394
300
312
542
837
440
406
824
826
950
917
116
959
941
178
801
472
705
223
335
222
547
351
251
562
278
89
278
533
410
316
188
273
944
126
967
570
609
681
131
586
842
602
727
918
796
420
339
925
696
389
462
617
661
653
23
335
92
801
874
535
24
973
990
603
375
608
993
61
716
213
649
118
607
563
879
149
613
22
786
296
291
183
358
602
532
79
396
790
560
288
440
735
14
491
958
685
397
929
391
707
126
57
483
717
589
225
192
904
282
260
318
277
417
250
856
326
767
394
358
182
924
765
383
620
645
897
854
923
477
425
797
956
873
141
345
764
884
189
694
749
997
607
195
768
441
131
741
444
179
5
871
666
368
329
237
544
979
148
492
855
36
932
783
341
467
110
905
449
71
449
656
949
352
985
301
176
911
381
271
112
439
459
257
495
984
430
270
403
280
359
629
562
21
167
483
768
977
435
872
632
825
429
143
859
752
813
468
535
917
830
825
959
715
508
924
561
474
476
386
85
246
345
12
531
771
408
662
196
693
10
360
197
712
233
866
906
335
239
778
818
688
334
110
195
355
635
729
945
4
993
202
878
813
902
608
642
307
111
671
905
193
945
67
297
859
669
730
753
556
341
845
236
470
119
740
818
221
416
979
727
737
452
112
426
520
922
756
399
434
172
748
583
44
924
166
129
322
760
106
906
261
398
70
578
631
37
401
627
31
707
576
67
378
639
806
981
401
526
184
385
33
804
480
422
865
967
823
254
709
790
520
599
650
975
166
946
46
572
925
414
703
815
98
392
928
393
628
351
988
442
85
397
813
319
530
169
297
805
100
798
208
404
270
60
711
482
693
123
734
643
926
4
465
59
297
222
777
958
365
333
1000
574
432
185
939
623
904
745
442
141
114
39
125
121
257
659
84
683
648
961
539
120
623
181
187
495
579
351
982
830
330
900
282
516
619
292
677
233
944
14
201
518
341
755
813
233
988
228
546
90
626
242
147
803
941
249
229
849
558
384
178
491
160
359
168
372
121
94
525
404
849
753
262
984
609
359
634
133
472
363
163
743
926
511
40
690
181
403
1
867
782
928
111
3
998
585
989
688
795
333
113
184
723
196
767
944
857
247
973
30
773
546
250
599
545
741
44
23
844
997
389
34
898
299
709
969
621
418
602
164
584
313
760
795
955
635
943
549
533
248
411
358
220
423
671
11
424
666
58
208
162
570
751
566
140
901
333
166
849
968
613
866
444
364
259
749
320
255
126
781
305
581
958
626
527
783
953
751
163
547
622
823
533
686
915
848
699
943
825
423
494
575
637
411
368
28
538
212
809
867
860
620
874
360
334
606
555
761
71
569
288
359
197
757
960
850
563
779
586
84
741
590
583
302
393
757
996
745
613
506
888
33
909
497
489
414
256
73
362
510
217
276
835
61
640
423
408
447
21
90
267
442
567
941
741
880
287
4
683
602
351
909
231
857
191
571
478
726
452
442
740
946
373
373
420
251
124
728
875
625
989
308
166
547
58
846
587
244
628
67
242
138
873
592
285
606
164
895
897
40
425
757
836
932
577
222
853
645
8
587
920
892
54
863
999
722
164
2
708
438
160
737
275
438
897
657
744
666
722
179
24
587
498
677
224
775
533
868
83
253
81
582
361
551
878
931
305
558
465
29
17
706
39
800
247
50
7
357
348
256
820
245
382
263
21
296
313
53
687
496
934
348
568
403
797
601
219
623
211
297
849
369
557
242
358
199
645
489
547
665
804
284
934
732
142
830
430
319
909
80
298
23
714
191
109
123
403
16
345
899
811
121
644
840
996
250
778
8
925
788
849
906
844
772
463
168
106
710
501
505
880
966
793
901
365
728
871
396
83
489
744
306
702
324
307
121
786
227
495
581
810
172
504
303
240
633
343
525
727
377
906
675
714
14
255
978
795
229
152
264
5
703
125
15
472
608
759
71
663
777
252
994
771
82
120
351
60
389
846
877
228
971
375
853
392
561
385
518
286
373
255
959
140
487
609
81
125
193
834
919
687
444
672
97
913
713
598
364
627
788
283
634
569
50
801
948
556
754
849
230
843
532
250
360
946
543
352
772
426
291
182
127
617
449
286
712
627
629
300
995
496
971
635
429
682
6
8
382
479
369
367
515
561
701
377
164
857
618
765
462
25
569
869
638
899
768
519
268
356
65
403
669
952
956
548
332
178
581
700
627
545
290
992
333
700
72
456
101
643
63
97
103
133
648
881
30
579
293
848
210
73
45
31
527
147
137
880
931
97
139
488
360
262
280
369
435
4
42
520
253
400
224
2
62
740
88
399
33
832
22
72
960
870
623
292
384
288
950
346
328
410
995
517
796
913
670
505
2
5
739
509
172
466
479
292
482
671
489
132
227
763
296
814
668
20
682
10
59
163
476
41
853
675
363
595
114
618
691
981
365
409
809
723
698
84
901
639
463
384
486
867
697
195
729
917
610
74
399
872
451
692
793
827
360
332
448
961
972
312
548
158
816
325
810
304
532
726
487
574
73
501
190
467
640
803
667
787
90
175
702
196
123
110
491
406
856
996
43
622
510
33
214
279
570
256
573
866
550
741
760
328
297
883
91
578
350
161
683
566
497
636
785
381
571
986
794
291
755
24
612
327
876
175
194
132
114
370
587
196
778
521
534
666
885
134
324
166
771
525
132
946
537
6
221
308
154
337
13
823
150
664
685
248
263
495
88
36
414
455
246
994
788
931
907
511
309
247
577
910
755
489
802
640
607
620
463
215
217
156
885
366
797
478
960
229
537
7
682
462
729
142
203
559
231
473
993
944
467
383
850
582
677
372
790
766
339
644
938
961
889
992
783
31
80
949
872
645
691
578
937
514
754
430
365
813
225
877
385
966
309
496
509
163
602
18
528
67
518
420
690
860
201
437
937
828
883
168
444
82
288
836
558
944
716
301
24
408
273
66
689
852
792
895
284
265
623
467
532
503
449
356
296
831
167
978
69
931
528
279
840
649
604
860
846
379
139
360
253
151
141
322
653
354
905
831
803
770
848
184
479
405
306
411
591
479
931
959
390
35
895
80
376
266
674
582
726
388
688
789
266
880
417
430
420
349
375
156
394
185
712
973
254
141
163
144
542
539
918
18
25
356
817
324
618
723
128
721
945
510
852
689
304
830
475
267
373
942
111
381
79
627
25
804
389
102
903
585
55
308
740
81
485
392
70
891
774
7
770
166
367
844
212
911
720
62
818
283
143
328
567
992
857
329
603
113
212
25
21
32
707
736
571
178
832
751
985
471
506
89
519
133
459
697
385
18
857
860
138
560
246
456
56
814
358
894
541
973
463
874
937
848
894
974
225
546
854
329
68
980
853
25
4
975
231
821
131
661
358
827
603
15
158
834
271
639
896
222
684
259
566
447
92
847
584
630
28
987
696
645
856
780
351
278
520
422
865
731
741
967
664
817
410
848
92
135
824
926
120
790
262
233
507
66
706
506
598
718
236
309
656
921
257
206
411
43
599
1000
224
381
849
185
212
266
355
436
868
449
439
433
642
896
583
233
797
440
486
617
427
172
189
111
680
419
234
637
360
398
413
702
569
530
20
693
523
309
163
153
378
812
501
682
531
608
29
683
768
85
344
803
719
104
316
451
970
917
750
70
732
842
771
987
788
861
901
34
813
808
526
317
414
16
210
330
231
979
591
206
547
90
664
359
254
836
403
136
737
839
635
559
794
388
708
549
708
2
800
322
724
653
811
986
553
575
672
587
377
485
245
321
474
733
149
49
732
30
621
404
658
645
462
541
896
231
741
94
575
132
620
819
882
495
600
645
172
172
655
313
904
919
676
419
38
443
947
612
119
807
232
648
808
746
866
520
568
29
201
624
285
873
908
580
496
165
799
107
325
642
912
383
141
731
730
614
296
178
246
211
476
56
564
419
710
959
530
424
767
14
448
618
737
609
412
971
30
853
956
121
464
527
334
489
464
149
501
471
624
960
975
168
109
179
554
676
715
887
447
412
460
627
259
932
160
872
631
823
378
62
92
323
912
476
359
386
225
752
335
224
293
230
851
384
920
676
183
343
105
593
632
358
168
586
334
695
57
536
781
134
941
372
187
357
965
74
849
355
765
620
970
628
242
78
339
788
899
840
221
372
623
327
179
313
403
491
481
13
278
810
889
844
353
981
258
917
950
418
761
531
390
773
587
785
2
651
531
780
20
117
922
466
398
439
700
694
938
403
900
213
510
960
196
651
856
551
189
512
892
727
938
710
303
8
766
324
120
334
395
843
654
514
260
524
292
146
727
332
353
715
718
787
804
65
607
360
226
250
667
438
738
685
51
312
158
606
470
971
429
291
568
647
4
370
24
219
564
449
375
51
356
536
47
926
841
67
194
25
816
967
747
181
612
577
98
778
288
952
80
975
720
547
887
206
356
614
264
660
952
767
663
877
612
783
190
286
792
750
306
970
619
633
552
565
330
282
775
655
362
948
974
740
213
338
978
65
835
428
998
717
56
197
10
422
723
286
112
961
120
347
127
253
148
921
346
568
845
978
154
293
89
775
934
271
512
581
187
300
33
874
743
853
293
246
256
993
337
483
72
120
236
315
391
674
686
573
206
111
191
81
714
354
110
639
77
171
488
306
385
313
273
663
719
365
960
679
695
515
576
758
765
901
363
557
721
648
133
366
608
352
680
833
600
575
625
239
494
4
533
20
264
284
664
970
782
169
698
141
610
785
222
7
587
757
491
442
239
865
466
738
364
231
19
804
968
61
302
656
558
90
848
124
754
634
566
948
113
542
323
523
731
727
966
508
943
984
27
586
673
612
44
75
424
379
773
561
646
431
496
970
860
770
600
639
58
78
602
944
244
590
235
128
760
298
991
701
233
411
516
583
873
538
433
460
457
468
569
306
320
513
70
790
177
964
854
699
634
544
167
389
75
939
884
293
629
476
575
66
624
23
431
980
876
800
461
838
778
580
442
627
512
715
264
486
336
604
112
848
148
367
655
867
353
659
226
547
108
301
157
105
539
644
626
429
245
330
38
244
367
94
226
535
678
304
949
323
446
20
873
415
271
108
215
618
501
440
451
261
988
379
94
722
465
220
509
268
980
687
359
980
664
319
370
504
146
81
298
89
784
990
904
981
796
544
332
437
660
208
501
556
353
716
837
278
832
444
971
469
861
750
207
304
460
794
805
115
591
881
873
608
891
24
682
747
559
782
429
911
14
182
5
13
818
923
485
277
672
621
213
610
648
214
787
748
604
98
848
838
223
893
806
199
560
495
705
743
118
763
151
550
616
851
947
996
509
639
87
675
197
330
472
828
512
324
967
161
4
466
143
160
254
349
711
740
558
775
626
561
766
995
854
173
121
875
357
99
703
909
22
855
402
856
234
724
613
213
207
110
318
598
899
301
535
710
470
213
454
460
638
269
488
793
905
700
774
110
110
256
499
119
632
311
907
530
788
387
359
84
811
327
787
546
438
646
996
29
892
827
952
653
791
598
746
633
361
761
346
57
979
793
525
68
886
893
238
262
744
996
401
633
588
284
101
916
990
609
686
499
974
506
368
832
450
379
283
955
818
798
686
900
314
436
229
19
172
473
749
589
781
877
136
967
288
769
592
65
859
382
545
453
836
631
146
789
333
718
350
461
303
219
19
532
533
707
67
627
245
608
604
854
898
78
241
537
761
703
49
826
780
178
388
74
445
474
324
55
863
590
87
385
83
842
946
360
548
629
648
720
480
732
257
957
430
438
545
537
266
280
234
912
589
915
581
486
551
475
900
373
150
731
371
199
529
893
989
254
473
821
930
959
193
852
18
313
391
627
201
700
802
912
374
456
36
169
511
988
106
257
16
849
343
986
317
50
260
690
362
331
51
589
624
546
536
603
60
316
559
31
153
271
755
417
404
147
208
172
284
77
297
735
845
329
656
923
732
761
677
703
650
91
79
820
742
610
828
968
318
929
90
903
263
708
586
662
740
360
45
58
665
958
739
709
670
513
31
563
387
510
475
104
808
876
984
223
763
434
234
895
578
809
30
264
569
150
15
698
145
388
601
504
956
392
620
509
181
625
711
178
363
183
511
566
999
210
728
235
512
361
156
253
440
388
852
209
109
768
785
4
77
788
729
147
862
851
344
158
850
937
268
309
237
662
368
223
645
747
579
988
722
297
284
717
825
534
158
520
410
529
879
153
195
482
981
260
23
618
857
77
961
423
205
612
372
98
655
852
434
583
933
799
445
341
720
815
585
844
260
442
931
690
350
53
156
465
145
583
615
486
406
297
234
298
730
400
718
314
112
11
711
942
860
167
321
89
185
573
946
243
878
867
353
577
177
105
315
725
372
662
930
174
279
731
15
395
229
386
859
351
923
833
562
306
213
774
625
319
772
765
129
663
226
93
895
997
283
537
738
440
417
458
613
102
459
679
73
230
390
141
330
742
769
639
189
11
185
300
214
391
110
526
82
67
898
537
652
421
160
890
507
396
978
138
826
626
82
402
974
567
61
635
515
478
87
100
158
157
479
934
169
269
941
186
672
49
615
773
624
379
220
150
281
230
904
958
950
425
587
704
837
938
191
178
889
646
982
438
691
590
734
29
996
150
389
621
624
627
193
589
109
791
297
68
342
88
211
641
790
235
481
560
123
585
609
21
429
579
137
322
273
563
714
354
207
3
30
885
346
930
864
278
670
131
288
942
667
954
344
129
14
363
783
604
837
22
65
801
370
107
538
39
194
723
250
473
256
84
209
51
188
376
764
105
59
746
621
432
204
74
50
57
725
244
451
661
459
656
713
236
69
260
396
189
896
302
548
609
702
191
659
799
715
17
813
701
821
500
939
418
623
339
606
295
627
672
296
352
785
745
459
467
571
826
571
623
503
703
856
543
902
35
410
53
402
544
433
302
431
564
104
176
973
259
875
305
333
234
825
945
457
635
756
933
592
383
277
829
638
103
118
213
236
700
356
998
902
484
863
835
538
166
912
397
586
302
838
469
337
948
820
238
68
35
388
328
553
320
690
871
245
925
295
707
547
540
125
276
476
475
864
461
534
872
911
368
679
65
471
577
874
348
173
592
218
985
964
716
655
735
627
440
956
846
136
341
701
354
98
226
528
777
46
936
164
162
283
137
726
857
592
777
433
795
403
998
951
858
552
506
593
688
446
128
949
934
163
830
601
259
331
705
302
907
734
323
578
727
184
90
659
591
770
222
659
918
188
192
488
153
368
242
314
159
442
898
296
235
141
768
603
150
145
772
766
790
542
682
291
848
36
662
287
475
566
159
861
768
798
497
455
291
260
145
32
570
167
259
667
650
951
608
104
717
849
569
670
476
331
528
137
390
923
394
63
87
148
724
846
644
570
807
977
587
587
175
138
771
833
483
459
634
120
142
304
51
184
51
935
173
14
566
502
272
664
995
486
728
335
161
126
72
61
94
236
379
881
623
527
143
376
244
832
615
224
955
151
223
933
32
548
174
782
381
708
946
240
876
116
42
567
164
36
698
187
708
676
647
678
402
263
247
620
866
94
48
480
316
895
912
19
745
85
632
494
664
894
501
534
188
231
873
719
210
968
255
915
137
168
444
508
405
715
351
184
616
713
717
245
383
350
254
120
291
497
937
497
387
873
627
619
564
219
168
439
426
365
515
279
777
597
277
776
492
122
10
550
384
491
96
722
334
970
319
244
915
267
112
801
373
671
23
401
794
235
904
791
727
965
969
924
350
614
689
619
646
471
350
94
994
191
547
431
268
777
7
149
723
878
967
54
977
63
969
384
850
72
376
939
153
14
480
487
353
748
411
888
360
989
278
535
795
656
785
239
854
443
155
791
32
346
226
404
843
694
786
742
11
810
106
530
989
526
941
466
509
274
9
954
478
944
721
889
332
117
499
101
141
788
376
383
717
333
10
410
468
277
616
879
844
745
791
341
653
66
408
700
97
946
61
730
861
487
108
479
144
616
845
640
547
152
882
898
582
311
404
257
590
729
685
700
464
122
873
962
455
767
989
610
374
689
740
906
624
576
115
342
932
999
738
805
489
62
187
353
75
529
22
4
391
392
444
391
1
38
116
616
111
605
539
746
158
195
202
266
746
991
519
315
457
972
959
590
116
993
979
756
495
602
379
615
132
104
14
763
733
924
686
772
500
840
780
568
651
325
983
433
193
293
342
395
433
922
490
559
114
32
755
950
143
999
384
321
865
245
801
343
939
724
664
834
161
425
568
6
64
682
312
871
343
510
542
216
553
352
254
535
54
956
9
808
222
768
249
19
635
489
830
352
625
13
421
543
562
585
552
165
366
120
396
959
146
692
950
943
73
575
699
608
511
650
475
873
372
770
892
118
896
387
71
320
189
672
814
122
975
741
571
399
405
714
24
801
482
40
25
843
227
300
285
409
210
220
762
953
874
617
686
143
423
263
981
111
740
721
226
150
552
744
563
92
676
364
250
673
578
652
128
764
928
430
500
91
188
140
274
526
508
641
748
522
512
643
842
105
309
760
246
389
446
204
89
360
417
550
875
75
238
268
218
524
485
690
625
470
539
825
92
243
171
715
456
273
313
857
659
907
444
485
424
707
845
499
135
833
161
521
462
789
435
536
924
664
906
391
279
82
245
315
588
521
16
938
899
61
127
747
762
530
404
238
557
409
27
529
468
39
523
645
933
609
18
379
408
381
327
296
444
64
931
560
408
188
212
57
187
295
838
751
189
574
904
273
783
956
662
698
189
938
697
828
637
236
42
924
706
438
338
561
180
783
166
775
660
248
955
756
747
377
757
843
26
240
619
166
886
409
762
422
775
267
200
536
301
717
317
256
904
40
90
605
109
716
693
679
879
63
138
355
185
479
344
571
454
685
232
41
891
149
126
164
652
853
81
932
991
954
137
735
570
512
617
454
898
908
964
250
23
767
214
296
648
332
544
947
74
322
263
264
796
273
879
958
281
760
296
499
456
706
142
924
923
41
281
474
876
168
529
719
898
268
26
259
582
380
11
670
277
75
206
37
322
625
133
637
86
974
118
546
591
403
925
863
737
357
199
735
554
755
656
202
19
699
48
36
185
809
406
23
6
544
71
628
486
57
21
322
134
698
463
322
974
254
520
214
387
155
227
357
928
431
279
648
80
938
413
83
741
723
443
733
93
330
456
144
263
887
394
374
703
159
539
23
268
40
891
732
108
273
709
445
794
416
496
531
537
503
149
123
947
810
71
991
445
877
11
123
183
427
749
637
921
600
881
514
429
615
727
675
101
767
558
745
274
687
875
688
656
619
321
855
233
486
158
175
474
879
478
905
880
321
157
886
653
314
341
239
515
229
466
370
974
474
817
551
390
320
584
70
505
338
74
181
793
276
182
357
220
733
483
55
657
907
924
278
817
305
620
322
847
744
738
984
851
901
135
750
582
227
261
703
318
29
572
230
834
776
484
217
449
835
221
179
615
107
212
385
584
447
61
239
956
347
351
578
937
453
696
804
537
736
508
860
860
448
147
337
719
354
625
82
538
613
491
374
237
950
912
807
936
442
912
253
955
413
923
157
130
239
866
612
928
653
503
681
968
3
685
281
669
788
399
293
622
116
418
908
529
648
411
783
250
101
779
158
463
589
331
906
207
694
400
731
231
50
44
759
599
402
873
159
852
771
326
842
637
822
693
402
114
51
397
900
237
3
912
515
534
181
91
636
607
575
523
155
71
232
343
302
795
181
229
479
462
901
218
564
25
954
444
525
313
459
975
727
693
359
782
944
356
731
55
878
178
122
180
997
444
417
660
924
660
379
109
55
799
704
820
87
148
586
770
690
799
784
291
49
779
281
22
613
839
927
771
191
828
796
716
545
789
49
416
988
501
952
409
949
856
53
117
591
31
633
229
40
548
661
452
939
341
382
990
456
354
871
428
675
901
894
998
142
382
373
650
880
720
236
420
958
973
219
662
779
309
9
84
57
833
632
985
138
884
455
160
29
67
953
921
905
967
969
648
757
866
58
651
413
553
28
865
14
796
625
140
882
413
425
277
495
444
108
699
644
15
380
719
775
282
952
109
820
307
989
157
931
338
503
777
975
687
811
755
937
735
516
54
246
202
211
888
609
349
935
832
871
302
325
765
534
989
337
322
301
353
155
964
681
118
832
359
72
704
321
22
866
933
554
47
741
673
574
634
453
702
321
625
551
286
821
459
308
380
977
682
611
748
918
676
744
693
17
125
634
203
492
223
409
154
993
320
745
931
284
737
16
362
573
166
919
470
463
234
290
880
222
325
934
660
21
722
618
766
532
14
930
610
28
296
797
643
835
110
856
46
310
767
19
872
33
913
353
965
404
709
916
995
784
24
588
391
64
824
508
99
593
807
188
694
196
598
33
444
353
781
537
17
591
738
657
149
378
492
718
36
115
660
78
890
817
939
426
448
752
501
730
50
231
558
140
855
332
488
918
307
913
944
266
249
452
583
165
293
34
917
144
400
926
618
986
385
376
541
436
84
605
102
441
362
456
190
291
876
637
237
706
786
4
351
986
124
223
298
848
604
706
767
454
904
132
569
516
90
49
72
368
663
568
359
921
617
640
409
591
91
274
460
417
360
215
842
271
286
597
600
534
138
698
675
290
681
934
862
950
10
962
879
879
307
459
108
966
347
364
539
108
738
910
59
54
181
769
168
430
566
969
815
231
332
715
73
666
867
468
810
114
292
139
446
444
144
800
890
576
15
978
924
247
831
185
253
941
830
685
795
711
512
510
757
485
150
256
479
333
575
150
282
351
91
258
289
806
9
801
916
942
332
942
691
57
267
347
885
826
158
300
533
870
941
725
113
753
636
329
988
954
948
8
300
35
374
627
587
440
905
529
469
224
342
714
610
426
582
899
384
866
485
743
882
657
130
147
583
293
524
293
447
732
916
772
371
38
329
230
535
498
495
390
629
982
767
557
450
708
916
512
997
252
256
612
461
583
831
289
956
771
504
286
118
321
309
645
106
211
929
699
286
726
426
958
133
494
697
370
814
347
72
411
691
502
563
735
624
510
717
959
610
648
551
180
881
561
546
737
416
581
234
506
115
800
473
29
355
848
657
639
912
521
357
607
185
73
765
754
957
394
527
11
899
458
459
46
658
561
228
485
385
82
809
636
75
381
279
886
94
256
184
845
379
464
811
477
226
495
855
708
649
175
253
160
90
87
290
431
731
136
310
618
903
918
17
235
855
206
12
886
202
636
959
796
108
36
368
306
6
171
815
382
337
786
275
607
555
214
58
919
193
984
942
615
159
158
845
162
822
819
695
549
379
982
584
833
663
911
809
865
684
609
411
145
172
833
991
179
135
582
955
929
151
850
769
83
288
248
188
102
369
172
296
737
227
945
652
677
541
615
557
649
534
497
509
995
522
291
227
219
424
869
707
973
806
736
360
613
814
105
12
55
465
163
388
439
172
10
460
307
814
324
67
75
717
330
474
674
447
338
830
181
917
576
880
332
361
728
352
684
207
577
365
502
982
736
240
849
3
610
513
588
333
363
909
256
147
220
429
780
685
604
861
599
761
833
7
25
176
390
477
341
668
430
541
606
836
920
87
13
750
699
598
597
513
834
602
158
200
795
994
329
390
673
543
163
410
451
557
891
715
800
587
404
260
844
401
3
67
734
909
121
778
602
657
106
65
770
210
436
491
416
782
893
994
187
495
159
350
248
172
226
88
101
256
250
991
142
696
211
892
210
276
884
18
172
281
836
126
484
268
234
362
359
272
244
318
66
182
254
766
305
565
702
157
102
79
841
902
148
900
329
323
250
458
623
883
400
21
720
306
52
718
69
933
636
438
200
822
383
655
110
287
699
807
409
30
467
110
642
938
153
383
218
855
994
626
432
409
872
719
202
6
379
117
241
728
850
595
897
225
419
666
575
378
713
335
81
947
453
910
778
160
169
164
630
877
21
319
503
90
410
527
679
695
946
963
52
28
518
1
836
366
913
372
216
712
650
599
653
164
55
37
372
665
531
337
719
904
566
684
950
758
759
452
9
672
815
979
479
913
627
256
943
405
362
903
831
175
695
409
645
722
501
121
384
758
29
595
794
179
199
33
702
631
404
50
744
907
725
307
197
478
53
133
687
996
259
740
207
393
605
118
328
707
564
562
531
355
18
460
743
134
486
399
775
403
940
856
490
515
735
741
759
783
248
134
829
53
479
274
785
747
774
550
177
178
259
472
870
476
303
734
717
746
366
80
345
684
275
388
600
272
972
308
828
826
18
694
723
733
124
139
655
37
995
819
808
227
285
605
465
286
284
501
4
181
62
104
289
148
825
940
348
929
436
852
469
69
24
78
906
595
569
973
19
701
901
851
854
818
311
714
136
704
761
722
424
927
304
595
369
60
561
689
731
549
158
732
699
416
369
100
907
902
975
255
386
291
676
686
489
376
366
153
980
345
140
815
331
39
382
562
367
814
720
641
163
345
334
70
20
1000
609
937
592
514
603
984
99
710
559
916
210
480
465
782
255
702
319
157
958
896
960
304
657
119
451
297
675
64
734
754
585
474
473
603
763
60
937
580
619
674
707
898
400
225
46
317
743
769
341
759
716
925
74
563
684
223
304
237
950
46
613
476
742
560
202
626
269
390
145
722
694
391
880
152
35
601
621
746
322
275
110
18
533
339
625
352
394
117
772
115
326
37
811
72
453
513
422
532
805
646
199
450
571
200
756
766
929
696
619
439
296
589
798
300
721
217
460
878
150
377
585
690
445
906
484
76
446
625
407
346
933
943
894
39
747
9
330
170
257
425
750
479
553
912
740
505
599
847
31
676
988
788
529
366
805
488
901
664
613
999
737
878
524
547
414
604
518
386
540
435
643
86
533
794
260
199
4
968
454
796
541
327
317
558
791
797
612
958
500
701
363
915
236
707
322
653
193
992
331
403
487
744
856
106
518
324
531
666
291
454
201
78
873
654
882
251
626
384
512
111
916
847
723
421
752
613
844
795
161
761
910
650
553
496
961
356
266
927
655
212
389
570
392
939
470
338
815
101
877
702
966
957
395
971
513
311
821
257
829
508
650
596
27
385
577
621
534
982
985
332
370
160
344
934
708
102
133
90
213
42
357
503
451
748
397
765
462
613
886
820
584
102
985
462
520
562
584
830
582
94
900
779
792
281
15
763
983
203
313
569
666
757
676
60
585
473
524
38
192
646
180
916
898
638
94
108
562
183
12
541
766
425
493
323
964
431
17
330
386
657
541
621
249
319
170
401
448
127
277
851
748
614
461
194
337
786
705
147
118
813
915
205
109
148
166
173
827
774
637
123
249
883
648
582
475
85
560
314
396
269
551
268
657
201
593
88
437
752
98
536
426
830
812
170
958
791
900
765
555
43
853
293
189
587
100
799
944
369
291
252
343
865
922
567
433
627
436
119
514
230
189
597
437
887
22
129
724
399
703
700
345
668
370
391
328
457
341
877
216
883
41
193
37
293
387
211
581
166
861
618
293
628
698
137
492
644
45
153
67
381
222
757
98
223
606
382
716
391
206
175
383
245
451
858
643
533
480
221
708
733
277
113
371
616
881
839
412
97
101
113
807
377
119
752
20
895
862
412
74
140
418
786
577
967
767
840
538
503
466
525
264
801
20
813
596
151
398
639
560
226
600
129
610
811
485
725
134
857
146
888
371
511
368
281
820
232
296
603
882
386
718
617
696
890
735
610
821
575
668
888
240
853
682
402
521
380
341
661
304
382
515
134
507
514
994
191
850
755
564
836
924
442
50
805
378
270
674
315
243
164
925
962
902
722
293
902
423
350
53
108
249
50
701
320
986
3
109
743
612
61
358
291
295
613
556
717
470
630
835
886
772
899
9
970
381
95
262
40
204
198
748
563
77
609
880
335
949
304
691
782
75
100
93
410
879
889
798
700
351
797
339
115
528
481
648
513
158
645
560
940
360
770
237
239
755
617
319
943
873
864
694
886
578
710
156
127
594
824
729
393
914
828
752
772
624
929
861
835
286
890
95
234
918
995
678
594
787
712
955
347
716
250
241
727
866
637
820
992
301
579
654
628
563
630
292
651
91
355
919
759
751
949
828
668
751
962
618
830
359
560
255
240
315
868
645
231
177
335
702
5
129
209
994
680
887
647
822
988
783
797
715
537
654
963
399
5
272
310
113
408
341
532
128
774
936
203
683
230
661
261
806
722
549
933
372
518
378
200
504
792
944
908
151
701
667
209
292
503
721
871
802
696
558
677
82
263
749
33
459
418
132
150
322
425
135
437
170
684
721
364
335
221
76
388
69
294
433
562
240
330
554
450
869
377
635
287
307
244
235
128
741
595
746
491
413
557
293
686
401
780
156
442
17
604
517
283
737
668
874
263
992
135
578
725
295
919
582
929
654
723
75
142
87
188
68
872
695
457
670
461
270
396
858
788
36
834
158
840
739
19
694
260
2
596
191
609
268
772
19
153
764
880
156
685
235
586
672
266
516
856
451
948
655
342
993
550
281
533
632
975
181
597
782
374
227
183
692
866
783
489
579
234
348
747
112
331
20
525
80
961
639
799
542
329
228
716
874
791
730
913
775
943
33
190
519
715
476
702
69
290
14
149
847
184
544
683
265
942
615
33
823
259
803
722
548
785
724
448
133
772
338
507
752
415
686
618
464
301
66
842
806
314
307
102
118
611
281
569
567
683
18
556
970
94
466
139
386
859
940
936
55
470
526
742
178
455
989
566
233
735
462
654
800
274
933
505
408
898
704
893
584
23
879
814
574
703
594
541
559
991
763
112
830
299
256
825
697
665
100
244
735
981
443
640
622
854
331
585
281
260
627
803
889
728
417
980
634
862
611
624
418
48
540
57
591
403
79
15
902
427
758
339
182
293
142
704
181
526
534
868
551
502
50
7
342
624
44
693
624
443
969
273
387
344
404
72
753
954
953
40
582
137
938
962
443
648
598
286
89
671
822
859
951
461
924
709
164
345
664
855
86
964
574
974
107
555
503
524
114
363
330
637
38
93
314
635
718
494
608
269
250
948
22
464
119
732
52
970
335
941
193
644
852
192
301
810
797
982
475
152
647
885
674
387
496
27
195
48
499
835
339
994
44
629
884
419
851
10
720
843
496
740
801
128
261
986
713
181
342
785
143
44
232
288
472
926
861
521
329
8
425
245
233
494
355
50
338
168
880
948
971
897
497
657
819
992
758
194
37
441
473
311
284
17
278
8
575
179
996
623
915
86
714
602
59
340
737
40
936
136
897
137
949
537
18
905
975
532
837
306
990
722
328
521
169
710
111
267
8
977
88
67
210
863
690
548
367
29
139
933
260
301
422
803
326
860
508
769
69
201
60
28
168
276
357
726
151
928
850
284
447
803
409
932
451
240
349
680
474
306
468
622
297
421
45
817
484
709
553
700
858
472
585
573
659
163
22
294
973
792
72
360
381
358
481
85
960
601
671
220
800
730
334
84
322
483
591
54
828
922
127
740
776
886
297
765
590
774
652
867
570
145
51
182
114
580
140
354
737
265
866
14
862
694
939
677
270
818
805
482
983
958
786
500
732
738
185
834
552
860
765
942
870
6
135
675
474
857
861
279
297
522
670
17
442
42
349
57
552
687
182
294
954
247
690
570
194
358
461
524
685
199
771
10
660
563
545
125
340
710
79
14
867
831
902
417
153
319
313
294
152
687
694
479
238
465
868
739
210
667
321
143
60
403
930
964
225
370
611
865
977
793
620
403
509
354
11
735
377
264
723
116
533
910
245
262
455
569
849
441
650
479
699
640
638
711
468
570
20
8
147
542
242
281
562
28
963
7
252
418
626
446
37
244
955
852
17
573
800
382
732
281
93
286
380
262
594
63
925
75
784
927
938
685
997
698
348
618
958
713
258
559
756
744
732
952
451
479
753
254
448
699
981
828
191
740
960
445
514
699
136
768
775
202
178
770
2
154
894
429
836
473
697
899
480
581
705
260
527
92
475
886
988
587
168
577
806
575
344
310
648
52
84
186
434
594
932
849
199
950
116
662
899
920
410
172
983
146
99
800
589
173
536
149
760
985
211
588
577
367
174
689
739
783
303
973
356
520
946
336
992
278
240
854
473
750
863
356
833
534
158
625
705
217
506
325
498
973
546
706
83
818
287
615
74
200
155
298
686
841
169
192
774
923
88
102
539
873
853
623
292
