1000000 6151
999125 999076
999129 999110
999143 999112
999110 999070
999104 999100
999144 999108
999279 999278
999273 999272
999140 999129
999105 999081
999139 999109
999088 999081
999121 999077
999114 999069
999111 999082
999164 999111
999130 999113
999189 999188
999128 999065
999163 999082
999090 999082
999109 999103
999104 999062
999085 999079
999088 999086
999158 999156
999151 999109
999098 999089
999082 999077
999157 999094
999918 999917
999129 999100
999874 999873
999131 999087
999139 999114
999395 999394
999158 999093
999084 999075
999104 999088
999145 999064
999145 999117
999118 999089
999148 999090
999138 999122
999132 999104
999102 999082
999146 999078
999121 999103
999161 999129
999118 999112
999145 999084
999221 999220
999120 999095
999140 999113
999128 999078
999147 999066
999164 999102
999540 999539
999084 999069
999141 999105
999112 999097
999159 999132
999134 999075
999143 999141
999162 999135
999103 999076
999150 999128
999114 999088
999879 999878
999113 999090
999163 999087
999612 999611
999159 999157
999097 999086
999111 999110
999856 999855
999901 999900
999146 999082
999107 999084
999095 999090
999159 999088
999162 999117
999658 999657
999126 999071
999535 999534
999162 999077
999097 999089
999153 999139
999097 999068
999163 999077
999152 999075
999068 999064
999140 999096
999160 999074
999106 999068
999144 999095
999141 999086
999076 999071
999100 999071
999111 999074
999153 999128
999103 999070
999108 999074
999465 999464
999091 999087
999132 999094
999118 999105
999466 999465
999086 999074
999504 999503
999119 999086
999115 999087
999147 999063
999147 999062
999138 999084
999119 999089
999838 999837
999112 999077
999150 999063
999549 999548
999158 999067
999124 999095
999107 999074
999154 999081
999428 999427
999096 999079
999127 999081
999139 999123
999118 999104
999082 999072
999106 999104
999136 999083
999653 999652
999150 999135
999143 999063
999126 999080
999158 999072
999832 999831
999154 999066
999117 999068
999120 999113
999151 999079
999103 999082
999162 999119
999113 999084
999125 999089
999568 999567
999163 999098
999129 999102
999108 999088
999109 999099
999152 999114
999156 999125
999162 999150
999125 999112
999773 999772
999488 999487
999120 999109
999106 999062
999152 999094
999133 999113
999135 999074
999092 999071
999155 999122
999121 999078
999080 999063
999082 999078
999107 999071
999100 999096
999118 999070
999383 999382
999106 999089
999139 999093
999145 999103
999139 999128
999124 999090
999159 999156
999158 999124
999123 999079
999148 999128
999123 999121
999136 999070
999265 999264
999116 999100
999102 999076
999157 999123
999138 999088
999141 999092
999125 999079
999122 999068
999146 999106
999082 999068
999110 999068
999159 999077
999110 999093
999117 999095
999111 999071
999157 999082
999128 999102
999079 999068
999146 999145
999073 999072
999070 999069
999534 999533
999145 999081
999109 999086
999090 999074
999121 999093
999305 999304
999159 999145
999082 999066
999163 999115
999016 999015
999164 999151
999072 999067
999156 999102
999131 999072
999053 999052
999152 999066
999925 999924
999153 999150
999126 999072
999162 999102
999771 999770
999089 999085
999139 999099
999678 999677
999130 999093
999149 999135
999162 999079
999133 999075
999143 999134
999159 999094
999860 999859
999150 999148
999158 999125
999137 999125
999161 999104
999135 999095
999127 999069
999142 999124
999138 999066
999110 999082
999103 999081
999137 999117
999157 999106
999145 999144
999143 999120
999149 999127
999124 999104
999117 999064
999162 999108
999139 999121
999130 999092
999125 999067
999079 999063
999118 999109
999127 999106
999126 999114
999127 999096
999171 999170
999233 999232
999153 999088
999133 999127
999137 999131
999136 999063
999128 999090
999139 999082
999136 999072
999099 999092
999120 999086
999076 999066
999131 999084
999157 999078
999123 999068
999206 999205
999087 999084
999159 999109
999135 999101
999075 999066
999101 999082
999493 999492
999136 999084
999160 999100
999152 999072
999126 999069
999102 999101
999019 999018
999463 999462
999115 999064
999112 999083
999161 999142
999097 999081
999129 999104
999274 999273
999107 999104
999148 999139
999966 999965
999808 999807
999102 999097
999077 999064
999445 999444
999135 999092
999157 999087
999141 999073
999161 999108
999154 999151
999656 999655
999120 999067
999160 999101
999156 999129
999604 999603
999163 999121
999141 999129
999156 999155
999122 999101
999119 999112
999102 999063
999161 999155
999106 999072
999104 999080
999313 999312
999131 999115
999155 999121
999100 999084
999074 999068
999164 999149
999151 999066
999118 999084
999389 999388
999112 999082
999156 999126
999096 999067
999129 999093
999162 999074
999101 999096
999141 999134
999126 999065
999131 999092
999131 999101
999105 999087
999028 999027
999145 999074
999106 999081
999155 999096
999108 999091
999124 999108
999163 999114
999123 999067
999100 999099
999163 999126
999125 999070
999101 999097
999153 999065
999141 999140
999124 999064
999122 999114
999105 999094
999599 999598
999096 999065
999768 999767
999159 999101
999158 999136
999137 999100
999652 999651
999164 999071
999455 999454
999124 999082
999152 999101
999163 999063
999110 999103
999121 999071
999162 999110
999120 999103
999149 999116
999113 999103
999139 999097
999101 999075
999123 999099
999136 999133
999094 999074
999157 999102
999132 999126
999089 999062
999143 999139
999143 999077
999150 999132
999144 999074
999129 999101
999148 999095
999136 999097
999125 999063
999156 999131
999141 999089
999124 999102
999202 999201
999158 999095
999012 999011
999144 999076
999128 999126
999100 999093
999013 999012
999149 999142
999123 999083
999325 999324
999613 999612
999718 999717
999117 999092
999141 999128
999120 999069
999164 999121
999131 999069
999893 999892
999140 999083
999148 999094
999148 999121
999156 999062
999105 999089
999123 999080
999153 999096
999094 999070
999123 999077
999132 999100
999160 999157
999137 999071
999147 999072
999161 999140
999135 999097
999152 999074
999042 999041
999122 999110
999101 999069
999598 999597
999130 999069
999136 999078
999162 999066
999402 999401
999133 999130
999066 999063
999128 999094
999089 999088
999149 999090
999639 999638
999571 999570
999033 999032
999148 999127
999096 999073
999134 999087
999830 999829
999101 999062
999130 999086
999146 999127
999673 999672
999162 999086
999123 999107
999107 999090
999154 999078
999138 999108
999130 999095
999135 999133
999162 999153
999123 999082
999160 999138
999127 999097
999149 999063
999153 999070
999128 999099
999154 999141
999933 999932
999149 999145
999150 999140
999144 999115
999134 999074
999105 999069
999820 999819
999084 999076
999128 999092
999130 999100
999143 999121
999101 999076
999105 999080
999716 999715
999123 999085
999149 999064
999128 999125
999158 999138
999312 999311
999106 999087
999160 999063
999090 999081
999113 999089
999083 999069
999095 999092
999162 999104
999136 999101
999104 999094
999146 999075
999119 999090
999109 999064
999123 999113
999137 999067
999114 999066
999125 999069
999162 999145
999161 999132
999148 999134
999133 999106
999069 999062
999138 999102
999146 999112
999128 999080
999129 999107
999134 999069
999115 999077
999077 999072
999787 999786
999160 999128
999100 999094
999159 999140
999164 999129
999146 999142
999575 999574
999098 999080
999153 999063
999095 999088
999152 999136
999107 999097
999157 999122
999111 999103
999164 999080
999164 999123
999162 999071
999160 999104
999127 999063
999077 999068
999137 999102
999162 999094
999153 999099
999153 999087
999119 999107
999144 999114
999149 999136
999151 999147
999128 999127
999133 999103
999145 999102
999097 999084
999141 999109
999157 999152
999131 999085
999156 999094
999158 999101
999105 999101
999120 999111
999130 999128
999134 999124
999157 999065
999124 999121
999141 999063
999157 999108
999128 999106
999089 999076
999100 999070
999158 999108
999122 999107
999091 999079
999129 999096
999127 999065
999144 999073
999112 999071
999155 999115
999161 999081
999101 999064
999150 999069
999108 999082
999109 999102
999162 999155
999115 999100
999140 999105
999114 999110
999109 999072
999121 999087
999129 999081
999158 999155
999116 999088
999162 999137
999434 999433
999130 999114
999111 999080
999801 999800
999160 999069
999132 999102
999127 999122
999082 999080
999143 999100
999153 999092
999458 999457
999149 999114
999100 999089
999715 999714
999096 999074
999129 999098
999142 999128
999133 999092
999159 999099
999151 999071
999677 999676
999093 999079
999105 999103
999161 999100
999136 999087
999104 999095
999111 999100
999088 999078
999132 999120
999134 999066
999153 999097
999971 999970
999133 999089
999098 999091
999156 999109
999597 999596
999132 999074
999161 999101
999397 999396
999138 999126
999145 999076
999101 999089
999137 999099
999082 999071
999102 999083
999135 999114
999510 999509
999144 999109
999117 999087
999106 999092
999138 999074
999101 999095
999140 999099
999116 999067
999155 999118
999143 999116
999117 999099
999097 999093
999163 999127
999136 999107
999129 999112
999094 999087
999155 999130
999133 999107
999157 999119
999127 999105
999851 999850
999160 999064
999876 999875
999128 999073
999903 999902
999126 999113
999153 999124
999134 999127
999079 999077
999118 999103
999108 999087
999165 999164
999150 999133
999147 999117
999149 999076
999146 999114
999123 999078
999139 999116
999048 999047
999147 999143
999201 999200
999150 999074
999131 999063
999144 999090
999140 999139
999134 999096
999121 999092
999289 999288
999112 999062
999163 999138
999159 999066
999705 999704
999124 999117
999093 999062
999143 999110
999131 999100
999131 999062
999151 999118
999129 999121
999099 999090
999141 999093
999069 999066
999121 999094
999151 999130
999247 999246
999132 999096
999110 999069
999136 999102
999754 999753
999157 999133
999010 999009
999149 999091
999156 999099
999109 999075
999025 999024
999124 999105
999749 999748
999074 999064
999128 999075
999153 999135
999130 999072
999949 999948
999794 999793
999133 999101
999153 999091
999111 999076
999089 999064
999152 999146
999804 999803
999161 999068
999139 999135
999153 999148
999160 999120
999112 999081
999101 999100
999153 999152
999114 999091
999738 999737
999142 999072
999113 999087
999134 999094
999142 999090
999107 999077
999163 999110
999135 999078
999098 999095
999414 999413
999142 999063
999081 999068
999147 999075
999149 999125
999115 999062
999936 999935
999487 999486
999152 999100
999162 999122
999157 999132
999105 999072
999096 999082
999085 999063
999148 999081
999110 999088
999683 999682
999157 999085
999131 999120
999160 999145
999146 999105
999085 999069
999140 999114
999125 999075
999155 999087
999156 999154
999299 999298
999131 999075
999154 999153
999119 999105
999106 999066
999163 999133
999156 999113
999121 999073
999142 999122
999088 999082
999748 999747
999155 999138
999700 999699
999144 999077
999140 999065
999162 999098
999133 999128
999150 999089
999128 999116
999152 999147
999129 999078
999088 999075
999164 999162
999074 999066
999111 999070
999112 999080
999157 999153
999092 999068
999100 999063
999140 999138
999128 999069
999142 999117
999006 999005
999137 999069
999041 999040
999138 999124
999372 999371
999907 999906
999143 999118
999068 999063
999146 999096
999100 999097
999121 999112
999089 999063
999126 999074
999120 999097
999109 999094
999137 999068
999147 999104
999156 999115
999124 999119
999130 999120
999154 999072
999031 999030
999134 999121
999133 999119
999132 999083
999687 999686
999126 999119
999152 999069
999138 999109
999141 999090
999134 999128
999097 999096
999084 999068
999149 999085
999089 999068
999157 999067
999157 999110
999146 999086
999096 999092
999142 999080
999094 999075
999159 999090
999112 999095
999133 999087
999153 999140
999135 999064
999158 999099
999562 999561
999902 999901
999160 999131
999161 999074
999151 999082
999111 999063
999130 999083
999121 999083
999277 999276
999129 999099
999129 999117
999149 999062
999150 999129
999127 999073
999095 999076
999159 999154
999158 999139
999160 999102
999113 999082
999139 999064
999129 999079
999096 999085
999164 999140
999145 999092
999080 999066
999100 999092
999105 999086
999108 999067
999134 999101
999147 999100
999140 999093
999140 999131
999087 999070
999154 999146
999134 999105
999093 999090
999115 999069
999124 999123
999149 999083
999098 999073
999546 999545
999145 999069
999104 999070
999085 999072
999149 999110
999367 999366
999163 999129
999113 999107
999122 999076
999122 999106
999130 999074
999088 999064
999089 999082
999119 999085
999119 999082
999104 999069
999130 999127
999153 999121
999109 999070
999120 999083
999162 999146
999174 999173
999151 999138
999123 999065
999103 999088
999153 999113
999132 999073
999104 999072
999122 999086
999134 999068
999117 999084
999564 999563
999118 999063
999094 999076
999115 999110
999149 999086
999660 999659
999065 999063
999134 999115
999087 999078
999088 999067
999338 999337
999152 999105
999161 999158
999725 999724
999114 999068
999340 999339
999127 999087
999150 999097
999147 999139
999122 999118
999116 999109
999117 999104
999154 999087
999097 999080
999116 999096
999103 999080
999119 999103
999038 999037
999156 999080
999107 999065
999131 999091
999146 999080
999914 999913
999127 999113
999149 999099
999123 999101
999160 999159
999095 999082
999124 999116
999118 999085
999111 999101
999155 999141
999082 999067
999154 999102
999079 999078
999123 999103
999152 999121
999557 999556
999150 999134
999145 999104
999156 999073
999155 999083
999107 999069
999111 999093
999127 999085
999124 999093
999940 999939
999153 999129
999095 999085
999095 999074
999087 999062
999129 999075
999134 999070
999714 999713
999123 999076
999159 999068
999149 999102
999311 999310
999342 999341
999163 999097
999105 999082
999109 999087
999154 999150
999097 999091
999148 999088
999164 999068
999162 999143
999072 999062
999009 999008
999109 999063
999114 999080
999140 999122
999150 999110
999079 999064
999149 999109
999162 999157
999115 999097
999130 999125
999136 999076
999150 999137
999164 999136
999148 999144
999103 999075
999146 999064
999802 999801
999103 999072
999100 999069
999162 999072
999135 999123
999076 999069
999098 999083
999070 999062
999938 999937
999160 999135
999146 999066
999137 999136
999366 999365
999158 999127
999080 999078
999108 999081
999836 999835
999134 999116
999152 999117
999104 999101
999124 999109
999396 999395
999125 999114
999121 999116
999158 999073
999128 999120
999114 999096
999156 999148
999101 999099
999127 999080
999162 999062
999147 999090
999982 999981
999132 999093
999153 999086
999135 999130
999137 999113
999132 999097
999141 999078
999161 999137
999160 999066
999093 999064
999116 999070
999093 999067
999093 999083
999139 999117
999088 999080
999117 999106
999476 999475
999163 999151
999130 999106
999160 999121
999125 999078
999139 999107
999148 999079
999136 999127
999086 999080
999135 999086
999149 999106
999163 999147
999114 999113
999140 999100
999133 999105
999142 999092
999162 999130
999159 999149
999159 999125
999137 999103
999081 999064
999158 999105
999145 999085
999117 999076
999317 999316
999464 999463
999857 999856
999359 999358
999106 999085
999158 999069
999086 999081
999412 999411
999149 999082
999151 999110
999147 999080
999107 999068
999999 999998
999160 999136
999105 999075
999121 999095
999139 999100
999157 999143
999457 999456
999817 999816
999163 999134
999142 999116
999141 999125
999130 999108
999144 999124
999143 999119
999141 999124
999473 999472
999102 999095
999137 999072
999085 999071
999079 999066
999157 999136
999114 999085
999151 999128
999128 999115
999143 999103
999454 999453
999163 999088
999132 999070
999159 999127
999219 999218
999162 999083
999147 999129
999621 999620
999141 999135
999137 999116
999142 999108
999072 999071
999107 999082
999143 999081
999159 999124
999125 999101
999083 999068
999116 999081
999112 999069
999928 999927
999422 999421
999151 999127
999161 999109
999114 999100
999149 999128
999148 999145
999118 999072
999175 999174
999593 999592
999123 999088
999137 999115
999079 999073
999152 999148
999159 999112
999143 999142
999149 999078
999104 999096
999135 999109
999475 999474
999121 999068
999099 999063
999159 999097
999824 999823
999145 999098
999127 999104
999163 999090
999158 999126
999130 999103
999084 999077
999163 999122
999129 999066
999122 999092
999122 999094
999150 999118
999093 999091
999148 999082
999082 999079
999159 999146
999109 999095
999155 999063
999122 999071
999919 999918
999145 999136
999120 999079
999665 999664
999164 999150
999141 999082
999136 999132
999143 999089
999148 999122
999156 999116
999142 999066
999376 999375
999157 999066
999135 999127
999114 999064
999140 999135
999146 999126
999145 999078
999128 999112
999080 999073
999158 999113
999126 999082
999158 999128
999160 999148
999100 999098
999067 999062
999139 999095
999117 999070
999119 999088
999632 999631
999404 999403
999162 999151
999120 999076
999122 999093
999122 999099
999283 999282
999134 999091
999163 999068
999124 999062
999091 999074
999530 999529
999099 999080
999119 999072
999103 999066
999159 999133
999952 999951
999138 999117
999163 999142
999937 999936
999379 999378
999132 999115
999159 999143
999130 999091
999159 999138
999140 999119
999118 999078
999104 999098
999108 999097
999148 999092
999536 999535
999146 999137
999158 999145
999158 999109
999017 999016
999120 999114
999375 999374
999135 999113
999125 999084
999141 999123
999142 999091
999147 999091
999514 999513
999545 999544
999092 999064
999134 999078
999128 999077
999133 999097
999205 999204
999108 999102
999095 999084
999792 999791
999133 999068
999297 999296
999119 999108
999148 999103
999920 999919
999063 999062
999096 999087
999228 999227
999086 999078
999149 999117
999998 999997
999161 999073
999136 999067
999127 999093
999118 999069
999123 999102
999087 999080
999125 999103
999651 999650
999143 999096
999132 999080
999155 999086
999148 999142
999885 999884
999112 999110
999162 999106
999092 999066
999141 999068
999156 999146
999400 999399
999159 999089
999142 999087
999139 999068
999109 999090
999163 999084
999100 999075
999114 999062
999154 999067
999105 999090
999157 999109
999117 999090
999129 999076
999150 999144
999153 999081
999149 999126
999163 999106
999108 999094
999449 999448
999086 999072
999131 999079
999118 999098
999138 999104
999128 999111
999148 999133
999094 999086
999098 999064
999123 999120
999126 999067
999086 999085
999161 999071
999096 999093
999163 999102
999164 999101
999134 999086
999141 999113
999156 999076
999143 999140
999144 999067
999122 999095
999122 999109
999120 999099
999137 999109
999164 999161
999258 999257
999133 999088
999143 999074
999162 999107
999083 999071
999106 999099
999094 999081
999142 999112
999087 999074
999479 999478
999140 999067
999833 999832
999147 999089
999148 999068
999108 999084
999160 999079
999328 999327
999059 999058
999113 999074
999113 999108
999184 999183
999116 999108
999523 999522
999151 999132
999116 999107
999117 999097
999148 999116
999156 999108
999104 999089
999155 999154
999126 999087
999941 999940
999105 999098
999164 999082
999115 999108
999093 999092
999143 999113
999146 999110
999991 999990
999094 999064
999106 999100
999139 999075
999111 999075
999146 999100
999110 999086
999145 999128
999082 999069
999144 999069
999138 999070
999131 999111
999947 999946
999159 999072
999117 999096
999079 999069
999139 999118
999156 999086
999230 999229
999672 999671
999155 999067
999092 999067
999151 999112
999152 999115
999134 999133
999015 999014
999676 999675
999098 999086
999137 999093
999140 999123
999157 999093
999098 999071
999138 999115
999137 999101
999158 999130
999157 999141
999114 999071
999112 999066
999163 999071
999533 999532
999708 999707
999085 999070
999146 999107
999073 999066
999148 999107
999135 999120
999170 999169
999137 999124
999140 999090
999526 999525
999123 999094
999131 999128
999072 999064
999114 999108
999130 999111
999231 999230
999102 999084
999128 999096
999140 999091
999099 999087
999149 999095
999133 999123
999123 999104
999122 999067
999552 999551
999152 999102
999090 999066
999336 999335
999077 999067
999113 999062
999160 999072
999849 999848
999154 999086
999132 999114
999126 999124
999143 999138
999897 999896
999158 999087
999980 999979
999121 999081
999296 999295
999162 999123
999144 999087
999164 999087
999153 999093
999084 999064
999119 999097
999137 999134
999859 999858
999155 999074
999129 999070
999164 999146
999116 999104
999143 999135
999164 999124
999137 999130
999138 999110
999148 999063
999110 999077
999078 999071
999137 999082
999136 999129
999108 999105
999126 999121
999147 999131
999298 999297
999125 999108
999142 999065
999080 999072
999112 999078
999125 999110
999088 999076
999154 999129
999132 999067
999155 999082
999132 999106
999105 999097
999150 999106
999143 999126
999060 999059
999150 999083
999163 999091
999112 999088
999151 999101
999107 999067
999131 999130
999132 999087
999148 999135
999155 999065
999807 999806
999143 999071
999155 999076
999120 999117
999618 999617
999619 999618
999108 999077
999157 999154
999156 999097
999122 999121
999094 999082
999878 999877
999642 999641
999451 999450
999069 999063
999141 999107
999114 999084
999162 999136
999117 999102
999190 999189
999148 999130
999847 999846
999150 999077
999556 999555
999120 999074
999136 999064
999160 999067
999149 999124
999116 999068
999094 999068
999153 999106
999122 999113
999150 999064
999126 999073
999152 999084
999106 999098
999157 999100
999155 999145
999161 999093
999453 999452
999222 999221
999123 999074
999503 999502
999071 999065
999156 999098
999147 999077
999131 999118
999159 999113
999112 999107
999149 999138
999121 999104
999122 999077
999149 999075
999732 999731
999083 999072
999151 999085
999144 999084
999121 999113
999069 999064
999156 999149
999126 999095
999144 999116
999123 999119
999154 999145
999128 999079
999149 999088
999139 999133
999308 999307
999124 999099
999155 999079
999611 999610
999369 999368
999108 999096
999149 999133
999139 999076
999137 999105
999160 999090
999103 999069
999142 999068
999154 999122
999128 999064
999151 999146
999127 999121
999130 999071
999163 999158
999144 999079
999143 999067
999127 999084
999101 999081
999147 999083
999113 999088
999135 999096
999329 999328
999152 999108
999161 999087
999074 999073
999102 999092
999981 999980
999143 999082
999142 999138
999087 999086
999164 999108
999670 999669
999156 999104
999154 999100
999541 999540
999123 999095
999115 999085
999077 999063
999090 999078
999130 999076
999144 999128
999156 999092
999153 999062
999106 999074
999155 999106
999185 999184
999141 999101
999120 999090
999155 999068
999092 999085
999157 999138
999162 999063
999120 999062
999107 999076
999126 999118
999147 999085
999148 999106
999082 999075
999124 999071
999110 999067
999163 999075
999164 999062
999100 999068
999100 999087
999159 999136
999126 999102
999090 999073
999115 999081
999145 999105
999077 999075
999617 999616
999073 999069
999099 999079
999854 999853
999163 999066
999145 999139
999147 999095
999152 999124
999852 999851
999161 999119
999104 999075
999065 999062
999132 999068
999161 999144
999125 999121
999140 999069
999094 999089
999144 999102
999115 999089
999193 999192
999137 999094
999164 999139
999140 999062
999150 999093
999149 999065
999081 999076
999109 999084
999101 999073
999162 999152
999116 999063
999156 999089
999136 999103
999155 999099
999152 999141
999093 999072
999108 999089
999105 999104
999128 999124
999093 999077
999505 999504
999115 999105
999105 999077
999635 999634
999133 999064
999161 999098
999088 999063
999116 999110
999142 999099
999140 999080
999153 999143
999110 999089
999146 999077
999565 999564
999124 999097
999119 999114
999157 999147
999992 999991
999144 999141
999153 999144
999118 999114
999089 999069
999113 999083
999087 999064
999162 999080
999140 999103
999123 999081
999158 999141
999145 999143
999132 999116
999162 999139
999110 999064
999080 999074
999158 999154
999093 999081
999141 999120
999152 999083
999132 999113
999825 999824
999078 999063
999071 999066
999157 999103
999077 999069
999160 999107
999126 999099
999666 999665
999111 999077
999151 999113
999057 999056
999154 999098
999198 999197
999150 999120
999141 999112
999110 999096
999159 999100
999117 999080
999997 999996
999128 999118
999123 999084
999126 999092
999117 999089
999157 999155
999144 999130
999102 999070
999153 999107
999157 999084
999148 999138
999781 999780
999100 999065
999078 999066
999145 999068
999128 999074
999148 999097
999095 999083
999110 999066
999096 999062
999075 999068
999123 999098
999071 999069
999118 999088
999138 999069
999155 999144
999146 999084
999107 999073
999153 999116
999097 999064
999106 999063
999151 999145
999159 999120
999111 999084
999075 999063
999156 999118
999157 999131
999107 999103
999126 999062
999164 999092
999192 999191
999135 999089
999909 999908
999161 999150
999157 999073
999133 999080
999094 999079
999430 999429
999158 999106
999142 999123
999118 999111
999102 999080
999138 999127
999077 999066
999093 999069
999135 999067
999109 999071
999103 999068
999146 999085
999150 999062
999248 999247
999129 999090
999142 999140
999302 999301
999160 999154
999139 999072
999122 999103
999098 999079
999124 999091
999698 999697
999093 999084
999120 999088
999119 999075
999132 999131
999133 999100
999099 999081
999114 999074
999164 999066
999145 999140
999124 999074
999131 999107
999152 999131
999126 999094
999142 999101
999144 999085
999133 999093
999128 999123
999154 999089
999123 999114
999143 999111
999146 999131
999073 999063
999088 999070
999127 999092
999133 999072
999237 999236
999073 999068
999160 999139
999098 999081
999123 999110
999148 999123
999872 999871
999975 999974
999150 999141
999098 999063
999011 999010
999136 999081
999245 999244
999072 999069
999103 999091
999582 999581
999777 999776
999149 999120
999156 999082
999091 999085
999154 999137
999765 999764
999097 999075
999114 999077
999125 999097
999371 999370
999388 999387
999130 999115
999083 999081
999113 999098
999115 999067
999461 999460
999239 999238
999459 999458
999160 999130
999139 999127
999162 999132
999129 999095
999131 999104
999074 999067
999091 999072
999131 999113
999241 999240
999688 999687
999147 999111
999413 999412
999106 999086
999116 999087
999161 999123
999904 999903
999139 999084
999132 999084
999327 999326
999164 999145
999161 999064
999073 999064
999129 999119
999151 999063
999134 999088
999146 999102
999134 999084
999074 999070
999125 999074
999029 999028
999104 999091
999122 999096
999125 999062
999156 999137
999578 999577
999081 999070
999162 999099
999125 999087
999214 999213
999106 999080
999144 999064
999112 999073
999126 999088
999149 999093
999127 999126
999484 999483
999157 999111
999105 999076
999161 999145
999092 999091
999151 999143
999164 999083
999109 999082
999988 999987
999117 999109
999157 999124
999115 999086
999126 999086
999153 999101
999085 999065
999099 999073
999141 999131
999136 999091
999089 999067
999118 999076
999087 999073
999136 999085
999150 999130
999129 999094
999037 999036
999127 999119
999112 999067
999447 999446
999162 999154
999098 999070
999103 999077
999105 999091
999121 999110
999158 999100
999148 999091
999129 999068
999147 999110
999164 999095
999161 999159
999684 999683
999108 999083
999090 999085
999744 999743
999106 999082
999145 999072
999156 999101
999125 999086
999135 999077
999068 999067
999088 999066
999161 999094
999113 999099
999130 999097
999097 999073
999161 999106
999080 999069
999157 999156
999061 999060
999138 999087
999098 999066
999108 999064
999104 999074
999141 999117
999126 999066
999069 999067
999146 999069
999161 999131
999460 999459
999087 999077
999140 999128
999159 999117
999143 999123
999157 999083
999107 999079
999126 999097
999115 999063
999149 999098
999119 999065
999147 999094
999124 999096
999145 999070
999108 999107
999161 999135
999799 999798
999129 999120
999242 999241
999211 999210
999150 999085
999144 999063
999572 999571
999097 999072
999113 999086
999103 999074
999084 999083
999159 999130
999151 999124
999159 999106
999141 999116
999120 999119
999139 999125
999164 999137
999162 999161
999105 999100
999121 999066
999141 999071
999044 999043
999574 999573
999138 999093
999109 999067
999085 999073
999282 999281
999112 999092
999158 999129
999107 999062
999117 999107
999095 999065
999160 999129
999294 999293
999098 999093
999125 999094
999099 999078
999130 999063
999162 999087
999136 999099
999707 999706
999126 999081
999596 999595
999161 999075
999082 999076
999381 999380
999141 999091
999153 999125
999138 999086
999151 999100
999164 999073
999116 999073
999158 999102
999147 999088
999115 999092
999118 999116
999139 999124
999148 999119
999071 999068
999163 999065
999126 999108
999115 999083
999120 999080
999134 999103
999150 999105
999152 999151
999125 999071
999129 999080
999159 999153
999156 999065
999068 999066
999149 999089
999137 999090
999956 999955
999150 999109
999140 999127
999125 999124
999152 999104
999108 999065
999142 999103
999121 999096
999099 999095
999076 999067
999163 999079
999164 999093
999146 999083
999131 999065
999122 999112
999643 999642
999125 999096
999153 999071
999156 999111
999104 999087
999150 999082
999681 999680
999156 999091
999146 999121
999116 999065
999154 999090
999662 999661
999163 999085
999153 999085
999191 999190
999133 999124
999066 999065
999769 999768
999145 999119
999073 999065
999158 999107
999160 999094
999109 999062
999076 999068
999152 999111
999130 999096
999152 999098
999145 999087
999135 999112
999147 999071
999098 999074
999164 999104
999703 999702
999153 999075
999382 999381
999142 999129
999127 999125
999089 999070
999152 999088
999141 999127
999138 999075
999153 999078
999071 999064
999163 999089
999116 999098
999164 999117
999098 999087
999112 999064
999106 999069
999144 999134
999106 999071
999156 999134
999159 999134
999124 999107
999085 999080
999158 999143
999964 999963
999118 999095
999158 999115
999162 999112
999068 999062
999117 999100
999117 999067
999358 999357
999163 999124
999127 999101
999079 999070
999138 999089
999264 999263
999124 999084
999126 999068
999129 999114
999255 999254
999295 999294
999131 999083
999130 999110
999137 999086
999085 999068
999132 999066
999156 999150
999751 999750
999097 999066
999102 999073
999101 999079
999106 999084
999891 999890
999084 999074
999762 999761
999142 999113
999873 999872
999163 999150
999939 999938
999130 999129
999137 999078
999138 999112
999585 999584
999080 999076
999154 999142
999138 999071
999104 999081
999159 999152
999151 999090
999128 999085
999148 999071
999160 999071
999096 999068
999137 999080
999139 999094
999155 999094
999164 999078
999120 999116
999131 999102
999164 999160
999099 999093
999324 999323
999121 999079
999030 999029
999410 999409
999159 999122
999141 999114
999156 999133
999137 999126
999132 999085
999083 999077
999138 999064
999095 999072
999157 999125
999143 999094
999858 999857
999101 999083
999149 999148
999137 999062
999081 999075
999160 999073
999035 999034
999145 999116
999066 999064
999560 999559
999085 999067
999120 999082
999107 999105
999111 999107
999088 999074
999944 999943
999152 999062
999157 999072
999123 999070
999861 999860
999087 999068
999147 999142
999134 999081
999243 999242
999159 999150
999110 999072
999118 999066
999774 999773
999007 999006
999456 999455
999157 999135
999806 999805
999153 999110
999131 999098
999129 999065
999137 999121
999099 999089
999151 999111
999119 999076
999213 999212
999160 999065
999121 999099
999158 999070
999102 999085
999136 999062
999159 999093
999134 999067
999164 999077
999164 999131
999162 999089
999132 999081
999152 999076
999127 999109
999114 999078
999120 999115
999154 999133
999150 999125
999162 999081
999145 999106
999796 999795
999145 999075
999153 999074
999096 999086
999085 999081
999131 999094
999147 999120
999259 999258
999111 999088
999145 999062
999095 999069
999097 999087
999158 999118
999158 999110
999149 999080
999127 999088
999120 999066
999109 999066
999113 999071
999161 999102
999096 999083
999164 999143
999423 999422
999921 999920
999110 999105
999084 999078
999140 999089
999164 999086
999148 999141
999101 999088
999161 999117
999159 999135
999154 999085
999116 999078
999143 999091
999161 999069
999163 999062
999159 999103
999163 999072
999146 999136
999091 999077
999116 999086
999124 999066
999151 999084
999158 999091
999145 999097
999107 999106
999133 999129
999094 999063
999539 999538
999161 999097
999285 999284
999130 999085
999092 999083
999131 999080
999142 999088
999096 999077
999667 999666
999118 999079
999122 999097
999129 999074
999153 999090
999081 999071
999113 999109
999159 999105
999045 999044
999126 999079
999074 999062
999139 999111
999110 999102
999160 999127
999134 999080
999095 999077
999138 999133
999130 999121
999075 999067
999149 999087
999133 999070
999106 999091
999164 999076
999127 999075
999163 999135
999153 999142
999083 999062
999135 999090
999143 999062
999142 999083
999334 999333
999147 999123
999140 999073
999906 999905
999082 999064
999124 999089
999142 999104
999097 999070
999153 999117
999103 999089
999122 999084
999370 999369
999076 999070
999122 999082
999110 999078
999142 999105
999140 999115
999128 999067
999119 999078
999159 999075
999159 999071
999097 999094
999137 999120
999583 999582
999150 999107
999144 999125
999159 999121
999095 999066
999110 999081
999490 999489
999118 999117
999116 999074
999148 999146
999008 999007
999159 999104
999810 999809
999113 999104
999132 999075
999080 999067
999117 999075
999121 999063
999158 999144
999157 999120
999111 999106
999120 999101
999142 999086
999159 999073
999109 999097
999163 999153
999094 999092
999143 999090
999141 999104
999644 999643
999139 999126
999113 999065
999116 999085
999115 999109
999138 999101
999092 999072
999127 999108
999157 999113
999164 999069
999159 999131
999161 999099
999157 999092
999102 999093
999122 999075
999069 999068
999346 999345
999146 999129
999147 999125
999077 999065
999119 999106
999159 999064
999097 999083
999154 999126
999146 999119
999091 999089
999081 999074
999099 999067
999097 999078
999127 999064
999130 999102
999150 999115
999154 999091
999628 999627
999110 999099
999162 999105
999150 999113
999133 999131
999119 999092
999132 999078
999086 999067
999062 999061
999112 999104
999160 999062
999137 999081
999088 999077
999117 999086
999129 999084
999140 999070
999108 999069
999120 999065
999155 999125
999150 999147
999124 999070
999073 999070
999136 999080
999154 999101
999098 999085
999098 999067
999657 999656
999126 999083
999098 999097
999401 999400
999153 999076
999132 999110
999343 999342
999111 999066
999117 999110
999129 999111
999139 999136
999125 999116
999147 999092
999099 999075
999094 999069
999161 999138
999151 999104
999200 999199
999151 999116
999143 999132
999288 999287
999155 999148
999095 999075
999139 999062
999156 999124
999111 999089
999161 999146
999154 999068
999894 999893
999117 999078
999111 999102
999100 999077
999117 999115
999122 999100
999137 999063
999113 999069
999107 999072
999157 999104
999152 999106
999146 999070
999097 999074
999097 999065
999162 999138
999118 999080
999158 999089
999142 999076
999072 999068
999756 999755
999100 999082
999117 999082
999147 999124
999126 999084
999090 999064
999249 999248
999104 999103
999960 999959
999136 999104
999099 999086
999709 999708
999078 999068
999155 999116
999102 999100
999108 999086
999105 999099
999140 999084
999811 999810
999163 999093
999284 999283
999085 999077
999146 999071
999113 999077
999116 999084
999107 999083
999133 999063
999162 999088
999119 999077
999089 999073
999161 999080
999130 999126
999257 999256
999129 999124
999148 999114
999110 999062
999081 999078
999149 999066
999160 999105
999133 999126
999160 999141
999153 999111
999432 999431
999148 999112
999131 999086
999161 999125
999142 999081
999074 999069
999439 999438
999085 999076
999111 999095
999119 999104
999155 999135
999128 999098
999139 999090
999089 999065
999103 999096
999791 999790
999111 999079
999124 999069
999120 999105
999145 999096
999143 999106
999142 999130
999132 999099
999161 999152
999143 999129
999130 999062
999159 999155
999154 999070
999553 999552
999162 999097
999139 999104
999119 999071
999150 999143
999146 999140
999155 999151
999131 999078
999149 999113
999117 999105
999078 999062
999218 999217
999162 999068
999121 999086
999120 999112
999616 999615
999163 999105
999098 999068
999104 999077
999146 999135
999111 999097
999160 999158
999147 999115
999101 999071
999144 999097
999083 999067
999081 999063
999097 999069
999145 999107
999157 999114
999145 999137
999155 999153
999704 999703
999108 999090
999131 999125
999115 999084
999168 999167
999127 999098
999137 999073
999517 999516
999103 999065
999112 999091
999143 999065
999128 999108
999481 999480
999134 999132
999152 999110
999133 999099
999133 999120
999087 999082
999089 999086
999093 999073
999083 999063
999147 999096
999753 999752
999973 999972
999128 999087
999115 999088
999160 999081
999091 999071
999155 999066
999507 999506
999147 999108
999135 999062
999689 999688
999108 999101
999164 999113
999139 999077
999132 999129
999145 999142
999134 999131
999151 999074
999682 999681
999149 999147
999293 999292
999064 999063
999829 999828
999160 999134
999136 999119
999145 999086
999143 999098
999086 999063
999115 999070
999551 999550
999159 999096
999138 999118
999121 999115
999154 999092
999115 999071
999111 999090
999127 999074
999148 999136
999154 999121
999124 999073
999151 999072
999339 999338
999559 999558
999164 999154
999092 999078
999135 999071
999152 999139
999116 999089
999159 999111
999137 999111
999164 999098
999127 999089
999161 999121
999146 999128
999128 999086
999139 999073
999132 999064
999102 999089
999094 999062
999798 999797
999154 999120
999145 999080
999159 999067
999968 999967
999133 999125
999138 999132
999157 999146
999084 999066
999112 999074
999108 999100
999143 999125
999103 999064
999157 999118
999113 999111
999146 999063
999512 999511
999123 999122
999136 999092
999500 999499
999138 999098
999145 999124
999141 999080
999127 999117
999100 999086
999446 999445
999155 999097
999135 999094
999134 999126
999543 999542
999132 999111
999136 999106
999477 999476
999129 999077
999150 999117
999106 999070
999150 999094
999186 999185
999910 999909
999065 999064
999118 999091
999115 999094
999478 999477
999084 999073
999163 999120
999101 999067
999392 999391
999161 999067
999096 999094
999719 999718
999152 999122
999119 999064
999122 999080
999130 999119
999070 999066
999092 999063
999162 999144
999153 999114
999122 999079
999130 999064
999450 999449
999591 999590
999152 999077
999110 999100
999156 999063
999149 999123
999087 999075
999161 999130
999127 999123
999144 999140
999726 999725
999924 999923
999135 999107
999132 999088
999137 999132
999136 999122
999114 999086
999109 999101
999569 999568
999093 999082
999136 999098
999702 999701
999135 999084
999084 999072
999101 999080
999144 999117
999093 999075
999148 999115
999141 999099
999697 999696
999117 999101
999115 999096
999114 999095
999139 999080
999120 999063
999837 999836
999155 999109
999081 999077
999158 999082
999443 999442
999099 999077
999142 999077
999157 999099
999090 999067
999081 999066
999149 999079
999093 999068
999115 999106
999144 999071
999153 999105
999137 999106
999161 999133
999080 999064
999135 999106
999145 999114
999128 999117
999142 999078
999121 999070
999116 999076
999126 999070
999134 999119
999131 999064
999088 999071
999136 999130
999151 999069
999115 999090
999117 999114
999157 999101
999103 999097
999803 999802
999335 999334
999163 999118
999155 999101
999075 999071
999269 999268
999104 999083
999111 999086
999139 999096
999153 999102
999144 999082
999116 999106
999101 999078
999132 999119
999140 999133
999927 999926
999098 999090
999138 999078
999601 999600
999091 999065
999148 999147
999156 999067
999131 999099
999110 999106
999144 999135
999091 999064
999160 999087
999136 999114
999152 999063
999086 999064
999131 999119
999148 999125
999086 999068
999132 999092
999070 999065
999150 999078
999148 999132
999130 999116
999049 999048
999138 999111
999895 999894
999157 999121
999145 999118
999134 999118
999452 999451
999146 999116
999154 999118
999109 999069
999157 999075
999102 999087
999083 999074
999745 999744
999128 999063
999160 999098
999158 999146
999141 999122
999303 999302
999159 999137
999118 999065
999096 999072
999132 999077
999094 999065
999116 999093
999082 999074
999139 999101
999090 999079
999146 999097
999114 999065
999131 999108
999164 999115
999092 999062
999114 999076
999127 999076
999142 999133
999133 999111
999075 999062
999109 999100
999106 999064
999406 999405
999148 999117
999154 999132
999084 999071
999047 999046
999106 999088
999156 999075
999147 999065
999127 999103
999146 999079
999139 999106
999151 999087
999100 999090
999120 999093
999104 999067
999142 999121
999140 999074
999139 999071
999107 999075
999263 999262
999699 999698
999143 999084
999163 999086
999147 999076
999162 999140
999120 999081
999831 999830
999107 999088
999154 999075
999110 999075
999158 999097
999119 999099
999133 999110
999115 999111
999141 999138
999976 999975
999152 999073
999238 999237
999266 999265
999131 999076
999082 999081
999160 999124
999122 999091
999108 999073
999120 999085
999114 999073
999095 999079
999146 999088
999145 999090
999780 999779
999152 999116
999152 999113
999131 999117
999515 999514
999115 999107
999100 999067
999143 999088
999094 999078
999145 999126
999154 999119
999103 999087
999084 999065
999157 999112
999151 999106
999142 999075
999162 999067
999380 999379
999162 999160
999155 999147
999162 999142
999118 999062
999108 999071
999912 999911
999092 999075
999155 999110
999755 999754
999139 999089
999145 999109
999110 999079
999123 999105
999153 999115
999153 999119
999133 999116
999110 999097
999160 999091
999147 999105
999148 999143
999107 999096
999136 999066
999150 999075
999082 999063
999159 999065
999848 999847
999052 999051
999116 999097
999841 999840
999098 999084
999091 999070
999097 999079
999140 999086
999128 999114
999153 999112
999149 999073
999087 999071
999353 999352
999153 999079
999114 999104
999131 999088
999130 999087
999223 999222
999149 999141
999143 999102
999108 999093
999123 999091
999519 999518
999145 999088
999146 999120
999160 999093
999098 999094
999116 999062
999147 999106
999159 999151
999148 999076
999134 999122
999158 999066
999209 999208
999110 999094
999143 999109
999151 999067
999287 999286
999140 999137
999323 999322
999701 999700
999162 999158
999141 999110
999135 999068
999132 999076
999554 999553
999870 999869
999131 999121
999110 999095
999100 999072
999125 999109
999110 999091
999647 999646
999154 999096
999148 999077
999087 999069
999146 999109
999155 999126
999084 999081
999122 999066
999083 999078
999100 999074
999156 999093
999132 999123
999085 999078
999086 999077
999119 999093
999123 999106
999124 999114
999159 999087
999154 999084
999159 999092
999071 999070
999157 999139
999252 999251
999113 999078
999103 999099
999163 999143
999099 999068
999331 999330
999128 999088
999538 999537
999163 999078
999160 999137
999109 999108
999110 999083
999149 999077
999147 999102
999107 999085
999105 999083
999145 999122
999163 999099
999124 999100
999092 999089
999155 999117
999135 999100
999472 999471
999153 999122
999132 999072
999152 999129
999126 999090
999160 999140
999092 999076
999100 999085
999154 999125
999140 999106
999084 999079
999645 999644
999106 999096
999747 999746
999173 999172
999151 999140
999134 999071
999124 999122
999742 999741
999110 999107
999116 999112
999141 999070
999164 999148
999140 999130
999128 999066
999118 999075
999120 999073
999151 999098
999162 999065
999114 999092
999516 999515
999127 999095
999156 999074
999141 999098
999139 999134
999150 999072
999157 999148
999148 999089
999162 999128
999141 999095
999161 999103
999435 999434
999134 999082
999136 999073
999134 999123
999155 999134
999132 999090
999067 999066
999135 999129
999867 999866
999102 999098
999089 999072
999153 999136
999145 999138
999843 999842
999137 999064
999128 999072
999121 999084
999840 999839
999121 999105
999143 999085
999099 999071
999114 999081
999134 999093
999114 999099
999112 999111
999136 999093
999094 999093
999164 999065
999107 999070
999132 999103
999163 999104
999141 999066
999120 999084
999114 999090
999121 999107
999127 999110
999881 999880
999122 999104
999270 999269
999448 999447
999129 999089
999149 999100
999132 999122
999131 999082
999162 999076
999148 999129
999135 999134
999390 999389
999161 999149
999121 999109
999159 999062
999105 999063
999092 999070
999129 999113
999050 999049
999123 999100
999097 999062
999134 999100
999101 999077
999149 999137
999145 999100
999161 999157
999315 999314
999142 999120
999146 999091
999131 999067
999107 999100
999124 999087
999135 999083
999089 999079
999152 999143
999407 999406
999144 999066
999818 999817
999122 999090
999085 999083
999125 999081
999112 999109
999300 999299
999096 999081
999134 999072
999156 999132
999164 999128
999555 999554
999152 999140
999125 999107
999101 999072
999898 999897
999136 999074
999161 999085
999109 999079
999304 999303
999158 999080
999138 999095
999127 999112
999159 999107
999150 999127
999161 999110
999913 999912
999159 999074
999126 999089
999157 999079
999115 999103
999275 999274
999138 999067
999079 999072
999112 999106
999154 999069
999158 999157
999090 999076
999320 999319
999122 999105
999640 999639
999051 999050
999144 999106
999101 999094
999154 999065
999058 999057
999468 999467
999155 999139
999140 999101
999133 999115
999150 999123
999513 999512
999650 999649
999076 999063
999075 999064
999746 999745
999140 999079
999155 999107
999107 999091
999156 999084
999148 999110
999111 999091
999141 999074
999155 999133
999161 999105
999163 999069
999121 999074
999157 999081
999129 999122
999101 999087
999153 999098
999117 999065
999144 999103
999142 999079
999121 999069
999853 999852
999151 999122
999135 999116
999131 999074
999148 999105
999945 999944
999354 999353
999153 999146
999152 999119
999163 999140
999158 999071
999584 999583
999156 999085
999160 999108
999974 999973
999442 999441
999112 999102
999164 999120
999116 999113
999136 999075
999674 999673
999096 999084
999162 999075
999138 999091
999154 999147
999119 999098
999153 999104
999164 999118
999114 999079
999149 999074
999144 999107
999145 999071
999116 999082
999102 999094
999163 999107
999125 999064
999986 999985
999152 999065
999156 999068
999094 999067
999162 999125
999087 999079
999103 999063
999103 999085
999892 999891
999159 999142
999162 999073
999162 999156
999154 999093
999164 999105
999142 999126
999349 999348
999129 999116
999093 999071
999161 999091
999154 999079
999158 999135
999155 999108
999121 999120
999136 999065
999152 999127
999126 999096
999362 999361
999125 999106
999148 999073
999158 999142
999922 999921
999157 999129
999095 999081
999148 999096
999073 999062
999090 999070
999152 999086
999783 999782
999159 999079
999070 999068
999083 999076
999074 999071
999942 999941
999146 999087
999163 999094
999133 999085
999148 999124
999117 999083
999606 999605
999081 999073
999141 999088
999195 999194
999161 999126
999089 999075
999104 999097
999091 999084
999147 999099
999138 999092
999100 999091
999091 999063
999107 999095
999139 999138
999147 999114
999152 999133
999089 999066
999090 999084
999134 999114
999075 999073
999111 999067
999032 999031
999130 999066
999116 999103
999154 999112
999148 999140
999090 999062
999136 999126
999067 999065
999157 999105
999183 999182
999153 999080
999418 999417
999087 999067
999164 999142
999326 999325
999661 999660
999160 999115
999039 999038
999159 999110
999076 999074
999164 999090
999310 999309
999131 999077
999146 999123
999101 999070
999146 999132
999158 999119
999125 999092
999110 999104
999150 999119
999120 999091
999146 999111
999156 999121
999144 999078
999164 999152
999102 999065
999111 999068
999146 999093
999118 999106
999145 999131
999151 999076
999425 999424
999152 999130
999161 999141
999121 999072
999118 999086
999144 999093
999120 999118
999096 999080
999154 999062
999096 999070
999109 999073
999126 999122
999151 999123
999106 999094
999148 999093
999121 999091
999850 999849
999122 999072
999158 999064
999092 999088
999131 999070
999132 999125
999155 999149
999125 999090
999112 999108
999782 999781
999163 999131
999110 999092
999141 999121
999100 999081
999124 999078
999162 999129
999111 999104
999150 999111
999120 999102
999125 999093
999131 999122
999164 999064
999086 999062
999127 999086
999164 999135
999093 999076
999131 999106
999155 999113
999158 999152
999330 999329
999109 999078
999163 999111
999137 999074
999120 999078
999711 999710
999121 999108
999099 999096
999099 999082
999130 999112
999094 999071
999118 999082
999096 999091
999140 999094
999150 999142
999788 999787
999161 999092
999827 999826
999148 999084
999130 999067
999087 999063
999143 999079
999111 999062
999417 999416
999159 999085
999142 999141
999146 999099
999154 999135
999156 999127
999152 999103
999163 999096
999159 999128
999113 999081
999932 999931
999548 999547
999145 999120
999146 999122
999152 999089
999123 999108
999136 999115
999140 999134
999154 999140
999096 999088
999588 999587
999139 999122
999160 999116
999092 999073
999813 999812
999097 999071
999154 999115
999114 999106
999984 999983
999102 999071
999139 999113
999072 999063
999117 999088
999147 999122
999146 999089
999140 999125
999154 999073
999151 999144
999158 999084
999112 999090
999444 999443
999071 999067
999148 999062
999126 999078
999101 999074
999151 999136
999151 999115
999109 999096
999116 999095
999128 999105
999106 999077
999157 999107
999103 999073
999091 999078
999580 999579
999128 999103
999142 999098
999162 999095
999142 999134
999153 999094
999164 999155
999083 999073
999146 999081
999135 999122
999146 999134
999120 999106
999134 999064
999594 999593
999307 999306
999079 999074
999149 999084
999724 999723
999144 999080
999126 999100
999091 999086
999093 999085
999411 999410
999127 999078
999085 999064
999160 999122
999144 999104
999135 999126
999961 999960
999121 999064
999145 999141
999160 999125
999164 999157
999095 999086
999163 999123
999124 999075
999917 999916
999117 999074
999164 999127
999999 999000
999132 999079
999123 999116
999386 999385
999149 999071
999113 999091
999141 999085
999149 999119
999631 999630
999160 999153
999133 999077
999760 999759
999281 999280
999164 999141
999137 999092
999152 999109
999140 999136
999152 999068
999347 999346
999309 999308
999161 999090
999126 999106
999090 999089
999145 999089
999160 999110
999093 999074
999101 999092
999111 999078
999128 999062
999155 999084
999162 999109
999135 999073
999696 999695
999124 999076
999155 999098
999154 999103
999139 999129
999108 999063
999104 999102
999092 999090
999929 999928
999083 999064
999152 999096
999103 999083
999160 999089
999103 999079
999090 999087
999040 999039
999160 999111
999138 999114
999124 999083
999082 999070
999146 999101
999160 999152
999162 999093
999116 999114
999135 999111
999118 999094
999144 999133
999084 999080
999113 999080
999150 999145
999145 999094
999138 999099
999154 999134
999130 999098
999470 999469
999529 999528
999098 999077
999148 999131
999138 999134
999156 999145
999795 999794
999256 999255
999155 999140
999150 999131
999107 999086
999112 999076
999114 999103
999164 999075
999125 999065
999138 999085
999970 999969
999109 999107
999113 999112
999110 999101
999145 999133
999953 999952
999072 999070
999142 999114
999262 999261
999106 999067
999160 999092
999119 999069
999153 999138
999570 999569
999142 999097
999088 999069
999139 999083
999592 999591
999138 999076
999096 999069
999159 999095
999160 999086
999140 999087
999147 999098
999164 999063
999930 999929
999163 999152
999137 999104
999147 999103
999152 999099
999272 999271
999138 999106
999078 999072
999150 999103
999160 999106
999122 999063
999290 999289
999155 999129
999109 999083
999136 999077
999108 999066
999125 999123
999153 999095
999759 999758
999862 999861
999151 999096
999153 999064
999127 999107
999144 999136
999649 999648
999664 999663
999123 999118
999108 999085
999098 999062
999127 999124
999150 999086
999149 999101
999155 999071
999132 999109
999140 999110
999125 999085
999095 999091
999115 999114
999152 999150
999144 999089
999106 999105
999154 999097
999020 999019
999126 999107
999828 999827
999127 999077
999119 999084
999107 999078
999121 999111
999113 999076
999131 999089
999141 999096
999654 999653
999129 999088
999118 999067
999154 999138
999137 999084
999155 999100
999134 999129
999365 999364
999131 999109
999119 999083
999091 999081
999124 999111
999136 999117
999145 999125
999164 999134
999161 999070
999162 999090
999078 999075
999145 999066
999120 999089
999081 999062
999106 999093
999091 999082
999160 999113
999096 999095
999067 999064
999137 999065
999421 999420
999140 999075
999140 999068
999162 999103
999140 999107
999158 999078
999129 999105
999135 999093
999160 999119
999093 999063
999142 999085
999770 999769
999137 999076
999866 999865
999135 999128
999544 999543
999104 999093
999163 999108
999138 999120
999158 999092
999130 999101
999150 999071
999112 999075
999151 999103
999161 999151
999844 999843
999149 999146
999156 999070
999896 999895
999957 999956
999123 999062
999113 999102
999133 999086
999139 999085
999115 999095
999750 999749
999164 999106
999140 999063
999784 999783
999142 999093
999104 999073
999124 999106
999130 999122
999137 999075
999159 999063
999115 999099
999129 999128
999151 999139
999142 999094
999129 999126
999634 999633
999163 999128
999121 999117
999088 999062
999153 999134
999142 999119
999136 999071
999135 999132
999153 999137
999096 999089
999128 999110
999143 999124
999151 999064
999137 999096
999528 999527
999142 999070
999163 999154
999121 999080
999161 999083
999163 999070
999118 999096
999775 999774
999152 999132
999155 999128
999128 999081
999136 999096
999108 999099
999119 999110
999132 999095
999208 999207
999161 999107
999158 999075
999164 999094
999935 999934
999114 999067
999188 999187
999501 999500
999979 999978
999605 999604
999126 999110
999141 999075
999155 999136
999778 999777
999087 999085
999161 999139
999162 999096
999923 999922
999092 999081
999983 999982
999118 999108
999141 999132
999161 999114
999162 999115
999071 999063
999130 999107
999102 999066
999105 999088
999118 999102
999103 999101
999135 999091
999160 999123
999084 999063
999152 999090
999149 999068
999111 999108
999144 999100
999141 999106
999163 999083
999086 999083
999128 999082
999118 999064
999630 999629
999144 999068
999106 999065
999129 999123
999160 999083
999164 999144
999133 999091
999123 999090
999147 999138
999129 999064
999148 999087
999113 999073
999240 999239
999107 999098
999155 999089
999163 999132
999148 999075
999119 999117
999153 999120
999100 999080
999069 999065
999148 999102
999136 999131
999109 999089
999558 999557
999143 999107
999112 999079
999113 999067
999118 999100
999157 999074
999073 999067
999134 999112
999118 999115
999089 999071
999128 999121
999130 999077
999139 999098
999149 999122
999122 999078
999103 999071
999246 999245
999141 999136
999125 999113
999135 999115
999163 999130
999143 999104
999157 999151
999155 999062
999155 999064
999162 999148
999123 999064
999154 999107
999131 999103
999091 999080
999146 999103
999157 999076
999152 999123
999153 999069
999091 999076
999082 999073
999114 999097
999089 999081
999127 999114
999118 999097
999143 999130
999276 999275
999586 999585
999157 999064
999164 999081
999419 999418
999090 999088
999151 999114
999147 999140
999152 999107
999140 999132
999134 999089
999154 999080
999090 999080
999145 999134
999141 999079
999114 999089
999739 999738
999104 999090
999075 999074
999157 999086
999076 999072
999130 999090
999036 999035
999161 999077
999142 999136
999086 999071
999155 999127
999124 999110
999159 999081
999153 999077
999140 999095
999132 999108
999126 999085
999157 999127
999706 999705
999156 999143
999160 999075
999078 999073
999156 999138
999120 999077
999115 999101
999637 999636
999378 999377
999105 999092
999143 999076
999164 999156
999138 999123
999814 999813
999116 999066
999134 999108
999132 999124
999091 999068
999139 999112
999164 999079
999589 999588
999167 999166
999374 999373
999148 999101
999888 999887
999100 999088
999180 999179
999150 999126
999110 999073
999151 999080
999143 999115
999129 999118
999426 999425
999144 999118
999148 999072
999158 999111
999082 999065
999164 999103
999141 999065
999110 999080
999143 999101
999163 999095
999153 999132
999151 999102
999147 999070
999111 999073
999159 999098
999158 999147
999085 999084
999122 999120
999157 999140
999158 999065
999152 999149
999146 999065
999130 999065
999103 999100
999128 999097
999154 999109
999164 999126
999127 999120
999142 999100
999054 999053
999115 999078
999160 999156
999164 999074
999648 999647
999155 999104
999133 999076
999124 999068
999105 999102
999139 999067
999143 999127
999108 999072
999109 999088
999131 999112
999157 999068
999152 999093
999155 999146
999126 999098
999143 999095
999151 999078
999145 999099
999147 999086
999108 999075
999114 999098
999152 999085
999136 999121
999527 999526
999931 999930
999088 999068
999140 999102
999090 999068
999112 999085
999139 999069
999119 999068
999160 999117
999467 999466
999014 999013
999068 999065
999136 999089
999118 999090
999089 999080
999114 999082
999091 999069
999118 999087
999109 999085
999110 999084
999136 999088
999498 999497
999900 999899
999148 999085
999332 999331
999163 999109
999128 999076
999152 999080
999350 999349
999149 999108
999122 999081
999158 999088
999084 999067
999131 999095
999155 999072
999126 999125
999136 999069
999119 999101
999156 999123
999138 999105
999152 999128
999114 999107
999083 999066
999440 999439
999145 999135
999160 999082
999846 999845
999133 999117
999120 999087
999951 999950
999146 999074
999141 999100
999128 999113
999078 999076
999147 999141
999116 999091
999161 999118
999076 999062
999131 999066
999090 999077
999318 999317
999141 999130
999135 999125
999155 999088
999149 999112
999899 999898
999408 999407
999092 999074
999150 999084
999139 999078
999474 999473
999099 999072
999134 999073
999150 999098
999101 999093
999143 999066
999152 999087
999124 999077
999114 999070
999127 999115
999869 999868
999111 999094
999108 999098
999126 999120
999142 999064
999134 999079
999159 999158
999128 999109
999080 999062
999911 999910
999143 999069
999176 999175
999075 999065
999133 999118
999118 999083
999092 999069
999127 999062
999161 999124
999077 999074
999141 999072
999085 999066
999152 999091
999132 999065
999080 999077
999117 999077
999099 999084
999160 999085
999136 999118
999163 999119
999087 999081
999261 999260
999102 999079
999081 999067
999146 999062
999393 999392
999118 999093
999099 999098
999140 999078
999154 999139
999151 999077
999319 999318
999153 999100
999117 999079
999154 999123
999163 999156
999107 999094
999094 999085
999126 999111
999161 999062
999164 999159
999137 999085
999154 999144
999142 999110
999108 999092
999163 999081
999135 999087
999110 999063
999127 999083
999132 999105
999433 999432
999091 999083
999120 999094
999154 999064
999608 999607
999078 999067
999102 999086
999158 999133
999162 999134
999090 999075
999735 999734
999115 999073
999103 999086
999138 999100
999140 999120
999155 999085
999364 999363
999129 999067
999133 999090
999148 999086
999150 999122
999137 999088
999126 999076
999138 999096
999128 999089
999113 999072
999694 999693
999133 999071
999130 999070
999121 999102
999638 999637
999070 999064
999123 999073
999136 999123
999278 999277
999133 999067
999345 999344
999138 999083
999092 999084
999147 999073
999098 999072
999097 999077
999158 999149
999131 999097
999095 999063
999091 999066
999147 999067
999090 999072
999483 999482
999150 999124
999561 999560
999150 999066
999160 999133
999154 999063
999100 999083
999146 999118
999162 999100
999136 999113
999135 999081
999150 999081
999118 999074
999148 999126
999146 999113
999109 999098
999152 999067
999121 999088
999140 999111
999429 999428
999122 999117
999160 999088
999155 999103
999147 999145
999138 999065
999126 999077
999164 999109
999164 999084
999126 999105
999110 999074
999151 999091
999154 999108
999839 999838
999099 999069
999145 999123
999129 999073
999160 999142
999113 999066
999078 999064
999146 999095
999162 999114
999147 999144
999124 999118
999122 999074
999164 999153
999147 999113
999135 999076
999603 999602
999812 999811
999143 999097
999159 999139
999150 999108
999148 999080
999130 999081
999156 999079
999135 999108
999160 999078
999154 999111
999144 999081
999962 999961
999077 999071
999158 999117
999090 999086
999105 999079
999164 999112
999132 999130
999146 999092
999075 999070
999114 999063
999509 999508
999119 999067
999113 999093
999159 999080
999099 999064
999089 999078
999157 999077
999105 999071
999117 999073
999091 999088
999713 999712
999149 999115
999155 999137
999161 999134
999130 999124
999141 999115
999978 999977
999151 999093
999152 999125
999150 999096
999136 999120
999116 999064
999150 999101
999722 999721
999147 999116
999101 999066
999122 999102
999086 999082
999127 999102
999087 999083
999823 999822
999143 999078
999146 999130
999163 999073
999128 999091
999161 999122
999158 999083
999117 999103
999149 999111
999105 999078
999100 999095
999994 999993
999034 999033
999120 999104
999156 999130
999152 999138
999077 999062
999140 999121
999135 999079
999150 999087
999720 999719
999142 999111
999143 999083
999125 999122
999154 999128
999117 999062
999160 999109
999728 999727
999123 999115
999140 999082
999424 999423
999146 999076
999094 999077
999776 999775
999150 999079
999150 999146
999148 999083
999127 999099
999143 999093
999146 999125
999864 999863
999134 999076
999119 999109
999090 999065
999110 999108
999741 999740
999109 999076
999135 999098
999146 999090
999121 999090
999153 999149
999129 999097
999116 999079
999130 999118
999889 999888
999137 999087
999125 999080
999686 999685
999155 999090
999102 999088
999140 999126
999110 999071
999163 999146
999115 999082
999137 999129
999161 999156
999096 999063
999967 999966
999129 999072
999109 999065
999905 999904
999157 999142
999137 999107
999102 999068
999301 999300
999118 999110
999148 999118
999116 999075
999136 999086
999121 999085
999043 999042
999234 999233
999157 999095
999097 999067
999095 999068
999147 999081
999394 999393
999092 999086
999151 999141
999150 999114
999115 999093
999152 999082
999114 999111
999164 999100
999251 999250
999163 999144
999144 999138
999122 999108
999004 999003
999093 999088
999133 999074
999077 999073
999156 999100
999128 999122
999160 999151
999124 999080
999144 999065
999142 999127
999125 999111
999163 999112
999115 999080
999207 999206
999577 999576
999114 999102
999625 999624
999157 999071
999151 999073
999122 999085
999135 999063
999117 999063
999143 999122
999162 999141
999141 999111
999119 999070
999125 999105
999108 999095
999162 999147
999142 999067
999152 999126
999150 999099
999162 999092
999164 999067
999098 999096
999161 999111
999099 999088
999146 999098
999133 999081
999109 999104
999142 999062
999135 999066
999128 999107
999152 999064
999121 999082
999138 999097
999141 999137
999123 999069
999409 999408
999118 999081
999563 999562
999113 999101
999730 999729
999143 999068
999875 999874
999095 999089
999148 999064
999099 999070
999524 999523
999142 999089
999152 999078
999156 999114
999149 999104
999144 999129
999104 999084
999721 999720
999138 999073
999692 999691
999736 999735
999125 999073
999145 999091
999437 999436
999080 999065
999161 999086
999086 999073
999122 999088
999156 999142
999127 999072
999161 999147
999496 999495
999146 999108
999111 999096
999104 999085
999106 999101
999729 999728
999156 999096
999164 999099
999136 999134
999161 999082
999163 999116
999147 999079
999225 999224
999133 999083
999581 999580
999129 999085
999169 999168
999143 999133
999142 999132
999109 999091
999717 999716
999123 999066
999121 999098
999129 999127
999143 999131
999158 999098
999152 999095
999127 999082
999134 999099
999153 999109
999135 999072
999139 999119
999291 999290
999153 999067
999149 999097
999130 999089
999123 999075
999099 999065
999128 999104
999146 999124
999144 999091
999227 999226
999132 999107
999162 999091
999143 999105
999138 999116
999441 999440
999115 999098
999139 999102
999156 999088
999977 999976
999154 999143
999107 999102
999138 999062
999083 999065
999115 999112
999078 999070
999133 999082
999111 999092
999138 999131
999155 999123
999135 999069
999155 999112
999127 999071
999216 999215
999147 999137
999151 999126
999105 999093
999155 999078
999129 999071
999119 999113
999133 999108
999087 999065
999122 999064
999021 999020
999124 999092
999145 999129
999868 999867
999158 999132
999520 999519
999124 999085
999153 999131
999101 999098
999154 999131
999136 999090
999144 999137
999118 999077
999147 999118
999159 999078
999162 999064
999131 999127
999137 999119
999081 999072
999149 999092
999156 999081
999117 999066
999141 999126
999116 999072
999127 999118
999155 999102
999344 999343
999357 999356
999158 999134
999111 999064
999113 999106
999145 999121
999159 999082
999131 999129
999333 999332
999102 999078
999145 999063
999146 999139
999160 999097
999142 999074
999005 999004
999125 999082
999627 999626
999107 999101
999140 999092
999158 999140
999024 999023
999158 999153
999595 999594
999134 999062
999114 999093
999162 999131
999114 999087
999144 999132
999156 999119
999147 999133
999081 999065
999129 999063
999131 999116
999106 999103
999139 999115
999136 999111
999306 999305
999150 999139
999127 999067
999027 999026
999134 999110
999101 999068
999119 999079
999132 999127
999151 999094
999763 999762
999101 999086
999111 999069
999109 999092
999793 999792
999121 999062
999108 999076
999506 999505
999144 999096
999162 999120
999092 999077
999655 999654
999156 999120
999158 999122
999134 999097
999117 999111
999125 999119
999130 999099
999095 999073
999659 999658
999162 999069
999120 999072
999143 999064
999124 999094
999149 999118
999160 999068
999133 999104
999154 999077
999958 999957
999160 999143
999144 999092
999244 999243
999103 999067
999107 999064
999145 999065
999123 999112
999153 999147
999766 999765
999107 999080
999150 999095
999117 999071
999124 999072
999098 999092
999135 999119
999138 999130
999149 999067
999112 999103
999132 999086
999125 999072
999149 999132
999119 999094
999127 999070
999144 999072
999150 999073
999695 999694
999154 999117
999138 999082
999112 999070
999438 999437
999133 999094
999797 999796
999067 999063
999139 999063
999123 999111
999164 999097
999144 999131
999727 999726
999093 999065
999119 999081
999148 999070
999134 999090
999115 999072
999135 999117
999116 999080
999095 999062
999138 999119
999163 999117
999156 999077
999144 999098
999096 999066
999151 999088
999712 999711
999151 999062
999842 999841
999096 999078
999134 999109
999177 999176
999118 999107
999106 999083
999151 999065
999111 999072
999144 999099
999100 999076
999723 999722
999164 999107
999098 999065
999134 999125
999161 999066
999137 999114
999088 999083
999094 999088
999149 999105
999102 999091
999140 999085
999135 999121
999153 999130
999149 999121
999127 999091
999141 999084
999129 999092
999156 999151
999153 999151
999147 999074
999159 999083
999158 999131
999163 999149
999129 999103
999140 999077
999163 999155
999160 999070
999090 999063
999152 999142
999693 999692
999115 999075
999094 999066
999436 999435
999737 999736
999965 999964
999156 999135
999161 999112
999127 999094
999116 999102
999150 999092
999142 999071
999153 999118
999101 999065
999156 999112
999614 999613
999232 999231
999154 999074
999164 999096
999148 999065
999159 999091
999154 999104
999149 999129
999143 999073
999159 999119
999471 999470
999130 999088
999109 999105
999144 999127
999146 999072
999117 999081
999127 999111
999502 999501
999143 999087
999163 999103
999002 999001
999112 999072
999162 999070
999088 999065
999161 999095
999137 999123
999160 999132
999127 999079
999134 999077
999147 999146
999119 999111
999088 999085
999118 999099
999550 999549
999132 999091
999113 999092
999157 999070
999116 999094
999162 999113
999097 999085
999150 999112
999151 999121
999151 999086
999152 999118
999084 999070
999138 999121
999352 999351
999127 999116
999482 999481
999152 999135
999130 999080
999815 999814
999123 999092
999118 999113
999131 999096
999155 999119
999215 999214
999117 999108
999078 999065
999115 999113
999492 999491
999163 999064
999109 999081
999163 999148
999136 999125
999117 999094
999083 999082
999161 999089
999151 999135
999150 999065
999491 999490
999147 999127
999156 999103
999157 999096
999151 999117
999153 999145
999125 999102
999056 999055
999103 999093
999731 999730
999046 999045
999157 999130
999133 999098
999156 999105
999160 999077
999157 999080
999155 999095
999163 999145
999154 999076
999076 999075
999100 999064
999096 999071
999132 999089
999148 999120
999111 999098
999197 999196
999101 999091
999134 999130
999140 999088
999137 999070
999162 999149
999154 999124
999104 999092
999138 999125
999416 999415
999142 999139
999085 999075
999101 999085
999835 999834
999161 999113
999086 999070
999144 999101
999139 999086
999099 999094
999143 999072
999122 999111
999134 999083
999147 999064
999149 999069
999129 999091
999151 999133
999117 999069
999080 999075
999105 999084
999136 999095
999086 999076
999158 999151
999117 999113
999210 999209
999137 999133
999128 999093
999733 999732
999117 999112
999075 999072
999149 999140
999146 999067
999134 999107
999148 999137
999125 999068
999147 999069
999497 999496
999087 999076
999083 999070
999162 999085
999070 999067
999157 999126
999886 999885
999135 999088
999147 999135
999161 999065
999105 999070
999094 999083
999151 999129
999151 999120
999163 999074
999077 999076
999055 999054
999155 999080
999508 999507
999164 999132
999126 999117
999113 999094
999142 999131
999150 999102
999071 999062
999092 999082
999148 999108
999102 999074
999115 999104
999149 999139
999023 999022
999152 999134
999163 999101
999129 999125
999199 999198
999091 999062
999147 999101
999147 999093
999989 999988
999123 999086
999150 999104
999098 999069
999122 999083
999131 999081
999116 999071
999675 999674
999157 999089
999767 999766
999148 999111
999106 999078
999084 999082
999144 999110
999139 999130
999134 999092
999758 999757
999151 999099
999079 999071
999122 999065
999098 999078
999267 999266
999146 999104
999127 999090
999149 999134
999137 999083
999163 999080
999124 999098
999105 999085
999092 999079
999149 999143
999156 999066
999157 999097
999122 999073
999573 999572
999135 999124
999154 999113
999140 999064
999097 999063
999141 999077
999105 999068
999159 999141
999114 999101
999531 999530
999149 999103
999160 999076
999136 999112
999120 999098
999132 999118
999405 999404
999363 999362
999105 999095
999102 999062
999115 999079
999022 999021
999567 999566
999150 999100
999124 999101
999139 999131
999130 999082
999126 999064
999113 999105
999133 999132
999098 999082
999144 999112
999134 999065
999138 999079
999119 999063
999142 999125
999743 999742
999146 999141
999105 999074
999143 999137
999144 999105
999880 999879
999118 999092
999110 999109
999080 999068
999163 999141
999129 999106
999141 999102
999110 999098
999107 999066
999607 999606
999128 999083
999124 999120
999156 999140
999137 999112
999159 999115
999679 999678
999110 999076
999076 999064
999137 999122
999522 999521
999121 999119
999144 999113
999085 999082
999151 999083
999361 999360
999292 999291
999151 999107
999158 999079
999144 999123
999145 999111
999089 999084
999149 999144
999142 999084
999104 999078
999151 999150
999121 999067
999106 999090
999107 999081
999145 999095
999161 999148
999144 999083
999148 999100
999119 999096
999148 999104
999115 999102
999093 999086
999078 999074
999115 999066
999204 999203
999140 999066
999119 999073
999160 999155
999162 999133
999135 999085
999114 999112
999136 999124
999123 999093
999134 999063
999117 999116
999110 999085
999137 999097
999146 999068
999103 999094
999155 999073
999096 999076
999149 999094
999316 999315
999685 999684
999157 999098
999154 999152
999415 999414
999081 999080
999117 999072
999140 999112
999142 999118
999157 999091
999153 999126
999155 999142
999469 999468
999096 999075
999385 999384
999113 999097
999142 999106
999105 999067
999145 999082
999125 999091
999144 999094
999140 999081
999131 999068
999566 999565
999121 999076
999158 999094
999113 999079
999152 999144
999105 999065
999959 999958
999087 999072
999070 999063
999123 999072
999108 999104
999084 999062
999158 999112
999145 999112
999092 999087
999153 999072
999108 999079
999137 999135
999135 999118
999377 999376
999094 999084
999145 999130
999130 999079
999855 999854
999142 999073
999105 999066
999105 999062
999074 999065
999126 999115
999161 999154
999120 999108
999126 999123
999113 999068
999164 999119
999403 999402
999112 999094
999125 999115
999135 999102
999158 999104
999119 999095
999164 999158
999088 999073
999150 999070
999133 999114
999079 999065
999103 999095
999178 999177
999114 999105
999108 999106
999131 999123
999622 999621
999147 999109
999130 999094
999138 999081
999141 999064
999157 999116
999074 999072
999140 999071
999819 999818
999253 999252
999915 999914
999865 999864
999934 999933
999026 999025
999142 999096
999669 999668
999926 999925
999164 999072
999156 999144
999103 999092
999629 999628
999117 999098
999161 999088
999106 999102
999164 999088
999790 999789
999133 999121
999128 999068
999158 999062
999139 999070
999112 999101
999107 999087
999144 999121
999147 999134
999126 999109
999121 999114
999144 999086
999136 999110
999143 999086
999157 999134
999147 999087
999141 999067
999525 999524
999943 999942
999107 999099
999131 999126
999158 999103
999123 999096
999118 999068
999162 999078
999609 999608
999104 999065
999153 999066
999155 999132
999152 999097
999141 999083
999151 999137
999124 999079
999080 999070
999080 999071
999112 999087
999149 999131
999145 999083
999155 999152
999691 999690
999126 999075
999146 999073
999123 999097
999963 999962
999091 999073
999160 999146
999668 999667
999764 999763
999156 999117
999149 999096
999156 999064
999143 999099
999109 999080
999154 999116
999147 999112
999138 999072
999104 999082
999602 999601
999155 999070
999134 999095
999155 999081
999124 999115
999093 999087
999145 999127
999155 999105
999125 999100
999082 999062
999114 999094
999161 999084
999087 999066
999163 999139
999140 999098
999086 999065
999157 999090
999620 999619
999133 999065
999884 999883
999123 999071
999072 999065
999420 999419
999130 999073
999104 999068
999119 999116
999133 999096
999150 999136
999138 999090
999090 999069
999155 999114
999123 999089
999154 999071
999106 999095
999122 999069
999161 999079
999161 999136
999150 999138
999138 999063
999196 999195
999147 999068
999139 999087
999128 999070
999137 999077
999091 999090
999151 999108
999163 999076
999156 999078
999078 999077
999160 999112
999106 999076
999145 999067
999136 999135
999158 999096
999140 999124
999140 999117
999132 999069
999112 999068
999114 999109
999121 999100
999179 999178
999077 999070
999106 999075
999126 999093
999779 999778
999120 999068
999133 999122
999089 999074
999132 999062
999144 999062
999161 999115
999106 999097
999159 999108
999119 999102
999138 999077
999104 999099
999095 999078
999542 999541
999160 999084
999641 999640
999079 999075
999108 999062
999102 999096
999093 999078
999133 999102
999153 999103
999164 999110
999159 999118
999139 999088
999088 999084
999135 999105
999081 999079
999160 999147
999105 999073
999212 999211
999120 999100
999130 999109
999113 999070
999314 999313
999151 999070
999097 999090
999097 999095
999132 999117
999137 999098
999129 999115
999142 999095
999156 999128
999129 999109
999095 999071
999151 999148
999119 999091
999143 999136
999137 999091
999131 999071
999143 999070
999157 999117
999146 999094
999129 999087
999126 999104
999152 999071
999153 999083
999105 999064
999157 999069
999146 999133
999159 999076
999164 999138
999110 999065
999155 999075
999485 999484
999153 999108
999834 999833
999131 999110
999147 999121
999164 999070
999373 999372
999143 999117
999086 999079
999126 999091
999137 999128
999187 999186
999135 999103
999131 999105
999133 999078
999462 999461
999097 999082
999150 999076
999145 999108
999154 999083
999112 999086
999129 999086
999160 999080
999144 999142
999149 999081
999109 999093
999099 999074
999160 999103
999123 999063
999155 999124
999121 999106
999113 999085
999146 999115
999124 999113
999159 999102
999106 999079
999164 999125
999800 999799
999159 999070
999163 999125
999159 999116
999120 999096
999133 999079
999633 999632
999112 999063
999321 999320
999158 999085
999752 999751
999576 999575
999155 999093
999130 999078
999137 999118
999164 999130
999083 999080
999871 999870
999093 999080
999140 999076
999134 999085
999142 999137
999145 999079
999111 999081
999427 999426
999145 999093
999116 999105
999112 999093
999072 999066
999143 999092
999148 999098
999113 999095
999757 999756
999150 999067
999133 999112
999100 999066
999147 999107
999887 999886
999119 999062
999116 999077
999089 999077
999103 999102
999109 999074
999134 999098
999518 999517
999132 999071
999147 999128
999156 999152
999217 999216
999111 999085
999139 999081
999161 999120
999140 999072
999001 999000
999151 999068
999139 999108
999133 999062
999130 999117
999137 999095
999161 999078
999155 999092
999123 999109
999097 999076
999146 999143
999135 999075
999128 999101
999162 999118
999132 999098
999122 999115
999090 999071
999125 999104
999142 999135
999203 999202
999155 999111
999150 999121
999121 999097
999122 999087
999100 999079
999086 999084
999163 999159
999579 999578
999125 999117
999112 999084
999341 999340
999663 999662
999134 999104
999163 999136
999133 999069
999151 999119
999163 999113
999103 999098
999710 999709
999102 999069
999271 999270
999162 999082
999182 999181
999162 999127
999136 999108
999158 999074
999150 999091
999136 999109
999157 999063
999129 999082
999158 999123
999135 999065
999161 999076
999100 999078
999129 999083
999152 999079
999140 999097
999140 999108
999142 999109
999089 999087
999138 999068
999159 999123
999157 999137
999181 999180
999163 999160
999099 999066
999495 999494
999163 999162
999125 999088
999141 999062
999111 999083
999150 999090
999144 999139
999093 999066
999125 999099
999120 999092
999194 999193
999109 999077
999156 999087
999155 999143
999108 999103
999102 999075
999154 999094
999398 999397
999080 999079
999153 999141
999130 999104
999141 999103
999102 999090
999532 999531
999104 999076
999690 999689
999102 999077
999142 999115
999224 999223
999088 999072
999671 999670
999863 999862
999115 999074
999094 999090
999133 999066
999229 999228
999809 999808
999149 999107
999160 999149
999132 999063
999108 999068
999116 999083
999127 999068
999158 999081
999136 999094
999987 999986
999103 999084
999115 999076
999158 999150
999149 999070
999160 999095
999142 999082
999351 999350
999521 999520
999164 999089
999148 999074
999136 999082
999144 999111
999161 999143
999099 999097
999144 999122
999145 999110
999160 999144
999143 999114
999137 999079
999151 999089
999154 999105
999160 999099
999132 999082
999132 999101
999141 999097
999154 999136
999996 999995
999162 999116
999139 999092
999112 999089
999124 999088
999154 999149
999127 999100
999113 999063
999158 999063
999128 999119
999066 999062
999106 999073
999150 999080
999113 999096
999129 999062
999399 999398
999348 999347
999092 999080
999164 999091
999156 999090
999158 999114
999511 999510
999143 999128
999154 999114
999431 999430
999138 999129
999946 999945
999155 999077
999148 999099
999147 999132
999164 999163
999128 999084
999104 999086
999140 999116
999147 999078
999109 999068
999099 999076
999146 999138
999155 999150
999157 999150
999091 999067
999097 999092
999095 999094
999138 999107
999145 999132
999156 999069
999480 999479
999322 999321
999122 999119
999157 999088
999908 999907
999121 999101
999130 999075
999137 999066
999141 999081
999164 999085
999149 999130
999156 999106
999486 999485
999096 999090
999158 999116
999119 999100
999131 999124
999890 999889
999151 999095
999159 999129
999499 999498
999954 999953
999156 999110
999740 999739
999112 999065
999144 999143
999158 999086
999137 999127
999159 999147
999356 999355
999948 999947
999131 999093
999139 999079
999142 999102
999115 999091
999132 999128
999155 999131
999159 999069
999102 999072
999161 999153
999148 999066
999147 999130
999085 999062
999147 999136
999162 999101
999101 999090
999163 999157
999116 999090
999148 999109
999088 999087
999610 999609
999136 999068
999590 999589
999260 999259
999131 999114
999116 999092
999124 999086
999141 999133
999157 999115
999107 999089
999140 999104
999138 999103
999103 999062
999138 999080
999156 999136
999119 999074
999120 999064
999131 999073
999985 999984
999094 999091
999150 999088
999113 999100
999146 999144
999624 999623
999615 999614
999220 999219
999079 999062
999102 999099
999161 999072
999144 999070
999141 999069
999076 999073
999132 999112
999136 999128
999119 999115
999126 999063
999134 999102
999121 999118
999073 999071
999157 999145
999142 999069
999127 999066
999146 999117
999112 999096
999159 999114
999107 999092
999805 999804
999489 999488
999125 999095
999130 999123
999134 999120
999124 999065
999148 999113
999114 999072
999104 999063
999145 999113
999156 999083
999826 999825
999152 999137
999095 999093
999160 999114
999095 999070
999126 999103
999136 999105
999144 999126
999120 999110
999134 999111
999099 999085
999139 999066
999845 999844
999164 999122
999117 999085
999102 999064
999164 999114
999100 999062
999118 999071
999104 999064
999128 999100
999143 999075
999125 999066
999159 999148
999142 999107
999125 999098
999117 999093
999141 999087
999103 999078
999161 999096
999147 999119
999124 999112
999116 999099
999133 999084
999130 999068
999128 999095
999111 999105
999141 999108
999122 999062
999116 999069
999108 999070
999250 999249
999158 999148
999153 999068
999136 999116
999254 999253
999969 999968
999116 999115
999122 999116
999139 999065
999151 999131
999158 999120
999116 999111
999090 999083
999104 999079
999162 999111
999120 999070
999141 999076
999636 999635
999150 999149
999135 999104
999135 999080
999114 999075
999153 999123
999163 999092
999163 999137
999094 999080
999086 999075
999086 999066
999093 999070
999134 999106
999151 999142
999103 999090
999155 999120
999626 999625
999129 999069
999136 999100
999115 999065
999147 999126
999154 999082
999163 999067
999113 999075
999153 999073
999145 999073
999139 999105
999120 999107
999158 999077
999147 999097
999085 999074
999086 999069
999091 999075
999088 999079
999123 999117
999139 999103
999138 999113
999064 999062
999154 999099
999095 999064
999115 999068
999151 999125
999164 999116
999816 999815
999161 999160
999112 999099
999995 999994
999125 999083
999138 999128
999121 999075
999821 999820
999144 999075
999113 999110
999162 999159
999152 999112
999122 999098
999148 999078
999226 999225
999123 999087
999093 999089
999076 999065
999124 999103
999236 999235
999785 999784
999112 999105
999130 999084
999122 999070
999141 999119
999094 999073
999882 999881
999155 999069
999119 999066
999280 999279
999391 999390
999125 999118
999159 999084
999129 999108
999160 999096
999141 999139
999153 999084
999135 999070
999587 999586
999134 999113
999137 999108
999163 999100
999144 999120
999139 999137
999156 999147
999154 999127
999162 999121
999384 999383
999761 999760
999140 999109
999160 999150
999153 999133
999111 999109
999079 999067
999098 999076
999119 999118
999360 999359
999156 999095
999156 999141
999734 999733
999154 999106
999116 999101
999355 999354
999107 999093
999161 999127
999145 999077
999101 999063
999157 999128
999099 999062
999822 999821
999152 999092
999110 999087
999104 999071
999151 999097
999111 999087
999083 999079
999126 999116
999646 999645
999148 999067
999124 999081
999156 999153
999097 999088
999152 999081
999786 999785
999155 999091
999098 999075
999125 999077
999152 999070
999152 999145
999133 999095
999135 999131
999108 999080
999141 999118
999018 999017
999883 999882
999128 999071
999120 999075
999154 999110
999623 999622
999089 999083
999140 999118
999147 999082
999135 999110
999157 999062
999160 999118
999162 999084
999158 999090
999126 999101
999100 999073
999151 999081
999157 999149
999101 999084
999098 999088
999387 999386
999789 999788
999154 999095
999108 999078
999110 999090
999119 999087
999095 999087
999149 999072
999144 999088
999111 999065
999154 999088
999161 999128
999113 999064
999148 999069
999152 999120
999680 999679
999153 999127
999268 999267
999235 999234
999993 999992
999159 999086
999547 999546
999537 999536
999137 999089
999156 999139
999095 999067
999600 999599
999162 999124
999154 999130
999124 999063
999139 999110
999122 999089
999162 999126
999161 999116
999121 999089
999074 999063
999494 999493
999150 999116
999078 999069
999159 999126
999138 999135
999156 999122
999095 999080
999158 999137
999151 999149
999111 999099
999156 999107
999916 999915
999137 999110
999139 999091
999166 999165
999337 999336
999075 999069
999102 999067
999138 999136
999990 999989
999138 999094
999145 999101
999158 999068
999147 999084
999092 999065
999117 999091
999172 999171
999950 999949
999151 999134
999107 999063
999099 999083
999772 999771
999153 999089
999153 999082
999136 999079
999139 999132
999286 999285
999138 999137
999083 999075
999125 999120
999151 999075
999112 999098
999144 999119
999877 999876
999112 999100
999099 999091
999120 999071
999130 999105
999124 999067
999161 999063
999151 999092
999114 999083
999126 999112
999164 999133
999143 999080
999160 999126
999139 999120
999133 999109
999159 999144
999972 999971
999081 999069
999109 999106
999158 999121
999121 999065
999151 999105
999135 999099
999158 999076
999156 999071
999368 999367
999141 999094
999102 999081
999003 999002
999105 999096
999154 999148
999139 999074
999163 999161
999150 999068
999094 999072
999145 999115
999133 999073
999118 999073
999143 999108
999156 999072
999104 999066
999132 999121
999079 999076
999135 999082
999955 999954
999118 999101
999134 999117
999157 999144
999164 999147
999096 999064
999119 999080
999131 999090
