500000 1000
477761 477751
362054 179757
412463 213540
477758 477754
477774 477749
219743 402816
360064 234026
94583 336637
477749 477759
477774 477763
193339 229613
477753 477771
269955 120334
477771 477770
496092 496082
477768 477749
477756 477760
275703 198402
281806 253471
440947 340941
477755 477764
143264 393683
477761 477759
224040 185364
477761 477773
76384 6191
477762 477757
497753 354596
496092 496069
477762 477750
261920 270231
496092 496051
477756 477749
430689 98875
361288 314461
25545 203772
477750 477768
477763 477760
358333 94348
477774 477766
353214 348942
477746 477752
498545 350290
285673 241255
477769 477763
477752 477751
435808 481343
193263 456607
477774 477773
477763 477771
100190 100183
219650 330912
477773 477756
499050 153408
100182 100190
477747 477755
477774 477754
100190 100181
477771 477769
245668 27703
477764 477750
200835 186607
275589 28760
65646 72902
385120 166300
60867 272066
309209 383099
477745 477758
100155 100190
386217 245809
42217 164167
477770 477763
100148 100190
477764 477753
386886 126070
321709 165404
477773 477749
100190 100174
477771 477764
477774 477762
477753 477772
477746 477767
194661 43068
477766 477755
144886 162447
325994 261214
496076 496092
101776 172637
477773 477763
477751 477768
341957 492146
477771 477756
382474 434017
369064 466475
477745 477751
303836 378130
73541 139144
477750 477761
477765 477759
344815 362659
360587 162758
11893 346663
477749 477745
477762 477748
302344 359247
371729 230186
379171 302451
477757 477770
100163 100190
106484 279817
496090 496092
477750 477773
477762 477747
477746 477761
286745 240366
88194 36010
496091 496092
477759 477751
229850 228690
209752 22746
377973 171775
283538 467338
230844 423071
443064 402153
477748 477769
296028 226661
477759 477746
471604 74329
477745 477768
477772 477752
477758 477770
477764 477754
100172 100190
477745 477761
477772 477745
402558 275218
110565 404839
100190 100151
476175 140507
434358 112752
477755 477767
477755 477773
477756 477745
281864 224450
246655 105313
477746 477771
99469 41902
333420 288298
477769 477762
346205 360762
477770 477772
416870 56323
477751 477765
86838 170882
453751 427742
477765 477773
477746 477748
477765 477757
23206 440792
100190 100167
477768 477762
496073 496092
477748 477757
280545 20786
295136 234278
477745 477770
496092 496078
110684 362600
477749 477754
100186 100190
477772 477760
196837 6390
477759 477750
477770 477765
198810 150459
477759 477745
477756 477765
477746 477769
477748 477761
65737 96928
36298 434392
477748 477774
190896 181152
91708 396536
477762 477745
477755 477761
145974 340568
477757 477751
477746 477762
145494 160632
496092 496066
477767 477765
477773 477771
304715 197746
200560 107610
477759 477764
354406 307759
354659 283508
44323 159763
435922 394471
115036 490835
477750 477747
477750 477770
100180 100190
83642 163188
194048 83209
109141 164439
87691 492143
477750 477754
477755 477748
477751 477748
100190 100146
477752 477769
477764 477751
477762 477760
477773 477752
124959 150633
343744 311270
144903 337288
181840 208572
356428 217717
422466 288452
477748 477753
477768 477770
477753 477747
213782 235598
326786 63446
100170 100190
477758 477755
477749 477767
477773 477766
437800 449841
109593 18276
477761 477747
415614 106224
477763 477751
201669 203439
477754 477753
477765 477768
477774 477770
237689 447907
97628 8813
422426 73344
437559 402232
329241 477130
369985 438399
365868 267394
477751 477747
423305 310769
477757 477774
269270 108474
477750 477752
202948 435553
477751 477758
307463 367626
477772 477763
477747 477752
351879 241909
100190 100168
100190 100143
462337 475621
433395 116997
477761 477774
477749 477757
477759 477760
487925 348920
100190 100158
4508 219749
464032 244518
477754 477761
477756 477767
28806 159286
477760 477771
477759 477754
209490 252464
477761 477760
477747 477774
29888 34013
496092 496071
496092 496065
256465 468913
438302 49153
477754 477760
477749 477766
228313 408747
477762 477761
55146 136531
412149 439021
283392 413204
477747 477760
57471 211602
458747 437853
477774 477751
477751 477760
477751 477771
477745 477773
276257 16683
444786 154848
427094 203200
377008 450001
477753 477769
477765 477758
245630 495753
477753 477765
38786 133220
274820 395654
322002 209859
477769 477759
100144 100190
488200 330756
110165 136316
373741 97414
100184 100190
328923 477406
331252 397979
477746 477773
477772 477757
477747 477766
477772 477771
13855 326426
477759 477774
496087 496092
405348 166259
256597 419220
477756 477761
300816 181210
496075 496092
224365 66749
431269 213232
289334 255104
477767 477747
477753 477757
231942 371714
496092 496072
477758 477773
477767 477750
100190 100150
477753 477752
255518 406306
477768 477757
86028 60535
246147 67299
100190 100147
477751 477769
252296 256067
477756 477758
477770 477753
477761 477757
227377 177153
370643 256223
44336 273938
477753 477762
106213 193391
126414 171957
477748 477765
244087 453397
457307 229989
477772 477761
212852 111484
477771 477747
477750 477753
477767 477745
477759 477762
189530 66159
254764 60241
441603 362759
211972 379939
477749 477771
477745 477769
100188 100190
100190 100187
100162 100190
339412 216734
62975 189244
413338 39987
477774 477758
477767 477769
477759 477763
477764 477770
477753 477755
477765 477749
139249 345531
406171 273662
60264 142512
477752 477763
85719 357370
128142 343543
93697 137985
477754 477757
477755 477745
199299 376834
477750 477755
477767 477774
477750 477748
477770 477752
66010 181826
24927 364457
477753 477766
477750 477746
193976 436360
193008 459120
249859 105589
477754 477756
69223 173109
477759 477752
427482 87114
477764 477773
231910 337697
100177 100190
81432 354639
122821 300215
100190 100173
477758 477767
477747 477754
477758 477759
477766 477771
342169 45233
477755 477752
477759 477768
477770 477766
477766 477754
477766 477758
202158 409696
477770 477760
477770 477746
335701 353940
210743 168022
354088 324304
319248 251429
322578 175432
457061 37222
128990 210116
450049 154907
136059 239499
362897 338317
477769 477757
103427 411413
299956 329359
89734 401000
477746 477768
477769 477750
40694 319346
481402 104764
477763 477755
477774 477750
323082 319442
34377 412304
466993 326691
163452 361101
496080 496092
283520 287759
477770 477755
477767 477748
477769 477761
477767 477761
494460 17820
477749 477764
325198 265147
160543 151140
352763 64553
348313 360606
481509 413840
477758 477772
256328 141107
379312 166058
496092 496079
50203 88081
477754 477762
53324 15533
439382 36954
100190 100157
394137 349063
477749 477761
100190 100156
477772 477774
477753 477745
454968 431146
477770 477767
130446 424709
227654 324915
489007 399638
477754 477771
157010 334826
448651 281824
477766 477759
130354 319678
240496 112686
496077 496092
496081 496092
477748 477763
477767 477753
477759 477772
449851 456815
465600 77638
157506 260257
477762 477749
210367 358388
101750 142984
477769 477760
477765 477762
477762 477758
477760 477745
477764 477766
477752 477765
460587 452708
164000 6496
477769 477749
69273 11852
465829 440671
130179 441064
477746 477757
477757 477771
462029 77298
477755 477774
477753 477759
477766 477752
477748 477773
477748 477758
477759 477771
424682 243282
477748 477759
194603 200508
488741 133158
477774 477745
475821 333587
336134 75035
477757 477759
477768 477764
477762 477770
477762 477773
496062 496092
477768 477747
84056 342885
477751 477767
59260 262884
100190 100145
477759 477747
428344 4935
195483 258228
239880 365271
477746 477755
477753 477746
128183 306407
100190 100159
269621 119695
276701 466525
477770 477754
401858 90274
477772 477746
477768 477774
477764 477758
100361 471671
450323 381995
477751 477749
477750 477766
221066 29799
28621 432456
477770 477751
477773 477754
477757 477752
477765 477766
290059 219945
56140 270487
477755 477762
477769 477755
477754 477767
123298 172057
477764 477769
110076 144561
304729 432461
14324 191174
477752 477756
477766 477746
129048 40684
473520 437503
404983 2880
477758 477769
32017 497260
486396 23417
477772 477768
477768 477748
477758 477746
477764 477757
477763 477753
496047 496092
477769 477772
366985 34009
340000 466062
477760 477764
400901 487817
142829 311556
477766 477768
140598 8590
396732 167967
255519 246813
71708 250997
80295 221950
100190 100179
477754 477745
477746 477747
177665 254902
477771 477752
477771 477745
477755 477772
54822 9763
477758 477771
477758 477750
477755 477757
496092 496086
400712 262899
477772 477749
361160 150245
477774 477752
477756 477753
122383 27234
333880 268104
477770 477747
477755 477759
100171 100190
59739 368593
101856 14828
477760 477773
481814 86053
100154 100190
477757 477756
248835 255590
100190 100165
477763 477758
268102 360601
172883 485869
477760 477752
477768 477769
13269 269592
477763 477765
477758 477757
477753 477749
166612 382764
477763 477747
477765 477761
257000 220151
312475 99938
100190 100164
231531 467696
186037 30267
477748 477745
269125 274130
94134 265249
477747 477773
477773 477767
461095 256674
477756 477766
477772 477748
338959 464633
477773 477753
409740 460703
496092 496046
477758 477747
98974 86989
93669 441299
477774 477765
100190 100189
178775 499146
100161 100190
208877 319914
63690 203863
184404 150398
186229 199883
477746 477751
477774 477746
477763 477761
427906 496031
15049 379189
331989 90895
477772 477762
489750 141133
477765 477747
477765 477746
477757 477763
414461 263426
472891 182999
390872 435505
477760 477765
477772 477756
477745 477752
477768 477767
153918 167982
477750 477765
477755 477765
477749 477752
34911 431437
496092 496060
421319 74534
477751 477766
477750 477751
496089 496092
11706 209424
477751 477772
248595 270974
193762 336466
477770 477769
26673 203315
234157 94826
443360 385738
296750 104521
477760 477750
496088 496092
464570 308897
308502 425561
477757 477760
496070 496092
311901 305228
477754 477752
315661 134440
477754 477755
419783 55758
140469 430908
496054 496092
477755 477760
68111 498213
306169 910
100175 100190
313846 107706
496055 496092
477746 477756
482505 303393
395697 484914
477764 477761
17771 112291
477771 477765
100190 100160
386885 419181
100190 100176
93975 140960
153027 82552
496084 496092
106272 477474
477770 477748
477750 477749
21005 459374
79350 451436
477771 477748
477749 477760
477762 477751
423039 496120
477766 477769
496059 496092
477750 477763
496092 496067
496083 496092
347348 471091
113715 335061
311279 441868
477745 477765
285895 456649
183942 443824
461455 370045
477756 477759
134758 374012
477773 477772
477748 477749
249117 480226
296250 197747
477771 477774
421024 358884
477752 477762
101976 458549
264380 395862
95549 42667
477746 477749
379954 464625
445717 100066
477767 477772
477770 477761
181916 30927
430337 316512
496092 496052
477764 477772
477748 477764
477768 477761
477765 477754
43403 474019
164345 40996
477756 477747
477773 477769
477764 477763
477760 477758
100149 100190
213416 364764
496092 496058
388114 70547
477759 477773
477770 477749
271541 272009
477769 477747
477760 477768
429567 120901
477745 477746
90741 310303
477754 477751
496053 496092
169244 352502
477749 477747
279585 312308
477774 477769
242800 325800
477763 477745
477746 477754
477770 477759
496092 496056
477768 477752
109101 249891
477761 477758
477766 477762
220803 488342
434783 243848
477763 477749
477752 477748
318198 252173
496085 496092
406234 37901
477767 477763
496045 496092
477766 477757
477758 477749
120149 45891
477771 477762
122397 163654
11463 126244
102686 250374
134919 74018
477755 477749
477766 477767
290575 106694
477774 477760
490370 297720
472208 117935
477771 477767
483879 413074
477764 477765
477760 477753
477756 477770
496092 496063
129646 483856
303677 259181
477760 477748
211914 417819
496092 496068
100178 100190
477763 477766
496092 496048
477747 477748
239021 323711
477764 477756
322363 242695
115542 301050
496092 496057
496061 496092
477772 477747
477764 477767
479386 378140
432293 317405
100190 100166
477764 477774
53593 36561
462051 442391
477750 477756
211350 375572
477746 477760
100185 100190
20959 185907
253668 444303
106368 328409
477757 477750
477766 477760
100190 100153
154165 387702
477768 477753
477756 477751
145520 311288
477766 477761
465777 66451
475497 47072
296933 435707
477768 477771
477774 477753
311525 91132
27340 404280
100152 100190
477745 477747
477764 477745
477763 477756
477754 477769
169448 287805
452696 94056
492582 464156
153085 328957
477745 477757
477751 477773
148644 208123
79361 422691
477768 477763
477768 477754
496092 496074
19404 114860
338891 460769
477770 477773
477756 477748
477768 477773
477750 477745
477758 477752
477751 477753
117916 368855
216284 52354
477757 477747
6427 4158
477752 477761
477765 477772
477745 477766
394948 397177
129093 136142
490435 396639
478876 167962
27409 63394
477765 477769
64793 359726
177354 294656
177169 12032
315014 251904
159538 54820
477753 477761
477756 477768
477772 477766
309011 382810
334268 281607
477756 477755
277375 278385
282866 73294
477751 477755
465251 225582
477767 477760
75756 457810
477762 477767
60495 344759
395366 432215
30834 112549
477752 477764
477747 477764
382977 259128
477764 477762
366553 411044
477746 477764
218293 25426
477757 477773
477748 477754
426334 293024
427490 219668
54813 44225
424087 471304
120886 273920
477750 477772
495832 87582
225184 323235
496092 496049
126378 60912
483684 2855
232777 105826
229481 397169
81677 416740
477769 477756
477752 477767
477755 477771
477768 477758
478626 467362
108799 184266
19510 331100
102354 193927
422619 367425
477755 477768
477746 477763
496064 496092
477762 477763
477753 477758
30896 183627
477750 477771
496050 496092
449020 486870
477772 477754
477763 477754
100169 100190
477771 477761
460998 255975
477756 477774
477748 477766
477767 477759
477756 477762
459082 64999
152511 19588
477757 477767
109491 352736
613 301131
