100000 1000
95536 95548
95524 95537
95534 95525
95561 95538
95539 95535
95525 95540
95525 95558
77357 53085
95534 95550
95550 95547
95548 95524
95554 95538
95547 95522
95560 95550
95558 95557
95559 95534
95540 95557
95524 95555
95526 95547
95552 95528
95543 95540
95523 95536
95549 95543
95543 95524
95555 95545
4987 27856
95556 95541
95529 95530
95554 95560
95535 95551
95559 95526
95557 95552
95547 95534
54690 63990
95528 95536
24458 36422
95557 95535
95548 95544
78967 52623
95552 95549
95528 95559
95549 95531
95561 95528
95526 95529
95546 95559
95539 95536
95533 95530
95524 95547
95551 95559
95546 95561
59361 59370
95538 95525
95550 95541
95523 95548
59360 59370
95532 95550
95539 95555
59370 59359
95556 95550
45343 28063
95553 95535
95545 95524
28596 57009
49633 49588
95523 95560
49633 49580
95532 95528
95530 95557
59333 59370
95526 95538
49633 49555
95546 95560
59326 59370
95538 95547
95554 95522
95557 95523
95535 95538
59370 59352
95547 95557
95546 95553
95555 95538
95532 95535
49557 49633
95540 95545
95523 95537
95558 95526
95555 95561
71066 60816
95549 95547
95536 95555
95553 95528
95548 95541
95529 95542
95535 95529
95550 95530
95527 95557
49633 49601
95535 95550
95553 95543
95554 95528
95555 95523
10739 90362
95530 95548
95533 95555
95554 95527
95525 95553
95555 95527
95545 95542
59370 59341
95522 95524
95559 95561
95537 95536
95557 95532
95531 95558
95528 95526
58069 42935
95560 95561
95546 95536
95525 95550
20645 67392
95530 95524
95546 95527
95554 95525
95529 95553
95535 95534
95547 95525
95531 95556
49603 49633
95531 95537
95537 95557
95561 95542
95539 95545
59350 59370
95530 95560
95531 95541
95527 95537
95522 95535
59329 59370
95532 95523
95539 95522
95540 95546
95552 95540
95555 95530
95544 95525
71805 79414
95532 95539
49554 49633
95527 95548
95548 95546
95528 95555
95550 95561
49572 49633
95552 95536
49633 49620
95561 95529
95555 95548
95531 95545
95541 95559
57527 22235
59370 59345
95547 95546
95558 95555
95533 95550
19223 83720
95559 95525
95539 95531
95556 95558
95522 95536
95534 95545
59364 59370
95544 95557
5156 78738
95535 95548
95552 95548
95545 95523
95558 95530
95541 95542
95532 95537
95554 95533
49589 49633
88951 45250
95540 95534
95524 95538
49633 49630
95561 95530
95561 95539
95523 95541
95544 95536
95559 95531
95523 95539
95554 95557
95549 95548
95551 95555
95524 95553
95522 95526
95543 95552
95527 95561
95527 95544
49560 49633
95529 95546
95522 95541
95532 95545
95535 95559
59370 59358
49633 49616
49633 49615
95522 95531
49624 49633
95543 95535
95533 95548
95533 95544
59324 59370
95554 95537
95551 95536
95547 95544
95537 95558
95522 95553
95528 95534
95538 95523
95540 95524
95537 95525
95549 95527
95546 95533
95549 95561
95532 95548
95525 95535
49583 49633
59370 59348
95558 95539
95534 95558
95551 95549
95535 95530
60204 17253
95556 95532
81688 81518
95550 95536
95557 95524
95537 95560
95550 95548
95553 95551
95560 95525
7348 6824
49600 49633
95554 95529
95543 95528
95529 95536
95527 95530
95546 95532
95533 95528
95542 95549
95522 95528
95541 95535
95524 95559
95545 95536
95560 95527
95548 95547
95547 95532
95530 95526
59346 59370
59370 59321
95530 95542
95543 95522
95556 95545
95548 95534
95548 95543
95558 95528
59336 59370
60816 3425
95536 95526
95539 95542
95544 95541
30423 57253
95556 95544
95540 95539
95525 95526
95544 95546
95541 95533
92990 32845
95555 95556
95556 95554
95526 95553
49633 49565
95541 95539
95557 95534
95525 95549
95560 95544
49633 49569
95529 95556
95543 95527
95555 95532
49633 49573
95530 95536
95561 95536
95536 95547
95558 95536
95531 95542
13603 14346
95551 95523
95524 95560
95529 95538
95538 95552
95542 95556
95526 95537
95538 95548
49549 49633
95536 95527
95527 95525
95557 95543
59370 59322
95544 95528
95522 95534
54567 85768
59370 59362
95528 95542
95545 95528
95532 95541
95547 95542
95561 95532
95554 95551
86926 11225
95545 95544
95558 95560
95559 95523
95554 95526
95558 95540
95539 95524
95560 95555
49633 49593
95532 95525
95549 95526
95534 95533
95540 95538
95525 95557
95557 95555
95546 95543
95535 95556
59328 59370
95537 95538
95526 95550
95542 95543
49633 49579
49594 49633
59325 59370
95556 95536
95546 95526
95540 95555
95553 95538
95555 95541
95533 95524
95526 95552
49633 49561
95538 95545
80451 97271
95522 95555
95558 95533
95535 95526
95552 95525
95545 95554
95537 95522
95538 95533
95542 95535
95531 95536
95550 95543
49591 49633
49576 49633
95532 95529
95525 95531
95535 95536
95538 95531
59370 59366
59370 59365
59370 59340
95536 95525
49633 49582
49633 49550
95543 95547
95554 95549
95551 95543
95547 95556
95561 95537
95534 95556
95530 95523
95535 95527
49633 49577
95548 95537
49633 49618
95522 95556
49632 49633
95538 95560
95554 95530
95556 95524
95544 95535
95559 95549
95533 95543
95555 95537
49590 49633
92930 22259
95549 95538
95547 95531
95524 95550
95546 95524
74655 91690
95559 95538
49633 49596
95537 95544
49622 49633
95547 95559
95525 95556
59355 59370
49612 49633
95551 95522
59370 59351
95542 95558
95532 95549
95542 95550
95561 95548
49562 49633
95537 95540
95543 95556
95548 95560
95539 95547
95557 95542
95558 95524
95555 95544
95538 95532
95528 95547
95527 95524
95528 95540
95543 95526
95524 95532
94235 48251
95522 95558
95552 95523
95523 95529
95528 95548
95544 95542
79212 66307
95527 95553
49633 49625
95536 95532
95558 95535
49633 49552
73048 70888
95540 95542
95536 95538
95528 95539
80487 41161
95541 95528
95523 95556
95556 95560
95527 95545
95549 95540
95560 95533
95551 95545
95545 95549
14497 51582
95555 95534
95529 95527
95546 95523
49585 49633
95528 95557
95529 95558
95543 95545
95523 95533
95558 95523
95559 95556
49633 49566
95539 95543
13525 93983
80371 46077
59370 59335
95560 95528
95534 95552
59370 59334
95558 95551
95552 95530
95530 95532
95555 95549
95525 95523
95525 95548
95551 95529
95539 95552
95523 95553
95527 95542
95554 95543
95524 95523
95522 95538
95557 95556
95556 95561
95533 95556
95538 95550
95543 95560
95540 95530
49608 49633
95554 95523
95553 95534
95525 95528
59370 59369
95554 95544
95545 95559
95542 95553
95530 95559
95547 95552
95537 95550
95541 95530
5220 78315
95534 95560
9973 11379
95537 95530
95561 95522
95554 95531
95542 95546
49633 49607
95540 95553
95542 95538
95537 95551
95539 95534
95533 95551
95543 95559
95533 95526
95533 95552
95524 95551
95523 95526
95531 95543
95528 95546
49633 49605
95541 95553
95547 95554
95549 95546
95552 95546
95560 95553
95535 95533
49617 49633
95554 95536
49633 49574
59370 59323
95532 95554
94280 3688
95552 95524
95527 95526
95552 95531
95550 95531
95522 95557
59337 59370
95546 95522
95527 95538
95551 95539
49626 49633
95540 95532
95554 95550
95555 95542
59370 59368
95541 95529
95542 95534
95535 95555
30585 92532
92508 28256
95536 95557
95554 95539
95542 95537
95547 95561
95541 95525
49571 49633
95540 95541
95548 95540
95539 95548
95522 95552
95547 95555
95522 95533
95527 95558
11769 94951
95537 95541
95534 95532
49551 49633
95534 95530
35020 3024
95560 95542
37513 62569
22255 25354
95552 95550
95561 95533
95555 95531
95541 95558
95538 95546
95553 95552
95557 95550
83663 39371
95528 95551
95549 95544
95529 95552
95535 95523
95548 95558
12697 5683
95526 95524
95526 95539
49598 49633
49633 49611
59370 59357
95553 95530
95544 95531
95535 95524
95556 95537
95540 95531
95551 95540
11436 7319
95544 95543
95535 95547
95557 95539
95559 95558
95560 95526
95535 95537
95523 95543
95537 95559
95539 95538
91132 25888
95527 95532
95533 95537
95559 95539
59370 59349
49633 49575
33496 12223
95544 95558
49619 49633
59332 59370
95540 95554
95541 95526
59343 59370
95554 95542
95527 95531
95524 95531
95537 95545
95560 95549
19673 11062
95555 95546
95552 95541
95544 95534
95523 95561
95558 95532
95547 95545
95525 95542
55809 69221
59370 59342
95525 95555
33049 42504
95530 95547
95533 95527
51805 52798
95540 95533
95558 95549
95526 95555
95543 95541
95534 95538
95550 95528
95538 95556
95555 95529
95561 95551
95532 95553
49621 49633
49633 49631
95556 95548
59367 59370
95524 95536
59339 59370
95561 95524
49584 49633
95523 95544
95524 95544
95548 95531
95532 95542
95561 95544
95531 95530
12646 46522
49628 49633
95546 95551
95523 95534
95532 95560
95533 95532
95557 95541
95561 95526
95541 95524
95529 95545
95550 95544
95549 95541
95530 95551
95549 95553
95549 95523
95554 95535
95540 95544
95543 95534
42624 44860
95558 95553
49633 49604
95536 95553
95535 95540
95560 95559
73282 9620
95536 95559
95526 95540
95549 95524
95555 95550
48211 24511
53994 55620
95529 95543
84543 68687
95549 95535
95558 95561
95530 95528
95529 95528
95554 95541
95561 95554
95559 95527
95539 95537
95527 95523
95538 95558
49633 49570
95523 95531
95552 95560
95560 95539
49633 49595
1768 24207
59370 59353
95527 95522
95552 95561
95553 95531
95556 95527
95549 95529
95546 95545
58841 13671
95548 95553
59370 59338
95529 95544
59370 59354
50074 64976
49614 49633
95557 95560
82908 96146
95534 95536
95541 95534
20286 95786
49609 49633
95537 95534
95551 95534
95536 95549
95559 95529
95548 95559
95557 95553
95552 95535
95558 95554
95557 95559
95556 95528
95522 95540
95528 95535
95534 95531
95527 95547
95542 95524
95529 95537
95556 95540
95523 95528
95551 95557
95533 95542
95526 95542
95524 95554
95556 95551
95531 95529
95547 95537
69525 62929
95527 95528
49556 49633
95531 95546
95529 95540
65189 56595
95557 95549
95545 95552
37304 71457
95537 95528
95558 95552
95558 95547
95533 95557
95550 95545
95539 95546
49558 49633
49553 49633
95532 95551
95558 95550
95546 95554
95551 95542
59327 59370
95533 95525
95556 95553
49633 49597
95561 95543
95561 95534
95527 95534
95533 95536
95544 95553
95549 95522
95530 95545
49633 49627
95541 95536
95559 95552
95524 95528
95544 95532
95527 95540
95550 95559
95526 95532
95532 95531
95531 95551
95558 95543
95553 95554
95553 95537
95530 95522
95552 95542
95545 95560
95543 95525
95534 95526
95534 95554
95533 95545
95526 95545
95557 95561
49548 49633
95546 95557
95560 95551
95560 95541
95534 95549
49563 49633
95550 95546
95550 95522
8004 81362
64201 85094
49633 49602
95546 95534
95557 95548
95522 95525
95544 95559
95552 95527
95522 95545
95556 95549
95529 95557
95551 95547
95543 95538
95541 95547
95553 95561
95560 95522
95557 95526
95533 95553
95525 95530
95554 95559
59356 59370
95556 95546
95554 95552
95543 95532
95525 95561
95540 95561
95526 95531
95522 95542
95553 95555
95553 95559
95533 95539
95553 95547
95539 95529
95538 95528
59344 59370
95547 95560
58592 45331
95538 95530
95535 95545
95529 95525
95531 95557
59370 59363
26339 19250
95526 95548
95523 95522
95535 95546
95544 95551
59370 59331
95550 95523
95538 95551
95543 95536
95540 95523
95548 95545
49633 49592
49633 49564
95551 95527
95551 95550
95538 95557
49633 49629
26708 76207
59330 59370
95530 95546
95531 95533
95540 95560
95550 95539
95524 95529
95437 51117
95543 95530
95523 95547
95556 95530
95560 95536
95542 95523
49633 49610
95546 95558
95549 95539
95555 95559
65101 17839
95549 95528
95552 95551
95549 95533
95550 95553
95530 95549
95543 95537
95536 95540
95522 95544
49633 49567
95532 95552
83724 3356
95546 95537
95554 95548
95535 95531
95529 95547
95522 95559
95529 95550
95525 95524
50425 27730
95548 95551
49586 49633
95524 95534
59139 11035
95544 95526
49568 49633
95544 95538
95545 95541
95549 95550
95528 95531
95527 95541
95556 95539
95527 95539
49599 49633
95542 95536
95546 95525
95544 95552
49633 49606
95545 95561
49578 49633
95548 95529
35687 81806
95549 95537
95559 95532
95556 95526
95558 95545
95533 95529
95531 95561
22365 74678
95542 95548
95533 95547
95550 95527
95525 95539
49559 49633
95529 95560
95548 95522
95561 95535
49623 49633
95545 95525
95552 95555
49581 49633
66980 2462
87127 77368
95525 95551
49633 49613
95541 95546
95552 95537
95540 95550
95542 95559
95544 95530
95522 95529
18168 75389
63189 80304
95529 95534
95547 95540
95560 95531
95554 95555
95545 95557
95541 95538
88403 36559
95535 95560
95556 95552
95539 95530
95539 95553
95539 95544
59347 59370
95545 95553
95551 95526
95541 95551
95533 95559
95555 95543
95559 95540
49587 49633
79358 18496
95541 95561
95522 95532
73167 307
