1000000 1000
955935 955923
955924 955911
955921 955912
955948 955925
955922 955926
955927 955912
955945 955912
519638 519694
955921 955937
955934 955937
955935 955911
955925 955941
955909 955934
955937 955947
955944 955945
955921 955946
955927 955944
955942 955911
955913 955934
955939 955915
955930 955927
955910 955923
955936 955930
955911 955930
955942 955932
78355 632653
955943 955928
955917 955916
955947 955941
955938 955922
955913 955946
955939 955944
955934 955921
519641 519694
955915 955923
458520 458461
955944 955922
955935 955931
519637 519694
955939 955936
955915 955946
955918 955936
955948 955915
955916 955913
955933 955946
955926 955923
955917 955920
955934 955911
955938 955946
955948 955933
519684 519694
955912 955925
955928 955937
955910 955935
519683 519694
955919 955937
955926 955942
519694 519682
955943 955937
458520 458466
955940 955922
955911 955932
458520 458468
519694 519589
955910 955947
458520 458517
955919 955915
955944 955917
519694 519656
955913 955925
458492 458520
955933 955947
519694 519649
955934 955925
955909 955941
955944 955910
955925 955922
519694 519675
955944 955934
955933 955940
955942 955925
955919 955922
458520 458494
955932 955927
955924 955910
955913 955945
955942 955948
519694 519693
955934 955936
955923 955942
955940 955915
955935 955928
955916 955929
955916 955922
955937 955917
955914 955944
519602 519694
955922 955937
955940 955930
955915 955941
955910 955942
248972 343580
955935 955917
955942 955920
955914 955941
955912 955940
955942 955914
955929 955932
519664 519694
955909 955911
955946 955948
955924 955923
955944 955919
955945 955918
955913 955915
458520 458480
955948 955947
955933 955923
955912 955937
458456 458520
955911 955917
955933 955914
955912 955941
955940 955916
955922 955921
955934 955912
955918 955943
519694 519604
955918 955924
955924 955944
955948 955929
955932 955926
519694 519673
955917 955947
955918 955928
955924 955914
955922 955909
519652 519694
955919 955910
955909 955926
955927 955933
955927 955939
955942 955917
955931 955912
650333 698795
955919 955926
458520 458491
955914 955935
955935 955933
955942 955915
955937 955948
458509 458520
955939 955923
519694 519621
955948 955916
955942 955935
955932 955918
955946 955928
458520 458457
519694 519668
955933 955934
955942 955945
955920 955937
442257 957938
955912 955946
955926 955918
955945 955943
955909 955923
955921 955932
519694 519687
955931 955944
79327 613101
955935 955922
955935 955939
955910 955932
955917 955945
955929 955928
955924 955919
955941 955920
519694 519590
458520 458481
955927 955921
955925 955911
519694 519631
955917 955948
955948 955926
955928 955910
955923 955931
955918 955946
955910 955926
955944 955941
955935 955936
955942 955938
955911 955940
955909 955913
955939 955930
955948 955914
955931 955914
458520 458497
955933 955916
955928 955909
955919 955932
955922 955946
519681 519694
519617 519694
519694 519616
955918 955909
519625 519694
955930 955922
955920 955935
955931 955920
519647 519694
955924 955941
955938 955923
955931 955934
955945 955924
955909 955940
955915 955921
955925 955910
955911 955927
955924 955912
955936 955914
955933 955920
955948 955936
955919 955935
955912 955922
942863 498234
519671 519694
955945 955926
955945 955921
955936 955938
955917 955922
403891 673445
955943 955919
899819 859989
955923 955937
955944 955911
955924 955947
955937 955935
955938 955940
955947 955912
580491 122299
519694 519601
955916 955941
955930 955915
955923 955916
955917 955914
955919 955933
955915 955920
955929 955936
955909 955915
955922 955928
955946 955911
955932 955923
955914 955947
955934 955935
955919 955934
955913 955917
519669 519694
519694 519644
955929 955917
955930 955909
955932 955943
955921 955935
955935 955930
955945 955915
519694 519659
670457 67348
955923 955913
955929 955926
955928 955931
458469 458520
955931 955943
955927 955926
955912 955913
955931 955933
955928 955920
458520 458471
955943 955942
955943 955941
955940 955913
458520 458502
955928 955926
955921 955944
955912 955936
955931 955947
458520 458506
955943 955916
955914 955930
955919 955942
458510 458520
955923 955917
955923 955948
955934 955923
955923 955945
955929 955918
354296 581457
955938 955910
955947 955911
955925 955916
955939 955925
955929 955943
955913 955924
955935 955925
458520 458486
955923 955914
955912 955914
955944 955930
519645 519694
955931 955915
955921 955909
519694 519640
519685 519694
955915 955929
955932 955915
955919 955928
955934 955929
955948 955919
955941 955938
276935 504384
955931 955932
955945 955947
955910 955946
955913 955941
955927 955945
955926 955911
955947 955942
519694 519594
955919 955912
955936 955913
955921 955920
955925 955927
955912 955944
955944 955942
955930 955933
955943 955922
519651 519694
955925 955924
955937 955913
955930 955929
458516 458520
519595 519694
519648 519694
955943 955923
955913 955933
955927 955942
955940 955925
955928 955942
955920 955911
955939 955913
458498 458520
955932 955925
723995 715858
955942 955909
955920 955945
955913 955922
955912 955939
955932 955941
955909 955924
955920 955925
955922 955929
955918 955923
955937 955930
519694 519592
458520 458513
955916 955919
955918 955912
955922 955923
955918 955925
519694 519689
519694 519688
519694 519663
955923 955912
458519 458520
458487 458520
955930 955934
955941 955936
955930 955938
955934 955943
955924 955948
955921 955943
955917 955910
955922 955914
458514 458520
955935 955924
519619 519694
955943 955909
519633 519694
955925 955947
955917 955941
955943 955911
955931 955922
955946 955936
955930 955920
955942 955924
519591 519694
458459 458520
955936 955925
955918 955934
955937 955911
955911 955933
748765 672163
955946 955925
519694 519597
955931 955924
519623 519694
955946 955934
955912 955943
519678 519694
519613 519694
955938 955909
519694 519674
955929 955945
955919 955936
955929 955937
955935 955948
458520 458499
955924 955927
955930 955943
955947 955935
955934 955926
955929 955944
955911 955945
955931 955942
955925 955919
955934 955915
955911 955914
955927 955915
955930 955913
955919 955911
458520 458484
955945 955909
955939 955910
955916 955910
955915 955935
955929 955931
612412 662647
955914 955940
519626 519694
955919 955923
955945 955922
458520 458489
644583 898735
955929 955927
955923 955925
955926 955915
458478 458520
955915 955928
955910 955943
955947 955943
955932 955914
955927 955936
955947 955920
955932 955938
955936 955932
632017 402936
955921 955942
955916 955914
955933 955910
519586 519694
955944 955915
955945 955916
955930 955932
955910 955920
955910 955945
955946 955943
458503 458520
955926 955930
802425 329798
458520 458483
519694 519658
955947 955915
955921 955939
519694 519657
955945 955938
955939 955917
955919 955917
955936 955942
955910 955912
955935 955912
955938 955916
955926 955939
955910 955940
955929 955914
955930 955941
955911 955910
955909 955925
955944 955943
955943 955948
955943 955920
955925 955937
955930 955947
955927 955917
519694 519609
955941 955910
955940 955921
955912 955915
519692 519694
955941 955931
955932 955946
955929 955940
955946 955917
955934 955939
955924 955937
955928 955917
837642 89592
955947 955921
197541 337814
955924 955917
955948 955909
955918 955941
955929 955933
519694 519608
955927 955940
955925 955929
955938 955924
955926 955921
955920 955938
955946 955930
955913 955920
955939 955920
955911 955938
955910 955913
955930 955918
955915 955933
519606 519694
955940 955928
955941 955934
955933 955936
955933 955939
955940 955947
955922 955920
519618 519694
955941 955923
458511 458520
519646 519694
955919 955941
73315 894535
955911 955939
955913 955914
955918 955939
955918 955937
955944 955909
519694 519660
955933 955909
955914 955925
955926 955938
519694 519627
955919 955927
955941 955937
955929 955942
519691 519694
955928 955916
955921 955929
955942 955922
458520 458470
458520 458467
955944 955923
955941 955926
955924 955929
955934 955948
955912 955928
458508 458520
955927 955928
955927 955935
955926 955935
955939 955909
955942 955934
955920 955909
955945 955914
628804 305395
955924 955928
955919 955921
458520 458488
955921 955917
45204 479791
955929 955947
458476 458520
458458 458520
955937 955939
955920 955948
955942 955918
955945 955928
955925 955933
955940 955939
955944 955937
458477 458520
955938 955915
955931 955936
955939 955916
955922 955910
955935 955945
253291 113835
955911 955913
955913 955926
519694 519599
519612 519694
519694 519680
955917 955940
955918 955931
955911 955922
955924 955943
955927 955918
955927 955938
943150 132590
955931 955930
955934 955922
955944 955926
955945 955946
955913 955947
955924 955922
955910 955930
955924 955946
955926 955925
458463 458520
955919 955914
955920 955924
955946 955926
519672 519694
458512 458520
323791 731328
955931 955945
519694 519620
519694 519655
955941 955927
955928 955913
519694 519666
955941 955929
955914 955918
955918 955911
955924 955932
955947 955936
275566 355484
955933 955942
955928 955939
955921 955931
955948 955910
955945 955919
955932 955934
955912 955929
519642 519694
519694 519665
955942 955912
458472 458520
955934 955917
955914 955920
519636 519694
955920 955927
955945 955936
955913 955942
955928 955930
955921 955925
955937 955915
955943 955925
955942 955916
955938 955948
955940 955919
519622 519694
519632 519694
955935 955943
519690 519694
955923 955911
519662 519694
955948 955911
506521 918663
955931 955910
955911 955931
955918 955935
955929 955919
955948 955931
955917 955918
542177 328834
519629 519694
955938 955933
955910 955921
955919 955947
955920 955919
955928 955944
955913 955948
955911 955928
955916 955932
955931 955937
955936 955928
955917 955938
955940 955936
955936 955910
955941 955922
955927 955931
955930 955921
458520 458479
955945 955940
519694 519605
955923 955940
955927 955922
955947 955946
587874 187806
955923 955946
955927 955913
955911 955936
955942 955937
458520 458462
519639 519694
955930 955916
614897 769710
955936 955922
955945 955948
955917 955915
955915 955916
955941 955928
955948 955941
955914 955946
955924 955926
955910 955914
955925 955945
458520 458507
955910 955918
955939 955947
955926 955947
519694 519596
8279 122827
519676 519694
955914 955909
955948 955939
955940 955918
955914 955943
955936 955916
955933 955932
897405 375814
955935 955940
519661 519694
955916 955931
519694 519677
519694 519634
519694 519615
955944 955947
878747 930767
955923 955921
955921 955928
458520 458455
519610 519694
955921 955924
955938 955921
955923 955936
955946 955916
955946 955935
955940 955944
955922 955939
955945 955941
955946 955944
955915 955943
955909 955927
955922 955915
955921 955918
955914 955934
955911 955929
955924 955916
955943 955927
955910 955915
955938 955944
955929 955920
955913 955929
955941 955911
955938 955943
955918 955916
955934 955924
521898 600808
955915 955914
458520 458493
955918 955933
955927 955916
519694 519643
955936 955944
955939 955932
458475 458520
955924 955915
955945 955939
955934 955945
955944 955920
955932 955937
955926 955933
458520 458495
458520 458490
955919 955938
955945 955937
955941 955933
955929 955938
519694 519650
955920 955912
955943 955940
519694 519598
955948 955930
955921 955948
955921 955914
955923 955920
955940 955931
955909 955936
955917 955932
519694 519628
955928 955923
955946 955939
955915 955911
955931 955919
955914 955927
955946 955937
955919 955913
955918 955919
955938 955918
955945 955930
955941 955940
955940 955924
955909 955917
955929 955939
955932 955947
955912 955930
955913 955921
955921 955941
955932 955920
955932 955913
955944 955948
458485 458520
955933 955944
955938 955947
955928 955947
955936 955921
458520 458500
955933 955937
955909 955937
162149 634574
672585 597459
519603 519694
955933 955921
955944 955935
955909 955912
955946 955931
955914 955939
955909 955932
955936 955943
955916 955944
955934 955938
955930 955925
955934 955928
955940 955948
955909 955947
955913 955944
955940 955920
955912 955917
955941 955946
519694 519679
955943 955933
955941 955939
955930 955919
955912 955948
955948 955927
955918 955913
955909 955929
955942 955940
955940 955946
955926 955920
955934 955940
955926 955916
955925 955915
519667 519694
955947 955934
458482 458520
955917 955925
955922 955932
955912 955916
955918 955944
519694 519686
634006 457212
955935 955913
955910 955909
955922 955933
955938 955931
519694 519654
955937 955910
955925 955938
955930 955923
955927 955910
955932 955935
519694 519593
458520 458501
955914 955938
955938 955937
955925 955944
519630 519694
458520 458464
519694 519653
955933 955917
955918 955920
955947 955927
955926 955937
955916 955911
519694 519635
955917 955930
955910 955934
955917 955943
955947 955923
955910 955929
519694 519611
955945 955933
955936 955926
955942 955946
577316 409182
955915 955936
955939 955938
955936 955920
955940 955937
955936 955917
955930 955924
955923 955927
955909 955931
458520 458504
955919 955939
778089 55928
955933 955924
955935 955941
955922 955918
955916 955934
955909 955946
955916 955937
955911 955912
458520 458465
955938 955935
519587 519694
955921 955911
964652 268793
955913 955931
458520 458505
955931 955925
955932 955928
955936 955937
955918 955915
955914 955928
955943 955926
955914 955926
519694 519600
955923 955929
955933 955912
955939 955931
519694 519607
955932 955948
458515 458520
955916 955935
458473 458520
955924 955936
955919 955946
955913 955943
955945 955932
955916 955920
955948 955918
458520 458460
955929 955935
955934 955920
955914 955937
955926 955912
458520 458496
955947 955916
955909 955935
955922 955948
519624 519694
955912 955932
955939 955942
458520 458518
449499 37586
786081 704612
955938 955912
519694 519614
955933 955928
955939 955924
955927 955937
955946 955929
955931 955917
955916 955909
568904 420167
754947 543401
955916 955921
955927 955934
955947 955918
955942 955941
955932 955944
955928 955925
458474 458520
955922 955947
955939 955943
955917 955926
955940 955926
955926 955931
519694 519670
955940 955932
955938 955913
955928 955938
955920 955946
955942 955930
955946 955927
519694 519588
941155 430849
955948 955928
955919 955909
30351 3694
