500 200
386 334
386 333
386 364
293 238
365 229
340 386
390 384
355 386
439 480
392 267
478 474
386 329
111 309
477 478
194 176
386 353
194 193
488 297
211 398
55 449
376 386
156 346
170 194
172 194
171 194
230 23
335 386
181 194
342 386
270 251
194 182
194 185
474 477
357 386
327 164
303 150
69 349
10 352
386 354
478 263
167 194
173 194
386 374
386 369
68 254
362 386
234 388
58 421
386 380
380 406
476 478
454 124
64 284
386 383
477 476
187 45
325 386
475 478
476 475
194 154
186 194
194 150
156 194
273 280
187 194
324 221
164 349
80 66
372 386
254 67
194 175
373 353
365 386
386 352
326 386
385 386
363 386
494 447
487 254
152 194
476 474
194 161
177 194
162 194
172 310
475 474
336 386
386 343
348 386
350 386
194 155
381 386
210 467
351 386
386 356
194 184
322 386
320 386
194 158
10 438
194 190
45 396
194 192
331 397
77 61
386 347
188 194
194 164
379 386
386 328
386 359
449 37
39 459
282 439
378 386
165 194
6 4
240 166
361 300
324 142
194 159
386 345
321 386
358 386
386 338
106 239
377 386
323 415
157 194
169 6
39 445
116 20
435 418
386 324
386 367
386 332
94 483
386 368
17 85
194 153
341 386
194 178
284 355
386 373
194 179
330 386
174 194
319 309
194 183
384 386
160 194
189 194
374 469
339 386
370 386
360 386
386 323
200 254
212 144
382 386
400 295
205 39
386 331
228 111
54 8
168 194
337 386
477 475
275 58
163 194
375 386
24 499
386 361
185 317
194 149
319 386
27 471
194 169
151 194
289 280
166 194
395 80
43 298
386 349
194 191
386 327
303 392
346 386
188 266
386 366
107 271
239 109
371 386
356 466
148 194
317 440
344 386
269 182
194 180
172 151
