700 1000
640 654
372 300
324 372
643 645
639 645
328 372
536 343
188 372
656 638
651 656
308 592
660 642
652 252
656 655
661 664
665 638
663 644
312 485
360 442
405 442
644 649
598 271
647 655
372 305
661 649
623 6
645 662
442 413
660 659
639 657
365 372
663 656
653 638
190 372
395 442
401 50
663 639
648 654
187 372
658 653
442 410
635 655
412 442
347 572
665 650
640 645
633 477
308 372
665 655
651 653
221 372
326 372
645 656
595 279
372 220
636 656
643 661
372 219
662 654
585 61
639 659
306 372
143 65
157 530
372 289
151 372
392 442
626 660
372 203
372 355
548 118
652 651
372 197
642 653
372 257
286 372
639 644
372 214
651 663
659 650
642 661
636 641
121 376
651 644
272 372
442 364
660 662
226 372
651 655
640 661
476 405
645 654
442 424
442 418
563 586
386 442
165 372
639 656
647 659
442 406
372 284
18 442
546 537
637 661
442 384
340 372
688 384
651 646
208 372
699 237
692 667
643 640
636 663
664 635
372 347
284 92
690 679
652 640
372 338
466 44
434 293
442 377
341 372
442 434
638 641
372 335
662 635
372 167
643 635
641 663
649 647
643 651
213 372
635 636
647 635
442 370
244 584
372 200
372 269
347 248
652 644
658 644
605 673
332 372
372 232
645 636
560 116
379 442
650 654
407 442
655 657
142 347
640 658
177 482
611 456
661 652
651 635
645 665
49 72
211 355
653 650
659 664
637 656
33 390
372 344
645 635
664 660
245 372
651 638
237 223
648 663
74 10
654 639
658 652
278 372
628 671
648 645
636 643
660 637
372 158
94 425
646 638
301 372
183 372
637 635
646 644
274 372
640 650
665 635
273 372
663 658
655 652
661 655
311 538
685 238
658 647
442 389
442 375
127 296
442 428
248 693
636 651
639 665
372 218
174 372
173 687
500 241
179 372
649 639
654 637
650 637
372 195
641 660
640 657
653 648
664 641
521 256
442 393
272 657
302 482
325 683
442 380
637 652
654 656
654 636
324 567
154 372
212 372
664 643
638 664
657 653
591 483
195 30
636 662
372 235
656 640
314 372
643 642
652 656
659 655
345 372
12 630
348 165
442 435
588 399
442 419
442 367
636 652
392 674
655 646
372 240
647 639
315 372
640 651
388 600
654 651
636 653
372 348
211 372
372 193
592 506
674 249
662 649
654 638
647 654
409 563
595 204
2 372
353 372
648 643
645 650
66 273
662 648
646 643
317 372
652 648
647 637
354 68
659 662
662 658
363 372
223 136
643 647
663 638
372 337
650 649
329 140
442 437
564 374
661 636
183 145
489 530
643 641
653 640
640 664
648 635
244 24
281 372
372 316
421 442
658 642
646 662
372 354
642 654
151 103
370 372
318 372
647 663
194 268
442 400
244 372
189 543
222 270
399 442
442 401
647 636
646 653
639 637
660 655
290 21
648 651
664 663
372 288
363 442
644 664
302 372
661 660
161 317
372 322
361 442
637 640
642 646
343 372
663 659
647 652
662 639
199 372
644 641
691 361
649 646
372 150
372 161
196 372
662 640
360 372
644 661
659 642
645 661
296 372
442 362
357 129
651 642
327 235
372 258
664 637
352 372
339 565
660 649
372 246
644 637
639 648
642 635
647 656
160 372
147 588
415 442
372 321
642 639
635 644
372 223
243 223
372 207
325 372
153 372
111 126
653 647
653 660
647 657
662 651
644 642
638 662
267 372
369 442
372 148
641 654
372 176
372 259
185 372
644 643
609 602
313 372
639 650
665 653
637 649
661 641
159 372
571 49
642 655
635 653
309 597
372 307
372 233
642 665
162 423
650 641
178 372
665 651
342 372
507 215
372 172
372 255
512 213
664 646
655 636
656 646
655 653
129 486
646 641
647 662
654 653
643 653
646 663
314 569
661 648
644 636
402 449
372 292
397 442
372 359
372 295
357 101
372 261
372 282
372 266
402 453
646 650
229 372
384 411
180 372
642 636
664 639
247 116
372 231
644 648
640 644
691 396
88 518
442 398
285 372
662 661
376 442
655 644
638 639
649 657
655 649
413 25
638 661
372 367
341 279
372 155
409 442
439 442
651 647
270 372
372 287
660 665
547 136
643 649
654 23
96 216
490 204
442 411
638 658
204 372
655 664
643 588
582 477
661 653
372 264
372 336
432 442
658 643
283 372
442 374
647 660
263 404
372 247
660 663
663 661
662 637
642 656
649 648
540 500
372 169
283 537
638 659
372 319
380 225
660 648
665 649
659 646
631 694
651 658
656 641
527 505
11 189
639 640
673 16
491 645
372 263
635 660
652 646
620 168
644 659
642 648
641 657
645 638
657 637
647 665
372 350
658 637
310 372
377 264
635 649
402 442
673 167
645 659
660 651
650 655
658 650
659 658
641 637
372 175
640 660
146 372
194 372
636 660
282 4
372 311
346 372
658 635
656 635
372 260
205 372
252 372
371 372
657 643
372 181
646 636
654 660
661 646
372 225
423 442
638 648
661 639
147 68
294 62
663 640
660 643
648 641
652 654
372 329
140 661
647 644
654 644
643 654
372 256
661 651
243 372
387 442
22 675
647 641
640 636
467 114
679 481
2 165
648 647
243 83
442 49
658 654
640 638
661 635
664 645
642 652
656 659
654 663
85 372
442 404
648 655
433 442
559 271
664 652
554 11
372 291
401 355
164 372
372 171
217 372
594 618
650 635
372 298
641 662
635 646
644 657
14 115
647 650
653 639
663 643
665 662
365 442
639 643
372 276
641 665
645 642
52 351
372 368
643 637
665 643
212 521
147 372
273 23
648 664
372 177
202 372
660 644
372 357
372 209
646 660
367 542
294 372
651 641
655 654
21 280
661 650
658 645
650 638
290 372
664 636
649 653
330 372
372 191
463 208
341 695
316 69
533 583
368 442
372 186
637 646
653 664
450 363
649 645
644 638
442 403
662 642
436 442
656 658
636 659
178 316
184 372
662 652
372 224
299 372
372 206
535 316
155 158
372 277
536 305
654 635
636 648
651 649
686 469
483 23
182 372
657 650
271 372
637 638
639 636
663 645
372 366
372 303
427 442
656 648
655 645
578 593
659 653
279 656
639 660
650 644
649 638
91 226
657 664
430 167
640 659
639 646
664 665
16 375
640 665
356 372
309 372
654 661
51 76
189 372
425 442
230 372
639 655
663 665
442 390
389 462
645 660
659 661
442 388
645 641
372 265
664 642
140 621
268 372
658 657
645 644
372 162
1 148
400 214
372 239
657 659
635 659
385 442
431 442
649 652
25 94
659 652
634 205
426 442
215 372
677 185
173 579
663 662
372 236
642 638
638 647
562 42
170 372
638 643
657 638
655 640
442 440
652 665
663 657
639 658
664 658
665 661
408 442
372 248
394 442
640 635
378 442
372 304
420 442
662 644
317 266
663 655
637 648
358 372
312 372
655 662
414 442
653 641
372 227
442 366
401 120
652 635
422 527
192 372
653 663
658 649
77 246
396 442
664 656
651 664
637 663
656 649
643 652
513 121
325 116
657 636
654 664
650 660
657 646
198 372
372 323
662 657
163 372
648 650
639 641
372 369
642 637
648 659
372 254
522 639
181 549
647 640
656 665
292 667
650 636
442 372
654 665
349 372
635 638
657 635
647 664
660 657
641 659
400 241
658 646
651 650
372 331
372 351
638 660
651 637
612 359
664 662
101 400
663 650
656 657
646 647
638 655
153 132
650 656
254 400
207 15
228 532
372 166
638 652
652 663
372 238
665 648
442 383
251 372
653 662
438 442
657 651
642 649
645 653
660 658
373 262
364 372
659 637
320 667
665 658
216 372
662 650
660 656
649 636
501 345
645 647
348 530
372 249
661 657
665 657
645 637
651 659
422 442
396 617
372 210
653 652
95 333
526 497
639 651
320 372
663 635
222 372
40 223
372 361
372 237
639 652
648 657
201 372
280 372
642 657
649 640
273 565
654 649
210 161
132 168
382 442
654 657
663 642
183 330
55 167
559 200
529 631
639 635
646 645
643 656
372 293
278 186
588 515
279 372
685 609
642 641
275 372
170 436
650 664
655 643
665 659
31 125
667 402
658 655
637 655
654 659
571 542
649 641
646 640
250 372
388 138
658 636
2 167
652 641
660 652
635 641
429 442
262 372
601 431
456 290
60 65
652 657
156 372
372 297
256 20
442 359
612 139
650 642
651 645
656 653
442 391
373 442
643 662
371 442
164 493
640 648
372 334
658 648
372 168
652 650
149 372
442 430
493 69
655 641
636 665
484 363
649 664
442 416
636 638
50 94
646 654
637 653
381 442
372 327
125 448
442 441
372 253
640 642
490 178
372 333
656 661
152 372
1 344
372 234
339 372
173 372
652 645
658 641
644 656
665 646
614 515
372 241
32 651
228 372
442 417
644 653
637 636
658 661
663 649
642 647
71 535
641 640
662 656
594 499
659 643
643 650
540 211
659 649
362 372
657 645
665 637
647 661
644 665
157 372
37 33
646 648
242 372
522 0
