1000 2770
214 231
192 228
217 223
240 245
467 468
200 224
832 833
843 844
198 224
198 236
206 208
192 220
208 234
198 230
626 627
209 224
233 235
524 525
191 230
244 245
254 255
529 530
677 678
207 209
206 227
217 226
191 209
212 219
90 91
155 156
235 240
214 221
201 235
187 208
230 245
232 239
696 697
886 887
641 642
285 286
663 664
191 244
181 182
67 68
193 203
746 747
224 244
191 217
215 227
386 387
341 342
226 243
291 292
222 236
900 901
187 223
205 234
195 211
227 233
186 191
192 195
442 443
192 238
187 236
190 218
209 218
793 794
517 518
294 295
189 197
931 932
192 225
231 240
188 214
200 215
471 472
427 428
312 313
201 218
192 207
889 890
220 243
959 960
226 232
205 232
123 124
193 233
195 232
224 229
520 521
210 226
190 244
189 193
209 227
189 215
225 238
202 231
371 372
577 578
729 730
190 220
196 213
667 668
225 228
188 244
205 215
219 230
196 216
214 217
217 219
189 194
198 206
350 351
211 217
222 239
203 230
210 238
221 232
193 213
222 246
720 721
636 637
190 230
198 244
224 233
609 610
481 482
345 346
198 220
205 243
697 698
221 231
257 258
205 242
193 245
195 209
643 644
188 190
203 238
200 240
201 243
192 193
214 225
448 449
338 339
215 229
222 223
203 240
239 243
193 199
573 574
212 233
193 208
190 194
659 660
605 606
230 235
207 226
209 223
203 236
214 243
208 239
206 233
404 405
200 236
212 231
306 307
172 173
212 238
216 219
200 244
228 243
192 196
214 227
709 710
199 225
113 114
195 233
222 233
665 666
203 211
203 225
342 343
208 228
217 225
891 892
227 234
241 243
217 240
209 236
46 47
200 212
212 243
212 234
774 775
478 479
211 237
213 220
883 884
872 873
207 244
195 216
846 847
553 554
190 208
232 243
196 237
229 238
200 219
598 599
248 249
211 227
214 246
197 236
201 217
736 737
202 244
206 238
218 229
202 230
240 242
222 245
459 460
203 217
232 242
205 246
197 220
238 244
230 238
735 736
193 195
232 233
888 889
190 203
223 241
232 234
210 229
192 214
965 966
52 53
679 680
198 221
216 245
212 222
206 217
215 224
269 270
687 688
194 238
764 765
191 194
429 430
631 632
656 657
200 233
216 234
189 227
200 225
221 233
502 503
199 220
205 238
927 928
378 379
238 242
238 245
622 623
190 197
192 222
289 290
209 235
219 222
5 6
581 582
788 789
968 969
210 232
195 222
205 222
775 776
190 227
535 536
225 236
193 218
186 220
189 221
223 239
196 218
190 219
853 854
639 640
237 238
210 214
435 436
194 206
933 934
755 756
209 230
578 579
193 225
194 244
218 246
216 239
202 225
683 684
189 204
906 907
686 687
187 197
235 237
313 314
214 223
193 236
199 205
188 230
199 233
222 243
186 211
210 234
186 223
228 230
196 239
966 967
193 243
221 227
783 784
546 547
759 760
188 215
508 509
23 24
71 72
205 236
206 231
223 227
964 965
475 476
203 218
200 220
198 226
521 522
232 245
591 592
644 645
851 852
303 304
197 218
202 241
230 236
194 196
210 245
190 193
580 581
233 243
302 303
589 590
676 677
194 234
196 234
238 239
228 238
186 233
233 241
51 52
18 19
208 217
229 242
271 272
203 231
317 318
197 201
217 232
223 228
215 220
222 244
204 221
188 206
440 441
202 203
594 595
206 228
231 232
842 843
784 785
205 211
186 221
186 234
246 247
673 674
197 224
4 5
195 236
206 234
204 205
233 239
819 820
222 228
191 204
916 917
193 242
227 228
210 246
223 238
89 90
214 240
840 841
189 199
638 639
192 216
231 241
180 181
208 209
532 533
201 245
189 244
236 246
189 196
188 216
210 218
717 718
200 203
199 226
226 227
249 250
360 361
189 228
219 239
597 598
196 204
923 924
425 426
203 222
187 241
203 207
217 238
903 904
139 140
201 231
190 236
204 236
195 220
169 170
454 455
887 888
606 607
186 212
833 834
203 213
201 204
231 237
191 205
209 219
724 725
195 234
202 213
193 241
212 239
12 13
409 410
226 236
213 225
612 613
193 216
848 849
196 223
211 240
199 229
915 916
206 241
212 241
346 347
225 227
218 240
387 388
196 203
688 689
961 962
218 232
202 211
195 215
188 193
733 734
193 194
314 315
188 225
9 10
309 310
178 179
225 242
420 421
632 633
215 241
671 672
270 271
229 244
543 544
203 224
226 233
228 241
228 245
657 658
66 67
93 94
205 240
215 243
828 829
187 232
207 246
822 823
214 222
678 679
197 240
837 838
196 244
217 233
186 244
451 452
198 235
216 225
44 45
215 225
231 246
236 242
199 232
231 234
208 222
206 239
265 266
873 874
393 394
187 211
193 224
797 798
224 243
192 198
209 212
235 244
213 219
84 85
856 857
218 237
212 214
197 229
484 485
394 395
218 222
231 245
993 994
344 345
997 998
542 543
219 240
188 201
955 956
199 204
193 231
192 223
199 212
550 551
758 759
201 229
928 929
196 198
207 227
969 970
207 216
80 81
196 238
175 176
413 414
192 199
380 381
419 420
980 981
216 243
183 184
226 235
206 221
196 209
198 203
278 279
205 210
725 726
210 236
192 194
221 222
195 202
202 242
194 243
190 243
815 816
31 32
685 686
191 195
188 189
235 246
191 219
192 206
229 236
198 242
829 830
215 221
202 218
194 232
211 218
242 244
992 993
206 215
197 199
855 856
196 228
195 214
200 243
193 246
186 206
192 241
325 326
661 662
204 241
188 219
868 869
198 225
191 211
214 228
191 196
0 1
207 221
187 218
227 243
188 196
146 147
237 244
214 232
188 235
204 227
11 12
498 499
615 616
207 228
198 237
120 121
189 205
191 206
486 487
227 231
194 241
841 842
192 210
189 212
572 573
444 445
200 213
202 205
196 206
538 539
226 241
201 240
13 14
217 236
620 621
421 422
372 373
890 891
202 237
201 228
198 241
111 112
751 752
716 717
245 246
224 242
201 210
191 228
225 245
228 237
212 232
210 239
706 707
824 825
229 243
187 221
191 238
201 216
200 231
339 340
194 224
222 242
192 197
798 799
220 231
541 542
220 240
208 246
189 191
952 953
551 552
198 208
416 417
220 236
761 762
766 767
990 991
201 222
191 220
216 241
361 362
602 603
200 230
537 538
212 246
202 227
250 251
205 221
188 202
198 213
218 244
187 204
220 224
202 228
196 241
373 374
227 229
225 241
196 224
212 228
223 240
186 187
225 235
228 244
197 217
630 631
229 234
192 200
316 317
187 230
229 239
138 139
431 432
198 199
941 942
216 224
206 225
76 77
972 973
363 364
818 819
192 213
229 232
199 200
6 7
192 204
414 415
232 241
191 201
523 524
225 233
188 210
151 152
267 268
343 344
156 157
699 700
189 202
226 242
207 236
206 245
228 246
547 548
695 696
189 246
423 424
219 242
208 229
896 897
772 773
218 221
201 213
206 209
629 630
204 219
192 233
216 218
224 231
208 210
220 244
861 862
514 515
213 215
469 470
722 723
207 219
660 661
195 223
214 230
191 200
557 558
143 144
206 242
70 71
221 246
193 220
308 309
194 209
282 283
234 246
201 220
193 196
200 202
721 722
219 235
96 97
283 284
290 291
197 226
197 205
235 239
195 217
623 624
198 238
78 79
198 216
324 325
586 587
215 231
187 201
463 464
226 237
684 685
531 532
231 243
195 203
226 231
200 208
195 228
205 226
978 979
203 204
218 228
326 327
219 229
522 523
220 235
742 743
190 195
584 585
187 200
197 246
806 807
205 235
187 210
599 600
198 200
368 369
208 219
327 328
400 401
82 83
186 207
187 209
193 206
337 338
231 242
252 253
497 498
253 254
321 322
281 282
77 78
188 204
690 691
121 122
195 237
227 238
207 208
188 233
210 222
223 237
203 216
192 215
196 240
681 682
233 245
223 234
234 239
637 638
137 138
213 239
194 246
943 944
207 243
186 190
196 201
186 246
369 370
790 791
221 224
190 201
655 656
213 242
203 244
207 240
239 246
22 23
39 40
333 334
200 216
196 207
214 219
239 244
208 231
193 214
217 237
212 213
950 951
957 958
203 215
234 237
236 244
199 236
88 89
182 183
220 233
892 893
227 230
209 214
205 225
836 837
203 209
203 208
192 236
194 240
191 203
284 285
220 242
103 104
194 205
210 223
197 230
41 42
202 222
215 240
527 528
210 224
488 489
195 242
205 227
188 192
230 231
812 813
590 591
483 484
215 226
194 236
204 212
210 219
625 626
189 219
193 234
199 240
202 229
202 223
186 204
199 241
214 224
226 239
200 209
224 226
834 835
545 546
930 931
47 48
189 195
186 226
202 215
197 203
195 200
168 169
186 203
187 216
213 223
193 227
839 840
208 230
214 229
199 210
185 186
202 234
186 215
222 226
662 663
195 244
503 504
218 231
189 214
215 236
946 947
811 812
224 241
186 239
189 190
226 245
191 199
201 236
985 986
197 235
204 207
216 237
186 243
191 193
355 356
204 246
194 230
196 233
767 768
485 486
214 242
211 239
698 699
196 210
748 749
227 246
186 196
196 242
35 36
192 239
75 76
237 245
912 913
210 243
209 217
125 126
221 236
439 440
814 815
412 413
367 368
208 221
202 226
197 225
63 64
109 110
189 220
215 233
558 559
211 236
204 215
187 215
99 100
195 246
221 237
392 393
216 233
55 56
208 233
190 231
976 977
236 243
987 988
739 740
225 230
208 227
867 868
220 232
207 211
201 224
213 238
261 262
217 229
201 212
211 220
187 245
188 221
223 230
734 735
19 20
193 215
192 221
187 195
225 244
199 228
206 210
187 220
530 531
417 418
225 226
203 229
217 235
235 242
780 781
944 945
200 223
204 237
715 716
188 199
234 243
196 235
212 235
224 245
200 217
299 300
273 274
204 234
592 593
224 225
198 209
189 203
222 232
204 243
227 235
214 239
189 210
585 586
209 215
203 245
201 219
203 239
194 210
189 235
199 230
866 867
211 232
198 205
220 222
206 212
193 219
218 226
233 242
201 244
229 240
200 235
188 228
187 246
237 246
187 226
204 210
422 423
192 212
198 214
7 8
87 88
813 814
232 236
191 207
227 242
219 225
496 497
224 236
207 212
192 244
203 212
186 214
187 244
225 232
205 208
910 911
187 233
922 923
188 232
191 223
213 216
296 297
596 597
190 246
939 940
188 237
219 220
897 898
211 231
220 221
225 234
894 895
494 495
207 237
189 226
196 208
212 229
232 237
219 221
202 206
501 502
945 946
651 652
197 204
973 974
210 217
549 550
211 219
202 221
193 198
611 612
188 241
331 332
200 204
189 229
194 197
778 779
191 237
206 214
187 199
205 244
447 448
209 243
595 596
227 241
15 16
995 996
405 406
102 103
228 235
69 70
456 457
200 210
191 234
225 231
329 330
727 728
200 245
184 185
200 229
191 226
216 236
189 216
653 654
211 246
224 237
210 213
188 198
230 241
800 801
397 398
209 221
1 2
222 240
200 207
217 243
204 242
787 788
189 239
79 80
189 232
209 226
921 922
506 507
566 567
208 236
336 337
415 416
238 241
224 230
242 245
202 209
272 273
239 240
212 230
237 239
379 380
204 244
214 241
228 239
707 708
769 770
211 235
228 229
122 123
201 223
192 232
199 239
672 673
627 628
191 221
251 252
194 202
187 206
196 214
25 26
646 647
743 744
224 240
466 467
208 232
194 204
275 276
187 188
195 231
195 225
222 225
241 246
61 62
241 244
216 232
166 167
128 129
675 676
953 954
189 208
208 240
189 198
233 246
212 227
236 240
191 215
98 99
219 245
131 132
193 217
226 234
186 189
177 178
645 646
225 239
194 217
59 60
881 882
917 918
108 109
217 245
712 713
210 230
704 705
208 211
204 245
186 242
167 168
190 237
186 192
208 237
222 238
189 234
962 963
200 242
381 382
211 243
567 568
234 244
187 192
211 242
210 242
188 217
204 239
555 556
375 376
193 222
263 264
186 229
852 853
213 237
206 229
228 240
728 729
197 207
493 494
984 985
205 231
436 437
351 352
229 237
203 237
56 57
223 246
189 192
213 228
202 219
750 751
193 211
215 230
464 465
618 619
208 215
186 194
202 217
200 228
211 238
201 226
202 216
619 620
208 213
198 227
215 235
192 229
192 205
202 235
187 224
202 208
186 199
809 810
201 242
222 237
187 234
213 244
457 458
600 601
204 208
188 246
693 694
203 241
640 641
193 221
221 228
207 245
191 213
119 120
186 202
223 232
186 195
604 605
937 938
408 409
536 537
196 243
569 570
794 795
206 240
198 239
194 229
240 244
204 225
186 200
204 209
135 136
869 870
219 234
446 447
192 218
713 714
222 230
216 221
198 202
206 213
189 238
196 231
201 225
340 341
300 301
199 202
908 909
197 216
243 246
918 919
745 746
191 242
874 875
215 232
209 239
205 233
230 239
230 240
970 971
217 244
628 629
227 245
208 243
229 235
876 877
198 222
189 213
201 232
194 235
208 245
208 214
232 240
203 205
198 240
221 243
215 245
205 214
186 210
951 952
388 389
219 238
229 245
403 404
544 545
218 238
470 471
193 232
220 229
194 228
194 225
391 392
204 216
190 239
205 237
186 224
85 86
826 827
200 246
703 704
199 244
186 208
201 205
207 215
801 802
492 493
191 197
214 215
228 236
194 223
187 229
453 454
204 228
230 234
220 234
559 560
190 223
213 231
203 210
714 715
124 125
233 238
209 244
548 549
209 220
193 197
209 233
186 230
200 227
194 233
563 564
213 217
196 232
190 192
212 218
193 223
219 243
209 237
197 219
204 233
216 227
186 218
808 809
222 224
234 242
188 209
203 232
164 165
194 222
204 224
28 29
239 242
189 233
217 230
940 941
192 209
191 245
189 201
190 212
247 248
212 221
218 224
237 243
211 244
196 199
212 244
190 215
232 235
214 216
353 354
203 235
210 233
437 438
197 209
235 236
287 288
195 196
215 217
193 212
201 203
134 135
220 228
221 240
187 225
362 363
208 212
878 879
190 238
194 214
0 999
487 488
243 245
474 475
187 194
231 244
186 231
196 220
218 234
196 227
201 211
850 851
211 212
187 202
821 822
187 189
206 246
411 412
201 208
199 246
216 220
223 229
188 242
465 466
238 246
633 634
206 244
140 141
186 201
747 748
223 243
562 563
222 234
186 245
188 207
191 232
480 481
197 200
215 218
227 244
200 218
658 659
33 34
215 216
219 236
195 221
191 239
499 500
193 201
228 233
214 234
210 237
737 738
191 231
197 233
233 236
210 228
220 238
213 226
220 246
216 229
215 244
207 238
198 219
221 245
702 703
190 245
298 299
206 223
307 308
757 758
64 65
796 797
479 480
190 221
159 160
209 216
949 950
489 490
189 209
194 226
226 229
574 575
197 223
10 11
197 244
500 501
334 335
989 990
207 239
204 235
187 239
205 207
54 55
210 227
357 358
230 243
207 234
205 220
201 234
219 227
86 87
195 235
215 239
540 541
207 232
356 357
186 236
94 95
202 246
197 215
195 230
220 241
202 238
188 239
197 202
223 231
215 222
27 28
162 163
570 571
187 237
971 972
209 210
173 174
243 244
144 145
205 229
593 594
189 237
942 943
240 246
221 226
227 239
210 212
198 243
209 228
200 214
255 256
29 30
224 239
115 116
196 205
438 439
202 239
194 242
106 107
213 227
194 231
220 230
194 208
710 711
426 427
112 113
196 229
225 243
377 378
430 431
198 217
216 246
202 233
211 233
3 4
198 223
849 850
857 858
195 241
209 222
189 206
525 526
452 453
220 225
199 214
190 242
624 625
186 188
188 197
190 200
209 241
189 225
740 741
237 240
211 224
190 210
207 210
982 983
199 206
213 236
214 238
231 235
200 206
215 219
196 197
190 232
204 213
301 302
101 102
217 224
795 796
260 261
214 236
188 213
885 886
216 217
216 231
218 241
193 207
213 235
189 236
198 234
311 312
236 237
212 237
24 25
210 216
187 243
189 211
650 651
208 218
157 158
205 223
647 648
384 385
200 211
213 233
462 463
835 836
954 955
211 213
219 228
708 709
390 391
204 238
601 602
491 492
280 281
206 235
200 234
352 353
197 211
779 780
190 222
221 241
203 206
152 153
230 242
209 225
211 223
193 204
418 419
407 408
217 222
370 371
105 106
187 213
196 211
232 246
882 883
461 462
198 215
434 435
719 720
198 231
220 227
838 839
225 240
234 241
201 206
74 75
194 200
190 205
187 217
200 222
226 238
163 164
204 218
191 225
206 237
207 224
191 198
218 243
186 198
14 15
192 224
190 224
189 231
190 226
204 232
763 764
198 229
204 223
194 203
406 407
192 240
770 771
209 232
211 226
218 219
192 201
21 22
204 240
107 108
188 236
209 211
188 226
202 204
194 218
227 240
216 222
963 964
213 230
207 213
777 778
210 231
228 232
862 863
195 206
199 217
215 237
191 214
198 211
924 925
193 202
911 912
217 234
202 232
223 235
202 245
817 818
26 27
203 243
219 237
60 61
670 671
205 224
188 238
235 243
191 210
195 197
91 92
192 217
232 238
194 212
222 241
230 244
242 243
477 478
213 222
212 215
560 561
34 35
189 243
216 244
820 821
190 216
237 241
95 96
199 235
217 228
224 232
223 225
192 231
204 206
295 296
231 239
203 228
197 239
197 231
170 171
199 243
382 383
192 235
191 192
197 241
268 269
206 224
554 555
186 241
975 976
193 200
804 805
760 761
205 218
199 216
195 227
204 217
226 228
229 231
507 508
202 207
206 218
213 229
193 210
194 198
191 208
230 233
472 473
588 589
587 588
188 220
203 234
200 232
229 241
196 236
30 31
692 693
616 617
186 197
20 21
211 245
741 742
188 194
205 212
231 238
196 246
214 233
214 237
197 208
318 319
490 491
202 220
199 207
323 324
199 245
197 212
196 222
209 242
277 278
190 233
208 241
189 200
196 217
186 235
211 214
642 643
210 220
204 211
197 238
198 210
399 400
991 992
200 239
201 215
199 223
860 861
202 214
197 214
187 196
209 234
186 219
450 451
233 237
680 681
233 234
208 216
668 669
198 201
215 223
218 220
191 233
202 212
200 226
129 130
43 44
215 242
187 228
816 817
193 228
864 865
376 377
219 241
782 783
216 223
190 213
194 219
781 782
220 226
718 719
212 240
209 229
221 234
205 213
207 222
197 245
198 246
197 227
875 876
36 37
197 242
204 231
871 872
564 565
977 978
858 859
221 223
229 246
209 246
191 227
226 230
203 246
960 961
201 214
988 989
234 240
905 906
195 218
235 245
608 609
823 824
188 245
187 207
188 223
354 355
191 243
187 240
188 191
225 246
304 305
224 228
186 227
218 242
190 191
240 241
212 225
226 246
201 207
8 9
232 244
186 213
234 238
205 217
188 205
193 244
191 212
202 240
207 241
293 294
347 348
217 241
233 240
206 220
197 237
197 234
366 367
199 213
212 236
62 63
218 223
204 214
212 220
213 245
395 396
994 995
206 207
187 235
171 172
771 772
239 245
374 375
212 242
200 221
187 193
197 198
191 222
213 232
207 230
97 98
215 246
223 224
241 242
189 230
201 221
831 832
201 239
2 3
895 896
203 242
192 226
576 577
240 243
190 198
208 220
223 233
189 218
228 234
215 234
212 216
190 204
205 241
218 230
192 234
649 650
211 228
38 39
207 217
198 204
224 234
194 237
194 215
208 235
100 101
217 227
207 220
224 227
210 221
149 150
133 134
193 229
320 321
610 611
16 17
196 202
202 224
213 224
603 604
194 201
212 223
195 239
919 920
206 243
825 826
256 257
958 959
187 214
998 999
186 222
198 233
938 939
216 240
189 222
217 218
234 245
83 84
200 205
205 206
654 655
205 230
322 323
188 240
230 246
193 230
219 231
117 118
802 803
201 230
621 622
32 33
213 241
205 209
186 217
227 236
519 520
199 222
504 505
217 246
902 903
648 649
186 193
213 214
195 207
197 210
870 871
199 227
213 218
216 235
776 777
186 225
236 239
188 200
276 277
224 238
229 230
909 910
211 230
614 615
188 218
364 365
583 584
297 298
192 237
218 227
613 614
193 226
233 244
214 244
449 450
225 229
211 234
223 244
189 242
231 233
198 207
195 198
197 213
929 930
194 199
127 128
205 219
118 119
190 196
186 240
42 43
292 293
215 228
191 218
204 222
189 207
223 236
845 846
150 151
193 235
206 236
190 202
505 506
188 234
807 808
319 320
328 329
207 218
196 245
221 229
206 219
199 238
274 275
666 667
194 227
201 238
222 231
552 553
187 231
187 242
197 221
805 806
186 232
936 937
920 921
195 212
210 241
348 349
48 49
786 787
193 240
200 201
186 216
768 769
196 230
145 146
192 245
187 205
220 245
396 397
190 207
579 580
907 908
57 58
410 411
197 232
844 845
239 241
212 224
65 66
986 987
49 50
208 242
211 221
827 828
428 429
264 265
799 800
205 228
383 384
223 245
186 228
187 198
266 267
216 228
188 224
349 350
689 690
512 513
199 221
191 241
847 848
50 51
207 242
45 46
210 244
242 246
913 914
206 230
154 155
208 225
191 235
482 483
195 226
186 238
201 237
223 226
669 670
227 232
208 226
189 240
188 243
509 510
192 227
186 205
194 216
221 225
221 242
205 216
136 137
197 228
932 933
877 878
196 200
199 224
893 894
191 216
209 238
195 201
236 245
219 246
195 229
884 885
192 230
200 238
58 59
199 209
898 899
785 786
236 241
209 245
194 207
147 148
153 154
211 222
194 213
330 331
40 41
730 731
201 209
188 212
899 900
756 757
203 227
209 231
441 442
194 220
967 968
217 242
211 216
207 233
229 233
132 133
210 240
211 215
221 235
161 162
199 242
37 38
854 855
195 243
744 745
234 235
762 763
216 226
213 234
402 403
934 935
996 997
315 316
206 211
195 224
187 190
199 234
634 635
241 245
227 237
188 195
203 221
213 240
213 246
160 161
198 245
53 54
199 237
192 219
195 204
220 237
230 237
190 240
983 984
201 227
195 219
218 235
533 534
208 223
218 225
262 263
201 246
17 18
617 618
190 206
194 221
192 243
200 237
219 226
188 211
575 576
176 177
199 211
158 159
72 73
188 222
879 880
401 402
359 360
199 231
187 203
187 212
194 211
211 241
81 82
220 239
222 229
196 219
210 211
935 936
424 425
212 226
749 750
198 228
219 233
979 980
165 166
194 245
189 224
258 259
199 201
880 881
193 209
948 949
216 242
773 774
126 127
203 214
859 860
432 433
511 512
191 229
226 240
738 739
190 228
216 230
201 202
203 233
510 511
68 69
192 246
731 732
218 245
206 232
195 245
215 238
926 927
221 244
104 105
259 260
73 74
194 195
226 244
197 206
237 242
186 209
700 701
179 180
204 230
213 243
981 982
191 202
130 131
219 244
389 390
190 211
189 217
187 191
195 199
221 239
789 790
217 239
208 224
214 235
189 241
188 208
200 241
190 234
691 692
914 915
190 229
174 175
190 209
142 143
528 529
956 957
190 225
234 236
190 235
224 246
214 220
141 142
460 461
222 227
203 219
865 866
110 111
223 242
863 864
664 665
211 229
901 902
187 222
224 235
195 213
305 306
365 366
187 219
455 456
238 243
214 218
214 226
195 208
445 446
192 242
204 226
197 243
191 236
212 217
194 239
217 231
635 636
193 239
210 215
198 232
199 215
810 811
228 242
199 219
192 203
196 225
195 240
335 336
187 227
286 287
607 608
235 238
556 557
199 218
198 218
221 230
518 519
186 237
222 235
191 224
195 238
116 117
674 675
705 706
206 226
468 469
207 235
190 241
211 225
385 386
231 236
196 212
219 224
192 202
516 517
458 459
358 359
188 231
310 311
201 241
188 203
652 653
207 214
682 683
203 223
830 831
197 222
288 289
193 238
230 232
192 208
904 905
526 527
754 755
191 240
495 496
791 792
398 399
199 203
189 245
974 975
204 220
753 754
792 793
207 229
732 733
190 217
219 232
187 238
192 211
210 235
208 244
214 245
515 516
218 233
188 229
190 214
701 702
752 753
220 223
219 223
196 221
199 208
694 695
216 238
202 236
190 199
210 225
195 205
193 237
209 240
206 216
571 572
803 804
207 223
236 238
765 766
188 227
92 93
207 231
539 540
279 280
443 444
217 221
206 222
244 246
213 221
148 149
723 724
228 231
205 239
202 243
726 727
238 240
433 434
476 477
925 926
568 569
196 226
534 535
947 948
203 220
561 562
189 223
195 210
221 238
205 245
235 241
218 236
225 237
212 245
217 220
198 212
565 566
582 583
473 474
114 115
203 226
218 239
196 215
202 210
332 333
513 514
204 229
193 205
711 712
207 225
208 238
191 246
209 213
201 233
