1000 1000
779 732
330 290
309 915
799 960
779 705
313 330
324 330
421 175
779 692
948 944
296 721
777 779
249 330
947 958
956 954
700 779
955 937
301 747
683 357
792 553
941 937
330 266
947 940
294 330
953 942
77 13
954 938
568 779
958 951
715 779
734 373
949 955
779 689
180 280
500 848
504 47
779 719
946 941
779 171
946 950
566 779
779 627
779 567
330 328
943 957
725 779
779 594
296 330
948 957
945 944
223 713
330 311
948 938
330 273
377 223
648 779
902 879
223 330
947 954
818 50
716 734
330 295
998 51
113 311
330 280
829 106
490 693
779 612
203 841
341 735
78 489
958 943
194 372
771 779
252 330
330 278
779 704
218 986
944 955
951 943
778 779
779 638
80 967
937 943
266 588
373 532
953 954
226 812
944 947
738 779
887 553
938 946
577 779
750 572
779 606
820 456
820 129
779 714
951 940
904 555
277 330
386 18
779 604
779 676
478 450
546 322
450 507
943 939
212 330
330 234
958 957
779 724
654 779
634 779
711 327
70 664
965 970
779 730
320 330
41 735
285 330
427 886
654 322
585 779
680 854
318 330
779 632
132 833
925 618
761 846
941 940
984 834
218 330
779 614
622 779
401 410
241 330
200 322
263 778
244 330
937 944
937 950
779 610
330 316
330 230
779 641
350 78
435 860
946 943
786 558
949 948
92 842
736 762
984 150
779 591
945 953
624 855
957 938
43 529
215 538
943 945
956 952
779 673
650 40
324 574
620 779
956 953
330 242
687 779
224 971
941 955
13 633
864 712
945 950
281 271
779 613
940 938
779 639
675 779
116 259
91 72
684 798
291 330
253 167
615 737
938 937
268 990
779 728
779 635
330 267
955 951
945 947
948 953
300 330
330 235
950 940
564 474
425 448
82 835
779 580
245 833
796 645
779 721
222 330
827 148
148 711
239 330
820 161
779 708
671 779
668 779
977 193
759 856
779 735
945 941
762 779
251 793
497 718
738 266
330 292
883 310
578 436
670 779
947 948
779 646
310 330
676 109
216 905
906 942
779 699
949 946
608 595
33 139
779 653
232 383
734 779
303 330
763 800
948 945
951 948
330 325
98 15
129 667
585 892
802 529
779 572
382 530
810 645
491 533
939 947
237 330
707 779
304 330
779 729
790 470
944 946
656 646
329 330
330 216
189 821
600 779
330 247
942 954
690 779
946 940
676 566
256 208
5 71
784 340
822 858
938 942
383 52
941 954
814 866
305 799
944 941
779 665
769 55
952 954
951 954
981 367
317 86
817 980
779 698
319 330
958 941
88 860
779 586
422 867
652 779
747 96
779 595
743 779
779 731
779 740
622 849
28 829
330 275
305 330
574 779
779 776
954 939
872 340
772 779
100 75
391 495
839 305
955 940
333 191
561 531
330 240
176 898
330 224
834 526
533 591
779 643
945 939
779 658
948 952
274 25
941 943
958 955
279 977
370 721
937 956
291 677
952 958
236 118
867 308
361 654
659 779
958 764
323 523
952 955
940 944
779 718
995 196
779 744
858 362
941 939
387 105
320 118
194 240
779 739
694 353
953 937
966 776
953 938
523 287
366 823
82 925
769 779
330 232
330 253
779 677
339 455
330 322
942 952
808 242
662 779
707 817
618 779
948 940
117 399
100 928
779 570
330 308
779 703
619 779
225 330
225 263
212 274
538 310
108 868
75 765
940 945
952 946
949 940
954 944
763 833
697 779
262 330
390 788
102 865
779 754
149 563
254 330
594 167
887 796
610 672
302 330
779 709
946 957
667 779
779 760
116 728
531 45
773 779
779 625
330 297
544 295
231 284
792 880
120 749
750 779
156 833
957 944
323 330
220 330
361 145
250 585
533 218
956 939
647 779
939 948
946 947
903 83
746 779
940 954
958 945
842 987
955 939
351 303
953 941
640 779
537 748
330 283
628 517
349 493
330 287
72 985
330 256
275 651
330 261
539 848
942 939
229 310
700 444
162 179
639 702
720 779
77 267
523 229
937 940
868 724
516 821
651 65
871 520
310 278
953 958
494 426
937 947
779 679
949 942
942 947
795 30
817 696
377 659
271 330
111 352
562 638
779 588
940 943
330 264
330 279
953 957
100 87
823 888
540 28
285 72
207 706
931 566
694 779
204 778
948 956
779 608
593 779
946 953
330 258
318 532
656 584
957 868
330 276
891 421
940 952
257 980
243 330
955 953
955 954
903 676
774 779
958 940
980 598
794 140
975 276
779 695
306 330
330 226
941 952
957 942
939 951
948 613
944 950
779 756
599 779
295 14
701 779
17 700
779 596
622 257
779 631
939 944
883 138
937 951
779 766
779 757
684 779
908 673
957 940
338 333
710 674
298 330
950 258
779 623
723 533
775 136
951 938
944 952
943 947
943 950
950 958
874 659
148 896
779 737
98 594
886 192
652 729
247 8
299 330
327 330
629 779
627 820
330 255
208 419
248 870
592 406
991 858
162 607
779 642
952 947
939 953
686 225
779 576
685 779
779 717
54 627
390 51
903 739
985 877
779 748
945 946
330 314
372 91
939 937
937 946
999 846
330 251
953 944
994 239
466 458
872 25
779 747
637 779
100 76
594 837
325 1
958 939
79 63
693 43
947 950
680 779
631 972
956 938
770 779
951 949
947 955
63 694
553 790
947 941
779 584
330 265
956 945
14 718
330 282
342 401
124 763
143 600
221 566
779 609
624 779
330 288
779 761
779 621
937 949
15 376
942 940
712 779
960 904
957 955
917 373
711 704
814 269
763 779
764 779
48 52
385 831
661 779
907 921
217 330
951 98
27 695
956 941
150 258
830 203
952 937
346 609
214 330
939 952
382 871
330 286
751 779
946 958
196 25
943 953
938 950
686 779
281 330
779 655
942 945
315 330
988 183
330 213
839 322
57 297
604 608
741 386
991 170
779 664
956 946
371 693
941 938
683 779
544 760
829 778
585 914
950 949
651 779
154 304
588 167
945 954
538 225
289 330
211 292
305 414
989 109
330 270
294 626
779 626
779 644
942 943
779 592
132 28
165 563
943 949
264 431
657 779
636 785
955 938
923 373
292 537
584 580
948 941
947 938
607 779
951 946
330 274
716 779
942 937
774 686
455 70
956 950
492 133
779 736
706 779
958 956
630 17
779 741
345 348
799 296
953 947
47 837
176 862
578 779
229 330
713 779
956 957
481 946
981 474
952 938
953 952
460 845
779 745
259 330
787 794
318 90
330 263
958 949
913 916
118 919
0 360
219 330
330 236
950 951
779 630
454 900
582 857
944 942
30 235
951 945
210 973
579 779
282 220
168 607
988 147
958 954
330 233
779 681
721 685
626 41
986 140
779 682
779 693
779 733
779 589
945 957
955 950
715 973
956 951
957 954
560 593
330 245
499 919
779 617
431 924
330 293
573 779
954 937
260 330
955 948
666 779
851 346
330 301
948 954
779 569
779 753
227 330
374 493
80 778
914 624
779 575
555 187
946 955
950 942
74 60
504 815
956 949
956 944
676 990
948 942
960 841
82 147
77 341
649 779
956 947
952 943
939 949
194 515
309 330
954 950
386 124
941 942
779 702
387 737
779 660
951 941
862 249
779 603
163 665
779 727
949 957
284 330
645 779
420 595
957 947
985 329
615 779
779 628
956 940
952 950
759 779
238 499
939 950
958 942
315 493
334 918
696 779
779 669
889 352
955 956
687 73
955 943
948 958
938 958
779 691
878 84
943 948
330 250
17 81
280 229
581 132
688 779
955 945
234 898
957 941
440 577
248 330
954 946
587 779
949 944
767 779
938 945
951 952
330 257
372 881
674 779
464 307
957 951
330 221
943 954
949 952
644 959
330 326
939 938
329 895
246 330
953 950
957 950
779 663
944 951
574 989
940 513
330 215
944 958
72 258
597 779
710 779
330 307
779 633
224 776
786 40
539 361
778 233
711 779
941 949
247 203
274 450
775 779
727 910
268 330
946 942
117 634
85 954
716 438
949 947
785 792
165 815
309 48
387 202
604 605
779 616
958 937
857 888
855 284
237 170
779 601
272 330
779 611
742 779
269 330
143 477
956 943
854 964
952 957
34 226
764 543
948 950
672 779
951 947
779 605
779 749
726 779
719 247
917 87
779 650
59 5
752 779
945 952
618 674
581 779
770 256
779 583
814 281
50 726
949 945
362 111
287 543
19 518
645 349
676 88
779 768
938 943
946 948
490 608
804 421
902 950
620 410
685 128
886 727
317 330
941 950
791 138
943 944
103 755
779 582
57 797
779 755
656 779
996 371
956 942
571 606
779 636
47 70
946 939
934 670
902 437
312 330
666 82
779 590
249 494
723 779
645 158
316 907
953 949
281 107
1 146
330 231
330 321
146 351
938 944
779 758
948 937
957 939
602 779
330 238
315 39
330 228
779 571
937 945
635 804
953 951
942 955
765 779
58 529
779 722
949 954
779 598
875 951
867 832
216 558
942 951
410 363
938 949
779 678
953 940
937 957
295 113
660 39
939 940
239 570
0 100
