300 500
298 141
192 265
298 208
298 177
278 280
211 298
220 298
115 231
231 173
231 198
298 197
298 101
160 231
288 298
298 237
231 114
161 231
231 201
298 233
282 278
298 126
173 298
272 298
195 231
231 224
11 298
298 224
280 281
298 108
90 231
298 245
172 298
188 231
116 298
276 281
41 298
28 298
7 298
298 114
91 177
279 283
282 298
298 279
231 223
188 298
231 119
298 191
197 231
128 298
129 231
231 138
298 210
194 231
298 179
137 298
19 298
280 284
137 231
298 157
45 298
298 195
196 231
47 298
298 91
298 185
231 88
277 276
231 139
231 124
227 298
71 298
113 298
120 298
113 231
163 298
231 184
231 229
298 133
279 278
298 43
134 298
298 53
298 73
298 54
174 231
298 244
160 298
298 142
298 111
112 231
278 283
275 277
284 283
281 282
115 298
275 278
298 97
231 204
298 176
278 284
183 231
298 20
199 231
252 298
274 298
218 231
275 276
298 175
128 231
298 149
231 153
298 14
292 298
212 231
298 222
298 59
3 242
191 231
216 298
298 36
231 189
266 298
218 298
293 298
106 298
231 215
127 231
98 298
49 298
6 298
231 144
10 298
298 132
231 99
298 159
257 298
298 154
231 122
298 171
231 156
282 276
74 298
271 298
298 213
146 231
145 231
298 70
298 268
80 231
278 298
52 298
84 231
147 231
107 231
169 231
260 298
298 162
243 298
37 298
231 130
231 93
231 213
298 102
33 298
231 221
165 231
229 298
231 155
22 298
139 298
282 283
12 298
231 192
81 298
231 178
96 231
280 298
279 275
43 127
92 231
298 60
282 284
192 298
112 151
231 85
285 298
176 231
110 298
298 83
175 231
31 298
32 298
298 123
231 200
150 298
297 298
275 282
264 298
298 76
298 286
231 157
55 298
231 111
136 298
105 231
104 298
153 204
109 231
100 231
231 208
298 16
298 119
231 102
298 58
75 298
231 134
163 231
279 276
174 298
193 298
231 210
298 269
231 141
298 261
283 276
209 231
89 298
298 131
231 143
253 298
298 158
18 298
30 62
298 221
231 148
283 275
202 231
88 298
247 298
298 287
259 221
298 15
97 231
298 294
277 280
281 283
250 298
38 298
278 276
98 231
151 298
295 298
231 203
277 283
281 275
231 179
259 298
298 223
298 130
231 118
105 298
231 158
231 123
275 298
129 298
282 279
125 298
298 9
226 298
279 280
254 298
298 48
298 169
298 143
204 298
298 56
298 94
298 50
231 177
152 231
239 298
298 80
231 214
231 151
216 231
298 96
298 82
298 296
298 263
281 278
84 298
231 167
214 298
231 180
298 228
298 258
298 27
181 231
298 203
281 298
298 251
231 186
227 231
104 231
298 65
298 256
205 231
298 166
298 118
281 277
231 154
116 231
138 298
279 277
277 282
67 298
298 225
231 187
298 242
23 298
298 135
231 91
185 231
298 240
231 121
193 231
298 234
93 298
298 207
235 298
231 228
289 298
220 231
298 180
199 298
298 61
298 121
42 298
298 236
298 152
87 298
231 94
231 120
171 231
298 232
231 206
298 35
231 87
298 190
298 238
77 298
284 298
298 147
164 231
132 231
226 231
298 217
298 8
155 243
17 298
298 270
231 222
231 159
178 93
86 231
280 283
207 231
241 298
298 189
140 298
231 140
298 127
209 298
231 89
66 298
231 150
298 21
82 231
30 298
298 46
298 51
298 170
298 255
298 86
280 275
231 106
298 164
298 112
103 298
298 122
201 298
298 107
298 44
267 298
298 72
298 92
39 298
298 85
7 25
298 198
298 196
298 146
166 231
95 231
275 284
231 108
298 246
219 298
135 231
103 231
162 231
231 133
282 280
298 200
298 231
298 186
298 78
283 298
161 298
298 290
194 298
298 79
298 202
231 110
24 285
284 277
187 298
276 298
231 230
231 190
63 298
298 165
298 181
170 231
277 298
298 64
298 144
273 298
298 109
153 298
25 298
298 68
298 145
117 298
284 281
276 284
57 298
278 277
183 298
231 131
298 265
248 298
298 24
34 298
298 168
298 29
231 219
249 298
178 298
90 298
281 279
231 217
225 231
172 231
184 298
280 276
231 81
298 156
26 298
62 298
125 231
279 284
298 212
124 298
298 40
298 99
298 13
230 298
168 231
298 215
298 291
231 126
231 182
298 262
211 231
298 167
155 298
298 100
231 149
231 136
298 148
206 298
298 69
231 101
182 298
117 231
298 205
142 231
231 83
298 95
