150 10000
52 57
52 2
110 26
97 143
119 79
127 125
27 102
98 17
40 63
93 64
138 19
73 35
76 60
13 81
113 148
77 124
102 52
84 143
83 59
39 40
131 101
67 25
19 28
66 38
101 80
142 91
71 59
101 24
95 57
129 9
14 3
83 114
53 58
1 27
131 124
52 120
62 111
52 19
95 43
70 48
131 19
48 22
142 71
37 32
13 97
145 147
37 97
106 122
75 54
109 122
100 94
54 53
11 63
86 84
34 40
74 4
56 95
95 118
81 124
106 51
74 100
92 99
31 127
39 104
35 81
100 35
68 13
85 100
114 41
113 56
71 69
50 135
99 94
11 70
64 90
131 31
9 135
119 103
64 132
67 115
89 21
17 110
101 53
98 109
45 96
67 147
105 26
104 59
79 127
69 114
102 110
18 6
130 32
55 126
4 8
42 123
90 149
137 10
40 51
61 130
56 12
82 43
76 95
17 23
92 23
45 12
3 49
54 28
119 144
127 88
118 143
25 50
113 110
135 82
145 23
27 119
75 121
47 92
2 113
149 20
23 24
142 39
8 146
59 116
134 111
2 108
87 92
56 63
57 126
92 61
70 140
45 10
70 134
142 56
72 53
15 55
56 30
103 108
32 118
68 114
21 62
67 44
35 136
2 105
87 40
32 135
135 84
27 37
147 123
16 10
58 108
66 101
110 24
126 42
143 130
116 114
25 103
81 115
76 135
146 37
149 136
42 127
145 141
10 36
71 77
89 129
7 84
116 1
82 99
74 133
54 60
96 63
104 11
142 65
97 25
18 138
137 35
22 53
97 116
8 137
38 132
108 148
120 130
129 108
147 84
114 103
2 14
128 30
30 46
78 82
100 111
38 149
66 85
44 88
126 8
116 87
60 135
93 67
143 110
80 105
33 143
119 44
53 103
129 105
51 144
75 71
125 21
70 64
7 5
108 127
116 109
143 135
89 105
108 132
52 132
83 123
91 118
104 12
13 90
29 36
67 149
61 120
131 73
25 111
138 10
49 101
90 46
97 119
127 5
25 131
7 9
65 44
0 32
114 27
145 115
82 16
12 58
142 130
29 67
137 119
23 127
123 142
132 0
24 146
114 37
130 135
46 127
63 30
15 8
114 129
118 125
4 149
145 136
123 149
60 77
121 30
134 122
149 93
28 148
49 48
106 143
43 15
71 84
44 64
11 127
74 50
1 46
20 123
129 96
142 67
55 14
149 13
122 39
10 37
80 2
35 101
73 112
43 128
88 11
7 70
45 113
93 0
64 49
139 4
40 33
32 12
0 97
30 123
107 148
56 135
115 35
130 24
135 122
10 134
94 76
148 41
111 116
109 107
102 35
119 55
123 13
48 6
22 82
28 58
69 144
86 144
28 128
82 136
32 1
10 31
22 92
80 130
113 109
73 3
91 44
48 135
139 81
12 75
144 81
39 132
115 11
46 49
8 42
115 144
113 7
125 98
135 133
27 44
94 58
81 106
76 52
84 5
127 53
105 61
19 101
119 148
77 31
13 128
128 27
19 9
49 78
33 106
43 99
62 16
81 142
32 73
87 63
67 30
51 26
104 7
0 89
85 126
24 33
49 33
44 24
61 95
65 88
104 35
13 116
91 4
57 136
44 43
79 133
28 105
88 74
76 63
95 134
83 97
34 86
149 144
79 36
113 108
32 20
112 0
39 42
10 130
25 38
90 106
108 122
36 53
36 9
45 121
60 70
99 98
46 74
78 69
39 124
96 144
124 148
55 54
36 80
67 60
17 7
106 11
5 75
45 99
106 144
55 50
100 77
32 138
99 76
117 32
104 5
112 86
76 147
88 56
70 33
16 51
123 46
147 0
118 83
1 62
90 59
84 131
40 82
67 124
0 90
142 144
136 101
82 95
107 129
94 128
68 30
138 41
59 82
21 11
100 127
52 33
53 134
118 104
122 47
71 10
119 76
22 69
79 3
143 107
60 30
58 124
11 145
27 31
73 62
110 25
1 92
147 62
83 61
70 3
148 120
113 94
32 2
105 97
38 3
87 98
58 42
46 75
100 46
121 93
38 73
108 12
20 2
127 13
138 143
47 41
30 90
6 2
113 116
85 7
135 105
96 55
60 134
133 11
131 95
148 86
44 60
106 9
9 76
76 92
9 93
10 12
95 149
43 132
91 147
102 106
29 2
3 33
132 141
100 146
48 69
127 132
139 113
71 52
54 116
126 67
110 97
53 45
19 129
56 70
141 58
102 122
91 13
115 25
11 41
90 99
77 45
126 94
97 149
81 98
123 19
10 61
94 47
135 74
126 129
64 26
131 42
125 22
67 63
46 13
24 74
106 36
88 109
26 19
106 4
104 36
90 36
136 24
35 11
28 44
23 6
77 80
109 120
148 8
128 127
120 111
35 120
136 67
51 73
94 83
4 79
7 0
23 72
23 117
110 39
43 100
52 142
56 66
111 79
85 70
125 30
79 128
4 61
7 26
13 100
132 37
113 104
46 48
59 118
133 45
34 130
61 87
119 82
62 5
125 71
76 74
22 73
76 98
14 23
47 36
97 87
132 129
82 55
27 34
97 92
24 34
79 117
55 68
54 146
111 9
60 98
78 129
100 116
84 55
12 39
44 105
114 48
104 132
145 18
42 134
68 39
44 142
58 9
140 138
90 45
8 72
78 87
39 2
135 90
128 123
8 82
97 139
94 57
122 95
53 9
114 7
43 108
69 138
65 147
27 77
82 128
131 67
126 147
54 62
124 93
17 2
56 19
132 118
143 88
99 7
89 147
71 103
8 144
27 79
85 46
103 43
78 25
42 110
145 30
135 115
18 60
27 82
88 47
62 79
133 121
51 45
14 51
65 96
137 55
46 112
104 95
98 147
85 90
133 116
147 144
76 46
118 2
0 58
45 84
67 132
83 21
95 106
16 7
56 134
142 50
129 104
31 35
83 137
65 97
142 42
24 22
23 77
130 55
11 12
50 108
112 143
38 141
107 22
0 114
110 85
120 43
113 123
4 65
140 104
54 57
132 94
74 82
34 97
128 93
24 31
122 101
114 104
133 7
36 59
99 112
80 90
39 101
147 26
118 72
29 148
27 41
116 75
4 124
69 135
138 100
101 79
78 58
137 141
9 34
89 82
63 125
84 89
108 147
78 138
103 31
70 67
111 109
102 127
140 40
30 80
59 3
102 14
118 29
99 70
41 51
132 81
1 147
27 87
141 39
66 35
31 75
5 129
108 110
143 132
29 121
57 43
119 54
72 65
17 67
112 139
33 31
146 131
111 28
49 110
145 100
135 118
51 128
149 0
57 42
30 149
23 43
45 95
9 52
94 42
4 118
58 130
81 91
33 18
45 86
121 66
53 114
25 113
11 9
60 64
88 141
119 94
19 103
139 122
15 22
146 51
89 71
129 28
9 21
96 75
142 34
40 109
128 9
90 138
52 28
54 30
95 100
75 102
113 65
3 106
56 74
128 110
135 126
87 80
102 63
102 98
27 101
111 4
68 100
124 78
86 0
55 21
143 122
45 20
39 96
11 110
91 101
89 2
148 51
122 147
70 143
132 63
41 33
4 89
118 84
130 1
141 27
129 26
121 146
33 149
111 138
125 92
3 31
125 43
34 131
105 15
8 115
6 68
92 37
70 83
1 110
98 56
74 59
90 117
2 132
129 32
132 74
49 113
15 40
63 90
54 110
20 144
117 33
4 130
133 59
49 144
146 63
109 105
20 16
55 103
4 127
93 98
139 37
145 120
126 133
126 1
46 98
103 72
121 116
96 69
45 135
73 140
47 145
81 12
118 13
101 123
83 108
74 20
116 6
85 50
72 80
119 80
87 45
71 13
98 71
105 75
66 7
83 52
106 10
3 105
39 95
27 138
58 64
134 136
98 47
30 17
109 77
4 48
50 76
111 135
146 2
117 65
68 9
29 55
21 138
48 122
5 96
7 129
35 25
16 70
112 64
33 19
59 66
107 25
76 42
88 69
20 64
60 17
121 53
112 128
94 66
97 91
130 7
98 94
129 95
21 2
83 63
59 131
85 117
73 132
29 129
58 67
112 23
130 110
135 27
42 13
106 28
82 148
90 114
80 52
56 110
21 86
14 57
45 46
99 63
121 134
111 48
36 74
3 113
12 72
140 99
148 69
40 65
77 106
35 48
38 37
53 142
142 2
122 40
102 43
129 136
122 68
127 144
32 3
104 9
47 59
66 72
5 33
16 103
126 88
29 138
6 105
71 32
104 58
121 128
106 57
32 113
126 96
147 15
66 99
148 63
111 20
63 130
29 105
145 140
80 109
115 55
3 126
130 109
32 58
111 145
28 22
128 140
57 110
10 64
109 148
26 56
148 0
34 147
72 5
34 78
100 9
98 89
139 63
48 91
41 80
138 139
110 136
95 62
95 103
115 16
104 108
118 45
138 39
126 122
30 117
81 137
91 141
43 123
103 22
130 112
32 48
127 39
21 22
124 70
16 31
36 0
123 59
49 47
125 111
132 126
10 101
81 25
4 0
111 36
146 142
24 39
59 109
79 112
96 90
123 68
87 4
20 88
103 141
71 110
80 82
57 123
33 96
9 118
55 65
5 27
40 124
27 35
92 86
148 80
96 64
45 131
56 31
65 119
61 64
146 140
138 72
109 99
15 125
78 44
118 82
41 14
110 88
137 63
54 148
99 53
47 52
113 124
32 142
10 20
27 72
77 134
107 77
58 83
20 47
135 14
22 98
72 149
114 105
104 10
11 128
29 72
143 50
28 3
33 145
54 3
105 127
54 41
20 146
107 41
97 7
101 114
63 41
98 12
14 143
63 124
37 104
73 5
66 71
149 71
56 67
143 16
106 20
6 121
1 63
6 19
88 8
107 42
56 59
102 56
65 95
94 80
98 75
71 45
0 39
81 0
49 9
132 111
57 2
145 97
127 44
67 66
30 142
133 27
7 142
35 76
124 99
17 128
104 43
36 33
53 35
143 146
107 115
20 109
112 67
80 143
122 79
6 139
145 0
97 17
4 145
79 94
18 76
128 145
65 133
114 142
128 139
12 35
98 80
113 102
106 132
129 30
25 27
132 149
72 52
5 67
115 70
120 56
69 47
16 12
67 123
73 85
108 114
146 147
114 62
105 42
61 34
10 76
110 118
9 82
109 7
116 79
115 122
70 69
112 48
97 75
115 38
140 134
37 102
69 136
102 92
25 26
49 65
72 112
62 52
69 25
48 29
71 116
126 13
97 138
84 107
143 85
26 94
68 18
134 21
117 2
106 32
52 126
133 90
7 89
123 33
4 10
83 43
19 3
138 55
43 112
69 67
116 48
145 121
20 108
115 140
93 54
21 143
17 9
117 75
143 41
16 56
23 94
63 28
138 4
20 52
142 75
46 11
76 122
116 136
119 43
27 124
40 67
9 146
98 149
136 87
97 128
86 25
28 17
134 119
40 28
139 12
61 128
25 63
36 62
135 136
117 54
148 66
66 25
28 34
32 141
60 106
39 97
25 109
130 108
134 130
88 114
106 58
140 125
113 40
5 142
108 1
132 115
14 111
62 64
15 59
142 112
91 112
32 75
66 97
120 100
48 115
75 131
141 123
107 120
61 35
46 93
147 40
66 9
107 56
108 146
64 147
114 19
149 49
82 18
43 81
46 99
121 81
86 51
22 110
18 10
93 120
79 29
68 0
125 134
55 100
42 19
39 93
109 106
76 33
114 120
100 101
7 106
108 98
39 45
145 86
131 87
148 138
124 54
137 22
112 126
127 70
123 93
82 91
60 145
125 108
93 86
121 51
21 10
25 148
53 24
57 128
62 125
72 121
139 30
68 84
33 12
93 15
111 82
138 51
111 124
75 57
54 103
88 41
11 52
46 10
46 65
59 0
20 114
2 148
138 45
54 0
30 84
107 102
86 13
93 43
84 114
134 45
94 149
64 85
118 123
27 111
110 84
148 103
106 140
50 45
44 95
90 17
146 70
125 83
19 133
95 105
71 143
4 22
26 143
56 13
91 143
20 30
121 15
83 127
85 115
18 9
47 81
30 82
127 142
24 120
18 41
30 133
147 68
59 69
34 140
141 66
42 132
134 118
79 71
36 127
45 74
110 60
144 0
60 71
109 72
62 17
140 49
84 52
94 71
123 55
80 146
108 149
48 47
73 37
98 122
114 13
147 16
142 21
24 140
3 21
104 110
35 108
26 0
126 140
149 36
134 73
79 148
127 104
146 92
73 17
57 24
28 120
11 107
38 136
71 80
132 100
123 89
137 129
55 77
129 128
126 110
20 97
145 13
141 16
70 81
113 20
135 11
22 13
28 124
117 112
59 62
51 8
126 108
19 102
142 126
113 117
38 54
90 124
9 15
105 142
66 95
45 33
144 6
52 69
88 75
117 27
35 80
58 41
141 77
140 149
136 18
80 56
11 22
148 39
82 28
127 22
39 56
58 136
72 75
140 148
120 90
139 71
33 108
112 93
17 145
67 122
45 6
91 19
126 86
54 94
108 5
110 132
68 137
12 106
127 18
105 83
100 123
48 38
28 132
117 68
114 6
88 132
44 145
88 39
148 75
31 18
32 122
26 85
3 15
102 132
148 83
95 59
40 111
41 122
35 147
19 12
140 77
68 105
122 42
15 51
84 100
36 67
49 146
77 122
144 84
25 146
115 121
6 117
78 139
96 123
103 122
30 57
4 125
92 131
121 118
50 13
54 71
140 86
89 74
123 103
121 149
18 133
67 32
120 26
120 121
55 95
135 65
82 126
68 20
40 136
42 6
66 48
59 37
115 134
9 50
29 66
17 119
137 52
15 63
52 54
110 62
101 15
16 11
44 74
145 73
59 147
123 37
140 123
105 32
15 97
49 72
57 46
126 113
85 98
72 28
61 27
10 102
10 32
116 66
30 50
94 0
77 97
105 55
120 53
95 123
99 138
18 52
142 14
124 125
127 57
148 147
87 114
2 33
89 73
111 117
31 28
62 108
0 128
101 5
68 96
33 95
21 140
75 76
19 5
67 12
96 1
52 21
110 38
22 87
145 71
102 15
127 130
101 128
60 41
55 106
90 4
117 46
119 40
88 62
115 45
90 137
132 97
34 65
50 120
34 105
50 106
34 73
109 143
124 5
44 139
47 125
128 141
115 43
111 94
103 126
145 93
137 53
21 58
31 15
61 63
33 119
140 72
53 15
11 38
25 114
72 71
47 70
101 40
133 21
113 29
89 121
21 59
118 103
28 71
84 65
75 0
99 5
95 50
52 43
81 19
149 112
105 37
85 14
82 62
75 126
45 100
46 95
120 143
139 28
38 113
148 139
85 97
32 43
93 74
97 103
78 121
103 110
7 25
122 56
69 86
95 147
11 96
32 92
1 69
108 75
56 35
94 145
133 100
61 138
33 51
21 0
23 124
105 64
86 55
83 65
45 22
121 71
126 31
148 43
120 48
5 80
146 29
109 118
68 90
46 52
94 49
145 89
105 51
58 13
132 130
90 74
122 138
91 125
69 12
84 74
148 62
95 138
18 93
17 77
130 75
31 53
116 106
19 49
16 0
8 23
114 81
114 143
136 85
3 93
21 50
39 105
54 65
70 84
75 143
24 78
43 91
114 54
45 27
97 102
85 69
12 30
35 55
85 10
88 70
7 69
74 96
133 9
44 4
87 25
0 96
55 107
31 123
123 14
146 64
88 66
65 42
40 79
142 62
129 122
32 91
110 4
43 101
3 100
66 91
59 70
120 49
112 88
25 135
30 92
60 49
115 136
81 86
114 89
4 92
79 61
63 82
16 34
127 140
32 57
26 134
125 82
80 79
39 31
37 140
121 129
144 126
86 132
127 133
119 16
38 98
3 85
73 42
75 25
108 89
91 88
67 148
6 122
16 63
126 125
9 85
68 131
143 52
127 60
4 123
40 55
55 52
80 84
36 78
46 50
112 40
134 116
45 106
81 49
135 114
146 58
144 65
121 3
137 14
2 144
73 111
67 85
36 21
65 10
54 102
91 83
83 80
91 109
21 51
84 137
134 8
36 138
109 6
1 42
108 106
46 22
139 23
112 116
10 131
131 137
82 70
72 93
140 31
91 64
60 108
128 16
37 88
108 143
19 63
27 57
149 51
73 1
51 49
33 71
95 75
76 48
51 64
27 16
142 121
91 63
80 12
55 70
16 88
137 76
73 58
21 100
91 74
68 4
73 127
6 14
34 120
121 127
92 136
128 74
5 18
58 139
11 119
53 77
82 50
100 4
129 92
148 38
145 129
16 9
113 9
136 133
24 1
56 32
33 103
33 6
145 117
89 36
37 48
135 58
65 102
137 49
88 83
137 42
138 0
19 97
108 81
107 142
5 22
88 86
142 23
41 81
142 31
30 25
55 28
97 100
97 70
108 109
141 47
101 84
85 29
2 147
54 89
95 143
39 145
91 65
35 119
21 43
12 68
105 27
35 10
149 148
105 73
136 137
46 28
94 65
15 56
141 102
144 82
146 91
125 97
103 56
26 66
45 144
46 19
12 96
47 66
36 44
104 33
116 30
149 102
54 58
76 29
59 92
80 60
97 45
81 95
22 17
110 7
134 86
2 12
1 109
57 69
68 56
40 105
89 9
107 43
131 120
70 120
1 141
75 26
84 138
129 3
139 57
148 111
135 120
117 126
141 7
46 77
76 100
24 117
7 91
47 80
50 65
115 119
124 46
76 90
118 33
27 104
7 93
4 85
58 111
8 117
105 47
33 60
142 135
26 121
46 32
107 90
71 9
79 51
128 14
148 74
52 103
51 35
67 35
77 37
99 48
48 124
20 55
35 138
29 46
121 107
37 33
15 136
149 5
39 70
24 84
102 81
18 129
42 125
125 80
75 3
91 14
137 149
34 44
30 72
94 28
13 77
66 140
134 139
94 27
42 108
38 60
149 111
121 39
123 146
31 47
48 54
119 21
47 0
61 44
66 144
66 52
103 94
15 65
121 43
123 116
61 145
54 115
96 40
34 4
24 96
55 78
81 18
23 40
20 87
106 16
128 133
116 132
44 14
43 16
119 61
140 26
95 127
117 130
137 47
59 33
19 96
33 48
76 107
31 12
139 137
126 148
14 26
66 5
29 54
38 106
141 140
3 112
21 12
98 148
65 87
55 108
135 40
89 101
21 78
5 78
62 11
119 75
56 46
32 16
23 106
122 27
58 129
71 93
140 116
0 118
63 80
13 14
69 62
148 134
149 78
115 9
95 14
107 123
118 112
115 33
63 147
64 42
133 68
33 107
80 61
96 26
13 115
66 42
130 121
107 99
55 59
16 38
55 4
78 8
123 131
69 21
62 137
16 72
63 31
50 77
20 138
36 113
67 2
148 70
58 29
57 85
37 144
22 120
96 141
96 138
36 135
78 42
58 61
107 64
116 49
136 41
68 60
103 131
32 4
3 57
119 28
70 138
65 8
41 102
105 5
145 41
78 123
30 37
116 144
6 55
106 5
1 3
121 17
32 41
108 95
140 55
101 26
94 64
73 7
15 20
22 62
30 2
82 60
67 143
85 121
30 93
140 97
88 129
117 77
30 32
71 47
26 127
75 74
96 131
105 94
127 117
115 131
42 47
5 98
19 1
71 111
148 18
85 114
48 55
24 99
147 133
59 112
8 54
74 33
80 4
67 108
89 16
5 65
48 65
34 52
96 84
132 148
1 70
45 104
68 149
20 76
69 46
4 109
42 50
134 74
2 16
40 93
96 103
66 131
90 44
14 68
3 56
85 103
27 50
54 140
44 148
127 37
62 30
11 98
62 145
22 108
84 51
56 82
107 37
115 148
7 35
38 91
115 127
58 149
99 36
126 45
95 85
56 61
112 147
104 106
136 78
108 71
112 76
90 6
19 43
1 79
17 99
126 141
130 114
12 62
43 140
120 13
133 109
47 46
104 122
148 12
114 132
110 149
57 80
128 81
1 58
47 113
90 52
25 33
26 52
15 92
76 17
146 31
136 143
102 130
36 76
96 130
80 66
83 54
142 113
120 77
57 4
36 86
2 37
65 103
69 75
129 131
126 138
105 121
88 6
122 19
35 140
114 109
92 43
13 24
103 142
118 7
121 58
20 29
8 61
50 69
90 3
27 113
31 22
146 72
119 100
100 80
34 84
100 60
16 137
129 36
127 138
72 96
123 10
61 32
80 76
113 111
34 62
64 78
128 69
19 44
34 107
128 137
32 87
115 99
2 110
53 111
35 124
39 80
47 19
123 110
75 114
115 4
90 127
25 122
72 46
27 80
25 51
62 10
75 30
48 0
43 24
97 23
53 106
11 39
6 22
111 23
70 113
100 48
74 116
121 138
8 100
17 53
125 40
30 49
53 1
48 17
106 129
121 88
38 123
92 40
97 67
117 98
56 20
63 135
58 59
7 75
61 75
29 14
129 124
83 24
6 124
122 44
138 146
23 48
119 53
15 5
128 125
13 16
103 104
131 24
106 131
45 28
135 44
22 25
93 130
48 130
42 112
0 5
125 17
16 135
0 44
32 102
38 34
7 107
107 36
35 60
65 134
144 141
23 29
78 43
141 51
15 148
139 36
141 35
109 13
39 82
11 129
120 85
1 76
103 42
16 99
39 6
63 50
18 48
6 31
53 18
84 43
136 42
36 119
78 99
87 91
119 20
130 36
58 20
24 0
10 59
22 32
48 10
7 13
144 97
9 8
30 134
104 49
47 1
109 39
47 21
84 59
83 71
1 106
66 68
36 1
95 10
58 44
14 28
36 125
131 133
6 65
59 6
106 147
28 47
72 42
0 92
103 73
19 54
7 38
43 74
101 87
85 137
138 37
18 101
101 9
68 26
71 91
28 8
141 24
116 124
66 137
113 127
117 7
92 68
125 61
72 123
33 90
24 75
124 88
2 138
13 125
75 123
132 128
8 114
12 20
95 64
103 66
86 14
65 80
120 103
111 26
141 111
23 88
46 24
81 31
70 132
67 21
20 78
36 136
134 12
108 72
58 57
125 96
30 91
39 123
90 40
96 133
22 71
47 75
40 21
41 82
15 32
2 121
63 126
59 65
38 77
23 146
67 86
99 72
119 98
122 2
117 73
101 106
84 69
119 104
130 137
95 137
86 40
9 10
93 17
86 106
54 24
23 78
64 59
84 140
44 98
103 20
99 50
64 81
101 85
29 26
16 113
114 128
18 62
91 56
143 116
112 85
132 137
64 2
2 5
83 15
51 93
19 17
60 92
70 40
81 36
140 64
1 39
123 87
38 22
121 144
62 115
138 7
119 3
112 110
59 2
63 103
82 2
34 75
91 85
106 37
68 65
60 83
64 115
145 90
144 143
53 20
41 106
104 126
141 8
7 30
80 9
103 87
24 36
51 82
113 28
90 77
107 13
100 44
135 80
122 71
40 3
127 134
140 14
91 54
23 85
139 143
100 125
122 142
25 83
3 9
149 74
135 139
126 87
134 105
89 64
126 49
71 130
45 31
15 47
132 29
60 130
21 106
1 77
10 52
87 29
126 69
34 102
45 7
41 123
73 144
50 96
120 84
16 25
112 82
78 96
1 136
99 77
128 36
142 77
62 101
89 80
115 87
35 117
89 53
16 86
125 26
100 38
108 66
44 21
139 75
110 129
65 12
46 89
115 129
131 105
115 88
115 77
57 140
89 24
136 140
78 109
143 121
9 79
103 44
85 145
110 86
41 135
127 111
42 41
110 81
124 19
113 11
62 144
49 8
8 140
140 16
137 48
104 48
34 46
123 105
111 119
26 42
19 51
8 143
129 35
85 2
140 121
72 127
43 138
107 46
126 136
102 136
74 72
100 5
75 140
140 61
88 10
92 6
90 47
51 27
64 8
106 17
84 97
91 84
20 14
101 141
48 30
119 88
100 92
32 86
18 42
40 75
130 69
76 37
113 103
53 149
109 74
82 120
8 68
138 16
38 29
17 146
37 5
94 62
138 5
74 70
21 7
96 79
101 109
5 133
103 46
73 4
91 122
95 125
66 106
134 76
16 67
25 102
140 46
88 22
116 92
124 103
42 46
18 117
1 22
98 9
135 110
107 81
25 14
70 51
12 143
93 70
137 37
27 130
22 41
129 1
39 114
71 25
144 99
20 145
60 97
141 90
83 39
143 37
109 104
117 53
142 74
53 122
69 108
143 113
21 39
80 40
43 61
42 70
38 58
20 128
101 28
22 60
45 25
17 112
121 136
84 3
1 111
126 116
36 14
60 57
45 34
41 46
79 104
70 17
100 135
32 38
12 27
62 50
58 56
70 9
52 97
127 119
17 65
129 111
63 45
57 64
93 148
57 78
72 101
137 105
103 9
11 92
45 62
97 81
14 121
55 39
64 135
27 132
122 132
21 70
63 138
85 104
32 39
82 15
93 32
94 34
33 20
124 115
18 65
148 9
149 70
71 136
62 119
112 8
114 61
147 48
88 71
96 102
111 74
123 115
87 117
22 142
118 93
149 139
124 92
53 6
124 141
56 34
130 122
33 61
21 42
46 97
51 140
126 5
60 4
89 69
92 46
51 136
88 18
142 124
120 141
56 111
4 39
73 130
102 123
146 141
92 21
50 124
146 48
13 95
146 5
116 15
74 13
78 10
86 49
93 55
135 145
146 21
128 86
40 45
69 19
28 21
128 96
37 63
122 64
52 138
8 110
52 17
97 129
57 79
3 95
16 42
47 115
114 99
143 62
13 45
137 108
110 125
78 85
59 7
123 61
50 31
27 4
23 82
139 60
23 27
12 105
50 123
110 122
114 15
75 110
106 135
4 67
75 4
79 103
21 149
11 76
51 7
133 137
38 124
49 79
10 83
19 10
5 35
17 26
30 4
119 2
61 90
25 3
141 12
39 72
138 40
63 107
75 137
123 27
64 25
40 130
125 141
118 52
111 12
20 65
141 119
145 9
99 103
30 61
84 117
92 45
58 48
112 69
144 38
18 27
56 139
114 77
57 49
102 51
57 93
73 43
60 137
139 119
135 92
31 92
32 79
42 12
1 124
6 133
100 140
32 25
129 130
79 124
105 90
139 67
0 137
50 73
32 36
27 17
13 26
52 23
50 122
53 80
109 70
85 138
113 30
30 11
125 78
122 75
35 92
104 29
1 142
102 48
35 79
22 102
104 84
114 92
39 25
79 19
24 41
49 25
21 23
2 22
58 49
2 124
55 25
135 123
38 10
39 119
94 82
118 17
76 28
113 51
107 140
69 82
131 141
28 62
89 137
93 62
62 117
107 96
31 97
8 104
128 116
122 28
1 85
126 24
13 133
141 130
31 138
84 44
27 24
102 5
123 71
148 136
37 24
128 10
100 57
19 48
139 33
117 13
13 62
4 23
40 64
98 20
18 142
46 113
24 66
67 62
84 21
119 69
52 141
30 28
94 112
61 6
14 59
149 113
112 4
104 125
97 6
130 20
8 60
83 133
58 45
111 110
30 118
111 65
41 131
118 101
18 64
87 121
50 81
123 109
14 11
98 18
72 137
96 136
5 40
97 58
136 44
94 89
28 85
143 55
9 86
121 57
40 66
127 109
76 40
77 62
4 88
39 130
65 114
23 87
27 62
49 80
92 144
94 137
105 136
75 118
128 60
6 60
67 104
99 83
149 44
39 8
107 133
124 45
119 133
77 35
101 97
102 99
125 38
117 142
21 4
134 34
51 129
10 30
0 121
21 108
69 68
58 11
13 55
117 81
0 102
3 82
86 28
131 40
38 36
132 61
91 123
8 139
124 33
43 58
125 14
110 69
30 132
76 136
40 29
29 116
40 8
139 31
113 77
116 51
0 29
149 16
37 116
67 96
18 131
138 107
114 11
77 3
77 138
74 37
95 87
12 135
4 107
119 86
123 143
108 79
131 65
20 102
28 27
8 2
146 28
95 120
149 135
86 125
120 99
10 108
24 91
147 115
115 10
51 132
146 136
33 126
81 11
148 100
41 56
11 143
136 139
82 66
102 120
134 22
54 145
2 73
123 97
126 124
143 44
82 48
83 40
53 98
111 59
14 106
111 16
102 105
130 46
135 94
109 69
145 109
6 1
104 134
55 46
128 12
12 8
76 93
10 43
139 42
45 125
7 3
37 9
145 88
43 17
6 29
78 41
128 126
25 117
40 61
11 85
59 89
22 12
56 118
54 86
7 44
89 85
97 35
135 24
30 87
41 1
67 134
31 65
106 52
57 6
51 47
19 29
65 53
147 134
95 124
137 77
77 129
71 124
127 137
14 110
99 13
86 18
94 97
9 32
56 5
11 99
24 56
94 115
81 22
120 91
104 71
20 24
87 62
133 52
25 95
32 101
87 135
83 92
65 116
92 55
125 24
15 28
58 36
76 77
129 141
102 121
29 4
91 133
25 142
67 138
53 13
65 126
105 76
111 72
38 116
58 69
101 63
47 104
76 101
1 60
56 18
98 33
145 51
126 78
130 64
112 120
143 68
17 103
138 119
16 118
83 104
63 144
135 59
21 17
115 53
47 14
137 80
97 111
113 105
68 46
94 81
113 35
49 125
89 127
139 14
147 58
36 100
17 38
20 19
84 1
127 54
108 144
120 36
36 93
36 41
59 132
5 87
111 18
143 63
112 84
32 54
16 95
69 34
102 13
120 134
44 73
78 51
68 135
23 104
27 83
125 137
54 63
115 51
139 2
71 40
105 122
26 114
108 139
118 149
46 15
86 59
36 35
49 42
59 49
71 105
103 132
100 22
43 141
95 18
84 141
18 72
0 130
55 139
116 52
130 59
50 130
1 23
103 70
97 95
1 71
36 82
114 102
46 60
83 67
19 70
34 129
115 31
29 91
132 55
147 143
84 35
146 149
11 60
42 97
103 81
71 120
98 121
108 52
66 107
35 1
16 19
68 99
107 75
38 131
65 93
85 44
74 3
46 26
117 120
134 35
16 4
133 129
44 50
29 126
142 80
92 143
8 109
102 142
34 64
30 127
26 149
125 55
97 74
44 130
136 21
14 35
67 116
119 60
23 62
58 95
125 60
85 147
33 102
31 52
115 93
68 59
45 2
31 61
19 134
66 124
58 50
137 69
21 91
84 124
83 147
103 45
103 15
61 38
130 149
12 137
32 149
59 39
7 31
47 121
46 84
16 71
98 8
148 56
7 126
78 61
58 126
93 99
123 48
76 14
45 41
79 15
139 94
120 66
40 44
71 128
49 89
64 46
62 42
119 129
106 105
126 47
4 59
101 135
13 66
60 89
80 3
46 138
76 72
29 51
75 52
3 101
35 146
136 118
24 71
51 131
57 117
118 43
12 29
90 26
62 72
3 5
29 15
145 101
136 144
55 131
23 122
129 60
46 86
50 61
66 138
131 108
91 11
93 53
23 102
50 75
40 46
11 121
118 107
120 41
56 124
119 64
136 75
31 130
17 94
7 111
122 61
14 74
6 64
111 43
121 23
49 21
100 105
141 50
134 23
70 114
28 74
133 1
78 120
32 17
29 80
45 35
133 55
37 85
86 22
133 42
75 93
93 95
48 138
76 32
72 106
118 85
45 80
132 24
40 142
132 145
37 13
84 73
149 142
39 77
149 59
50 8
145 146
20 85
104 64
6 93
117 114
86 24
123 0
61 55
93 79
100 63
141 6
79 131
106 83
136 141
0 41
36 145
119 143
104 2
35 47
5 32
109 46
143 2
65 39
98 139
87 124
81 2
14 77
71 57
130 62
0 108
123 106
124 62
33 43
52 48
93 13
107 116
67 59
135 49
118 26
140 48
54 78
68 51
36 121
111 6
114 110
5 148
107 44
106 92
86 82
139 106
9 39
78 134
130 37
83 26
90 58
94 53
100 24
106 76
95 114
149 134
89 77
130 99
93 117
38 96
61 74
75 90
88 82
72 131
49 106
1 107
107 106
27 39
8 94
145 46
64 67
144 31
113 100
6 138
29 94
9 38
8 107
131 97
123 82
14 83
144 56
56 40
76 139
68 7
115 83
43 45
68 145
34 33
7 18
102 50
104 107
40 27
92 107
19 75
55 27
121 106
34 5
37 50
93 34
145 1
78 74
2 38
6 100
147 105
128 62
58 100
118 89
129 42
125 105
96 23
61 81
36 71
96 109
8 93
149 6
25 23
7 96
53 85
100 2
7 127
46 148
31 19
9 1
121 99
47 149
85 49
149 8
48 80
135 29
53 64
118 21
8 142
96 143
135 91
41 134
35 41
118 122
60 27
76 141
105 84
30 137
0 74
140 83
104 22
22 105
2 60
57 55
37 35
147 41
42 36
130 116
0 78
87 85
94 90
3 98
8 36
100 40
13 76
68 32
72 97
4 50
16 146
14 107
77 70
98 74
5 114
98 55
147 142
82 114
76 8
143 83
90 129
125 46
48 2
109 11
132 136
7 94
103 7
135 132
61 46
52 100
93 68
129 50
81 1
1 26
146 26
56 126
94 92
58 79
128 24
41 91
137 38
48 85
147 50
5 143
57 45
75 89
107 108
120 38
1 113
97 16
90 79
109 73
6 101
105 145
105 43
123 124
70 129
99 35
29 125
69 51
9 116
13 35
23 61
81 20
21 141
122 89
64 22
143 104
12 79
48 126
120 62
137 7
111 84
65 76
51 112
59 51
83 28
5 120
63 69
27 126
138 118
136 55
111 83
135 146
80 116
36 48
22 75
0 43
71 18
87 104
25 31
113 12
5 20
148 131
8 103
146 144
45 112
95 20
31 60
94 147
53 67
87 70
59 22
115 100
143 64
38 41
92 51
123 86
109 22
121 73
17 12
149 106
41 100
79 43
122 100
44 29
27 48
69 64
64 56
38 76
132 78
28 60
90 72
125 53
6 67
96 113
4 126
25 124
127 55
116 146
79 60
93 144
111 102
31 105
15 24
119 135
45 9
67 101
124 110
24 14
33 110
67 8
53 73
87 1
17 113
56 136
112 122
46 5
59 124
74 26
88 19
142 104
115 105
41 23
144 145
20 25
1 122
126 80
55 75
55 76
116 99
84 0
123 92
138 104
70 101
115 80
0 37
30 138
45 61
82 58
119 102
64 9
62 96
38 45
39 33
107 87
79 82
122 128
25 42
78 102
134 57
98 90
23 100
25 100
16 17
89 51
146 12
52 115
144 17
78 68
95 28
101 104
80 6
136 16
117 144
68 118
34 63
144 138
60 148
149 119
69 83
16 5
55 17
3 114
25 141
116 141
6 82
125 11
137 107
133 46
74 92
127 123
148 135
141 26
82 122
14 99
138 94
145 116
101 115
113 88
64 52
142 89
61 62
104 147
149 131
89 140
38 94
68 23
29 115
148 101
113 37
130 97
99 148
26 30
32 50
64 33
125 102
80 1
65 105
92 36
2 140
6 15
70 75
75 66
28 65
11 3
89 139
121 25
39 66
68 53
90 126
3 148
105 111
133 99
83 50
69 15
41 113
105 118
121 22
28 61
108 123
41 128
112 24
81 87
123 15
56 86
93 41
136 123
6 70
140 74
77 15
29 9
111 143
79 54
31 30
27 8
123 34
52 77
139 19
136 62
25 105
82 85
66 54
117 140
50 39
103 64
22 70
10 22
15 4
107 19
103 145
90 51
82 147
127 107
59 99
89 138
121 103
47 86
23 28
65 141
87 109
119 122
60 116
0 52
109 110
93 45
54 26
59 143
30 13
93 91
127 68
137 4
68 62
147 37
55 37
141 100
59 110
39 49
104 14
110 134
28 35
119 24
110 0
16 54
119 45
44 35
76 70
120 113
27 127
75 37
5 11
13 54
92 58
127 45
123 64
22 114
8 86
107 78
18 94
26 33
79 47
23 19
97 33
120 65
59 16
133 92
58 113
102 29
104 75
49 71
59 121
89 5
142 54
124 96
55 144
42 54
99 30
43 48
126 39
93 52
127 63
0 80
84 47
72 41
72 24
23 59
0 126
86 52
86 61
11 64
60 12
7 64
105 128
82 137
87 12
33 91
100 1
130 74
103 51
82 145
122 94
138 101
5 28
5 1
40 144
21 132
17 95
99 64
130 15
76 78
133 140
1 135
116 55
54 113
142 98
82 133
21 26
43 69
77 88
107 30
114 57
105 48
123 5
144 35
88 28
113 146
126 35
117 139
105 143
64 138
86 121
134 88
129 21
113 55
4 95
24 127
43 127
79 24
100 0
53 75
4 53
105 77
1 149
99 20
101 78
56 89
105 50
71 26
81 62
4 41
21 109
15 100
98 16
57 72
37 78
0 22
118 92
50 92
103 29
117 41
144 100
145 108
5 135
22 131
140 81
96 8
25 128
69 14
134 46
72 141
35 74
110 29
67 127
32 80
125 131
63 59
65 62
76 22
72 119
61 20
83 53
48 74
112 29
91 103
88 73
5 13
142 64
120 12
61 144
73 69
39 69
145 6
107 94
53 37
64 39
15 126
129 15
32 42
145 32
82 132
5 117
38 69
13 146
13 121
100 17
88 36
31 141
130 2
134 47
4 77
44 5
124 104
124 143
105 0
97 136
57 76
50 91
129 148
99 39
69 134
76 81
7 135
62 84
71 107
127 94
88 7
42 88
61 149
73 30
64 54
24 77
19 72
64 35
62 76
115 37
147 74
58 133
142 63
35 88
103 137
3 48
55 88
141 95
72 11
82 138
126 10
11 45
25 147
136 47
134 109
105 146
39 3
83 93
50 38
32 78
71 11
29 77
66 83
70 71
51 18
63 10
101 149
104 18
110 30
41 67
100 82
82 102
117 122
139 116
41 44
31 41
109 18
84 77
12 26
79 65
91 134
143 25
99 6
18 20
49 148
135 19
110 27
36 26
122 26
63 39
116 77
22 74
32 18
116 118
139 100
71 27
108 57
92 20
58 101
54 20
138 92
14 75
66 118
36 114
119 0
98 105
149 42
139 46
77 41
128 19
110 92
117 86
12 7
51 135
136 138
79 72
83 89
68 98
57 19
24 81
122 15
16 142
115 42
74 80
59 125
29 33
124 145
79 123
52 5
98 106
113 118
35 6
106 63
106 42
140 85
102 90
127 146
41 96
81 51
22 91
44 116
137 29
47 7
81 71
32 116
9 23
63 21
36 142
38 13
119 52
98 123
125 123
69 106
71 56
102 137
95 70
12 115
131 130
80 118
7 39
129 79
24 40
143 133
45 8
17 105
107 69
98 115
1 50
24 4
87 13
108 124
99 15
20 120
103 74
57 23
108 54
42 3
54 1
28 137
125 143
43 56
73 26
31 116
51 127
108 91
102 95
14 45
132 69
33 8
45 82
146 120
116 2
102 76
58 3
106 46
2 68
111 142
20 137
15 19
77 19
44 25
32 14
115 60
23 130
61 59
88 105
86 105
51 95
28 43
79 145
80 108
130 92
110 141
40 88
5 64
64 79
76 3
132 49
134 63
143 24
141 106
92 142
75 138
98 104
10 96
18 144
96 121
96 140
72 35
2 42
14 66
94 13
83 36
132 20
100 134
107 91
130 43
80 25
141 70
113 63
61 36
112 41
145 118
17 114
57 7
126 60
112 104
125 81
34 43
75 21
13 9
147 78
21 20
69 37
79 31
40 37
103 30
45 65
77 103
58 137
50 49
53 71
83 117
6 94
45 24
135 2
57 82
147 71
122 59
6 28
27 70
3 147
26 50
124 65
3 24
17 124
134 80
121 131
30 136
81 38
21 65
19 142
65 129
30 51
35 82
122 133
0 98
110 105
36 23
6 127
8 71
140 29
29 92
111 98
97 113
133 78
127 103
136 39
130 41
37 25
12 48
74 6
91 130
7 4
70 126
28 116
113 5
88 96
15 142
89 68
57 68
43 131
90 93
50 133
136 130
127 131
4 140
34 1
129 125
69 142
94 68
79 105
70 128
125 67
50 17
23 12
126 137
38 20
16 78
13 44
103 76
36 126
10 87
84 92
113 60
60 87
146 112
81 79
101 137
121 64
9 141
99 40
126 54
13 132
105 124
23 67
98 88
87 96
36 112
89 88
50 115
8 59
127 87
74 139
108 46
111 57
118 131
126 84
99 104
80 38
143 60
126 91
16 96
81 93
81 69
115 104
13 139
80 26
77 82
61 9
135 8
90 108
146 89
142 94
78 108
136 74
94 22
42 114
0 66
32 95
27 144
89 58
92 119
131 13
114 122
128 21
57 141
44 71
4 3
16 26
102 69
71 140
47 12
23 118
112 16
90 19
138 133
122 55
43 94
0 107
86 99
72 51
59 136
143 73
19 39
7 1
25 15
104 92
4 54
63 51
12 53
12 38
140 101
131 94
120 101
47 63
118 88
45 75
49 34
65 138
120 98
29 98
122 43
66 53
19 0
52 112
70 62
100 131
143 38
68 109
134 20
13 72
47 17
49 102
51 57
78 145
76 19
4 13
36 64
141 83
38 28
108 61
18 115
72 122
138 112
137 57
49 20
92 10
86 37
35 128
38 39
60 63
13 32
91 61
105 140
108 25
8 5
58 55
108 70
17 63
148 102
52 12
128 104
65 35
22 66
99 10
59 117
108 63
113 147
106 130
58 51
141 41
63 133
118 77
36 7
106 103
32 112
109 92
65 57
83 113
3 69
65 149
37 58
73 78
137 112
148 45
66 76
39 91
60 43
27 58
66 133
59 24
101 45
88 107
148 48
26 23
53 113
74 55
124 72
118 44
71 38
12 101
81 118
99 101
83 119
37 84
11 53
52 38
37 18
89 57
78 100
97 24
27 14
25 93
113 131
6 119
133 111
60 144
137 23
93 19
24 65
55 146
106 119
8 13
71 92
82 26
105 19
111 91
27 19
89 27
23 119
2 9
140 82
106 8
145 102
136 33
146 42
7 6
94 15
21 45
88 9
142 115
99 110
104 141
57 77
42 90
11 32
23 148
32 99
81 92
32 62
2 77
101 124
120 10
14 38
46 25
111 38
124 30
17 59
85 106
40 6
30 44
122 88
38 63
106 142
50 137
119 15
132 96
22 57
60 94
107 111
144 29
60 52
28 4
16 101
105 141
122 13
101 82
137 138
9 122
38 88
29 57
0 67
115 96
77 65
7 128
18 100
110 127
127 122
139 104
129 134
60 142
74 143
19 117
68 125
115 91
44 56
29 130
98 91
31 104
11 97
8 56
16 130
41 83
16 125
59 142
147 70
110 87
48 25
96 137
87 125
107 24
103 21
6 32
93 126
26 133
76 123
104 30
70 72
27 43
119 63
122 111
34 25
76 140
86 42
123 1
140 92
57 115
130 26
117 141
71 31
66 69
43 126
83 98
103 112
146 125
55 3
112 92
138 117
110 89
52 32
133 104
60 73
78 98
40 127
25 134
30 27
50 24
91 17
98 84
79 140
101 102
1 148
26 9
64 108
136 52
0 77
12 132
22 29
140 65
48 93
90 128
77 144
12 95
136 63
44 96
35 70
14 31
79 50
92 79
35 42
127 96
53 63
149 89
22 52
111 75
143 7
88 104
6 85
71 78
78 22
18 23
11 137
134 24
74 144
76 86
8 44
71 127
101 92
87 148
133 61
6 147
18 55
109 126
51 80
85 102
114 29
61 26
47 103
17 10
27 21
118 55
11 28
67 3
123 16
46 58
3 44
84 40
53 70
11 111
109 146
81 89
22 141
80 81
49 62
3 146
12 0
85 16
103 146
73 135
87 111
128 85
56 10
7 123
66 63
22 30
65 89
21 53
34 127
105 130
10 144
113 93
66 122
99 67
132 75
140 36
135 113
100 33
37 17
146 22
9 127
65 66
56 28
0 139
6 148
17 78
89 43
79 70
73 33
26 49
9 4
5 103
17 140
134 107
61 22
5 90
145 75
38 87
108 120
130 42
128 100
55 23
80 149
38 95
38 62
23 44
24 52
134 126
5 134
85 18
47 3
12 40
66 110
79 125
12 6
26 8
146 32
104 13
13 25
116 96
7 124
99 143
139 68
65 36
25 145
141 40
95 107
94 3
81 37
8 125
7 78
112 125
28 51
2 34
137 140
16 148
135 140
36 16
79 86
17 101
22 101
19 111
62 129
75 92
131 88
37 112
147 127
50 36
120 97
132 45
127 0
51 23
62 133
13 138
39 17
62 2
143 0
21 35
20 135
33 121
51 6
11 102
61 134
29 59
23 16
137 144
112 13
6 9
96 97
17 122
142 37
95 5
47 45
135 61
37 26
79 11
10 42
86 113
91 137
60 117
19 40
42 20
27 112
18 17
148 26
132 83
79 139
47 132
49 123
114 139
20 50
137 74
122 10
132 98
123 65
7 41
116 94
14 149
66 50
57 96
61 136
70 2
54 40
84 142
63 92
100 136
72 81
77 21
89 42
20 142
24 85
75 103
122 93
72 105
67 129
144 70
113 69
106 30
62 44
88 60
76 25
85 5
135 89
106 19
104 111
68 15
21 37
73 76
28 127
75 20
132 60
132 142
110 45
63 71
117 12
148 144
78 91
59 45
43 137
18 126
88 12
67 74
64 148
129 64
59 77
121 21
127 66
138 33
16 114
38 133
54 31
92 18
117 104
106 124
129 68
46 147
79 143
131 102
32 40
29 47
47 74
26 70
41 21
28 68
7 125
116 115
130 119
116 98
69 79
104 25
0 61
125 37
23 125
66 126
70 122
64 72
134 16
3 71
68 50
109 16
112 141
131 126
43 147
28 75
43 97
148 33
46 128
10 81
36 96
73 86
117 28
24 93
93 96
10 100
44 10
102 42
97 78
94 123
135 103
4 46
42 15
36 17
118 40
142 46
115 74
134 82
10 26
22 138
43 98
60 48
12 149
93 134
137 32
49 124
3 87
24 26
37 133
4 143
124 130
141 15
51 97
38 118
109 10
27 11
12 46
99 105
57 118
148 96
34 41
146 56
24 12
63 111
79 88
60 19
130 51
15 14
10 72
17 29
36 11
145 91
102 94
113 141
131 26
98 48
40 132
142 0
136 127
108 134
24 95
134 146
57 144
93 14
142 109
95 0
64 120
109 71
77 127
134 51
95 35
129 53
37 51
53 130
44 120
135 62
134 141
35 106
26 137
3 68
145 98
28 103
32 115
35 131
41 119
107 52
95 121
16 64
41 140
86 118
78 70
134 135
2 120
139 49
136 60
149 105
26 116
116 103
33 144
141 122
68 91
42 28
68 25
10 94
148 137
74 32
63 18
70 106
57 0
78 111
142 131
86 94
4 98
100 49
61 29
126 71
26 91
74 27
62 48
118 70
82 106
41 146
0 49
49 122
53 34
136 65
62 100
35 19
59 31
10 82
144 12
70 92
119 142
144 16
117 64
140 38
131 48
90 97
39 57
28 49
118 73
93 101
146 94
52 125
123 126
120 54
149 81
103 11
125 12
85 43
68 101
49 2
84 116
62 0
69 11
23 31
131 52
2 11
119 107
46 137
5 61
91 53
139 35
148 92
7 132
64 76
120 125
87 129
106 88
20 59
55 89
87 147
87 48
91 40
91 110
40 106
43 62
43 37
93 110
94 93
73 81
123 60
55 135
14 64
113 52
31 62
57 34
126 81
80 37
41 75
7 14
118 50
145 123
6 84
114 14
37 34
120 27
126 102
68 102
9 41
6 107
28 67
44 66
134 87
121 5
138 50
122 140
40 133
66 146
117 51
54 99
26 77
120 23
117 116
140 9
48 118
98 138
0 3
11 124
127 98
114 50
50 67
104 145
26 47
92 17
98 39
6 86
56 87
119 38
57 12
16 69
28 118
124 100
3 122
19 141
26 59
1 112
139 11
80 114
37 79
70 112
48 34
140 20
65 115
64 13
0 55
67 82
139 83
123 24
111 55
52 128
123 63
3 96
119 93
45 78
55 121
100 20
105 107
1 2
114 59
17 25
2 51
109 124
148 145
84 17
120 126
78 47
92 90
97 82
101 96
35 23
108 40
116 138
57 148
33 116
41 26
135 52
108 118
27 106
98 128
97 3
72 135
96 9
64 127
85 84
139 50
24 5
119 59
113 78
65 107
23 89
136 43
14 94
45 15
145 40
10 97
44 22
119 123
65 82
42 96
121 101
67 130
87 89
137 114
33 94
129 140
104 70
61 15
139 93
77 96
40 104
144 41
79 135
101 94
72 67
125 114
117 44
73 24
113 136
122 4
142 145
148 47
54 77
122 18
86 26
48 72
128 32
77 30
127 74
142 3
147 14
51 104
18 130
11 77
137 120
90 1
12 54
141 115
117 92
108 51
70 23
63 149
113 80
42 120
67 45
69 94
125 19
139 110
34 139
33 42
89 78
66 112
7 71
6 118
1 74
69 140
73 8
30 122
105 60
73 57
119 140
38 130
4 47
130 147
143 61
76 129
68 45
133 0
35 110
55 94
25 60
83 29
79 149
136 28
133 95
66 98
73 92
31 84
51 147
14 148
138 71
142 6
35 2
130 11
19 7
146 43
127 48
5 9
86 77
40 59
58 117
25 2
100 39
88 102
81 85
3 140
3 72
80 103
64 27
139 40
2 84
71 6
60 42
82 64
64 74
19 25
63 23
74 146
46 62
36 5
115 40
55 147
145 12
113 59
64 28
87 37
82 37
37 31
27 10
59 107
74 87
47 43
137 88
89 93
117 97
87 86
31 121
110 36
15 95
87 144
37 52
147 13
122 149
32 84
39 44
137 64
24 6
0 71
25 137
37 101
4 142
48 141
57 63
83 20
135 21
147 124
45 105
80 59
101 73
54 123
71 133
141 60
135 22
18 70
19 59
44 138
30 47
23 58
111 3
65 128
32 103
70 30
49 12
104 105
134 39
36 105
138 34
26 31
108 93
104 6
19 104
132 10
144 88
58 119
94 85
141 64
101 112
57 147
56 62
140 44
37 70
10 58
106 134
138 141
73 139
102 116
139 59
96 108
140 22
101 64
2 129
51 65
58 18
143 47
133 60
117 124
31 98
72 129
133 49
96 92
88 90
34 98
18 108
50 56
84 125
52 78
5 23
26 104
126 77
115 21
142 55
48 75
123 144
14 122
67 145
137 67
22 119
114 64
124 89
84 42
99 19
79 16
142 12
113 44
65 1
17 107
139 130
1 127
147 120
68 113
106 43
71 76
123 17
47 118
58 86
96 149
136 114
112 55
6 128
98 7
125 50
110 131
118 22
25 140
59 138
18 26
67 54
45 128
62 89
63 98
19 4
100 47
124 18
60 109
33 13
40 26
126 41
138 110
31 8
42 82
129 71
99 29
32 114
78 115
36 37
117 71
2 31
138 56
30 86
22 42
4 117
131 99
51 5
35 20
116 14
139 18
97 88
83 128
144 131
34 118
30 96
40 57
46 33
92 53
104 90
143 6
60 124
47 144
89 133
23 66
142 24
110 80
76 116
5 86
120 89
61 48
21 14
29 25
86 38
0 10
94 87
33 1
43 109
99 52
121 40
21 34
95 89
10 129
63 29
41 115
138 57
18 43
35 103
86 74
109 102
105 16
21 46
98 107
11 13
55 31
131 74
58 19
7 102
25 138
77 98
99 69
135 81
10 141
11 49
101 86
18 69
7 52
71 74
108 102
79 132
65 27
65 121
105 24
124 127
106 99
105 7
42 145
8 132
117 17
94 133
149 29
57 25
38 42
58 16
136 98
116 105
19 121
133 114
143 77
11 141
37 6
135 128
111 45
92 33
55 16
86 114
48 88
60 96
68 1
131 136
20 1
79 68
20 89
124 21
144 113
36 13
74 126
77 146
19 85
43 7
33 27
78 2
9 117
138 134
139 52
76 51
148 122
125 34
148 133
135 117
148 81
60 149
20 94
39 5
98 42
109 56
143 36
42 138
73 16
52 44
6 83
50 16
94 124
128 113
75 1
136 53
147 18
35 57
106 136
101 71
54 111
86 102
95 94
29 141
8 48
92 127
107 62
116 25
121 148
38 127
81 147
84 93
61 129
23 3
22 58
7 146
23 34
70 94
143 134
77 72
144 72
26 119
129 0
27 92
7 72
52 127
117 107
93 127
35 90
25 119
77 78
76 118
121 44
2 65
4 134
120 60
99 129
135 28
1 132
45 52
85 133
118 41
37 124
90 12
122 87
40 103
33 83
35 30
130 5
80 123
28 92
103 62
34 144
42 67
28 102
46 144
18 119
31 124
137 36
20 121
142 26
142 68
12 99
85 77
78 1
32 147
95 2
28 79
25 58
75 141
23 115
143 131
140 139
66 117
0 14
58 34
111 86
123 40
24 60
23 141
61 66
11 134
121 92
5 31
34 42
121 124
113 0
12 123
88 72
41 149
74 99
77 121
115 2
29 7
8 25
61 110
87 71
122 80
39 139
147 20
144 98
52 73
94 117
122 37
116 108
116 68
90 62
47 106
81 42
53 116
145 119
68 83
9 40
80 43
11 138
51 114
136 81
147 29
17 5
131 9
26 144
62 138
11 108
45 81
116 43
139 126
1 28
33 63
81 63
98 97
45 94
96 122
100 102
85 56
128 66
97 142
110 37
10 149
63 117
118 137
10 148
29 90
147 22
11 4
133 3
41 79
89 103
9 81
42 113
100 112
132 14
8 75
93 135
49 69
107 50
82 72
30 24
12 82
144 94
108 73
121 112
12 74
12 109
64 47
32 31
63 55
133 53
6 25
66 15
65 75
85 72
49 61
11 18
14 37
138 142
84 4
26 69
66 8
50 64
13 130
39 43
119 46
68 124
5 38
106 145
89 131
122 58
17 143
130 52
97 59
11 83
55 67
42 24
70 15
73 147
99 18
142 72
41 121
46 104
130 47
96 31
66 51
70 43
125 119
45 4
7 22
29 109
81 59
43 65
83 96
95 144
18 34
58 77
73 129
9 147
57 50
64 83
13 17
29 81
28 110
89 128
10 124
87 132
32 24
144 4
105 96
109 24
96 21
68 22
100 93
93 20
17 49
82 38
55 85
70 123
11 122
112 97
61 52
15 54
83 101
40 74
55 10
4 103
85 32
74 17
6 72
83 55
78 9
126 95
60 13
27 118
118 18
2 10
123 29
120 138
62 85
142 108
69 53
104 68
111 33
42 23
93 1
36 117
72 130
33 141
134 72
126 6
84 128
121 111
133 93
14 84
130 8
19 8
0 23
134 62
66 41
111 5
66 115
71 43
87 16
3 91
141 74
23 86
102 4
29 100
101 130
133 12
25 54
100 50
52 41
77 7
93 27
130 86
56 131
35 143
48 128
33 113
49 31
104 3
138 130
65 100
141 118
9 60
52 13
108 49
9 72
39 128
38 51
119 34
33 9
2 106
61 41
38 135
140 110
70 28
111 114
44 111
106 89
26 128
148 105
18 128
40 134
137 65
87 26
119 51
88 61
69 120
24 64
48 59
61 147
52 16
115 146
51 99
84 102
64 37
8 136
60 61
149 87
54 34
61 21
93 38
93 77
87 33
109 90
137 142
41 103
26 62
141 49
2 98
15 90
29 73
63 6
75 83
21 120
117 82
15 87
72 34
44 76
148 130
73 71
123 11
54 68
31 40
60 32
145 53
59 79
18 16
52 74
115 49
115 76
124 80
119 49
18 116
76 43
132 71
2 136
110 72
15 33
64 29
125 145
75 100
75 63
137 134
15 89
67 39
113 95
62 20
128 87
43 35
18 120
73 93
28 73
84 83
89 72
21 99
60 53
74 19
102 134
79 73
27 20
103 50
60 85
144 24
110 31
118 67
80 16
45 70
125 2
87 139
67 81
10 13
119 81
57 53
133 36
31 134
78 75
114 147
2 92
139 107
77 125
110 6
54 80
125 121
80 70
5 6
16 110
10 70
65 86
110 52
81 52
129 57
81 17
134 71
80 106
72 38
32 21
1 55
51 74
60 55
114 93
113 18
18 79
105 93
78 119
98 64
0 27
55 104
8 113
34 20
7 145
107 39
6 115
125 138
136 45
49 10
133 8
149 75
81 133
123 85
82 25
80 88
7 54
52 91
14 146
4 93
132 125
29 136
33 112
23 79
48 96
48 90
103 102
57 98
141 135
139 92
142 11
42 5
6 134
109 131
134 50
86 122
32 126
22 115
20 133
97 56
49 15
109 26
66 34
144 75
50 6
119 131
53 105
18 80
36 31
36 4
51 96
58 17
111 35
117 80
6 135
140 19
81 57
110 48
95 146
13 136
108 47
146 30
120 123
133 56
85 51
139 109
78 117
81 96
55 9
79 136
21 114
147 52
145 24
73 115
140 53
13 141
83 12
101 119
126 130
21 80
107 16
30 97
140 111
19 41
41 95
21 110
64 84
37 1
146 106
17 11
33 11
12 126
94 11
41 89
146 86
46 94
54 88
17 104
41 76
129 41
21 117
125 41
13 80
41 70
8 69
110 19
57 99
10 139
103 18
88 17
75 6
56 79
58 143
42 43
21 105
67 114
29 120
2 145
138 123
126 19
1 140
20 31
117 146
56 23
38 26
94 44
130 57
127 145
91 2
85 79
105 33
29 68
47 34
90 55
118 90
126 121
50 113
34 15
126 9
112 135
3 125
112 133
143 46
109 67
104 81
21 131
134 99
119 14
145 45
143 72
128 33
99 91
74 69
0 76
129 56
142 57
68 81
73 64
83 5
83 109
141 53
114 58
124 26
125 48
48 92
26 67
144 14
17 142
13 43
72 132
57 145
30 21
35 52
72 68
84 8
34 88
147 69
84 57
23 38
142 99
104 44
55 11
64 126
59 9
129 100
48 129
29 31
132 76
147 129
3 63
134 124
132 6
71 137
129 24
6 140
0 106
61 89
60 56
4 148
130 128
72 33
78 103
85 144
127 91
42 61
128 120
8 122
107 82
89 3
90 100
82 75
124 85
58 76
61 102
80 33
15 91
118 64
138 88
26 27
41 110
148 84
70 89
77 92
114 73
4 26
42 52
145 137
25 18
48 95
61 100
140 112
4 33
18 73
121 74
46 63
139 41
45 123
54 14
130 66
138 14
32 82
15 104
10 11
143 117
88 57
102 135
49 131
104 130
85 99
38 35
49 32
136 142
140 39
96 110
41 50
17 129
2 3
94 120
15 27
106 62
34 137
124 0
118 124
86 149
118 31
35 112
87 93
108 135
129 127
97 57
146 36
75 146
70 49
148 116
7 34
38 24
60 78
47 83
89 12
123 28
90 89
90 143
40 52
35 116
139 86
98 126
145 37
91 136
54 133
44 37
118 25
106 127
83 34
109 57
149 133
103 38
82 110
110 148
49 83
101 74
11 101
20 9
77 10
46 17
50 127
135 53
12 118
62 102
18 75
95 132
44 2
42 75
76 68
44 92
95 36
51 10
31 76
12 136
92 14
94 104
68 138
114 55
139 64
102 55
121 8
15 143
114 126
132 92
8 119
54 122
67 51
38 65
121 54
87 73
62 146
4 119
88 21
11 31
136 95
88 123
93 80
21 15
149 27
110 107
53 88
110 18
24 94
1 137
67 43
41 90
8 0
79 21
43 90
114 113
97 147
78 72
11 1
126 83
4 6
142 29
27 99
50 18
92 49
105 74
77 49
7 90
59 128
34 133
96 98
91 90
84 129
50 140
136 27
58 125
26 15
3 65
55 26
79 89
44 69
14 136
75 51
54 141
147 111
96 32
57 131
45 19
60 103
10 73
126 17
81 127
87 7
33 65
41 98
80 140
18 140
115 86
130 17
80 138
67 57
44 11
18 105
140 56
58 26
36 22
58 115
52 134
146 27
139 43
128 2
116 58
114 35
34 6
113 132
142 86
56 149
68 75
3 141
144 91
93 132
83 122
8 77
37 4
74 65
98 146
56 81
22 133
89 107
29 16
14 71
69 55
124 14
3 61
72 0
102 17
124 22
128 58
76 53
90 16
63 78
3 62
15 30
43 144
70 135
112 62
55 62
59 54
144 59
78 80
70 14
48 63
141 114
81 146
29 88
145 56
28 36
144 22
19 92
76 114
128 40
144 50
42 71
129 16
112 129
19 136
86 124
5 49
65 29
59 103
116 22
31 122
117 149
118 63
20 104
140 30
99 119
92 64
107 57
101 30
21 48
129 149
134 128
57 17
87 133
72 147
50 104
21 126
106 48
107 10
47 89
128 88
6 62
84 28
144 130
127 76
113 31
149 104
33 50
52 96
35 145
131 4
122 124
25 90
139 121
50 132
67 71
17 15
16 104
87 21
53 42
13 23
70 98
83 13
38 109
1 86
87 28
92 85
130 146
65 73
78 6
30 23
117 16
92 120
81 53
131 117
25 106
143 13
24 8
1 45
50 3
142 139
111 32
56 1
77 56
114 28
125 72
30 135
33 44
24 149
142 79
62 91
116 127
67 79
56 73
19 14
113 115
132 112
3 60
117 45
148 118
44 1
89 6
63 72
110 51
108 14
94 130
58 8
83 120
51 124
86 83
96 86
86 103
36 27
79 2
40 60
53 104
72 117
80 15
71 118
129 12
44 51
101 126
119 71
46 81
127 21
145 72
64 128
26 57
132 17
12 61
44 20
132 105
124 135
67 31
4 81
16 49
92 108
103 111
134 1
91 96
82 142
10 68
49 56
64 55
90 67
145 5
145 34
42 104
137 39
140 47
73 46
116 27
20 112
9 114
95 49
44 137
112 111
102 89
104 137
42 101
50 23
3 12
58 30
20 48
94 148
0 65
99 41
26 97
81 54
37 57
47 23
50 98
110 5
37 93
149 114
102 87
79 20
98 59
120 4
109 2
43 31
77 75
147 139
49 27
86 66
65 109
19 146
134 14
102 40
33 30
88 99
67 111
23 128
39 103
120 110
113 73
63 2
103 57
140 28
134 15
149 73
113 61
106 15
118 97
109 55
139 145
84 63
115 130
88 130
141 80
107 58
118 60
47 129
81 58
52 105
68 49
137 122
29 131
25 11
121 10
134 113
44 15
77 135
128 63
95 6
0 131
133 110
51 53
23 65
15 140
79 110
24 16
102 47
115 117
68 119
64 116
145 38
43 68
77 128
102 21
110 137
51 22
78 144
118 69
81 30
27 2
141 149
106 93
99 3
98 10
90 14
25 72
147 101
126 44
79 113
85 148
100 67
3 35
111 92
21 116
58 62
41 109
3 145
62 25
114 79
40 107
51 46
136 46
105 91
57 120
83 142
23 32
23 54
77 111
91 31
36 94
45 26
45 0
29 111
114 72
109 75
100 72
32 44
41 57
12 94
98 69
106 65
52 27
122 120
23 83
71 113
1 49
30 115
0 13
48 39
62 132
27 107
136 73
25 1
66 143
37 61
114 34
24 51
19 137
34 55
47 135
81 28
30 64
23 103
103 26
60 102
118 102
25 130
129 31
97 89
37 98
47 6
33 134
79 134
5 147
45 36
36 20
85 76
57 125
31 42
23 84
132 101
78 48
120 51
49 53
139 27
58 91
63 112
88 133
10 93
65 26
64 66
116 8
71 29
61 73
86 135
99 89
146 10
50 136
10 23
129 109
90 23
125 76
122 92
11 116
107 32
95 40
91 36
79 34
90 103
133 113
20 40
68 70
126 14
41 92
104 121
47 95
1 8
144 133
48 56
68 132
149 92
26 3
28 7
89 37
98 92
93 2
112 26
120 7
56 121
71 141
22 83
73 107
8 37
36 73
55 38
131 7
43 88
116 36
107 93
108 6
58 120
38 68
20 3
83 19
43 22
130 19
139 24
51 36
84 20
2 76
137 33
72 37
83 110
32 94
91 8
31 135
47 11
76 34
120 76
96 28
137 17
34 136
56 128
119 85
69 20
127 82
56 143
9 54
130 113
130 54
37 47
143 9
75 67
107 45
2 40
66 49
14 100
89 86
99 42
46 67
115 0
9 75
41 10
18 84
52 6
5 50
5 141
70 136
80 133
8 18
11 95
15 86
93 23
3 22
35 125
0 30
31 21
23 101
17 3
27 42
120 72
129 118
8 74
85 83
137 147
124 57
81 8
101 38
9 99
108 27
65 71
104 73
129 81
8 131
110 23
8 34
147 86
54 10
130 76
91 102
64 134
27 81
50 47
134 144
112 7
68 115
85 108
9 62
42 144
90 18
2 75
3 128
45 5
40 143
1 118
70 58
78 128
124 144
68 88
30 14
86 108
9 30
24 121
5 29
18 141
126 2
24 88
52 65
134 94
25 125
112 14
109 100
142 47
72 58
96 118
104 74
77 40
28 91
55 22
38 84
56 141
94 91
118 14
110 53
54 73
11 68
141 0
102 79
4 17
132 4
14 34
36 39
12 93
20 72
97 49
148 141
133 72
66 10
43 113
58 142
41 64
92 88
37 49
39 129
79 77
35 96
4 135
29 69
56 100
107 135
78 90
68 74
30 52
82 4
134 98
63 35
106 97
5 131
39 51
111 69
102 53
110 98
30 74
128 68
10 3
77 130
63 88
0 64
8 11
70 131
39 117
132 46
78 18
124 107
115 111
133 134
144 111
104 131
55 51
70 32
108 45
50 59
27 47
139 62
51 100
148 50
67 89
48 53
25 53
149 31
1 61
24 118
46 78
127 101
25 94
112 98
12 121
36 123
88 148
78 140
63 43
121 76
62 116
15 118
86 109
13 85
83 56
51 1
81 112
87 79
100 27
72 83
37 20
140 67
129 93
45 32
11 82
53 38
41 111
93 141
66 45
12 107
59 75
84 121
118 144
138 114
146 119
117 96
31 80
29 18
95 148
108 36
10 91
55 110
137 86
70 31
16 139
138 38
135 39
116 72
28 59
142 133
117 123
105 69
0 120
104 120
118 142
35 71
105 85
114 119
117 55
55 79
31 83
136 6
77 48
147 49
142 85
53 39
6 46
53 43
127 41
49 88
144 1
149 15
93 56
118 5
132 35
53 146
17 20
135 57
26 126
65 92
35 133
67 24
40 85
148 114
85 22
128 106
23 2
11 100
45 29
131 33
39 30
62 109
133 57
111 13
93 35
21 98
75 23
36 75
4 43
67 107
106 137
94 84
57 66
89 45
122 34
4 128
118 130
90 132
122 16
88 108
115 79
35 122
67 10
120 67
67 98
20 13
62 37
16 65
15 35
30 59
14 78
4 1
13 119
13 2
76 56
20 136
99 4
44 75
143 81
148 24
144 9
105 14
38 107
93 50
14 50
8 10
14 87
25 92
79 76
65 78
40 53
55 30
16 35
131 44
133 146
111 0
120 105
36 12
17 86
48 51
42 55
14 141
62 24
133 101
40 13
45 83
7 48
18 61
33 86
56 33
136 99
89 132
15 7
47 72
61 99
144 11
59 102
74 58
149 62
123 62
78 110
114 31
122 63
134 27
28 18
102 6
68 40
60 65
66 114
123 58
57 20
88 125
75 129
127 58
125 107
58 85
50 12
131 116
45 73
112 34
120 87
96 71
120 39
139 124
7 83
49 24
66 12
90 140
18 19
41 20
18 44
23 76
123 81
102 147
11 43
71 12
80 19
13 89
41 13
28 26
47 128
83 3
82 143
5 132
57 143
19 64
90 66
136 88
91 116
83 48
116 93
41 43
117 43
24 137
135 35
96 37
128 73
14 4
76 131
17 116
111 139
109 37
24 122
135 67
141 20
126 61
125 65
7 86
35 86
29 107
70 110
10 1
122 84
84 19
31 64
14 61
118 19
93 102
2 74
34 19
105 38
47 133
69 40
51 50
30 5
59 146
53 19
50 110
119 105
140 108
146 4
14 120
13 12
16 76
48 136
77 119
107 141
32 27
84 56
93 111
74 112
133 145
144 140
68 112
76 67
84 61
1 143
106 68
33 55
89 50
28 10
34 113
42 44
84 79
98 25
124 119
36 148
127 78
67 95
85 88
4 114
68 67
20 115
49 142
62 53
61 148
109 112
93 22
68 31
73 20
21 66
26 93
45 69
110 20
75 87
45 23
20 51
76 113
135 0
68 87
92 52
54 69
20 125
66 73
63 22
93 88
102 66
61 24
141 82
99 22
141 121
48 71
62 14
3 8
123 134
36 60
114 146
15 124
149 50
14 43
97 148
112 50
50 117
128 49
90 83
129 74
56 99
114 123
42 128
74 10
28 78
27 88
97 108
146 148
8 14
58 39
40 94
0 101
109 54
13 65
119 57
59 141
67 61
92 134
107 60
3 120
75 125
83 51
104 24
11 86
74 114
80 144
141 62
52 95
139 69
3 18
87 113
32 53
26 2
121 4
7 10
13 34
94 136
11 78
113 74
71 148
129 144
53 52
29 30
133 43
113 89
16 30
56 130
12 85
125 5
94 51
108 82
69 33
14 97
72 50
56 38
53 14
125 44
129 138
72 126
145 87
86 12
78 27
37 100
83 46
1 40
53 5
24 25
9 83
73 124
5 69
105 108
94 31
145 58
84 103
139 70
16 66
54 98
95 101
110 32
67 91
16 102
83 18
72 95
88 139
55 149
53 41
52 63
79 137
3 109
11 40
38 102
40 58
36 30
55 128
107 28
37 108
147 125
47 55
106 114
125 6
57 86
6 38
117 105
29 28
14 42
111 96
38 4
35 8
23 49
120 55
101 134
114 56
83 2
87 142
33 22
115 138
29 10
6 73
62 57
131 107
146 71
15 108
87 83
72 56
103 105
126 143
133 106
123 32
98 23
30 45
22 126
35 87
143 78
37 45
69 65
81 99
123 139
133 120
135 88
97 22
107 51
49 145
62 74
8 129
36 2
45 64
58 96
53 128
29 52
79 52
111 126
137 111
119 56
89 19
65 37
130 30
45 139
50 10
101 144
5 81
109 0
60 15
122 45
118 126
133 117
116 63
44 45
60 16
87 50
121 37
82 81
4 96
57 105
17 69
38 122
114 145
143 94
47 120
18 112
16 75
7 27
97 73
3 124
7 74
30 111
114 10
34 11
65 32
37 91
7 139
120 81
62 47
61 137
0 63
89 112
3 116
128 91
86 141
104 38
23 131
4 116
84 115
98 130
7 76
128 103
75 128
135 138
8 70
56 108
44 134
146 97
30 42
86 53
114 1
111 46
88 59
33 14
17 34
86 85
125 32
117 10
33 57
124 114
0 87
18 89
15 96
120 96
2 69
0 73
84 95
94 39
113 98
52 25
143 29
136 84
144 28
36 49
42 135
35 130
85 135
82 47
50 78
51 101
34 31
79 146
123 3
81 16
44 110
34 99
103 109
131 86
22 77
102 39
28 143
23 69
123 133
74 63
40 38
65 148
9 124
65 118
89 30
27 29
74 23
51 62
50 146
90 50
44 72
59 44
32 47
83 145
14 82
103 83
8 32
137 13
81 66
110 68
59 91
28 93
56 21
41 86
7 95
5 97
94 16
28 53
53 108
122 90
26 32
11 23
70 107
133 31
112 12
114 97
149 120
121 79
102 18
15 23
79 13
125 54
97 115
12 25
76 21
39 29
32 143
52 39
21 1
108 117
41 68
115 133
4 72
122 33
15 75
66 62
74 122
80 102
111 37
30 108
95 69
5 12
125 0
140 59
129 14
147 92
103 1
41 12
122 99
99 125
117 42
136 80
120 129
73 99
111 101
48 108
61 107
104 65
74 60
90 57
71 106
84 13
69 80
115 34
10 25
68 64
77 132
109 53
15 113
54 17
7 121
148 34
118 111
91 46
25 36
51 109
32 136
65 85
43 36
119 132
22 8
138 147
40 110
91 117
100 71
83 77
33 101
77 33
117 61
18 123
145 134
59 93
31 57
38 67
48 133
90 37
0 40
66 125
146 67
62 99
94 114
45 3
85 21
149 85
17 135
72 84
59 5
20 116
28 57
82 73
121 97
122 5
22 26
66 55
54 37
50 11
84 67
19 73
101 13
47 13
14 52
33 78
48 15
76 12
76 87
120 15
14 130
48 134
4 113
106 74
107 53
105 54
112 102
87 88
138 47
32 108
100 142
1 119
124 128
22 130
136 66
134 38
113 84
16 131
19 109
59 53
135 37
70 121
93 136
22 19
48 81
141 92
36 72
99 100
15 0
128 147
5 68
11 56
17 138
135 46
96 80
104 78
43 59
125 116
8 52
73 142
65 132
44 114
83 95
145 122
92 62
85 63
25 84
40 148
16 124
48 97
120 75
52 144
38 47
11 84
12 130
125 9
97 135
84 12
86 20
41 71
10 119
118 54
143 128
63 64
77 9
6 16
4 2
149 100
14 49
143 3
54 134
15 64
80 67
65 99
108 65
82 83
74 73
146 52
64 125
64 133
33 35
135 15
1 104
51 13
4 64
4 76
54 106
103 125
139 17
145 95
95 8
54 101
21 93
33 38
95 119
48 73
31 120
95 112
34 80
130 85
87 46
47 67
133 124
117 147
40 72
59 13
2 19
67 113
24 76
90 130
21 19
25 21
99 23
109 45
46 18
1 89
62 97
98 72
79 107
56 4
44 53
62 126
116 85
86 64
149 69
81 21
77 20
121 100
10 89
90 84
62 140
138 131
98 27
119 84
109 135
111 128
95 140
64 21
12 124
72 14
79 118
46 141
34 95
9 132
98 129
62 127
15 50
124 138
130 140
39 78
25 4
128 117
46 129
9 92
114 131
73 119
2 133
21 130
10 39
146 45
73 133
147 24
148 123
116 129
24 48
13 1
66 58
104 76
47 131
145 110
104 82
59 42
74 16
56 96
129 52
11 140
4 20
26 20
8 55
79 106
1 38
58 110
68 52
140 52
68 126
115 82
141 44
90 27
76 49
89 130
69 129
123 8
40 49
143 48
135 71
123 23
67 103
4 136
4 51
118 61
40 18
72 73
2 18
107 100
65 90
119 70
133 51
11 29
88 15
118 117
92 66
26 99
98 35
114 12
72 139
34 109
108 115
119 48
138 149
149 3
123 35
71 62
30 120
36 63
6 49
1 115
47 112
98 15
9 48
33 16
112 113
92 42
14 56
127 10
7 67
97 61
77 63
23 138
67 27
5 63
90 81
132 138
92 145
1 17
131 81
12 73
57 13
99 149
134 18
27 97
75 135
47 117
141 127
116 23
29 13
70 105
120 46
74 18
141 37
54 33
63 145
20 43
55 56
18 132
45 149
17 120
135 13
98 141
68 95
11 75
92 26
88 46
124 97
135 96
96 43
42 141
143 98
45 141
47 85
125 73
27 6
49 29
35 127
9 109
121 52
116 39
9 94
4 94
102 67
101 36
21 139
36 55
84 146
16 91
51 122
130 81
139 29
64 111
82 61
136 111
48 89
127 97
38 89
76 84
72 2
12 103
123 44
91 45
21 94
144 103
34 51
61 65
6 13
36 118
12 43
76 59
68 82
68 42
46 146
0 116
127 56
140 147
5 57
149 76
116 42
74 49
6 11
114 118
9 0
53 131
146 38
48 40
120 8
140 143
138 91
28 121
132 134
111 8
42 109
116 46
133 139
49 129
123 77
89 40
109 117
72 61
85 68
91 20
17 87
54 112
29 95
15 13
56 78
6 56
34 141
140 5
132 58
131 132
85 8
82 29
4 42
2 50
130 82
47 22
80 22
106 84
130 79
54 128
103 134
112 83
132 41
26 135
18 91
42 124
28 50
54 96
21 123
109 30
87 44
23 129
77 66
86 78
24 28
147 116
110 3
118 119
28 126
11 74
59 87
143 31
20 127
114 115
60 146
65 81
144 64
61 69
67 105
17 82
11 112
99 137
114 112
130 133
51 98
19 87
125 130
65 122
13 19
125 109
146 126
109 50
49 22
30 79
106 125
50 7
134 114
95 26
79 138
44 109
83 42
101 47
78 146
114 127
34 100
50 88
5 107
9 130
136 122
82 24
117 110
100 96
56 147
31 148
93 11
79 33
56 57
91 149
80 46
23 95
141 67
39 35
58 31
128 109
23 109
83 129
94 110
45 116
66 84
113 75
20 148
30 40
97 71
36 122
53 16
99 44
30 1
112 115
78 3
139 115
75 58
66 113
82 20
69 115
88 117
125 113
11 61
72 21
2 46
61 16
114 78
126 107
84 139
70 100
41 15
44 108
102 46
106 115
85 80
29 97
85 122
146 83
66 32
37 15
11 147
21 5
26 76
13 140
73 59
85 139
54 135
148 68
146 57
107 122
89 33
0 53
134 84
142 13
59 126
88 146
126 119
126 46
131 11
13 103
48 13
23 73
115 71
48 94
126 115
106 26
132 32
3 29
119 5
138 12
31 38
38 0
44 47
17 75
12 147
134 2
74 42
52 104
30 53
55 145
35 107
130 70
21 82
117 1
67 128
84 82
64 110
94 63
8 6
48 144
77 139
39 46
141 142
20 139
89 148
6 58
37 19
140 124
74 117
146 6
21 122
35 26
115 26
136 124
74 85
112 5
142 61
87 77
82 44
40 62
83 100
3 117
143 145
31 93
43 1
69 31
31 99
56 29
41 25
145 64
97 53
8 41
75 115
111 39
139 32
52 149
81 39
1 15
110 100
135 98
68 111
142 48
74 120
35 0
9 14
72 26
119 110
78 12
124 146
130 78
38 21
123 90
9 31
57 116
144 109
17 56
83 76
28 9
21 104
129 142
80 95
67 15
130 83
87 39
19 147
70 20
70 142
51 61
21 74
12 1
81 74
72 22
89 32
65 110
144 68
77 61
81 40
149 34
9 121
9 67
53 138
143 137
142 33
126 50
103 14
86 50
76 110
57 102
107 149
25 0
54 85
19 78
147 17
3 103
110 63
82 90
36 85
132 66
14 145
86 90
147 36
119 121
102 45
144 107
15 62
139 9
96 139
7 2
83 138
24 17
46 0
145 76
143 89
143 30
22 14
10 69
86 80
103 140
148 19
14 101
98 100
117 89
68 80
21 113
128 31
71 85
81 134
128 38
70 52
79 66
139 5
15 10
86 10
55 2
2 123
87 90
101 90
39 112
73 47
70 96
117 48
24 133
56 117
77 102
108 119
39 61
47 2
141 2
0 6
65 58
139 127
36 52
96 106
35 46
6 17
83 121
105 10
57 59
60 14
92 69
143 101
4 104
101 116
66 105
144 135
148 76
18 24
82 46
136 68
56 45
17 131
148 42
8 87
148 127
43 77
2 127
130 28
90 9
126 40
71 82
83 107
131 135
133 86
3 52
21 145
6 10
137 40
85 34
146 111
46 31
60 34
59 35
16 28
15 81
26 39
144 53
96 61
141 73
83 149
73 49
6 120
70 5
141 61
124 43
112 108
66 70
75 112
64 43
44 16
85 75
101 81
114 96
145 43
0 136
149 66
39 113
14 117
96 27
89 66
97 47
1 125
96 29
40 120
108 74
48 84
91 51
72 148
78 13
80 92
100 7
134 85
115 120
18 54
39 23
87 18
138 87
145 28
36 19
92 67
125 39
113 138
54 44
72 55
125 135
49 127
113 82
1 146
134 58
68 24
143 54
29 124
53 27
142 27
56 92
5 79
93 104
14 131
95 79
37 119
23 81
10 113
66 11
78 40
102 36
54 129
132 124
88 30
20 129
115 72
139 3
51 60
88 0
31 17
131 93
148 37
27 147
15 127
47 110
44 144
139 65
3 108
77 91
63 95
117 67
20 67
27 137
61 131
101 125
103 101
70 34
134 97
62 63
78 26
69 36
135 137
1 88
38 15
53 124
90 34
66 139
98 14
11 73
55 87
1 59
116 110
18 47
106 13
44 133
97 104
81 105
60 81
118 146
61 71
43 8
20 60
68 134
127 118
84 87
139 103
108 38
42 93
9 120
19 94
33 135
63 26
139 90
50 71
32 34
122 57
128 72
2 61
141 81
144 25
87 105
140 109
142 66
25 28
5 91
41 29
86 60
36 6
27 95
5 82
89 44
114 38
52 114
149 115
50 116
125 28
57 61
102 74
133 23
52 109
18 137
89 39
103 6
74 15
98 140
60 72
75 133
39 16
82 98
112 6
63 73
4 83
71 39
80 11
144 120
132 57
104 96
135 78
37 126
71 102
68 47
92 82
142 93
7 60
57 70
135 23
144 89
69 6
148 35
136 77
91 89
99 141
24 11
61 54
62 131
131 134
17 136
10 84
8 17
139 146
132 139
123 84
35 94
0 17
95 99
90 11
137 124
115 63
69 127
44 48
62 29
36 68
118 8
86 72
41 28
9 43
107 18
54 139
55 129
115 56
95 135
100 89
59 32
90 136
105 49
87 51
108 41
116 135
44 86
132 99
16 116
40 97
29 75
122 73
136 125
67 94
117 125
54 50
95 73
77 81
111 70
35 50
108 19
102 9
8 105
90 53
68 140
108 29
78 35
129 139
100 28
51 56
86 43
147 88
32 55
60 23
85 107
45 130
72 104
58 80
19 120
26 81
81 145
91 92
110 12
141 85
42 29
98 118
105 144
8 30
22 40
67 33
129 85
10 118
53 148
74 107
9 63
49 107
45 142
86 138
4 108
117 15
25 126
115 92
45 49
82 54
92 24
88 14
47 56
1 121
66 6
74 77
136 3
45 147
52 117
37 134
128 92
4 40
129 66
138 54
119 113
131 12
78 118
17 41
40 10
46 115
63 79
109 27
90 69
134 112
98 32
62 122
79 74
68 121
138 15
118 51
91 70
109 136
23 20
17 64
55 148
24 35
101 69
98 45
103 130
86 75
143 45
103 100
67 18
98 49
85 41
43 114
31 89
33 130
52 4
107 21
69 35
10 53
80 129
84 108
8 21
34 126
19 38
47 9
83 8
51 111
82 149
61 93
143 100
147 99
95 54
139 102
148 73
24 114
31 73
54 144
46 8
16 48
147 79
122 125
136 37
146 69
138 24
88 32
23 53
78 62
48 79
31 74
106 75
14 63
54 2
54 100
78 94
35 29
103 117
9 73
87 141
145 80
141 97
85 25
137 98
107 15
90 39
100 137
144 7
60 99
46 20
2 137
66 135
15 58
113 14
137 70
149 125
59 108
97 18
15 132
27 59
36 87
46 122
35 89
110 121
32 28
2 131
135 121
112 30
55 49
128 29
131 6
104 102
99 113
88 84
117 129
11 59
78 112
8 89
83 78
34 10
62 35
99 75
81 88
67 77
146 39
15 85
100 31
90 134
7 53
10 125
74 95
131 85
38 64
140 132
91 73
138 58
49 4
56 25
149 19
142 35
98 101
11 120
55 43
103 69
13 110
19 24
17 14
101 65
99 128
90 22
66 20
72 1
57 101
144 104
79 38
53 139
49 43
132 31
79 83
32 131
91 79
84 149
106 112
113 19
128 37
83 38
102 1
118 20
22 65
89 92
68 21
136 11
60 131
143 103
50 19
140 102
93 85
6 20
20 124
69 77
81 84
143 51
16 120
147 136
35 34
29 84
57 83
75 35
86 91
118 58
66 37
141 63
92 7
82 93
143 20
119 30
8 128
140 12
99 79
28 142
41 6
17 148
47 146
108 100
138 128
97 64
17 33
129 135
146 137
17 45
15 16
25 61
111 61
67 34
136 10
73 146
88 64
13 98
137 21
91 148
86 70
87 53
72 94
7 82
90 10
16 41
13 92
43 25
89 134
25 129
147 4
116 90
119 50
100 73
125 18
33 99
29 60
59 115
8 97
132 53
34 3
28 133
23 114
74 25
18 96
121 18
146 34
78 141
54 6
59 18
141 108
19 71
39 86
35 121
133 77
23 46
62 121
147 109
76 146
107 72
12 119
116 34
95 130
43 5
52 148
138 73
7 80
83 116
0 33
47 139
37 29
104 32
145 59
101 52
66 145
40 149
34 135
76 111
36 56
140 33
62 39
127 65
22 56
97 4
60 104
98 73
114 98
136 128
44 26
21 18
106 110
14 16
0 91
108 34
120 140
23 147
83 16
144 21
0 85
15 84
16 127
2 99
27 56
14 109
90 2
109 36
81 100
113 26
3 41
139 91
21 57
37 12
105 4
149 109
93 58
21 90
16 121
38 59
1 48
1 18
47 77
35 40
117 95
91 124
50 94
91 1
103 49
66 28
144 30
69 133
117 20
83 136
96 66
46 16
34 132
34 30
126 73
68 19
75 84
7 147
117 11
110 101
138 49
11 105
58 71
20 90
96 49
136 107
15 57
85 96
18 49
56 105
0 28
39 13
68 61
88 2
24 80
46 101
47 8
5 10
61 116
91 69
48 50
89 28
121 117
124 24
1 139
9 123
91 100
54 49
121 32
140 88
4 141
126 149
131 98
69 56
7 42
146 65
140 10
3 102
26 84
135 99
55 91
31 136
79 26
118 106
101 75
125 89
15 72
2 0
47 114
25 79
84 54
135 104
144 36
111 89
145 22
57 10
18 14
51 139
126 79
34 110
137 97
63 89
32 77
70 50
131 39
13 88
97 122
118 53
98 40
2 103
144 15
37 16
94 108
131 64
141 94
82 131
32 133
52 59
31 87
63 97
8 145
43 110
22 113
51 9
140 113
80 75
119 66
32 35
96 6
64 48
71 5
91 27
103 82
128 1
74 38
40 41
12 63
62 98
18 4
59 148
7 40
76 142
60 112
133 70
65 7
12 55
97 55
15 139
96 142
111 10
34 39
101 48
129 86
146 61
34 36
11 67
108 26
109 15
0 1
86 29
58 87
42 63
80 8
144 114
66 46
27 131
123 121
44 9
21 101
29 1
80 20
146 96
120 63
16 47
15 52
107 47
95 96
126 53
67 110
2 56
87 6
14 67
4 129
141 69
93 16
75 39
135 83
47 116
34 68
144 102
53 2
64 12
87 42
147 53
119 74
38 43
76 126
81 33
74 57
48 14
15 133
71 55
82 13
80 23
84 33
73 137
125 93
89 141
76 47
75 13
21 71
17 83
24 70
136 119
6 98
81 116
57 92
50 43
129 82
66 60
85 113
53 82
137 41
139 144
85 39
49 111
137 6
111 66
5 58
145 84
27 140
74 54
94 109
147 30
123 112
98 86
81 78
84 50
5 74
120 86
87 34
54 46
49 118
86 4
43 75
30 78
131 90
66 104
33 75
12 15
126 100
101 1
137 78
42 80
141 147
90 125
91 104
119 96
9 110
55 134
144 112
90 147
83 32
67 49
105 126
7 136
48 145
6 21
121 91
140 23
13 129
69 125
4 66
104 116
94 129
34 128
10 75
31 88
11 7
31 13
112 44
78 142
45 137
121 42
13 144
51 125
132 117
96 22
32 90
145 31
130 68
37 71
15 115
139 95
74 34
79 144
127 61
28 131
125 115
7 49
0 56
59 120
135 43
51 77
17 79
135 3
111 47
114 2
34 50
70 29
99 139
20 28
124 52
119 116
141 133
90 8
25 136
137 59
147 100
11 51
122 52
67 106
136 23
142 10
10 79
82 76
146 129
81 122
113 13
25 89
37 23
26 60
29 21
46 9
35 85
148 112
91 25
137 113
32 64
136 117
55 80
85 31
131 145
44 124
121 48
131 30
43 26
19 143
3 88
77 145
120 142
42 119
85 52
11 146
103 136
84 41
113 24
73 25
97 107
95 77
100 86
137 87
83 62
80 28
123 99
13 67
76 54
31 109
89 109
43 46
131 77
103 147
68 107
102 24
52 123
46 79
40 116
98 19
58 144
6 91
49 136
134 75
80 121
10 110
4 70
87 118
86 68
5 128
113 72
57 113
95 109
91 76
69 104
24 10
102 64
77 64
106 91
17 115
11 48
89 34
57 47
112 58
27 38
63 140
84 39
61 103
113 23
90 111
133 10
76 133
63 86
85 132
22 129
147 66
110 90
35 118
131 69
77 68
148 21
5 94
149 103
78 88
123 137
39 118
6 76
106 87
110 147
87 43
47 93
93 140
145 138
4 69
54 104
86 71
30 148
5 93
109 138
40 14
53 8
89 22
8 92
102 124
63 68
121 49
22 128
27 129
107 146
47 60
62 113
12 97
115 143
79 6
8 7
43 6
128 50
9 84
69 121
29 145
1 52
127 112
34 71
103 58
67 119
146 15
65 30
52 49
38 139
54 147
101 29
5 116
49 93
92 78
3 46
22 106
18 22
83 134
78 31
110 15
36 98
37 99
27 13
73 94
112 22
76 144
0 50
122 78
73 55
68 37
112 53
78 29
64 136
110 74
54 97
18 45
137 31
44 68
68 108
114 140
17 111
128 95
81 44
1 95
33 147
137 116
88 5
101 7
34 29
53 79
111 15
65 25
135 127
60 93
86 48
7 108
14 1
121 82
9 24
114 18
132 123
36 57
121 109
89 17
125 85
38 90
66 109
64 23
145 107
88 103
108 121
116 78
102 143
7 149
118 100
25 88
80 99
49 38
20 63
96 76
123 6
87 67
101 50
7 61
32 134
18 135
9 137
38 85
103 129
75 79
31 86
142 43
122 20
23 132
81 6
143 27
96 147
3 127
132 120
16 21
103 68
5 76
89 116
44 132
16 22
148 22
119 47
128 44
69 124
117 37
43 149
99 118
95 111
40 114
6 106
103 115
31 111
99 55
68 33
20 107
43 54
29 133
141 36
79 97
86 107
111 106
137 3
131 3
32 97
142 101
112 119
54 47
49 109
129 6
103 24
22 123
1 16
68 120
145 27
63 8
50 145
82 34
30 85
1 99
43 29
119 117
3 16
147 119
19 66
139 120
91 35
0 69
61 104
28 104
95 19
149 18
140 131
70 54
61 121
130 65
114 121
140 42
71 68
92 126
12 91
38 75
96 17
126 30
111 34
47 25
19 100
129 37
107 3
65 47
146 90
69 28
37 103
103 36
145 130
7 79
57 104
45 76
132 16
125 144
89 11
34 77
133 105
51 52
103 27
56 137
40 16
146 122
37 131
146 128
46 38
132 25
133 132
34 59
76 88
29 134
119 9
105 92
56 37
118 3
78 105
53 143
117 34
50 29
57 8
112 10
44 102
45 88
78 131
14 96
60 95
111 99
82 87
49 112
26 117
51 12
53 56
69 30
13 18
137 15
104 86
44 93
3 115
28 90
36 134
0 99
60 111
104 80
119 87
79 141
116 73
1 138
132 22
60 5
73 110
131 83
32 19
41 116
7 140
124 64
5 26
70 90
69 116
117 134
131 80
115 19
63 70
107 2
24 58
149 25
79 22
10 33
73 40
7 62
113 121
