40 600
34 29
16 12
15 14
34 10
21 27
14 21
15 19
22 5
34 39
33 12
32 12
15 4
9 19
23 36
33 16
5 19
22 9
13 19
16 28
21 30
20 6
10 24
19 22
23 12
15 31
9 0
33 15
24 22
32 4
3 19
23 17
21 10
32 11
5 27
20 28
9 1
24 38
35 32
20 5
3 21
38 21
35 29
22 23
27 15
11 33
27 37
25 27
12 29
6 27
26 27
7 21
19 14
12 21
39 10
20 7
33 36
22 28
7 19
14 9
1 17
12 25
26 12
19 1
3 24
25 11
3 14
22 20
27 31
6 13
16 18
20 2
18 5
37 5
16 5
9 28
21 11
21 16
7 8
26 21
14 1
37 33
31 34
23 2
30 1
25 10
17 21
21 9
7 32
27 30
11 5
21 31
29 26
24 23
22 30
26 34
19 32
39 3
13 28
32 10
32 21
11 19
0 18
26 32
36 17
19 26
14 35
19 28
10 30
24 6
17 8
27 8
37 35
34 38
35 30
26 15
37 1
2 0
39 11
14 32
39 0
34 11
18 33
14 36
24 26
26 4
14 28
33 30
7 4
32 28
0 3
35 7
27 39
6 38
27 34
36 28
18 20
8 31
9 6
10 19
39 8
29 20
24 2
27 29
14 25
8 10
31 38
2 17
18 37
2 31
21 33
1 26
4 3
12 8
27 4
24 37
25 18
31 29
17 19
2 1
6 32
30 3
25 34
36 39
35 0
20 15
28 34
22 16
33 8
0 20
7 26
22 35
10 0
12 15
2 34
35 10
27 32
22 29
36 31
13 1
3 25
1 38
30 37
12 17
10 5
27 35
32 29
10 31
4 39
36 30
10 29
0 33
0 34
6 12
13 14
19 8
32 24
19 37
31 18
27 2
34 23
13 9
37 32
7 5
18 7
23 4
22 4
8 26
33 4
39 33
13 39
14 0
5 35
24 35
1 36
25 2
7 11
27 9
20 24
10 26
12 20
14 18
18 38
7 29
18 26
34 33
16 14
18 3
36 6
7 33
37 17
16 9
31 25
0 30
37 34
8 14
38 19
23 13
3 15
17 31
35 36
15 21
0 13
3 38
27 24
37 20
31 22
17 34
38 32
23 20
6 4
8 22
28 24
26 13
35 26
19 36
10 38
32 39
29 15
33 6
5 31
39 25
15 9
6 11
20 21
6 29
37 21
17 6
7 0
15 39
34 21
17 38
1 20
15 10
34 7
29 13
27 38
33 3
23 1
26 28
23 8
35 16
2 32
14 26
31 26
31 14
37 3
36 2
29 24
29 18
36 34
3 6
32 25
14 27
11 12
16 20
38 28
27 0
15 11
13 27
34 22
35 17
27 11
17 16
21 4
2 10
19 18
30 13
9 35
5 33
38 20
30 8
5 25
22 7
20 36
39 20
32 33
15 35
35 38
39 16
21 0
14 7
3 23
23 11
16 36
38 5
12 19
29 16
3 31
13 38
16 31
37 36
37 23
17 15
11 13
28 29
39 1
6 7
12 1
16 32
25 8
3 12
32 3
36 5
18 10
16 27
13 33
38 0
11 3
37 11
34 16
2 28
31 23
13 8
9 29
6 37
38 15
34 14
6 0
34 8
39 37
18 39
31 28
9 17
3 29
3 9
26 22
37 13
16 37
28 33
28 7
27 7
6 22
14 17
16 3
12 2
18 8
0 19
2 35
32 0
29 39
1 25
10 17
17 39
3 10
19 35
4 25
9 30
5 15
4 19
26 39
13 20
28 4
1 15
18 35
22 2
3 28
1 5
8 3
29 33
12 35
28 12
11 8
34 9
34 3
39 19
4 30
30 17
39 14
13 7
4 18
9 24
39 6
22 25
35 33
16 26
28 11
2 29
23 30
23 9
38 23
22 12
30 2
25 13
38 39
37 31
23 21
30 11
20 33
24 16
36 11
2 8
33 9
11 16
16 10
24 21
2 9
7 38
23 19
4 35
31 35
24 0
2 14
8 9
30 5
31 32
31 20
34 1
35 20
20 11
6 35
18 32
17 32
23 0
0 36
34 30
29 0
37 14
17 33
10 36
3 20
21 35
33 24
30 26
10 20
11 22
20 25
33 2
9 12
0 26
2 4
16 6
39 21
23 14
6 14
6 1
36 26
24 39
25 16
10 12
30 14
23 39
35 28
17 11
18 27
38 33
9 39
37 8
25 35
8 16
37 38
8 15
36 13
37 25
13 4
18 11
5 28
13 31
31 7
2 37
3 35
33 14
33 27
4 16
14 10
38 25
0 11
14 12
0 17
25 33
38 9
31 30
24 14
11 4
15 2
0 28
24 34
28 6
33 10
31 19
34 15
8 20
12 36
10 13
39 28
21 22
4 9
32 36
10 6
20 19
5 9
7 25
36 38
24 4
8 4
3 7
5 34
35 34
0 8
12 37
24 15
38 29
36 29
32 9
19 6
9 18
18 22
30 38
4 37
39 31
23 33
4 0
30 7
22 37
35 11
32 34
22 1
18 1
16 0
17 13
6 21
33 26
14 22
38 2
22 36
5 23
22 33
25 9
28 1
8 29
19 33
0 22
7 39
33 31
13 2
30 25
5 0
0 15
1 32
1 4
23 18
30 20
32 30
37 29
7 12
14 20
10 4
33 1
21 29
15 22
24 25
23 10
23 35
12 0
11 29
19 16
3 36
17 4
7 16
37 26
29 30
