100 1000
79 42
84 15
80 17
80 47
56 39
18 27
81 19
8 33
38 43
67 79
16 54
46 95
71 12
75 83
96 91
81 38
85 51
84 16
39 21
87 24
49 99
95 13
92 58
18 16
63 95
0 32
85 53
25 63
96 84
40 65
41 22
78 98
37 83
47 8
43 24
2 8
95 40
78 60
29 8
86 70
25 37
94 30
25 60
22 20
66 86
41 88
27 61
53 16
77 87
66 93
42 10
98 17
91 52
14 58
10 40
41 33
70 49
10 37
73 82
40 2
74 40
16 26
47 2
44 5
15 25
11 5
32 24
53 29
33 9
79 20
70 3
66 92
8 86
46 66
23 13
17 15
53 39
9 89
74 68
82 65
46 97
32 44
3 79
56 50
98 13
22 37
87 99
77 10
67 70
43 54
24 89
52 81
26 43
88 25
28 70
23 83
35 6
50 40
59 77
92 24
88 14
65 0
57 28
36 48
77 23
43 19
79 23
55 60
9 64
11 62
95 99
41 73
33 68
86 31
99 19
2 99
99 96
58 42
28 19
1 73
15 54
63 23
19 54
26 79
36 77
74 18
76 31
39 6
97 29
64 45
57 95
71 48
9 86
72 29
30 51
23 39
12 22
8 91
82 13
12 37
50 61
51 66
29 38
67 18
11 13
32 57
3 69
23 67
91 64
93 24
94 75
4 50
42 95
46 7
46 27
83 69
30 79
68 54
1 79
9 69
89 64
92 86
81 35
1 53
19 83
30 44
93 88
24 12
37 60
58 10
61 89
40 0
40 47
75 69
14 49
67 29
59 52
53 32
46 36
5 49
5 3
41 37
86 15
97 7
29 75
91 49
40 14
42 50
89 31
14 22
83 96
68 90
76 97
80 16
11 75
59 74
23 94
23 56
88 3
59 26
42 12
81 32
57 41
10 27
7 24
15 7
82 11
65 7
80 39
35 60
34 96
80 8
58 45
42 91
60 77
70 45
12 97
36 24
13 99
92 15
92 17
23 70
35 39
72 83
32 94
82 17
25 5
82 9
76 49
38 72
85 70
27 67
17 1
62 33
11 36
89 42
21 17
81 45
68 91
93 76
90 19
47 0
6 30
87 26
69 24
25 93
22 73
86 32
24 35
55 78
77 11
39 63
41 17
55 42
23 90
66 95
90 32
23 20
73 9
58 8
94 27
47 12
98 63
92 37
87 58
25 28
9 49
0 30
20 71
48 55
66 52
48 2
87 61
47 89
48 17
60 74
86 34
2 53
95 85
83 93
90 21
4 12
47 94
71 38
19 27
67 62
4 42
31 27
50 23
60 33
52 4
75 27
43 72
42 71
64 43
30 58
1 9
14 69
42 17
30 26
93 46
57 77
20 76
68 46
3 40
33 23
17 49
59 90
68 8
70 24
12 16
8 39
10 47
67 24
72 24
63 32
66 55
33 95
76 96
81 0
60 71
94 97
15 20
21 94
51 90
91 15
86 99
64 5
17 78
51 21
33 98
98 45
19 65
96 85
76 58
88 40
8 90
73 43
21 56
54 95
4 87
5 85
81 8
56 43
21 37
51 77
46 94
80 53
15 62
21 75
89 3
46 58
35 11
13 27
36 57
67 20
19 41
63 92
12 27
50 34
76 39
92 29
68 59
55 5
64 4
78 25
17 63
39 46
32 30
61 10
60 10
63 9
17 83
5 23
44 3
58 78
77 71
59 72
73 68
89 45
38 70
77 13
25 23
73 4
44 65
39 7
29 13
11 8
76 47
35 29
16 87
82 39
72 75
34 91
59 45
51 5
87 1
72 46
30 88
64 16
16 49
25 11
68 47
6 15
43 99
53 7
68 79
19 57
15 10
6 89
12 83
87 9
57 79
37 33
56 71
77 70
3 92
43 76
59 89
72 70
48 87
57 78
17 33
61 78
56 32
76 24
15 36
24 62
21 30
15 56
3 23
13 37
14 70
76 13
79 24
99 54
10 81
23 76
69 7
52 32
41 52
58 3
10 96
49 95
82 41
24 57
2 91
24 65
14 92
89 92
23 62
90 50
36 60
68 63
87 62
1 16
64 38
22 62
14 50
5 32
24 96
27 40
58 75
13 89
18 15
94 88
13 4
62 48
0 95
3 18
41 9
25 38
38 48
39 9
85 77
81 28
56 27
71 89
13 52
18 92
77 26
49 62
72 14
23 48
59 85
49 13
34 12
92 88
90 96
36 49
46 83
99 59
27 85
54 6
79 14
38 49
51 17
10 75
72 61
64 84
56 97
29 69
67 87
88 44
86 27
42 0
97 38
0 59
27 77
47 13
62 31
55 62
47 6
51 70
48 46
44 92
36 96
35 85
97 59
20 43
93 35
70 16
13 56
73 30
24 75
6 44
58 53
96 67
94 64
65 79
98 81
34 42
7 29
43 50
4 53
8 75
33 59
31 0
71 16
96 19
31 43
97 30
33 13
9 53
12 68
40 23
57 49
7 70
61 32
72 97
74 57
64 10
26 42
50 37
40 86
50 2
46 2
43 57
49 67
88 43
89 68
18 29
44 4
49 92
88 50
95 48
12 90
68 70
91 11
84 23
84 0
79 43
32 41
3 45
27 62
0 20
57 89
84 2
1 82
72 87
75 36
31 73
54 60
46 64
94 77
73 95
2 88
86 24
79 60
78 26
13 92
91 69
44 0
35 15
81 20
21 6
6 88
10 24
29 31
30 78
74 15
63 45
30 47
56 51
0 51
62 58
39 98
49 75
95 93
49 22
51 39
43 14
45 77
45 96
19 2
22 79
46 34
49 78
83 9
54 4
85 0
92 61
42 7
32 9
51 73
20 97
66 9
56 99
22 77
15 55
44 47
72 82
0 68
91 65
53 55
57 37
29 15
33 71
79 62
18 45
51 8
65 9
19 56
2 55
52 28
81 22
8 23
34 66
72 74
27 22
61 52
94 36
83 24
47 50
26 97
92 77
54 33
49 7
7 99
85 69
10 62
15 76
60 9
17 45
5 28
14 44
16 25
30 93
69 32
68 62
27 54
0 87
79 7
65 77
13 91
33 89
32 38
92 53
50 22
94 15
26 58
60 86
52 84
75 28
89 70
14 63
40 84
50 54
51 37
96 2
98 80
6 43
46 43
61 39
94 99
0 58
43 69
86 20
63 16
72 98
2 9
34 8
26 44
93 10
48 40
98 94
23 99
23 97
53 75
92 85
23 89
74 43
63 13
47 62
4 43
13 78
84 80
89 49
89 5
10 0
9 95
11 76
87 80
54 31
23 82
63 26
74 62
15 1
81 69
9 59
46 26
14 10
13 8
7 14
97 92
40 11
36 84
42 37
71 1
58 6
89 36
44 38
42 86
42 27
99 69
96 80
71 40
87 84
98 91
24 94
12 38
38 24
29 87
65 23
95 15
25 96
51 83
13 69
83 77
87 34
24 21
83 16
99 76
25 73
64 44
10 78
22 61
3 71
30 85
26 39
8 56
91 71
63 83
2 80
24 45
99 78
78 68
50 36
62 90
48 86
81 3
61 3
42 33
99 73
83 65
72 56
88 8
79 17
80 92
6 19
69 60
39 42
22 89
34 43
96 60
81 12
49 28
76 7
41 98
79 98
40 15
32 79
44 23
74 80
20 41
29 76
31 37
59 92
88 80
45 55
11 80
56 85
86 64
53 18
20 57
51 38
38 35
21 35
99 92
39 3
65 97
89 77
54 82
37 97
98 3
64 95
82 12
56 0
10 80
6 37
37 73
89 69
11 67
96 61
75 23
60 12
71 90
37 27
85 67
46 50
52 80
99 81
13 42
30 22
40 36
58 17
95 84
20 10
65 96
78 89
78 32
92 19
55 52
28 20
44 12
80 90
95 81
34 63
67 88
26 33
24 54
68 9
68 88
6 3
80 27
84 39
17 54
31 84
56 10
70 1
21 43
47 11
96 39
89 60
30 9
14 65
86 46
49 42
14 30
84 62
58 5
4 9
23 73
86 72
47 54
93 7
2 27
19 9
50 28
29 82
52 54
51 49
47 15
8 14
37 28
14 56
29 39
43 70
41 14
70 6
85 66
98 48
95 86
1 21
24 81
76 91
35 61
72 89
67 28
43 90
91 41
12 57
4 27
45 33
28 0
44 56
82 69
89 29
26 60
40 13
26 71
33 15
36 2
68 92
34 5
15 63
66 0
32 21
4 34
53 46
52 69
70 79
24 28
23 46
74 49
23 42
25 6
42 44
18 73
95 60
6 45
64 87
74 4
62 26
57 2
44 74
82 33
29 22
75 64
25 80
36 32
1 97
55 76
56 35
23 72
18 26
87 3
27 44
12 77
41 60
60 7
18 71
90 78
5 19
13 0
11 29
19 34
98 6
52 79
44 96
50 91
57 81
43 28
78 11
35 1
79 10
85 25
65 50
98 31
83 90
74 64
45 99
66 2
58 41
78 91
27 83
49 63
48 64
9 74
85 63
21 60
93 52
36 59
87 59
51 97
42 5
1 51
54 93
11 88
8 0
