150 2000
65 34
77 14
118 75
36 137
100 54
36 16
113 140
117 140
31 93
136 100
22 15
144 93
53 95
149 103
121 90
69 71
136 107
78 75
123 64
21 137
131 124
126 124
42 72
14 123
103 129
119 0
113 106
83 22
72 50
68 75
84 18
118 94
135 102
6 148
81 65
1 144
119 146
46 43
95 108
111 134
110 128
142 68
74 22
57 121
132 105
89 101
31 24
135 74
112 146
56 68
8 119
16 34
80 139
125 146
115 8
34 28
82 58
75 149
68 48
135 149
149 115
127 14
117 70
125 59
137 13
4 69
102 149
148 146
56 61
115 17
134 56
138 45
7 52
81 114
11 73
119 88
68 101
71 56
149 126
147 66
97 125
136 89
68 121
38 74
75 12
74 149
70 134
9 28
121 117
149 62
130 106
39 132
23 45
149 63
24 131
20 40
5 53
76 129
59 120
21 147
90 132
51 1
85 133
29 141
146 107
89 131
22 20
40 128
84 80
146 9
94 51
33 89
80 28
134 97
71 17
143 132
55 80
93 119
108 16
114 129
19 14
54 112
67 62
90 118
134 67
16 87
26 132
5 65
99 75
149 121
95 149
72 71
8 54
25 63
25 128
134 139
78 10
7 69
12 51
134 142
85 38
38 121
146 24
16 71
112 9
27 103
3 41
87 133
146 53
93 69
112 96
83 74
34 97
136 60
123 23
144 75
26 38
40 112
122 1
82 149
45 50
89 50
29 125
70 121
96 78
108 25
121 50
10 79
149 73
139 112
143 92
0 147
132 84
128 46
83 104
149 55
92 55
59 149
138 29
61 120
130 149
139 133
82 76
95 147
67 25
81 89
12 123
123 139
27 33
144 77
78 65
120 46
48 106
15 51
60 140
42 82
101 20
88 19
84 135
23 54
114 128
59 90
33 71
8 103
6 20
5 143
53 10
67 6
32 83
29 120
88 29
35 7
115 106
34 94
148 42
114 63
11 62
94 149
109 105
73 79
28 16
112 19
117 29
65 149
130 76
64 83
124 116
8 48
37 112
87 63
47 101
47 24
1 97
75 28
72 145
122 143
90 139
128 107
121 46
98 143
17 44
86 113
52 5
80 132
21 63
109 22
68 116
52 61
120 54
40 138
105 65
32 67
138 79
34 47
87 93
146 106
143 27
109 89
146 97
7 18
140 64
137 133
121 44
67 31
106 86
135 69
7 112
0 78
17 104
136 135
121 115
111 126
57 148
125 70
15 92
144 42
90 94
61 2
118 83
49 138
149 101
3 86
121 63
31 125
105 16
88 149
122 3
108 146
84 19
61 147
105 96
52 24
34 131
76 117
121 82
147 25
1 86
13 70
84 15
22 116
149 107
41 75
113 17
84 52
30 3
27 19
96 15
42 112
28 7
91 70
125 105
144 95
132 140
21 47
76 73
27 108
119 128
92 129
140 106
119 68
118 85
133 142
55 138
78 18
52 95
67 89
99 50
143 68
132 15
139 122
86 60
127 35
17 40
73 96
76 79
77 82
95 57
137 108
112 87
62 119
4 66
4 148
55 62
149 81
79 149
143 38
102 36
56 40
149 71
52 63
77 3
36 48
148 59
112 90
30 42
17 99
131 16
44 117
116 107
37 29
106 85
25 82
71 100
4 135
112 133
144 73
115 58
37 32
55 102
141 8
8 135
147 7
88 129
4 78
73 125
76 85
47 110
135 137
79 46
35 121
63 104
12 47
141 80
35 4
143 88
59 73
104 80
6 110
102 101
142 24
15 68
95 148
130 47
84 140
99 35
4 128
113 123
79 144
69 26
44 15
14 138
9 116
123 36
116 128
35 48
126 122
149 108
131 138
141 115
118 5
149 58
60 8
41 96
112 101
145 40
47 93
3 79
147 34
107 42
149 69
121 73
41 94
15 78
43 86
27 101
147 77
97 143
93 63
77 98
77 52
3 16
121 72
76 13
12 39
118 21
125 40
84 148
63 60
87 129
65 27
33 62
52 109
105 9
125 56
62 121
21 25
70 52
45 21
89 13
137 138
19 91
107 121
87 77
52 105
85 122
95 1
79 115
117 95
24 13
123 108
141 68
64 69
41 132
59 12
13 97
50 136
121 87
146 36
84 1
86 135
83 130
22 72
31 104
66 142
65 92
137 99
95 66
149 68
12 23
139 141
23 87
83 37
78 13
74 19
42 97
13 12
72 90
85 83
51 53
112 103
36 84
118 42
77 24
5 96
52 123
143 144
15 102
120 121
105 110
140 44
116 79
38 25
96 127
35 67
89 96
1 12
74 88
71 145
24 59
11 144
130 147
68 83
89 5
38 130
138 35
149 100
65 148
89 129
142 67
111 124
29 133
15 48
65 66
121 77
79 93
83 124
39 145
46 74
149 140
76 62
138 133
28 115
6 26
140 142
3 142
31 7
53 28
0 79
58 101
98 55
65 57
83 26
110 121
61 115
17 11
133 117
82 37
83 6
107 27
48 56
149 105
111 144
131 75
145 104
33 40
40 2
111 105
115 34
92 37
35 42
106 46
42 16
139 62
146 121
112 118
37 56
147 94
59 63
66 10
145 54
121 84
70 71
27 60
102 122
45 24
70 67
119 115
119 2
81 145
145 47
89 104
26 130
86 114
36 63
132 48
82 48
2 120
21 130
126 64
23 88
69 12
57 141
1 14
13 146
93 67
20 5
58 90
8 81
140 24
120 65
64 121
52 96
119 25
145 123
19 1
145 126
149 119
37 107
84 79
81 85
58 92
141 12
121 97
52 149
87 134
125 51
149 70
37 117
64 62
4 24
70 1
43 121
6 44
69 55
137 38
114 122
21 8
115 122
82 109
145 76
70 111
47 139
114 131
97 149
139 39
127 83
144 90
28 83
44 56
51 16
125 137
8 20
22 17
64 2
24 120
53 121
131 6
69 140
122 47
93 106
123 77
83 149
91 58
99 69
109 121
116 56
66 133
6 54
67 131
77 100
93 110
66 14
132 66
86 15
4 86
12 145
149 122
26 72
27 113
96 126
99 121
109 74
6 96
80 45
68 12
143 133
52 27
90 40
53 70
137 142
109 116
78 82
114 82
24 134
61 126
138 134
121 58
114 121
39 31
136 2
58 120
73 5
34 105
52 121
94 63
99 111
34 121
123 17
33 15
48 62
149 142
138 6
145 79
102 9
32 121
51 69
115 20
138 121
134 52
138 136
80 20
137 34
12 30
36 122
120 104
12 48
121 112
37 121
111 87
0 28
8 69
34 10
83 49
129 133
25 20
142 85
68 126
88 1
47 50
123 7
47 23
73 8
124 6
5 133
147 53
9 135
30 92
135 30
64 120
5 107
93 30
102 31
149 147
23 111
79 47
109 49
140 32
50 70
88 62
30 22
10 96
145 94
78 25
148 132
132 131
22 110
90 136
118 121
62 126
67 29
148 17
74 77
68 69
22 88
88 59
72 92
18 97
109 104
100 90
23 25
17 7
121 47
98 44
63 124
131 118
148 111
149 96
30 36
78 44
49 37
3 57
104 57
133 69
85 48
121 75
84 149
7 64
15 133
88 105
16 5
42 121
36 32
137 70
28 121
43 73
11 32
105 89
76 55
60 110
76 49
148 13
63 84
19 54
133 141
87 17
148 143
71 60
42 115
96 49
125 55
10 51
121 106
145 44
95 127
94 17
55 85
122 64
76 94
134 133
3 19
140 82
48 125
146 110
31 89
3 83
118 139
93 148
53 108
60 9
93 54
31 47
65 72
103 101
86 121
137 19
135 10
47 113
101 23
106 134
36 38
130 97
112 73
79 113
92 138
107 122
15 111
125 58
77 8
121 45
48 136
79 125
17 45
39 91
103 104
102 10
97 49
115 49
132 104
119 74
22 123
21 24
8 30
46 103
3 11
24 60
87 32
15 104
139 26
8 128
1 115
65 18
9 142
74 65
75 109
75 65
67 13
87 36
52 141
12 113
60 44
56 138
84 3
116 19
144 47
36 121
65 125
2 8
111 65
74 139
71 136
149 89
75 37
52 144
93 72
143 112
27 13
149 24
122 34
138 141
121 79
123 45
72 37
50 94
127 81
123 21
121 100
29 121
67 144
125 24
56 82
115 33
10 132
115 127
50 28
46 0
57 71
47 54
25 81
57 23
113 92
141 58
149 112
80 117
88 58
66 101
14 57
96 123
25 18
145 97
132 135
39 121
103 52
20 123
19 70
135 66
102 130
48 5
134 33
75 122
112 126
82 5
44 146
80 110
136 62
90 70
87 71
28 84
74 129
111 88
91 22
124 141
117 91
53 149
139 116
93 60
84 78
58 3
119 23
118 149
114 52
148 76
16 72
96 146
70 4
86 72
89 98
139 137
5 127
87 114
35 75
100 65
116 66
117 85
129 149
1 107
128 124
103 121
88 38
72 132
126 101
124 44
128 35
90 2
149 57
49 53
24 62
88 37
37 40
105 104
44 100
18 72
120 139
133 71
121 93
64 39
112 4
108 1
116 96
10 58
16 0
35 114
74 91
113 96
42 0
121 56
27 131
18 73
126 100
52 67
123 127
14 45
109 28
94 66
121 102
14 111
102 146
35 100
47 97
67 96
39 3
87 33
32 59
37 27
82 13
45 59
55 40
66 108
143 60
95 130
97 66
65 23
18 87
121 136
11 21
21 36
26 1
113 137
130 18
149 104
88 77
122 41
52 129
105 64
97 114
106 69
115 80
117 96
128 21
52 56
32 50
129 126
80 131
55 72
26 149
103 74
110 86
42 117
55 63
37 19
149 145
20 51
140 137
124 54
6 94
118 44
100 51
31 116
84 87
121 94
127 140
91 25
143 149
35 85
80 44
43 122
128 60
81 57
7 94
45 146
8 61
39 134
113 58
80 149
96 42
103 53
115 91
124 95
59 5
48 38
1 116
3 52
93 64
21 23
14 115
113 26
35 58
133 149
25 30
102 144
138 53
96 121
139 126
17 81
149 92
47 71
43 93
33 72
15 57
129 3
60 77
31 131
91 105
127 46
112 5
92 54
32 40
15 49
87 64
119 129
138 135
134 136
110 49
92 89
50 71
149 1
125 112
43 11
34 82
46 75
28 6
35 59
149 114
93 62
127 149
88 94
56 131
4 115
74 53
86 64
27 92
19 141
18 103
138 72
106 6
65 121
79 52
114 19
74 80
99 119
110 13
58 102
46 6
10 30
43 34
91 23
130 55
72 149
32 102
14 55
108 107
133 122
128 137
121 4
122 108
132 89
138 140
77 76
56 1
101 87
144 71
145 16
100 45
93 140
139 136
56 51
19 18
139 24
57 30
18 107
32 46
100 132
100 119
33 90
48 111
11 54
23 59
57 113
74 126
62 102
149 113
125 27
80 58
76 121
64 61
123 31
131 106
35 107
79 133
147 86
22 107
110 91
23 99
15 149
68 129
82 144
9 13
4 142
24 103
128 103
121 59
70 143
97 105
78 129
52 43
142 136
143 93
82 24
22 35
32 85
121 83
41 119
144 149
121 69
7 73
89 10
50 61
147 20
139 77
118 69
115 146
38 110
10 43
7 70
123 126
34 119
149 134
84 146
10 83
30 121
103 69
60 57
47 140
72 134
137 123
35 124
123 39
105 4
117 67
69 65
99 139
142 7
121 78
80 62
128 79
109 45
140 108
53 52
121 60
118 138
59 140
100 69
138 122
127 55
9 3
42 127
22 44
121 66
73 97
112 142
127 54
51 59
103 59
52 69
137 32
94 78
126 128
47 37
47 69
62 148
148 149
74 121
117 130
100 104
3 56
93 124
97 109
92 121
142 64
69 113
149 117
111 47
119 87
17 50
148 21
95 126
103 137
90 89
142 139
112 72
48 118
89 32
49 28
34 92
121 67
102 80
77 71
34 149
2 87
137 149
18 70
35 53
18 2
111 38
114 1
127 104
142 129
136 44
77 73
58 103
61 14
74 85
149 111
68 86
63 110
54 43
35 64
42 73
114 135
93 111
80 111
6 103
106 144
133 8
76 25
35 17
101 148
65 140
92 61
129 64
143 105
145 99
62 110
85 100
6 130
26 74
101 137
146 82
62 134
134 92
142 132
51 121
26 90
140 133
110 147
99 85
21 66
50 112
14 110
111 5
28 32
50 86
30 76
127 49
145 111
37 55
64 136
60 34
101 39
22 89
31 43
135 140
149 106
128 3
104 96
31 136
18 115
130 123
20 139
71 1
46 71
78 133
121 71
18 81
62 79
116 24
101 99
104 75
16 68
143 84
13 138
67 58
59 108
73 75
63 54
16 85
149 146
58 47
79 58
110 149
68 28
145 41
149 125
148 86
134 98
35 18
98 19
92 123
56 89
129 32
27 146
21 14
143 126
149 56
49 33
95 62
149 99
97 133
62 89
66 47
36 26
73 136
111 68
100 99
129 143
71 21
3 126
85 71
35 16
149 77
42 17
134 61
87 123
73 128
64 18
66 13
10 99
130 120
128 112
113 138
101 128
11 136
116 53
60 41
147 125
121 27
89 121
36 140
15 81
108 121
95 106
149 109
124 94
149 87
90 11
4 46
54 51
113 45
141 136
72 127
48 94
23 94
39 135
137 141
140 20
18 86
37 123
67 149
65 36
44 34
105 99
103 1
88 103
133 132
98 120
81 56
134 135
114 83
126 9
131 149
8 33
50 119
39 99
22 13
45 122
81 50
12 29
104 97
51 128
31 40
7 108
85 66
101 111
142 135
29 65
30 110
48 92
104 48
64 1
12 124
34 107
124 136
113 128
29 83
25 88
103 108
57 136
40 149
15 138
52 9
32 77
64 102
131 126
98 148
75 44
139 135
118 106
126 88
149 141
77 136
35 93
101 81
42 57
132 95
1 16
96 40
140 143
3 13
2 95
115 114
60 131
96 20
50 8
96 74
70 99
100 66
121 98
97 3
28 52
112 147
100 19
121 55
143 1
51 29
127 134
110 122
133 1
49 105
70 130
13 91
56 87
100 106
137 132
18 16
5 14
117 36
29 10
35 60
118 133
135 83
36 33
133 91
120 9
33 97
30 73
24 114
17 82
142 145
149 90
16 138
106 47
27 64
28 139
70 39
83 147
143 83
29 114
101 121
112 92
141 144
86 13
143 136
15 73
103 96
29 126
37 102
124 88
125 39
87 139
71 113
79 24
110 125
114 18
95 77
132 134
132 139
78 122
95 28
125 84
134 137
79 96
46 42
121 104
116 43
9 73
18 80
138 97
99 19
59 34
79 94
43 146
96 95
34 3
36 110
11 35
85 56
116 76
113 121
83 102
136 118
142 20
61 54
93 149
15 21
72 75
105 118
60 69
104 23
60 147
88 95
121 85
88 137
81 75
149 13
48 49
138 142
129 71
147 118
144 83
101 75
8 74
58 70
81 125
139 138
98 103
11 86
3 40
1 55
68 36
144 43
64 46
48 149
91 65
116 117
90 109
149 78
132 136
112 35
36 116
95 56
95 120
54 121
145 8
13 48
147 13
102 113
68 105
45 116
118 130
72 35
92 111
31 135
143 53
48 97
138 149
107 133
121 105
135 133
91 55
3 55
28 1
54 149
124 23
91 86
141 108
59 22
7 68
60 1
95 118
20 104
40 121
67 81
48 109
10 84
51 46
98 116
132 36
88 138
26 59
90 73
54 73
130 49
6 64
68 97
26 114
18 74
3 119
124 96
3 38
133 124
42 19
31 58
68 49
39 48
130 20
85 17
38 1
30 35
14 80
22 97
83 18
146 67
78 55
14 91
78 118
8 45
99 109
3 124
82 18
138 36
42 29
149 98
62 65
90 12
74 43
16 2
6 132
46 85
10 76
45 137
8 40
0 32
41 66
40 82
61 111
24 121
41 58
21 145
47 86
127 146
84 103
46 80
53 30
47 46
121 33
31 2
65 146
101 38
149 120
137 72
34 31
42 39
134 141
101 36
141 142
84 131
97 4
136 34
116 67
75 146
64 74
99 46
23 52
98 23
138 126
18 55
96 11
3 74
75 57
87 72
134 69
96 65
73 51
113 115
112 113
88 17
105 61
47 102
75 45
7 93
149 86
71 126
102 125
89 145
76 89
38 97
77 49
23 77
43 71
68 21
29 4
71 134
149 136
24 102
121 48
6 68
13 143
8 112
49 65
120 117
95 121
31 121
113 132
42 104
119 125
34 108
92 137
38 70
132 138
127 68
1 121
61 149
50 148
27 127
120 41
39 108
41 64
3 116
70 148
116 40
32 146
11 111
123 85
84 4
132 88
118 29
117 100
118 132
48 46
96 62
67 75
6 100
6 134
143 4
33 12
40 119
76 149
137 1
139 43
8 13
11 27
111 141
123 141
77 67
5 81
41 17
130 40
146 18
60 33
88 61
17 9
145 130
138 39
29 137
54 113
116 149
37 135
128 70
60 6
85 149
17 119
18 67
129 110
14 125
37 26
2 135
10 5
141 85
91 149
64 149
70 120
59 62
74 12
9 54
38 62
57 90
134 140
27 48
111 143
145 36
132 149
141 97
80 73
117 103
40 129
94 103
52 137
48 129
68 79
135 92
121 111
106 141
139 149
144 146
56 46
65 43
7 115
58 53
52 83
102 35
95 12
10 44
51 62
121 26
149 66
66 82
139 71
84 64
112 34
132 11
40 36
132 40
25 24
17 144
122 83
126 8
46 23
127 53
3 6
62 147
8 7
61 51
140 139
19 33
140 141
121 49
134 30
9 130
48 86
68 51
28 88
81 121
83 60
15 120
52 122
85 147
116 121
32 113
144 19
77 65
117 136
124 149
42 79
47 35
136 133
15 53
116 72
41 121
2 14
49 7
50 76
37 106
139 105
10 2
141 132
148 38
54 132
121 91
121 16
148 124
19 20
52 93
21 64
121 119
90 48
92 132
6 140
128 109
122 103
16 96
121 80
88 121
10 129
61 121
149 60
63 45
74 36
113 73
128 149
7 103
1 147
31 111
73 25
58 136
79 69
141 135
136 137
25 27
23 27
123 149
140 136
