200 10000
174 73
3 77
38 41
144 174
114 173
179 173
98 39
25 79
197 56
91 155
28 105
49 172
85 195
19 106
162 176
169 111
74 139
123 134
160 84
55 83
181 150
35 175
74 27
54 85
197 115
134 153
127 84
34 171
81 150
14 56
4 54
189 120
75 105
1 133
183 172
74 167
118 89
27 129
61 149
103 68
86 28
137 31
103 105
45 118
131 19
197 195
71 53
161 155
192 76
191 157
191 137
89 75
16 94
121 184
48 68
51 6
83 80
195 139
117 180
73 83
106 172
134 179
45 68
73 56
185 49
50 72
19 82
174 123
58 180
80 112
98 161
72 84
137 189
105 16
91 148
76 45
63 14
164 152
92 121
142 96
30 152
102 25
176 75
152 145
124 64
103 97
37 191
186 84
114 188
99 135
162 151
120 8
113 46
79 96
5 119
130 60
132 199
170 15
56 165
88 97
17 172
61 128
157 109
24 128
33 106
17 150
137 4
40 61
171 168
133 129
167 171
149 35
158 180
119 172
35 34
123 39
108 156
67 91
177 3
182 29
32 138
148 56
19 13
85 93
199 159
3 173
163 126
79 148
118 82
147 87
142 101
168 14
127 101
80 169
75 131
168 21
43 65
153 152
46 97
98 99
94 30
62 154
140 50
167 3
100 57
46 120
199 122
134 38
172 174
107 14
83 136
168 94
34 185
60 137
191 178
162 179
90 36
159 117
149 110
161 53
186 185
60 138
192 190
14 154
175 101
177 130
156 10
2 106
178 118
107 126
163 76
119 90
195 16
94 98
74 36
38 27
141 50
31 146
178 143
12 190
59 55
157 179
184 168
163 157
123 140
152 159
197 2
190 43
47 43
112 142
148 177
81 55
94 145
62 186
12 161
128 127
86 187
106 96
172 159
116 120
198 47
106 63
75 180
154 171
73 161
101 167
31 45
91 115
19 7
157 162
157 186
183 188
130 137
157 166
74 189
133 121
133 180
18 86
19 119
41 119
108 97
87 189
105 167
108 36
15 171
87 70
65 165
183 143
64 8
36 143
36 10
62 150
0 67
39 118
164 174
23 155
177 17
190 178
178 41
167 193
170 33
192 171
1 53
35 82
103 53
183 178
99 66
82 43
126 11
162 193
186 166
7 16
184 195
172 176
85 199
43 179
170 183
137 181
111 41
68 69
155 180
150 21
192 101
62 148
61 17
71 98
1 166
129 29
142 160
96 198
20 112
20 41
56 101
14 156
3 131
74 50
105 131
77 62
145 16
10 130
64 167
0 186
141 69
180 6
161 46
122 17
194 0
182 43
182 156
80 155
50 105
61 35
184 170
167 15
155 109
111 59
181 159
155 187
75 50
86 79
19 166
8 179
198 31
68 40
99 187
149 126
60 41
119 177
1 139
146 14
32 45
164 116
184 157
4 184
62 193
69 88
118 124
23 18
118 131
56 126
17 42
65 105
173 11
173 164
11 32
145 175
195 180
38 149
83 120
117 151
74 82
7 167
76 108
87 168
28 35
175 168
161 44
19 178
135 39
13 56
69 177
132 47
61 163
87 23
129 118
45 173
105 90
89 43
86 37
10 197
0 182
124 138
34 56
46 180
78 34
87 154
194 92
78 50
19 157
6 84
134 82
183 60
127 115
169 40
106 137
89 198
140 167
156 120
161 48
194 199
99 51
156 187
151 28
1 19
85 55
15 161
35 131
190 131
156 199
51 54
81 13
64 184
178 85
144 186
141 65
98 174
56 109
142 186
177 173
156 76
51 100
175 85
10 54
16 197
150 7
134 64
181 155
189 70
131 111
129 46
160 109
95 46
20 8
159 125
110 163
193 79
63 47
23 68
66 88
1 73
121 123
2 14
84 170
196 122
57 87
96 161
183 0
195 191
186 150
173 118
156 166
185 138
90 43
59 84
84 156
23 16
149 168
189 46
117 76
153 163
151 67
29 15
110 119
172 31
196 4
156 178
43 74
83 172
92 17
123 38
158 88
36 107
2 68
89 174
87 135
179 4
169 175
159 138
3 44
153 143
4 106
126 173
136 59
65 142
182 65
142 137
54 102
91 18
3 16
177 19
186 192
58 84
120 43
2 175
177 161
161 10
177 154
78 162
180 86
17 71
140 161
126 156
62 138
194 13
13 150
109 151
13 174
14 93
195 140
83 62
162 134
151 158
27 3
96 4
188 180
150 154
68 99
175 181
168 162
74 75
77 139
167 96
161 143
175 63
28 84
161 79
83 199
172 151
121 19
114 36
54 16
131 178
99 64
138 181
183 144
117 140
74 28
193 14
95 67
107 129
174 177
107 37
60 153
32 98
180 89
46 19
34 121
51 154
128 163
27 71
6 112
51 150
125 51
35 67
16 45
199 39
126 8
110 177
157 189
13 24
177 175
185 159
111 50
96 186
154 72
120 150
55 6
0 20
62 33
33 155
56 81
164 61
75 81
79 151
114 161
127 100
43 185
190 114
6 33
10 66
136 19
136 53
153 158
65 104
95 85
65 68
82 49
139 87
119 145
7 124
162 102
105 197
31 179
109 159
65 20
193 50
170 126
176 199
134 78
38 131
174 134
34 58
114 168
102 78
77 192
13 197
122 86
147 113
190 148
78 137
133 17
63 85
68 181
153 176
54 27
60 157
55 133
156 63
13 117
186 189
64 117
12 56
150 112
57 3
132 174
171 180
12 74
144 168
81 149
140 143
110 13
11 33
181 61
99 178
105 94
39 44
119 161
177 96
195 174
168 76
137 147
3 5
27 136
192 166
169 129
189 10
131 154
102 123
13 16
39 47
158 65
61 171
35 194
97 60
73 44
165 164
72 26
54 39
81 67
88 166
186 169
63 173
102 20
93 103
118 79
66 70
139 177
157 146
153 123
164 198
196 194
144 65
3 183
108 0
108 64
180 96
136 30
139 179
10 51
154 80
98 72
153 173
44 93
159 121
93 106
60 172
31 106
33 78
79 106
193 15
71 166
161 169
71 55
32 69
1 21
123 189
65 62
183 161
6 37
183 153
76 157
191 138
106 125
48 174
155 137
54 34
173 150
153 159
11 71
51 67
186 146
178 115
56 66
108 38
113 104
168 42
38 145
108 145
151 6
99 175
192 149
145 114
82 197
190 185
13 78
118 161
167 90
190 121
157 178
113 161
44 196
95 162
157 182
177 151
57 193
43 103
4 154
21 22
42 124
150 100
58 89
196 117
2 166
62 39
145 56
164 49
157 44
66 8
185 156
190 180
42 126
73 61
145 77
92 163
25 27
165 161
87 44
191 179
40 182
106 70
150 153
166 196
126 73
1 80
59 133
44 84
32 168
123 64
13 109
198 59
141 6
184 83
127 117
33 26
110 64
105 95
76 77
110 36
29 13
85 167
129 166
138 170
37 28
170 188
21 111
73 164
102 103
41 62
13 58
107 194
108 49
57 132
14 51
182 132
53 40
43 62
171 139
115 108
132 93
5 47
79 169
158 198
174 183
115 173
90 134
144 191
87 39
120 6
172 97
130 113
0 175
83 30
170 196
178 28
194 55
17 30
151 133
147 3
167 73
173 171
101 145
90 178
46 163
82 6
169 122
2 135
158 39
38 76
170 171
48 57
160 164
167 135
91 4
72 62
49 84
22 92
12 143
9 26
53 62
100 125
91 2
88 80
136 84
132 136
11 4
46 112
107 125
122 70
143 21
111 90
77 132
165 29
47 153
163 6
85 123
170 70
91 98
197 153
22 165
78 180
6 159
162 136
53 146
169 172
174 181
124 2
65 179
173 103
182 164
99 102
65 71
105 183
67 190
35 18
19 159
174 150
175 120
29 53
9 128
120 71
135 103
147 116
112 64
83 19
102 116
122 108
123 10
93 74
104 15
46 5
55 192
155 39
82 169
196 181
100 67
141 24
143 111
196 5
101 71
160 161
34 4
138 93
13 130
155 41
31 84
68 196
7 193
11 60
35 127
23 104
195 91
81 27
115 84
36 104
166 59
98 194
29 40
24 189
94 76
190 160
94 157
133 140
61 11
188 137
157 140
17 3
98 90
120 85
198 123
105 168
42 134
176 82
33 145
159 160
39 147
35 19
171 40
120 124
132 133
74 91
105 80
143 30
20 114
165 63
126 90
187 169
68 177
92 51
5 58
20 18
193 147
191 99
199 56
140 111
137 49
109 52
134 76
26 4
156 57
168 61
177 181
109 98
196 175
4 94
191 13
66 159
94 125
7 75
23 196
129 130
42 152
112 9
45 172
83 131
182 169
182 81
90 46
142 151
156 22
94 165
100 91
112 29
173 90
42 103
188 199
116 123
78 199
5 83
161 158
152 45
171 160
111 31
189 176
81 194
199 14
158 176
37 92
1 79
113 49
144 7
150 48
181 13
196 129
190 90
68 148
123 58
188 186
166 159
89 91
176 139
24 46
199 152
181 64
137 56
176 170
43 164
118 123
134 152
62 68
32 65
194 160
45 138
56 117
183 29
110 101
199 22
0 72
106 85
66 146
159 189
180 174
15 95
37 36
11 0
167 51
199 191
65 34
84 189
114 162
171 131
111 98
6 77
29 79
152 184
102 138
167 115
114 82
47 109
14 22
78 93
63 7
57 162
38 132
194 124
116 189
91 163
66 65
44 130
93 142
87 96
190 189
145 104
146 182
22 123
174 62
141 119
90 20
164 128
187 90
77 194
175 75
66 151
161 184
46 138
115 14
193 38
191 111
141 111
83 91
28 180
72 21
58 32
104 163
156 154
15 102
17 63
184 41
99 72
4 80
48 53
4 145
154 169
92 58
29 171
164 58
183 10
166 150
58 98
78 18
21 88
166 90
53 89
7 145
94 120
103 117
79 152
100 24
107 29
9 135
15 2
122 8
87 12
91 60
139 79
95 80
98 93
183 115
107 199
79 64
0 77
167 0
102 13
159 197
82 3
144 176
123 63
110 94
67 44
39 143
11 87
175 49
147 158
25 133
61 174
46 155
142 49
199 192
155 190
29 110
96 138
116 183
178 114
9 184
70 1
25 78
8 7
124 114
105 26
194 176
93 189
163 172
188 176
124 17
115 189
165 151
170 155
43 191
35 99
180 193
76 74
132 7
197 100
129 80
66 172
17 100
96 160
176 104
156 188
196 198
89 122
84 60
48 114
36 15
184 158
13 160
11 21
114 167
163 185
98 159
180 68
195 107
54 181
184 182
53 85
176 99
134 183
98 35
69 142
197 103
73 185
179 35
148 41
143 102
19 176
144 166
122 143
172 124
168 37
88 26
68 31
181 3
81 46
181 74
132 169
10 168
47 159
130 5
129 61
67 4
119 79
61 188
95 161
186 68
199 169
109 29
169 164
77 105
95 31
45 13
147 108
92 59
80 23
33 108
78 40
179 6
185 28
108 191
16 62
123 110
167 165
61 199
129 39
59 57
81 14
146 161
156 127
196 143
36 44
24 136
167 189
39 189
18 137
88 91
169 35
51 70
195 182
141 77
95 152
35 172
180 39
46 133
86 132
55 196
106 36
164 157
182 178
128 171
83 133
173 190
57 137
90 8
85 2
196 163
40 21
88 142
21 177
168 161
133 173
176 45
94 161
149 158
184 68
167 108
171 191
158 156
49 156
65 170
58 69
13 128
80 101
177 157
154 92
58 28
70 182
26 111
126 61
65 181
117 171
72 174
73 32
14 113
140 137
199 41
132 0
185 173
78 174
97 27
55 189
154 193
47 72
183 162
148 161
11 15
150 145
89 55
150 126
127 147
188 187
162 77
118 32
188 160
101 114
146 137
163 118
88 87
160 157
124 195
73 110
14 120
36 178
34 90
82 121
136 89
117 104
44 65
144 97
123 17
67 22
119 124
148 73
159 188
81 105
123 77
135 58
16 79
14 169
126 65
109 0
29 115
38 4
65 79
0 102
43 109
159 151
19 115
61 146
161 122
69 65
139 164
140 91
184 166
39 113
122 154
152 191
177 155
172 63
63 68
62 25
148 101
121 136
28 93
139 178
106 103
153 5
38 100
19 63
154 134
149 28
119 22
138 121
195 123
13 48
197 66
108 43
175 191
35 42
39 26
44 45
98 154
123 84
105 49
140 95
60 154
166 193
181 101
199 51
85 64
86 142
69 1
85 182
103 192
190 24
70 163
96 74
102 112
79 94
116 188
157 180
145 66
52 170
145 172
153 19
24 106
31 93
35 74
71 4
155 153
88 50
54 0
174 188
52 106
105 174
115 162
153 171
136 150
32 25
34 95
191 40
18 17
64 55
183 101
149 180
130 170
182 177
78 126
176 179
192 158
93 29
20 34
98 24
121 100
114 29
17 75
176 18
41 42
180 160
84 105
11 191
161 157
28 36
190 174
178 161
59 54
132 147
36 13
182 154
94 159
46 173
197 9
198 73
107 183
39 120
183 49
58 95
112 120
189 193
27 33
178 79
24 16
56 153
116 40
100 32
55 119
193 83
126 103
192 189
139 132
102 193
135 47
187 136
25 169
96 158
176 8
27 188
125 187
77 111
25 8
159 162
139 98
18 88
195 26
120 170
161 149
53 194
70 41
98 103
125 9
129 143
160 63
174 55
109 115
26 30
46 100
37 157
4 55
180 151
121 180
84 177
135 57
58 195
50 163
102 17
112 119
97 182
128 60
21 161
129 122
79 51
173 70
163 111
123 135
36 174
184 163
9 131
163 113
142 146
152 167
66 43
153 6
178 135
166 182
49 19
76 187
139 126
106 139
152 168
170 173
27 30
45 165
38 62
177 168
161 78
193 93
119 156
29 47
186 57
172 8
68 97
151 52
163 199
13 104
41 177
118 25
74 199
21 183
73 171
89 117
22 81
197 15
62 168
189 105
154 85
53 117
190 171
46 78
22 74
69 162
65 114
161 186
172 123
101 40
174 38
100 15
14 149
94 198
56 43
188 0
111 123
183 78
76 93
140 144
184 147
26 61
87 21
177 172
82 119
197 199
126 197
3 45
183 104
159 182
39 176
89 115
1 48
16 8
97 166
47 108
31 88
107 153
7 41
196 17
74 2
30 76
175 54
37 32
103 107
22 84
179 175
179 150
58 96
184 78
83 6
66 81
146 57
189 88
64 171
179 132
144 149
48 120
71 189
48 180
163 71
48 143
171 158
58 8
63 146
152 67
190 176
193 61
138 151
171 152
137 179
125 76
90 30
21 130
87 95
156 47
104 151
163 21
49 16
36 112
101 160
174 66
57 123
31 66
114 42
130 168
92 30
163 152
40 98
186 92
145 0
8 13
71 140
60 198
27 169
161 174
91 53
20 166
88 169
160 108
64 137
176 65
169 170
92 41
179 54
191 188
123 166
129 45
154 106
143 144
126 113
152 155
65 10
80 133
98 193
140 191
168 16
46 59
2 26
129 108
49 149
156 139
149 184
88 116
187 46
0 44
165 33
91 185
78 147
183 92
132 31
153 102
45 66
62 114
68 194
162 7
163 42
157 188
154 97
108 65
72 70
131 144
80 73
19 67
178 180
106 149
187 170
196 133
198 17
106 126
175 89
140 175
26 135
42 25
166 108
123 44
155 157
123 27
0 40
138 11
117 158
173 163
158 124
25 5
30 69
74 56
76 172
100 126
192 108
133 34
61 144
136 77
151 38
142 199
98 189
17 119
49 145
15 56
100 131
128 10
106 160
62 14
5 190
36 47
0 192
186 78
64 45
21 55
92 153
149 94
59 145
57 80
89 166
179 170
46 54
118 6
61 165
37 5
94 153
84 126
129 70
128 166
36 152
125 43
69 137
166 164
119 117
130 161
88 6
127 87
97 90
29 23
189 175
151 45
83 38
119 155
179 113
104 44
147 53
183 169
174 193
125 192
175 182
50 24
54 153
5 15
59 158
192 35
149 130
127 193
97 104
9 138
94 23
178 173
13 164
129 98
75 83
86 168
150 6
56 180
172 73
115 170
51 98
106 65
57 136
164 199
151 64
69 180
163 165
97 84
100 94
71 5
77 21
31 4
105 128
95 191
39 30
15 18
122 77
120 143
169 115
167 133
72 30
126 123
12 184
52 73
9 118
1 158
191 154
135 31
33 194
179 160
163 15
183 179
124 100
103 157
45 97
91 151
139 86
70 24
53 54
174 157
144 27
38 169
169 73
38 2
118 69
64 47
107 190
119 68
72 135
22 183
196 169
112 90
34 18
78 110
166 23
110 152
190 82
171 30
106 152
46 6
105 161
115 8
58 49
181 169
189 135
107 118
7 39
198 83
17 48
75 139
114 71
102 6
174 135
78 55
189 177
38 13
13 198
196 180
128 1
45 149
47 123
8 145
177 166
51 122
121 52
192 83
111 93
160 70
134 120
161 60
62 1
199 27
155 117
156 177
46 7
124 186
33 198
58 126
103 45
106 35
62 40
194 142
146 100
184 156
67 182
122 132
59 42
37 4
77 101
140 183
56 149
197 92
50 109
30 59
17 197
39 101
153 14
199 198
117 105
184 185
42 40
93 97
171 21
187 151
119 192
161 134
193 143
80 97
110 37
65 90
117 27
72 18
167 66
50 188
127 47
43 161
151 194
76 161
41 193
84 174
86 91
125 64
135 117
119 24
23 11
196 125
2 191
87 2
81 94
79 154
57 127
13 170
61 179
168 185
101 102
2 151
37 125
127 123
5 86
82 140
160 174
189 168
187 165
11 86
65 145
109 161
34 199
171 10
196 66
81 71
182 163
66 89
148 109
154 47
100 39
174 10
6 71
139 83
12 146
67 116
199 46
187 183
63 38
136 45
191 131
136 13
72 161
61 21
150 107
74 140
49 139
49 166
178 52
68 160
69 70
189 28
50 143
135 41
156 159
157 46
141 22
98 8
137 55
142 34
144 117
26 197
133 60
116 158
4 187
178 20
187 186
48 79
93 43
40 151
96 19
139 95
182 183
75 39
60 93
73 54
175 160
98 56
173 172
44 116
77 68
31 36
91 0
141 62
95 144
73 194
196 137
185 21
66 62
183 164
88 128
138 77
57 113
174 5
34 166
130 78
26 109
32 161
29 77
24 29
176 182
164 194
20 93
49 23
87 188
38 91
153 140
191 165
174 67
46 198
27 197
177 46
190 109
17 120
188 185
174 199
69 20
7 131
154 41
164 54
188 196
57 5
106 17
146 159
193 92
188 78
57 184
132 130
30 124
7 159
16 93
150 108
65 112
23 24
136 33
39 127
83 183
107 102
171 165
30 1
95 90
165 18
88 154
182 191
113 177
14 17
20 187
156 161
181 160
147 47
99 91
59 144
132 98
134 47
128 87
170 37
19 155
59 146
169 184
181 146
78 81
38 23
6 22
12 69
171 181
30 110
156 89
117 23
44 143
104 71
156 29
51 170
3 100
155 101
41 159
134 81
53 158
32 89
142 183
142 176
65 52
170 59
82 163
189 91
70 124
82 59
176 85
176 152
5 168
151 4
40 189
139 101
12 40
161 58
8 21
59 105
129 113
42 191
165 174
8 189
22 8
83 1
25 121
45 125
181 139
79 121
185 37
160 91
10 133
21 109
161 31
3 32
86 94
98 97
131 124
43 126
144 171
129 136
111 155
176 42
177 66
38 74
105 196
142 163
198 137
188 165
195 163
119 59
195 7
114 1
139 102
27 57
123 194
78 68
169 34
190 181
86 85
11 196
68 47
6 56
127 96
168 23
7 128
96 68
48 92
122 125
180 192
2 31
64 147
98 158
29 57
65 132
6 115
59 125
127 107
4 3
107 57
141 145
95 127
62 189
142 20
150 4
123 179
155 38
77 183
161 63
122 53
43 78
16 175
172 89
32 71
72 172
180 79
93 53
177 164
10 86
139 54
163 190
84 100
139 51
193 64
123 159
79 145
161 172
152 197
158 113
102 136
196 109
9 83
27 111
49 2
25 84
174 189
195 162
17 188
62 95
19 161
163 158
65 102
153 167
161 18
197 162
176 159
81 119
117 188
5 2
127 67
74 105
122 35
37 87
22 66
41 25
107 45
184 191
151 178
97 51
161 142
94 139
90 77
171 162
111 161
6 27
115 51
3 54
93 112
98 170
198 176
186 174
154 163
9 81
28 73
50 146
185 157
61 145
180 18
152 185
11 37
83 161
147 28
12 28
71 89
5 23
39 116
31 115
104 159
148 198
193 115
156 48
86 126
88 24
52 55
187 175
162 103
144 15
45 159
121 109
159 178
115 48
129 91
99 163
114 27
48 183
176 186
45 199
146 193
175 3
75 196
119 50
55 154
27 119
189 158
141 108
6 133
132 161
129 36
65 138
39 51
35 150
195 14
98 43
0 92
73 34
33 118
186 75
51 16
8 125
33 144
100 194
161 68
199 106
169 190
126 12
174 24
163 57
53 43
1 191
164 24
155 167
185 128
189 54
57 106
96 112
145 162
193 28
184 90
162 82
10 137
87 113
20 73
181 172
141 34
141 9
63 115
186 197
178 32
76 92
7 34
180 173
18 167
151 195
62 35
155 169
41 40
138 63
31 108
158 137
69 82
60 101
0 17
25 130
24 84
88 0
74 46
48 65
11 19
161 51
49 155
93 191
190 191
32 143
121 61
73 154
22 157
52 75
50 153
19 145
161 55
65 17
130 124
2 43
60 80
23 190
167 8
78 71
26 55
8 141
62 26
61 130
160 60
185 51
112 165
126 162
122 29
56 52
28 195
49 0
192 14
31 116
14 170
10 45
144 175
11 111
51 44
70 92
176 1
80 56
65 30
84 161
101 191
2 83
94 114
1 144
15 83
62 135
72 20
194 51
199 178
9 15
195 8
155 184
45 40
59 156
0 185
105 115
27 134
10 91
113 61
126 176
124 159
145 53
26 152
13 184
37 116
105 102
145 11
35 76
184 164
135 95
187 161
11 35
159 97
197 87
121 104
96 47
34 122
128 191
4 21
168 19
108 158
181 176
141 12
17 104
161 91
94 172
168 20
92 177
165 152
44 38
160 167
33 101
34 82
44 170
101 123
103 30
60 29
70 52
18 131
191 103
193 80
142 150
123 43
56 104
57 104
142 167
177 31
66 184
30 50
129 58
131 21
187 3
90 168
84 113
54 110
34 38
95 192
103 167
145 165
3 188
141 105
150 161
98 187
153 164
178 185
173 140
97 57
28 13
67 25
125 146
34 92
33 80
110 84
123 131
74 63
102 29
143 71
131 91
123 175
189 36
24 42
162 191
74 26
79 195
165 173
123 192
184 180
98 3
2 174
22 47
72 186
24 115
113 86
64 57
103 51
92 142
151 1
127 138
31 119
198 169
123 89
79 11
5 68
158 179
3 84
90 138
3 135
48 145
154 123
92 53
158 92
86 97
91 197
132 194
196 192
28 186
58 163
170 153
195 12
10 77
13 158
181 126
34 62
72 169
183 40
115 111
19 144
63 78
116 174
154 102
4 108
183 175
21 84
77 102
33 92
187 193
149 165
191 170
36 41
47 4
152 107
183 184
127 143
154 176
91 145
70 139
102 175
114 44
155 21
141 42
86 172
30 180
45 2
180 14
66 42
161 99
178 48
10 101
197 58
188 105
141 71
174 122
22 177
119 127
112 161
2 142
129 111
54 52
122 112
102 89
115 177
126 198
50 107
155 75
23 161
38 68
154 54
94 180
30 60
185 108
199 158
17 193
163 65
163 191
154 173
128 173
111 153
82 142
150 34
184 188
187 112
169 197
13 156
82 63
176 124
156 125
59 81
159 191
77 58
156 117
28 75
35 17
89 171
11 189
194 12
97 24
69 91
169 68
83 48
165 154
159 184
37 66
27 128
198 12
50 125
141 3
192 169
125 104
92 62
194 65
174 184
151 183
122 103
8 15
186 108
88 119
15 61
86 9
85 67
38 156
12 35
96 25
126 122
121 192
20 54
150 190
43 50
178 128
180 134
45 198
26 40
57 73
165 99
174 52
158 152
76 154
190 106
146 119
12 46
24 95
121 41
25 170
79 7
90 89
8 79
99 197
10 60
129 114
162 150
76 8
65 185
50 6
133 185
140 151
176 94
143 110
23 99
36 87
129 66
32 38
135 146
169 152
59 118
180 26
125 1
179 13
159 165
117 154
68 20
72 149
18 148
139 100
143 53
39 138
124 31
133 2
90 56
183 35
147 199
167 29
86 120
132 188
162 55
156 53
153 154
76 87
139 107
98 76
126 99
162 172
46 30
57 84
90 61
59 153
66 54
29 136
157 40
31 157
139 35
107 25
169 189
5 14
99 2
164 186
85 20
195 80
82 48
82 58
114 149
25 29
186 149
45 119
17 117
71 75
138 79
132 13
126 74
183 167
199 24
159 196
63 186
83 81
137 180
81 116
103 171
179 154
188 13
162 16
185 63
117 139
21 51
55 112
134 92
141 39
170 181
30 114
189 90
123 180
45 122
46 22
60 46
171 48
28 152
187 163
26 82
14 84
101 158
186 102
126 89
12 139
179 87
69 109
198 101
144 141
192 106
186 163
127 129
32 127
137 138
194 188
166 135
8 186
172 194
100 48
170 180
47 50
30 57
65 177
73 153
8 62
32 6
98 195
65 167
141 73
121 26
172 197
168 196
80 107
181 5
105 165
151 173
197 190
30 160
71 193
69 108
19 130
8 94
112 22
19 93
15 38
69 190
159 78
190 183
100 31
125 188
56 160
153 27
29 194
142 158
157 52
105 92
76 75
136 12
24 172
198 143
117 81
5 28
23 48
67 131
146 192
89 169
19 45
169 157
158 191
147 112
10 115
196 87
120 44
5 161
33 86
192 86
141 32
87 18
191 71
188 158
22 109
135 108
173 155
6 40
52 6
148 114
105 31
16 117
10 107
198 180
191 54
178 69
51 15
14 114
7 77
24 134
5 165
3 185
87 145
4 78
18 140
55 143
189 57
90 143
182 108
39 128
35 170
57 172
191 173
74 162
18 96
43 29
167 199
78 14
146 171
43 77
165 122
64 119
68 83
131 99
74 55
191 25
163 80
151 111
69 131
76 73
81 146
112 61
86 191
167 196
184 135
184 44
45 186
145 17
121 2
171 9
196 149
116 35
176 197
181 114
131 189
96 195
61 1
96 71
45 117
135 24
18 182
183 32
190 71
75 142
100 173
124 160
43 159
36 16
136 113
157 108
56 50
100 42
153 2
68 167
182 49
64 32
136 122
144 135
35 132
166 27
70 34
147 35
29 185
20 3
132 69
3 193
35 159
185 171
14 157
56 95
118 171
25 116
40 108
73 96
175 156
98 184
179 186
40 77
194 130
88 199
125 89
152 141
190 44
128 12
188 164
196 40
2 58
55 35
189 19
189 178
91 45
179 62
50 34
8 17
156 102
199 184
63 34
15 158
81 163
121 27
192 47
19 158
19 74
154 5
56 198
95 29
27 48
74 66
106 34
151 88
140 30
99 149
79 75
175 39
152 138
8 198
115 20
162 177
124 6
153 169
9 93
29 139
24 12
121 150
63 181
158 178
171 43
131 93
78 59
150 169
79 26
135 127
108 71
157 192
196 15
26 148
104 141
142 172
7 85
83 123
63 141
192 129
119 40
126 79
168 13
82 109
57 58
199 157
57 74
163 88
78 6
122 56
93 133
33 96
38 175
69 179
136 147
139 143
154 178
149 108
86 169
8 196
122 96
158 120
164 63
11 161
156 168
64 188
188 167
49 178
195 142
169 146
192 54
166 174
152 5
89 49
73 127
145 14
1 38
30 184
97 111
88 16
60 19
117 161
1 4
8 5
40 125
57 173
50 170
88 101
133 188
12 192
160 47
61 75
21 58
129 99
198 43
150 110
123 41
42 122
166 11
96 45
149 111
73 104
0 61
113 24
108 53
96 111
199 26
173 156
17 37
190 4
117 112
172 52
166 126
18 132
6 113
125 167
171 193
156 114
93 184
29 99
114 38
180 2
41 107
141 140
183 199
186 125
147 148
15 115
34 153
164 176
15 127
73 134
184 196
47 161
131 16
156 150
93 58
17 89
187 184
94 142
170 151
114 32
77 191
3 109
143 189
178 172
63 157
126 68
57 90
75 173
198 84
27 21
34 24
157 151
108 66
198 138
128 99
158 173
88 1
153 178
111 65
121 18
11 115
153 109
14 165
165 60
64 192
4 44
82 13
172 129
24 160
8 140
58 118
176 174
36 118
56 192
16 141
169 84
17 107
80 127
77 98
10 100
123 151
50 65
35 66
112 43
157 1
96 181
146 44
74 145
8 192
150 66
77 27
75 117
190 182
145 140
113 112
111 179
161 102
186 175
39 21
134 19
26 119
137 186
13 73
7 109
16 179
94 34
163 138
31 197
133 181
124 102
28 131
88 182
74 190
73 36
72 46
127 155
146 120
136 93
157 78
35 54
122 21
51 66
109 117
186 177
171 151
164 5
138 134
162 36
96 191
19 56
174 93
109 188
103 196
54 182
82 178
130 90
115 67
109 168
2 12
69 26
47 115
73 163
113 140
92 118
160 183
98 149
25 91
167 194
24 49
120 167
95 91
85 125
24 118
79 76
20 95
116 176
164 143
154 155
131 65
134 117
50 102
70 138
130 175
79 21
84 98
51 142
24 155
61 27
57 2
77 168
175 157
51 187
129 51
50 175
85 122
7 174
166 26
91 92
122 158
45 145
179 23
135 48
19 140
168 188
62 166
72 160
135 98
33 135
61 39
173 188
169 76
100 73
4 22
68 57
154 164
38 52
157 170
176 167
154 21
162 84
116 49
59 121
136 69
127 102
177 152
61 32
99 62
26 141
132 123
96 26
1 51
120 79
74 159
118 85
72 79
1 127
100 159
167 139
32 2
106 51
151 166
118 65
188 95
27 154
49 81
56 45
42 75
109 79
198 193
192 49
197 198
90 16
60 64
117 145
102 151
171 145
74 148
94 179
1 143
164 22
170 97
108 128
55 56
93 96
62 181
185 4
75 37
165 181
135 50
142 5
178 177
121 62
42 132
116 182
139 136
135 12
188 151
119 48
43 189
113 38
79 95
161 106
127 63
31 77
20 84
145 96
86 159
43 33
121 83
163 86
124 177
121 47
44 121
136 196
122 84
3 61
44 140
28 95
108 95
70 194
99 177
159 30
188 122
121 179
143 64
22 85
74 54
178 197
18 134
148 46
55 125
78 10
67 148
65 157
109 23
12 121
80 187
50 11
121 87
83 177
165 136
197 68
152 20
58 80
22 34
139 147
103 95
156 56
102 172
69 195
65 125
59 141
184 167
191 153
153 67
28 6
185 150
79 19
107 86
5 6
122 66
127 103
152 41
81 74
38 5
50 161
166 198
34 114
73 132
92 82
197 61
17 118
161 37
88 157
4 41
126 21
150 198
192 184
79 107
33 162
170 86
159 65
198 70
136 95
157 165
16 161
161 75
33 133
99 71
161 56
50 17
199 155
191 58
80 136
96 92
108 181
45 74
72 25
25 11
87 194
150 20
14 9
184 61
161 33
68 30
165 148
97 72
33 185
100 195
40 103
137 2
113 120
146 24
42 46
131 49
113 79
52 192
32 36
60 156
107 189
159 136
92 69
180 45
189 103
124 126
102 64
63 35
197 57
180 191
19 24
175 104
192 195
55 146
85 160
11 190
196 195
75 29
184 91
87 9
180 162
34 145
39 1
84 78
114 122
90 127
9 192
114 198
172 120
189 184
0 83
89 52
168 170
3 166
134 49
7 73
65 198
28 4
130 55
147 146
127 139
133 3
154 20
96 81
89 146
1 10
162 155
89 135
46 166
68 74
19 126
191 155
117 84
155 70
57 38
95 69
77 79
143 72
188 51
122 9
181 158
96 8
87 63
191 134
118 148
155 176
13 89
113 155
129 53
37 150
83 110
166 75
170 34
109 189
139 193
194 182
111 112
147 168
136 199
54 152
112 87
107 185
152 118
133 104
94 70
84 2
190 154
38 142
108 12
140 66
106 91
105 45
181 148
180 9
78 42
13 87
12 134
148 144
153 119
20 161
80 172
181 56
110 154
127 10
120 191
185 60
98 152
46 149
10 55
158 71
198 152
143 38
134 193
160 27
38 161
155 160
7 76
52 133
169 48
160 2
111 106
55 3
100 9
154 187
89 144
125 83
130 166
144 60
167 154
116 33
87 132
87 51
141 162
102 12
10 33
32 139
181 10
148 75
161 3
11 55
66 143
78 27
1 92
149 147
197 67
184 69
13 26
124 68
42 146
116 75
35 31
196 12
185 142
142 134
59 80
123 49
183 166
38 173
157 110
122 137
56 44
137 0
166 121
32 66
67 32
3 85
77 196
49 117
59 109
50 179
190 164
0 156
123 148
168 131
32 5
11 159
57 122
95 19
169 45
163 103
6 7
105 24
32 21
100 104
106 163
42 8
166 78
193 192
129 119
12 65
121 169
163 132
94 66
71 3
22 17
183 180
175 10
195 10
180 182
119 65
74 131
97 160
72 76
2 56
1 130
38 103
80 137
134 172
198 82
35 59
58 144
55 65
136 68
72 106
8 92
63 178
184 107
155 186
186 54
101 2
23 185
116 114
122 105
9 103
154 185
61 176
171 176
101 116
50 71
131 42
146 72
19 14
18 194
33 42
29 69
91 31
130 169
31 167
153 186
18 33
75 69
128 89
11 76
157 122
171 92
73 92
123 72
40 117
8 54
89 188
39 131
168 167
79 117
120 181
183 191
116 141
50 194
184 31
84 0
26 93
126 182
111 35
18 101
42 7
192 179
127 12
194 195
163 64
91 29
44 139
139 158
75 124
100 129
153 31
148 189
149 92
53 175
184 72
183 125
32 72
105 153
101 17
185 155
158 58
61 122
149 160
41 132
38 153
91 111
79 149
54 109
113 153
40 75
103 156
76 103
9 24
141 172
158 6
36 130
98 79
176 165
86 90
178 137
151 163
45 47
21 114
167 190
98 13
96 118
190 158
66 20
47 137
45 12
134 75
2 60
108 25
158 80
160 185
101 7
108 85
37 124
27 179
153 185
154 157
32 162
199 193
28 133
119 2
161 116
78 123
124 78
195 146
0 170
165 135
153 181
154 100
116 140
73 0
44 57
63 184
83 87
151 169
127 13
89 92
53 182
46 160
126 185
185 113
178 170
35 134
168 112
82 132
131 173
126 33
36 82
22 161
72 180
156 18
158 74
25 168
128 97
40 152
160 150
64 9
24 85
166 176
98 104
118 48
193 186
87 92
176 168
185 98
35 7
177 24
5 59
161 36
165 172
9 68
60 17
172 156
112 66
106 153
171 179
193 183
92 38
152 119
196 20
139 145
165 175
150 167
128 169
73 189
131 132
87 94
153 189
195 179
198 130
54 149
53 33
118 42
153 151
102 53
199 143
148 158
192 36
45 142
55 47
175 151
2 53
93 119
51 128
4 24
8 116
101 100
94 130
40 82
50 4
130 197
36 124
55 131
75 125
155 132
109 5
153 199
147 174
116 71
21 196
58 175
160 154
91 32
76 40
158 157
68 59
34 188
117 120
22 121
79 190
149 58
171 186
32 9
133 107
22 32
65 13
169 160
77 80
42 172
11 144
49 70
74 83
107 28
89 155
94 36
147 118
176 76
172 166
55 106
91 183
174 31
14 122
141 5
28 47
188 152
181 72
199 119
156 165
183 84
130 195
166 152
67 77
32 142
94 97
126 186
178 167
86 154
0 96
181 157
64 121
37 88
147 85
186 18
136 133
98 119
6 175
153 88
53 165
147 52
197 149
191 84
55 97
21 24
159 164
185 39
35 40
15 1
23 77
64 182
128 49
100 103
181 161
132 39
173 52
7 31
19 59
83 115
64 195
92 107
80 32
12 81
112 182
26 139
198 36
66 195
27 66
110 47
150 93
83 23
181 135
83 143
42 98
119 108
161 69
85 100
7 180
185 77
142 147
127 79
130 59
135 43
60 193
56 116
74 116
90 169
165 0
73 67
58 110
115 34
33 34
1 44
74 100
137 87
97 16
180 17
10 121
170 154
181 119
44 18
47 100
77 2
107 122
73 77
195 119
138 173
150 188
7 64
87 1
58 66
63 31
74 25
91 176
128 22
109 118
181 183
141 2
79 80
135 77
152 146
119 170
190 29
61 106
110 199
43 147
82 84
68 170
8 57
158 50
128 40
174 162
122 50
166 171
154 183
140 92
179 125
129 148
57 31
78 196
93 6
58 35
62 76
34 134
0 197
75 135
6 17
111 139
169 2
97 29
167 112
79 194
71 161
37 121
88 168
186 5
30 186
80 22
23 189
81 97
52 181
46 0
135 148
133 71
42 99
186 58
152 150
157 176
8 78
32 109
118 125
12 117
135 36
143 20
66 116
104 152
49 173
42 108
96 169
45 188
183 173
109 84
88 143
185 31
104 115
30 29
75 147
117 68
113 42
133 155
182 104
33 7
146 92
110 18
88 127
162 98
55 136
9 199
138 142
141 52
129 55
22 124
22 127
127 45
46 141
119 167
47 8
54 93
39 20
19 164
85 25
119 51
45 100
4 6
67 163
54 6
92 7
153 168
198 172
7 1
161 144
81 106
71 132
177 195
199 55
99 172
109 122
11 72
88 175
102 131
138 184
167 10
59 190
88 138
43 95
76 171
34 126
157 27
161 49
88 161
53 104
107 149
190 83
199 90
199 49
152 181
4 134
78 150
140 181
16 109
119 184
15 154
61 16
176 36
170 67
158 164
186 154
4 107
120 147
198 53
185 45
16 107
41 195
143 94
99 195
59 26
198 14
151 154
158 26
154 43
58 101
118 179
185 118
183 165
170 165
58 79
107 44
163 26
191 110
112 17
92 175
134 139
165 36
9 99
25 176
70 179
97 28
112 39
37 47
64 38
128 55
111 154
31 180
26 32
180 164
195 149
38 192
81 190
86 29
128 83
28 187
135 192
151 20
96 95
172 51
31 1
198 144
60 182
66 127
117 58
80 28
134 197
125 164
10 42
73 138
184 186
134 103
136 120
169 97
139 27
34 137
22 120
99 24
112 60
106 118
111 85
41 115
174 173
179 114
107 7
144 199
161 179
150 8
90 139
60 88
164 124
183 131
199 175
152 58
168 72
42 32
63 100
42 150
102 10
101 184
46 94
13 59
97 30
82 52
19 26
74 163
145 174
177 171
99 120
79 163
151 184
141 100
18 103
178 179
145 116
92 10
191 114
34 68
186 181
184 11
25 95
122 99
145 160
188 1
5 157
19 116
157 159
22 78
124 29
106 177
197 32
127 77
4 117
1 193
91 41
192 173
72 61
37 123
45 57
125 73
133 162
139 174
20 94
169 99
152 11
64 104
169 173
180 3
169 109
152 4
192 65
3 102
160 168
29 153
107 21
27 163
35 138
20 78
150 86
179 33
84 102
128 149
125 142
192 72
194 39
115 157
122 116
135 176
159 171
102 57
127 7
130 91
4 189
152 70
183 90
79 35
155 178
136 138
108 184
144 193
15 85
51 27
191 141
142 180
171 49
3 59
135 20
127 19
51 112
29 140
149 185
161 133
62 78
199 35
101 143
152 90
69 51
58 171
167 173
25 109
10 114
166 86
153 157
181 117
73 48
30 120
13 31
174 113
28 126
52 163
44 164
111 52
43 138
64 65
138 111
195 83
117 69
129 75
194 120
88 9
80 34
15 4
125 81
103 109
101 85
139 8
38 188
5 107
85 37
93 160
77 4
25 127
116 172
185 169
44 53
54 116
100 30
114 28
93 178
43 58
49 188
170 182
0 195
198 153
155 32
152 9
53 12
155 42
77 42
154 145
143 169
113 154
172 152
56 132
59 74
129 35
155 17
56 9
137 134
5 118
101 113
186 40
8 39
127 199
151 22
97 151
81 93
62 81
167 131
81 72
184 178
180 175
185 6
1 141
181 173
185 99
161 97
114 150
101 115
165 96
169 24
17 109
185 174
163 28
142 23
19 39
176 109
51 196
15 60
193 121
86 146
104 86
161 171
113 184
187 150
100 92
74 14
121 57
167 77
19 188
166 154
52 33
128 132
126 169
51 168
189 127
179 71
12 21
144 127
107 132
65 197
81 195
166 191
190 122
172 146
54 115
86 197
198 133
23 183
117 133
183 98
160 153
23 20
37 135
110 180
121 13
12 185
131 193
131 146
139 152
112 186
130 107
51 32
106 60
0 124
46 64
39 162
83 109
135 154
19 187
185 162
56 31
145 82
159 62
4 40
22 178
99 110
198 102
154 17
158 33
24 40
27 183
199 180
79 92
148 61
9 1
125 126
72 153
129 85
187 105
93 27
89 1
21 119
186 134
6 21
72 134
17 166
17 129
150 189
138 190
150 171
66 163
128 176
64 86
48 89
197 93
145 167
42 87
62 67
75 119
0 43
74 152
155 88
179 149
72 55
189 97
145 29
19 87
163 24
90 70
121 72
171 113
161 27
5 133
75 51
167 121
188 39
87 172
26 175
119 104
161 164
82 136
182 28
74 15
197 52
50 124
53 170
85 162
188 18
87 146
154 180
105 36
7 21
198 77
100 172
191 24
151 193
17 165
153 172
49 162
31 170
90 15
85 94
145 90
162 175
155 168
122 72
90 59
181 90
111 156
88 10
151 198
89 46
196 134
86 81
188 120
178 4
94 108
52 150
169 104
161 163
100 65
131 94
55 188
86 61
38 170
131 95
34 99
139 64
152 128
69 113
140 32
198 75
78 119
104 122
63 102
54 95
82 18
163 117
166 146
125 121
191 52
16 81
55 54
35 26
81 139
166 112
34 168
20 70
65 36
161 190
9 133
159 198
86 199
191 33
27 191
105 34
131 79
155 159
118 11
106 102
37 140
28 40
170 133
72 27
65 39
33 159
2 182
185 119
133 12
191 151
181 47
176 60
100 8
70 22
63 30
169 13
171 164
183 146
153 184
112 81
59 195
16 40
42 34
46 71
132 117
45 160
3 120
150 175
138 15
20 87
35 140
176 54
183 43
24 185
184 123
8 169
42 195
186 128
54 76
179 155
72 90
116 22
142 166
31 151
116 86
189 155
42 161
73 181
162 5
23 191
154 181
165 19
181 118
187 185
35 14
54 135
41 158
129 0
174 141
172 92
11 59
26 150
195 158
170 177
182 153
179 177
86 196
141 107
62 28
116 98
174 133
62 133
42 135
133 143
45 46
16 169
198 11
72 24
58 131
66 24
142 85
153 101
188 126
145 35
173 142
127 140
34 181
30 176
8 142
137 153
82 38
124 110
143 43
99 196
147 38
90 160
187 159
124 35
110 155
59 187
2 120
196 135
82 85
38 77
166 173
151 44
94 116
73 62
120 157
152 157
173 198
146 4
140 135
170 166
130 154
45 143
177 153
85 185
164 112
57 170
151 36
38 120
86 34
65 25
127 122
115 146
150 158
168 2
13 61
91 190
198 74
152 0
129 18
112 31
95 94
150 68
132 162
112 126
65 18
90 185
63 72
49 169
76 20
71 107
114 121
124 49
154 142
115 75
131 159
144 31
137 108
89 11
144 128
75 9
176 101
31 191
25 185
78 17
35 65
107 144
109 140
11 181
102 171
134 181
127 186
88 103
10 21
26 68
157 196
163 72
177 123
117 42
103 37
67 113
109 14
29 191
84 79
16 31
4 171
24 62
65 116
119 4
95 57
75 128
17 31
174 158
117 124
125 32
165 115
140 69
5 106
0 36
157 23
152 189
176 105
126 193
124 140
187 14
11 46
179 89
31 114
92 195
81 30
49 78
154 172
15 180
188 136
95 107
115 96
168 108
78 52
162 164
119 47
152 24
32 131
47 14
92 156
40 64
1 64
24 10
25 44
140 61
100 119
67 47
37 83
5 120
19 8
25 160
169 156
31 158
7 183
109 110
134 54
195 156
60 146
149 171
32 191
116 190
151 54
75 54
32 169
88 34
182 174
8 77
26 118
4 133
17 135
183 94
185 114
109 8
142 11
46 144
142 19
18 181
176 141
48 11
198 147
141 98
78 51
36 171
57 196
180 139
5 27
184 52
12 160
146 10
187 160
40 51
48 3
185 189
110 24
183 185
32 23
193 113
86 25
62 32
54 28
145 89
107 187
129 140
101 53
176 177
50 198
143 184
65 67
47 1
32 181
150 89
193 19
24 156
94 3
1 68
38 30
29 146
157 47
8 183
191 16
88 106
41 161
174 22
193 185
149 19
102 8
140 196
123 25
53 154
7 191
63 169
88 107
50 37
16 126
163 14
125 161
134 147
86 155
27 94
174 28
114 39
24 114
112 38
149 121
142 115
67 160
70 134
169 163
183 28
107 131
15 143
145 186
93 155
10 95
167 138
102 21
82 71
152 81
114 88
106 3
171 56
133 123
90 114
190 149
103 136
30 123
59 193
162 29
34 143
118 108
143 137
103 185
173 96
101 147
132 99
145 43
62 145
106 86
35 193
171 7
191 130
46 28
153 156
194 21
42 30
104 168
56 41
29 54
86 175
189 180
64 160
192 89
18 104
194 197
112 156
63 182
91 62
26 194
18 47
95 170
92 155
92 117
84 147
39 31
95 115
189 47
43 24
55 60
44 125
26 134
162 153
155 163
126 98
142 66
115 151
151 179
123 45
139 41
66 183
118 37
52 30
40 86
49 11
180 163
167 185
145 161
98 175
36 91
0 110
53 120
167 33
95 113
104 101
91 118
24 79
4 180
71 87
32 24
167 161
179 174
62 107
106 40
61 160
48 56
105 66
41 15
135 51
104 178
187 40
34 156
136 161
15 92
14 167
77 60
112 163
138 174
152 179
193 5
146 21
24 151
144 57
66 135
106 196
171 119
135 14
32 119
161 61
68 85
18 163
164 137
46 127
136 70
5 19
46 34
53 138
196 6
172 182
22 149
194 72
54 183
15 117
28 16
152 17
146 179
93 82
191 142
69 48
181 80
17 110
149 90
113 197
27 142
73 129
42 20
15 30
24 138
46 16
160 134
195 137
170 162
79 38
68 158
57 175
67 1
175 185
157 167
161 34
189 182
82 153
183 20
158 170
0 190
98 92
137 102
111 177
137 73
50 62
110 76
52 138
76 111
107 63
89 153
185 182
82 50
87 38
4 172
146 155
161 40
46 92
128 50
190 58
147 74
140 142
23 95
59 89
125 165
106 100
181 195
186 3
70 162
86 188
189 154
55 38
161 152
51 48
190 170
97 158
39 192
35 176
15 81
185 199
174 45
77 26
100 164
105 0
112 190
179 187
196 124
100 6
85 70
41 167
167 102
37 162
39 41
91 68
100 198
191 118
59 108
0 94
133 70
48 95
195 93
89 101
84 27
44 137
15 43
151 18
100 138
169 168
24 101
94 92
55 69
85 69
131 172
55 122
40 49
143 105
136 169
157 139
179 74
178 171
77 150
142 118
16 194
117 18
131 61
97 173
72 3
122 164
111 0
16 104
32 148
74 188
190 2
157 156
66 121
7 117
75 158
145 50
136 152
11 70
91 124
168 180
146 127
151 128
28 196
151 78
178 127
141 68
57 105
168 133
57 128
94 61
114 52
184 136
158 136
104 172
161 86
115 79
132 20
153 74
142 44
48 104
117 182
52 183
58 115
47 10
71 184
171 199
74 9
43 21
62 48
124 39
176 151
176 97
13 92
9 115
84 40
62 153
152 127
55 8
72 94
170 189
177 57
95 147
105 73
118 77
37 129
160 33
179 164
70 14
189 68
199 145
7 0
17 57
179 145
178 71
86 71
188 153
37 82
66 25
197 55
9 76
192 79
185 54
17 176
23 100
188 40
149 163
72 5
28 112
37 100
100 2
17 85
116 137
182 52
191 100
48 88
159 29
135 93
76 19
0 103
186 95
121 164
50 35
78 191
74 183
90 163
5 29
139 137
101 64
79 89
98 29
193 153
1 82
89 85
24 133
3 76
157 193
195 199
25 55
168 181
194 66
165 131
118 175
199 140
154 32
131 57
169 165
161 82
47 149
62 37
74 197
156 193
102 39
180 145
30 5
140 104
13 176
92 112
121 183
95 72
7 55
96 85
193 112
93 122
33 103
90 62
185 20
153 21
58 68
15 87
31 130
179 167
182 92
61 60
172 150
175 96
160 126
163 167
47 106
185 177
100 160
21 180
137 168
121 111
126 57
93 59
115 134
137 193
95 164
162 188
63 101
119 34
162 165
149 6
197 191
67 194
78 77
188 26
37 158
112 68
46 110
43 99
107 117
5 101
98 21
78 73
26 198
120 16
168 190
2 66
167 17
170 164
147 135
73 86
33 61
91 101
133 116
121 60
70 64
98 199
76 28
159 169
103 49
165 46
112 153
94 190
10 131
132 9
2 40
99 180
12 60
181 43
86 131
81 100
197 167
199 54
5 195
195 178
88 123
133 110
64 73
54 1
50 91
78 160
35 165
56 42
163 115
41 82
166 140
94 164
187 104
44 172
166 73
21 101
102 189
194 9
49 3
17 68
10 59
62 106
77 69
22 7
194 110
56 188
149 83
23 3
57 56
139 128
117 118
5 97
4 181
116 118
38 177
191 57
3 140
41 9
59 139
91 132
91 120
70 27
33 44
107 145
65 121
7 78
57 141
79 132
18 152
85 88
79 40
199 52
185 52
44 96
14 138
84 187
106 136
191 60
129 156
129 188
143 180
182 124
61 45
51 165
22 71
171 127
140 52
20 40
175 171
45 191
55 88
139 92
8 127
134 0
156 36
53 76
194 6
100 69
80 199
29 72
31 73
173 176
149 64
84 153
110 105
161 77
102 179
194 86
116 32
26 90
141 27
145 63
49 43
32 198
52 5
177 93
75 46
43 92
161 17
152 196
127 56
153 51
101 49
194 36
183 136
111 9
38 28
15 164
170 129
83 157
157 123
92 145
150 165
82 159
79 146
63 148
52 164
191 14
172 155
190 186
105 182
167 151
85 136
141 161
32 120
91 178
4 5
137 72
70 26
186 67
179 86
185 165
191 44
104 131
70 153
173 134
191 127
48 175
161 26
70 191
189 122
84 74
7 49
190 37
111 175
199 30
123 79
68 118
171 194
21 54
97 99
188 96
87 32
196 91
171 130
59 184
30 28
144 23
147 18
63 97
23 2
99 25
178 187
130 2
169 174
97 199
61 178
101 169
25 126
67 137
83 100
142 192
166 163
78 193
9 155
188 10
195 71
159 161
86 32
159 36
135 85
25 190
177 76
64 197
88 190
90 123
5 150
67 102
26 192
141 86
18 189
37 60
62 59
168 159
149 11
177 59
102 174
89 42
91 46
112 198
50 165
102 145
3 39
80 161
43 111
127 31
6 140
170 147
104 7
28 156
21 44
43 27
130 128
140 121
189 179
49 54
130 43
183 56
46 176
160 75
186 131
9 195
162 86
189 67
130 188
33 49
78 35
132 116
114 110
7 172
130 167
68 88
56 20
103 35
132 54
0 33
126 165
140 1
182 61
74 127
57 155
30 31
193 129
15 160
41 171
58 184
82 137
41 26
77 50
106 129
161 151
199 23
30 64
148 145
15 195
44 128
107 123
27 140
10 194
36 157
124 111
99 108
118 119
175 15
16 70
125 130
26 89
108 10
164 101
151 160
125 115
38 179
152 93
176 34
179 172
146 180
198 10
174 60
179 12
25 115
138 194
42 170
35 161
177 53
23 82
197 145
158 154
28 72
199 162
112 123
87 17
8 154
176 184
64 161
101 47
23 78
125 162
68 145
118 86
25 2
182 179
1 116
97 133
29 81
44 31
162 173
18 196
116 107
129 112
177 27
10 99
38 127
123 3
21 14
199 181
77 75
158 72
174 171
71 49
191 181
166 168
118 140
93 87
90 29
7 84
65 60
80 103
52 85
60 163
120 23
62 126
9 70
23 66
138 175
161 188
42 2
119 76
56 27
151 49
174 155
118 102
133 77
125 131
184 137
42 157
188 11
135 172
113 89
36 117
170 172
54 195
139 118
121 194
88 92
4 75
152 31
101 11
153 32
140 100
182 186
129 103
104 157
38 59
49 1
71 39
132 10
74 182
155 198
137 154
50 52
123 36
174 110
110 116
109 63
99 3
168 6
86 160
165 147
41 80
2 136
63 174
124 153
58 187
53 119
18 52
136 127
125 57
82 47
189 42
8 71
116 156
136 40
109 89
49 109
149 59
40 160
66 137
26 184
65 45
52 71
125 29
97 38
145 98
18 80
110 192
46 2
145 46
157 3
40 110
35 162
108 190
33 153
188 179
190 187
94 199
38 0
48 105
125 158
161 57
34 100
33 197
87 100
17 72
163 135
72 7
71 48
178 169
20 1
18 115
103 148
59 114
106 164
162 111
179 3
76 10
11 141
173 87
101 197
116 153
140 56
29 174
146 154
74 77
138 169
116 53
156 190
101 98
194 88
67 118
59 172
76 80
172 168
141 97
13 91
123 61
17 84
73 98
120 118
166 42
38 7
59 14
38 101
89 159
17 20
64 103
194 61
187 174
135 1
52 47
96 90
142 193
64 122
145 142
163 148
188 79
119 95
144 173
53 97
15 191
90 156
166 199
183 15
71 42
136 32
5 132
89 5
121 58
130 136
13 159
60 105
148 180
66 21
12 63
137 166
156 69
71 164
138 103
53 34
18 37
139 155
121 105
184 160
22 18
93 18
66 165
44 86
78 88
116 76
128 8
21 186
92 170
103 143
69 138
22 16
86 20
191 186
65 6
37 117
12 42
71 79
19 183
55 87
66 82
113 98
82 7
155 182
181 130
164 83
25 166
74 186
179 84
133 16
100 78
34 71
21 197
192 105
149 26
153 104
58 193
191 65
67 157
189 44
138 72
61 108
181 167
191 5
62 10
107 42
155 84
100 61
155 120
186 140
26 34
196 82
105 164
83 14
70 192
91 134
168 18
42 51
180 40
130 176
15 150
127 148
55 34
6 199
149 141
182 34
163 30
31 171
136 166
87 29
167 24
54 118
78 140
101 109
51 17
167 143
73 183
167 21
163 120
71 57
185 14
6 104
194 45
36 25
9 46
135 78
13 155
152 140
19 70
39 121
182 26
2 187
127 42
168 191
88 177
173 157
75 127
97 179
139 47
164 32
2 72
51 176
132 104
195 47
104 138
9 150
122 194
159 186
163 137
162 20
171 12
133 11
0 48
151 89
58 100
30 8
194 94
61 109
165 23
5 24
138 107
33 95
6 103
42 92
150 180
18 130
35 158
71 145
90 58
145 10
72 39
125 190
80 150
50 155
78 69
47 143
119 44
42 5
178 186
109 93
169 167
13 120
19 54
101 70
13 137
56 119
199 53
57 49
13 75
3 168
97 58
63 55
159 170
91 40
179 159
91 63
143 130
75 38
188 154
26 196
181 57
93 196
160 37
108 73
142 87
151 99
104 34
84 68
133 88
23 72
175 164
72 198
133 122
158 52
189 12
85 161
127 188
48 97
93 30
146 54
111 119
47 90
195 131
185 191
58 162
105 37
164 70
3 159
22 64
188 41
13 9
167 107
38 31
119 140
61 22
48 141
173 62
178 196
101 161
17 55
180 76
106 44
45 158
142 76
150 84
22 163
74 79
70 123
112 110
116 157
127 70
177 26
116 61
102 177
4 18
194 103
21 133
172 41
173 195
113 108
197 89
181 197
63 22
132 55
139 192
29 32
127 145
127 49
185 26
189 104
102 40
126 120
103 151
30 168
75 110
159 27
151 181
171 104
141 28
71 159
86 100
80 35
45 49
96 151
147 23
64 76
3 194
163 127
185 95
14 103
165 117
75 101
57 52
82 45
107 155
163 177
154 3
156 174
173 111
9 121
77 84
169 179
100 120
18 7
24 33
15 27
92 192
150 74
92 74
122 82
49 25
180 102
116 121
100 54
29 199
195 1
156 72
78 83
136 189
26 172
107 26
136 175
118 113
171 91
0 57
78 181
140 12
28 155
11 98
56 75
126 9
189 173
73 65
174 14
12 182
116 109
197 117
134 124
36 40
175 115
113 10
110 74
21 96
6 90
184 173
149 42
141 47
82 33
68 153
68 147
155 151
157 81
186 183
135 194
17 88
87 7
9 172
162 158
72 83
182 125
109 46
84 32
141 29
80 87
159 21
40 38
48 123
108 196
182 8
186 167
185 75
108 26
95 44
175 5
193 72
183 24
95 50
144 116
9 173
108 28
81 121
68 174
140 190
191 19
121 67
44 74
168 179
151 80
72 173
158 168
114 113
117 138
115 13
115 138
197 30
86 75
35 81
105 135
76 129
20 29
38 18
150 170
174 178
126 30
30 24
131 43
166 160
95 27
150 58
188 30
136 91
1 146
155 183
15 199
41 16
18 119
165 16
58 138
126 151
65 173
99 77
93 25
58 116
70 59
34 31
58 198
103 19
58 104
12 50
28 53
81 161
15 172
26 157
59 25
9 58
79 174
93 84
59 115
30 178
141 96
125 42
33 4
188 171
28 79
150 2
28 150
178 166
32 193
37 53
67 63
82 123
175 197
153 3
192 113
47 129
180 41
48 86
78 154
132 138
169 180
71 176
134 21
44 14
162 161
80 5
160 198
136 66
128 96
148 117
62 31
147 176
21 47
65 94
156 104
47 163
144 133
163 98
147 0
80 144
146 82
97 135
91 119
7 165
120 179
131 76
144 83
38 67
69 72
68 149
113 37
90 21
25 161
37 19
136 104
157 82
29 196
49 140
118 97
12 77
163 48
190 99
81 129
159 32
147 197
63 83
16 86
111 92
118 13
175 149
80 69
41 114
138 110
191 177
4 166
172 186
165 9
188 102
35 60
189 9
8 1
87 144
79 143
7 12
180 176
65 47
112 170
124 174
135 134
59 140
182 168
155 12
194 118
22 5
180 131
164 107
135 124
194 82
87 161
78 47
22 65
95 92
129 161
36 184
168 58
141 123
133 100
118 111
134 105
5 159
126 59
185 194
25 189
152 68
158 87
166 161
5 173
26 98
113 107
65 122
86 59
64 186
111 20
95 122
21 78
189 45
90 22
14 85
166 175
136 81
182 151
151 70
174 153
123 173
119 49
45 141
184 190
56 141
141 165
87 58
25 134
170 2
171 138
121 21
89 110
100 49
40 1
166 185
126 157
45 59
50 101
126 164
157 168
178 175
81 156
52 91
111 109
69 159
178 165
81 10
34 64
86 88
68 67
50 18
197 40
129 181
192 132
166 56
50 106
126 134
178 145
160 53
134 146
77 174
117 52
36 121
155 165
48 154
81 193
181 192
158 54
123 119
175 159
69 181
106 174
185 16
57 13
37 15
162 24
74 72
76 118
106 18
89 106
26 102
163 140
60 3
161 59
122 97
194 62
134 51
178 14
44 159
18 133
20 181
197 137
140 98
78 198
92 141
78 178
12 152
22 152
162 189
179 135
12 148
77 159
72 141
80 54
153 77
104 181
173 89
142 6
149 30
16 37
140 170
189 128
115 182
110 21
39 171
155 188
153 75
26 164
159 34
143 2
104 61
140 58
0 24
30 125
61 143
161 175
144 181
103 132
94 1
137 121
5 117
159 42
82 39
57 26
197 69
181 106
173 69
10 169
114 85
49 87
140 197
161 131
122 195
96 72
39 149
175 83
120 21
169 4
90 37
198 113
62 157
73 21
157 72
184 77
173 160
46 65
127 82
116 27
129 86
31 15
131 25
183 117
10 166
47 58
154 58
178 116
27 44
125 163
135 25
116 177
91 81
16 59
159 26
165 80
37 99
31 118
145 83
191 74
39 168
62 94
3 199
147 83
103 50
8 148
191 161
147 126
188 80
97 121
5 98
134 155
162 137
130 121
12 66
5 178
92 165
156 146
79 179
112 32
130 148
194 22
20 146
78 108
21 57
4 163
0 135
25 89
32 96
83 182
137 75
23 169
92 90
4 165
129 21
103 62
131 101
119 89
85 78
162 76
85 148
112 131
145 20
92 68
171 163
138 118
42 70
80 179
39 186
128 32
189 27
109 199
171 57
72 102
154 59
24 71
191 160
100 28
125 185
102 7
41 175
185 84
85 32
62 45
180 166
159 90
106 29
66 44
199 146
154 91
81 184
136 43
30 66
199 177
176 183
181 24
149 127
104 160
71 160
49 31
68 172
107 15
84 67
129 135
199 8
118 40
192 178
129 110
45 52
153 190
46 185
125 74
160 50
6 164
170 174
36 59
169 191
80 72
163 95
104 21
23 198
147 30
129 59
18 177
148 100
19 112
174 54
59 2
40 126
155 123
194 178
164 92
9 60
144 32
24 48
161 135
144 75
193 165
36 96
20 31
140 11
165 1
142 4
187 191
87 46
198 1
79 172
40 185
123 104
52 44
46 168
95 35
115 149
197 88
164 187
95 180
165 79
20 51
161 176
196 160
4 160
177 64
167 175
1 163
82 9
89 194
73 89
21 33
138 189
19 12
121 127
115 73
129 120
197 124
125 133
38 133
129 3
56 190
183 75
104 112
22 39
102 147
18 122
124 62
150 177
149 102
65 150
55 31
158 104
116 92
37 98
144 25
187 17
28 177
154 174
172 187
44 147
60 6
65 23
194 134
152 156
2 138
133 138
190 119
15 24
130 69
92 78
101 96
8 93
110 49
60 82
56 136
181 67
139 65
119 39
113 29
14 15
75 70
63 142
177 159
130 134
153 180
60 74
32 180
4 52
43 67
28 181
161 139
119 0
157 58
37 177
85 77
149 52
32 174
71 142
26 8
63 53
179 163
126 178
61 29
181 84
6 145
3 174
111 44
154 107
188 190
154 38
147 94
127 93
28 117
67 21
57 124
184 42
137 128
135 96
33 172
69 56
158 186
132 105
3 97
81 174
93 41
22 136
195 105
87 178
22 96
143 181
78 189
187 199
99 90
194 163
129 137
116 180
83 135
156 86
67 156
84 83
143 74
151 69
186 170
137 42
16 27
140 15
163 162
152 21
192 111
90 172
91 9
1 52
159 163
116 72
48 33
22 148
114 158
176 22
108 67
163 181
98 106
91 199
55 75
105 61
178 111
30 175
167 159
31 141
169 113
99 140
43 106
3 25
191 194
136 176
5 33
89 15
20 176
184 35
151 152
121 63
164 114
124 178
96 116
4 105
139 135
33 31
82 167
167 58
105 5
168 35
114 165
129 57
65 107
66 120
159 133
82 105
121 168
32 152
32 187
148 111
44 183
131 51
37 74
89 0
110 42
103 199
108 133
103 168
133 45
58 94
64 18
99 103
93 121
158 38
178 168
88 33
141 102
180 1
160 43
0 37
55 96
89 149
39 106
179 105
1 129
95 143
153 52
199 48
34 87
104 28
48 98
166 67
114 40
43 83
134 33
189 37
86 128
168 151
36 141
45 73
194 129
73 53
8 178
47 172
115 130
8 95
50 189
161 28
138 109
117 82
108 44
33 91
150 182
121 68
109 73
69 120
39 156
83 114
90 150
129 144
15 75
37 109
102 91
12 144
41 183
87 111
199 125
197 129
15 182
87 72
127 14
160 158
104 33
110 125
164 135
44 17
82 46
57 111
127 51
151 48
185 131
161 199
165 28
97 112
59 21
145 58
153 166
67 97
1 91
181 187
68 80
98 131
136 157
4 79
75 10
56 53
178 134
3 156
46 38
11 39
80 132
199 102
31 199
105 119
11 160
90 51
61 54
11 68
139 61
51 173
136 180
9 117
83 158
54 92
68 4
174 27
129 31
28 85
73 35
199 50
29 73
116 3
183 47
169 52
120 180
61 46
12 96
85 45
16 66
146 48
110 120
40 154
25 152
49 99
80 142
124 127
48 29
158 119
80 170
13 113
161 189
172 77
119 52
14 75
95 172
64 156
58 3
144 69
20 197
188 124
66 60
65 130
1 26
146 13
14 161
117 26
8 184
7 103
8 88
101 135
171 116
131 11
167 16
60 22
107 33
74 4
120 50
66 0
29 197
33 130
4 62
38 146
104 116
189 166
62 12
127 120
197 185
115 82
72 12
54 155
180 13
107 39
92 161
105 116
191 117
12 176
143 33
153 11
126 155
14 183
110 135
133 153
133 92
39 52
66 147
187 182
29 11
98 100
123 188
123 13
60 173
128 26
3 114
85 5
100 7
60 58
111 2
82 179
145 113
172 199
150 97
20 75
125 154
13 67
35 46
66 7
27 46
3 195
149 34
192 73
196 138
132 36
41 21
173 148
67 184
189 82
182 141
180 106
57 76
133 40
31 149
54 130
168 80
133 137
21 46
75 193
76 188
101 16
1 65
114 146
144 5
6 167
20 83
171 50
62 18
50 29
70 82
191 193
104 137
15 19
189 61
90 84
58 99
127 194
52 129
120 56
175 110
50 64
6 169
41 181
80 91
156 170
112 154
119 97
59 43
6 61
145 188
160 49
157 143
8 72
55 107
130 99
75 179
145 153
43 96
123 98
48 4
111 182
90 106
0 116
11 114
101 121
56 93
66 111
26 106
162 156
180 159
180 194
160 170
175 153
117 72
170 45
64 157
195 70
38 152
161 89
73 74
107 72
96 100
68 76
35 156
113 45
2 13
36 35
65 146
178 150
67 36
145 155
18 113
51 191
129 177
164 113
61 96
121 110
124 89
115 22
125 155
19 114
185 79
189 1
157 117
113 194
83 39
103 139
162 28
96 196
157 137
135 45
132 16
56 54
170 58
175 137
66 64
89 18
137 84
122 176
167 172
168 163
173 168
177 141
169 44
193 25
193 140
51 162
72 15
78 190
130 126
150 44
96 24
55 66
56 131
110 104
73 40
185 181
165 184
119 99
1 36
165 153
167 170
170 49
123 182
182 162
79 82
78 131
44 171
9 175
120 68
178 70
169 124
111 55
177 8
199 60
63 59
69 192
2 159
22 160
80 82
48 8
50 130
147 76
116 24
82 133
69 38
93 94
50 134
111 34
96 57
178 163
35 32
155 166
22 3
182 16
134 41
168 47
192 42
116 89
131 82
148 19
50 58
166 30
75 33
51 93
5 189
96 126
155 175
195 121
81 87
64 114
64 49
160 6
166 190
132 167
24 58
161 128
114 166
50 115
23 15
156 96
113 96
18 172
52 156
97 23
21 135
43 68
20 159
1 84
19 160
2 193
79 171
152 29
101 6
62 171
118 130
93 35
14 76
26 21
169 54
135 71
99 20
11 113
171 20
36 64
119 109
92 173
56 167
63 43
30 23
128 63
181 189
1 17
154 162
126 17
25 57
68 73
59 131
86 21
34 102
150 183
19 31
64 105
10 103
73 26
88 47
46 192
147 180
182 130
10 48
66 179
157 87
17 91
84 184
82 191
89 176
133 89
188 112
45 54
162 90
145 39
192 25
106 9
61 57
85 168
94 192
169 83
194 28
195 128
162 108
180 83
163 156
93 83
162 17
191 164
64 84
48 197
134 127
102 114
56 97
172 191
10 155
85 34
195 17
186 132
173 25
28 172
46 26
77 33
176 117
151 192
56 16
199 17
27 167
19 118
34 19
36 187
67 155
5 9
191 119
8 75
82 147
145 27
151 94
154 129
175 133
127 68
197 136
58 78
195 61
70 35
50 138
66 53
105 163
134 5
136 110
114 25
160 165
96 53
35 48
96 185
29 161
87 199
93 161
10 165
197 49
42 104
100 176
93 1
122 178
175 27
44 144
20 122
28 64
172 136
112 3
27 82
54 161
161 67
57 63
183 70
71 7
85 153
27 131
172 71
154 161
157 171
9 7
50 21
17 95
23 138
69 89
159 111
156 176
124 38
79 186
185 136
193 106
188 181
188 198
196 97
173 95
87 136
2 154
183 97
191 46
71 127
14 142
48 198
59 117
113 190
76 36
180 167
52 101
142 113
110 96
150 123
6 129
95 159
118 29
70 167
114 75
137 88
157 183
49 32
148 44
29 51
30 101
37 164
74 64
29 111
182 107
32 170
184 28
197 109
57 1
149 97
74 115
181 76
29 132
94 126
164 31
127 198
169 94
101 34
186 119
60 32
195 169
110 68
20 124
4 46
171 184
51 68
176 163
122 22
110 72
20 92
144 182
71 174
71 183
142 70
137 120
107 120
89 80
162 186
60 141
15 32
40 109
39 64
159 143
196 199
11 125
55 123
110 57
1 3
128 77
77 19
82 100
140 85
101 87
135 183
86 134
5 69
159 108
170 72
34 175
16 143
106 195
116 184
89 163
74 118
179 99
65 4
194 126
45 144
3 24
6 147
10 37
190 18
142 139
123 16
106 194
111 103
188 177
170 73
113 41
86 62
160 130
22 198
80 148
18 41
8 61
72 190
119 122
62 47
191 20
95 71
54 64
106 20
119 63
183 177
104 124
172 127
18 42
45 39
75 53
152 65
156 1
7 108
34 45
13 161
156 105
7 137
195 153
44 188
84 96
135 122
141 101
23 98
77 117
139 173
46 85
96 102
194 23
115 26
103 161
129 162
79 136
58 91
188 73
140 115
5 50
53 16
54 156
56 186
42 190
79 99
40 177
53 94
173 199
153 66
154 199
144 9
81 135
160 8
154 159
39 172
20 91
141 167
5 179
11 158
32 179
88 79
150 184
80 114
137 3
167 127
117 31
167 164
14 143
9 48
198 80
156 167
103 108
22 100
120 131
79 164
196 151
191 174
171 155
102 46
33 121
46 43
99 32
49 198
113 168
52 118
92 160
117 141
189 171
168 187
150 129
32 55
84 73
171 70
159 88
167 12
52 3
196 63
83 122
76 109
41 153
89 74
159 190
163 160
128 80
27 182
160 52
192 43
65 85
14 175
150 195
7 163
11 1
21 178
64 185
166 187
199 165
154 90
62 117
84 23
71 123
113 53
191 116
97 6
179 81
25 28
54 187
175 163
139 154
143 67
26 171
23 128
74 10
104 194
79 5
134 10
155 43
15 126
42 16
162 45
61 53
11 82
170 117
162 66
115 88
114 0
130 156
5 61
134 136
126 144
160 54
180 33
136 6
122 163
182 145
139 10
173 152
108 161
182 199
12 51
80 102
134 63
179 144
194 42
150 75
2 104
66 67
84 168
20 82
24 149
144 123
107 46
15 128
46 193
162 187
0 178
127 26
22 72
141 185
105 3
136 0
123 122
191 55
156 145
35 155
42 160
123 125
41 105
196 50
60 158
50 126
157 124
66 198
106 71
73 75
91 44
159 115
5 78
151 23
90 63
176 48
154 152
125 191
31 186
67 56
104 41
33 57
183 171
89 196
53 172
94 106
14 42
141 93
43 116
118 38
33 73
131 72
105 72
71 130
161 62
62 137
45 137
172 121
160 20
165 120
151 11
19 192
94 140
191 97
172 84
149 40
84 30
58 134
10 180
7 194
23 178
56 40
188 75
142 132
36 196
25 16
100 167
78 45
18 98
143 170
176 169
114 175
26 153
112 21
19 102
77 166
143 175
17 111
30 121
41 122
46 139
55 110
117 1
191 156
58 103
163 197
49 6
158 47
22 28
148 88
114 107
115 199
53 98
151 43
101 99
32 7
41 1
85 139
62 21
136 151
2 81
140 17
156 147
161 147
60 116
116 175
183 168
197 104
150 164
173 68
87 170
93 116
193 85
144 81
129 102
19 113
98 180
49 50
132 14
110 91
188 111
75 192
107 22
24 176
11 44
114 49
159 183
166 65
128 35
73 88
46 124
189 92
186 50
187 167
136 11
199 186
57 134
177 133
117 102
183 110
120 47
73 47
185 87
26 190
182 188
84 175
131 44
54 88
69 86
53 58
81 0
95 111
97 102
89 97
161 138
127 4
142 30
180 124
25 149
140 103
114 7
29 119
65 40
104 173
186 143
56 8
31 110
78 97
52 142
16 76
95 190
27 158
139 19
19 47
20 103
47 74
158 21
31 18
142 109
117 22
63 21
69 87
126 6
106 184
75 187
77 125
164 151
158 126
67 176
83 46
149 198
112 2
180 172
32 104
134 95
55 62
122 159
76 24
51 28
106 75
53 140
103 101
137 167
27 65
125 68
199 135
51 88
146 165
39 0
176 196
135 7
87 16
25 153
117 66
188 115
171 112
61 79
164 185
192 11
185 105
93 187
99 63
120 152
199 170
88 198
90 102
42 36
58 70
63 24
68 156
155 108
84 75
189 53
137 16
124 18
14 43
158 144
18 39
76 29
58 109
15 137
77 142
176 191
177 89
151 13
117 8
2 173
157 150
98 20
5 104
77 175
184 21
95 184
93 107
124 93
143 118
164 104
85 75
92 110
92 125
46 152
22 139
2 82
50 19
6 35
6 53
77 126
170 152
156 25
187 140
110 12
77 121
161 30
158 46
199 139
113 68
60 45
139 187
152 48
124 145
160 65
168 66
172 185
166 179
57 69
69 19
14 3
139 96
34 124
164 132
62 27
188 29
124 33
64 158
26 51
64 2
94 89
103 165
114 155
6 26
127 62
139 89
197 123
143 91
194 99
131 30
58 29
159 149
62 15
121 191
89 162
184 179
81 39
172 122
158 165
193 159
140 180
30 99
18 116
149 20
170 114
66 133
172 48
14 61
145 181
89 142
21 160
190 172
188 178
55 153
158 5
165 189
107 66
173 13
196 162
147 105
13 4
31 58
14 158
65 98
171 105
89 35
172 175
164 189
34 84
98 1
82 173
109 181
67 158
173 159
118 188
59 137
126 23
86 80
185 74
17 86
5 151
140 28
11 197
151 114
1 150
138 83
195 73
78 75
98 118
119 133
155 63
39 68
172 69
180 130
99 164
157 12
56 164
102 69
102 185
33 163
121 96
6 172
6 11
187 87
26 38
118 103
13 3
169 148
92 196
100 199
135 73
33 16
22 62
179 165
94 155
182 37
68 50
102 18
104 149
188 48
156 189
68 190
187 189
5 114
116 50
88 156
43 178
51 73
8 181
2 105
67 124
22 77
101 13
28 23
160 176
196 59
113 20
156 15
10 124
156 87
90 91
33 192
38 186
125 7
117 126
185 180
149 136
1 106
117 194
18 21
19 64
160 148
27 31
79 39
174 108
134 67
190 175
154 33
185 18
161 100
66 84
100 26
149 53
190 46
91 97
176 28
77 195
27 28
65 101
120 25
190 19
150 146
97 164
114 16
37 163
161 65
190 143
168 142
61 157
60 169
146 153
65 86
75 67
105 158
8 133
41 150
123 50
13 195
74 168
56 91
13 175
6 91
119 96
51 143
31 86
51 56
123 138
23 171
112 73
117 193
42 154
194 91
133 87
160 162
68 146
143 195
136 54
137 109
107 3
83 18
117 63
118 64
30 162
187 152
91 48
87 97
114 8
183 51
17 148
144 84
140 97
59 150
141 66
27 1
80 140
189 191
7 112
110 170
60 115
69 166
108 8
181 162
0 28
114 76
77 55
56 162
149 12
197 188
149 134
40 193
180 181
12 138
60 94
78 66
182 181
150 70
167 111
103 57
157 187
107 87
145 97
29 85
58 25
134 77
80 42
18 166
79 173
190 8
107 49
8 87
83 189
178 198
78 12
53 42
188 5
75 3
164 119
136 31
31 196
122 139
114 193
77 169
152 178
120 183
59 79
38 84
131 26
60 131
50 40
77 115
31 43
43 152
62 184
33 176
94 134
112 148
34 52
165 177
51 5
181 166
41 52
16 113
84 166
104 45
135 29
178 162
89 87
181 92
150 92
103 87
96 124
52 25
32 17
181 147
160 177
178 181
197 72
27 178
173 182
93 154
18 170
157 195
194 174
170 71
31 140
102 43
164 155
10 106
164 163
169 37
115 141
89 63
183 59
104 67
173 113
162 190
177 48
125 71
23 8
14 58
185 170
34 138
183 158
198 140
186 80
45 109
16 163
47 75
79 137
134 167
65 148
33 115
96 197
121 49
133 44
158 159
142 33
142 121
138 150
174 64
94 144
140 108
29 176
42 193
115 102
189 51
73 23
77 63
137 1
160 178
193 4
168 164
193 82
191 94
71 29
137 99
174 128
161 185
91 16
30 118
63 3
23 85
197 112
156 164
128 123
100 151
21 145
88 63
184 65
156 155
115 171
42 85
124 132
121 175
45 163
137 21
94 17
43 7
128 37
28 20
130 84
124 161
77 176
98 156
82 158
156 160
94 47
0 100
197 122
20 30
85 112
174 129
182 167
95 66
70 17
19 141
48 19
65 33
102 142
68 151
163 189
192 37
46 115
82 4
8 53
18 135
102 44
75 0
119 62
25 38
160 18
14 4
59 159
74 141
61 43
129 79
50 86
120 101
30 133
2 108
170 96
118 144
192 91
115 90
101 8
105 69
112 118
95 55
199 189
157 29
131 157
8 193
88 27
172 192
108 107
12 10
40 31
46 37
38 54
172 188
127 106
8 35
122 88
110 196
62 177
194 56
161 120
5 64
197 192
44 186
162 1
44 149
193 44
41 157
133 35
92 151
75 167
11 169
108 144
56 82
131 46
75 88
155 55
104 1
175 148
145 193
97 192
69 101
107 112
71 0
13 33
122 37
185 158
32 18
175 173
149 113
43 30
144 132
71 13
87 82
172 158
179 24
109 135
13 64
177 30
187 177
187 115
21 190
121 145
168 55
119 28
49 29
144 101
129 72
119 30
96 1
121 106
31 178
48 46
93 128
151 98
87 115
57 85
115 49
14 29
129 13
76 126
192 185
196 47
71 197
23 21
122 71
191 109
169 81
183 156
0 53
97 77
27 165
171 25
40 5
147 90
162 118
51 113
128 95
93 21
189 124
97 52
177 167
141 64
179 156
21 182
69 14
142 179
177 2
161 121
24 129
0 90
110 161
137 131
44 70
20 57
25 15
115 172
152 183
121 28
199 20
188 144
164 130
134 97
30 190
71 45
193 101
117 198
54 198
73 199
136 94
82 8
14 105
57 15
80 3
3 189
161 126
181 131
86 56
66 180
100 145
188 68
35 64
80 122
134 111
194 156
55 126
3 64
25 4
0 18
82 171
175 188
52 51
150 141
133 49
8 119
121 129
15 103
80 194
20 116
198 98
193 150
6 105
168 150
94 175
183 189
110 164
187 25
65 151
137 98
177 63
139 25
60 178
84 12
176 178
120 61
3 198
41 64
172 13
57 168
187 101
173 120
179 181
194 125
4 143
97 31
8 103
57 188
48 157
160 172
44 115
113 48
49 152
185 22
22 41
37 57
140 76
87 155
105 184
182 121
69 163
134 9
141 7
121 88
69 62
186 156
117 94
108 139
61 99
23 55
180 107
117 143
173 141
104 62
59 1
95 156
56 89
45 21
39 78
150 94
98 67
123 2
81 42
149 57
106 189
68 128
183 72
104 161
97 19
181 115
191 10
124 156
183 163
26 65
160 32
26 120
127 161
106 41
27 85
105 96
115 56
162 167
62 130
78 117
173 186
70 141
119 128
165 2
191 83
112 34
77 187
42 129
160 38
39 160
79 196
7 160
136 173
64 21
127 114
53 110
33 85
15 125
98 16
57 79
51 146
171 77
172 184
113 43
137 29
104 107
96 5
127 72
179 0
142 24
137 161
53 168
39 169
125 22
67 122
63 159
93 199
49 5
111 117
117 90
96 150
29 45
39 152
98 88
176 150
150 159
137 48
157 144
88 139
132 37
51 84
197 182
62 2
138 21
76 99
48 166
138 95
192 20
112 16
148 78
10 2
158 182
26 52
143 19
132 63
147 143
117 149
93 86
167 174
105 87
11 174
28 199
133 98
188 166
121 185
182 152
54 172
197 59
25 14
27 192
174 47
37 106
185 132
91 71
115 45
112 82
104 126
3 89
128 118
36 170
183 126
158 169
142 95
102 35
7 184
41 125
101 86
153 8
39 76
164 7
187 62
180 54
154 74
178 164
71 182
41 43
80 196
176 106
184 33
74 149
27 35
55 175
9 110
26 22
148 146
85 183
108 170
44 23
176 118
124 9
89 195
6 63
142 55
128 16
171 169
129 82
141 147
156 113
53 121
120 102
66 171
118 164
176 137
10 117
81 95
33 187
142 131
31 9
50 164
111 199
182 129
147 195
16 26
164 76
89 148
179 180
151 25
53 15
11 128
189 188
180 186
182 122
50 59
0 42
170 139
154 16
189 172
153 90
99 162
120 62
169 41
81 51
12 147
103 147
190 39
13 94
26 160
181 77
103 79
115 80
140 168
131 130
157 45
175 132
93 70
72 179
58 165
165 166
62 182
173 147
24 47
57 115
191 41
105 155
187 173
107 96
186 165
70 184
104 191
178 110
188 100
138 49
50 28
13 187
131 12
75 157
98 144
105 42
179 49
184 177
40 155
120 72
61 134
176 129
148 45
37 33
185 123
64 198
103 180
82 199
28 66
137 37
132 118
135 133
18 94
166 124
41 127
145 164
184 154
11 147
31 123
59 47
124 143
15 133
149 76
106 185
13 124
70 97
87 65
126 133
114 6
22 113
36 133
135 145
63 170
77 86
155 34
20 172
66 156
113 2
9 23
199 105
5 92
65 99
74 161
53 139
173 135
185 5
95 121
77 178
180 161
18 125
113 115
157 24
14 159
66 75
90 94
39 110
196 98
160 199
67 46
89 132
106 117
98 108
145 22
107 73
135 100
166 158
127 28
24 193
79 135
61 34
99 109
64 131
175 152
107 181
65 88
164 148
26 86
70 84
133 58
192 61
44 179
47 167
15 6
182 30
167 49
14 181
116 162
122 153
134 11
72 49
91 27
13 100
12 75
90 73
120 125
152 87
150 151
148 154
112 77
151 185
105 194
197 34
44 152
77 188
11 186
23 63
161 115
175 170
53 141
99 188
72 35
46 47
32 185
164 88
68 123
154 44
108 125
20 130
3 79
119 77
159 112
117 41
152 162
13 142
164 127
185 116
144 172
43 36
145 198
98 22
55 184
149 191
11 93
86 124
179 28
4 20
133 95
176 21
21 42
138 101
174 175
84 188
147 26
22 131
171 38
116 51
66 86
50 51
158 187
39 179
4 8
188 169
43 157
127 69
42 133
9 161
156 151
146 188
121 187
165 190
16 89
112 192
12 92
145 112
14 151
158 49
109 108
117 121
175 95
151 56
22 55
194 44
132 170
10 112
15 152
106 158
146 124
79 54
180 187
186 104
83 196
199 5
35 160
122 28
50 154
189 144
49 17
61 71
99 116
146 19
27 68
20 45
93 110
147 163
40 32
29 44
2 37
81 168
153 187
54 111
76 127
196 60
77 45
187 113
46 114
114 120
123 142
197 154
28 55
53 125
54 121
80 2
29 121
31 169
129 183
109 30
77 17
86 173
152 186
124 27
186 151
123 156
123 8
29 131
173 98
116 196
157 73
51 24
197 184
48 59
42 57
81 127
174 49
124 192
156 83
52 161
196 90
10 172
170 118
29 163
43 176
163 12
18 138
114 142
41 97
171 8
25 172
67 193
148 170
176 187
91 169
24 148
180 177
185 195
24 161
103 21
35 166
175 87
124 48
15 169
105 191
144 91
19 133
31 81
134 163
128 100
152 75
158 103
151 10
15 69
46 23
123 19
135 35
190 130
36 138
7 10
135 132
71 188
199 104
193 26
47 116
164 41
92 85
12 118
76 115
4 99
41 72
152 33
191 35
26 143
26 186
112 49
113 166
8 187
26 71
157 172
27 156
55 167
112 50
111 190
171 32
131 89
158 175
162 110
103 190
18 108
49 52
140 158
89 7
75 87
105 181
10 150
120 193
0 69
67 178
120 41
46 77
149 85
138 74
95 146
75 58
49 96
194 109
62 51
47 193
127 55
175 93
31 150
98 6
130 86
195 104
159 145
176 185
71 37
25 178
154 195
20 44
184 0
187 48
168 195
41 34
156 23
31 96
171 0
52 22
24 69
3 160
165 38
34 21
151 3
163 51
117 142
47 38
4 109
150 134
85 30
127 17
109 6
158 177
119 83
30 158
52 24
54 72
1 178
1 107
66 193
122 49
194 139
133 190
71 138
2 67
70 91
40 83
72 44
99 171
120 29
155 121
160 94
23 57
49 85
185 42
105 159
27 152
171 107
11 105
17 47
150 163
161 70
196 16
82 188
29 83
70 79
156 171
21 172
123 161
56 26
80 98
58 0
27 19
102 87
146 3
136 34
65 183
11 187
7 30
87 182
197 98
72 68
130 40
165 182
35 51
145 2
40 14
145 133
122 69
46 99
163 129
6 186
176 175
183 145
79 157
97 10
101 94
173 15
39 5
37 154
178 147
155 78
45 88
37 134
158 155
108 114
174 130
21 198
0 3
130 67
196 35
96 77
179 153
52 86
155 130
32 130
14 189
50 20
151 73
187 114
48 189
163 144
109 90
183 45
90 71
125 56
117 19
143 187
76 88
57 119
3 165
22 154
37 23
138 143
119 92
139 151
119 165
117 46
176 73
44 176
120 90
18 13
61 183
32 79
106 13
162 169
161 107
102 95
116 45
9 92
68 93
7 143
39 69
118 186
132 2
54 104
155 56
17 191
89 95
5 148
85 155
94 10
158 110
145 86
101 125
10 122
168 17
78 163
22 147
184 142
123 15
67 48
68 162
125 189
88 131
48 61
99 16
37 194
101 22
0 1
64 42
105 83
143 59
70 12
163 174
65 127
139 39
177 169
97 13
30 174
136 1
29 62
142 189
161 90
23 58
21 162
119 67
139 166
104 76
96 134
81 3
9 78
140 20
162 6
99 182
23 173
145 55
153 121
67 133
48 134
190 151
3 78
17 192
189 59
148 76
107 110
178 53
128 110
47 80
81 104
20 96
132 22
112 78
111 19
33 83
85 47
105 180
137 152
199 130
192 66
94 19
117 30
25 54
34 113
191 167
95 9
160 117
81 145
197 60
119 163
85 172
123 193
75 145
83 59
198 187
55 165
110 70
179 9
94 184
7 113
137 123
157 39
191 76
146 138
44 82
160 186
124 198
112 135
71 117
146 7
125 176
162 48
65 110
70 126
74 6
61 114
43 100
166 132
94 173
71 47
17 98
166 149
78 2
113 159
171 59
190 199
132 150
157 133
141 184
13 196
79 114
161 170
196 132
45 190
146 69
168 154
11 75
107 69
8 124
182 133
196 33
19 181
99 159
38 6
153 161
187 138
49 79
35 15
178 44
10 40
18 187
94 63
167 113
75 65
60 124
20 33
73 118
196 165
52 32
53 46
45 106
98 127
168 52
111 22
140 177
144 48
115 152
88 90
66 41
188 163
10 104
104 0
99 85
88 62
159 72
47 25
90 5
67 123
178 3
90 48
41 182
188 147
28 146
74 175
164 181
184 181
95 12
153 36
134 85
155 150
16 77
74 169
125 96
190 33
178 15
15 40
126 109
177 190
117 175
152 19
57 36
157 32
101 37
29 195
99 13
49 194
161 173
36 62
166 162
45 161
166 169
78 133
44 173
190 179
63 118
68 195
195 43
37 70
115 28
5 20
112 128
168 199
120 60
74 97
17 93
180 152
132 58
34 191
186 35
158 143
111 120
125 127
160 127
171 88
40 113
147 157
19 80
76 193
48 45
150 130
60 190
187 111
190 152
97 184
34 172
74 174
147 65
57 142
28 29
95 84
9 85
158 70
108 171
116 152
15 120
48 6
131 127
146 97
65 8
103 198
196 81
139 182
150 109
118 99
14 128
181 91
91 128
133 160
25 110
69 16
165 48
158 66
142 83
38 138
90 194
164 55
87 163
33 146
198 131
15 165
110 141
90 103
148 124
32 102
148 95
196 131
50 108
99 168
127 97
31 103
188 7
152 192
151 112
171 187
94 56
59 9
184 126
159 174
135 61
67 92
173 137
194 186
6 47
77 124
196 101
83 44
7 187
167 158
88 20
11 193
32 39
98 12
151 174
89 183
70 132
101 32
137 39
181 156
161 66
89 121
18 76
164 172
62 9
34 10
174 8
75 72
13 163
154 99
162 42
190 1
189 160
48 138
129 83
96 155
22 155
43 87
119 69
55 67
77 193
42 95
44 8
71 70
112 158
4 129
68 32
183 25
152 121
162 44
102 22
137 51
53 74
183 18
190 104
32 76
160 110
95 0
127 113
118 78
162 52
197 75
41 196
92 136
106 191
77 116
26 50
90 45
155 62
188 97
170 163
25 103
140 154
175 62
2 73
48 54
165 168
179 7
10 193
41 116
75 140
22 103
35 171
175 184
115 86
68 137
20 11
1 100
148 119
60 13
173 26
182 171
51 65
190 157
61 25
124 137
138 54
182 94
46 33
156 180
141 128
197 156
199 112
151 189
11 107
148 191
36 53
115 192
53 195
29 33
109 158
9 139
95 197
149 71
118 10
119 46
27 32
66 14
54 131
152 174
107 157
44 175
100 62
29 126
33 182
67 9
39 161
142 190
84 5
168 186
22 168
97 178
7 153
162 130
131 63
169 22
32 137
139 67
125 63
155 99
53 109
62 116
197 146
185 139
57 139
9 114
160 152
45 51
78 169
47 60
108 29
61 63
143 42
52 81
134 114
125 153
154 196
5 93
5 87
66 46
191 150
182 160
152 66
105 70
9 156
173 34
93 32
1 105
107 98
163 39
12 34
72 103
153 48
43 110
2 76
41 128
180 165
58 4
168 174
151 27
194 168
53 50
0 133
87 164
40 162
196 27
27 58
185 179
76 186
87 191
93 182
184 162
60 167
97 115
169 135
58 18
105 54
25 75
188 43
48 196
35 144
28 33
53 126
48 5
166 66
195 132
40 90
53 86
148 51
193 178
149 10
81 178
89 64
78 24
194 173
149 16
48 147
154 175
72 114
99 39
160 80
23 45
172 171
130 53
195 176
53 186
36 148
199 179
48 106
147 109
42 145
23 14
187 134
52 148
5 65
181 112
139 76
53 49
41 151
12 14
124 15
81 63
64 113
151 113
190 20
86 117
185 146
118 150
120 70
56 38
17 163
93 75
91 43
169 18
22 142
125 141
63 66
60 5
40 132
58 52
196 0
86 144
119 116
132 127
115 148
136 105
2 144
110 32
7 115
123 105
121 148
27 80
185 58
11 85
92 108
62 7
100 134
138 99
167 166
169 116
28 59
89 189
3 171
34 96
181 36
195 31
14 150
57 70
119 10
161 182
