337 821321765
6359108 6641735 8954530 13730960 14320624 14908480 16275147 16568472 17680643 19194833 20855686 25394983 28204164 30124139 35357352 35938091 36478036 38256144 42153810 44254535 47131603 48193042 50474278 52311269 69285629 69772354 70769705 73538131 73778927 74801416 76086205 84955890 89082044 90689505 95923100 96857693 97253665 99599852 104298556 107749814 112833698 120357674 128083825 132349581 132924797 135204504 140860673 141981190 143714764 154278070 154345702 154769986 155489705 157275612 157282901 158400986 158548009 159565721 160798789 161182338 161495053 162346037 170871270 171297184 172163577 172506700 179493311 182598081 183864863 183919372 192463045 192619141 194482289 194939297 202539215 206247555 206630722 206888091 207737414 208358659 213179438 214265397 215249369 215744588 218364156 222839521 222952209 229119278 232401336 235042140 239110186 240348070 242142837 244432835 251664029 252546573 252876335 253132525 257496065 263849460 267583547 268300644 272808926 274309882 276233476 276662772 276803331 279132975 279281839 279437510 281366894 282428748 283329863 287376179 295580671 296037254 299415750 304864865 305185921 305746566 305995458 313853694 315168306 316789471 318982626 332637184 336200669 338155860 338691959 340518957 346127680 346500912 347680140 350030342 352065415 353028887 355402408 360683495 377592306 383805503 384156742 388718967 390272398 392946204 395692879 397965118 401862639 402241711 402408865 403457632 408264215 411952060 419112968 421543444 422581029 425614579 427391937 428082221 430732780 431359412 431589916 433605520 439275934 446809101 450488026 453463886 458457629 461156425 468308488 469441722 474508060 475087405 478277589 480859841 482721277 485983840 486724666 486903619 489506352 494217275 500684192 504731338 506972471 509108139 517029111 518951582 519156620 521759093 531152899 534380283 535636068 537294269 539175786 539936628 541094624 541429560 544034980 544210684 547204543 547254744 553744602 560687464 565556549 566188588 567825850 571538304 575592041 576757069 585632471 589234830 589363683 589955957 595327693 599812447 606146532 606281936 607747687 611669522 613498382 615970472 617812942 618403030 623833859 637956155 642259071 645685831 647326390 649230963 650003292 652567245 664391555 669138173 669900380 671068530 676079276 687654748 691892379 695627903 701026780 703681105 705308866 707538380 712004825 721451612 723280680 724006869 725906727 727917429 729559429 729773439 729977146 738979893 741093981 743660635 744341962 746106565 746481810 746524653 748660620 751515738 754481735 760665563 762120228 764610841 768086528 772187352 775374797 777878816 778011716 778661694 781488310 787749070 788416271 789268837 797271998 798200541 798231067 805018723 805591838 811335687 814340148 814966963 819512757 823680968 827508904 829198983 834051998 834506939 834569819 837665021 838290876 844185322 852687641 853541145 857175577 858741500 859789434 859793657 861047859 862782000 863210679 864843198 866069308 878598534 882239342 883300288 885765742 888978925 890506003 895657045 904927982 908252770 913732136 923020219 925053002 926868289 927835978 930246827 938002035 940074846 944005941 948822673 949596748 950570298 954680536 956641349 963095285 965235884 967002082 973045653 978617118 982843853 983446663 983743502 987185229 996887646 998096979 
16
22
244 759195929
200 563114307
245 401309276
23 672979695
76 691872842
155 651481375
170 368721739
207 942004380
269 20930697
10 12184043
287 676839281
186 314755168
13 825705956
318 198004948
289 211933246
244 312564368
215 852008835
247 943287210
33 341121254
59 767607978
314 948383198
98 827771549
24
23 980096302
65 610139402
245 480120561
41 741254114
123 582619629
90 181453713
117 994393293
95 84055408
309 782700191
313 860269013
37 552099719
13 620986548
332 19750946
178 687665563
308 396072014
254 566598788
205 425458998
279 485665856
165 299416562
125 761784308
32 282471720
184 139976641
161 882795997
120 775688963
70
234 63979412
194 76022916
264 187369177
273 5164817
336 928790476
308 833623674
166 36995012
251 715447600
112 520621189
104 375933032
305 926436963
298 196372788
327 932460850
12 324834567
134 50847255
160 881982929
17 734640531
330 594498559
36 418946765
239 265773209
184 844320617
294 105937294
102 338166209
212 430258950
151 701271469
178 938678629
306 760516356
208 495685698
312 375749049
18 690441764
44 434875542
211 22421753
278 185359706
315 877628652
214 777874749
177 47937142
5 161931146
220 646336613
67 890194437
30 51804325
63 828861
181 941820122
134 343135078
104 648983136
219 901041077
86 290472840
270 728399700
92 238186923
301 867739101
304 807417867
208 588347719
281 444087889
110 144719003
93 465682431
164 900317476
309 157636513
228 734595352
264 62756905
261 219179138
274 387473926
335 216901388
122 259587621
3 655074310
194 691130530
300 420813999
156 988945446
34 897572392
34 253992129
27 367754926
203 346937944
116
29 494533839
269 28261099
62 483531131
314 772911727
119 151102630
216 785415069
185 778219287
211 396598869
212 871064388
4 988077954
73 519876643
259 322143019
333 867431684
61 307556580
122 769350463
256 145194798
297 877735286
118 888165750
263 235441330
9 636486940
165 176017434
81 584442377
135 942949280
235 169090589
304 377070511
276 549305360
116 233526661
313 42863338
81 249930176
118 564956458
253 611109960
83 139252694
107 991123952
214 562625703
181 122134032
55 571233219
22 278981834
224 133626753
312 584770659
123 570228301
215 45991440
301 535985392
91 747142418
289 759241380
59 781700321
229 626381884
224 101020287
261 974280357
143 820055294
66 890720095
252 590735128
13 928383284
68 867901143
305 802642665
263 461744423
46 517152897
64 902646711
225 97329090
296 980583848
210 330662427
107 434610959
233 536785977
85 121118279
35 558961243
103 409668286
122 445601952
211 403351414
140 35233972
35 655876815
205 904833440
136 176141431
228 131638482
92 289694646
166 38265932
103 423360165
331 391907414
178 26480907
107 544923824
281 679537250
238 797115453
208 115483702
145 645131341
142 705456233
242 37263908
239 458462636
54 604214602
210 522520117
190 871652107
325 984429378
92 309243763
25 633349001
323 129938631
262 926321916
105 426363798
44 187576113
319 465319750
29 540141284
75 973492898
27 136657900
15 131771313
147 663811902
203 446817061
62 508723754
252 922282032
4 825466710
31 576347793
111 239735178
263 125873352
47 179937439
189 418095981
277 254139008
287 511211804
186 385912385
292 256064759
209 115697575
319 183575089
279
130 576354769
266 910974390
80 230583818
259 151231431
267 516015099
120 57193325
127 170027308
132 707231019
213 458812758
228 206537441
127 97801839
153 599333866
199 243426901
281 418465436
1 186396640
61 92681500
225 307338588
241 687054016
79 711476754
190 111953407
153 109340648
334 988412960
76 256125005
163 389650519
151 587114591
101 195238567
190 280192486
40 317115900
295 496561234
283 153578180
281 716409176
238 468439049
115 564155542
247 907484271
81 270660990
242 443661542
140 46040270
147 287648823
318 103545803
154 815716376
205 789583266
155 41169675
123 525496026
256 647481695
276 211500570
260 660321035
193 678852234
252 548208151
37 53440636
270 664267227
309 607447907
108 876452244
243 404441477
104 909412875
128 258067337
154 358667848
73 251063969
302 227108819
174 595383692
158 429977366
15 953750303
37 538316764
9 311653700
98 668322587
321 3179513
235 964349517
11 771896997
221 792196977
281 496841605
123 591198330
119 163627730
306 168194735
31 514772927
243 195117278
94 458093784
129 967313618
208 472990364
336 423230869
279 486656951
179 492488915
109 901082930
118 520154259
291 341301971
273 884269504
242 525451432
219 742731534
169 787173332
108 940250668
61 806053889
50 994145958
109 85727381
144 951617797
214 932048653
260 933591375
248 934540855
181 427403322
180 967239591
332 106541994
110 881062544
144 92715358
38 646866091
76 413383243
119 467684121
29 508639894
192 700534987
114 775346435
5 129586289
295 42901454
303 376726638
3 502189127
240 709474094
293 121698988
209 917100932
253 951839909
116 576914279
13 82134577
86 300060546
131 42728356
153 497310610
170 659928339
324 649193834
268 983452748
331 523328229
206 582944715
40 442943717
9 926281741
266 485340391
30 500757158
213 354830532
264 801534073
275 867445171
222 351701350
303 262300321
87 881869600
29 963445722
77 700940385
169 575974706
79 380291957
181 629593638
287 263586772
106 132000816
46 278365102
313 23949997
298 159791321
72 16580271
35 9417071
293 953320488
284 292648272
204 569697654
104 842135447
196 384352493
50 830425565
24 112709743
127 989060632
48 467768817
38 282992667
94 965689175
223 484915435
20 214711762
180 346065861
313 923546311
59 144628204
14 754582553
105 786479428
209 40858789
6 756954007
218 848297004
302 86923914
310 931591367
287 607902523
257 269724926
232 28337584
294 560065514
155 577453625
88 358197987
83 499630988
203 205027554
180 504887197
71 732631113
335 120949047
246 207300138
118 714313784
149 37959578
216 401778056
189 172111424
19 98101445
84 502285083
65 543210835
314 220684036
295 674559232
324 453164081
223 205251888
55 70805494
29 710266386
269 597321200
226 827481284
97 222681398
109 98976571
173 177062776
187 240372643
331 739033851
207 562977268
139 578193801
61 351069435
272 310669080
227 329970186
12 873303588
286 443210986
93 52216645
281 234779686
99 181513249
190 358708964
145 624157285
252 142387603
327 364778569
43 494304315
334 7930763
251 336471711
140 320688798
304 236166335
185 388678037
37 150384804
167 922885573
232 421058936
158 866548818
3 607989704
245 136805923
152 29831957
193 254790220
326 33814323
26 75264670
43 453332825
154 697526921
223 832077510
39 739282956
242 393384302
97 597993921
10 333539254
104 575832720
127 616996683
83 984129317
121 535839995
163 63227376
241 192885897
231 930959330
330 367316961
14 791386163
330 665680390
160 401520598
94 848384505
288 883142444
206 604565989
139 50377760
142 344632738
165 118355638
51 524418394
307 279803748
272 832214
96 538215219
85 432670007
298 62859095
207 473105282
62 264062967
261 595546323
117 909818237
121 38254601
147 904504425
249 633446689
294 375024478
245 204854849
111 489080139
94 708973995
146 402304131
115 271127195
61 24316718
137 505184639
279 819827867
257 644770648
122 971001867
132
209 88512869
136 745989606
305 587145232
297 218140216
172 835468711
152 597972181
210 715036133
194 199356034
99 573872285
131 342085340
277 496423476
12 930752783
324 237333547
152 43607770
112 637964708
245 930456013
314 827610414
93 233522845
146 103454548
268 807643561
106 366439388
295 960720761
262 426939612
59 401551874
44 207987525
23 571879206
305 992712821
211 552100965
274 578810025
211 995994783
155 885711755
251 549236575
108 371645595
322 317105846
249 906781743
215 108439070
50 496670176
88 874724954
27 266768369
275 696326830
154 362383191
100 324381601
118 982845169
8 678263763
175 625067511
252 51414896
144 671474277
285 536622096
8 829565358
164 90363218
195 37413299
169 834200741
125 619402940
102 979325467
320 306385508
215 951600411
96 997607283
213 142826784
190 531954041
235 446318045
137 479012323
320 849951108
40 964286745
170 417536965
15 173744532
189 555926332
59 823490989
285 990225996
196 724585498
19 979454369
282 137956776
51 952633127
257 583683316
243 785955745
253 748420221
119 698241410
275 890319579
35 586554626
86 914147630
210 46690881
68 515308186
238 496189067
289 340865140
160 396326776
116 516336060
164 886752392
149 897587238
6 841895087
306 684805069
104 27754066
21 336286390
16 378071648
122 322625666
323 976369182
249 627314877
62 286474271
134 88413328
171 727427717
60 296240842
142 378387118
143 170546806
79 274252052
181 130849442
304 340597872
87 950268459
3 568396413
137 779346248
103 924251893
171 577969113
232 90365187
260 260741627
272 67566343
309 826035018
127 80393275
224 587152560
259 127057179
303 641216086
203 24493023
220 810280077
128 899387222
221 744226546
326 915016137
208 817586359
29 403151731
99 918943725
109 24202361
182 352023761
332 660456520
162 519887572
51 970309808
183 80681825
62 637103696
247
95 896982060
18 408892203
142 94125804
176 897865470
295 339697041
282 328345054
20 438496785
295 508840647
10 33689653
190 591032145
172 215741015
104 75318606
332 903322144
243 141738292
247 583268657
250 84867313
173 638758826
132 356101004
148 815441311
206 208168489
166 33602073
70 616545319
173 811663282
30 422636806
64 429586101
123 135744708
2 372812518
5 946873929
304 31048728
122 354176932
235 726065485
86 944480709
281 790593555
219 649616460
160 142903835
333 562692646
92 520474421
75 345271640
58 648381834
108 800674970
211 762586748
43 264003011
219 584448092
92 259839130
31 190001786
20 360173409
27 161329333
209 457312451
186 499907023
295 943444106
67 372854879
257 552238910
291 350824298
113 684225859
227 639336872
128 552974390
74 336580297
173 75552671
306 102412290
158 407264381
102 289492856
112 634194850
281 757443941
89 954351829
272 498170700
24 20042295
162 384123060
257 863803828
108 241610612
277 211188468
28 215675323
50 750994466
44 316385924
50 926988742
245 721559387
80 651189705
188 887557945
307 624699317
230 508033722
302 476577545
127 687764522
51 426649915
310 216558030
83 98612219
63 382007641
21 340106637
284 919900668
109 69414343
101 175423409
134 919788972
306 590222741
265 83523115
267 19196321
44 690722154
134 194054706
269 504128739
253 136071103
139 515144373
256 538736869
327 921004731
159 969937674
160 741860155
226 365661265
135 579888354
301 457905540
264 478792700
325 899515934
291 330684897
138 510567600
117 415930007
240 832566687
313 747303186
149 294738166
33 586189162
295 962533872
81 888134326
276 100510226
147 740241459
334 441438745
123 951433328
10 758921116
297 622834241
46 578455912
225 219862089
217 358915083
53 194868053
62 426897786
67 216352616
300 325959733
118 131133099
34 48112211
82 910102454
68 193893210
308 522160627
222 999120986
77 96739626
237 965588662
225 915569960
195 967208815
155 441766881
198 2907985
29 732402030
43 2908861
131 538727919
289 613253075
2 748294916
227 917993470
182 920929697
306 377508936
293 978282276
28 945927395
81 754098121
81 538530340
75 410574624
332 791512228
33 322354554
163 817180036
128 159006132
296 752973454
138 60583589
155 113379386
324 40298007
230 703580271
221 715674215
34 755349884
111 762889278
160 360535632
289 873920215
236 512593120
65 140172340
156 105255791
285 984895643
103 466068548
131 475005300
313 704012765
184 597554838
93 496972587
22 319388840
197 701262693
273 874557096
38 871155712
245 338508306
270 176321504
68 419513566
262 657875317
38 781686889
321 482334863
302 74253559
106 946932980
184 896897535
147 927465913
99 953164460
182 961201553
336 629131201
223 140303839
91 440478707
264 428421953
227 672043541
180 59940257
297 856308778
186 120446416
330 555769316
20 319619243
152 716413382
82 938558488
56 683405416
150 898976069
83 444238024
144 546457122
317 581954981
153 811664333
103 49110354
195 321291481
40 532250255
299 588087588
237 316060510
216 68676344
318 960768620
17 64397293
237 430262858
84 132635149
161 121948213
62 966639877
212 843002530
206 488501823
222 666330899
66 729452211
288 782423519
92 607137969
163 104542256
21 229514031
44 954183104
39 746281852
161 392698513
14 960101464
150 290765956
284 209498515
216 270042459
21 555061643
244 606747347
224 576568402
120 87084790
162 377466516
333 55594507
289 658934156
234 580118232
330 403705061
48
33 540617000
274 804824625
118 560501715
130 359669886
94 674005634
209 439758054
42 24701096
329 9432570
107 393802146
139 625335635
108 722968372
23 53948939
183 717414477
228 609699618
44 277639159
250 828190286
198 91956116
302 655019811
157 113079126
267 428673114
142 989426339
81 672824157
244 224477476
246 622576722
232 641228231
54 628402384
175 557615734
110 199965969
152 808077885
312 484753094
323 343594287
207 449937336
174 580888783
176 360175233
273 688100282
39 976797264
75 639927725
279 827185533
165 150663482
221 642601192
252 845336350
132 672984257
293 272681223
43 462082624
280 914619001
20 670057866
51 16578069
143 53932995
33
305 93995601
213 648794027
243 656632282
111 506598578
109 71656101
260 932537824
111 646136664
22 905686296
226 495900300
249 985607935
63 80864310
83 730394926
316 754085429
252 802870853
109 94340938
286 392905256
97 469137607
137 257505906
124 716966215
98 814290333
13 443876047
166 678232447
160 605430273
123 955450976
252 208298256
290 302418197
252 704221003
206 606637601
173 690968865
74 46514140
126 40128246
307 869474663
127 496969838
4
37 340620794
233 904098744
281 560724089
254 294904565
5
273 97654005
271 41428963
37 739232230
323 247757966
2 874783489
13
335 940487479
281 844493564
75 664990708
176 266544932
257 241370719
76 259562831
112 596432781
325 251043519
186 440217709
160 81115643
254 791699382
140 112079147
320 211282408
1
1 69601979
1
295 670732253
3
62 108738486
19 112413020
5 390860779
2
304 449048126
226 94590707
