522 80864288
3152996 3594961 8884413 11139217 12570848 12683069 13560438 15453269 16944706 18187170 20305268 20829756 22953920 24427094 25022305 27677524 38535726 42272703 44853879 46397863 46420607 46567331 52489390 55134416 56102551 61077111 64316707 64552556 67803870 75628127 76219737 81663485 81867450 85282479 89927758 92936220 93091748 95906590 97522314 102784960 106098517 106913328 110962823 115261194 115556523 116365953 117668319 118380868 118520573 120806547 126807368 129137772 130978156 132921290 134916150 138433537 140224648 140700785 144253808 144959455 145336867 146002602 147711683 148065428 150952890 151523415 152021398 155599309 157087504 159764772 159937318 160903910 161837061 163656302 163806257 166411221 171585699 172516035 174372453 175780683 179281416 180803305 183013979 183166356 185511419 187241847 188491043 189267602 190200407 198148132 198267964 199708652 206391069 206436262 206499789 207138195 207340672 211257169 213382313 214960718 220649305 224496368 225662054 227754197 229643579 233215100 238970365 239019835 239750842 241638868 245082050 245840641 246205307 247038352 250541753 252413786 252944175 253593681 255040174 255447733 258341947 258979459 259295640 260160401 260426007 260522245 265515890 268221541 275026002 277489948 281274475 282504861 284566873 285259254 293106363 293170799 301246056 301452884 302062779 302240352 304069462 304296341 306691345 306976571 308201726 309594272 310494467 312679351 314576875 315233140 315875626 317553196 323172070 323221790 323298274 325655344 331395941 331789187 334538161 339063173 340075808 340393617 340946855 344100781 344571178 344718431 352447844 353299521 354362470 355400190 357484514 362735658 364813762 368655096 368903433 368949584 369224752 370183508 371112860 371370224 372377263 372567409 373433303 373442725 374800571 376344994 376677893 378443641 379216275 380623261 384709395 385278191 385728343 394160371 397932033 400124909 400896208 402794086 406949053 409879249 414184720 416235458 419268734 419328333 420078164 420799565 425779293 426949072 427555741 429190337 436264077 438063638 439457623 442499739 442942421 445426631 448789753 449853214 450633297 451636654 456052232 459003778 460496365 460773981 462992787 463015964 463533047 466326483 466774539 467830462 468795325 468798813 468922045 469933094 470320180 483187008 483750203 487445961 490879975 495076779 495159441 495374907 497494836 502186822 508156171 508467946 509388915 509981600 511201434 513377016 516871405 517799969 518148003 519706021 521844792 525321526 526301269 533481296 535976739 540729891 541982151 549263606 549386316 549613743 550352030 550841090 551666163 551988291 554739322 558078424 559079893 562319433 563980789 566374969 566550373 572436875 575076679 576190206 577253911 579467511 580220739 584067007 584304800 584391553 586373758 586421931 588861824 588998499 590605930 591271924 593520746 594191880 594658865 598102200 602257429 604940605 607903909 608997016 611237912 611840457 621543417 623033637 625642333 625842855 629802835 631722992 635554963 635706998 635959341 637402662 637610593 638693004 639335221 640640367 642536141 643182407 643225962 643954226 645104899 646581224 647179648 647722455 649563224 652627135 653636048 659117999 659229727 659480203 661479610 661761949 662037426 665668213 665816471 668437551 669823444 670830174 671062810 672203782 672612730 672614706 672663851 677993481 679250678 679712422 682133411 682763026 684753072 685058497 685078486 688623119 691008822 692505682 692989054 694340638 694752384 697168668 702713524 703587515 704527332 706938150 714097794 714337692 714775020 715090680 717427501 717641320 718233919 720603239 721768416 722324887 724985808 726903269 728253781 729250978 730925298 732312133 737027288 737802012 747087824 747220581 748123014 748517237 750715390 756104320 760355215 761014778 761031308 761645157 762918691 764236074 767554061 768887739 770834071 771519057 774487556 777408112 777532127 778787112 779355767 779537506 779619435 779650220 781853527 786415803 788716759 788791903 790175633 793720214 794742184 795196805 796804958 797584754 797708029 803323769 803687218 803988603 804786907 807202983 807557027 810747530 810748112 811311575 812530541 814922536 815965916 816820561 819477277 819550564 819905973 821509065 824348227 826391915 826484447 827518348 830444653 836843063 838096985 839008691 839811944 845619643 846879001 853730714 854713287 855144789 855404257 857152782 857161531 857320955 858831223 860389083 861187015 862764174 865638080 866991448 870467632 871360881 872188660 876102535 879432140 884603540 887043623 890495206 891755649 892191264 894023455 894230776 896793074 899027839 905270986 910116088 910405961 912735499 915173189 916094199 916264236 916336118 920199798 920305803 921231618 921495135 923813285 924606957 925550345 927379837 931172608 932156942 932184598 934377624 934875303 935105988 935346240 935446592 936695728 937041340 937361582 937586509 938808258 940593647 941331684 942570775 942639952 948977448 950019680 952204978 955469574 963606745 964650789 965003017 970416752 971048823 978894847 979375753 981461952 982592950 984359801 985048021 986691542 989072386 995430221 995950992 998045163 999359552 
10
434
244 232422435
60 240269429
504 544185301
412 634082290
39 646456488
362 562164691
507 320593668
23 68199844
166 630218820
37 618836446
292 249072899
48 184890853
345 685053202
400 276368331
67 278065349
496 141971991
364 979132651
415 523212464
173 200470603
196 881665181
95 714188796
88 746211460
450 370177680
235 372244167
416 45442683
383 4851252
261 532986921
340 659072294
452 501427143
374 764536085
267 393884936
428 938908627
20 38704955
49 736031994
315 184498722
383 789449837
10 130856887
384 69627010
279 176841626
168 688848482
478 94262555
104 434163055
364 481691937
189 453740109
266 381299527
368 952899360
475 211926081
456 389216510
173 907553920
9 280365555
19 191192693
390 620150074
69 694587678
303 431929442
225 127894548
102 343913471
445 78169121
85 594951423
329 670994838
209 244000583
510 663961715
381 958968722
494 854853902
325 29328796
386 796518707
254 948883224
471 622659892
480 222069571
389 791621056
106 124717952
436 223824568
32 291601089
63 745707658
95 913417930
124 828729910
489 966303415
424 992776136
462 962921992
254 118211191
78 542075388
381 131233092
334 404371316
109 12833602
305 722463633
222 503259063
31 551298825
181 710758298
439 183922355
428 481806337
501 781385191
132 417019091
307 102961286
146 759201660
23 851836965
84 394880883
337 69574904
426 817615576
178 636779381
141 326228531
319 568647877
183 454754793
337 82197221
505 866620333
254 208235320
100 953480412
388 437059482
196 170997748
340 285402512
353 439839060
98 982280820
28 152672861
513 388571394
212 648087982
259 939406743
224 898967132
33 6819655
85 672402730
219 569892154
44 941715872
247 751079316
225 457295770
331 851748482
238 445265238
60 247570269
19 66067829
317 532082925
448 921112320
391 791566050
219 998654273
113 623225833
105 2455023
506 225531650
238 129663940
240 350868797
53 659744516
409 215662806
382 811697660
392 481383275
212 287606379
471 322227604
398 253731611
229 323461149
3 164770885
184 782688218
415 460030172
508 45784804
108 157196948
459 370156597
258 48545894
335 444208004
388 644650724
293 332211260
379 945869922
171 342627356
203 862942120
9 805808056
497 320939826
423 694655793
77 136891524
208 262654198
43 573791233
271 466262222
139 955519407
160 329363125
453 730463989
271 969289932
116 240550540
163 228108765
205 114954619
315 564391709
343 256885739
260 21373182
244 278302492
47 483196891
108 356137006
57 416186023
268 281888940
326 702114322
38 930514070
50 318706594
350 56682876
364 313484113
15 773741485
251 124753022
463 72834918
329 417622381
436 742637739
193 201560798
442 124515660
73 97206517
397 486020238
133 985857918
164 579189895
28 73852564
174 274440951
87 5287611
500 878195223
276 779088923
337 889815125
278 933913811
454 358994259
432 292696675
376 894154237
128 394341834
385 154564335
194 738145575
483 491015691
148 175936431
471 721531412
242 512050493
18 431894748
155 66775194
406 59241581
248 744636064
357 887527495
430 22174935
243 576293090
459 391687285
409 544783057
233 252191683
172 659077002
441 287294431
432 73345252
188 309760410
437 800996295
49 803809138
475 159767563
229 199338650
498 477622062
389 820152158
249 665000684
6 657366668
66 904109180
145 323940798
54 760988046
169 578566959
262 719656149
68 982429014
109 503746865
385 609998427
58 422971425
297 293516017
99 802635541
483 611206351
165 421020019
298 771546040
149 434201171
78 784220709
426 546203927
310 343757902
352 677955514
289 84716817
420 271969417
105 88147866
470 111438834
471 153856927
375 888103541
131 632244104
336 619915265
394 335208452
230 490828897
203 733526932
130 365919927
321 696302009
160 368649956
421 606733523
435 104069012
217 604750565
337 35540583
222 873410876
25 75503883
356 841981139
8 150350977
493 276192139
439 713639659
25 330233273
59 123387665
230 484070269
167 793641239
153 494016215
45 751418810
429 76436326
247 68359461
206 405302553
284 900487090
123 60644995
70 477907055
227 489183941
434 208400355
492 332803005
286 322078965
31 264874131
298 875733214
332 395761654
323 297516036
211 43318347
170 119540537
141 673452816
192 438782136
150 302504175
410 423438554
520 440002860
158 824707714
361 517051964
154 140867781
422 760686784
513 234647183
115 124768093
156 330468235
462 240059162
39 165061073
123 158136712
48 38006402
204 287215309
471 293392896
444 237557808
310 846496357
159 128976818
300 931792944
69 547878840
175 891632154
177 450607078
497 748511676
219 523159531
210 984100501
491 525495961
251 866273162
184 509582415
209 179656453
63 655729201
471 879763678
341 775598406
12 828606846
160 988597237
192 240124536
360 600120568
67 287989954
285 258858305
205 108777862
435 386095496
283 762911273
395 58472142
482 273776516
1 176021816
210 119742419
518 110902530
364 337223553
145 978073554
490 628971042
309 926551059
55 440240747
495 409883017
190 175182213
420 102598595
69 103819979
31 933343646
243 147672636
334 164098847
154 537412646
508 399617473
379 181399523
242 614020928
115 458828294
2 267474963
249 172700066
249 441622872
192 20316521
18 799493515
345 741332579
306 774845784
122 310166913
368 23545575
299 998757663
147 324516996
75 757074791
18 338914080
340 635574805
422 673408158
304 509517473
437 410603451
292 926260368
142 434720980
367 229056646
443 120640521
61 788350577
154 601564888
58 834808671
445 992553481
271 476992926
368 70604490
181 151988363
194 259502101
368 975201728
458 407760038
484 861446986
163 289043076
521 319810201
327 473275394
217 712019645
174 577383720
417 295800275
426 719453302
402 430749714
343 410363799
438 41065859
386 574744895
124 999501200
178 884114905
422 830519819
234 55701044
430 941228669
401 835956760
461 779449717
255 244966527
262 324820293
178 394131773
433 958095552
312 936955544
385 484496514
331 423140794
159 53017233
464 983810135
242 259061501
81 782754201
279 91676969
301 190059457
351 766747085
494 434104564
319 329254927
252 228542929
212 818056464
289 513378029
367 899951986
260 38818507
507
263 613353181
400 542143531
38 193397295
329 446215194
120 860155190
425 523091613
278 985059735
176 180251381
425 173083773
342 994463604
172 124860768
34 302054806
355 277410126
278 798919119
109 911148844
188 921111501
217 856785144
34 215224736
203 451549608
260 145880020
385 257098635
134 105242792
181 116780435
182 684660919
200 277039776
153 611169000
477 852577530
169 758384880
189 773930552
365 999386979
503 401071258
242 32683020
172 690668286
229 261937655
455 61227656
53 572147838
364 853005069
403 214308871
494 4581775
46 938829621
346 632960763
138 694768925
452 660618294
439 471535681
494 439325956
82 168759556
424 925691049
300 122773369
138 393083672
450 8517570
237 855611189
42 50355441
441 498297327
392 431476582
230 479844556
54 989443852
17 118289106
151 95551799
32 754145453
295 341074905
16 642736022
198 874388635
303 148037908
12 993450574
75 517953167
379 616837211
49 850501276
382 895543781
405 662084246
371 669085435
405 224563873
1 761719274
229 395018836
158 20428570
83 424360303
154 376455433
289 974741517
167 623742668
244 990142727
504 224826736
144 35460705
413 892756836
115 945389777
347 681855665
38 612636057
28 681713502
339 402230745
126 12527742
244 147271085
277 870938663
143 759507623
477 721825963
200 502486640
245 484002293
355 191861076
474 471977156
347 317422052
225 514661150
218 199931025
146 386610743
164 163756448
80 84169318
479 305183304
463 796786132
309 207725
518 121980930
459 598802672
445 557611886
302 545564583
268 135636738
282 30626107
273 974946957
187 570255450
21 233152137
127 546162686
403 605925233
429 711897148
440 546607165
265 685127415
397 334404982
322 722944489
256 58748882
236 545627880
232 684701065
338 52418486
158 894843428
85 523927591
413 937341086
241 225718323
181 309518183
513 870813110
321 348695360
468 555235148
305 981782481
71 799217138
205 125486483
422 608701165
26 311501847
48 62908368
317 169166351
117 92960419
449 495839166
417 176896368
385 922599172
93 644403467
132 810473414
16 869479244
73 255175149
16 743012276
134 891299947
396 432674721
498 991919845
182 79557942
458 732865500
283 266641965
429 515993666
175 611725336
135 48672166
513 340146179
54 989105233
347 907183346
26 924291630
464 279120556
274 445092856
509 84639406
179 254933470
292 659366457
158 307453705
367 36413088
273 285144209
26 737492118
160 292252387
161 32013525
501 600108471
116 601356180
327 302087898
466 976226827
192 786460894
60 92879735
200 20947521
444 524904979
275 466734305
410 894742385
448 443321977
308 194525176
31 855539801
131 775037933
411 8995881
464 771256698
281 252638031
138 978571411
26 402533521
460 308303054
384 355963622
84 87683654
234 359135456
328 214904942
152 521651733
22 560706776
183 751239956
169 623769649
369 240136913
263 135840669
253 855613467
439 25658921
193 756153731
174 623259226
258 427900364
173 992698596
427 496259510
222 224034328
24 963875657
51 578433369
267 988978432
49 34962465
219 907227990
440 77837747
249 371479763
197 901547969
414 787117063
487 625840011
515 217867588
175 754990317
124 900276444
515 733264338
493 199500743
290 7600742
166 822139097
243 258721724
136 634468045
215 255448850
350 258097748
487 982862853
431 559938380
394 900003269
229 554061553
329 973730807
440 23783742
137 325368357
504 760553440
291 55798420
113 726706444
233 10530385
20 704211094
136 215348751
479 165192640
8 515974918
306 429262214
39 933313885
258 566473585
512 838456760
55 707108712
495 802595406
179 685439613
363 10605199
424 356352666
154 688449911
146 12163786
329 188907156
356 647499673
41 90170758
83 754421920
493 882058029
71 490450514
348 442834376
203 984820211
405 971164346
502 793065562
387 414683339
239 449742579
488 84990636
106 354661474
345 65205123
94 570138223
367 424772302
43 636970052
188 859506155
155 131097779
104 175561514
31 91775770
188 598657477
53 366618753
49 165117287
479 271909623
79 420550281
234 583367210
387 669822731
233 997408311
127 767002286
88 690680107
203 228137418
226 624795735
347 589481055
194 450540402
395 549737410
243 281618738
219 871934614
85 96193437
308 966192131
66 302580857
119 18564770
148 620362431
164 261679797
17 160006221
230 258451423
257 526157323
58 144980475
515 421017034
173 95889587
443 757310845
355 266847309
430 438668884
224 186675177
514 296744407
336 951365323
355 533198012
379 353877335
476 492452958
93 777768229
334 871608659
220 825045322
51 576282773
324 891294561
410 194436817
144 660542917
426 639326570
471 412386670
34 462001637
283 214099595
364 527453110
306 160219503
152 356963151
58 84783502
189 293544255
166 740497185
508 630280608
213 241602192
205 382196095
520 986569016
428 198228150
65 609733951
221 572647990
373 114676075
381 959909959
117 807043420
34 70681903
99 873792748
55 845539544
166 401880406
1 142625396
361 256636023
330 196011871
156 470134492
308 640744968
342 187074854
285 763289680
410 73811755
13 391561959
49 321906405
128 87842569
470 903932523
418 162723464
14 588839231
222 193234054
201 178999518
224 620297087
434 785467673
204 932677117
25 240843102
173 433155054
13 266420385
268 484487807
249 550769765
246 633032155
273 575099735
115 420665564
55 58209254
44 589611550
140 498422440
214 729904659
353 631824520
120 653808015
140 624239089
281 22840742
353 583963379
500 482296175
15 282973274
346 635388701
1 368449443
163 817856544
472 807093970
357 295573172
476 115651323
475 889306895
218 740045006
189 953317837
265 962408070
267 978475727
218 29435092
275 348531295
486 936825753
69 430189826
431 340488005
86 108812000
95 16065102
28 572727353
298 920212949
180 502209900
323 331071440
339 470586545
4 278192044
9 996278671
492 248637828
152 62294678
15 521856223
318 109422875
259 732012860
289 935477589
139 745943851
408 340007401
480 237345079
407 146102334
452 823608342
286 335368517
167 16999409
491 151351375
41 257426436
518 690737946
156 194256823
20 845724278
407 753032595
335 570489151
203 962967089
326 289383469
483 104891282
244 91784641
288 693399580
229 66292623
249 128626521
443 57868046
446 624994051
365 44232461
330 242239359
62 183053424
83 634604614
321 418085960
276 352882258
503 870164125
50 25961030
91 412137535
146 789386928
1 823318204
479 961335986
463 465471186
224 818739354
153 549130884
433 94208234
117 623269072
447 477722773
196 828366396
366 417628208
461 517858152
19 91469249
85 807986206
53 487119402
235 832073532
126 464872662
369 261081589
32 600653849
480 226046621
323 40756643
96 124163816
155 692718510
141 615443136
172 919561107
62 397014005
178 145093059
323 252303988
8 26580387
160 426084370
50 367056833
263 857602423
202 57195889
330 189886875
36 457151908
272 180589672
112 136258301
269 176772391
139 626418789
233 519921179
479 895468730
175 481279419
483 36159003
126 550272411
309 40167250
505 298123546
245 499246789
85 825072277
435 286473551
496 498033748
102 212038672
80 722329890
104 841173114
94 201957483
94 490793237
283 696221358
104 764564342
5
58 652925647
477 327288458
154 374011313
508 446703243
284 828845744
5
315 441934489
400 410279252
236 96741986
425 501087744
85 697640583
8
63 670400343
365 976782385
377 124057238
172 291457753
521 201608761
75 920897388
226 405602198
35 563512966
21
63 135230457
391 623798462
328 385353362
391 434560088
93 648921487
37 62835830
56 714141596
256 337886748
483 62929772
342 126170952
3 619085787
127 255778297
314 540623402
361 926160610
187 995081093
413 453363794
454 451894654
173 731882603
429 879088416
50 787681096
86 469292056
4
257 199632864
497 365423944
471 616139131
129 708556938
13
130 522295796
423 696773708
305 48724540
285 631630160
447 888571836
372 875840064
145 181814207
143 302733925
303 925950725
164 255510024
435 68288323
174 107416410
25 783170909
2
453 184651463
193 259611014
1
426 426027191
