447 27793740
3520154 7768380 13245411 16539520 19864300 23845481 25347210 27637731 28281667 29380531 31196029 36493076 37806246 37906519 38382660 38646379 40160726 41180089 43940755 48223902 51854673 56406654 56589605 56875977 67051098 70839035 71043418 73665589 73945759 78394539 80238559 80391886 81781696 82618485 84534899 87335896 87489630 88242890 92552395 93876622 102894422 103531164 103544878 108001847 109056351 110184697 110991507 111612340 111671229 117978559 118079469 118354382 120963466 121964512 128651518 128836633 133707513 134448782 137234420 142101121 145441060 149724330 150613032 154018438 155933603 157695936 159721562 162117542 165315323 167702637 168207131 168813146 170356285 175841993 181244093 184043872 184693528 186270761 187823280 192061072 192963904 194151582 195611932 196585476 198511160 199742774 202483741 203860876 204950343 206450816 208099755 208846232 210725449 218598829 225176613 226170962 229309884 233281567 234343441 236807846 236853177 239631299 243784128 247484052 248249449 249332813 254142029 254874330 256272923 257303023 258774148 260704556 262520466 265001747 267265008 270812599 271527611 275501997 275756956 276994621 279985285 281369275 283623922 284202722 285401134 290547098 291874891 294909910 297040006 302160967 302857358 304616387 305425072 310965139 311005380 319513281 320107567 320189992 321053882 321404860 325039289 325980101 327896141 329581773 331770701 332105134 335008748 337485980 338594449 343641338 344401815 344417419 354911017 360257973 361100623 361644658 369754470 369893205 371103096 372589765 372593163 377815158 384432140 386869421 387635762 389869386 390757218 394214475 395414529 397460350 404470606 405631136 408528570 410103705 411005250 411160165 411459071 412273573 413444104 415137698 416771584 416889261 418594123 423834528 426059360 430354117 434625024 437170138 443420628 444415372 448913177 453185402 454049487 457045546 458102057 458405120 461813891 463807339 463934707 465217654 465674901 473850873 476285789 476504171 476619299 484658926 489480869 490210015 491973941 498675522 500998853 503718528 505511893 509512222 514223614 516108013 516925038 520590576 523535674 524364754 525381048 528330780 530113555 532685283 538042849 539144437 540164670 542171228 543734582 545193014 546498857 549003184 555050677 555777782 558362636 560067967 560072241 560815879 565571566 566499395 569331144 570930425 571716292 571752185 571907903 577667943 579338300 580872005 581907280 583507662 586653239 590436972 590547306 598864028 600621197 601637228 605048579 612783903 614552949 615691712 618214257 618553447 619152632 619875171 620293810 621276344 623770014 637759231 640813244 641114163 641711033 643797835 644350204 646852678 647214027 648242397 649936564 651181083 657089766 657378777 658343503 659717969 660550451 663646879 665531220 666003600 666047820 667130816 668029768 672027363 672268264 673521855 675487736 675762577 678579771 678751194 681061927 682979200 685727063 688174901 688617411 691399973 693660931 693836980 697756093 699586962 702327296 704572888 710445091 713715247 713728771 716266237 717009439 718387857 719344678 720726904 730601008 732130758 734419240 737953002 740270847 742392959 742534064 743433528 744252307 744305922 746738176 753810651 754833799 756637917 757347797 757461814 757569838 757843524 759477982 764118123 765918730 766830765 768822494 774532219 775890891 777698697 778831130 779084169 780177774 788843183 789908496 795270223 796439256 796897200 797268710 798652940 798837034 800621700 802719712 806744961 807692756 808152114 812869146 816530459 817737873 821277168 821765248 823486192 830127753 832111358 834372648 836138339 839162379 842179381 843496656 845512915 847703436 847948944 848348047 848669286 849476010 850501705 851626914 852888624 854288044 855033426 859222618 862005419 862380471 868975418 871338250 873753655 875686580 878214958 879870827 881414398 881517714 881827362 881998401 882002806 883939655 885129837 889963877 891750193 893583035 895768807 899085722 911233757 917078526 920008710 920587650 924267095 924441026 924443420 924785438 926506016 931088930 933255657 933814346 933837052 937617083 938352865 940963213 944817984 945449028 950368170 951971213 956122437 957346048 957365221 957937097 959389895 962647860 964254041 964328073 969326060 970788596 973677317 974324859 979487056 982496615 982545944 984468490 986834333 987691912 988936898 992797122 994153621 995051600 996071522 999924995 
6
397
148 509746434
418 638653687
103 563600769
299 733032189
16 537448378
43 1597567
31 349717963
68 133133598
298 741797858
220 332126044
149 449834478
234 676026652
251 375162088
103 66933576
315 453760741
135 116843574
247 304939248
8 520131967
196 446992389
220 931156115
205 651118817
401 428542662
26 977037551
386 672332146
386 124539665
377 506492542
69 661653843
343 456283705
271 767385893
306 962480554
401 609489135
197 278401137
78 492984231
297 577822255
233 370529426
306 57472053
377 626666743
293 972559064
352 498808106
107 595397326
291 672259153
286 175947535
295 574225223
419 738193266
34 810198424
195 637123608
363 648804949
34 858852890
251 799905857
108 140626787
16 815754937
321 528976814
171 493292133
325 647800448
25 577166214
9 610240359
336 736332625
223 895606297
433 85182323
416 656325683
407 556452169
354 301763787
58 918666316
206 782238826
311 872215621
112 315106328
26 336082280
229 932562039
334 294982914
165 984520553
326 193811307
85 483566721
52 87874220
427 177911583
153 915943628
28 676496936
19 312284275
227 751994937
272 729127770
235 236599308
185 49490294
178 6597201
423 796936575
401 810658554
425 322075023
434 795663087
304 364479389
212 253689756
263 467051695
132 599885380
290 172534379
390 727546141
415 911348833
285 100212133
251 1076293
430 469833195
165 754079419
241 975750825
347 472260820
138 589236808
204 493823100
355 180710662
99 216623054
140 808985799
368 298368646
110 29011650
67 95410697
179 611152681
199 377440511
67 585331025
258 584185315
109 417810642
54 84479063
397 704899152
264 806164428
250 991720746
356 133260007
194 199529736
121 428372620
33 451029238
247 57240889
32 951651934
215 518840569
312 656124133
64 473301421
302 511948761
174 587402422
301 43120156
38 758771469
271 631971417
187 268360636
6 184580695
61 174670908
105 805896076
200 419874977
262 417196231
183 686177173
43 754596153
193 809346357
104 65115779
418 528825191
200 988452518
136 414133447
5 608547739
37 131958003
290 284481007
39 732174603
297 769059006
157 189864125
20 782946376
348 313930027
37 487658601
132 311791180
218 310530657
324 898041225
412 222299005
338 529625501
289 899572507
116 1872731
442 171885271
437 701793945
305 806289668
302 356820081
335 400954608
35 394288957
159 994921114
311 651268205
366 636905451
379 386155004
404 360984443
273 220110419
244 938188699
151 470161908
358 136916535
173 70910589
363 60404905
157 494205055
331 76739946
358 517373073
288 906344694
171 531569671
26 876990413
379 554155908
411 610739077
407 961728546
309 880856091
11 362950525
315 97985088
211 577175669
200 158445096
389 118253065
107 438484245
444 272996976
335 535334034
171 989863034
377 436360255
346 661207185
180 50932095
391 176207764
416 976751271
373 498012990
377 613278064
204 396807891
206 548220859
276 834871956
429 688378867
242 458042798
258 903875276
219 28854108
390 354695819
419 635877677
124 692017150
4 593578222
237 135929225
334 443814490
401 723221194
398 286243126
381 289360816
104 283830407
325 648224410
43 536170409
2 493835741
41 100878602
84 587212519
329 186047945
379 309754410
39 533593657
408 319129528
189 639868191
390 148243523
82 823715141
134 942414548
233 132202467
129 953012616
193 799815055
293 571589956
109 400976367
172 444269531
78 957880252
416 720775146
445 747191414
367 209258569
219 505013464
348 33745145
122 168231699
291 962538536
383 552718755
335 314352999
105 28804726
86 94514370
167 555568033
258 463988073
177 469628974
377 440453463
105 7787154
174 420051653
425 29772778
194 351588936
41 463876253
305 40010185
186 640573931
371 721688572
135 25516525
211 425872137
180 551375372
179 830153631
206 563018002
279 122746922
116 662316723
35 485536949
370 475869134
93 860955138
344 5417429
135 105151723
166 346824820
234 458358716
103 691268134
239 977682686
109 788278259
275 302149849
113 773817154
130 679192883
439 154700908
225 627470112
255 651290191
227 211705364
271 129713119
118 373457618
160 283931029
411 598100368
98 165611570
273 113853632
276 646983638
377 667940895
286 317979286
365 212924759
196 323873539
172 254442136
65 441952762
226 569048548
47 722486502
35 477133423
135 201906505
357 606365527
218 68313957
21 440573704
100 743527601
316 908666521
344 717026372
288 944986265
68 471799902
251 732422431
414 682855270
393 566280656
162 117603883
372 92166290
361 94898760
160 397279703
49 494961101
368 205639099
151 275665686
9 600167763
269 324207164
441 521155585
160 328821038
285 956286058
82 175656725
337 409853242
355 588978905
89 859971710
404 848647861
394 128166942
101 652302630
112 16659152
351 111172759
396 84023724
295 3719347
82 536478269
291 119793446
19 665479998
7 752885063
176 210034746
292 10157968
74 362689327
185 396370335
250 535204331
164 101687710
65 396957929
86 609201115
358 449328740
9 380680525
394 131806188
368 800680307
15 75417533
30 797062483
209 859227064
102 904885514
279 195898845
42 916787180
164 72280104
15 643306171
16 582278050
261 357027914
440 162503472
389 47583496
3 970009330
408 287248571
29 247204484
375 766761918
147 782277810
416 46056076
52 707253505
99 176968414
334 198946323
132 956838077
403 874786442
251 840100697
206 773927252
80 749049654
47 532377037
80 328965809
366 102863715
439 385083202
391 218174375
65 699250077
85 257878312
387 263543063
71 686907780
274 302316060
79 544829241
284 233895223
297 844797499
137 501870350
204 143210746
318 597119906
286 606646112
131 388860489
1
298 906360995
13
325 779193878
356 66433636
222 497486972
440 545809530
120 869476790
278 8488143
5 689503111
12 472368238
427 356005162
396 321825502
212 264992728
186 961790652
410 222028482
355
230 6627194
14 720144195
446 212108229
62 434947137
210 709011846
81 651660009
103 889265973
35 710578968
375 798308234
243 627499897
382 170694656
146 97042980
186 33034281
35 105486565
446 204884253
99 15418992
5 182689756
26 994751144
237 466290105
338 647639615
360 622778501
113 973630125
436 171541411
439 348924230
40 227819872
181 681066061
108 728495832
257 232986297
218 518698488
328 526852701
155 721336659
45 908513262
39 105266305
18 35661700
232 316584103
117 569840521
356 139485632
287 414655161
91 133598597
72 126415203
256 972661053
14 848751741
77 760343478
277 125463596
99 431416516
156 57235083
65 704144215
384 532949669
155 772391401
175 24392608
21 250763099
406 842401437
95 714713503
140 339876577
394 843910433
244 834037898
317 27667711
406 60119450
384 886212110
1 440483341
167 685452197
201 821902062
50 641956246
159 659411334
193 854837332
294 738621639
262 743645528
386 41171105
387 651984563
312 782345325
165 863247105
18 950776165
50 469391430
171 199951172
313 966971585
213 845242240
286 902191696
246 517683358
443 311700664
225 948036386
298 249951700
258 952418679
125 755558795
446 760473077
130 864645355
192 403401533
193 543963840
266 555082456
272 270600038
417 44751806
152 360288613
292 960301614
344 621970980
161 816360411
55 32394116
127 370290451
202 599639084
326 973602161
414 77077387
342 277810726
128 281767522
255 5165218
85 830760290
341 815917827
439 725686277
342 139520192
33 251103656
247 402789251
16 98599316
129 638965319
213 170822636
205 306708068
7 566317551
56 863209393
131 481005426
429 602610282
138 663090768
398 625373570
137 591949985
420 49227299
30 358605923
406 703155786
373 964330261
241 17517538
99 570667941
353 315321263
192 335173853
2 662131812
214 832183106
49 164659203
317 542743667
180 770062028
25 631194556
300 42102817
10 124185700
303 46837426
226 452704276
245 305277839
219 709809305
350 758275827
405 123006387
99 647004844
250 356547107
347 532347867
358 380013189
158 712469395
41 918205683
59 235313842
349 420072934
364 541978134
85 482464550
427 855765987
234 614703550
278 811104226
79 28495993
352 841409127
65 215051646
30 17942578
214 152601804
333 981980362
99 691259999
59 165263509
288 54801128
159 123089901
239 612082676
68 173562243
423 945263922
338 414142585
226 155765125
214 428008275
444 129946448
214 17630438
34 855306248
107 210387428
291 20543263
108 987565501
443 431697793
71 772675996
55 906520973
249 785340927
151 206428989
209 843353341
372 245124353
144 861221421
249 107592273
336 213687931
148 152456457
225 367999183
192 789264761
421 277977927
30 722522350
365 770453458
436 942407493
170 274432978
338 792750589
276 831273496
90 418393973
309 356184793
403 952279014
160 939867249
105 764001252
224 738457053
100 341974114
168 218993244
392 483816658
328 555646122
156 100434979
293 787830376
250 571033646
263 529343813
263 918399270
166 948270140
289 383419919
353 557161809
262 514863902
432 222224019
305 21224862
357 283462489
316 272395702
134 91123120
287 985298628
402 237262642
440 474512071
373 957668407
175 234746312
280 939383056
418 197513736
15 145918558
58 950915991
87 142288775
421 858801734
299 503922134
86 577441380
103 91440628
71 933129035
155 151757572
236 225919400
262 301440667
45 810376231
123 372458174
56 376195458
313 394896472
144 310955541
53 392842957
231 421185259
125 440531646
434 888653039
323 750499420
322 789707343
209 33355908
395 365956208
85 812058835
125 246619411
434 121170806
80 385483739
156 251712601
10 577372779
202 906946166
18 270695390
234 12705998
369 332637562
120 813068199
426 463159679
303 623935133
172 878254272
342 138729061
61 907639075
276 496170168
99 31991182
180 62251801
409 392757388
63 642556680
261 624102362
292 75716041
179 47029829
292 315407822
98 169390350
4 608801105
88 893669668
107 948387131
136 440354414
344 441097644
100 234782814
173 757227971
419 906339929
242 535270861
414 234069907
156 537118022
397 995196743
446 57692645
208 477384500
278 302572638
179 398039550
208 259966243
272 332647641
142 409679808
339 826781876
364 250244508
171 855450682
144 62017895
166 231243408
64 68492649
307 125197327
217 743278646
401 198978795
373 210688088
254 257203195
7 659235897
162 551304157
122 782352106
434 403355702
160 688978431
429 197931265
294 779334890
333 143748961
355 459582106
202 728932582
407 143280396
28 858428831
353 782553720
97 660707915
93 327912025
260 510348794
416 586131985
422 587405979
188 261970419
159 450017075
371 179439385
38 437293943
219 562038206
139 958294789
137 68909537
140 108138138
94 680018965
18 693568660
230 171182593
388 452456535
293 119724707
223 485268503
193 709633343
144 668202146
30 539348339
434 256801973
183 996904475
127 520720688
233 454563054
231 641383831
46 834019672
84 701220354
165 144728797
19 105236268
309 466043623
425 269487270
112 549079494
175 813373685
226
138 349535461
408 998785795
95 195751922
282 86422686
215 853473988
80 273042039
434 13565867
353 865973695
22 535429748
157 305845649
152 497314900
278 161352274
331 235300137
163 222624007
217 356670300
297 106345686
115 810337893
76 528056312
52 710085841
239 293520810
253 985908162
22 943679055
433 946581874
294 563301113
297 248391905
209 991330601
384 820526131
197 399014467
173 833836080
102 951495205
68 775656111
158 851824421
179 323607619
302 375135939
80 672249266
224 853829256
328 376417379
290 13553831
301 388288553
64 54768994
222 657987171
365 497321137
128 614099661
12 424349246
345 30852412
415 83151022
255 525024752
81 844876116
74 708529416
342 993453885
350 754647605
62 438842032
162 243562108
321 269821822
32 497379789
91 519191170
432 470795162
295 562374963
259 474979593
358 157971144
425 404513636
201 567808291
112 326008210
292 225221386
245 498484561
176 973133461
102 893032202
15 452003790
226 229300369
182 534849328
129 608662714
432 43438113
369 446819199
426 47751676
122 903056593
239 872878947
57 283205512
435 650803354
400 957395282
220 386343078
99 65289612
263 933000899
438 514845582
94 692614715
382 657161469
294 934461535
343 467595575
359 696414416
112 662032655
21 122957119
69 580565572
221 859833811
312 628105143
389 850867103
133 702363191
364 311469110
388 734909191
426 445199524
310 362093804
28 646617692
446 926865409
93 974128460
427 693789773
176 405312223
116 352987499
244 46054620
243 435709098
185 407856347
396 627347345
320 253312056
213 748354840
412 439714413
41 713366242
87 694541895
279 609373954
175 158573047
72 143519769
170 893812296
360 308824251
111 353097606
376 899464661
64 859680812
410 460199687
206 465332636
166 485842649
193 37632214
398 608690876
148 313889890
243 514598798
337 730565896
38 771021409
186 513935547
6 827027532
117 853887345
43 640537343
113 317548394
60 735298352
309 239822730
1 225401029
384 888553229
35 393040694
445 14255788
386 319152724
182 809651275
444 386838026
436 677082577
126 792813050
362 648160666
192 782984197
416 854046194
431 880146788
25 686641798
262 883518528
283 775547194
194 448892200
246 804880065
276 523645739
346 69058449
416 504367068
345 8485564
127 101528153
403 429768967
149 159994423
263 824254356
199 373487741
283 695679038
277 182774572
338 419964400
14 768411251
319 659783163
276 553718003
243 804553680
203 478462775
379 561152532
362 523885500
396 808347802
278 21222245
395 114496757
185 818727312
300 806439242
91 804831718
286 347456654
359 869837357
250 905848953
436 568888197
415 176038807
175 691758552
276 657296337
256 111339758
157 625810044
170 158887895
398 476348222
276 463890984
290 143797433
402 782761158
385 358626439
243 157908067
88 947305767
428 518706434
21 126586492
298 985854287
53 892574641
136 295749145
106 345089636
374 460221742
269 100037979
372 950141428
78 378737044
147 30064991
335 871941816
189 889940678
180 907946615
408 190398819
435 881895591
290 243258028
287 194544967
184 869484677
137 165775666
419 614334254
153 676182745
106 633056959
104 463504989
300 388600624
84 899829721
107 917018261
440 393921793
8
336 567354370
130 487012949
440 948402847
40 923760414
298 362093676
144 562354132
115 895849406
75 314898058
