452 77445373
378739 2453868 5467249 9685984 13060053 13254722 15703820 16980594 17740341 18652499 19055703 19350775 26744694 28191600 28593057 28868223 29082624 30660158 30949313 32001320 34367516 34856532 35890517 38580195 39043976 41896055 47484445 47887551 51085609 51232400 53373228 54857270 55860865 60270701 63719350 63839876 65170228 67692945 69536437 69741647 71243217 77126445 78438667 82168413 85263050 86937994 94911723 95546457 99251412 100450396 101152327 101158286 103578519 105350399 107147519 107615537 109650464 111674252 118928361 121544276 124475907 127191957 129044632 130064464 133018312 137761152 138994104 148238748 149826206 159665538 160927813 161307277 163771632 165773275 179988924 180995591 183086045 183929574 185378929 189887168 196213377 197327063 199296263 202297439 202836300 205419282 207633006 209951672 210043376 211379932 211383282 212904017 212904628 213834350 216781229 219433952 222007045 223763071 226241158 228295661 230784833 231466236 232613819 233863180 234270492 235655271 237146586 237444078 238859178 240600453 242238384 243801385 251200530 251635067 254183850 262170289 263433914 266720567 267496550 270497444 274005497 274842469 276403646 277741992 279201194 279405514 279595887 280326548 284247429 284901773 285588877 286344235 289541819 290632074 291706397 293893363 296285745 297238865 298130937 298251493 298363536 302230542 302262567 306682406 306745075 306767772 312681185 316202858 316283785 322028073 323772059 325747781 326336105 328953229 334573477 335188453 335853638 335968610 339105417 339316260 339832554 344389144 345137307 345762417 348745632 349143483 349467941 350044715 356327642 359984052 360427948 362161705 362864371 366905194 367660403 368515324 368797140 371555803 373683435 375139997 376185751 378329086 378383808 378681298 380478777 381578035 382897993 384216627 386872268 387218224 391073187 395255933 396726369 397464575 398333929 398521070 398769651 400728127 402698693 403104897 406312237 409455732 414950078 416167865 416680336 417985230 419343236 426946119 429803194 430041154 430097870 431533307 434233818 439781303 443035361 445683911 446410817 446929658 448157234 448970848 449395718 449478070 449618316 450784291 455815012 457333436 460089666 461267580 462569502 475476489 477893214 482771305 488539653 488910121 491224429 492113455 494565192 495165071 495560983 504338547 504370974 504406092 506239883 507989954 508024539 510822074 511271639 512441347 513117466 513614682 513772076 515232757 515245814 518482017 519210014 520116858 523528853 526151816 526389702 526491029 527640143 527803741 529900497 534745985 546296088 554507664 556464571 557401697 559002695 564033677 564614397 571734655 576614659 576699599 576718384 577590055 579728382 581447693 584682822 599224185 601043561 603344251 609592464 611626432 612833048 613523503 613852583 616373865 616862955 620490751 621561341 624582702 625120783 627073377 633407865 636801780 636898875 642702781 649111861 649634264 650246538 650946684 651893134 653782111 654224812 654528998 654550185 655535371 655841511 656173443 656855498 657784238 657974444 660144457 661012801 662406608 679534713 679632692 682517950 685510287 685522451 686968394 690945902 691354760 692080492 692191069 693431534 702284903 706176574 709920054 716726338 717290511 718474533 718982182 720686709 723158850 726308867 726502427 731383448 734457832 734665672 734694565 739740478 741224417 743875330 745301991 746889857 747022710 748336098 757552354 764830312 765162029 766232623 766651370 769056980 773168099 773175057 773553875 774046557 774466653 776471536 780146116 782198120 782312284 789372323 791153560 800176839 801594918 802158192 805702917 810987627 812953415 814230578 815380699 817314439 817774439 819237488 819479540 828364183 828394993 830191505 830367954 834008727 840965982 841207510 841637566 844539207 845996478 849091444 849228415 850723955 856190215 856975272 857273635 861535288 867597700 868862800 869888476 872866286 873642601 877100373 877608895 877773211 878713564 883288569 884980581 885107628 886940380 890144624 894863873 896045250 897171564 900530810 908288893 909442179 911543307 912920044 913854657 914979777 919535842 923674845 923688540 928481043 930041878 933934151 934694982 936117940 936166450 940481733 941771081 946618011 947514838 950458831 950893973 954671241 959745527 968479803 970797079 972819074 975905141 979096185 979249407 980633660 982305999 983111209 986204567 988992295 994002672 994142080 994933427 995951199 999451909 
11
118
177 73150760
174 854814542
74 222411356
391 233869599
69 637596734
217 934660552
13 362282451
82 97070633
254 772360448
6 14437161
80 774272076
337 277786182
182 5282319
197 432581975
177 905078455
377 449377743
434 316985682
416 533120688
303 10346851
411 399427683
190 525362736
162 897883712
263 299891702
279 47806268
119 45892676
5 70848552
164 752897886
316 253274038
285 340856002
266 378471242
448 171322522
160 159493826
17 24458019
7 224251620
92 502401828
267 875705331
371 251774434
72 867073269
163 233664491
61 376812211
56 243349013
81 255087522
366 802291862
170 886290166
207 241557892
23 553720930
411 882815926
351 65114203
53 584681227
415 542695283
100 133954724
147 350546676
212 525412939
396 511634602
424 345066137
445 566588589
261 576265528
127 344755183
216 960521897
73 627516546
351 23362116
207 386840599
360 155320401
334 28075994
208 544315590
110 461933181
164 385725711
391 440166951
447 372933487
1 953764262
13 277669464
313 813875558
30 37133793
15 497410611
213 496121589
26 732729129
119 657486919
78 616152125
52 667184055
332 727873830
187 945173022
232 717254121
291 21363573
293 287096717
312 639256175
169 256046457
419 400291416
359 283437339
178 171041959
337 399745500
195 906738130
29 656269453
444 429854651
448 165910170
68 755175593
100 526823881
371 50129661
242 267261339
239 947862
191 794640902
103 746599450
31 150511703
349 389617321
125 40674481
145 489356703
266 829889912
169 762797527
262 356385507
264 571860711
287 216501452
169 217261176
306 266460780
217 993949005
267 315744795
12 46903593
208 901960108
170 172730546
249 647152511
173
178 470611097
66 421653165
145 215534120
227 531604523
380 361790940
73 558015955
243 134938282
421 334110531
213 374160881
165 326576213
379 93023897
221 706161439
42 471412637
207 487266607
6 225001785
398 210518521
43 848848045
106 745100649
420 677593783
241 748385646
361 390371839
350 359512447
450 382743212
287 761860360
200 523835410
295 323594570
230 88839205
384 135620161
42 257882135
255 581859494
321 359109914
277 829686029
283 932027807
342 899912327
126 42789347
252 373279859
103 983471536
165 1935881
348 900308253
363 127134229
312 371390858
116 193543002
201 625858914
392 255773771
390 86663070
338 63684883
275 250878866
18 858064194
223 630159346
431 258754009
223 955205171
62 190100976
406 536071986
168 270410291
195 92728739
95 777055932
296 124334256
64 593846457
265 815580392
432 318520535
331 345644720
431 667360662
195 672099813
273 693633175
218 483116408
118 512417981
218 843478598
172 344739727
45 434464306
426 911710842
38 931072997
370 246815829
103 705305463
434 286900223
395 46673623
238 564266161
98 392406516
153 129564538
97 945788530
291 524577912
35 309177917
50 570611661
322 969944860
218 850841117
110 36910561
169 918124672
249 885864411
321 348457836
39 776845578
394 160637701
10 887505730
127 982976458
205 218379834
436 128475824
55 92694014
433 628765633
53 864288898
420 187133226
365 538777419
186 453871440
274 306875730
407 324229677
376 359936969
325 956238239
446 242885828
18 656152872
75 276679592
48 610424299
317 352490827
421 393618132
229 90753633
276 282140923
140 633731979
177 578411611
205 699482253
24 186333480
381 315939154
320 480069548
109 372736962
401 759123147
347 807275618
313 252977418
166 736601349
99 645603450
38 209496808
178 643074799
49 35848095
281 810685660
191 600034676
433 559447368
21 557295947
16 396973560
389 341242338
106 875226801
122 356776525
113 22555269
131 157833378
151 555339929
229 669205842
21 18569421
83 512420518
422 300601167
253 277794829
145 710247217
442 33741970
397 290294298
166 309634139
236 287341296
105 298916391
201 95700956
237 9041517
370 978046805
58 149652063
229 991251967
349 504195261
277 843901682
21 563044301
377 133786079
222 540645197
99 211092910
92 776539929
21 173292471
15 375107973
43 622872759
260 589109754
172 783764668
60 503930509
217 194495805
284 875636008
366 147429407
318 975648667
313 971949105
217 496367901
12
255 381574111
197 690422490
117 954448526
92 603997800
213 445132939
151 990496139
255 62071684
20 145290948
387 776131734
27 683949807
331 551540943
427 420439596
429
290 56534912
349 214980085
349 279351817
314 659940212
110 209118516
167 288286750
24 776239627
421 264161748
93 535028397
348 227635851
334 692414892
100 174627399
142 300049631
272 551290742
381 798278045
334 71439065
167 603570163
273 823468184
13 863309750
75 159306680
445 803111710
192 460214018
438 6293748
24 564606964
387 230191367
246 201129554
283 139692839
199 842022092
152 486915368
308 277800861
177 236655574
122 18738409
435 733038012
51 262053494
12 54922718
442 188693869
98 748332147
232 143825593
434 861787471
341 901083881
219 520781365
106 874341255
189 789997180
61 582180038
247 938994299
23 464064277
305 637450564
222 536282992
104 587002978
320 470770913
64 822286758
36 246222281
207 914590849
439 290239779
432 58448503
114 112482513
245 919034372
57 716886374
195 488110131
306 902019577
225 229366919
180 497598917
283 168630206
284 685164109
45 827873555
270 671058411
171 229721545
340 446361005
148 313458989
111 152605426
449 933417552
22 786904375
93 739883397
41 259176863
161 23186072
425 942196990
71 675601738
345 932358829
187 73490333
114 679382145
83 876128210
198 889711428
208 161297721
118 668403790
359 306631553
216 876586102
237 460473591
417 363602819
95 545411321
361 15061161
303 285842815
430 683708443
303 452413294
106 38974269
129 970391251
104 770299622
279 80484055
14 109042092
397 326508666
271 129919587
325 18709509
354 564532260
112 887642828
222 460441026
265 642798393
245 439306127
358 891693569
184 639671137
369 258260516
120 242936021
190 776157820
211 243576051
180 224790461
399 559249886
62 437804818
390 707605432
446 546671822
323 257469072
186 106989521
386 710775654
317 226860432
265 697869058
221 502251022
49 599485985
401 190161822
170 299389641
133 143602441
419 422977910
62 681096851
284 517820370
322 225500528
166 951127901
165 579666348
37 84716692
88 258295049
51 127075309
193 342587790
46 305137601
324 84090474
252 915774987
317 629509636
66 746796867
9 361072586
16 566967821
23 212182396
350 184161754
400 108724991
361 146738808
287 826657293
94 760677303
331 283702455
432 581135873
98 343481082
274 884437647
13 608284026
80 596051402
215 870357233
26 925668033
321 549299256
270 455271571
273 165404035
392 675186777
172 593747505
411 616615773
51 785121354
313 750544685
386 759410723
424 648482519
371 392523246
268 616827609
373 103067052
63 529604021
101 573801731
78 525110744
216 323380315
350 752844120
281 111208157
204 763562794
165 862262054
91 596924512
178 299322746
92 655025465
403 864056877
56 173720854
131 830970354
10 568676174
301 908633134
274 91325627
105 924991183
138 696581291
289 777808022
292 839111874
406 328216261
292 788110155
326 745979010
202 150106179
411 754205606
78 293476714
147 971775529
294 726052965
351 63451882
436 432970039
205 886358362
418 622286696
185 313375464
58 614574940
200 767404801
390 186457876
80 485768768
304 47719762
237 731357435
258 495123856
301 491431773
205 721893783
141 92267144
318 919993252
400 874780359
372 413111784
300 841151488
56 707662076
287 335259873
33 821999430
190 692291079
161 720540175
125 641830523
279 313344318
45 80581862
249 87694039
51 759119038
104 611011626
174 268681683
231 541986691
46 519472917
260 796899359
403 245010497
56 758796835
325 312012139
246 267000706
381 992618118
407 934600930
184 378736130
95 331970017
176 760066922
125 878811563
328 641376964
47 784369868
125 93906055
321 574637201
184 303674193
22 886523910
448 422062426
88 165867200
45 952129940
314 274082366
370 424398001
193 237468898
155 515978441
339 164094340
378 835175976
322 996235917
375 559282779
437 533939479
41 253090790
224 835877833
86 407851999
201 626285812
343 461495375
433 746731719
35 9524219
390 528025421
132 198334071
401 508919263
83 669453591
303 133115311
23 476773289
416 17062622
90 478173801
71 947812907
269 740825528
156 880861977
289 10456601
225 997716262
414 989135319
104 351251427
177 928226080
368 219003990
324 330122624
26 786409607
124 786238612
206 325822989
91 945327017
345 629111318
118 690365848
293 772374876
142 876766864
100 753574653
58 344095808
69 271701496
444 263005567
25 380603288
364 669044205
23 871654255
47 393678251
275 63547325
261 314972127
70 664811575
42 963070083
86 814308305
302 821599539
217 42618985
388 439131331
330 538855385
103 102033840
417 403647558
421 691692217
46 482271349
61 605707469
252 854224141
135 231040570
117 516518845
171 131084489
84 511574249
430 776936457
125 596816248
219 183565977
61 176074189
261 170679039
284 356328521
188 955868656
327 88702164
51 950798299
81 606957097
372 962695284
137 725631634
210 687118981
17 639047470
205 584576736
173 636024537
280 198067995
394 807493455
352 537501925
194 178813281
447 218675965
441 653096521
310 970939647
118 190766812
302 483700292
153 771766831
55 772437832
320 296952495
12 552767062
356 703416305
48 175765173
198 646001453
273 281741823
71 94140374
373 18528018
448 59545245
229 36907968
271 796957428
185 522005689
232 100833020
98 785181610
99 84567285
8 545216339
311 232763938
45 991970549
29 377872712
269 876905885
218 572676831
258 687289506
249 287157712
376 517066019
389 672237604
49 934123351
18 788426872
25 71125071
23 8773961
403 616583418
196 216401143
229 19077885
135 725825468
137 911947922
428 727002019
443 37703848
448 238285960
425 560167899
146 716143885
150 808444270
56 85037962
365 266521732
163 644711855
136 69947819
290 313946957
345 624883775
438 24125268
147 300250617
120 990419344
271 471441253
137 876489517
342 25028737
322 392799728
195 831408593
217 564234315
20 602763780
205 254035545
219 263768343
448 672665069
256 305016845
40 257109233
50 933475640
17 573982657
61 353193937
216 978527356
152 834040287
179 14817997
318 226002639
64 852595068
25 553488628
38 576411659
108 170140976
409 916292644
246 553435841
62 895617483
33 796260381
276 798178196
339 793877318
10 783750070
39 88368344
164
428 258626973
115 624236539
369 851070245
441 914086891
450 899700944
63 684000224
337 941888838
331 719881709
94 988290089
355 315453792
350 47463454
87 965513421
337 349565486
243 597733177
234 686896073
85 824109648
186 56902391
377 888236694
382 55340498
367 866734129
335 522176239
24 477912499
189 567363747
167 571387462
23 962317866
48 101269881
249 545623251
121 603072080
95 880089504
114 397674311
360 220956646
35 735734809
282 772617044
321 72074453
267 289651935
200 569247571
102 398567997
105 332293050
186 551524133
120 25127805
227 693674091
103 571905115
38 577831235
148 988531145
93 87864897
148 501550422
21 281095542
165 189128580
327 338522400
428 45974982
152 934453981
213 852285339
84 202728105
447 742372256
75 762086799
238 976762647
295 216519714
145 222992943
186 410177803
450 746031448
265 655177380
184 386686805
247 256629807
154 431478840
252 41393887
208 935504085
275 515555041
436 209507903
220 479697643
61 825725536
326 417342188
90 620753006
337 89572672
224 962604964
160 119192940
207 920217121
291 646008254
242 242914107
396 765378921
249 550936348
428 224248230
61 843255705
14 385553688
444 409823448
207 364883742
388 923027062
149 901210740
221 698830920
362 903704382
105 77117080
88 696367444
19 307232145
229 756100862
329 903319267
421 829789493
53 251415212
192 147398838
283 765687934
188 399732994
215 816390163
116 327574073
80 308072856
392 544613433
423 243819389
215 791566119
290 330611770
387 754902618
246 145869693
393 654514242
366 276225656
420 12690613
395 944361340
403 96104567
361 63923363
20 32808133
345 630066519
121 517470904
82 413067479
170 714164353
411 418759473
430 947174955
433 182638168
102 515738933
359 983219031
50 277031165
305 115033889
19 606382205
252 184001019
382 615832704
208 846991427
219 849779862
263 245930940
274 32045389
251 347124885
4 390958246
263 28119321
98 129581995
326 134073130
138 488085561
238 551121804
290 611130953
136 996851628
117 814434872
209 67809022
368 449119880
261 304366459
278 76807815
170 651779100
234 194866672
65 152272306
251 604839571
397 853758237
213 790070155
179 55012219
82 955021784
203 550151261
433 486221878
373 475648429
122 866105340
243 837590100
204 913366987
431 997219769
378 713876821
66 498924605
89
122 244688252
445 233007067
449 845456529
49 121427595
143 13397751
306 573208769
228 984247856
114 392213062
189 817508449
435 956004140
200 442176519
156 759141764
195 311556106
239 475382853
225 653663072
82 307847822
375 372141803
178 391776929
309 269393589
13 587078554
365 324935639
77 763663524
343 88785709
137 20713724
184 964206499
76 917655639
283 614919990
347 443898544
239 251236851
137 468849123
121 790465816
446 714744046
449 954235764
132 159828618
56 245815169
352 508884499
428 666691191
276 595413474
27 536470158
403 250539835
401 949458629
31 902000751
302 420166457
70 471717640
392 713108382
245 687109800
424 564390210
337 836130199
228 623159454
265 139997563
238 144701765
156 528566174
316 818600526
334 825362489
229 121218912
84 212967736
142 232833184
5 544070848
161 927200649
294 598666366
25 305733789
86 751933101
85 978330941
75 752425586
203 842730329
261 370890077
262 915325424
35 194206006
225 871508930
18 588477690
170 32872549
83 951134165
67 473932486
25 551623651
362 527284768
313 423248443
447 809401283
109 968185273
361 918725778
13 336957568
49 610007604
137 460981090
207 910889290
22 356325602
422 138668771
366 724311407
299 959762495
350 348829854
236 699858775
1
396 43563516
4
221 814649465
35 47482594
340 561776466
362 186488678
1
100 94513950
6
45 117206236
254 398451047
70 535800291
333 97285912
127 807984018
133 848640717
3
318 488562477
224 455035106
164 375279724
