100 1 76
-2019
-1899
-1843
-1815
-1776
-1691
-1667
-1605
-1536
-1439
-1430
-1346
-1243
-1156
-1147
-1070
-990
-959
-931
-906
-897
-874
-864
-737
-717
-675
-587
-565
-490
-419
-319
-281
-180
-130
-75
46
139
222
247
360
371
375
390
439
481
536
600
611
733
772
785
811
856
931
1030
1061
1143
1262
1362
1454
1460
1503
1588
1693
1766
1775
1888
1889
1948
1949
1977
1985
1997
2000
2004
2019
2496
2535
2639
2684
2715
2735
2834
2903
2927
2944
3034
3120
3164
3217
3232
3279
3363
3383
3411
3496
3526
3587
3692
3741
