305 295
ikoxnnjxfevosdeozwfowhwhzyljokdwbqzejipmiuoxauetfqsmfumrydbgfrijjckpkwkprlaazearofunouxwiqlagvficnnkfkwtyqqbvmiexspnodbzeknlfjwywwzeqgfznwzhfjsipoozwzipsfmbwohnxiotrokmmvpsvmybxktealqqsvvaugiganjddeznvyyuqsgtrlugvmehfcziohlhaicanhouxcimjleeckxeepqeqtrraplbirfwdqyhiilcewaosqgzahwalxlbjvrvqysupeqkrunujmqfr
33 302
173 301
106 300
182 297
24 291
96 285
293 283
89 282
11 281
289 279
40 289
161 275
260 267
153 266
234 262
269 260
184 256
191 254
246 252
54 249
183 248
177 247
106 246
238 245
55 244
100 242
128 241
59 235
207 229
79 228
215 224
98 222
29 221
182 218
123 216
195 215
201 212
133 207
182 206
109 205
264 199
271 264
58 197
298 195
217 192
90 190
41 188
134 185
175 178
80 177
134 174
4 171
133 170
164 169
141 167
38 163
230 160
288 230
65 158
214 157
189 214
76 189
303 154
232 153
23 151
13 148
277 146
162 277
112 162
21 144
17 141
122 139
234 136
83 134
121 132
210 131
10 130
165 129
220 165
304 220
184 304
128 125
261 122
175 261
223 118
8 223
274 117
286 274
22 286
127 112
257 110
97 257
90 109
86 108
100 107
32 105
29 104
17 102
142 99
47 142
251 97
239 96
253 239
120 253
85 120
172 94
48 172
8 86
34 84
232 83
166 232
213 79
88 213
184 88
71 78
186 77
92 186
149 75
276 73
29 276
38 72
27 71
287 70
295 68
209 295
119 66
133 119
89 64
62 89
180 63
124 62
201 61
180 201
238 180
26 238
2 60
209 59
80 58
26 80
250 57
135 250
133 135
175 133
30 175
100 56
98 100
173 98
292 173
194 55
143 194
269 143
193 54
210 53
111 51
67 111
21 67
211 46
303 211
196 303
114 44
294 114
293 294
113 42
6 40
225 39
259 225
263 259
41 263
101 37
278 36
33 278
95 35
176 95
123 34
183 123
45 183
38 45
298 33
272 298
65 272
176 32
121 176
217 121
204 217
292 29
43 292
209 43
296 28
52 296
155 27
93 155
198 93
15 26
52 24
11 23
50 22
204 50
150 204
208 21
31 208
305 31
48 20
181 48
25 18
258 25
140 258
128 140
161 128
191 161
126 16
90 126
196 90
203 196
101 203
92 101
116 92
270 116
166 270
6 166
52 14
82 52
85 82
187 85
287 13
49 287
65 49
269 65
198 269
81 198
191 81
240 191
288 12
227 288
168 227
156 168
299 11
305 299
219 305
179 219
30 179
164 30
149 164
124 149
38 124
284 38
255 284
6 255
193 10
231 193
290 231
103 290
147 9
184 147
265 184
236 265
15 236
251 15
271 6
182 271
202 182
7 202
181 7
159 5
237 159
8 237
243 8
103 243
293 103
76 293
233 76
200 233
234 200
19 234
152 19
137 152
91 137
145 91
280 145
226 280
150 4
115 150
240 115
106 240
156 106
251 156
74 251
187 74
127 187
209 127
2 209
138 3
273 138
87 273
17 87
210 17
113 210
113 2
268 113
69 268
226 69
47 226
41 47
181 41
181 1
7 137 jumdaddzhzxsoufmwyzflagpfhobcuzabaxwpptmqhtdcomojuirtvsppljoapwppheludbjlqucrsdsxxesaaspryegpoyvmscagfrvtwsrobxfwtxacokzefzsctwlroravmyvdlcqogiwuftrcoijgemjxqrhhqkztfuybzwqczalytmsfrbgsak
189 201 kilkcohhpawxstmkgozvpulqahphvyzxmiipjlbosmbxsgtmgvzpmfofwhlnyfrwlkuurutdsejvxdagurvfoihhcdbwk
11 199 nuqdakhcvffgglmtpunfdjfu
227 105 ctmea
215 151 gil
137 262 mq
230 120 i
76 254 p
106 6 d
305 35 w
102 235 r
74 206 k
273 297 s
186 137 o
296 37 x
75 39 u
297 267 m
90 22 h
232 301 o
193 257 m
109 154 k
241 155 y
176 234 l
279 144 s
102 173 t
102 159 d
101 61 v
235 125 y
82 237 s
36 213 e
303 298 t
207 101 v
190 269 b
233 260 q
246 210 p
231 88 d
140 102 z
212 72 g
252 69 t
258 302 p
256 186 u
274 225 o
53 199 s
279 122 q
142 276 q
259 83 w
19 74 b
244 95 l
57 162 z
245 195 y
86 90 m
295 194 q
139 239 y
49 158 q
179 98 h
116 292 n
114 293 w
186 53 k
208 127 u
243 299 s
267 195 k
240 195 w
278 202 m
145 144 n
57 131 i
152 157 v
100 104 t
36 204 h
119 221 b
17 109 k
198 163 q
172 268 g
174 224 o
115 105 a
13 234 a
271 226 a
256 215 a
144 201 h
246 286 k
235 6 b
107 190 q
213 161 o
268 44 e
164 44 c
241 204 h
148 78 w
184 243 x
210 181 n
121 202 l
141 172 t
203 113 j
289 106 f
201 236 q
26 159 o
8 301 a
31 136 e
246 86 d
91 69 e
287 138 u
127 100 v
248 183 k
219 126 m
33 38 j
135 99 h
169 291 c
252 202 d
133 243 x
234 165 o
261 1 v
1 66 g
268 53 w
103 296 r
167 214 t
55 148 n
191 208 h
294 293 p
15 58 a
268 54 j
65 8 q
145 276 p
221 124 c
204 66 k
199 114 g
197 88 a
101 80 b
188 44 f
96 97 l
4 146 n
59 130 p
282 6 x
49 235 s
106 179 c
166 78 h
178 2 n
171 76 q
6 273 c
2 287 h
266 207 n
10 276 a
115 94 g
252 26 z
168 41 r
127 288 n
222 224 s
159 21 r
144 163 z
170 99 x
218 140 k
20 264 f
293 281 j
216 245 x
275 255 e
148 150 d
30 24 l
155 255 y
275 248 w
90 260 i
285 157 b
46 231 z
148 296 v
256 157 u
77 111 t
288 81 t
191 42 u
244 15 k
226 280 b
69 48 d
54 100 w
146 230 n
107 71 z
238 204 w
194 216 x
260 166 g
155 108 t
103 243 p
200 142 p
44 85 o
220 2 o
21 52 z
8 171 f
41 138 i
247 300 x
58 133 m
14 203 l
194 215 x
237 109 r
1 191 q
153 81 q
270 173 e
11 274 v
249 137 g
113 66 e
157 275 d
157 232 k
144 161 p
159 102 n
288 102 n
35 199 m
39 102 g
301 228 z
83 145 t
139 90 e
219 29 j
113 78 k
227 15 r
2 242 g
271 293 m
14 18 y
292 27 t
293 245 s
123 105 v
9 176 o
23 89 z
290 17 a
234 69 v
52 89 r
296 126 v
159 3 e
272 162 z
85 282 a
205 139 z
69 94 t
167 88 d
261 242 a
289 168 m
248 124 p
192 143 r
174 82 r
291 253 o
32 170 a
277 279 b
163 61 r
243 199 h
237 16 q
124 102 a
126 103 s
208 62 v
164 106 f
1 26 i
254 67 j
15 35 q
84 34 g
101 68 m
21 75 b
35 282 z
207 187 d
169 165 k
83 50 u
110 209 d
149 70 m
168 204 j
170 289 g
179 283 i
273 37 g
254 197 z
246 194 y
45 146 l
89 82 q
14 297 b
96 55 c
253 86 h
291 141 y
26 65 d
171 50 f
304 296 a
88 50 k
101 160 e
58 247 q
298 224 h
55 144 a
55 109 i
280 126 y
126 257 n
121 97 t
52 40 g
182 262 u
14 114 v
236 21 c
136 166 x
58 97 q
206 213 v
160 220 p
82 17 p
133 35 r
112 147 w
22 274 m
305 221 p
155 91 u
6 253 k
149 117 d
2 171 v
183 280 i
286 78 e
197 151 s
145 81 q
