302 309
axvmxoghctcvsaxquxgpxxlmtijqsngmtsxoxhuaiibmupawcenneyuizhatajgkglpuwfufdquxpufespnajjpwbjddlulrapskhoaimauiprhihxdxdtrafbsawwyqgqkbjqrfehlhcygwmrojnzsnznenikffydmlojmdjxymahfqzenrjqckqrxxmyfgkpphekpwvxpyoxvpcbbhjxgsctvktqssfgvjiocjfpsbqfrpquhfbcmcmcreafcdzihmolpkgbyknjviysqisimloyumykjnoreaghvoptjjlc
269 302
86 299
233 297
103 296
199 294
174 292
146 288
76 286
188 280
252 278
127 276
181 266
155 265
27 261
113 259
274 258
106 274
106 256
270 255
96 254
72 249
28 248
88 244
127 243
117 240
138 238
160 237
23 234
282 233
166 231
284 226
33 225
77 217
151 216
113 213
131 211
184 209
1 208
7 207
91 203
90 201
220 198
39 220
32 195
81 193
153 183
246 180
60 179
186 178
295 186
159 295
187 177
73 187
260 176
227 260
92 227
301 172
185 171
250 170
159 164
212 163
28 212
93 160
4 159
169 158
73 169
80 153
275 152
251 275
173 151
131 150
140 148
98 147
283 146
210 283
200 210
73 142
168 140
199 168
222 199
271 222
287 135
56 134
112 127
223 126
253 223
11 253
116 125
29 123
218 118
32 218
25 116
267 115
154 114
36 113
133 110
235 133
141 235
182 141
267 105
285 103
192 100
246 192
94 246
68 99
228 98
81 97
48 96
245 95
9 245
300 93
143 300
242 90
46 88
250 87
230 86
75 230
1 85
196 84
81 196
184 83
117 80
82 117
48 77
301 76
106 301
279 106
270 73
40 270
204 70
189 69
89 68
58 89
206 66
268 64
131 268
91 131
277 91
8 63
74 59
102 74
161 102
72 58
120 72
36 120
111 57
166 111
174 56
271 174
144 54
36 144
107 52
122 50
282 122
161 282
67 161
298 48
285 298
55 47
1 55
263 45
33 263
242 41
271 40
62 271
277 39
189 38
81 189
21 81
242 37
12 36
267 35
132 267
104 34
60 104
5 33
9 32
108 31
112 30
281 112
224 281
181 224
214 181
277 214
42 28
202 27
251 202
185 251
46 185
197 26
124 197
3 124
75 24
206 22
71 21
204 71
29 204
138 29
44 138
221 44
239 221
182 239
128 182
23 20
60 23
264 18
157 264
128 157
252 128
60 252
51 17
92 51
19 92
241 19
190 241
219 190
269 219
257 269
215 257
101 215
289 101
149 289
184 16
43 184
65 43
194 65
109 15
62 13
82 62
162 82
136 162
155 136
75 155
11 12
173 11
242 10
94 242
262 94
145 262
121 145
149 121
14 149
173 14
191 173
165 191
273 165
232 9
108 8
156 108
250 6
290 250
107 290
61 107
200 61
46 200
129 46
53 129
279 53
130 279
25 5
166 4
67 166
205 67
137 205
188 137
75 188
287 75
285 3
154 285
206 154
293 206
175 293
156 175
194 156
60 194
228 60
25 228
284 25
236 284
272 236
277 272
42 277
132 42
78 132
291 78
7 291
232 2
130 232
119 130
49 119
273 49
109 273
143 109
7 143
79 7
247 79
139 247
229 139
287 229
167 287
167 1
295 183 gfkvaancietmyiccxxmxywkibhzbncfcjdsfgdbshzonnyxzmrfoibchliojqgynadkapgjffywvmjyysheyjqpbpqulyhomkzvekavicomccouflmmidgweirnwgxbkstbdzmxvbzxdhjafgfwczpqckanfsshtgwwjwjqnpndfdikjqdnfqagkvvuvwqrdrktalsuqbjygovovokupevgxzrxdulytdcfnrrrmarxkbrqorezgbdohkwxmmxmrrovjretflvzgolxdulotcorfwteuuijbazaabpavinnbtulotuvlofuczvblvihlssmfoqkijfxcqrphzolhvmgybncfgsmdyoxgcugxpshelompxggmrcjbhrderigsqzxeahevjjdilvjhqzxoffjbzrooddmkjemqeggzzqgqimziuzjanddgpxqmfompgeqryqhewvuwgdqvzagvfrtwpxmqirjtmifxzacbbwbejlhlsaldzwcouikmkkmqvzjxnauqqlctwprfayrnxqmdgmwdxhshukmpmpaxhygacqhoyaivxfimckxpqby
132 242 kkkailrlsrraohvcjuywyykzxznnxbxntdkwqngdfscthuncveccskfhltlfsaygotmlmarvhnqqonpbdsfcglnbxjdbcimwfhmkxupxrckxwodzazvhzxagoibjlpbtwplmfoyitzfmsbusredftehjbtkhyecggvnlvdnhgbcgruexmumpwwovcnguofwamxpwxmqvnnwitpofwidzukkksgdhetqjxncdhanhrtoafawqgnuokhdwumbbqstxkxrzyvyjsffbgpvzwdmlgegdqbwcngopksealhsbyjxwhmhuyjcwaztxjhvjxdrkjlasktelmilcnkpenekglwbdtrxckxqgtolkpjpekxzxiifxodrzazghyjuxvhckpzlxstdwjwoowpfisrotnspmii
175 25 lfhqzuounoz
48 158 rntynq
271 108 xo
34 89 c
299 13 q
124 170 o
74 1 r
17 145 m
195 155 n
225 171 n
66 181 w
265 66 q
257 206 r
156 256 z
86 190 g
121 211 d
20 131 a
9 199 z
250 229 f
259 31 m
287 17 u
284 287 u
26 151 f
58 199 p
167 16 s
67 206 v
251 133 t
236 82 d
297 105 d
300 241 b
102 225 s
1 212 u
300 288 y
274 18 x
52 115 d
59 206 t
67 241 f
169 204 o
263 110 s
79 67 s
102 128 t
262 215 e
167 153 e
180 129 q
281 231 t
146 20 p
176 124 f
46 115 w
282 199 x
140 201 u
44 73 h
102 16 i
169 266 m
291 12 k
16 219 o
9 215 k
161 262 i
65 5 u
58 38 c
200 191 p
299 62 j
262 186 p
82 273 a
100 187 d
118 127 y
85 61 q
9 93 s
222 244 k
111 290 e
109 297 o
174 40 i
5 63 g
123 167 f
149 197 l
24 272 m
292 204 h
219 275 s
3 265 n
190 144 b
152 277 k
155 16 y
120 91 b
264 123 l
235 240 u
235 59 k
22 264 g
190 238 b
65 205 s
219 19 l
127 98 w
300 231 s
14 282 h
125 45 n
148 213 l
277 91 p
73 2 w
255 277 m
163 13 g
14 210 y
235 147 d
80 232 i
196 278 e
1 156 u
254 12 z
62 180 e
130 28 d
284 16 b
51 135 d
19 5 x
292 57 n
90 128 a
42 228 y
9 130 u
286 268 c
16 268 p
130 32 m
62 273 e
54 102 d
2 105 g
243 211 e
139 180 e
199 148 g
263 67 q
88 161 r
262 235 n
76 210 v
200 265 j
272 32 d
121 162 h
272 125 p
21 140 f
138 180 k
230 20 e
227 75 j
190 231 i
65 292 q
108 135 s
7 80 b
144 300 j
115 189 w
57 97 b
274 35 t
258 67 l
41 92 b
74 65 w
205 10 d
290 298 t
217 182 v
298 271 h
36 249 k
269 4 e
159 63 i
216 241 j
109 180 l
205 27 a
302 107 r
296 129 m
116 93 a
260 261 u
202 147 i
218 19 c
48 170 d
132 137 e
118 98 g
258 195 r
213 72 p
200 20 w
39 108 r
15 234 s
134 2 k
29 55 t
122 19 z
13 195 y
247 246 o
86 34 f
115 233 y
101 114 w
280 251 k
127 22 b
128 24 g
152 12 b
224 84 d
219 111 b
32 21 l
217 281 p
276 63 i
197 153 q
222 283 t
231 33 i
91 263 v
73 50 b
254 224 w
201 253 l
71 296 t
92 72 o
202 159 w
156 5 e
75 280 c
20 141 u
229 206 j
184 144 n
168 49 y
113 240 p
249 280 h
296 170 o
66 145 z
184 140 i
181 138 a
73 136 t
43 269 x
230 6 k
250 32 y
75 186 z
33 256 q
176 222 m
136 234 u
100 251 i
164 130 u
252 111 j
185 18 p
209 23 r
220 148 n
259 166 b
280 248 u
197 216 m
72 105 g
10 3 o
143 15 o
190 84 h
98 96 e
105 232 b
10 242 p
209 141 g
62 215 f
194 17 z
157 162 j
60 119 k
109 29 d
289 276 q
77 164 k
20 151 b
92 56 u
199 9 g
30 18 y
202 201 o
222 278 h
142 203 d
86 115 d
218 106 o
127 41 n
102 61 n
266 196 f
86 170 p
62 238 g
56 275 y
244 122 n
266 236 m
1 5 m
151 59 b
35 296 u
114 219 z
279 93 q
74 30 b
193 11 w
170 48 s
36 250 f
113 83 t
259 31 v
31 276 a
150 31 j
267 248 g
67 134 o
137 137 e
75 75 g
123 147 e
121 30 d
129 223 h
194 20 e
133 122 w
108 293 u
192 13 j
231 140 f
104 251 s
253 34 o
277 127 t
185 94 t
213 44 s
88 288 m
40 245 z
18 116 p
187 202 m
254 67 i
294 187 e
100 79 w
159 292 h
77 244 h
185 23 z
249 33 g
41 8 l
154 157 m
296 115 f
178 287 h
177 73 g
254 81 j
104 242 c
132 51 a
207 142 q
