767 259
esromxbwjowlqithlyiwdxtgavgfkmllorcjoajnupvxjgxklidgsbzkoltioaxvxxxxzcnbuqbwxbxttwvrtdmemywcoodlqbwwyjnyotfahdaexranocxqgvkrulpebmfondzilglspxptpgrzrntcuxlsuhcwqejrgarxpjhvaiqpeztvtottlcplhmqsyronwlfgivuruakisnmuthlmafjbnqkeuhikikkworvcbjtxdwwdqnaqyqxkttatqggvgsqoauyghsblmfkaeyxwhsnrhlfkmqwkhetdgmxmhwdveulqdaomhvzszhmtbmvophpjxqfwpngbwdstzwbtjiauelmuirebzjhmtkofyxrybtavndzwwyjqbkkhxkvxlsqwajmvnsoafujthtzyojcfwkltbitxkqujjyzzlmalugvwgvsyqyxtqfuazcbugwxmnpcujryzwivjdgvxjnkpkbvrsikkfaicwcbfcktecbmxhcbemducjdanrkhzudaqoijcmsiblcapumpulbhdulmqbgwlmuuyncoesvdogiapkbkxefgxsfdjfdlzmeezvkhwjxxfxiqqaivrkgmlkmeoeusvxunxdjfopbhfttluyeskeurleodptwzabijkudwacebvewvqqzjvendofvxhwtmnjmkdgigqngldvoxbtbnsmylzlxfuabchzjtziwqpppddhvfxlspelhyfbihqevaamnovzqqnvxxfknxqyaaqybteekw
129 766
413 765
409 764
440 761
329 760
281 758
540 757
72 756
642 755
412 751
714 750
334 749
29 747
574 745
568 738
408 735
542 734
409 733
238 732
39 730
373 728
742 724
154 723
587 721
106 719
376 717
459 714
393 710
565 704
392 703
60 699
675 697
316 694
739 693
277 739
347 691
493 690
227 685
390 683
477 682
539 681
397 677
413 673
679 663
319 659
388 658
428 654
600 651
675 648
144 675
442 646
759 645
434 759
452 642
473 641
425 639
463 634
525 633
187 626
289 625
144 624
407 622
139 621
334 620
422 609
767 606
282 598
265 595
376 594
59 593
664 590
111 664
601 586
123 601
56 580
418 577
650 576
192 572
175 571
514 569
202 565
81 563
93 562
410 558
223 557
737 554
678 737
38 678
354 551
736 542
78 541
127 539
672 538
608 672
385 534
306 533
614 531
581 528
707 581
612 524
283 612
102 520
101 519
269 517
344 512
31 509
200 501
440 497
474 494
578 487
472 578
384 486
52 485
762 481
573 762
75 573
39 480
353 479
671 477
228 671
472 474
243 472
521 471
226 469
442 467
459 466
438 465
458 463
357 461
425 460
230 457
274 456
187 455
482 454
527 482
680 453
462 452
584 447
647 440
549 647
112 549
223 438
226 437
39 435
746 434
637 746
36 431
108 429
386 426
238 425
303 423
583 421
181 416
736 409
239 736
615 408
649 406
175 649
508 401
280 508
521 400
102 521
744 398
259 397
427 393
414 387
186 385
132 384
441 383
391 382
123 391
338 380
582 378
40 369
450 368
11 364
725 363
375 725
318 362
374 359
493 354
516 353
65 352
700 348
585 700
493 585
674 493
32 674
564 347
582 345
711 341
592 340
414 592
660 336
560 660
596 560
444 596
42 332
37 331
316 330
373 329
504 328
414 504
706 414
37 326
281 324
333 323
133 333
283 322
716 320
752 319
441 752
587 441
154 317
444 316
96 313
483 310
448 483
174 448
515 308
575 305
407 575
712 407
411 712
638 304
588 638
395 303
342 395
444 342
148 302
55 301
669 298
179 669
392 292
655 291
223 290
257 288
188 285
276 284
312 282
376 281
371 279
767 371
599 767
604 275
242 274
164 273
564 270
122 564
63 269
604 267
142 604
15 264
450 263
78 450
169 262
198 259
185 258
209 257
446 256
374 252
702 244
556 702
251 556
339 240
488 339
608 488
379 237
388 234
468 388
529 233
116 529
250 232
36 228
537 226
603 537
59 603
680 225
286 680
661 286
68 661
763 224
618 763
656 618
295 656
321 223
424 221
722 220
165 722
100 218
142 207
289 206
210 289
748 210
346 748
377 346
630 377
215 198
112 215
439 196
547 439
365 194
375 365
255 191
436 255
617 189
470 617
597 470
608 184
707 183
643 181
667 643
410 667
271 410
46 271
229 179
543 229
527 178
242 177
701 242
4 701
417 176
112 417
695 175
119 174
547 172
376 547
106 171
314 170
361 169
540 168
688 540
350 167
214 350
343 166
209 165
530 209
202 163
367 202
287 367
718 287
64 718
631 162
668 631
404 160
668 159
200 158
650 156
243 650
360 243
498 360
338 498
17 155
662 153
366 662
436 151
375 436
695 150
687 695
743 687
731 743
55 731
299 148
337 145
741 144
655 142
507 655
75 507
608 141
315 608
698 315
532 140
432 532
23 432
325 139
600 325
546 600
567 546
613 137
152 613
544 152
214 544
753 135
212 134
561 133
526 561
241 526
113 127
513 126
78 513
492 124
705 492
83 121
742 119
720 742
294 117
615 294
484 615
652 484
103 652
295 116
530 295
20 530
12 115
478 113
366 478
205 109
216 205
588 216
69 107
644 106
545 644
283 545
729 103
623 101
587 99
696 98
219 96
366 95
403 92
236 91
131 236
637 131
535 637
197 90
358 197
146 358
11 89
343 88
632 87
754 86
357 754
278 85
740 84
293 740
444 293
405 81
105 79
688 77
404 76
514 404
490 514
605 490
376 605
511 376
386 511
668 74
688 668
118 688
602 73
502 602
433 502
230 433
525 230
17 525
706 72
422 71
535 422
396 70
67 396
570 69
238 570
420 238
299 420
657 299
599 657
125 599
566 125
444 566
386 68
430 386
744 430
276 744
587 276
753 587
555 753
118 555
18 118
219 67
370 219
201 370
413 201
52 413
186 63
143 186
518 143
245 518
653 61
579 653
726 579
187 726
666 187
523 666
741 523
132 59
449 58
584 57
629 56
94 629
213 94
670 213
611 670
247 54
679 247
34 679
713 53
392 50
442 392
154 442
335 154
741 335
4 741
136 49
112 136
130 112
192 130
464 192
711 48
75 46
418 75
265 45
254 265
260 44
706 43
300 42
729 300
372 729
584 372
591 584
459 591
120 459
83 40
195 83
266 195
261 266
157 261
698 157
200 698
366 200
64 39
180 64
123 38
52 36
550 52
55 550
583 35
161 583
185 161
403 185
706 403
180 706
427 180
105 427
424 105
164 424
66 164
8 33
443 32
559 443
705 559
627 705
307 627
245 31
458 245
338 458
720 338
190 720
343 190
689 343
464 689
82 464
104 82
149 104
80 149
337 30
411 29
93 411
138 93
212 138
248 28
412 27
379 412
390 379
4 390
428 26
496 25
51 496
574 51
318 574
123 318
711 23
553 711
129 553
381 129
548 381
636 22
676 636
445 676
6 445
582 20
110 582
250 110
665 250
389 665
506 17
254 506
114 254
100 114
204 100
147 204
449 147
630 449
713 630
715 16
535 715
214 15
122 214
5 14
619 13
349 619
296 349
47 296
309 47
253 12
516 253
476 516
306 476
337 306
357 337
716 357
527 716
278 527
217 278
597 217
283 597
241 283
684 241
78 684
444 78
146 10
489 146
543 489
351 543
503 351
692 503
65 692
11 9
389 11
65 389
419 65
203 419
375 203
111 375
444 111
468 444
611 8
418 611
193 418
614 7
24 614
327 24
311 327
208 311
102 208
535 102
66 535
640 6
249 640
713 249
727 713
231 727
246 231
536 5
132 536
446 132
260 446
122 260
505 122
307 4
399 307
589 399
522 589
623 522
248 623
108 248
66 108
415 66
62 415
374 62
405 374
120 405
696 120
366 696
251 366
355 3
222 355
491 222
309 491
41 309
686 41
552 686
588 552
428 588
321 428
402 321
128 402
607 128
182 607
628 182
567 628
211 567
277 211
361 277
468 361
199 468
462 199
373 462
60 373
568 60
297 568
97 297
344 97
632 344
505 632
495 505
21 495
235 21
193 235
239 193
616 239
394 616
18 394
500 18
635 2
268 635
548 268
173 548
251 173
312 251
510 312
709 510
499 709
80 499
314 80
500 314
451 500
334 451
227 334
473 227
272 473
123 272
55 123
34 55
19 34
356 19
475 356
246 475
610 246
280 610
707 280
515 707
188 515
708 188
212 708
37 212
37 1
677 573 bwbembqouzzmmribexochykkkjdctzorpxmqmgdeezcktrhkrbfqmxlcpvvvayabfvpnarondxqgbtbabhwtacefliijgehaegrafogonpxusnnnytawfegytckiefxipxnowbbyhtrcitna
738 213 seezxrfhmljvxfdcgmzftbffgxqgtgntesprjzhodmkbtwyiaemkcqozkqgxksbtjdmkbatmgeakeftuq
686 206 ddujmpghpfmkqitqzrnoilyfcavvrbwtgttwe
734 565 ggkbsglwijnaw
172 236 j
16 297 xbyz
407 278 qhz
632 677 i
686 515 q
711 734 e
302 739 m
167 486 n
311 214 e
404 766 p
431 464 c
751 563 a
218 676 t
234 180 n
273 718 d
120 185 v
75 718 n
216 67 v
424 580 r
447 91 e
34 666 y
509 371 f
568 53 i
29 52 l
724 131 k
34 528 n
220 744 i
399 725 g
507 743 l
669 414 c
295 550 p
292 360 x
638 51 s
353 616 q
622 140 b
717 731 u
334 546 b
159 129 n
245 698 w
231 436 i
746 751 b
620 489 m
262 669 e
359 716 d
133 482 w
666 669 y
431 290 a
38 367 s
182 247 f
433 630 c
392 227 k
241 512 m
54 396 a
393 547 h
573 555 d
229 291 b
486 581 t
400 586 s
622 562 l
25 420 c
28 53 x
126 322 v
685 312 w
649 767 b
682 175 a
726 737 d
696 667 j
727 577 h
62 61 x
421 571 r
500 166 a
749 125 e
639 63 v
635 242 w
574 427 e
419 334 j
268 406 z
53 179 l
309 705 u
61 343 a
139 235 s
170 351 t
655 561 k
180 195 p
358 399 y
340 304 m
576 589 w
296 29 q
569 334 h
443 45 f
708 235 v
311 764 q
534 37 k
427 32 l
641 244 d
25 456 f
150 576 c
100 257 x
172 395 x
501 406 q
513 112 v
592 167 n
457 633 o
369 200 q
344 42 y
77 296 m
296 232 a
500 247 g
454 447 s
312 688 q
137 607 j
716 487 o
566 506 r
662 216 y
672 494 d
172 22 i
722 493 e
318 329 i
630 727 e
671 551 w
230 247 u
672 129 k
69 557 m
358 508 r
292 150 l
422 241 g
180 159 w
638 676 m
128 544 g
621 106 x
156 766 x
47 139 d
266 113 j
548 222 s
484 67 i
27 235 o
212 419 s
610 109 i
554 116 n
421 634 z
299 706 n
10 473 y
602 526 y
549 766 g
513 444 u
594 335 b
52 686 b
182 360 h
752 91 o
146 727 b
642 106 z
597 373 v
66 649 w
110 761 k
85 215 n
8 330 b
584 721 o
254 648 a
526 610 z
41 393 q
604 599 q
541 332 s
303 72 r
729 69 w
222 560 s
464 675 f
323 685 y
613 100 q
16 696 d
685 515 u
513 738 g
276 291 h
141 432 p
672 569 n
174 471 a
52 428 m
293 631 v
460 308 d
698 81 b
23 358 h
720 565 g
550 572 c
705 292 r
339 102 g
620 432 q
694 264 n
356 58 t
382 610 k
48 670 r
54 168 z
445 137 v
643 702 c
751 691 o
198 36 i
672 371 h
665 403 f
219 228 d
204 430 h
77 736 e
540 651 v
760 345 v
433 196 p
359 417 k
603 20 w
710 262 j
54 286 a
33 620 m
709 762 f
464 332 z
442 423 l
350 12 i
380 624 t
102 702 u
482 306 b
453 340 i
224 240 u
9 106 y
470 717 u
767 350 u
735 693 a
364 611 t
209 107 b
108 658 l
361 650 y
450 494 a
520 743 t
101 60 p
108 38 z
753 41 m
395 686 d
693 104 t
261 144 m
737 683 b
45 77 l
434 625 h
255 709 x
98 698 x
220 70 e
483 584 h
165 82 n
16 377 p
698 347 c
350 135 a
419 686 t
25 620 u
736 425 q
224 652 h
197 376 s
324 540 p
526 495 x
14 3 o
318 488 n
403 681 u
513 34 w
431 349 r
