552 1000
tueohhzjbspyncsllarfwybwihpzwpcsubvnggooyzcopuajvgcfxfljlbilleyfqrhfhptlbjtaqfeyccyljoqqgxkahungushgnyiwmhnbhjazqjqrvjgkhvovpsaeivbccvziozivzdhdxuvmyslxkquwjdqttaernvbgxohvtqzxgkxrbavtlocyxemamchboutxkgwpiavqujovjiufoolvxgkoziqberfismrwdcqsjbbwnoqopbzeeuxmgqygcjjocxfmeccaxyotwsbdqkxkxwokkrpiirkgrmvyyyulovhjfmnkpihzyxvtxxqvyvqadoeofidshqhtxpffruppfbfyotjuqerqbfggbjpkkmbxfhqlmyyooqqvfxehxautksfcayligzzlnxkhjphyehvduvtvcgkuhfrocdkruxhwdnrhueoautqkmyaiznexwgpadpozvrekxdwdoqatdfeaisyjvnowwccsmsuyibifklcwebtzryohzxrqcetjhxdjeqiysxfokekjtmlogpvfbfmemrme
57 551
366 548
166 547
471 546
479 545
115 539
237 538
76 537
304 535
77 529
278 525
376 521
245 517
96 516
486 511
496 510
246 509
340 507
358 505
95 501
397 498
310 493
99 492
173 491
372 490
202 488
432 487
50 481
301 477
299 472
324 471
163 469
465 464
480 465
512 463
188 462
369 460
11 458
431 457
134 456
33 455
349 454
178 452
466 449
342 442
10 436
438 435
169 438
552 432
191 428
15 427
475 425
209 475
377 424
40 421
116 420
212 414
318 413
267 412
118 408
144 405
163 404
355 403
259 401
102 400
374 392
450 387
398 450
327 398
175 385
176 381
64 380
133 377
338 375
526 370
108 526
303 368
264 361
263 358
269 357
102 355
102 353
313 352
74 351
461 348
101 345
218 343
378 341
37 337
271 326
354 323
198 354
18 321
346 320
165 346
470 316
176 315
237 313
202 312
534 309
541 308
273 305
263 298
290 296
267 295
536 294
423 293
365 290
69 365
121 287
238 280
531 279
402 531
12 402
502 276
163 272
238 269
56 268
284 265
142 284
536 263
236 262
468 257
299 468
219 256
311 248
356 247
35 245
430 243
205 430
434 242
504 238
310 504
391 235
47 391
485 234
253 485
429 253
241 232
145 231
433 230
376 227
70 226
146 224
94 221
489 220
515 489
103 218
197 215
367 214
388 367
79 388
52 212
122 210
390 207
196 201
289 197
317 289
356 196
255 356
515 255
126 515
12 195
459 194
85 459
100 192
407 191
237 407
499 237
434 190
49 434
18 189
124 188
347 186
246 185
473 183
325 473
270 325
363 181
143 363
29 180
115 179
9 178
399 177
260 399
261 260
541 261
271 175
266 271
228 266
304 228
474 173
540 474
202 540
213 202
205 172
100 205
333 170
494 333
108 169
44 168
11 161
19 158
171 157
21 171
33 156
319 155
176 319
461 176
340 461
476 340
419 476
223 419
467 150
520 467
167 148
213 147
423 213
123 423
550 142
251 550
496 139
40 496
275 138
5 136
331 135
499 331
466 499
378 133
241 132
233 241
229 233
486 229
5 486
484 131
174 129
383 128
246 383
90 127
534 126
152 125
376 152
193 376
270 124
382 270
151 382
285 151
344 123
174 344
433 174
90 117
360 116
418 360
236 418
446 113
513 446
451 513
239 451
222 110
92 222
364 108
384 364
349 107
244 349
396 106
10 396
13 105
219 103
258 100
104 258
119 104
338 99
322 338
518 322
27 518
445 98
285 445
292 285
18 97
56 96
334 95
144 94
362 144
33 362
208 92
429 208
373 90
310 373
120 310
101 89
219 101
292 219
393 88
384 393
164 384
154 164
163 154
532 163
482 86
291 482
302 291
216 85
254 84
495 254
77 495
112 83
274 112
519 274
335 519
259 82
43 259
542 81
16 80
57 79
211 78
275 211
484 275
204 484
273 204
278 77
314 278
541 76
38 541
249 75
137 73
536 137
431 72
206 431
466 206
167 466
534 167
379 534
141 70
59 141
121 69
302 68
448 302
162 448
130 67
288 130
203 288
366 203
223 66
120 223
389 120
390 389
409 390
440 409
102 440
283 102
543 283
37 64
121 63
447 121
366 447
301 57
187 56
371 55
252 54
33 53
251 52
28 251
524 51
118 524
379 118
286 379
415 50
187 415
395 48
166 395
12 166
347 46
304 45
307 304
527 307
119 527
65 119
366 44
327 366
49 43
74 49
267 41
329 267
216 329
480 216
91 480
416 38
122 37
16 122
239 34
533 239
330 533
528 330
109 528
33 109
162 33
437 162
508 437
240 508
60 32
153 60
506 153
65 506
441 65
394 441
250 394
542 250
522 31
4 29
514 28
483 514
406 483
542 27
246 542
264 246
281 264
416 281
145 416
324 145
317 324
512 317
74 512
530 26
374 530
311 374
429 25
198 429
439 198
146 439
165 146
522 165
426 522
240 426
497 23
225 497
479 225
342 479
417 342
297 417
59 297
282 59
11 282
160 22
303 160
277 303
209 277
336 209
503 21
36 503
252 36
359 20
10 18
252 17
543 252
544 543
500 544
410 500
40 410
71 40
74 71
532 14
494 532
286 494
306 286
74 13
335 12
236 11
502 236
372 502
114 372
369 114
422 10
61 422
240 61
433 240
273 433
200 273
314 200
549 314
336 549
306 336
7 9
347 8
453 347
244 453
24 244
62 24
143 62
369 143
2 369
311 7
299 311
327 299
371 327
411 371
159 411
350 159
47 350
552 47
536 552
199 536
19 199
149 19
193 149
520 6
140 520
217 140
444 217
87 444
406 87
318 406
292 318
42 292
58 42
334 58
35 334
335 35
134 335
2 134
386 5
339 386
184 339
93 184
111 93
443 111
249 443
4 249
478 4
193 478
1 193
74 3
115 74
91 115
301 91
523 301
397 523
300 397
16 300
15 16
470 15
182 470
39 182
187 39
306 187
378 306
359 378
328 359
332 328
30 332
2 30
2 1
317 438 mspyriltytwwffmagfhcjwuddaoioouedgsuhpbpzddmkyyynfbiuyflcumrrkjoazcijgdsfvzdtkggbchddxwkzlbzzobimqjnajkmkhqvezdvhtcuvqaivxeltxwzezouuzjbnedmuufmkpfhlkberefonpmznpweldcncckwyeaszrqpslmckryzuaipkjxowbqiqxmhluxjphxmajruzxvklbbxficdpisvcuewbjkndopumpxbjbstyvivheoeemeuq
307 135 rpbzqcnwqqwtmckguolyjfdbvndywobmfbpoptyszupeplvphbgkshmctgxpdmykgqnfxwaouxqqinxuniffarfbhwbcdrktpzevbialbonyvkshhlchlvpkszamlegokaykmdfpntnlkkrizionbfivucrjptgzqumrmxcwlkyqslkuwmqkwytbayhbaurfbokcdsukptzrabukmmoebckohpiosydtzutieahzdqctilnancmktyipnacezfatzqjarkaxvpmsngegvsqtdeenabpwcyaeredgbvorbzaenhstahbmywpqpeyzqrsivdpokwkychnfbuiurceeuxrpowxqrtuvawnrjomehcfqiafayhzgfu
479 431 gzewlijonnpymfbovaszzagzwrenogwgfybxhzngclpwywnatobaklxvmfmqnfwilvmkaohmkgjnffnuyhvvezvpslujiahhckdnysijb
66 537 fcnimmprnftqzrgsnggvftidlbivstzhbfiwuhyuckmxovlvkdoopaaohuuucfkvvcibxfyzgjjjsywabexmrnfzbwelpkjauqtkplohynbepdvtjnnvgpepcdwgdutvqhszpgarfneojisildsbxdeqzjepwwuvmgmauebarzmwyxvejrlhhtrvbzfuarqsqkcrcanejkqrhycqarbkoxpxufeaoqwbplxe
312 103 ndcoij
339 104 fewyzkpnyitsjrboks
402 69 mhsnwjv
486 355 ashw
28 393 o
330 476 w
232 353 f
148 65 x
542 181 d
148 56 d
474 114 b
22 437 t
111 170 y
57 469 t
72 524 l
484 548 p
317 473 u
505 351 w
493 94 e
344 369 z
428 315 l
24 241 k
441 513 p
476 325 l
270 299 w
313 456 o
274 516 g
259 42 l
432 383 k
56 239 i
56 281 k
21 63 d
362 326 h
3 73 r
215 212 r
108 49 s
235 498 l
240 478 q
310 187 g
541 226 c
92 518 y
62 408 v
40 428 b
538 405 y
491 222 f
52 140 o
220 348 b
303 81 j
111 129 j
506 241 p
175 544 j
431 8 j
142 539 l
398 184 i
480 75 v
475 11 w
287 106 h
1 221 h
259 90 p
551 474 a
176 274 k
197 202 w
526 123 e
38 322 v
539 11 k
283 213 y
85 491 r
87 305 v
222 70 s
135 330 h
6 42 r
204 523 f
192 471 t
419 52 o
254 453 e
211 362 s
393 254 b
439 247 k
539 271 r
456 164 s
86 407 b
84 122 f
310 48 s
39 5 n
219 370 c
229 53 m
113 121 c
541 186 q
301 513 c
521 129 a
320 482 h
400 529 q
394 270 r
274 496 s
350 80 k
503 331 c
372 502 g
475 253 k
335 410 k
322 6 e
86 144 f
85 548 q
147 54 f
511 519 r
183 144 l
212 498 v
59 514 g
210 160 x
306 505 x
135 39 u
187 483 y
51 528 t
137 184 o
495 171 t
145 64 p
149 335 m
289 489 o
234 430 e
476 447 t
402 270 m
110 419 m
552 172 c
528 45 c
321 207 n
522 29 s
507 430 f
222 411 o
518 261 f
496 7 z
283 235 g
543 418 h
295 31 k
478 307 r
174 459 x
552 86 p
160 370 s
335 1 q
254 199 x
448 246 b
158 488 n
283 461 t
279 236 f
143 513 u
421 312 p
342 503 x
41 9 a
90 455 z
511 388 c
247 479 k
215 59 x
230 347 t
182 65 p
379 267 s
20 88 t
390 321 s
244 361 z
129 531 h
78 28 d
75 476 u
161 264 c
497 73 p
509 51 e
500 317 x
414 514 p
209 508 r
479 140 k
110 429 w
11 164 o
456 376 t
451 102 f
467 434 o
355 41 v
527 214 h
426 456 a
470 501 s
418 494 k
268 523 v
164 343 u
180 479 c
125 218 t
478 470 w
169 54 a
149 476 r
373 305 c
417 279 b
211 44 s
267 529 d
477 288 z
33 96 r
298 146 k
17 36 o
114 463 f
294 503 n
228 109 m
31 159 u
352 244 u
220 109 e
56 278 d
355 127 t
156 62 u
268 231 f
446 186 q
369 307 q
532 13 k
316 468 k
50 547 d
192 182 u
307 336 y
334 402 y
530 178 c
264 269 v
11 373 n
126 434 f
449 77 z
131 233 u
350 92 n
85 405 m
85 122 n
429 399 l
63 492 y
447 515 t
16 456 e
238 320 l
412 506 i
443 265 a
255 203 m
374 507 l
477 391 e
88 14 f
337 279 h
23 418 m
422 275 s
215 270 d
436 115 k
502 89 c
320 121 y
22 259 k
431 41 k
497 169 r
44 474 t
27 347 a
481 268 k
490 527 l
470 171 h
5 261 h
515 420 j
190 536 e
387 269 n
178 152 o
435 431 w
190 361 l
495 480 l
265 65 c
352 264 f
227 501 v
293 28 r
152 180 z
474 197 n
403 101 v
33 317 u
116 364 y
200 414 g
26 3 s
284 279 r
489 500 v
515 526 b
235 205 t
51 116 f
253 416 p
203 429 r
462 114 b
420 400 a
330 210 p
198 502 l
376 85 o
339 422 f
271 362 o
14 296 a
486 282 k
31 273 o
522 130 t
440 170 r
459 180 c
416 519 v
255 187 o
478 72 l
14 27 j
81 440 j
213 338 r
151 129 c
479 457 j
176 65 o
13 124 o
518 164 r
472 243 k
81 435 x
436 240 e
535 268 f
459 181 m
237 382 q
256 126 o
475 466 j
142 269 v
50 323 o
97 172 p
92 548 s
32 203 v
462 443 p
495 170 c
536 380 h
204 43 v
243 533 l
552 43 q
165 10 l
167 268 h
45 408 l
143 67 g
347 363 w
124 534 j
357 532 b
331 540 x
51 329 x
49 215 i
364 48 x
451 13 s
546 444 m
362 426 k
506 391 r
442 128 h
204 264 i
432 466 v
475 454 w
361 348 b
394 174 n
346 218 w
361 449 d
242 207 x
377 189 c
471 152 n
414 282 x
422 19 q
23 326 l
443 542 m
276 282 r
333 535 h
425 69 e
150 272 o
434 76 o
215 520 q
538 457 x
20 126 w
424 67 o
133 350 a
75 408 s
347 495 j
398 270 x
357 378 p
433 413 g
342 135 b
386 233 o
192 522 x
469 193 d
251 172 u
493 341 k
411 394 b
511 148 d
268 481 q
464 54 t
220 241 k
86 21 c
131 295 f
360 297 u
298 231 o
376 276 y
379 38 l
318 441 c
300 401 g
35 48 o
121 146 t
290 473 y
545 120 x
358 62 e
361 42 v
368 78 u
5 44 p
499 54 p
367 19 w
435 110 d
431 114 k
432 168 o
488 96 s
286 472 l
176 199 e
448 227 k
465 367 s
179 456 s
193 299 r
438 85 z
91 162 q
231 550 b
544 305 y
534 550 n
72 146 u
383 214 v
23 413 w
146 344 j
531 87 p
50 76 r
183 500 u
122 453 q
551 200 i
489 8 n
180 122 z
102 415 a
468 6 t
533 102 n
548 378 c
234 213 z
45 270 b
446 252 n
200 33 h
210 60 g
366 375 z
178 334 o
384 365 v
376 10 e
79 305 y
86 385 w
30 443 j
440 217 s
310 345 c
476 85 b
459 539 a
332 436 k
543 415 w
284 124 v
266 316 q
4 273 z
357 380 m
370 18 y
5 253 v
88 407 d
333 412 l
276 325 m
173 411 i
339 280 c
182 133 x
422 526 p
502 438 a
420 366 t
138 255 q
47 526 p
494 26 z
6 336 c
385 107 r
521 410 v
344 256 r
509 226 z
482 372 k
531 339 b
208 367 v
205 226 j
506 517 h
254 340 n
351 209 n
181 357 r
63 112 i
424 49 m
69 110 s
321 488 h
468 370 v
287 329 c
278 480 n
321 203 g
15 488 x
550 102 k
397 209 j
311 157 t
166 477 h
175 181 k
246 82 f
363 54 w
531 104 o
237 273 w
123 520 x
377 231 v
110 16 z
1 300 u
153 91 t
432 520 x
332 111 m
159 192 b
208 105 z
418 422 y
451 207 k
321 528 e
348 498 y
214 375 j
373 95 f
342 383 g
129 205 n
230 452 r
32 220 n
130 248 q
147 535 a
249 227 u
291 517 a
384 324 f
238 490 w
447 512 x
342 335 m
408 519 s
455 240 t
133 346 s
144 208 t
107 325 t
193 539 w
487 433 g
449 307 h
487 18 b
251 221 b
89 527 v
128 519 n
292 275 s
409 225 u
262 170 t
128 46 t
446 199 i
380 92 l
167 484 u
552 416 e
375 509 r
6 74 s
276 38 g
400 301 y
338 224 i
462 89 e
65 484 x
45 186 f
404 58 s
272 208 l
215 129 e
124 549 i
144 24 k
282 326 q
190 295 g
58 470 s
88 531 w
264 515 l
21 548 f
353 157 w
525 351 s
522 197 e
337 360 n
113 165 i
405 419 w
113 253 d
502 316 r
491 435 a
171 96 m
116 275 y
529 486 k
111 397 m
507 152 x
352 29 i
362 112 r
504 365 s
296 248 f
372 199 k
532 144 f
515 420 m
173 29 w
69 313 n
244 457 x
10 325 i
407 459 h
305 179 e
502 166 o
206 196 r
402 268 f
540 460 b
465 145 m
271 20 g
516 483 b
170 342 j
334 544 s
384 79 j
452 482 i
235 112 c
456 454 v
111 391 g
511 415 d
269 405 m
483 521 g
247 129 n
176 335 u
257 397 h
213 116 f
133 536 r
425 66 q
157 404 t
205 11 d
357 177 t
152 324 q
345 258 p
138 141 w
292 90 e
341 492 o
71 406 u
55 1 c
476 193 e
120 51 v
366 119 r
339 201 j
550 151 n
300 509 c
14 468 b
385 266 d
341 410 n
240 203 f
109 174 d
18 362 t
378 196 k
283 527 g
511 162 n
91 369 j
251 271 g
206 348 q
528 533 f
210 36 x
397 230 a
495 388 j
255 233 b
519 11 z
126 158 b
139 266 e
134 374 o
445 521 h
310 51 a
346 446 z
465 202 r
154 66 z
269 216 e
489 446 m
117 335 f
394 125 n
221 9 v
359 198 h
385 206 r
398 165 j
440 274 g
86 260 u
500 304 g
63 236 k
324 258 g
37 248 r
259 544 f
427 540 i
176 375 i
192 29 p
357 513 y
213 539 n
546 454 v
500 243 g
448 73 v
72 54 q
136 534 w
389 289 v
335 328 u
448 305 f
105 119 s
221 380 s
141 490 i
84 120 g
487 407 s
145 100 y
1 20 e
256 306 g
324 191 f
238 115 n
453 523 t
260 525 j
399 352 h
515 293 b
17 322 r
518 506 s
384 393 j
63 480 a
402 372 o
319 401 c
533 169 r
54 280 c
233 268 y
550 550 o
271 492 e
225 418 s
257 18 q
86 518 e
40 9 j
506 487 y
333 51 q
89 542 i
469 364 s
270 278 c
299 104 a
306 8 m
526 469 o
225 286 a
94 431 o
544 194 g
203 204 p
161 463 v
112 264 w
456 157 u
37 124 c
178 90 x
435 489 o
420 311 j
369 216 k
86 471 m
278 173 q
246 370 f
336 242 a
514 443 l
94 306 t
240 209 m
398 434 d
413 343 u
173 226 f
22 469 k
232 414 n
299 44 y
489 137 t
23 447 g
509 290 y
297 178 i
216 539 l
452 421 g
471 540 z
372 343 v
189 189 z
441 137 r
236 3 u
359 228 q
256 489 p
543 146 u
451 10 l
427 247 o
273 109 q
248 147 y
39 531 b
429 527 z
232 401 o
82 182 n
307 147 c
165 35 d
514 230 v
545 154 o
134 433 w
337 497 r
278 135 d
154 234 l
259 80 a
537 443 j
35 133 v
69 290 g
2 278 p
301 66 a
77 126 m
4 463 m
519 197 x
400 37 m
41 299 e
171 291 a
284 252 j
194 127 d
61 294 h
442 39 j
59 436 w
83 360 u
124 62 l
349 477 i
185 312 v
204 291 k
114 112 n
20 151 h
117 260 c
479 61 g
206 76 e
523 178 d
181 111 b
410 467 f
229 456 f
391 332 d
323 278 y
536 84 e
462 60 t
89 222 n
467 398 f
341 487 f
162 508 b
260 357 j
198 255 y
466 421 q
356 535 e
212 278 q
311 458 c
237 310 k
188 496 u
54 211 b
407 124 z
547 441 m
538 292 d
112 66 y
98 330 s
99 34 v
373 463 k
347 125 h
394 505 s
334 524 y
482 511 k
186 422 j
417 244 v
206 42 n
207 320 i
469 43 z
95 482 j
387 500 x
224 372 b
60 51 e
85 190 n
34 277 d
373 464 z
331 183 x
489 25 v
303 432 u
207 426 p
294 420 z
142 392 r
346 313 e
98 391 z
324 304 x
16 218 l
180 348 b
134 308 a
468 283 i
220 244 z
78 176 w
462 316 g
129 269 a
135 428 a
3 234 c
317 230 v
57 36 u
226 410 h
178 2 d
236 402 h
66 493 a
533 422 i
389 478 q
175 252 e
345 118 g
361 357 r
435 215 j
360 187 i
349 364 p
422 1 y
332 307 u
301 48 v
72 353 f
233 256 d
238 550 a
137 42 b
358 237 m
411 233 d
534 9 o
368 211 s
29 487 s
15 216 p
75 512 h
512 130 f
351 123 f
115 513 b
176 5 s
59 114 m
539 411 u
282 509 f
442 366 g
133 266 o
417 277 k
99 522 r
482 313 p
32 540 v
331 511 z
519 401 r
287 370 y
258 163 q
155 405 e
58 209 l
213 237 q
67 480 g
58 47 j
510 340 t
376 542 r
55 448 k
158 514 e
224 6 c
349 537 l
550 214 y
507 85 h
507 1 n
59 355 z
120 183 z
379 398 a
456 439 f
341 548 j
450 311 q
362 433 z
493 201 q
263 490 y
522 89 n
40 184 q
447 337 n
536 425 d
140 441 o
552 488 n
395 85 m
499 75 g
188 148 i
495 102 h
3 425 n
307 48 a
61 97 k
72 524 w
517 325 h
235 193 q
431 192 b
473 500 q
301 72 h
12 458 t
541 483 v
236 266 f
159 528 z
362 495 o
102 235 a
516 226 y
397 82 k
234 100 g
199 445 d
373 155 c
336 42 g
1 63 z
41 417 r
541 52 e
72 274 j
83 299 a
220 347 i
258 146 u
230 268 e
117 547 d
531 501 u
282 282 w
442 189 x
491 506 t
373 317 t
262 142 j
461 533 q
510 546 k
100 251 z
10 403 z
413 27 t
341 4 t
464 380 l
305 91 h
308 73 a
437 209 s
191 346 l
137 139 w
522 272 c
24 201 b
458 258 i
29 353 w
19 169 a
379 120 f
70 347 z
46 211 d
278 116 x
384 459 e
457 377 b
444 502 e
49 94 z
269 311 r
551 512 c
103 197 i
454 311 u
303 389 y
