551 1000
ejmjzfolbnsmpwztnfdexxyryngevtqlbnffibjjbtxhicucnphuitretlfazmnngtpscmiakofsfnzvwptajfzsyjuuylosuoywfeszdwtfzurchbtmctqlgzrbkpyzgetzowfvuzolirtyvokbqbeqzggukvatzrnozdfgnxqybdivmwyhlzvwagnysjujimbxaqivqstleeldcupivuhalusysnmsoiwinswuygpaidzfgovzzsfoxrlzxtrublfeedubpaspcgbehwcgdapewnfnybpdwsbciwayivtqkynhdmeraijwprxrmxmcteutclfatrxfuiiqskixxwqlvbtaqiekcfdjdyhgngcncexrjtkcbqlkddidmepsjsqaxmbitnhgwxrhnbgphiqfjaggfiyarkyrpohrxrzkqfdolizzhnpcvnjltnewhittrnrmvkbhigghrmweghzcoldhnpgnctddgcliyfdalqotuxkbcnrmhrmwvvkesttscjdgxuhsarmkvyenwkexsmqapgxkjvzmpqo
292 551
108 550
378 547
150 546
303 545
522 544
430 543
351 541
38 538
260 536
418 531
447 530
55 525
468 524
437 522
160 519
496 518
58 513
390 511
164 508
515 504
383 502
278 501
259 495
486 494
416 493
46 490
425 489
95 488
239 486
368 483
190 480
84 479
79 478
2 475
242 466
253 465
445 463
53 462
4 457
352 456
225 455
345 450
36 445
101 439
89 438
352 436
31 434
297 433
105 431
2 428
425 424
343 422
528 420
277 528
526 419
34 526
482 415
402 482
458 414
91 412
63 411
192 410
67 409
110 406
380 405
236 400
107 399
91 398
364 395
491 392
408 491
88 391
386 388
454 387
523 454
359 386
281 384
344 379
353 378
97 373
234 368
49 362
2 357
353 349
499 353
252 347
77 345
292 344
352 343
403 352
247 340
25 339
263 336
320 334
290 333
38 332
184 331
393 325
153 393
241 319
275 316
469 315
297 314
43 311
542 309
370 542
228 308
198 307
177 306
71 304
236 303
460 299
43 292
4 291
540 288
145 286
46 284
246 283
116 279
192 278
195 274
72 271
25 266
449 265
427 449
179 427
317 261
128 317
497 260
18 258
474 255
496 253
6 250
74 246
429 245
539 244
413 239
404 238
226 237
146 236
41 234
381 230
367 229
437 226
167 437
144 224
322 223
417 222
487 221
118 487
20 219
430 216
133 430
321 215
416 321
503 212
446 503
453 446
421 210
328 209
44 328
509 207
232 509
359 205
425 203
73 198
476 197
162 476
301 195
168 301
282 194
375 282
97 193
66 192
33 191
350 186
251 350
199 251
389 184
468 389
507 468
497 507
460 178
32 176
281 174
447 173
402 172
330 171
4 330
516 169
190 516
73 190
202 168
335 167
375 166
132 165
451 160
351 451
363 351
527 158
447 527
241 447
94 241
529 156
132 152
177 151
76 150
254 149
242 146
397 143
206 142
313 206
161 140
188 161
9 139
202 138
461 137
492 461
22 492
521 134
394 127
390 394
435 390
444 435
329 126
272 125
452 272
537 452
208 537
254 208
124 123
179 119
116 117
385 116
120 115
358 120
293 358
211 293
348 211
341 348
323 114
154 323
342 154
355 113
514 355
481 514
418 481
247 418
89 112
297 111
162 109
298 162
403 106
326 105
474 326
375 474
252 103
6 252
365 102
247 365
396 247
366 101
364 95
312 364
366 93
367 92
199 91
485 199
217 90
297 217
228 297
181 88
69 181
128 86
257 128
359 257
338 359
180 338
233 85
179 233
366 83
366 82
270 366
170 270
144 170
300 79
380 78
453 380
108 77
484 108
506 484
118 506
15 118
54 76
515 75
141 515
185 74
26 185
296 70
300 65
361 300
155 64
540 155
240 63
329 240
287 329
497 62
56 497
318 61
227 318
423 227
444 423
100 60
469 100
540 59
225 540
99 225
464 99
235 464
458 235
517 458
473 517
402 473
356 402
30 356
320 58
218 56
534 218
189 534
281 189
68 281
327 68
290 327
500 290
228 54
214 51
413 214
220 413
477 220
256 50
228 256
397 49
407 397
313 47
403 313
296 403
175 296
341 175
477 341
377 477
322 377
417 45
254 44
467 254
342 43
135 342
147 135
277 42
310 41
202 310
371 40
107 371
273 39
372 273
164 372
407 164
426 407
485 426
180 485
289 180
459 38
416 459
505 416
144 37
460 144
94 460
57 94
107 57
249 107
275 249
179 275
471 179
148 471
89 36
289 89
148 35
268 148
66 268
3 32
67 30
228 28
472 27
124 472
248 26
147 25
285 147
432 285
204 432
533 204
248 533
510 248
383 510
360 24
295 360
87 295
243 23
361 243
408 361
294 408
188 294
131 188
33 131
453 33
269 453
429 22
187 429
228 187
71 228
467 21
18 467
34 20
369 34
163 369
370 163
289 370
512 19
404 512
31 404
231 31
72 231
67 72
354 67
177 18
440 177
444 440
73 444
132 73
46 132
324 46
376 324
133 376
322 133
401 17
496 401
381 496
354 16
121 354
498 121
425 498
549 425
269 549
122 269
55 122
263 14
97 263
182 97
363 182
469 13
367 469
10 367
141 10
87 141
312 87
322 312
71 322
15 71
305 9
417 305
98 417
289 98
81 289
153 7
55 153
276 6
104 276
539 104
110 539
385 110
52 385
499 52
470 499
81 470
12 81
521 12
200 521
346 200
374 4
201 374
421 201
196 421
96 196
264 96
11 264
441 11
15 441
280 3
15 280
157 15
396 2
500 396
232 500
375 232
129 375
298 129
183 298
335 183
532 335
262 532
69 262
267 69
242 267
66 242
80 66
448 80
213 448
55 213
383 55
259 383
548 259
535 548
29 535
277 29
130 277
8 130
5 8
157 5
523 157
124 523
346 124
302 346
136 302
202 136
529 202
53 529
363 53
320 363
520 320
505 520
84 505
159 84
48 159
382 48
443 382
337 443
287 337
442 287
381 442
145 381
145 1
46 110 gsjuadbqrzwvqgcnitdfyjohdmcovfrkelurbpyyxgnsyfjyspprurvdfcekuykaemkoxviojiyxlryyrpndevxwegsfxhycbjlnohbdiohmhhwmedxoiglzjsjlrpmlnkmpdtafbzapwubcufffwbtqeeqxngpkhcewjruldisvpmbothdfhqkrjfpujpohibdowfrzpgnzivtczzwcrnwbojgymtbcejustghsogjdxgddxyiyftnvwdgnlsuqqcqrnwkyxldelkcjemghvralkrsispwuvxjwvyczofsuszouoffyfupuglafaxqjxackccvqrxxwdijjnjtheqfldkegeoftscdyqnhhogeealnwlzhwiaapajmndloiligasauxgjuyftxuifczdqgjbgwgkufmlpbtqjnsuhkwcozjtbbzdnpnodsqsckkazlavpeqrqpysncwmrjkoteeuenzkjcyykektdjrtxxmodttdqneqvymcrikkalwefatwuyzhcgfjrgfdmhysjgheolntcogeiqnassvxfncvnmvprtxksrcotssvblmtndiggyomvpmzhdoswcwjfbqckrbhidlxazbdefqxudahtaonzwlwcrehaopsrwbcwvwkizbfjgezhelamvvvkkapnkafnciknswnrtkrrodkylwbrlxymuybysksbxcsjsccngudnstnihmqazqgxhbejyjnbsoyeutnwjvvykbwyzetycxuysxnxphokhioakurdtmlxtgoilvvvlrphvvivdaorrtuxinbciyyjbwdzhvtasxynyyrjxlinpomrtmibrdpdydtkzvqakjtcrw
464 291 zjpsauympafiokucjyzurunsdorupkctxdcszqriccczxyzosutingbouueggpqpleqnftr
551 137 buprxrtowgjspcefwqrcsyoxmxyvijpekqtz
390 250 e
325 514 yrpxzqrfheebqzrgoniaiunozdfqtwtyz
319 33 lxnbgr
426 94 hz
77 531 dj
339 29 q
328 502 c
516 530 z
86 85 g
341 485 h
496 3 b
534 144 a
12 255 g
425 55 n
251 479 r
512 334 n
69 110 q
62 82 q
292 454 f
176 519 s
199 409 r
373 136 l
408 111 d
86 354 u
504 399 u
428 513 x
106 85 z
435 446 x
191 327 z
395 327 a
61 317 b
494 9 g
70 547 z
529 156 l
541 273 o
487 113 m
178 444 x
419 228 b
75 50 t
406 468 q
226 6 u
95 395 a
467 152 m
381 264 q
189 344 r
129 131 z
339 220 w
340 405 i
61 253 p
261 529 k
100 316 h
37 124 j
270 11 q
231 286 w
105 164 w
470 258 u
48 230 v
95 12 u
208 133 q
463 110 v
390 99 n
165 226 e
496 137 s
159 118 j
389 265 l
203 351 l
344 483 r
275 3 l
78 481 g
473 89 g
227 86 x
279 446 w
282 398 v
258 495 i
183 313 s
395 525 o
486 280 l
81 253 w
346 538 h
387 305 p
275 278 o
79 333 a
505 25 p
520 238 b
121 94 d
460 323 w
212 503 x
38 324 r
233 289 w
318 280 l
22 193 i
377 377 s
500 400 y
355 151 e
218 265 y
309 491 m
36 99 k
442 548 e
280 325 h
475 449 n
59 443 u
350 82 p
272 527 y
140 493 m
153 342 x
410 525 x
268 26 l
265 93 o
249 497 l
268 146 l
264 545 c
462 141 z
381 236 m
199 234 p
165 298 e
433 290 u
277 493 l
551 154 v
506 511 h
49 294 m
154 503 r
97 454 j
401 256 y
447 257 l
187 183 h
242 320 j
354 441 n
548 477 n
231 222 k
386 236 c
222 434 g
432 214 g
413 109 f
317 505 v
272 165 t
512 551 b
156 294 l
460 26 o
438 326 z
374 392 a
125 157 k
340 279 i
11 500 p
414 295 z
162 182 q
313 383 v
362 67 s
538 94 n
116 311 j
174 190 e
222 310 i
544 90 w
238 57 s
188 42 x
83 174 h
519 167 e
147 527 n
143 302 x
403 235 v
479 425 m
16 147 p
350 224 p
255 295 j
272 194 c
501 32 n
462 79 n
535 64 o
457 257 b
232 463 q
416 425 o
348 551 i
48 167 w
343 166 u
241 521 q
144 333 z
119 81 o
548 465 j
169 500 b
155 117 w
21 47 z
389 59 f
380 114 e
112 218 l
513 257 m
58 404 p
357 473 b
513 86 r
120 159 s
304 394 e
194 546 z
186 427 o
493 491 n
226 205 g
512 242 w
10 222 x
73 439 i
279 431 j
477 265 b
19 266 t
385 306 e
119 305 z
354 243 o
490 75 v
220 308 j
181 105 j
342 320 c
271 302 j
261 179 a
414 292 r
127 82 r
241 191 b
249 413 e
370 215 c
498 342 t
28 58 e
173 5 k
391 413 l
3 96 n
522 285 h
446 76 a
212 15 e
123 413 j
34 278 a
345 216 x
124 70 l
408 357 a
183 185 p
477 394 l
131 541 i
268 273 y
129 112 t
141 158 f
454 142 g
401 69 t
544 298 i
253 108 o
41 213 p
256 103 z
381 538 k
505 14 y
491 478 r
247 196 m
269 215 s
346 85 s
79 314 c
47 207 d
131 232 j
119 117 z
528 455 a
411 373 t
270 57 u
243 125 j
197 120 n
363 250 q
200 362 j
405 461 p
214 89 q
229 13 f
271 491 t
173 44 n
401 2 i
436 199 z
30 174 k
316 263 j
428 144 w
202 531 l
181 215 u
132 479 n
486 313 p
261 379 u
230 469 d
190 551 n
325 204 p
89 414 r
419 53 p
520 286 f
236 527 z
201 379 p
155 265 v
370 404 f
463 7 g
216 507 s
117 307 o
8 271 x
121 126 z
405 247 o
150 210 o
51 481 m
309 499 x
344 31 u
173 471 l
398 388 y
95 534 z
300 53 s
545 422 w
257 27 r
529 509 v
113 154 g
280 380 v
400 143 g
495 238 s
456 342 m
118 98 j
381 248 e
324 533 j
421 218 f
268 528 o
527 152 z
360 123 w
22 377 q
85 400 t
453 47 o
34 336 n
311 361 e
238 307 b
329 260 f
508 5 o
473 266 d
310 472 q
20 165 g
43 427 w
438 337 d
26 475 n
418 484 y
414 288 b
524 279 h
421 309 z
402 253 x
185 502 c
426 398 c
83 281 f
117 422 j
397 117 c
102 302 k
505 237 q
228 519 r
434 500 j
218 88 h
49 506 r
480 192 t
242 507 g
527 461 w
108 203 z
418 527 z
369 353 y
478 146 h
25 485 h
486 325 f
411 37 s
75 84 u
503 109 h
158 24 y
198 341 t
226 522 g
494 347 b
286 108 i
93 3 o
81 339 c
36 250 y
454 290 e
17 364 z
67 399 v
17 68 h
448 480 c
421 347 u
114 193 o
128 157 q
355 525 d
432 148 t
278 493 g
172 218 h
361 443 d
21 259 x
49 107 b
142 519 r
211 104 p
502 548 z
151 150 h
222 75 w
206 306 z
494 402 u
493 185 h
325 156 n
498 175 p
445 423 c
484 409 q
359 199 v
214 206 l
4 397 i
512 81 o
532 73 y
227 288 u
463 100 r
145 512 n
433 261 h
43 507 q
159 90 d
387 213 u
422 45 s
404 341 w
512 141 j
470 203 a
458 539 l
101 74 h
216 348 t
372 130 s
228 516 l
300 164 v
542 459 w
465 457 d
168 23 q
50 472 o
505 266 l
60 405 r
60 397 l
238 377 w
401 243 y
262 313 p
97 483 s
299 91 x
220 508 z
121 347 v
492 430 k
349 188 t
57 354 p
540 121 g
302 398 f
550 120 s
383 183 l
106 395 n
507 338 l
233 336 z
546 380 f
526 165 h
533 485 d
121 386 f
534 51 l
132 283 s
52 376 l
412 283 p
429 367 y
364 436 l
301 447 h
494 93 q
358 80 n
191 78 a
473 486 l
497 285 b
437 388 t
73 389 q
514 98 f
468 448 b
136 272 o
283 451 h
439 47 k
475 333 q
81 170 r
119 155 v
199 254 o
336 390 c
463 440 a
297 53 h
407 381 k
481 10 m
439 402 u
302 387 a
491 397 i
76 14 b
456 185 r
5 163 e
33 154 v
199 510 u
274 79 p
261 160 z
333 241 r
514 154 x
210 374 o
340 47 y
519 495 q
83 275 o
78 249 z
233 49 e
298 517 a
84 183 y
173 463 e
100 476 t
269 295 h
447 254 x
131 501 y
226 54 w
434 101 i
134 451 m
260 297 m
450 431 j
35 104 z
386 274 y
427 531 s
482 353 q
274 446 n
462 266 d
49 188 r
82 271 l
534 520 o
318 288 q
51 488 g
382 198 x
549 321 s
233 459 n
195 180 t
500 311 o
446 543 q
522 140 i
439 523 g
63 54 p
462 289 a
548 33 p
211 516 a
443 504 v
55 481 r
250 139 g
31 162 q
319 278 y
473 169 i
481 395 q
222 366 p
104 106 a
90 37 q
60 326 n
543 215 l
450 76 p
91 514 c
178 297 y
243 300 o
545 414 x
114 141 x
391 545 x
394 274 o
277 190 h
206 468 b
487 151 d
370 189 w
403 530 w
51 440 y
188 527 c
222 247 w
387 227 n
447 64 l
214 15 s
528 94 w
497 465 x
323 371 u
288 538 n
390 152 f
446 309 q
64 269 x
35 170 h
544 86 y
442 87 f
538 15 t
312 112 w
476 309 g
247 57 g
282 508 w
435 52 z
170 387 m
39 43 k
240 264 b
211 151 b
168 282 q
152 244 a
503 479 c
471 244 b
240 363 m
148 204 t
199 112 i
460 296 y
450 286 d
439 177 c
443 381 t
12 550 l
400 462 f
452 351 v
114 350 f
386 208 u
397 549 d
22 464 x
117 286 u
199 245 d
128 302 x
258 480 n
156 219 p
296 411 q
318 194 r
448 106 p
434 308 g
101 249 t
80 318 t
36 110 g
368 293 d
15 507 h
235 386 a
502 26 c
112 507 i
504 104 d
237 377 u
205 257 y
194 318 d
538 268 p
198 279 j
210 470 x
526 287 a
235 373 u
380 129 a
293 379 h
296 8 l
418 97 h
314 55 h
12 81 r
195 395 o
243 516 s
467 497 h
408 322 i
96 138 v
370 250 o
164 457 o
388 288 p
366 197 h
180 56 y
272 186 g
472 551 a
77 138 t
81 275 c
311 399 z
374 27 q
46 6 u
546 240 v
288 415 y
63 461 o
233 346 f
355 303 t
261 90 a
136 137 j
170 318 m
439 320 k
402 435 f
172 410 h
457 259 l
202 507 l
168 128 n
132 445 e
230 160 g
487 127 g
22 445 x
370 430 p
500 538 e
91 249 a
196 439 e
126 182 m
131 165 w
332 5 g
188 443 b
450 549 a
547 362 g
164 515 t
410 323 j
501 428 v
302 489 m
197 483 m
351 449 t
449 351 p
57 193 u
296 477 i
444 207 d
422 252 p
462 440 m
244 525 i
399 158 d
489 443 c
455 65 m
215 512 x
253 282 c
51 61 x
18 124 p
147 403 g
160 365 h
285 463 o
333 100 z
156 252 c
525 76 v
497 539 u
524 116 m
314 298 u
99 176 n
404 266 a
228 470 y
238 497 d
256 494 q
337 41 z
194 330 z
56 189 w
345 251 c
186 269 y
63 287 v
8 362 g
7 255 i
289 297 r
134 284 v
514 548 x
379 252 g
19 306 t
322 292 i
533 375 p
112 501 t
30 113 q
316 536 l
451 392 m
1 4 f
425 368 e
233 209 g
549 172 e
521 377 f
256 45 n
250 116 y
227 371 b
138 294 j
260 497 y
303 146 o
408 178 o
72 362 m
272 83 q
365 524 s
421 68 c
58 15 s
420 201 o
413 448 q
133 148 y
484 319 f
350 422 z
94 387 f
46 202 g
117 259 j
361 88 u
130 436 b
234 250 y
469 469 i
418 81 x
226 17 u
274 114 r
276 36 y
140 199 a
11 241 l
156 379 g
398 428 a
36 342 i
157 466 u
274 527 f
30 266 u
21 184 b
108 235 z
468 497 o
137 493 d
121 204 e
415 107 t
280 321 p
124 131 o
441 56 a
404 463 l
234 512 t
433 400 t
399 363 k
213 271 m
281 338 u
551 141 k
510 27 i
248 185 n
127 108 o
11 482 t
329 67 x
303 494 q
513 360 i
501 153 h
13 528 s
294 121 j
462 444 i
404 46 p
455 324 b
435 100 l
324 93 r
344 493 y
353 74 u
185 391 m
350 473 q
13 390 a
487 31 t
235 85 f
170 549 z
335 268 s
374 468 u
26 273 e
336 336 w
154 514 p
333 240 u
458 273 l
42 152 b
55 12 x
456 385 i
101 157 t
109 225 d
407 410 b
530 240 x
224 2 c
229 530 b
195 483 r
283 350 x
389 49 g
296 525 l
342 482 r
467 538 l
270 52 k
159 454 o
325 528 d
241 264 h
364 482 x
439 532 f
120 437 c
108 92 x
424 6 g
479 19 j
408 334 w
289 131 d
100 346 u
232 126 d
441 461 i
403 55 f
53 295 o
130 235 z
286 513 i
232 447 x
365 363 c
88 421 q
59 157 e
78 453 e
105 47 o
204 131 s
247 404 q
41 43 s
463 342 b
146 29 t
54 401 y
319 526 m
226 289 s
267 181 b
8 438 c
55 162 l
339 241 m
535 98 n
83 334 p
221 216 p
551 470 x
59 414 c
167 437 e
393 186 q
131 365 k
244 151 k
451 461 n
271 222 s
156 307 q
549 134 b
178 220 q
475 493 o
274 67 h
480 184 t
226 135 r
364 419 v
118 228 d
17 1 m
483 356 e
206 316 o
507 508 j
278 137 f
368 290 w
495 332 e
189 363 n
67 248 n
472 216 s
425 430 n
333 402 k
548 480 m
302 434 c
41 43 x
356 259 n
138 19 j
295 7 x
210 519 l
507 58 w
295 356 e
360 319 s
541 401 j
17 85 k
415 408 d
130 534 s
315 274 l
414 126 i
490 52 i
277 143 u
46 239 m
182 462 e
23 291 r
295 276 o
394 225 b
352 438 v
472 165 d
322 238 r
132 12 v
240 157 o
396 190 d
333 74 u
234 33 c
394 88 d
353 287 b
87 263 o
72 429 d
196 535 y
253 294 t
541 214 x
311 98 m
484 396 o
232 113 k
181 261 y
256 403 b
174 3 c
180 95 k
329 532 i
316 77 e
13 17 m
57 267 s
15 171 e
400 289 m
516 372 b
292 245 g
429 240 f
265 425 m
527 260 o
296 485 u
74 55 v
393 111 z
312 50 o
303 108 r
204 352 w
147 513 o
26 194 e
530 339 b
519 192 p
380 366 w
78 40 o
275 360 r
470 388 h
413 424 h
19 4 z
164 254 m
237 296 a
333 453 d
158 356 i
356 358 k
243 349 y
375 396 z
62 479 x
508 265 q
205 519 e
223 143 l
6 136 b
81 490 q
286 103 x
439 159 i
161 55 y
175 220 k
183 175 q
78 501 p
319 19 g
547 10 n
149 542 c
144 313 l
123 443 e
379 460 v
152 304 w
201 280 q
376 61 c
108 487 s
76 305 n
6 243 i
243 344 f
75 328 v
433 232 p
213 102 m
105 380 b
254 147 j
438 47 e
