513 397
twxhnwkxdazkbffwrrhtodmuzazoreleugnhrvethpiinncmjisridfuodnrmhkcpixtyobkypvfpgcflripqefwdgkrwkrnciegefmqkcsukzbtcshacacmfqzivcvkxmpmrutzxlnuhypdpitoxmhecwkytsagbatcgchrswblfdttotzwiufrtkhadajristpttksxthimqgbxvyydlceqaftdwdqcqdobvhvdkfrpgmoeifefocqyjvexlvcrxocktludktmqndzmgnsvfvtlxpevgimynnjbomurgahkocpfmdbdjcwpnwldhgsorlpflfuimiatenbnqjhtcwbepbjzimeijlcqpbvndvsqanrjfbcpdvduregzscwpjwpekjsxdzgmjnjutwxsofpicrpvxzeakphiccefdmgtzkuohsjcuflknhpiztmjnydhjcwkxycmrphxfqigzkfpjcgdtrghrbyrdabxxmbchkkpvumymnyikrmdaygh
273 512
218 510
511 508
125 505
322 503
31 500
268 498
92 496
476 494
319 493
32 491
474 488
327 487
63 485
302 481
22 479
388 478
173 477
475 476
4 474
24 472
298 468
396 466
153 465
513 462
431 459
171 457
318 446
404 445
42 444
290 443
453 441
84 453
297 437
58 432
430 420
108 415
499 412
101 411
178 409
96 407
89 404
80 401
435 398
124 435
74 397
433 395
357 389
270 388
511 387
184 384
353 377
162 375
226 373
123 369
300 368
393 367
155 365
243 362
14 361
106 351
33 350
180 348
32 345
429 338
180 333
399 329
236 399
506 322
149 321
203 320
280 318
312 316
372 315
327 314
486 327
455 486
269 311
104 307
68 305
63 295
484 293
127 291
158 290
456 287
509 456
112 286
149 285
357 284
51 357
46 283
455 282
206 455
400 279
240 400
294 277
38 294
30 275
117 268
157 267
175 265
106 260
207 257
225 256
323 254
239 253
178 251
165 248
278 245
463 278
330 240
47 237
153 231
15 229
332 228
270 332
495 270
58 495
423 222
363 423
511 220
54 217
390 215
372 390
439 372
299 439
358 299
308 208
140 207
460 205
448 460
342 448
402 342
303 402
396 303
429 204
108 202
181 199
475 198
216 196
121 216
53 195
406 194
68 192
337 190
234 337
2 234
296 188
259 187
22 185
147 182
236 180
152 178
39 176
68 175
304 172
385 304
292 171
20 292
46 169
77 166
181 165
393 181
374 164
301 163
360 162
225 360
298 225
16 298
261 161
99 261
160 158
107 157
69 153
230 151
227 230
356 227
483 150
51 145
344 144
324 344
120 324
346 143
86 142
280 140
454 139
383 454
16 134
239 133
391 131
406 391
233 406
221 233
102 221
376 129
167 128
239 124
18 120
211 117
440 211
417 115
431 417
492 431
136 113
203 111
200 203
470 200
325 110
336 325
238 109
130 238
201 108
366 201
135 366
309 107
438 309
218 105
24 218
232 104
356 232
463 356
255 463
39 255
209 103
177 209
340 102
148 340
336 148
475 100
449 99
352 449
179 352
378 179
197 378
90 98
262 97
264 262
358 264
310 94
193 92
370 193
301 370
334 301
396 91
405 396
95 405
461 87
160 86
296 160
272 296
35 84
428 83
480 428
48 480
155 82
236 155
410 236
149 410
65 81
499 80
501 78
450 501
244 450
96 244
173 96
438 173
123 438
101 123
274 77
507 274
167 76
13 167
106 75
90 106
272 90
335 74
374 335
381 73
490 381
499 490
239 499
146 239
4 146
174 72
430 174
442 430
429 442
511 429
119 511
5 119
26 71
241 69
482 68
252 482
419 252
489 419
269 489
504 269
497 504
328 67
509 328
95 66
343 63
300 62
433 300
271 59
386 271
364 386
280 364
65 280
458 58
281 458
502 281
374 502
1 374
44 56
47 55
349 52
414 50
313 414
263 313
413 263
130 413
497 130
306 497
506 306
88 506
65 46
492 65
149 492
382 149
249 382
371 43
334 371
8 334
206 42
383 206
235 41
53 235
136 53
319 136
125 319
241 125
418 39
289 37
376 36
392 35
355 392
114 355
101 114
57 101
159 57
394 34
118 31
40 30
48 40
177 48
424 177
471 424
408 29
426 27
184 426
44 184
336 44
219 336
273 219
470 273
266 470
28 266
168 28
32 168
259 32
475 26
170 475
363 170
436 363
249 436
509 249
186 509
312 186
258 312
137 258
147 137
343 147
385 343
513 385
89 513
379 89
247 379
276 247
418 276
189 418
122 189
224 24
403 224
141 403
452 23
507 452
45 22
122 45
353 122
473 353
25 473
121 21
152 121
447 152
15 447
116 20
289 116
95 289
433 95
14 433
323 19
310 323
421 310
341 18
112 341
79 112
250 17
434 250
135 434
347 135
484 16
49 484
421 15
33 421
54 14
349 54
141 349
461 141
159 13
118 159
212 118
213 212
243 213
47 243
380 47
471 380
210 471
427 210
64 427
469 64
88 469
461 88
393 461
354 393
197 354
183 197
33 12
226 33
242 11
61 242
49 61
464 10
425 464
331 425
3 331
156 9
226 156
138 8
467 138
85 467
127 85
383 127
38 383
408 38
339 408
214 339
93 214
440 7
2 440
51 6
93 51
126 93
451 126
79 451
60 79
132 60
288 132
259 288
226 4
326 226
25 3
154 25
183 154
507 183
483 507
317 483
49 2
272 49
259 272
394 259
347 394
376 347
358 376
317 358
297 317
416 297
326 416
241 326
5 241
359 5
330 359
308 330
422 308
191 422
223 191
302 223
346 302
246 346
70 246
70 1
276 410 mngximuwfxrlkmbebylhkorsyjnsrrjfzjwlmynfldlbwajxxshnychbxoxbhjblfvqobdsjryiksyzabpppgabtozdtilmqkpnbhdyqstggtcykqvrtowqtfiakgbefjdanpkczmmkulmleaeseoyuildlajvroeuwvzsyrzxgwytvesnvnbwykvbhsfwnqyrenmyhihbpdlvmuverbdxaoquxrvubfektdftaqnykmeqzbdpyvqpblwnrolizuhubvavuewqzlthxmbxghfuidnuoeamiadhcnkdxtcisaspvdqzrtvyrcslcxitzoozxylwrsbuia
281 286 djrvmopxbfnaepmnudlbjkrniofaoviptebbkzuzgblxcoodwwtpanfcypwohomlmsisjlbgzpbpcojehkkqdhugfabjpsfdslbyymhfrcnkyrqefxsxtoekpxyocviiyjdlmfgnazxbkmezjhxyjkpxtaztkjubvaukchcrtdgqnudlyqjvaoycqmemxlcwlnntzfxosoqrjnfmqebyrszuwalearmwkuwwvvpzjkovbfloopguqllkobedrlgvlxpbtomocmfnzvvnceukkldiznmbxkbkhrymyrhvsyuqejntkgvcpltgcfoaixxdrgmjwaiiehqvsscjhjczkcrplpguvsjopckymuygmwpxzjlnpktiuruyoqladmflrocrxlbsigwpuzamtcupfhgtdyeekrcqtbeseebfbbllfhckqxtgzqzeohenmjyfmbusimvesrozsojeczjnvyoqtoxhjtesaappuisnamecuiybzepqxtbgciyuviewnklhditjxhrbulsmooungxfighezkczlzfdmwhzhezxvusudnzig
157 81 mjggwoblnketmaxlrrkqjqweieesqlwnonstppaemfljpriocchd
327 491 nyjuqbykutqdxxnnuboivhzuvmokubzterejvojf
381 304 gmstaohu
204 394 qjm
107 165 qia
305 365 lpoa
39 33 ip
505 328 j
477 172 v
451 288 t
319 412 y
302 85 s
464 333 f
237 386 c
175 249 r
308 207 y
270 256 y
38 477 o
90 396 t
333 274 t
510 393 x
179 156 q
142 315 f
211 32 g
367 44 j
438 156 s
361 174 f
424 308 p
316 163 i
164 491 t
160 59 x
391 340 a
118 423 j
381 100 v
199 196 r
324 486 t
513 313 h
149 89 z
59 348 w
317 439 m
172 196 r
123 386 l
403 49 c
17 436 o
313 282 l
481 132 o
406 224 y
483 152 o
84 205 x
53 158 y
419 88 i
211 499 j
490 418 v
198 425 s
263 381 r
332 421 p
285 463 l
380 434 h
223 188 d
55 236 y
505 103 m
218 132 h
470 162 x
286 166 k
268 79 k
38 466 h
461 77 l
236 77 x
93 367 f
380 23 z
277 15 r
485 203 b
160 29 v
130 165 i
116 204 q
405 513 y
419 186 l
326 23 s
262 487 l
152 440 h
507 110 n
411 464 s
386 361 x
296 77 x
113 342 r
473 375 e
459 191 r
188 162 w
52 260 u
385 331 d
287 427 y
340 272 b
273 454 s
94 434 n
8 504 x
313 464 a
375 488 z
210 362 e
289 137 i
450 285 e
359 443 x
86 401 e
400 513 e
317 216 y
331 49 i
183 269 o
418 211 f
370 141 a
209 38 v
160 99 l
338 412 p
1 370 v
198 317 m
199 106 q
369 110 i
238 327 x
68 25 u
319 485 i
27 401 m
123 509 o
73 37 a
145 371 t
70 21 y
7 157 m
233 476 g
46 255 q
407 283 e
122 13 p
247 487 y
57 310 d
238 309 j
310 361 v
500 264 t
301 160 h
163 50 h
254 150 q
249 383 q
341 174 q
47 159 j
18 425 b
324 297 n
86 5 e
132 107 n
143 338 w
23 332 c
193 121 q
4 231 i
400 418 j
306 309 d
234 278 g
233 17 e
461 273 g
104 318 z
293 82 p
201 261 t
149 404 j
312 169 h
242 185 a
217 257 t
349 331 w
264 165 b
503 213 u
503 481 p
321 257 i
310 453 w
460 127 n
45 462 w
154 89 g
484 361 o
355 359 u
343 114 f
368 81 o
151 346 a
56 464 o
374 466 f
351 489 f
412 126 f
254 360 h
131 182 i
132 505 h
118 66 p
243 245 m
142 57 n
78 502 j
367 223 e
10 435 j
180 174 h
257 282 n
244 257 e
90 341 p
118 503 a
38 488 g
150 276 h
60 277 t
300 16 j
329 279 a
20 502 b
351 445 b
318 148 x
356 50 e
14 78 i
416 85 f
373 424 b
128 319 e
475 324 s
446 152 h
336 387 o
153 331 m
365 505 n
249 414 r
278 415 v
452 389 x
124 464 c
171 428 w
337 165 d
11 488 x
406 384 d
254 359 u
134 265 n
301 422 r
315 511 g
382 7 l
356 391 m
300 287 u
298 332 f
265 226 i
368 370 j
246 12 f
249 403 b
408 265 e
142 279 t
106 497 n
219 348 r
368 296 b
407 100 u
400 80 o
429 304 u
500 464 q
460 370 y
128 19 f
406 366 f
342 175 z
443 300 o
445 394 o
24 83 y
187 132 f
415 68 t
325 143 j
294 124 l
67 420 w
234 271 c
420 375 v
475 411 k
187 358 z
358 355 t
484 416 c
158 464 u
324 360 y
9 438 l
232 136 d
202 288 n
409 182 q
22 19 h
248 413 j
323 411 q
444 118 y
470 109 c
244 481 n
169 87 t
293 46 d
308 205 l
201 314 n
302 475 k
245 339 w
470 17 e
396 187 w
245 351 m
485 66 b
447 128 g
424 424 m
462 408 d
276 428 r
212 460 z
403 286 e
111 242 v
108 492 g
173 104 s
18 6 d
425 436 o
132 269 t
402 341 t
40 170 v
269 296 z
105 397 k
462 234 c
130 242 m
309 97 e
400 147 d
297 214 z
279 46 j
146 290 r
52 384 p
131 442 a
159 222 n
336 411 a
7 175 c
404 363 y
323 370 i
111 315 g
279 211 i
300 217 v
111 366 z
406 339 c
91 259 r
250 53 d
68 458 k
36 405 u
258 80 l
356 321 h
242 215 t
328 326 v
150 360 n
311 294 n
156 47 a
62 152 z
143 358 l
414 462 q
336 347 w
445 436 o
258 323 w
405 143 g
78 122 l
469 195 j
435 320 d
498 482 n
302 151 g
47 500 j
112 390 t
98 101 n
442 244 y
314 273 l
253 451 t
164 371 a
56 347 a
80 507 a
166 262 u
110 13 k
70 492 q
159 107 i
273 508 s
338 109 r
114 315 e
185 458 g
499 21 x
281 182 d
157 371 y
5 106 m
364 493 x
413 397 e
366 56 d
64 333 t
135 59 k
481 395 g
414 459 h
240 251 f
175 2 u
228 202 o
448 332 s
237 303 f
8 268 w
191 374 v
424 60 j
465 22 p
391 349 f
462 84 m
19 142 f
155 202 c
445 247 b
388 402 s
153 342 j
384 498 b
67 7 u
103 249 h
270 225 k
483 275 v
75 23 u
442 210 b
142 507 i
402 52 o
129 108 f
192 195 x
334 422 p
460 344 x
501 280 a
317 375 l
