218 1000
lggmhffwhdcvwjcwrwfthhymouprxueroynoqabkmrbvxfqgefstnytospmmprmwkwaophyxkadbqugxfeejaziptvgqrncactowlzioixfduwuxprdfcwhnfgyhgkybbqpmvorrtiagbxuugspukyvqaeoqphfpybavagraiepobeblzactemoiievbmazbuhqwntgitayqvoaojnpsxcazft
36 215
173 213
63 212
121 211
51 209
166 208
90 204
172 200
41 199
141 197
132 195
73 194
210 193
15 190
73 188
140 186
36 177
207 176
127 207
59 175
162 170
178 165
157 164
107 159
91 157
214 154
11 153
87 149
168 148
3 168
64 146
214 145
150 143
31 141
119 134
106 133
17 130
203 125
202 124
119 121
181 117
89 181
192 113
47 192
162 112
137 162
120 111
135 120
139 135
189 109
102 189
110 107
94 110
91 105
169 103
160 101
147 160
3 147
163 100
191 98
129 191
28 94
59 91
114 89
202 114
43 202
8 88
183 86
20 183
198 85
163 198
16 163
126 82
116 77
174 76
95 74
78 95
96 78
19 73
40 71
80 67
92 80
6 92
72 66
26 72
59 64
10 63
173 62
156 61
106 156
84 59
81 54
136 81
22 52
69 48
132 69
50 132
116 47
158 43
90 39
126 90
1 38
41 37
33 36
79 35
203 34
129 203
166 32
75 166
44 75
172 31
46 172
49 46
185 30
8 29
70 27
119 70
155 119
138 26
56 138
84 22
210 84
99 210
205 99
45 205
56 21
206 56
116 19
179 116
184 179
155 184
187 155
65 18
104 65
151 104
127 151
206 127
28 16
131 28
23 131
40 23
171 40
45 15
161 14
93 161
126 93
178 126
53 13
108 53
216 108
139 12
158 139
152 158
167 11
115 10
136 115
41 136
17 9
118 17
152 8
96 152
102 96
51 102
171 51
137 171
83 137
140 83
167 140
57 7
217 6
167 217
142 167
87 142
129 87
187 129
45 187
44 45
42 44
106 42
50 106
185 50
33 185
178 33
97 178
57 5
150 57
122 150
97 122
174 4
3 174
68 3
24 2
182 24
55 182
216 55
49 216
41 49
144 41
206 144
218 206
196 218
128 196
79 128
20 79
60 20
201 60
118 201
97 118
58 97
25 58
169 25
180 169
214 180
68 214
123 68
173 123
173 1
72 196 ydvawciqbrqyuvbxdxkigyarydjpawadcqwugjxqnsnsaowmixoilpgyqtvaulkcorxockectwmnyzimoyhfpaageyjgepjwogloprhyuikzvkuqvncehakghv
34 144 avvcleujknhufoeliyqbwxakzkdxrgrkxqbwtsyzgpwepzwoxveczxekztueozo
33 18 fazpdbvaxpyeyvuzxuhqnbcxagwhtttiflafurlbpnlhlextxhrymiqukqmqhzdpzglcelsmmudthhibxxhbcwtfexypfpxarhjnmdsyyevhtcldhapbeqfrnbbekidpubsxflzbtmokovqwbmdvofzjisolvbsfrtseohrczwxpfanguwjuruvbahknducoqnjqucabhrpdollvdnnqeuljpzbmmeakfsrfjgvfoubnpkebhcqzztegtmqnilqbsvvuraomrvlacerixyzbbzhtkbhayyvwyqgayiqbfsegmpqycsqzzvesnpkcyfefqttnfeahahengjiqlnhcznzcesrueedkaydsmpnmnfueotqyzncbbkvanvxexmwjzhjhodoocnksxpccfxberofaudxwgkhnoilrafamzzsiehebtpzlnxwsbxtozmrwbrqbrzjulrjgpbvdfodpgdeykdsayislmuyqcyfgzlutmtzquwecwotmbowuurhppeoiquaalyasnpgpzcckafuvzkyuflvawrittkidrytaunebmxstbvnjjfgppqtsbdcequwrbzcjjijhoyatdbxnujptzyzznyvdvrytmcmvgjpowayorijnsz
33 1 wtislu
50 41 lkyuyiizcpjowrck
42 13 k
187 78 a
139 84 m
154 37 vgo
122 103 s
11 42 o
39 214 w
125 75 d
100 118 a
67 120 s
26 135 z
7 156 h
191 173 z
193 178 y
177 153 v
176 180 l
151 47 s
217 22 v
177 87 b
5 170 e
186 144 t
62 4 b
71 41 x
35 130 z
153 19 j
137 81 j
10 137 l
84 148 p
76 149 h
48 188 j
91 177 k
36 98 x
117 67 i
107 65 k
207 172 o
51 99 t
35 216 d
217 115 r
194 185 w
150 151 u
86 116 k
78 158 b
207 85 r
21 171 m
27 89 v
16 79 f
76 5 t
108 6 b
8 113 w
17 202 f
43 30 g
152 6 i
71 155 p
213 147 s
29 57 r
152 129 k
176 139 x
85 199 p
198 176 n
148 122 u
89 139 w
76 88 i
215 94 h
180 26 y
174 107 o
171 111 w
85 131 s
146 103 v
117 186 w
114 212 a
176 165 e
193 49 w
163 36 r
180 37 n
124 122 s
79 55 l
120 42 v
107 157 g
13 106 i
200 20 z
150 149 m
12 133 p
157 73 p
156 171 t
80 113 k
9 118 a
26 126 k
89 193 v
115 183 m
68 81 m
187 151 j
39 66 f
155 87 c
55 118 e
23 51 z
165 158 b
25 177 c
196 62 r
197 47 k
49 61 y
212 159 f
156 151 h
207 28 e
83 76 z
129 201 c
105 213 w
145 159 a
204 164 l
151 198 o
193 186 s
41 160 q
144 4 z
107 11 d
142 117 d
65 164 c
134 194 p
190 16 l
84 10 v
60 217 l
116 137 k
107 85 m
117 125 h
120 156 j
18 50 w
210 14 p
103 87 l
155 92 z
129 160 x
70 215 r
117 187 t
41 84 a
218 42 j
184 117 q
182 118 i
134 33 g
20 150 o
143 5 t
214 53 d
218 76 g
96 133 t
209 217 v
72 191 n
173 18 g
7 192 h
137 159 d
109 51 q
112 95 k
175 189 u
94 159 s
77 211 g
32 137 q
133 120 m
168 120 v
84 100 z
136 67 v
116 174 e
106 30 t
11 166 m
202 194 y
188 103 u
204 197 a
29 65 x
72 134 t
208 177 k
31 114 o
73 78 a
106 74 h
206 17 d
195 180 k
80 46 w
172 87 c
150 49 k
83 95 z
71 168 g
205 6 i
152 15 v
109 70 w
115 52 p
104 133 a
125 181 y
24 31 p
10 44 b
128 155 s
61 139 t
218 106 x
98 141 a
183 212 e
72 114 i
26 65 k
60 211 r
104 16 m
10 186 k
191 61 x
103 101 r
15 196 a
117 128 e
27 213 u
105 213 o
173 100 n
28 11 u
207 25 c
41 168 w
195 29 s
154 54 t
62 202 w
77 97 f
130 150 s
98 119 h
192 6 o
200 49 r
123 90 m
38 205 k
59 217 q
168 159 d
214 14 n
9 117 g
190 173 l
36 105 p
147 69 c
36 39 y
198 59 v
33 58 h
136 93 f
137 43 d
217 20 u
77 38 h
190 36 y
77 12 d
184 176 d
133 32 q
20 216 i
119 95 i
156 1 n
162 30 h
159 105 f
57 109 l
48 70 h
94 109 q
46 168 i
149 188 e
129 49 w
123 130 u
39 1 k
109 45 w
215 112 z
135 165 i
197 90 d
41 46 d
208 163 l
61 161 p
129 215 y
5 49 c
26 69 i
69 68 g
216 201 a
157 12 d
106 87 u
31 70 c
150 154 a
49 129 d
31 39 w
85 48 y
24 46 q
91 184 x
202 208 s
75 163 v
67 15 j
205 115 d
43 21 c
20 131 y
72 151 l
153 205 n
131 187 i
184 13 x
193 49 l
3 166 a
188 92 p
74 135 u
89 6 s
195 61 e
101 118 r
37 87 i
69 42 x
210 186 a
205 129 d
108 209 y
95 126 i
107 175 i
170 162 f
7 115 w
194 27 o
35 40 i
135 143 a
212 53 y
52 104 t
102 214 r
53 172 l
100 100 p
206 93 f
10 156 b
194 182 e
67 178 v
9 195 d
116 65 e
64 218 f
64 45 m
172 76 t
203 33 n
31 119 d
99 111 v
164 144 b
184 55 f
171 187 e
9 144 a
20 114 o
206 16 g
69 7 o
136 177 r
14 44 p
180 138 b
63 110 b
34 94 s
54 45 x
71 192 m
114 123 h
31 183 t
137 105 q
97 54 j
158 199 j
12 149 u
163 156 z
172 52 x
111 50 y
6 152 g
56 146 j
33 197 j
120 69 z
155 148 s
183 138 o
146 190 g
41 212 i
36 120 f
75 86 n
155 84 t
178 3 i
2 66 o
53 123 f
25 200 s
176 30 r
9 210 j
68 170 i
163 116 k
201 183 r
48 60 f
48 17 p
179 147 p
46 143 g
93 203 d
148 182 i
109 88 r
9 114 p
201 205 d
200 142 d
182 131 k
75 47 z
95 187 l
155 141 j
54 93 l
116 178 b
203 101 u
89 43 m
131 206 j
187 67 x
117 74 i
212 62 j
159 26 p
94 62 p
38 192 d
105 6 s
118 39 v
76 76 z
191 218 v
101 124 y
3 13 h
122 48 u
201 11 x
141 50 h
182 143 k
23 155 n
86 111 x
4 134 r
126 149 v
215 149 l
111 27 d
66 209 i
108 43 q
138 186 e
174 78 h
196 66 z
83 179 u
99 112 f
186 81 r
19 176 n
135 161 y
84 194 q
144 128 n
187 92 t
91 24 q
157 146 j
83 96 k
62 168 j
62 50 c
20 203 d
165 203 s
28 174 n
211 200 u
94 42 g
28 150 s
56 59 c
52 177 f
35 55 d
92 211 g
40 175 k
123 216 d
143 84 d
163 54 f
81 26 j
32 91 f
50 5 t
63 31 x
119 173 m
46 176 d
92 45 f
100 19 s
89 157 f
147 118 i
86 180 d
146 68 b
21 154 h
21 6 d
44 194 y
3 74 s
74 120 n
46 80 k
180 6 l
210 158 t
157 34 p
175 168 d
164 211 f
145 25 c
210 191 t
8 77 n
208 179 l
70 150 r
50 67 s
92 101 k
157 146 g
73 164 e
122 82 b
61 32 y
55 40 y
17 173 f
11 126 q
121 149 l
42 183 f
144 62 k
150 141 n
56 117 h
87 114 r
121 43 g
183 25 n
92 90 k
37 7 e
60 2 s
153 211 v
87 141 q
190 37 t
101 145 v
152 178 h
179 180 i
37 74 m
207 188 f
87 57 u
162 90 o
165 158 a
169 10 y
120 113 a
115 94 a
146 213 c
70 202 j
119 185 o
62 186 l
147 122 t
171 143 z
133 15 a
36 19 d
213 72 k
59 126 g
62 24 s
114 42 i
21 202 o
122 34 o
5 216 s
111 49 q
200 107 h
170 123 f
17 201 s
96 165 p
177 128 q
87 139 m
174 163 m
133 133 t
132 132 o
85 125 j
46 12 m
204 89 z
80 178 d
33 134 f
128 142 z
97 89 m
99 136 g
3 42 d
107 205 v
60 32 h
196 156 d
87 165 p
18 22 b
209 143 k
26 60 a
192 95 r
150 18 p
47 61 s
47 23 j
200 50 r
73 168 h
182 113 e
113 1 t
92 55 k
34 184 f
96 97 g
58 199 y
151 191 m
60 159 e
53 133 g
4 107 s
216 137 e
210 5 m
29 176 k
211 95 y
200 109 h
63 156 h
160 42 z
25 35 p
123 94 g
75 100 d
127 112 b
144 40 x
100 54 h
191 34 f
124 124 c
83 137 l
168 47 d
2 217 e
173 83 x
93 162 v
166 104 i
135 1 t
183 59 g
36 217 p
91 92 o
116 2 n
168 97 d
98 97 m
26 190 p
45 62 z
159 80 s
98 191 d
151 73 w
56 43 x
30 53 e
173 22 e
187 59 e
122 127 e
82 76 t
64 120 t
35 31 y
126 59 e
210 148 b
93 29 n
74 94 u
202 60 d
128 163 u
8 64 x
202 51 i
98 173 j
178 158 x
112 213 x
84 86 w
195 102 n
157 154 c
83 142 g
51 145 s
160 117 n
29 107 r
183 85 d
45 136 g
193 153 e
156 217 g
60 35 o
26 53 r
216 129 t
88 18 b
177 154 p
168 96 n
6 11 d
92 190 x
200 115 u
1 93 w
2 107 p
125 188 a
79 130 p
92 64 t
129 193 n
40 182 r
161 27 v
65 34 y
31 181 j
168 76 m
60 63 f
46 62 j
191 176 j
189 45 r
141 191 l
107 132 a
188 208 u
101 1 r
187 53 l
113 122 y
62 155 u
53 51 s
131 53 l
47 90 e
145 8 g
159 186 u
117 53 z
77 64 z
36 86 s
138 79 t
177 122 g
58 116 o
63 42 s
35 139 z
65 187 d
69 81 k
113 144 h
52 66 d
28 61 z
47 182 h
92 116 m
55 188 k
120 119 m
119 48 t
196 71 b
15 10 x
110 215 q
187 201 q
4 42 h
198 202 b
116 103 d
9 47 e
176 119 s
73 19 m
181 59 e
140 97 y
10 31 m
146 25 q
203 197 m
94 116 v
213 68 o
100 107 v
95 11 a
96 155 l
124 151 a
204 160 c
91 14 v
195 15 q
77 58 e
74 118 a
184 197 m
130 218 d
95 182 d
36 26 b
202 62 i
49 152 s
116 86 f
63 101 d
6 89 v
125 43 o
77 217 s
56 126 a
139 207 w
74 218 r
123 210 z
62 90 s
91 158 h
201 162 s
162 183 c
185 129 h
201 41 q
214 76 l
193 167 x
63 27 w
214 68 z
45 210 c
7 1 e
70 182 f
89 139 o
25 180 v
179 37 x
167 201 o
141 108 g
11 72 o
181 88 b
23 155 m
213 32 t
35 146 p
212 188 u
48 38 c
105 77 y
149 8 a
204 74 b
45 80 o
11 40 s
110 96 a
106 111 o
125 31 s
80 31 y
62 67 u
112 63 f
151 204 w
58 31 k
200 61 d
154 198 y
55 185 y
124 132 k
54 137 x
200 28 p
191 54 q
197 203 p
154 116 x
213 135 b
59 101 m
30 167 y
63 124 n
87 140 p
69 167 f
98 162 w
56 155 d
129 188 v
131 27 d
143 216 w
163 99 x
70 10 v
11 27 z
165 199 v
142 63 t
185 65 l
145 206 y
3 45 a
113 7 s
188 42 c
81 84 i
37 174 z
159 71 v
94 98 i
153 73 w
11 203 c
54 110 g
197 46 x
144 164 f
73 162 h
99 193 m
10 35 b
51 172 d
122 140 n
191 181 t
115 11 l
59 12 h
218 148 f
148 44 n
195 141 l
118 210 z
12 167 f
21 209 x
87 104 i
23 46 v
63 53 u
83 117 i
111 33 t
152 139 r
184 111 s
141 118 u
215 53 f
83 43 h
115 212 k
142 44 a
32 78 u
88 76 h
34 81 p
192 80 v
129 162 o
217 38 p
132 41 z
28 129 o
199 64 d
173 151 i
101 67 d
44 82 g
121 96 x
175 123 j
124 203 r
114 118 j
26 66 b
50 142 e
91 116 w
86 156 k
152 203 h
119 106 p
19 190 u
4 73 f
134 43 j
176 186 j
16 216 d
10 204 k
56 5 x
28 116 u
201 13 i
144 201 e
26 169 a
39 213 w
68 162 z
213 142 l
184 75 j
61 138 d
139 215 m
157 55 x
58 123 c
133 144 l
66 69 w
114 173 m
3 109 c
72 186 w
147 46 w
46 95 g
179 144 d
53 68 l
208 215 j
183 111 z
202 113 f
10 217 z
82 6 e
93 80 p
114 34 o
160 196 k
177 201 f
84 39 d
102 130 n
199 202 e
55 25 w
78 128 d
201 93 a
11 76 f
133 40 g
213 180 u
201 109 k
158 23 w
15 74 p
158 68 u
18 187 w
31 145 h
161 136 r
76 193 f
10 93 g
19 38 m
84 138 r
59 50 w
134 104 u
126 74 q
77 9 l
94 199 f
28 211 m
157 148 y
117 146 y
10 144 y
174 67 i
180 57 g
217 31 v
216 143 f
105 32 a
139 34 y
168 202 u
35 177 k
88 99 w
32 205 m
91 19 o
87 197 n
18 131 x
74 193 u
35 186 a
147 109 d
199 118 f
115 156 j
166 216 t
82 37 s
154 22 m
125 28 n
79 61 u
133 69 i
206 16 j
69 161 o
4 36 w
20 71 t
25 126 z
166 74 d
195 97 n
31 42 e
13 190 h
130 172 w
27 56 h
66 58 b
213 88 j
40 97 l
27 102 e
52 25 j
12 118 i
175 120 w
168 198 q
142 107 v
178 33 e
74 146 d
125 49 t
25 19 l
212 14 p
63 92 o
98 53 o
198 39 s
4 177 h
66 22 x
210 130 f
115 39 k
159 8 f
78 150 t
168 125 y
6 203 c
69 106 b
30 6 k
168 45 j
180 5 q
206 36 a
47 33 h
163 89 m
5 26 r
69 114 c
17 52 m
117 139 x
123 164 j
184 6 x
104 99 p
203 165 q
167 138 m
55 124 o
76 24 t
216 122 a
108 180 i
52 40 j
177 57 p
142 64 w
210 111 y
60 29 x
210 84 y
99 109 e
116 90 a
116 212 b
198 178 a
196 217 r
99 179 u
178 139 h
31 157 z
147 141 e
81 128 p
153 7 t
168 51 c
209 171 n
132 172 g
185 156 z
