514 75
jyhgtxttgxmygqbtywxgvhzgpfebnbsulddrwajzopmawqxlokoloxtbggqzrcguuebsibiaoqocwznaogdaujsqybbgiyujkklbniztixpacppqivlmxtwnrariffvnujkkqkjlsqeiyvqgkllvsfdgbclulvxzhimxgikujinoxxuavfbllalwflaztayixmiykmhoeoyikuxqjowlvllgnqutordyojkszjqrvixoltnbbdpdqstrkdtcrdmdxkrurmfowosuyhwbiwdbjhezlktdquiapgppezpovjhkfifvtvvkpkjtsqyqdxvbmvsssoqwtlvyzrroupsbgrrxzytvrfvwwdhvzprymvzgztajbseaofssfozzvjzmqifgafqfriimofsayzbgmfmgkyqgyodrbbmksverxsjesrbdrxtxjruqplijpjqondvnkqginutrpvowrpcehpztpoiysydstfcoqdamsdlqsducdaskwiclsxynfjnihz
44 512
176 510
17 509
90 505
511 502
513 501
349 499
245 497
32 495
159 488
498 480
379 498
465 475
251 474
487 470
304 487
453 468
386 467
28 466
70 455
444 454
264 452
282 451
42 449
161 447
511 446
485 511
86 485
212 445
179 443
399 440
110 434
253 432
104 428
439 426
392 439
3 422
358 416
165 415
306 414
126 411
390 410
332 408
469 407
284 405
471 395
261 471
331 393
461 392
269 461
373 391
9 390
262 387
374 385
57 383
78 382
112 377
4 374
76 373
353 372
338 369
493 367
323 493
503 360
481 359
210 358
245 355
417 354
195 352
99 349
268 347
238 345
506 341
239 340
64 339
175 333
9 327
380 322
302 380
89 321
187 319
159 318
198 315
465 314
63 465
409 313
159 312
421 310
305 421
61 307
350 306
203 303
304 300
38 304
255 294
9 292
366 288
66 286
423 285
73 283
26 279
121 276
38 274
172 273
442 271
364 270
127 364
132 269
435 268
179 264
513 262
163 513
282 261
64 282
22 260
376 256
298 376
244 254
159 252
183 251
308 249
1 308
21 247
483 246
336 242
353 336
46 237
40 236
496 235
199 496
453 234
444 233
299 232
240 231
136 229
478 224
132 478
66 223
386 220
332 218
167 215
91 214
469 213
238 469
433 212
483 433
85 210
265 209
514 265
343 514
140 208
227 207
424 205
289 200
482 289
402 197
403 402
481 196
483 481
431 483
363 431
206 363
203 192
490 191
400 190
305 188
317 305
368 317
412 187
70 185
394 184
195 394
63 195
280 182
472 181
490 178
291 490
90 291
419 177
472 419
194 173
171 194
384 172
244 384
24 244
473 170
463 169
107 463
106 166
378 165
4 163
457 157
370 153
353 370
174 353
117 174
438 152
302 438
458 302
406 458
482 406
329 151
309 329
201 147
476 144
156 142
228 156
486 228
371 141
37 140
24 138
361 137
508 135
287 134
225 287
241 225
293 133
401 131
280 130
409 128
275 127
139 275
450 126
206 124
257 206
183 123
296 183
255 122
290 255
409 121
441 409
180 441
19 180
332 120
356 332
331 356
258 331
473 118
217 473
388 117
456 113
86 456
338 112
201 109
248 107
84 248
301 105
453 104
404 101
507 99
413 507
36 413
396 98
97 96
338 94
164 93
477 164
257 477
450 257
45 450
245 90
464 88
295 464
221 295
79 221
203 81
12 203
436 79
284 436
176 284
16 78
412 77
179 76
346 179
323 73
198 72
22 198
258 71
350 258
89 70
503 69
362 503
139 362
2 68
365 67
323 365
50 323
161 66
30 161
350 65
250 350
401 250
211 401
1 211
129 63
412 61
311 412
472 311
400 472
129 400
299 129
146 60
361 146
83 59
238 83
316 238
267 316
344 58
5 57
326 55
417 326
159 417
504 159
290 54
435 290
175 52
492 51
263 492
3 263
14 50
102 49
1 102
201 47
160 45
506 160
277 506
381 277
56 381
148 44
399 148
386 40
167 386
168 167
204 168
75 39
296 75
389 37
328 389
230 328
337 230
145 36
4 145
226 35
280 34
189 280
388 189
186 388
476 33
155 32
48 155
150 31
342 150
53 342
425 53
2 30
175 29
424 175
41 424
482 28
479 482
42 479
324 27
397 26
366 25
403 366
297 403
399 297
82 24
199 82
309 199
378 21
301 378
108 301
14 108
219 20
243 219
48 17
427 15
398 427
201 398
324 201
56 324
16 56
299 16
460 299
85 460
476 14
379 476
361 379
171 361
338 171
330 338
293 330
253 293
348 253
176 348
119 176
346 119
85 346
74 85
97 74
136 97
425 136
491 425
437 491
158 13
226 158
110 12
10 110
227 9
89 227
399 8
154 399
484 154
186 484
202 186
48 202
420 48
11 420
10 11
84 10
435 84
216 435
397 216
64 397
41 64
453 41
442 453
281 442
325 281
22 7
100 22
87 100
404 87
226 404
448 226
267 448
375 267
430 6
111 430
459 111
106 459
335 106
272 335
193 272
437 193
357 437
114 357
259 114
103 259
500 103
351 500
337 351
418 337
245 418
62 245
396 62
95 396
125 95
371 125
89 371
240 89
143 240
486 143
43 486
91 43
462 5
19 4
42 19
320 42
222 320
343 222
86 343
115 86
278 115
504 278
92 504
457 92
162 457
38 162
132 38
508 132
243 508
80 243
444 80
462 444
334 462
368 334
23 368
489 23
149 489
18 149
116 18
241 116
266 3
423 266
325 423
325 2
296 325
139 296
204 139
217 204
375 217
241 375
494 241
298 494
309 298
46 309
91 46
344 91
429 344
239 429
239 1
388 152 xnkcovoiwlfcojhzbzkebtsikjzlzzywxvnvedhidazrrntjoattlxnlxzdbbslqgcezazycestnjycijwdtgbtoodcketaywkzoocorbmtmphqqenlsjuyhqifrzmzohwmnbiqyghkukbnpnamwmclebfyyqhrjchckyuegaxzbyfxuwljsxgxckazgdfrboidzwoojwyvzosyaldioipfnclsegpftskgwhznnnludnvcocemzsctbvcqvgpmfhsnfempduouquezltdtkvrgukzmvbzcoxcqyeillrfqyfssonrunuqgqomrzpmsxpwigskvmsovpzzqaxatszpeoxzahxwymlarxhuhifjxkqlihycmaodrjgohcrgnlceyysiyaruclzolamjuscflvqhccodmxmhsjoladewnvqparufydayesxycfzprvifocodomypvawhkontzjttwxttbxjopfcswqsfcbdzeafqyrbxqrqmwat
262 189 jdbsheakavdkienkjltdqrruijvothlslmlmvrerbqpddarkldbtmftudrajudyxbqbwyfdzldf
79 401 sgvjzhrzfomjbsfqxpijaupkoxmleiarpcbitvsxyhvcxsabtvqdaehpahilgrzpngkkxuqralbgmsilvuspyrtwxfvuymbxvjctvvugcjeudqsddisozyztnnfypdxzfdkkbdzqdhmlxichkwjwgdrwxnabdhsmolstifkjrtjjjivpioigbsqfwfluzrerybpqeqmfudhuzlsgbhsjiqcuvcnbsposalrgsoquogqingkdvkqbkhbhphdszmaxwjntxwbormprakhonzrqjegkzjjailfxwgvbmvfudbhwbyoidoppjzpgljyswnrpjwohdvjublqlckbtbfuklztmthbdhltzqbixsqinimngvppafsjlbgigp
393 151 vo
334 501 dcpjhdwr
277 102 aiazyncj
351 333 vxdxtyonkajfipxcrudawaghmzzsq
99 102 j
200 330 s
275 374 gja
330 235 n
29 436 h
80 198 g
453 311 p
173 92 p
464 290 q
324 50 u
172 97 k
129 313 m
313 167 z
390 460 d
357 487 i
120 56 j
255 99 f
314 409 x
119 326 d
187 363 o
32 9 o
467 207 g
258 149 n
98 301 n
354 454 j
94 70 x
467 353 x
76 480 u
61 262 p
485 346 o
216 211 h
240 106 t
510 360 t
514 351 c
48 500 i
185 504 l
53 197 t
44 419 b
352 85 g
100 384 f
412 473 r
508 266 x
397 7 r
229 438 r
261 268 s
70 414 u
174 34 w
453 322 v
212 165 y
81 323 u
351 280 w
100 121 p
99 272 r
465 370 p
98 129 m
464 208 w
31 175 a
62 504 h
310 383 e
189 302 b
484 384 k
203 468 u
510 56 n
504 223 e
100 322 e
335 412 g
113 191 n
276 488 a
