905 1000
imwqgipsntvteuwrrcbhtippcofzpsgshegtgzehndlhpjtmwlsfadtaijhkffoxfssodjdpjgzxmggkkalltwruhocqetobdyysyeawohwionzxrpwmuvsqgdlnuxftmyfbiafbayozbugzecpgbclnifoluekeosjajoscfbcsjlnewngaighuxarzffaovxdqrrkxtlyciyqdtkibyinvcnglbrowabbljiyngsrahfvscezkwhxqwszvuhkhocsjlrpysmlubueibzfyrpwlebxzkvvnpkmfaarilfbnqqspurzfdzlylniaezeusaamxcmyelzzyewjbmuaqogrsfijgovkfxxnempmvzokwqbogqqxzxzboirhqxmjeoawxlzuesgvtrdkgtxojkehqwhpfikeiwopiverpgcusidjmesnqsciqyzkuxupbkpcgdsvmphoorttekqyyaefnrfwmkmvtxaojkutuvlbqdmndqrfnxoqtaahonwvvkvqacrkvyylldaojkxojfhekrcksuvcgbhkzkydydxznsdywlvilrrvrohginaalhaxurumxgjtqcguejeupulajwkgozrjdrtdxdziegfbweyadzehvpwslaytcoaxqxhomtxussxxrurnoflvgvtwfippdymhaxupbuccrnrphqcxyqcutqaymbgmejgphomiertjholxkxibldeejewiamqqqekfngeexbbxeibbovcpkqhocnjrbjwdxzfnmwzwsomvwzewumzetnghaisddxouslixmxtzxgthtqwueufvqrlvtzvqgnobdeprmoxlkxyelxbjmtamvvtnbbyevyllfgsyqhwepttutxofpqzxjwodhigivhpuugdsvqydvogpb
669 905
534 903
437 901
402 899
327 895
691 892
866 889
162 887
868 882
1 878
800 869
302 868
521 866
817 864
131 863
828 862
690 858
502 856
321 854
90 853
478 851
260 846
751 835
156 834
547 830
700 828
390 822
340 821
583 818
318 815
1 813
415 812
874 811
633 802
129 801
900 800
780 900
562 794
675 793
544 791
225 788
305 785
325 784
544 778
58 773
799 772
886 767
842 886
48 764
214 761
766 760
502 757
483 756
190 755
312 754
427 750
890 748
838 747
721 838
850 743
444 740
358 737
131 735
879 732
885 731
373 885
191 729
215 726
101 724
234 722
362 720
59 717
418 715
619 709
198 708
191 706
508 705
469 703
128 699
5 696
789 695
520 693
692 690
661 692
749 689
90 688
766 686
775 685
580 682
240 681
437 679
877 674
236 673
443 672
560 669
299 668
102 663
250 662
354 660
45 656
101 654
329 651
155 650
865 649
786 865
746 786
797 746
549 647
629 641
120 635
539 631
266 629
581 628
839 627
80 839
633 625
346 624
598 622
366 620
723 618
454 616
452 612
265 610
81 609
419 608
615 606
254 615
531 604
543 603
450 602
652 601
877 652
749 877
80 600
558 599
898 598
250 597
657 594
739 591
538 589
218 588
898 587
531 581
890 577
559 890
158 576
262 574
707 571
102 707
288 569
187 568
583 567
319 564
396 561
502 559
358 558
768 556
87 555
658 554
836 658
557 836
488 557
636 553
286 636
439 552
716 550
323 716
49 548
290 546
435 543
204 542
274 540
513 539
872 538
98 537
137 536
91 534
257 532
317 529
807 528
798 525
718 798
334 524
311 523
351 522
429 521
93 519
315 517
477 515
144 514
29 512
739 508
91 739
422 506
503 504
9 502
792 499
310 792
572 496
5 493
648 491
736 648
492 490
820 488
516 485
510 516
676 484
489 483
897 489
85 897
454 476
327 474
319 473
174 466
883 464
417 883
60 461
372 459
37 456
898 454
32 450
102 449
781 447
433 446
22 445
771 441
781 437
13 433
144 432
158 431
547 430
460 547
535 460
15 426
221 423
56 419
420 418
404 420
144 414
164 413
97 412
533 411
137 533
526 410
55 407
298 406
15 401
172 399
191 397
657 395
202 657
527 393
653 527
453 653
297 389
471 388
254 471
807 386
167 807
272 383
439 381
714 377
283 374
400 373
100 371
619 369
378 368
814 365
888 814
422 888
260 422
738 363
95 360
584 359
884 584
545 884
159 358
211 357
698 354
749 698
417 749
645 353
118 352
133 349
280 348
535 347
172 535
225 344
531 342
177 531
780 340
718 339
219 334
665 332
65 665
330 331
501 329
215 501
676 328
264 322
655 320
141 655
742 319
849 317
55 316
408 315
596 314
639 596
129 313
299 310
468 308
769 302
590 769
244 301
847 300
123 847
188 298
98 294
575 293
257 292
434 291
621 434
91 621
733 290
53 288
843 287
162 843
520 285
704 520
585 704
904 284
181 904
768 282
841 768
787 841
274 787
269 281
626 277
518 626
723 274
417 272
93 417
697 271
455 697
541 455
259 541
246 267
718 266
341 718
13 265
676 264
4 263
258 261
39 260
562 258
805 562
467 251
212 250
255 248
771 247
49 771
379 246
337 379
94 337
744 244
733 744
133 733
585 243
8 585
659 241
643 659
384 240
480 384
780 480
713 238
860 713
21 237
645 236
819 235
102 819
403 232
321 403
37 231
492 230
605 229
139 605
141 228
643 227
759 643
156 759
233 225
495 224
467 222
678 467
343 221
105 219
752 218
443 752
29 214
435 213
570 210
312 209
614 312
200 614
727 207
632 727
549 206
816 205
90 816
438 204
279 438
478 203
780 201
469 780
902 196
343 902
867 343
472 195
872 472
141 872
239 193
817 239
783 817
408 190
436 185
115 436
855 181
305 180
60 305
208 178
730 208
21 730
345 176
545 175
160 545
518 174
14 173
779 171
805 779
497 805
873 497
810 873
844 810
470 844
117 470
879 170
278 879
88 278
65 169
714 166
680 714
852 680
804 160
725 159
861 725
683 861
867 683
306 867
380 306
848 380
370 158
57 370
186 155
664 153
161 664
262 150
47 262
482 149
200 482
119 200
701 148
273 147
351 273
198 351
167 198
223 167
5 223
870 146
702 870
163 142
661 163
857 661
307 857
530 307
100 138
254 134
161 133
440 161
189 440
439 189
590 131
184 590
13 184
186 130
823 186
327 128
220 124
392 220
249 392
510 121
666 120
687 666
719 687
667 719
428 119
23 428
164 116
416 164
530 416
345 115
192 345
129 192
135 129
126 135
366 126
580 366
112 580
530 113
154 530
107 154
833 111
644 833
182 644
575 182
795 575
477 795
355 477
372 355
139 109
639 108
143 639
33 143
276 107
242 276
396 103
678 102
139 100
1 98
151 95
875 151
327 875
87 94
309 93
435 309
832 435
187 92
43 91
453 90
390 453
249 390
790 249
297 88
122 297
881 86
110 85
106 110
427 106
728 427
675 728
820 675
874 820
199 874
391 83
245 82
505 81
11 505
893 80
632 893
279 632
199 279
469 199
144 469
396 144
796 396
500 78
458 500
677 458
448 677
275 77
125 76
429 125
168 75
270 168
613 72
796 71
503 70
775 66
510 775
481 510
790 65
44 790
117 64
259 61
667 259
452 60
303 452
280 59
296 280
701 58
367 56
860 367
114 860
387 114
429 54
803 429
361 803
44 361
101 52
104 51
217 50
572 49
172 572
252 172
896 252
212 48
385 212
842 385
617 842
327 47
13 46
74 45
712 74
350 712
789 350
638 789
89 638
745 89
741 745
268 44
494 42
783 41
570 783
53 570
766 53
270 40
216 270
62 216
894 62
283 39
859 283
565 859
398 38
804 398
375 804
341 375
700 341
226 700
642 37
63 642
104 63
742 104
492 742
245 492
177 245
797 177
404 36
268 404
394 268
321 394
702 321
684 702
43 684
774 43
782 774
849 782
457 849
402 457
829 402
141 35
481 141
8 481
96 33
257 32
137 257
826 31
304 826
776 304
57 776
678 57
832 678
578 30
409 578
55 409
335 55
891 335
415 28
327 415
667 327
183 667
701 27
809 701
326 809
346 326
766 346
825 766
479 825
507 479
68 507
408 25
691 24
362 691
372 23
303 372
325 22
234 325
188 234
324 188
486 324
299 20
827 299
96 827
741 96
503 741
607 503
579 607
211 579
513 211
242 513
799 242
378 799
640 378
425 18
443 425
582 443
84 582
269 84
156 269
486 17
723 486
671 16
68 671
808 68
127 808
463 127
894 463
640 894
465 640
565 465
770 565
583 770
852 583
97 852
734 97
145 15
723 145
391 723
676 391
738 676
421 738
101 14
29 101
191 29
762 191
122 762
183 122
891 13
256 891
623 256
123 623
226 123
753 226
217 753
633 217
832 633
495 12
734 495
362 734
832 362
563 832
487 563
295 487
498 295
797 498
296 797
286 11
823 286
560 823
387 560
87 387
333 87
254 10
462 254
526 462
303 526
736 303
896 736
112 896
777 112
73 9
311 73
376 8
152 376
183 152
253 183
850 253
824 850
156 6
619 156
275 619
439 275
855 439
617 855
79 617
136 79
179 136
444 179
637 444
670 637
881 670
645 881
202 645
549 202
3 549
721 4
475 721
356 475
845 356
26 845
758 26
21 758
511 21
118 511
99 118
424 99
586 424
777 586
132 777
824 132
831 824
233 831
634 233
330 634
509 330
197 509
364 197
781 364
796 781
630 796
19 630
763 19
69 763
613 69
5 613
400 5
296 400
7 296
448 7
710 448
694 3
117 694
478 117
711 478
710 711
840 710
611 840
165 611
751 165
646 751
338 646
837 338
333 837
592 2
105 592
468 105
323 468
140 323
318 140
848 318
593 848
898 593
333 898
187 333
67 187
139 67
573 139
566 573
880 566
518 880
215 518
829 215
157 829
551 157
871 551
442 871
34 442
162 34
765 162
451 765
289 451
137 289
194 137
494 194
876 494
255 876
595 255
311 595
336 311
544 336
806 544
382 806
408 382
405 408
421 405
421 1
651 26 vhrwkhjmgohgposlqbasrxwysptkwuwktkimehrfykympucrjosjcocfvvlsufopnzpthwkeloyxzifcymrnqfetytedbgbyqwrqbgzgptmggjsgoibbjihpfkqymbrhquaowtxaotfqxyzbehazgiyvmzzyxypzxsornnjkatibqqsagebklpwkffnjhtqqsgolmuutmgkalzwzajvounczogngbxtooyzaqxskmxlpttvebzpdhgfpyuvukvnlizqnaegqpnvhltfokmeldirecvihvtgmbdeomsbylzdra
594 873 peduvvbgneghpnutrvqsmwccqytzxpdgfhcpwxydkgmcxnjscjemtircfkqvmzjzqxwaekzuegisaixekxkkktpnljpahpuus
137 506 ublipfaotwqjtjfttrfqzumxxrestuvvjbggufwrexpkdagvfswlfevwupkakljeitzfwhecyomcvaouitgylpijksfobwmmorlbriubrhsnbyxjpgbttudovdkugoydmibcpkfomfcpgvbcbscwhmburgxhcqmnqfsdvvzzxfvjbuyjvyrzanlgcpsxerteoznulouidxgcboolvzr
304 296 wpkqrzuvpztcrrylsygrovuvombttxeqnmbpfuzlphhpixpxicpghxpvkcawhbiulakfxwrdloa
269 272 zqlfjslhnbmgytzrmblucbknfkoybqwtafwiiidpwzpvyesllyelvtyldwisbaiumaaxcucypiezfyiyvmgrggtrmgpujxifjaswonzglmhjzzzbortjpirldlemxuasdthznlfumlflzygabgdappvsmqrelwnsvjtnjgbwpgwesqvorxhlppuwipxoztlkegzinypxlycujirmhgigldpwiiborbxc
688 595 wiwwt
671 61 luleqcg
6 847 tgwybevcsdlsajcbvvstcdhhgjrwwykbsegqstrjongsrhsgwbyxdetcrh
603 707 inrxdodhuoj
355 763 oatsgansb
824 852 spnbelgnj
64 440 m
298 341 b
124 881 aj
705 561 z
552 241 oa
712 444 kf
570 769 l
293 395 w
280 220 d
86 725 r
430 299 h
515 593 z
556 864 n
146 154 o
281 343 o
214 348 e
431 619 f
524 239 g
324 47 v
377 438 h
33 548 w
382 159 t
643 653 v
721 848 v
869 845 j
80 262 r
695 406 x
819 774 o
739 289 n
405 782 k
448 183 w
445 445 g
315 849 t
424 312 b
248 747 e
760 20 i
50 5 o
190 582 p
518 532 w
548 342 i
600 853 g
417 101 o
817 530 z
340 645 i
372 701 x
520 316 f
725 890 x
340 355 t
876 851 d
31 625 k
645 872 l
373 418 c
599 126 a
472 574 s
554 888 o
299 394 u
584 711 h
111 442 j
233 50 f
739 615 r
347 615 r
823 612 g
97 289 v
275 466 k
455 122 i
453 484 b
822 57 p
410 608 w
465 504 v
661 892 k
618 698 y
149 497 r
100 185 s
366 159 g
5 440 w
133 229 m
821 157 n
556 15 l
172 376 q
743 556 s
805 785 p
779 304 h
260 269 c
477 842 a
856 538 v
100 19 v
847 556 e
256 256 q
2 847 h
440 84 i
649 871 x
525 670 o
163 774 u
829 4 x
80 281 o
636 767 c
66 31 g
144 447 a
112 470 r
272 33 e
872 590 y
816 860 o
535 703 l
705 627 n
855 674 x
578 388 e
282 541 h
389 258 t
645 499 o
587 90 b
203 318 o
838 546 r
244 272 z
546 711 e
329 357 o
197 764 y
102 332 k
560 78 k
757 7 z
772 308 i
453 128 y
343 827 e
330 834 g
897 96 m
868 12 x
881 774 l
698 751 h
829 188 y
744 741 r
904 140 g
832 274 b
128 561 a
830 360 x
143 205 f
831 377 t
71 484 n
518 604 o
168 245 e
448 499 y
869 408 g
755 798 h
755 62 g
792 501 g
639 521 a
432 240 p
3 803 y
12 466 t
860 463 l
289 212 a
631 668 y
520 54 o
30 453 a
755 256 q
284 698 m
311 216 j
361 802 l
124 128 w
27 883 e
631 628 i
904 265 v
114 372 i
436 358 j
753 11 y
737 82 n
125 904 o
877 813 f
338 285 e
689 74 k
791 445 b
129 419 l
112 812 i
877 356 g
818 213 s
649 881 s
902 224 y
492 524 u
138 158 g
292 660 k
27 465 l
579 873 w
657 474 c
128 524 u
107 182 i
262 819 n
576 898 q
107 885 x
766 255 a
231 265 l
102 446 p
581 698 m
477 830 r
383 25 k
893 595 h
268 706 z
242 771 s
25 575 q
156 570 d
641 313 t
604 390 q
788 790 b
112 60 c
475 541 v
879 823 f
33 255 e
458 582 h
605 44 h
196 786 u
822 324 w
560 90 n
149 896 n
474 217 l
323 333 v
856 601 t
633 698 g
385 576 x
667 202 m
332 237 j
217 323 m
101 517 m
780 660 m
328 252 v
529 570 b
569 148 z
688 517 v
272 31 o
884 143 a
44 547 t
390 668 b
582 245 d
233 464 c
886 644 w
652 23 p
709 625 v
810 716 p
581 798 v
427 112 t
665 778 d
92 769 h
124 619 x
773 251 z
56 805 o
728 361 h
203 631 a
433 390 k
130 297 w
318 868 g
330 230 k
552 640 u
88 380 o
266 444 n
656 747 u
180 803 m
234 93 v
230 152 o
150 103 q
71 253 u
604 622 f
428 808 n
154 106 a
749 352 l
379 413 m
642 743 w
593 45 n
764 15 q
396 370 u
184 60 m
131 211 l
306 598 h
646 97 m
247 424 j
816 357 q
407 308 z
497 860 b
709 280 n
375 564 q
453 158 w
479 693 b
260 215 g
330 704 o
161 6 x
821 186 k
196 810 l
568 135 t
278 611 s
622 224 w
45 211 e
320 634 g
11 808 c
698 236 o
239 533 g
583 676 n
209 78 p
532 402 a
467 101 y
384 848 r
43 535 i
52 684 v
790 199 i
630 714 p
752 748 z
354 786 j
865 227 a
579 746 q
788 350 m
64 306 y
630 519 l
352 396 z
283 419 e
657 663 q
52 646 m
15 760 w
454 517 u
282 206 r
432 679 y
810 361 f
249 419 t
422 2 s
94 766 o
424 338 v
862 690 x
765 785 t
149 839 j
686 482 k
571 17 p
616 829 w
222 750 f
249 753 u
830 20 s
111 320 n
120 187 k
656 229 g
362 149 m
143 187 n
806 37 h
572 446 s
117 889 e
223 334 c
174 531 z
616 749 z
219 671 u
6 308 x
863 285 z
603 10 p
457 441 z
398 786 f
899 221 p
624 829 u
239 90 a
725 128 g
648 89 j
44 424 u
827 353 v
164 622 y
285 339 x
264 591 y
377 231 o
150 281 k
193 250 o
818 391 z
227 537 j
654 492 v
757 214 x
421 58 d
414 828 u
126 339 l
699 140 t
216 35 w
869 606 x
485 600 l
634 11 r
160 651 b
740 153 t
350 590 f
155 316 y
832 213 b
438 804 s
247 878 t
286 297 c
477 296 a
747 816 g
129 24 n
417 178 j
574 469 o
12 32 c
367 556 s
425 295 u
523 876 c
237 86 q
36 839 a
658 599 a
21 589 e
423 434 o
21 643 d
206 622 s
283 432 d
556 402 f
467 260 b
355 175 d
662 823 p
641 373 x
338 767 f
3 819 y
258 343 r
773 38 s
534 411 a
523 514 q
674 102 h
795 491 o
84 325 h
407 213 w
735 897 n
474 332 j
630 59 s
229 721 x
191 580 y
404 281 t
757 761 o
480 611 i
103 422 f
450 797 b
356 600 r
395 337 o
434 332 w
779 751 p
286 533 w
429 115 b
735 440 q
810 91 c
615 752 f
349 881 l
761 843 n
637 566 k
815 373 f
477 848 u
78 699 u
272 152 o
31 489 b
72 879 o
564 177 h
157 17 g
459 575 l
457 819 k
362 891 t
266 516 c
393 30 o
720 87 w
19 428 x
665 122 g
289 691 g
782 203 d
856 205 o
367 358 a
251 874 j
357 719 t
678 59 w
837 180 x
20 238 n
53 447 r
147 621 c
270 611 p
35 653 y
535 519 h
753 35 r
319 81 x
60 639 e
167 183 d
765 585 d
441 846 o
161 62 i
81 129 o
747 105 n
246 402 t
588 707 f
306 361 m
873 254 u
283 211 w
552 309 w
757 191 r
392 158 u
447 779 w
738 58 l
233 642 m
539 362 p
775 544 q
634 66 l
214 74 t
279 643 a
236 657 r
791 486 v
706 546 g
649 527 b
127 9 q
621 687 f
193 363 t
779 109 x
466 706 f
186 707 o
296 280 w
415 901 q
527 81 u
364 310 x
506 880 h
703 139 i
397 518 f
885 462 o
843 500 a
264 650 b
189 860 k
758 493 l
384 647 x
120 640 f
653 741 a
66 778 b
622 58 g
521 358 o
578 574 n
164 825 u
265 781 a
810 359 o
431 443 c
61 35 f
1 103 z
196 106 r
425 321 j
830 402 v
408 701 z
487 131 d
589 813 y
847 727 g
324 652 f
513 885 x
109 293 w
667 284 c
197 750 b
456 42 y
618 589 u
528 108 i
212 36 u
581 231 l
382 361 d
340 82 h
778 680 e
849 68 q
903 868 t
484 412 u
296 504 u
551 253 r
86 488 a
213 700 w
562 408 v
729 245 j
218 377 x
425 400 j
422 425 f
55 58 l
690 416 b
232 620 g
511 308 q
449 872 t
571 498 o
755 320 r
211 79 d
17 110 u
875 538 t
25 497 z
531 471 k
767 56 n
199 172 g
517 244 v
39 234 z
857 176 e
688 664 z
613 625 q
824 454 s
356 781 b
581 445 a
873 826 e
818 440 w
280 143 k
674 846 b
218 847 t
26 367 m
756 846 j
165 92 m
413 731 h
577 586 z
800 127 k
694 723 z
341 741 h
633 857 g
848 677 v
579 533 i
348 341 e
533 730 e
275 553 d
657 462 i
204 383 i
670 814 r
420 832 m
386 335 d
122 34 a
642 640 a
205 621 c
548 488 v
532 766 u
334 507 n
628 369 n
834 129 q
598 273 a
648 262 s
119 134 a
585 127 v
140 333 a
635 324 s
383 6 k
2 267 o
615 238 w
790 354 w
77 398 h
329 836 t
116 300 s
292 213 f
368 686 o
568 889 i
353 659 e
694 468 y
395 349 c
305 414 u
43 159 g
488 237 i
209 229 k
887 606 n
324 538 m
595 717 s
529 856 n
628 630 q
109 208 g
244 149 t
760 52 u
570 621 z
446 693 w
547 789 l
842 417 h
404 275 o
45 354 k
553 232 q
288 487 o
23 129 e
894 708 t
271 339 w
732 296 h
680 273 d
711 887 m
491 681 r
723 725 l
75 844 z
619 721 m
493 240 p
205 353 q
223 316 x
15 221 c
433 428 a
40 165 y
672 364 m
38 744 d
579 210 x
348 3 f
501 415 w
519 799 a
63 404 c
702 291 n
536 450 f
157 97 c
621 612 c
432 888 n
783 658 d
377 704 a
470 65 m
508 519 a
476 172 p
792 489 i
33 380 s
758 308 z
47 859 d
655 805 t
332 378 k
868 15 k
272 79 r
101 289 i
158 881 x
165 406 x
608 292 n
9 297 c
136 719 u
721 592 u
578 125 z
312 222 e
708 165 o
622 592 l
634 641 r
670 171 c
731 469 v
87 616 c
889 640 t
336 223 h
548 22 h
247 380 k
534 243 j
532 746 w
776 310 p
666 729 t
758 728 h
358 544 m
471 334 l
388 900 d
24 574 b
461 429 i
747 361 g
174 268 a
629 361 g
607 174 o
410 895 y
6 768 u
355 862 y
456 145 s
456 406 g
709 228 b
536 823 t
644 203 g
179 756 k
795 850 b
445 383 k
219 9 b
854 798 j
653 255 c
628 731 p
645 266 b
380 4 i
287 66 y
141 778 s
253 701 j
516 779 s
504 559 q
495 211 l
127 283 p
320 557 v
352 351 v
414 672 v
362 158 d
442 705 l
841 654 j
868 815 r
345 138 c
127 51 b
757 344 r
636 83 q
868 445 g
517 15 n
780 398 j
29 764 x
795 679 q
16 159 c
540 45 s
682 783 e
523 126 h
585 801 g
356 94 u
349 803 q
591 396 k
517 130 z
471 894 n
466 11 v
150 485 d
283 229 c
737 789 f
469 477 i
843 377 h
506 72 l
789 155 d
226 578 e
11 815 h
1 345 g
267 724 w
479 875 d
901 501 a
573 630 m
720 771 q
175 622 o
568 826 i
177 538 f
470 232 j
613 528 p
170 297 p
670 548 n
54 112 w
853 843 g
138 770 i
707 405 a
802 298 s
667 788 d
261 225 a
558 98 e
679 27 k
469 313 r
254 382 g
366 51 r
162 230 t
181 336 w
489 230 w
791 634 b
681 587 u
164 893 u
491 367 w
186 104 v
295 29 w
307 640 p
886 165 q
60 547 p
3 626 m
185 642 g
667 20 g
811 267 l
676 576 s
147 753 y
730 457 w
849 438 b
352 195 x
537 491 k
535 382 i
97 810 l
93 592 z
775 516 n
619 625 o
214 562 p
361 601 q
13 126 y
458 28 b
33 297 d
36 161 e
904 519 o
254 29 p
347 278 z
844 363 h
250 642 p
232 575 l
532 480 k
574 297 d
335 277 e
463 599 v
689 879 c
114 659 w
634 140 d
462 57 u
309 657 d
692 892 h
80 583 m
30 310 e
204 365 i
802 89 b
715 28 j
258 660 r
897 141 c
164 741 y
739 322 q
530 327 g
709 887 q
550 870 g
427 84 x
708 206 r
83 287 d
726 30 z
551 403 j
29 472 z
388 403 g
501 806 x
622 71 l
440 310 q
688 696 c
377 387 q
21 537 u
706 250 e
826 515 z
165 476 o
31 197 a
298 180 p
502 486 j
659 100 t
696 132 o
31 613 q
537 752 i
780 301 q
126 785 p
446 291 r
455 430 s
728 797 p
298 641 g
797 412 r
355 408 w
466 753 n
665 520 x
337 553 b
384 749 z
592 687 u
596 293 w
394 161 z
237 155 k
824 519 w
243 735 v
116 628 c
325 72 h
297 842 f
522 775 a
894 860 n
480 592 n
38 399 i
543 621 z
147 634 x
576 242 k
521 320 u
658 168 f
237 684 c
300 77 b
714 461 g
452 555 p
666 583 j
616 646 z
427 215 d
257 12 v
710 339 q
677 430 t
564 820 i
349 260 h
453 349 z
764 680 z
579 891 r
903 181 i
897 137 h
571 568 h
259 38 d
405 773 l
383 365 z
479 124 v
704 274 d
125 337 e
5 755 v
330 138 m
780 733 z
558 630 w
779 790 e
559 487 p
790 315 r
601 462 l
32 901 z
803 5 u
589 726 b
872 266 x
592 791 k
10 488 m
39 881 k
161 115 v
770 53 z
342 608 l
432 16 y
211 820 z
533 694 m
747 221 k
783 509 r
71 665 r
569 846 d
847 722 q
598 65 o
254 405 u
719 636 d
100 730 f
518 703 s
474 877 e
214 687 l
750 464 k
394 83 m
80 181 n
284 483 c
260 163 d
401 8 c
518 635 g
42 829 p
14 79 h
694 579 x
880 482 y
708 624 z
