427 808
lkpybnraacnexnviqvgudnygsfcyejpqkpgfivbksqfhrcdzjadpsggzxhkrvxznnfohmjuutyiexirccwjvvkqhkbuhabsumvegcjywbslsxwglxonrmwklxrqzhzhztpupuvpisnqujwldwjrceczlqxuuwexnfajjvrnqygokkunqncrpucobrohgcfiorobirbsfvnfvgfvwealabsusvqgvktubdfuwkfikzvqvtdmpiuufkbonpplgtoyozwvvbffkjpvggbdexwwtopxqheixqmlfhubdgcsqxdwelwosdfrudzytusfbnwluvarodibyafqnffbgwhbtoazcbdaowqkrifvyweaothwpnupacmuhuhokyknygoizjacucnzcvzkqqpekhdhxezkqqckvocnobyblkvjvukp
158 422
184 421
125 419
94 417
8 415
192 411
375 410
263 408
131 404
177 402
348 400
265 397
363 395
296 391
158 387
360 382
12 381
363 380
403 379
398 403
53 378
358 377
182 373
256 367
213 366
290 364
257 362
145 361
126 357
386 354
43 353
185 351
374 343
426 342
416 426
96 341
303 339
38 338
253 337
86 333
190 331
427 329
376 328
405 376
56 405
155 320
106 319
59 314
398 313
294 311
325 305
88 325
348 304
308 300
94 299
352 295
359 291
132 359
209 287
216 286
369 284
6 369
260 283
406 282
423 278
383 277
297 275
137 270
164 265
227 264
119 263
308 262
88 260
310 258
137 310
144 254
399 253
371 252
43 371
28 250
129 249
390 248
215 390
147 245
307 244
394 237
176 236
188 235
87 233
346 232
83 231
189 230
4 226
151 224
201 222
69 220
372 219
56 218
425 213
135 212
375 211
35 375
267 210
180 206
123 204
229 196
141 229
228 194
424 228
256 424
384 256
401 193
90 192
290 191
4 290
242 188
427 183
13 181
87 180
85 177
414 175
157 174
167 173
143 171
101 168
279 167
205 163
129 159
205 158
50 157
208 156
22 155
53 153
139 152
201 150
110 149
165 148
185 147
399 185
388 145
238 388
267 144
241 141
272 241
374 140
142 139
427 138
104 427
217 137
414 217
199 136
389 132
6 389
399 130
255 121
52 255
384 120
297 115
29 114
128 112
238 128
365 109
44 108
372 104
102 372
368 103
412 368
285 102
63 285
247 101
412 247
292 412
413 100
352 98
370 352
198 370
347 93
396 92
15 396
386 91
80 386
242 89
423 242
169 423
94 169
273 94
214 273
81 214
60 88
2 87
203 85
259 203
45 84
79 80
267 79
66 267
13 78
15 74
161 72
197 161
151 197
133 70
160 133
165 68
383 66
317 65
58 63
67 62
221 67
9 221
326 61
393 326
385 393
398 385
129 58
414 129
271 414
330 271
172 330
344 57
142 56
110 142
251 110
208 53
178 208
13 52
240 51
127 240
17 49
178 48
82 178
30 47
81 46
95 81
292 95
162 292
182 162
106 44
166 106
307 43
127 307
223 127
190 39
122 38
356 36
60 356
184 60
42 184
105 42
316 105
99 316
312 99
303 35
27 33
55 32
350 29
425 28
135 425
312 135
321 312
97 27
315 97
289 25
73 289
296 73
269 296
160 23
182 22
186 182
279 21
75 279
246 75
199 246
215 199
86 215
170 20
302 19
90 302
266 90
176 266
298 18
201 298
346 17
201 346
45 201
288 45
332 288
154 16
383 154
243 383
420 243
365 420
209 15
268 209
26 268
332 26
317 332
347 14
238 13
34 238
406 34
59 406
69 59
123 12
413 123
82 413
107 11
363 107
322 363
321 322
55 321
176 10
164 176
82 164
335 9
416 335
345 416
117 345
198 117
234 198
30 234
384 7
54 384
349 54
324 349
77 324
195 77
122 195
261 122
318 261
257 318
205 257
355 205
64 355
223 64
116 223
306 116
281 306
360 5
202 360
225 202
274 225
398 274
293 398
358 293
272 358
344 272
392 344
24 392
6 24
297 6
40 297
227 40
83 227
37 83
189 37
124 4
365 124
399 365
189 3
86 189
401 86
340 401
251 340
8 251
374 8
96 374
309 96
334 309
41 334
146 41
179 146
294 179
190 294
301 190
399 301
165 399
82 165
418 82
327 418
160 327
166 160
336 166
69 336
118 69
143 118
30 143
113 30
186 113
350 186
119 350
172 119
280 172
394 280
55 394
317 55
303 317
348 303
31 348
269 31
134 269
347 134
50 347
71 50
170 71
187 170
407 187
76 407
276 76
281 276
151 281
239 151
259 239
323 259
111 323
216 111
207 2
126 207
131 126
125 131
315 125
409 315
200 409
308 200
216 308
216 1
226 343 mnebyxqxmjosfglnsolalshfbocclcxatytvnmlnbyduqsnrkjcyenwqhgudclfsgdmnkymgktabiyekkmbxpqletzpzbaznedgcwcukrbmttbpsssaaegeetenjfnyqbcsjrqadvylzhtrofdggbdsehumtnvtclmgqakidihhygemetamsmahqszrdifwlanebpjpvgojaxcvamxxljmusycguqwlkeoqav
236 239 sffnvsptguacowozmwljvlxxrkimcwkfwvdxsca
43 300 jocdkhscvzgmjggdrzjoiywfmnrcokfjmobpcypovwxuvdroyhviknrbaileypvz
401 138 dimgiiwwgmwkorktnxruejzcbuwcmqwoxwgjtrqnmpveakecbujxxhehbssnikzciguomqsfxubreajcpdultqikmjztwhgcmmdruldaedqynysfpsrsdbvsjaeygbxftnnynroggkhzbgfrdxeyrqlexsxhwhcscwxcdyugqfuufdbfqtspnrhrkaguwpendmcwwjbfy
78 23 iygcqokwvdeeklqlwdcumsrokvtcgkluslewsff
347 111 frefbzugtzhfarfqwfswrytciuwmmyentdcbaxwykwlcjvnmdmrubybiakelcjzmkafobmjdrfnbitpoqxcqd
81 314 bgq
104 309 p
94 99 gz
70 102 xp
262 50 e
143 335 z
216 80 k
34 395 g
360 171 w
10 220 s
295 145 o
422 63 i
296 381 q
3 287 q
386 265 w
289 340 g
123 28 f
162 227 b
271 189 n
356 413 l
138 270 j
91 402 t
124 205 v
349 26 n
78 324 a
265 78 y
80 132 j
407 76 x
395 185 n
34 284 z
395 397 f
76 166 c
117 364 y
58 73 x
25 188 s
413 148 a
283 73 k
218 341 r
1 45 a
280 390 d
81 209 k
146 96 p
302 211 i
135 328 v
7 160 n
212 220 f
202 300 m
381 304 a
337 3 x
276 204 s
321 160 s
187 269 w
27 417 h
308 131 t
217 11 q
234 166 d
423 273 i
164 363 w
117 181 q
278 100 h
404 189 o
123 386 a
275 421 j
37 169 f
144 243 r
269 180 e
5 381 o
324 150 n
387 263 f
126 143 q
423 225 m
179 345 d
256 412 u
213 426 j
302 220 n
229 128 q
178 293 q
270 254 v
131 4 v
193 131 f
157 256 w
67 318 v
154 205 e
12 387 x
419 253 d
64 105 u
138 274 c
51 229 r
297 304 m
55 336 n
54 208 h
360 294 y
325 371 e
7 175 j
322 108 r
96 29 w
49 314 b
360 137 y
54 293 c
16 176 b
139 43 k
336 15 f
279 395 x
410 24 d
411 207 g
46 388 v
410 55 j
380 19 v
181 277 e
194 352 c
211 405 y
24 88 z
248 103 q
305 78 a
407 155 g
186 183 d
348 409 e
253 303 n
36 80 j
201 236 h
221 3 a
133 161 u
216 104 b
295 59 z
179 169 c
384 96 g
77 187 f
293 26 e
252 313 k
10 46 x
110 152 z
143 413 m
207 307 w
291 1 o
283 172 m
72 405 m
177 211 z
310 278 r
231 122 z
381 323 b
58 172 i
336 45 g
226 355 k
37 195 k
275 413 d
409 99 l
345 327 k
118 332 e
318 242 w
369 58 z
385 304 m
362 396 e
90 250 y
390 30 h
9 153 h
279 74 u
132 142 p
356 105 d
216 262 p
353 60 z
45 156 c
392 370 t
334 215 o
123 177 v
279 114 e
331 92 c
38 25 v
189 198 p
38 109 s
39 414 n
205 246 e
199 330 n
100 96 p
42 62 g
404 89 n
137 217 w
69 411 f
276 310 i
148 338 c
277 357 j
119 38 d
4 102 d
103 129 n
247 144 z
378 157 z
137 373 d
171 77 d
101 199 c
120 306 g
44 90 m
18 170 r
63 377 w
355 220 g
78 392 o
320 139 e
39 74 u
233 136 q
427 315 f
40 56 r
375 208 t
320 85 q
86 290 w
47 223 o
378 224 y
120 398 k
9 98 a
3 49 p
406 11 a
169 385 b
201 392 r
149 232 t
22 223 m
326 185 x
139 25 t
401 185 w
189 373 e
408 73 f
237 28 b
182 47 g
133 35 r
269 126 x
87 208 p
174 59 p
73 252 q
222 177 h
292 163 n
198 189 c
196 224 s
349 50 c
308 276 v
266 104 h
320 285 n
266 251 a
66 209 e
140 368 y
261 100 y
416 325 y
274 323 q
152 323 b
356 386 k
130 151 j
186 161 d
196 375 q
109 392 p
281 379 h
311 375 z
120 341 c
167 97 x
141 172 m
389 308 l
107 26 c
103 341 o
71 114 f
416 179 z
320 39 h
350 35 e
178 96 s
97 158 q
51 85 q
242 220 x
30 178 r
298 395 d
111 309 e
376 335 f
299 253 h
4 252 f
112 423 t
214 281 t
149 169 c
366 173 d
128 322 x
344 331 h
248 276 q
361 314 g
427 222 i
113 303 x
18 27 t
420 166 f
362 354 z
400 262 q
216 6 g
250 122 g
398 407 s
315 140 r
339 102 z
33 418 k
348 16 l
47 423 r
47 35 r
88 401 c
230 279 l
35 157 p
404 78 u
122 233 i
313 380 d
317 380 q
18 190 z
81 255 b
310 34 w
222 326 v
41 13 v
377 359 o
398 410 q
131 385 p
220 198 b
401 74 c
281 212 s
378 227 w
388 278 f
329 302 p
349 219 w
98 340 z
261 38 u
233 75 f
377 64 f
66 233 q
100 8 n
98 339 x
132 389 p
15 322 a
287 29 f
133 208 i
310 9 y
289 354 q
418 7 s
190 125 i
287 142 u
18 239 j
197 12 t
310 182 z
267 161 t
255 344 d
102 147 g
166 200 n
409 253 v
129 166 h
399 367 d
47 125 s
400 155 z
116 191 h
388 141 r
285 170 s
300 53 l
135 375 s
207 63 f
137 205 q
89 171 a
194 329 a
222 371 y
279 423 q
312 259 h
257 407 e
381 270 q
255 135 u
62 171 g
320 126 w
405 72 z
1 299 h
264 143 j
8 105 j
332 144 r
265 115 g
234 73 e
53 43 s
343 329 i
161 383 y
236 247 x
14 146 r
2 186 q
240 91 j
144 186 k
132 261 y
226 406 s
290 321 u
178 206 j
255 217 x
284 73 d
116 223 u
94 227 p
169 309 f
276 129 t
251 228 g
281 132 j
16 324 t
68 252 k
275 140 b
38 359 m
172 404 i
392 253 d
284 51 x
267 278 i
99 237 i
105 231 l
350 377 r
182 58 i
51 115 g
194 297 g
416 159 i
341 332 d
167 244 i
254 420 e
161 417 v
141 326 u
39 6 e
2 187 x
43 312 l
282 185 i
422 245 g
47 362 l
121 392 r
120 30 z
171 81 g
189 146 x
49 122 h
302 223 g
99 194 i
352 144 g
282 259 p
6 61 a
147 233 e
391 68 o
104 259 h
130 53 g
139 370 q
277 52 t
169 103 x
385 50 s
221 127 a
340 286 f
257 198 k
30 211 t
31 246 o
84 81 k
95 176 p
352 218 w
367 165 o
122 296 b
94 407 r
36 327 x
249 227 o
266 138 u
250 268 g
165 423 k
273 127 q
328 193 s
228 370 e
80 34 w
323 14 j
360 172 v
81 173 z
400 1 y
325 224 i
106 96 w
90 216 k
199 105 s
30 22 m
211 240 w
266 41 w
228 84 p
316 180 q
154 130 a
85 82 z
229 206 w
293 116 s
330 321 y
75 91 v
108 247 b
219 219 a
160 51 b
42 401 x
404 184 o
260 279 z
259 258 v
221 346 e
150 234 j
56 66 l
341 323 i
160 29 u
229 282 q
385 309 g
287 409 x
375 211 j
412 361 c
57 324 e
115 53 i
328 390 b
296 47 k
145 102 u
340 338 j
265 419 c
202 336 x
316 375 a
67 52 t
377 61 b
104 88 i
377 217 t
154 291 x
315 127 h
332 52 v
238 45 p
64 72 q
203 407 d
150 317 y
380 21 l
216 335 g
14 27 d
41 373 q
139 309 r
21 419 l
405 393 c
83 394 d
96 145 d
375 381 v
213 54 n
286 340 c
297 392 n
269 43 i
276 426 d
51 136 g
72 221 q
74 180 f
205 304 n
168 186 t
86 275 d
148 245 a
288 248 e
116 212 p
263 170 c
372 392 s
406 365 p
159 279 o
31 332 n
6 87 z
139 14 l
288 381 s
35 199 t
365 225 n
220 27 x
168 378 a
94 172 o
34 4 l
118 96 f
229 304 q
259 89 n
201 113 u
184 117 h
6 147 f
313 287 z
140 228 f
191 223 t
194 423 d
45 15 e
43 170 r
30 267 j
371 186 k
48 143 z
144 221 y
118 420 y
267 372 j
394 237 d
25 391 e
206 31 p
228 5 y
363 303 h
290 283 l
134 34 j
422 30 y
198 300 t
213 188 p
17 412 u
196 254 x
375 293 m
244 368 o
122 409 v
423 340 t
107 319 i
10 239 l
375 117 c
210 202 m
151 424 s
245 194 k
34 278 u
414 161 e
35 253 j
253 59 p
95 49 y
323 58 d
107 122 b
33 74 h
103 64 g
223 130 u
147 188 p
49 407 e
8 261 r
151 108 j
166 391 w
337 409 w
74 44 y
37 91 t
326 346 m
416 291 x
42 144 l
14 264 o
115 181 n
169 4 z
223 154 a
175 356 n
2 201 x
237 69 m
116 182 b
384 356 c
258 128 x
224 156 h
421 192 f
281 313 i
292 312 l
292 167 f
40 198 j
114 22 p
306 323 p
334 88 b
403 388 f
246 96 h
8 56 y
316 354 i
329 108 c
361 291 n
230 99 h
248 348 y
86 145 h
169 345 s
392 199 q
248 212 c
179 111 y
368 29 d
426 360 l
114 387 i
295 281 v
57 161 r
336 198 d
374 377 a
41 240 c
95 348 n
348 388 u
296 216 q
133 181 j
173 264 y
191 191 f
157 15 o
313 50 d
235 385 l
190 261 e
404 135 w
327 226 e
424 319 a
118 19 p
391 426 y
393 316 e
147 294 v
193 295 d
348 372 z
146 183 c
205 123 d
127 355 t
388 78 a
291 154 i
216 14 g
302 385 o
248 166 x
405 39 q
98 281 n
17 24 q
31 125 o
148 311 m
31 399 j
360 27 s
219 412 a
88 230 o
138 253 w
312 368 c
183 381 j
287 90 t
228 140 d
207 60 b
127 7 l
387 10 o
82 112 z
397 75 r
350 375 i
425 366 c
65 128 u
196 286 w
425 314 f
324 275 t
156 370 c
339 17 x
128 326 f
274 296 d
407 221 m
397 172 n
319 233 p
316 81 z
174 157 n
106 395 n
228 127 r
279 277 q
391 160 u
246 344 z
114 69 s
167 187 m
391 90 b
16 190 r
383 157 s
323 208 f
93 98 k
316 257 b
400 30 q
417 43 k
311 218 t
147 238 e
334 376 j
238 108 q
93 279 d
314 245 z
188 178 q
190 113 u
264 303 f
136 184 m
306 153 e
5 129 k
337 50 q
161 171 l
105 408 n
57 135 p
172 305 j
120 333 j
309 310 m
416 140 e
391 6 k
133 48 w
57 73 k
45 334 i
257 12 v
349 223 l
241 95 o
205 401 i
280 240 b
282 258 h
17 184 c
157 186 i
68 10 t
227 254 u
162 342 f
244 411 y
421 358 v
307 224 z
225 313 w
389 119 w
211 54 q
270 31 l
203 347 q
70 390 l
325 287 u
101 416 v
62 341 b
36 148 t
360 407 h
152 221 f
274 133 y
426 314 h
378 344 y
399 407 k
205 257 v
326 231 k
77 240 f
351 50 c
165 225 j
390 134 m
76 317 c
410 41 w
315 391 a
149 404 b
248 302 c
79 159 c
179 173 m
166 385 l
3 405 b
147 261 f
47 346 u
3 384 a
95 196 g
40 373 n
170 239 q
42 121 u
257 148 y
136 354 k
402 49 d
258 117 k
366 393 u
386 66 k
411 203 r
416 224 t
