958 1000
oshbqjnfugjznwjoumwtyozmpyhmisrntggdlyyxdefxsysbrphdazsmyaperadmojsrdyygggxdzhmqsiwohdthmgdygtrmjxtcgogsrffwbisewsfazavmzfpocgzjlwwbrvpodgfiihduhfqftfakijoyythntkfawkdvwnjtoughmamphezauyyqqoirrlsfaoqbzykxrpeugizywbzsoydvwfjuqwjarukgfukqagiihkrufjgvbwcxoqrnvlcsvmfmxwhojvokkngvsylduvizxzjxfvyxqvaxqctlsgwhkdirnmxtrtvuvfdafzeetzxuqwnxbdoiphxtxczfrhfxxoorfnynmfbgtpacodkbzxljfjyezptkcqcqztnauwwlrdejvkhfpnmaghibdwtuguojcozefscxoocihbuyenehwbpqybribkdymkzquohkvhmosvcwzzfpqgbahildjviumpwmstkeaiijrnihpnxreifmamzixdeerwqlqqolajzjyaacfxgbngreeimxhxtbhecximjdnstotmirpyozduyynhmmogdbaupmelytttgbwmyrropudaktbnqlrfckklfcwohbfneemrnhzfnvdbfqpaapupwpqkngkbqbpiftflitytkgipuerunzrnssquigjwkhvidpsxlketwtzzqtjlxndohkfegwadinzulajlbhskoqkxjejidrrvjjhlxdhkpfryeornokydrjvfiddqcwpxcwgrpsdejuizbyidngyrsjuiammjlqiasvwwemfbomudzucacnexnczmiklidtggsrhybuyshcbiuimbltbtrxusgdyazcjcoeiytaxsawpdeqjaaripjdroywvskddpgaxzyuaqzxoaziufujfokfbmhfoijbyipldhmxxkjsemhpxqdkwxaqkoomlesmfc
803 958
138 957
755 955
891 951
29 950
261 947
699 946
635 944
261 943
461 940
120 937
265 936
503 929
682 927
195 926
626 925
542 916
681 911
469 910
500 909
255 907
942 905
932 902
952 900
537 952
86 898
352 897
95 896
852 893
206 890
439 887
13 881
209 880
47 876
810 873
134 870
38 869
104 866
606 865
606 861
183 860
165 859
919 858
445 857
871 856
353 871
456 853
785 852
903 851
243 850
829 847
848 846
237 848
10 843
547 841
935 839
457 838
480 836
807 834
544 833
344 828
166 827
519 825
216 823
953 820
294 953
265 818
471 815
654 811
482 810
826 809
407 803
290 801
355 799
323 797
506 796
410 794
665 791
348 789
17 788
830 783
808 780
435 778
168 777
931 776
772 931
469 774
278 769
163 766
739 765
10 764
721 761
779 760
31 779
365 755
500 754
817 752
661 817
284 750
530 747
10 745
314 742
781 741
543 731
687 727
589 725
572 724
660 723
795 721
912 795
610 719
15 718
583 717
620 711
938 709
670 707
503 706
328 700
235 697
340 696
775 695
491 693
471 691
744 689
25 688
363 687
517 686
915 681
514 679
874 677
824 676
620 824
356 675
209 674
582 664
186 661
508 660
883 657
302 883
580 654
313 651
504 647
712 644
47 643
468 641
467 638
580 637
413 630
855 629
692 855
584 621
129 620
591 610
180 609
868 608
6 606
434 604
735 603
21 735
208 597
879 596
222 594
517 593
283 592
945 590
185 945
102 589
208 588
356 587
864 586
109 864
173 584
844 578
348 844
720 577
446 576
536 574
485 572
632 567
767 566
198 563
467 562
775 561
1 775
300 560
133 559
10 557
242 551
479 547
349 546
191 545
461 544
388 543
97 540
632 537
771 536
580 771
653 531
364 530
61 528
770 518
539 770
107 517
362 516
442 515
270 510
140 509
232 506
168 505
837 503
30 837
512 500
453 498
346 496
575 495
475 492
79 491
368 488
891 486
19 485
862 483
293 477
329 476
482 473
411 472
323 471
569 467
935 569
930 466
265 930
189 463
341 461
292 460
66 459
55 458
295 456
526 454
734 452
158 734
763 450
658 763
309 444
501 439
730 501
62 730
655 437
720 433
790 720
304 432
404 419
748 415
156 748
607 414
682 607
934 413
481 934
822 481
72 412
650 411
260 410
223 404
521 402
507 401
126 397
430 392
663 430
891 663
830 390
538 830
98 538
908 387
570 386
462 385
171 462
813 384
627 383
872 627
13 381
941 380
109 941
690 378
377 690
260 377
626 376
669 626
184 375
633 373
564 366
370 564
729 370
808 361
840 360
200 358
180 353
658 352
615 351
631 349
756 631
172 756
147 348
170 345
703 340
405 703
918 339
549 918
787 549
800 787
49 338
57 333
805 327
480 324
236 480
923 323
534 321
899 534
436 899
140 436
262 319
542 316
669 542
237 314
892 312
554 892
391 554
320 391
829 320
541 311
117 309
894 308
685 894
465 685
429 465
913 306
86 305
751 303
388 302
275 298
57 296
722 293
332 290
539 332
835 289
368 835
212 287
666 283
183 666
374 282
469 374
176 469
919 280
650 276
34 274
2 273
334 271
427 334
555 270
655 555
67 268
954 266
782 954
790 782
68 790
548 264
692 548
786 262
222 261
223 260
524 259
228 524
90 258
281 257
121 255
45 254
196 253
891 249
300 891
699 300
845 248
772 845
938 247
453 246
355 245
354 355
70 243
737 242
172 737
583 239
50 583
136 238
158 236
653 235
733 234
315 733
427 315
470 427
816 231
100 816
328 230
716 328
601 716
912 228
363 912
224 363
86 227
403 226
653 403
484 223
167 484
499 222
615 221
114 219
805 217
599 216
186 215
672 214
35 212
888 210
424 888
533 424
2 209
343 208
455 205
181 204
299 203
804 202
194 201
110 198
713 197
394 195
150 194
813 193
102 192
751 191
781 188
67 781
511 187
325 186
350 185
453 183
623 453
10 623
121 180
45 179
434 178
575 434
684 176
182 175
714 182
168 171
829 170
903 829
772 903
490 772
225 169
785 225
904 785
489 904
581 489
288 168
357 167
710 357
26 164
570 162
7 570
87 160
441 158
372 156
438 372
133 438
879 155
704 154
812 704
522 812
942 522
532 942
913 153
668 151
692 668
938 150
451 938
161 149
732 161
533 732
633 533
908 633
736 145
628 144
67 628
646 142
143 646
52 143
19 141
46 140
698 139
807 698
767 807
428 767
233 428
146 233
61 146
350 138
200 350
600 136
831 600
295 831
874 295
949 874
507 949
714 507
751 135
325 751
330 133
441 330
882 441
639 132
173 639
365 173
680 365
389 131
541 130
405 541
237 129
284 237
368 128
714 127
69 714
901 126
908 124
416 123
614 416
619 122
580 619
757 121
678 757
157 118
417 157
649 417
240 114
369 240
878 113
425 878
601 112
56 601
220 111
88 220
394 110
24 394
699 109
61 105
318 104
672 103
447 672
399 101
184 399
291 184
508 291
396 508
211 396
322 211
232 100
313 232
806 98
665 806
318 97
81 318
382 95
702 382
301 94
652 93
307 652
117 307
671 92
615 91
692 615
773 692
759 90
568 759
15 568
435 89
595 88
800 595
468 800
336 468
265 87
13 86
421 85
322 421
708 322
159 708
773 84
440 773
418 440
618 418
347 83
726 347
682 726
579 682
310 81
241 80
213 79
915 78
514 915
573 77
200 75
388 200
443 388
297 72
580 71
921 580
520 921
662 520
474 662
758 474
359 70
504 359
451 504
379 69
884 68
134 66
405 134
107 405
344 107
650 64
207 650
241 63
956 241
457 61
922 457
744 922
389 744
422 389
768 422
337 768
172 337
786 172
470 786
901 470
502 901
284 502
279 60
738 58
20 738
746 57
655 746
655 56
292 54
655 292
882 655
493 52
368 493
272 368
762 272
683 762
199 683
879 50
369 879
656 369
575 656
653 49
367 653
281 367
76 281
658 48
181 658
832 181
605 47
53 46
286 45
640 43
99 640
642 99
23 642
379 42
343 379
558 343
482 558
455 41
868 455
849 868
722 849
932 722
120 932
152 120
729 152
189 729
599 189
313 599
550 40
137 39
667 137
475 667
885 38
808 885
284 808
420 37
44 420
364 44
539 364
618 539
749 618
523 749
673 523
490 673
575 490
30 575
206 36
55 35
571 55
670 33
336 670
326 336
165 326
331 32
680 331
511 31
2 30
702 29
669 28
224 26
854 224
10 854
252 24
65 252
634 65
62 634
393 62
917 393
446 917
598 446
494 598
914 494
625 914
935 625
25 935
513 25
426 513
813 426
317 813
602 22
928 602
425 928
863 425
632 863
939 632
67 939
705 67
872 705
423 872
571 423
406 571
612 406
277 612
196 277
798 196
553 798
527 553
614 527
356 614
278 356
335 278
792 335
956 792
710 956
669 710
34 669
715 34
665 715
435 665
165 435
11 165
821 20
275 821
753 275
867 19
802 18
499 802
913 499
591 913
174 591
525 174
933 525
694 933
299 694
106 299
23 106
251 23
265 17
304 265
889 304
814 889
514 814
482 514
206 482
532 206
713 532
76 713
263 76
451 263
635 451
125 635
702 125
908 702
27 16
409 27
512 409
740 512
362 740
73 362
108 73
605 108
269 605
784 269
552 784
659 552
102 659
400 102
325 400
464 325
475 464
739 475
218 739
842 218
886 842
148 15
636 148
159 636
805 159
177 805
519 177
840 519
573 840
736 14
256 736
701 256
354 701
244 13
743 244
119 743
648 12
294 648
82 294
341 82
585 341
285 585
74 285
288 74
429 288
395 11
313 395
622 313
166 9
671 166
826 671
895 826
511 895
906 511
680 906
862 680
53 862
793 8
877 793
617 877
398 617
678 398
10 678
297 10
753 7
920 753
699 920
535 699
624 535
886 624
431 886
163 431
613 163
119 613
579 119
875 579
59 6
190 59
526 190
445 526
884 445
867 884
819 5
297 4
371 297
407 371
442 407
448 442
919 448
684 919
117 684
53 117
147 53
251 147
317 251
346 317
529 346
354 529
611 354
573 611
875 573
497 875
622 497
616 622
443 616
51 443
21 51
213 21
867 213
449 867
832 449
286 832
521 286
758 3
822 758
115 822
329 115
447 329
487 447
819 487
116 2
923 116
478 923
96 478
948 96
882 948
521 882
924 521
479 924
250 479
342 250
550 342
804 550
267 804
908 267
581 908
199 581
712 199
408 712
207 408
582 207
649 582
645 649
344 645
556 344
565 556
429 565
279 429
310 279
284 310
301 284
728 301
819 728
229 819
229 1
54 24 eccnhdhmgjbppfulqssykkvxbpufpdidcashjepyjszhnmmdyzsqxdmgqpqqlilipksccknrxmlwjvugnwmypyilgijgowimakyuyuwbpdtjqrcszciil
488 845 xqquc
307 96 zfagczgtaiwhhybusamqppsagi
876 853 zvcxahmsjbncpcbiaiiuibdpzhdiqztsjufoqsmhejnbwfjoegwnuvxel
923 159 btmaoi
266 853 xrqhchtfz
316 734 t
639 712 y
504 340 f
23 373 o
277 634 f
730 865 e
137 325 p
649 810 p
8 924 o
917 951 j
472 195 d
912 253 r
364 690 l
719 255 c
393 862 t
722 946 t
661 237 w
606 225 s
884 169 s
300 243 m
747 77 p
322 898 d
346 257 v
784 59 d
842 602 f
428 636 j
891 903 a
244 445 k
694 924 r
838 448 d
14 726 j
769 607 d
310 608 o
807 227 j
622 340 e
840 129 o
86 557 z
120 788 f
492 938 j
603 829 a
783 709 y
474 737 k
897 769 l
231 315 x
488 641 p
291 130 c
13 596 n
957 210 k
609 494 u
58 15 q
589 275 y
752 638 t
69 814 c
405 189 a
395 334 z
370 900 w
153 760 s
893 851 u
145 796 s
144 541 k
501 338 r
250 133 c
522 515 r
353 532 f
787 61 s
818 866 g
181 72 r
908 341 x
126 223 m
715 585 u
319 96 a
760 910 v
454 737 i
751 268 a
877 636 v
818 911 u
406 132 z
171 427 p
740 366 p
502 542 h
949 125 j
207 768 d
82 684 a
57 655 t
57 24 r
356 743 x
503 510 e
799 755 q
511 906 t
328 927 d
378 28 o
56 632 o
378 950 s
869 829 w
824 912 r
773 451 f
677 736 g
571 881 n
665 924 s
16 836 h
470 82 e
79 596 n
894 882 f
331 100 r
409 115 p
891 480 i
685 363 a
511 259 g
286 273 f
530 13 g
164 270 v
204 3 x
77 487 u
494 551 m
165 513 v
455 719 z
106 521 m
958 439 l
748 637 q
730 297 x
429 33 m
323 737 n
152 155 f
441 71 v
365 408 a
519 556 b
453 510 m
735 279 h
814 759 q
438 593 n
269 775 x
43 732 r
840 819 x
552 510 w
21 92 g
744 492 p
830 368 k
155 395 h
863 52 o
949 115 f
867 701 v
211 950 m
102 139 r
302 773 b
820 322 i
865 510 f
163 324 p
188 503 q
401 496 q
152 870 e
399 641 y
282 337 e
701 294 d
107 543 x
483 132 j
666 480 y
113 77 h
691 113 y
544 412 o
543 706 m
688 193 j
21 750 l
39 72 g
22 852 z
16 662 m
572 822 a
15 944 g
319 665 b
700 913 f
889 832 o
770 799 g
526 385 g
397 468 q
411 680 o
667 312 m
800 500 w
395 246 n
469 685 y
691 845 v
723 421 y
276 398 y
105 644 y
24 320 w
674 474 d
656 878 n
409 579 s
910 17 q
37 391 m
841 782 l
124 537 p
705 708 g
126 626 r
281 420 y
874 870 o
877 864 o
635 812 i
520 820 f
301 818 o
886 711 n
21 406 t
44 226 u
873 602 v
710 528 h
315 686 x
112 726 r
334 364 o
645 479 d
278 318 c
64 685 c
729 515 w
431 471 p
16 225 z
254 557 h
543 168 p
779 755 c
523 560 o
932 906 e
156 662 u
635 228 k
532 832 o
557 163 d
301 657 q
882 796 r
143 668 m
832 940 f
826 873 z
166 194 e
169 622 v
479 48 j
808 286 i
819 204 w
287 29 a
74 910 l
760 691 d
871 769 i
813 249 a
66 222 l
734 536 y
698 717 u
602 278 a
55 653 f
74 324 p
167 268 r
603 60 q
789 681 n
256 61 n
515 590 e
279 39 y
507 886 a
898 522 z
549 699 e
576 717 n
465 789 f
931 224 a
266 421 d
750 180 v
384 71 m
362 569 j
62 449 b
622 52 k
99 107 d
227 424 g
760 905 z
549 582 r
499 219 r
11 334 k
574 845 l
861 700 q
187 67 t
775 20 y
467 514 w
752 53 b
625 79 h
647 662 k
947 664 z
618 206 c
323 10 p
107 774 n
497 891 h
731 826 k
785 257 w
574 94 l
409 747 d
370 645 l
647 205 z
178 285 l
767 12 m
669 462 v
54 5 c
734 189 g
915 460 r
795 749 s
200 685 y
907 694 v
554 478 t
776 684 o
805 796 d
7 773 d
282 127 a
158 234 g
820 562 n
705 257 j
442 402 p
341 631 i
75 251 f
350 654 f
613 751 h
793 696 g
609 184 s
235 50 c
161 688 u
739 912 u
191 885 k
524 532 r
842 548 y
690 345 z
755 10 a
508 787 u
898 309 i
61 432 g
369 791 u
218 480 v
835 914 a
947 33 k
770 512 c
270 326 d
41 638 j
486 564 y
223 589 f
716 700 j
324 743 s
644 282 e
910 420 k
682 711 w
173 832 y
847 187 b
388 487 b
219 492 j
165 837 r
195 906 i
562 429 i
461 306 w
65 279 j
850 670 o
81 602 s
355 532 p
503 23 j
397 647 k
79 637 v
589 286 a
500 874 l
147 380 l
641 208 n
313 83 t
761 922 x
393 817 d
395 683 f
281 78 q
71 476 q
196 559 p
238 547 r
827 385 n
359 958 u
614 292 f
31 652 d
224 24 i
494 147 r
388 500 q
878 568 o
766 426 c
125 718 e
525 929 k
141 332 t
491 431 k
357 331 n
649 791 z
892 762 u
749 615 a
291 380 c
154 193 u
56 489 m
584 265 o
745 325 r
558 787 m
812 818 o
408 245 z
158 290 e
603 626 y
29 888 l
394 857 v
440 388 f
407 680 u
954 155 p
282 45 q
596 326 t
85 89 q
605 350 y
224 530 i
821 509 l
492 829 t
40 16 q
493 511 a
326 312 b
769 573 a
650 21 m
415 547 z
534 430 f
370 527 t
23 329 c
481 570 r
317 949 f
615 190 g
859 881 d
225 283 k
494 939 x
575 610 e
347 150 g
34 716 q
585 912 g
494 79 u
134 434 n
701 548 a
753 18 i
767 794 g
158 11 b
417 27 j
554 61 m
741 630 r
827 594 g
11 733 x
612 75 r
666 111 n
848 871 k
116 678 w
425 451 u
615 112 j
240 501 b
801 904 s
745 340 f
506 191 w
858 107 k
356 105 t
172 578 d
454 181 u
162 198 s
685 121 w
890 111 t
493 804 s
456 665 y
224 132 x
195 180 x
873 438 a
119 854 q
691 700 f
757 673 v
30 202 c
790 953 i
794 483 f
912 433 t
807 210 u
290 702 d
249 237 b
391 100 o
408 2 m
82 201 t
616 725 m
174 194 o
519 708 h
735 199 q
836 902 s
447 910 s
494 77 q
367 426 u
566 463 l
820 173 s
703 174 u
246 586 j
676 33 h
803 646 n
325 397 a
811 133 i
18 35 x
700 562 s
570 7 d
318 801 f
43 634 j
692 89 r
144 632 u
327 352 q
885 130 a
401 599 o
401 721 v
35 791 i
943 190 q
457 377 d
611 796 t
131 602 i
841 696 q
363 31 b
115 595 c
932 836 z
413 326 b
435 958 e
127 736 s
661 896 d
196 487 g
290 772 x
367 86 a
546 937 m
806 860 g
205 41 g
796 885 u
566 760 n
372 62 o
35 400 m
554 93 d
148 907 f
182 620 e
920 354 o
64 343 f
292 433 s
712 188 h
484 200 c
715 98 n
835 483 z
801 854 q
434 853 v
336 295 a
439 32 i
798 206 e
447 337 h
775 487 v
705 11 f
232 275 j
187 425 v
186 909 g
91 319 z
498 709 a
731 751 m
224 70 d
49 135 h
86 482 f
493 680 w
241 953 q
910 593 z
849 423 z
693 482 c
181 380 z
956 848 n
174 9 f
382 388 v
796 27 x
566 9 z
31 911 h
803 663 k
156 596 m
685 316 d
145 430 x
803 1 j
833 379 t
812 535 v
628 931 k
502 84 h
475 740 p
496 655 g
221 602 f
856 326 v
366 549 e
417 404 w
956 104 c
683 911 i
725 354 o
228 827 v
933 598 u
171 812 f
448 566 c
893 136 c
365 40 f
780 846 p
105 831 z
1 35 y
628 142 w
274 186 s
11 618 z
781 873 n
215 545 l
422 408 m
579 247 t
485 434 l
716 666 u
472 499 k
498 363 i
139 826 o
565 63 p
697 520 e
90 534 n
192 90 r
699 784 q
868 718 o
567 49 p
752 627 g
787 944 c
755 870 y
112 873 r
863 576 m
259 767 n
277 429 s
260 39 n
889 241 z
32 394 x
427 677 j
443 598 d
496 359 k
78 573 j
576 935 c
685 240 b
777 877 u
809 491 u
471 412 j
658 522 d
595 85 h
928 641 w
135 246 r
510 371 a
100 840 t
840 662 m
195 507 a
405 147 g
742 806 l
465 361 z
124 845 w
569 829 h
595 853 y
955 392 m
400 919 m
136 284 o
540 594 o
263 342 n
407 29 g
649 758 o
107 355 r
62 215 i
477 445 v
367 686 u
603 124 m
231 292 e
322 656 c
170 258 m
628 239 j
188 18 o
450 302 s
516 527 v
695 855 m
592 284 l
745 185 n
373 580 m
344 917 h
853 577 z
163 890 w
827 550 p
947 141 r
134 632 y
928 785 t
812 58 k
767 453 u
710 148 e
440 626 y
819 17 s
773 424 z
186 3 j
619 827 c
73 644 u
904 727 q
628 700 r
664 147 u
74 901 w
333 605 k
443 650 t
531 353 p
454 175 g
430 287 j
501 752 t
660 467 f
428 517 k
286 43 k
86 877 m
673 633 l
100 843 s
250 841 o
538 861 s
705 505 o
949 941 o
906 24 o
462 477 b
276 485 v
559 752 f
145 882 b
162 886 n
9 466 p
331 784 t
210 371 b
314 574 r
131 738 r
220 781 c
233 704 l
532 936 h
655 221 g
791 42 t
702 34 r
469 90 l
405 50 i
543 750 b
204 211 i
343 301 a
926 916 b
733 885 h
96 264 m
69 51 i
569 649 b
540 612 e
653 570 q
245 36 j
549 73 p
814 334 n
267 263 r
632 416 w
129 178 u
207 761 i
706 428 q
215 90 j
510 435 f
642 585 b
254 913 i
802 543 q
857 115 o
502 925 y
422 430 y
167 429 h
49 407 h
584 523 r
395 285 b
802 758 w
697 827 a
233 280 u
739 880 r
445 909 x
621 587 b
408 371 t
519 932 g
607 486 k
230 196 o
756 84 j
351 191 j
818 207 e
631 663 d
60 489 m
262 820 s
689 82 b
864 13 h
800 116 b
173 119 m
738 237 q
817 904 k
695 152 m
600 899 j
332 443 s
155 708 k
40 327 c
172 910 b
861 931 e
625 463 h
75 933 c
265 679 w
44 639 h
86 197 r
259 241 g
675 298 r
336 146 e
527 130 u
824 523 u
354 873 a
225 465 a
422 493 z
350 784 t
231 121 o
727 234 b
674 180 z
61 600 u
187 568 r
157 452 u
911 572 e
41 808 h
482 128 u
479 472 w
366 413 x
508 63 i
125 430 h
465 372 x
29 571 z
811 881 q
527 387 n
677 99 o
510 403 b
892 460 x
213 524 l
774 166 w
736 510 r
289 138 z
456 504 v
136 218 x
570 239 b
562 789 o
256 30 y
526 958 d
133 736 y
141 596 g
489 637 j
537 226 j
263 556 f
265 753 e
325 604 q
938 397 y
615 845 d
195 844 s
267 793 x
52 661 o
476 436 i
512 239 r
728 358 u
643 72 u
312 667 t
420 889 g
557 520 n
741 718 e
444 652 m
897 290 k
49 611 a
694 185 u
836 769 h
800 634 o
921 540 p
863 259 l
69 548 g
917 581 d
742 414 w
347 698 q
396 733 x
235 635 f
240 138 p
735 694 a
114 2 s
703 569 x
449 431 w
399 838 e
196 480 x
209 378 l
129 769 o
825 61 s
399 825 f
925 156 k
4 522 b
527 242 l
415 692 e
800 623 x
381 386 d
185 367 j
652 489 n
303 201 g
643 602 v
616 952 v
434 458 q
819 321 s
543 741 d
344 191 o
767 833 q
832 518 v
643 851 c
706 775 f
679 9 y
933 901 q
81 3 y
203 730 e
624 403 d
484 838 m
375 107 r
628 177 r
414 934 v
177 34 j
538 810 r
823 208 k
597 330 u
940 608 m
179 575 u
181 347 v
738 484 g
366 899 c
265 470 b
706 741 s
328 90 o
728 400 d
26 161 t
583 500 t
407 891 u
249 148 x
260 588 n
547 391 l
250 421 p
280 875 a
887 856 j
820 778 o
359 509 z
32 244 k
206 958 l
475 673 m
58 324 z
405 358 g
813 367 n
410 75 e
846 63 x
581 637 h
491 646 n
15 190 n
252 748 c
236 657 n
572 636 f
939 415 a
312 617 m
766 678 x
422 435 d
748 927 e
141 658 g
823 746 c
59 829 n
170 240 w
753 646 e
472 19 r
660 2 l
122 211 t
647 485 x
9 756 i
778 107 x
54 412 h
447 739 x
686 557 n
245 501 r
344 902 b
278 495 h
800 599 f
951 619 p
760 711 s
677 613 f
605 85 p
863 866 o
455 105 f
954 632 u
302 228 l
533 400 b
535 354 t
528 275 j
932 883 s
320 263 x
329 440 p
601 739 d
336 233 l
953 212 z
387 710 u
856 759 a
433 638 h
234 776 y
509 463 w
628 6 s
586 703 e
935 28 a
106 571 p
507 516 s
71 9 l
739 796 u
864 142 a
636 314 u
699 43 o
502 124 k
188 165 e
516 636 x
506 200 i
356 184 j
920 171 q
464 775 j
512 194 u
644 25 f
469 127 m
1 613 g
350 138 j
956 690 z
233 341 l
