874 866
aoxclsesefhcdjcdqjzwprykevvicvjbdznciltfrsjchbnopcxhxkjgbokkumunyrtfdqzgkpgnphrgafrjrhqpqowmkmthbzscncpxlnfbcfxxjvysaoaqxgdyvomhsutycnkbxhkhockpovecgiugcyjgdziouzznoojgfaqecxadtwmpgkmzzkbeyzieanmbuhqnpwozbpjbmawlynydrptvzzfucvvmgxszwyzfbqxsxhxlsqiubilnpscgwczwwfochgikjuxfdijidcqqstlfnrwubwwwdtdnncpbsxarsxlhvyioondaqyzsnvevgjjxsudziwnpcyogckctoqlxsdfltzcgudytmhutkszruwclqjzkyknenhmrjeskqtocqjboldepoyjczppzdisymapnlhxmexcmygzbprhsbtbtgxchsydudgbgkyxxtjbddhlyhrtwslwmiwlbfpdawagsomiddfkrhiesexbnnsewttkjjvvcqfsyharetezkichehcuvuhpylqgvofkzinkdjpexeeqsvpvjklxmbajnotloqnjbimmfccwlrhpxmkenrtnjxrgympmjzekrfifykgumezyqhqbltpzdrjkvbzcnixskcmpfmztqfgohxnoaenqocumkuxtxrtmeexnsepcnqsoqyfuobchiqaoerdwwzqnfrabkrcibegqwwxwttufuuegfsfthgphlizakgtqrjmydehkozmuxnpaacvqmgcpzgnhdizmxmhwckyhyyrfgutsqkzwjritdkuzuwwvbvcsxaoetytduqmigskfqkxtkibssaprkywebafiontwmdfrswkvrjctebwfnigyscibdzi
348 874
72 873
842 872
454 871
679 866
527 865
265 863
417 860
535 859
749 854
29 850
508 848
496 847
846 842
594 839
443 836
322 835
178 831
488 829
56 822
686 818
152 814
543 813
424 811
553 810
428 806
571 805
772 803
52 802
104 801
869 798
15 797
451 788
523 787
870 786
849 870
258 785
770 783
429 777
99 775
46 774
312 771
478 768
503 765
100 764
303 760
812 756
682 753
469 747
487 746
84 744
602 736
557 735
410 729
526 728
152 727
416 726
868 725
154 720
305 716
857 715
83 857
399 713
285 712
691 711
371 710
538 708
81 706
436 704
390 703
135 700
617 698
646 694
304 693
486 691
671 690
3 689
452 688
622 687
400 683
682 681
134 677
350 674
709 672
452 669
454 668
532 665
642 661
365 660
499 658
595 654
168 653
263 652
85 641
162 639
504 638
426 635
16 634
103 630
762 629
113 628
153 626
20 625
195 623
714 622
94 621
535 617
20 616
418 614
23 610
868 605
160 868
527 604
6 603
295 601
816 596
442 816
722 594
96 722
381 593
292 591
100 586
477 585
602 581
380 602
166 576
800 574
188 572
503 569
354 567
852 566
675 852
357 675
74 562
161 558
386 553
837 547
237 837
133 546
524 530
237 529
650 524
739 523
500 520
76 518
449 517
160 508
200 506
485 505
856 504
855 856
205 855
718 500
168 498
105 497
533 494
299 493
270 489
534 488
88 484
127 483
525 482
187 525
577 481
361 577
364 480
486 478
600 476
827 474
146 471
731 470
337 469
265 468
104 465
9 464
216 461
536 460
519 536
646 519
178 459
620 457
396 620
421 456
644 454
588 453
217 451
83 450
643 449
561 447
102 561
285 444
664 442
430 441
116 439
479 438
609 479
759 437
573 436
229 433
267 431
779 425
213 779
367 420
246 418
534 417
776 534
584 776
477 584
367 416
153 414
54 413
761 411
773 409
845 408
169 407
649 406
19 649
145 405
647 404
750 403
98 402
679 401
812 679
241 812
370 399
778 397
841 778
750 841
90 750
817 396
17 395
851 393
77 851
423 392
72 423
827 391
318 389
647 388
224 647
92 384
191 378
578 377
633 578
446 376
257 375
754 373
190 754
809 372
446 809
308 446
571 371
381 370
791 381
191 791
793 367
117 793
538 366
515 364
54 515
210 361
503 359
719 503
858 357
655 858
10 655
789 354
633 789
673 353
19 352
288 351
650 350
830 347
226 830
514 344
452 514
495 452
662 342
72 662
535 341
149 535
823 337
24 823
229 334
796 333
607 796
345 607
643 332
184 331
767 330
421 325
455 421
419 455
277 324
659 323
501 659
527 321
322 527
559 319
539 559
96 539
762 317
521 315
513 521
358 314
568 313
383 568
637 311
349 637
327 349
27 327
867 309
491 303
682 302
784 682
169 301
769 300
624 769
360 624
864 360
739 864
310 298
490 297
6 490
611 295
310 611
780 310
34 294
650 292
869 650
112 869
701 289
43 286
273 285
502 283
589 279
466 278
206 277
226 275
749 274
98 273
308 271
440 308
132 270
741 268
35 741
140 266
222 265
526 264
685 526
740 262
606 261
117 606
272 259
166 257
355 256
511 355
767 254
599 253
88 599
487 251
543 487
795 543
48 795
207 248
844 247
50 246
54 244
589 242
448 241
724 448
202 724
386 239
619 386
472 237
600 472
608 236
618 608
20 235
24 233
595 231
4 595
101 230
678 229
592 678
644 592
485 644
345 227
316 226
790 316
723 225
320 723
151 223
99 222
159 218
467 216
615 467
358 215
563 213
833 563
183 212
343 210
8 209
636 208
258 636
424 207
573 206
290 204
833 203
293 202
463 200
590 199
587 197
533 587
93 533
141 195
692 192
571 692
84 571
597 191
845 190
368 189
187 188
676 183
651 676
732 182
272 732
53 180
862 179
499 178
840 177
198 840
817 176
356 175
697 356
322 174
307 322
169 173
125 169
124 168
385 166
695 385
140 165
804 164
281 804
680 281
184 162
201 161
473 158
554 473
412 157
673 155
167 154
757 153
772 757
862 772
528 151
148 149
185 148
597 145
588 597
81 144
115 143
340 140
312 340
380 139
759 138
780 137
184 133
46 184
800 132
832 800
463 832
671 130
428 129
589 428
312 589
751 127
249 751
849 249
343 849
557 343
59 123
458 122
346 458
205 346
44 205
844 121
74 844
234 120
618 234
220 116
86 115
845 114
531 845
580 531
613 113
363 613
685 363
201 109
383 201
686 383
551 108
126 551
564 106
410 564
224 105
291 224
238 291
117 104
320 102
71 320
240 101
491 100
819 491
410 819
135 98
374 135
748 96
196 95
68 94
582 93
181 582
429 181
784 92
548 784
335 548
717 88
815 86
53 85
387 84
666 387
513 78
560 76
42 560
631 75
146 631
697 146
648 74
147 648
368 147
501 368
697 72
680 697
740 680
284 71
733 70
619 69
477 68
730 67
821 730
580 821
440 580
862 440
27 66
288 65
8 288
555 64
107 555
717 107
499 717
228 62
734 228
824 734
718 824
579 718
243 61
554 60
761 59
513 58
290 56
501 290
646 501
415 646
766 415
329 55
426 329
554 426
142 554
43 142
185 54
752 53
82 52
103 82
792 103
245 792
495 51
853 495
705 853
358 705
136 358
63 136
159 63
745 50
318 745
238 48
434 47
861 434
128 46
556 128
238 556
280 45
619 280
159 44
338 159
134 338
740 134
522 740
141 522
752 42
673 752
49 673
37 41
486 40
739 486
642 739
640 642
758 640
538 758
328 538
701 328
326 701
667 326
827 667
833 827
80 833
7 39
507 38
99 507
542 99
163 37
345 163
731 345
24 731
43 36
267 43
124 35
737 124
663 737
412 663
255 412
167 31
252 167
160 252
258 160
380 258
463 30
528 463
293 528
511 293
296 511
335 296
807 335
211 807
276 29
766 276
612 766
77 612
702 28
573 27
862 573
250 26
512 25
815 512
670 815
696 670
532 696
117 532
33 117
761 33
24 23
79 24
422 22
380 422
565 380
245 20
575 18
656 575
81 656
781 81
843 781
550 843
762 550
432 762
485 432
112 485
126 112
702 126
379 702
544 379
686 544
862 686
699 862
666 699
867 666
443 867
627 443
211 627
825 17
643 825
369 15
541 369
664 541
217 664
540 217
400 14
496 400
284 496
770 284
719 770
721 719
269 12
13 269
79 13
410 79
721 410
125 721
243 125
193 243
598 193
542 598
34 542
111 34
838 111
435 838
861 435
97 861
808 97
820 808
304 820
7 304
588 10
579 588
790 579
549 790
773 9
492 773
267 492
307 267
91 307
220 91
828 220
11 828
590 11
583 590
761 583
799 761
240 799
1 240
826 8
763 826
170 763
755 170
90 755
118 90
16 118
89 16
499 89
232 7
73 232
211 73
282 211
185 282
419 185
382 419
221 382
509 221
509 6
305 509
427 305
172 427
643 172
462 643
499 462
695 4
238 695
171 238
119 171
49 119
260 49
748 260
633 748
250 633
362 250
32 362
255 32
430 255
429 430
77 429
516 77
365 516
540 365
557 540
570 3
445 570
57 445
156 57
502 156
477 502
707 477
618 707
87 618
749 87
685 749
552 685
609 552
475 609
782 475
110 782
312 110
152 312
390 152
214 2
19 214
557 19
306 557
196 306
374 196
817 374
794 817
615 794
83 615
287 83
545 287
513 545
194 513
619 194
743 619
651 743
714 651
671 714
299 671
537 299
834 537
499 834
780 499
186 780
738 186
5 738
466 5
398 466
600 398
767 600
187 767
565 187
394 565
348 394
219 348
733 219
709 733
339 709
645 339
245 645
263 245
21 263
742 21
846 742
657 846
131 657
150 131
80 150
141 80
759 141
684 759
632 684
336 632
390 336
424 390
198 424
318 198
510 318
272 510
549 272
549 1
148 298 boduyazwtffalgcrxcgugrptqdqrxzoroebgysofjtagzbohtxwhkjqqswpicogdvlbsfyhsbepkiikoelspxswmemquslrkvwddxzcmymawgpxldgxjbywlcelyinyvyypvzkhnkjggjyschnyaakviclctvoovdpvjyqouivzhrvzixvnhcexfuuwysjagqcovuhckarbgbpyrdvznnjmsewyfkyhoqrqzylipp
392 471 zivlsrrgsctltgkvfndvzezskjgdtbvrmrwgnaabcohjoyfenruwnkxpryguzjkiobuigmfuzpdivbufqisealhxwqvptmpfhrfo
348 49 njycnghdttzjnuxiphocjzoybtbqpaxyqrxztavmjgdhbjpioaypuwxvxkggogoqcfidjcgeunczonzxygs
47 360 txvfpytkpzyauuovbykakigrkvzuuwdccguhsmeythguwartdyctkvcsvfetagwlheypijtueltunbebjbzfvldviicrsqoiveiqzbbvctbfprfwbhpwjssrpukeeqekancfzsycylgtbkezyyyizaknwuwayaunyvlpj
315 304 ebjmbqzxoszjfzxvkbcmhhpwizfxznxwigdnnidmunbqccfsgawtxuvbay
813 407 zmzoldtpymqcxlaeghenjtffpozzffamxkkiswrgwxoyqaqjrjjxvdbetbwljhpenpmltyjdudmlupanencsljkm
861 683 acbhnpvqqwvkdmbfogdulhvgyflluoicfpkpehytcmmkwektdpxvcgdbumzi
273 46 vrvwapvhfiutzhqcjjrlkahtnakvtcsureofwdotmlhbiugwzu
852 648 hjdolnbrvimdpwrxlxepamblt
414 200 c
843 215 mrvf
868 363 se
530 242 n
275 625 op
673 377 g
390 179 y
416 519 b
251 805 y
467 588 q
506 406 p
853 473 u
853 851 p
840 354 f
640 295 x
45 197 x
395 97 e
77 701 p
290 209 a
411 748 a
630 164 a
724 494 d
135 456 f
674 70 b
695 226 l
802 492 k
107 204 f
308 329 e
52 801 s
26 831 g
160 670 d
486 547 u
217 19 q
668 574 m
820 138 p
144 608 q
528 669 a
219 803 a
135 64 t
523 200 u
770 684 v
35 397 s
805 82 w
563 10 v
125 483 s
85 117 o
525 474 f
678 334 v
837 340 h
581 573 t
302 615 m
375 593 c
376 247 q
132 112 r
864 322 i
423 439 o
646 737 z
179 21 p
72 304 v
2 133 a
664 189 j
516 635 c
82 207 i
626 300 e
476 360 m
734 345 m
257 807 n
8 155 f
41 173 i
440 695 q
498 394 y
731 671 f
389 158 h
779 358 q
59 340 z
492 676 w
739 404 i
847 231 x
215 416 h
243 46 c
70 482 c
311 325 a
306 2 i
282 442 i
465 402 n
208 702 y
498 216 t
832 676 n
352 125 a
266 442 y
813 170 l
327 615 a
648 427 p
129 112 j
200 22 n
680 722 s
698 655 d
330 656 i
254 723 o
727 434 z
360 513 u
660 286 g
403 839 v
415 541 i
827 321 r
693 191 o
571 18 f
853 149 g
535 683 n
399 151 v
813 691 p
135 11 x
124 774 y
72 804 p
362 577 e
637 127 v
810 266 c
430 144 v
220 261 u
450 136 w
342 404 s
857 85 r
311 724 l
614 863 p
443 183 l
761 67 m
557 224 s
851 429 r
572 219 j
493 538 a
701 315 z
603 689 b
90 687 c
335 674 k
22 225 t
692 829 x
862 450 u
326 519 o
366 8 q
284 316 q
397 552 m
600 102 l
686 866 g
1 372 g
758 261 d
244 464 t
185 597 r
426 161 i
169 193 s
146 50 m
784 236 c
868 838 r
281 698 c
513 417 p
462 419 b
646 99 c
33 365 p
798 87 a
314 367 m
617 134 p
598 662 q
837 534 y
206 63 i
784 201 z
382 146 l
192 526 f
357 382 i
272 223 r
384 168 q
674 801 c
381 639 a
94 472 g
42 803 v
709 732 w
628 24 i
415 763 k
188 500 i
54 828 k
205 187 p
180 327 q
3 398 q
599 863 f
733 795 j
456 219 e
79 518 n
35 778 j
684 120 f
317 712 q
676 464 v
761 422 u
555 262 d
70 562 y
361 732 d
245 32 g
507 319 o
288 100 l
625 219 w
245 306 n
131 137 u
872 829 e
615 371 n
151 95 j
555 31 x
325 119 t
181 727 g
464 818 s
435 380 n
488 699 b
57 504 d
173 825 d
211 670 l
219 159 l
354 860 t
213 22 w
786 216 i
59 101 f
243 374 f
105 378 y
457 718 w
758 603 j
666 167 x
705 594 d
703 857 o
617 800 r
37 452 o
863 439 x
82 594 h
427 257 f
749 661 f
402 852 q
712 89 z
329 345 k
320 485 u
654 425 r
401 604 f
184 559 w
320 860 j
281 404 q
34 429 n
87 752 z
842 811 w
11 108 z
28 551 t
858 478 h
273 453 c
726 179 v
662 32 h
337 172 p
11 434 m
15 219 e
801 100 u
451 56 l
137 792 r
508 163 a
528 728 j
504 368 z
731 702 e
327 450 j
451 792 k
83 470 a
277 309 r
6 436 g
462 200 r
863 700 z
553 106 b
62 10 h
324 298 h
290 525 b
484 41 m
254 498 e
230 226 k
582 511 k
322 588 u
785 858 z
287 447 q
685 653 f
575 635 s
438 25 a
789 818 q
484 202 d
75 239 a
783 284 s
723 207 j
148 310 i
369 131 l
611 629 n
61 736 c
655 92 l
79 372 i
515 615 r
169 597 h
494 729 j
191 533 d
242 668 q
581 617 y
796 205 u
501 860 n
83 460 h
211 269 t
584 38 o
185 659 k
543 387 q
434 589 z
274 215 x
661 775 l
556 12 t
50 834 p
213 545 v
730 496 x
374 872 n
23 546 h
164 416 u
104 508 a
715 246 e
17 66 r
143 209 u
400 187 u
538 358 t
163 780 f
70 790 z
369 655 w
761 391 q
232 127 u
796 28 l
814 788 t
239 603 b
614 422 t
384 648 t
418 155 n
157 742 a
865 688 h
244 686 o
725 693 u
66 186 y
842 650 t
205 149 f
97 660 v
294 538 q
348 379 x
845 771 a
206 488 y
419 346 b
73 728 n
596 709 a
471 149 v
410 363 e
644 833 m
635 458 w
404 354 l
711 179 x
576 427 i
538 592 w
129 215 r
671 90 b
546 811 s
40 339 w
287 754 y
360 660 s
632 24 g
112 563 z
782 501 c
340 33 r
132 107 j
339 12 h
537 86 x
483 265 s
513 202 e
541 22 z
832 497 w
205 493 c
435 285 u
134 181 x
265 230 t
867 173 d
42 369 e
740 380 n
529 616 n
743 326 v
852 364 n
316 126 b
741 723 s
120 295 r
857 78 o
93 339 q
701 452 t
752 873 h
543 61 r
729 67 u
420 340 k
426 101 h
85 864 j
797 773 a
423 188 b
57 22 s
126 485 s
757 794 f
180 761 g
665 787 t
546 649 h
793 278 w
837 141 x
741 121 c
657 798 w
621 420 q
326 174 h
854 628 y
457 79 r
817 259 e
685 327 m
777 253 r
699 185 j
674 237 z
818 596 c
123 865 a
486 263 d
400 522 m
833 144 f
90 560 m
218 349 i
88 617 j
282 717 j
68 782 s
843 32 f
234 198 d
378 319 o
402 421 c
444 484 f
236 88 r
654 291 v
493 287 f
692 260 t
435 441 i
740 782 u
773 750 w
489 170 o
209 742 w
648 485 e
589 503 z
643 699 y
571 546 n
332 272 b
820 580 g
328 9 j
679 448 k
543 159 f
87 650 i
247 38 l
610 218 i
818 184 w
494 815 s
79 631 f
480 654 o
384 314 s
254 35 m
419 295 f
485 67 d
46 164 e
223 53 v
660 823 s
709 429 j
198 347 h
633 307 b
111 213 b
751 629 q
530 873 f
770 544 d
573 702 b
576 776 n
168 4 p
187 590 f
312 619 o
450 391 y
575 721 t
188 537 v
478 439 w
768 713 z
416 696 o
221 798 u
689 179 m
451 707 i
409 756 c
304 365 f
357 95 i
145 11 b
382 611 k
655 599 r
707 190 l
404 403 p
724 248 f
554 846 y
564 155 j
792 606 o
749 334 p
304 517 g
608 411 s
213 121 y
826 625 z
369 856 z
323 13 m
77 628 c
184 662 i
15 582 v
321 505 t
828 625 w
371 94 a
465 806 y
370 358 f
679 471 j
185 450 h
808 458 i
297 151 h
275 544 q
822 319 h
264 670 f
466 540 a
72 311 r
775 156 t
454 166 n
848 43 b
143 727 k
683 431 b
305 409 b
639 452 p
458 275 u
454 142 m
861 538 d
488 220 j
223 474 n
571 18 s
134 683 t
660 690 o
683 569 q
750 412 g
51 756 w
62 638 y
139 390 f
250 393 v
685 475 r
589 809 x
669 403 k
815 599 d
286 761 y
105 836 v
480 555 k
177 705 g
200 573 i
578 109 m
539 628 n
826 381 j
852 467 l
429 525 z
621 79 c
790 778 n
617 28 f
353 454 f
741 40 f
528 745 x
542 694 w
653 318 e
356 780 i
237 592 y
857 59 w
824 697 f
192 605 y
754 309 l
30 356 n
147 80 k
376 550 x
815 473 u
281 414 w
325 6 k
233 2 s
35 383 i
647 723 y
295 484 k
55 242 t
727 13 r
788 810 t
237 174 i
240 489 c
688 366 y
478 490 i
64 824 y
714 607 a
329 730 y
846 317 r
193 650 j
794 579 h
575 707 p
266 750 c
521 193 h
520 356 l
380 466 y
457 825 h
726 79 g
769 773 k
435 47 k
569 161 t
321 157 q
700 620 y
66 45 r
66 516 v
595 772 w
551 157 j
653 675 u
704 147 i
276 197 v
526 837 a
191 577 f
146 125 y
523 218 o
869 88 u
68 35 x
270 737 z
383 457 v
94 489 f
451 742 r
161 388 v
794 667 a
75 173 d
214 759 k
208 368 g
472 129 i
110 317 r
110 854 x
455 540 b
541 466 g
40 277 z
7 873 a
500 369 d
539 123 l
22 371 k
872 240 w
696 209 j
809 837 d
92 50 q
495 205 p
150 430 p
760 855 i
834 507 n
245 612 h
496 334 k
345 36 d
224 590 z
219 716 v
102 683 k
785 652 u
88 822 j
822 506 r
488 88 c
490 342 x
133 443 q
764 359 z
153 233 x
363 316 e
862 286 q
500 309 y
503 766 b
42 124 y
709 567 b
691 407 y
491 860 e
510 9 s
414 869 f
583 230 i
120 515 f
272 135 d
27 51 m
539 18 k
750 17 a
139 159 p
333 508 z
42 719 b
799 215 d
825 644 r
651 471 v
353 514 d
615 423 z
134 345 p
803 574 l
178 12 z
308 618 q
136 552 t
645 288 z
258 446 n
460 481 f
804 343 e
167 54 i
178 765 w
291 542 h
137 439 r
538 465 u
635 811 y
200 809 y
54 198 j
557 195 j
791 360 v
621 524 g
271 366 s
553 683 q
692 381 c
294 213 l
449 814 b
101 409 a
33 648 l
237 269 z
41 456 v
573 386 x
628 605 e
428 489 p
189 204 z
299 281 x
110 225 o
264 755 p
506 556 y
363 507 i
383 383 v
149 677 m
176 156 o
96 763 f
54 380 r
227 424 w
239 96 t
735 328 u
37 10 g
505 45 l
522 159 g
634 509 u
36 140 p
439 739 k
243 687 v
831 581 u
571 843 o
724 669 u
639 80 z
792 282 l
251 425 h
217 435 b
702 578 w
5 344 t
632 636 g
345 796 k
344 335 k
147 118 g
656 270 t
446 433 r
464 529 z
154 838 f
247 78 o
97 140 j
485 697 i
531 480 w
872 643 o
681 304 r
784 520 w
657 17 c
530 449 z
479 825 w
679 785 u
386 35 a
754 381 e
492 75 o
229 718 t
840 6 z
427 703 n
694 811 w
85 35 i
25 717 l
198 39 s
828 407 x
768 181 r
90 636 z
622 218 y
367 299 d
870 107 b
437 627 c
370 854 c
850 156 j
371 330 h
467 123 m
298 14 i
680 717 t
636 399 q
528 427 x
299 539 b
117 469 q
656 143 k
101 709 d
712 394 z
574 129 a
689 401 v
537 708 i
724 796 b
321 377 m
231 767 y
742 251 k
176 114 h
441 89 r
623 464 i
819 219 k
548 304 d
625 114 b
22 809 p
527 391 s
793 9 o
601 392 s
373 571 j
194 449 t
399 261 m
773 654 q
367 724 i
227 682 i
694 826 m
35 209 r
461 844 v
209 509 z
464 513 i
588 16 c
765 757 z
302 745 p
580 327 s
396 844 u
803 836 f
192 239 g
857 8 f
365 858 d
479 682 y
393 174 y
863 698 w
313 547 i
508 494 g
54 715 x
2 797 r
330 468 u
843 325 b
72 489 m
283 20 o
181 874 d
520 290 l
777 382 k
312 772 u
5 746 o
342 804 z
832 612 o
268 286 p
758 720 d
497 292 h
358 677 r
377 445 h
691 206 e
498 637 k
710 711 q
871 50 t
262 728 x
794 104 i
704 47 t
591 230 v
