505 1000
agaiuudhdznfiokvzooxgfvontdfgpirfckfduobezqxheqmhamptbsswdhmdcybonqwmiizlcetcobuwmrjglbxpzhuqgbchzykfqrgohburupgfbtrbyryxpckfempttdqgceoupejinsgxepccshivhpnwchhhnmrxbfkmktnwxweyqoibgvyvfghbtibbfoittssbdetieqarjcanybuxvbbjhdvdmapgomopvmglrbsolvftvjqlgtwshpcbxastrrtmloqknkicmfoghqjyxjqcippsxapragzjgnqoklwjegqolgxuyznecgbsshyvrqfpfndexbppsjxoopwriijbohivbkpnlrndjndlpheajoktaeydnqoivkjxeftbnqslrhexokgdhqzpymyevqprspcwrfzdcwcmxvsigieqhidjostsbeddrtihtwpuxybtvhdfdbwyszyqqsojsfllhmwkwbdadobqzfjwqwyuarpqgzot
287 495
108 494
477 485
475 483
10 476
347 472
503 470
72 468
357 467
338 464
142 462
225 455
22 452
136 451
504 450
279 448
445 446
37 445
173 443
24 442
142 441
279 439
431 434
319 426
433 425
274 424
273 423
254 421
188 419
22 416
44 412
42 411
338 410
407 403
315 407
479 401
105 479
408 400
204 392
14 388
344 387
405 386
301 405
19 381
437 380
499 437
177 379
130 376
4 375
488 373
505 488
354 505
176 369
169 363
82 361
395 359
341 395
256 351
480 350
356 347
230 356
390 343
15 390
484 340
460 484
4 460
432 339
80 336
214 335
129 329
377 324
481 377
105 481
83 321
370 316
391 370
334 391
48 315
68 314
490 313
453 312
360 453
429 360
193 429
352 311
449 310
478 449
284 308
118 307
123 304
430 301
112 430
245 299
246 297
217 295
440 293
502 440
493 288
50 284
153 283
116 281
357 279
457 357
463 457
130 278
236 277
320 276
148 271
285 270
175 285
368 268
38 267
397 266
454 397
115 454
480 262
258 259
486 256
99 254
227 253
238 250
73 249
474 248
269 245
192 269
57 240
174 232
365 230
172 365
263 228
349 263
47 225
162 221
290 218
171 290
305 216
139 215
201 209
355 208
53 206
243 205
217 243
129 204
374 199
96 197
257 196
207 195
264 207
162 264
500 194
345 192
317 190
389 317
477 188
492 186
327 492
469 184
471 469
92 182
32 181
103 177
77 176
236 174
191 172
473 191
193 171
409 193
145 409
404 170
415 404
242 415
500 169
320 168
217 167
496 217
62 166
463 165
155 164
13 162
432 161
134 160
219 158
247 219
201 247
433 154
131 433
382 153
362 382
65 362
146 151
463 150
331 463
3 149
383 148
323 146
302 323
298 302
358 298
163 144
98 142
113 141
319 139
496 138
325 134
45 325
236 133
135 236
145 135
456 145
238 127
378 238
251 378
334 251
296 334
126 296
212 125
428 121
178 119
17 178
291 117
456 116
21 456
385 114
200 113
338 200
303 110
475 109
30 475
234 108
103 234
156 101
55 156
459 99
124 459
102 124
477 102
306 477
327 97
466 327
332 466
106 96
444 106
3 444
155 94
246 91
432 246
331 432
235 90
275 88
320 275
98 320
398 98
173 86
414 173
122 85
35 83
332 82
383 332
25 383
26 80
318 79
235 318
330 78
292 330
56 77
30 74
43 73
331 71
368 331
473 70
68 69
61 67
461 64
103 461
374 103
292 63
187 60
367 59
179 57
126 179
62 55
345 62
49 345
389 52
100 51
4 100
374 50
16 49
155 48
305 155
131 46
371 131
89 45
104 89
202 104
231 44
223 231
123 223
222 123
107 222
500 107
398 43
201 41
122 201
95 122
233 95
42 40
354 42
274 354
384 274
183 39
486 37
198 486
2 198
502 36
157 502
235 35
115 235
474 34
487 33
81 487
498 81
47 32
471 47
348 471
241 348
128 31
504 128
242 30
414 29
374 28
211 374
187 27
210 187
183 210
61 183
1 26
355 25
229 355
408 229
202 408
120 24
418 120
132 418
326 132
289 326
438 289
364 438
54 364
501 54
342 23
436 22
13 436
242 21
237 242
384 20
273 384
352 273
157 352
241 157
422 19
414 422
92 414
435 16
435 15
489 14
385 489
118 385
126 118
435 126
140 435
393 140
241 393
504 13
87 504
501 12
280 11
447 280
61 447
5 10
105 8
420 105
482 420
394 482
76 394
272 76
389 272
303 389
189 303
130 189
211 130
220 211
480 220
501 480
349 501
337 349
255 337
333 255
75 333
84 75
341 84
309 7
344 309
180 344
473 6
185 473
237 185
175 237
427 175
368 427
137 368
338 137
493 338
61 493
358 5
497 358
398 497
319 398
257 319
92 257
136 92
341 136
417 341
496 417
342 496
252 342
366 252
305 366
322 305
498 322
244 498
261 244
346 261
260 346
239 260
18 4
129 18
203 129
68 203
396 68
239 396
300 239
9 300
233 3
491 233
399 491
465 399
180 465
287 180
500 287
490 500
9 490
431 9
294 431
152 294
353 152
282 353
402 282
458 402
371 458
38 371
406 38
292 406
202 292
265 202
66 265
478 66
258 478
328 258
53 328
111 53
72 111
17 72
499 17
65 499
227 65
159 227
115 159
93 115
413 93
87 413
306 87
147 306
143 147
367 143
58 367
61 58
291 61
112 291
503 112
212 503
372 212
214 372
226 214
474 2
226 474
224 226
213 224
428 213
163 428
56 163
286 56
241 286
241 1
450 177 mzcbevtxpxkbputmnnpbpjjihmyjwdtiyczlencspvyghfmhcswnkfrqctgsxytclxpemtvslphyreredbjojjxzmyzmfcfmolaozbcgobrwiwyibsrvzvtfmmrhfllrnfqqkpsdmahakdnlmsjfckfswngrzdyzegotyqjmwgpbwwhdynlbpdtkjvimeniimpaqenobejtcpphhvsvrhclfoewnbadspwtolfaockzpyzalendzwrftoideyzjrgegqlbvefhhutmtunwewqbxnkezcuchfvusxhymnrbqgvqectxoglctfoootcd
291 42 vopesxlxi
179 368 dirwnozhl
112 207 tgpmlohihionbtukpoa
19 462 omolvmobzwkrqyl
395 310 hskx
406 241 dv
26 432 u
271 109 j
400 46 c
434 91 h
180 114 i
137 99 u
6 182 e
425 163 r
146 215 e
82 477 s
237 237 d
450 319 c
230 47 o
445 461 v
160 398 a
86 408 x
218 278 a
100 497 j
145 137 f
202 22 g
463 93 b
82 130 a
305 26 r
461 265 t
28 16 k
371 329 g
268 388 o
338 246 v
335 65 b
341 156 r
136 160 n
119 290 p
34 285 b
12 228 h
272 276 d
79 222 e
348 502 l
421 505 p
361 448 z
115 301 f
498 371 i
294 26 d
322 375 g
189 377 a
147 178 b
296 455 d
336 275 v
429 46 j
60 398 a
302 70 p
272 328 b
100 77 l
323 23 u
200 312 f
398 42 o
80 287 d
87 145 o
63 264 m
81 502 h
87 251 y
349 323 k
33 242 b
192 476 g
382 257 a
287 378 i
453 449 i
145 85 y
41 160 q
379 10 a
163 241 f
148 2 y
119 396 r
118 458 v
162 374 b
91 368 v
219 453 d
344 268 v
47 283 d
33 310 e
184 461 s
223 5 j
452 427 q
443 287 n
196 2 t
297 379 c
215 471 w
182 144 a
102 91 j
62 250 x
12 245 e
34 42 d
504 47 y
160 211 r
109 48 g
480 193 j
447 469 u
327 22 b
3 433 v
233 405 z
82 19 f
449 328 z
467 490 g
332 353 z
214 107 v
418 244 u
399 122 a
113 473 o
311 276 j
3 15 j
402 6 e
9 315 p
268 298 c
261 47 u
375 197 s
445 251 s
21 57 h
6 421 z
25 91 f
282 93 o
268 100 a
179 403 j
238 37 p
296 186 k
228 499 e
42 20 y
302 84 t
219 106 j
480 7 j
262 153 n
283 223 g
58 399 t
110 253 l
487 59 h
288 209 l
218 13 h
117 363 p
388 386 i
452 205 h
71 386 t
249 193 w
158 194 h
157 426 d
435 34 x
38 49 t
278 362 m
54 263 n
429 464 y
382 452 o
100 37 n
200 358 m
100 268 l
431 99 w
347 413 d
450 142 e
325 283 s
357 55 n
315 198 p
352 303 e
494 503 c
188 265 g
202 147 y
487 292 z
366 170 s
487 201 r
181 240 l
344 285 s
329 327 c
283 299 l
442 365 y
349 423 v
205 400 z
463 433 t
322 173 s
44 365 y
435 123 j
365 79 y
26 53 e
180 332 u
97 442 l
147 321 g
192 68 h
206 335 j
446 454 r
91 305 h
71 23 r
240 463 s
25 402 c
98 182 v
162 6 k
437 329 x
215 318 p
468 363 o
80 381 w
25 230 v
422 428 j
90 280 l
426 301 r
205 289 n
213 281 r
473 264 v
178 92 c
364 343 f
98 311 t
365 273 l
478 311 y
264 268 g
341 89 f
142 66 w
325 43 z
469 162 l
172 51 j
155 389 x
116 321 t
188 124 e
210 230 f
63 355 a
352 370 d
361 169 f
352 355 e
262 179 w
48 47 m
116 476 m
200 499 c
86 331 s
367 392 v
194 220 t
323 204 r
25 187 r
457 430 t
233 177 p
215 294 x
220 102 p
20 20 l
40 134 d
110 460 m
96 138 x
128 14 n
74 224 h
9 370 x
457 93 n
178 447 t
223 119 f
124 490 l
98 495 s
61 95 m
377 432 b
22 136 t
171 333 g
230 218 j
205 237 g
25 411 r
109 461 k
493 215 u
475 140 o
40 158 l
204 79 a
253 56 w
491 109 r
387 487 o
53 278 y
97 309 w
243 429 o
242 159 u
353 435 n
18 39 f
210 177 n
413 485 c
470 63 l
415 206 h
129 403 u
258 436 h
279 88 y
275 340 p
69 89 f
317 211 y
53 274 q
470 10 z
95 383 j
121 110 p
426 429 x
294 144 n
221 186 r
297 67 f
407 392 v
188 407 r
136 120 u
257 72 c
173 260 m
233 91 t
163 211 u
473 27 u
356 169 u
431 185 v
373 74 e
493 448 h
362 56 n
335 301 j
308 425 m
210 192 n
84 73 k
82 460 b
480 66 w
232 172 n
37 442 f
485 118 y
66 291 s
147 465 m
359 334 b
499 163 h
296 189 t
280 401 r
426 187 f
270 148 w
85 170 y
35 347 p
469 404 v
449 47 m
259 102 h
353 35 t
365 310 f
70 161 h
129 89 k
389 344 s
183 417 x
268 122 m
165 375 d
446 156 o
218 448 z
303 113 x
255 116 j
470 6 c
445 338 g
195 470 d
287 362 o
78 459 q
53 357 t
206 273 e
492 314 j
250 499 g
329 56 h
310 487 r
361 28 k
331 476 o
197 487 m
367 123 q
292 15 i
111 176 x
417 170 t
263 147 p
367 475 m
154 46 h
409 271 b
354 154 x
355 463 r
287 59 v
325 181 f
120 178 l
231 311 s
12 200 w
454 227 u
168 89 o
185 155 e
36 75 o
65 105 d
42 462 e
439 156 q
342 504 c
401 322 c
368 189 f
151 325 q
393 123 e
139 464 y
348 307 x
52 496 c
9 205 p
357 494 v
73 466 t
408 373 w
434 242 v
221 94 b
364 283 i
431 402 k
121 91 w
422 56 u
333 337 j
249 149 f
14 230 t
126 316 y
440 150 l
95 95 y
453 415 l
252 180 j
73 48 a
434 488 a
253 494 g
316 59 e
60 468 e
318 34 y
417 318 g
1 109 a
458 490 u
107 144 g
88 478 m
26 467 z
334 111 h
445 387 y
17 393 l
163 230 u
55 371 k
34 184 u
8 121 x
12 338 c
492 237 i
217 433 z
356 335 p
174 223 p
123 179 d
267 241 d
410 32 i
388 180 f
485 109 t
215 357 v
288 26 a
147 114 d
221 487 s
151 252 k
44 355 c
361 146 c
464 487 c
371 17 c
392 163 k
415 184 y
342 77 w
73 64 v
227 18 f
79 110 r
40 79 c
382 237 t
140 403 u
109 206 d
195 427 z
289 22 b
420 451 j
215 8 s
225 201 a
15 406 p
160 151 v
286 159 m
223 383 f
414 490 j
210 250 k
90 406 d
71 68 q
287 401 l
175 100 k
487 311 l
375 278 d
444 20 k
231 175 h
346 257 n
294 355 i
209 190 k
102 71 x
452 117 p
164 335 x
3 459 k
463 34 m
316 5 j
58 425 q
125 301 f
455 338 l
182 336 y
179 159 q
36 278 y
41 273 k
6 401 t
113 95 h
434 343 v
145 440 i
353 22 p
292 97 k
464 367 l
213 346 y
333 27 f
334 286 l
217 455 g
326 206 t
288 184 v
83 306 a
447 237 q
31 340 s
429 113 i
298 24 f
464 333 l
330 244 f
411 257 c
96 425 q
322 484 r
266 303 p
317 171 p
335 183 l
82 147 v
234 119 y
432 188 n
362 180 q
318 488 a
357 72 m
342 26 j
160 340 y
284 260 p
169 11 a
97 408 p
391 151 l
137 167 f
288 471 x
214 20 k
155 234 q
485 246 d
316 172 q
379 234 t
380 127 x
150 501 g
358 91 j
293 382 u
194 425 r
233 186 w
436 19 m
350 396 u
20 282 v
233 337 b
36 139 b
190 6 r
343 73 e
394 121 i
494 385 w
66 464 i
256 101 l
240 311 h
169 86 s
261 298 f
349 333 c
436 2 r
15 207 p
164 153 q
298 465 u
103 312 b
312 43 z
297 114 z
12 110 y
482 37 l
124 372 z
360 20 i
62 120 c
326 221 o
202 371 o
113 440 n
87 304 j
36 183 f
357 316 h
29 245 r
161 387 m
339 191 r
87 403 h
284 68 f
353 107 w
16 200 z
276 23 p
142 318 j
165 141 b
109 203 n
87 502 v
154 58 s
279 462 s
315 274 l
175 457 f
394 66 r
159 143 m
192 355 x
349 138 u
102 446 f
126 176 w
337 180 f
105 458 l
203 129 i
175 349 b
192 252 m
480 159 f
255 77 d
158 376 y
458 460 g
88 193 r
212 232 o
199 420 k
454 432 o
426 415 w
291 324 y
413 312 i
223 197 k
398 121 h
171 189 c
332 124 b
138 176 l
304 372 l
157 116 u
252 494 r
473 165 x
187 122 b
105 188 t
182 3 a
21 348 r
188 121 k
167 219 d
193 71 j
367 33 z
375 393 b
31 484 o
40 266 j
425 167 e
317 56 q
92 188 t
273 54 o
117 170 u
192 98 n
237 383 b
504 475 n
265 144 r
124 222 l
422 415 y
374 337 f
153 191 l
386 239 n
245 448 u
290 343 z
418 313 g
431 379 i
290 345 o
33 178 g
476 193 a
175 16 g
265 449 w
375 210 l
60 17 n
96 233 n
311 12 l
159 185 d
188 437 e
405 119 u
433 131 h
432 166 p
285 195 l
462 110 v
320 280 z
269 305 r
117 395 t
37 111 s
127 154 y
23 309 q
505 136 h
446 317 q
279 376 p
134 452 k
41 485 n
476 375 v
10 189 r
345 308 f
154 478 n
43 439 a
136 399 c
128 412 g
336 254 d
262 3 q
392 134 h
280 23 c
308 236 r
46 276 g
131 354 m
193 375 n
143 320 w
344 127 x
140 465 m
133 433 g
249 162 c
306 359 n
442 418 o
101 69 j
367 173 h
487 133 t
494 414 o
234 251 x
206 314 p
236 417 e
391 3 i
359 492 j
197 374 m
80 126 f
369 378 e
180 191 o
353 476 q
46 294 j
105 455 i
393 53 p
303 92 i
87 74 v
360 283 s
140 500 r
260 212 n
339 221 t
82 99 k
414 178 x
471 382 v
315 195 e
407 391 h
174 128 w
130 111 e
205 188 v
119 350 r
56 179 a
220 383 w
405 431 h
418 446 i
24 291 o
136 173 z
150 191 j
340 233 d
104 462 d
346 464 n
460 401 r
123 481 q
406 253 p
120 70 x
100 298 t
351 229 x
124 66 b
18 54 y
485 494 b
131 364 u
137 146 q
25 485 a
189 78 t
207 199 x
155 326 d
481 312 c
3 125 s
4 179 r
208 345 k
113 349 h
145 391 s
86 456 i
493 290 d
41 255 i
298 9 j
473 198 b
383 332 w
130 409 o
36 382 z
441 127 q
313 195 m
329 66 n
383 408 u
52 243 b
305 406 z
331 505 e
264 282 u
228 438 v
493 45 l
337 271 n
259 403 x
266 498 j
270 102 q
366 345 v
345 20 y
9 306 k
233 418 a
132 134 r
501 326 a
331 461 h
131 282 a
189 87 s
309 360 g
121 499 c
327 453 o
16 305 m
221 239 n
322 442 n
374 294 o
228 327 a
255 153 g
422 160 y
116 43 l
288 291 f
295 234 g
146 167 q
34 207 u
407 356 e
19 283 k
53 460 p
55 341 j
418 265 a
354 353 g
343 324 t
226 198 b
98 194 f
205 66 b
468 148 a
240 189 y
306 269 r
199 183 h
188 2 r
43 385 n
119 201 b
207 273 m
227 379 d
194 173 f
207 84 o
188 142 o
145 240 s
247 16 a
235 110 k
442 21 q
6 37 e
196 377 b
186 108 j
325 118 l
274 188 p
163 187 i
153 206 y
467 300 q
429 98 t
386 121 q
87 334 c
478 424 d
376 146 w
117 254 r
444 432 t
354 385 m
494 142 b
59 356 p
343 404 c
179 246 l
462 191 x
270 369 n
472 366 u
463 466 f
272 93 x
57 363 d
452 199 t
79 34 s
355 500 l
475 156 g
272 15 a
251 192 q
242 500 s
288 502 g
330 491 h
255 358 i
269 235 o
160 368 w
282 206 s
322 120 e
399 255 k
273 451 d
20 349 r
502 233 y
251 273 k
406 416 d
117 415 w
135 275 f
101 402 i
193 481 e
380 312 h
39 476 m
382 195 e
212 468 f
83 469 y
243 158 t
32 214 s
87 294 x
258 292 a
377 219 a
363 9 w
219 267 j
26 178 w
347 36 l
153 66 h
200 356 p
482 271 a
465 280 a
358 231 l
316 339 d
316 47 i
5 160 i
452 383 r
437 444 v
292 460 e
224 423 q
306 173 c
110 266 b
398 301 s
413 82 g
151 437 x
44 9 h
451 221 a
473 466 z
21 195 e
457 404 v
390 151 q
346 411 v
252 132 p
18 79 r
8 135 v
341 344 p
238 221 o
90 362 e
115 78 a
153 265 k
125 170 d
354 156 h
136 7 e
418 155 j
311 319 h
92 409 d
117 348 f
118 302 w
105 59 o
147 62 i
466 430 i
215 279 n
107 200 c
38 191 s
311 225 l
415 414 g
274 389 i
439 61 a
494 390 s
130 423 i
309 209 m
418 296 r
101 329 g
22 244 d
413 150 g
172 87 j
180 123 f
221 125 d
322 411 p
202 344 l
33 167 e
149 446 v
299 445 a
159 338 p
103 78 h
95 58 r
388 343 q
138 421 n
24 284 b
431 164 d
84 500 j
505 22 u
263 238 w
43 96 m
306 88 a
465 224 e
476 214 h
373 445 q
376 418 w
403 133 i
435 256 g
103 119 o
436 431 b
42 355 o
391 121 e
36 255 s
154 425 l
181 274 p
164 277 o
35 309 w
318 459 b
145 23 z
466 150 y
262 352 i
325 219 r
164 368 f
481 402 d
291 101 k
223 207 b
126 389 j
188 431 m
296 116 y
210 124 h
14 234 o
454 101 i
223 401 i
281 323 h
259 160 p
