369 437
gndhhqxyfqlksgzaqvhryamvichhqrdurnamsterbdsnmpbpqcashimyoiztkfhdvpwmikqscxuagjbhvlongfsklrxgneqpxyqabtuwjgxnbjbbaovdejefymxmmppsrovhidatfhlqsoaswyhpxmdzvwsozyixxkdrvvrxyyzeiyprhnaypnccxwcywvhjakpeatbaqsgbhpiejjlfdltdsfyuskgeujhxkhkliqkmbzohuolgtgkprzbbcxbzdqkkmwwtcqnfgsdepsrsescnigfnszmcbvkylartsdthozflyizoivtfegbohpoczlpzwuaxwhutdvsjjbafwsdehwtjegzcphcmgoxiywfwvgkvb
254 363
123 361
310 358
247 357
143 356
239 354
42 352
103 350
111 348
159 346
220 344
283 339
1 335
215 334
129 333
283 331
189 327
353 326
287 353
129 324
131 323
95 322
310 319
172 317
325 316
16 315
238 312
42 311
214 310
158 308
338 306
203 302
106 299
259 298
190 297
157 296
325 294
30 288
210 287
355 283
252 281
17 278
171 274
257 270
256 268
83 267
369 266
180 260
280 255
265 280
293 265
273 253
177 273
217 252
42 251
148 250
210 249
89 243
86 242
189 240
33 239
28 238
69 236
233 229
155 233
254 225
136 224
53 223
343 222
337 221
254 337
232 220
154 232
256 219
97 256
245 214
277 245
111 277
39 213
231 211
292 231
46 208
75 207
145 206
43 205
18 203
292 202
21 292
42 200
23 199
57 196
189 188
343 189
121 185
181 184
125 183
128 178
263 176
53 175
22 173
151 172
263 171
313 263
24 313
89 168
336 167
123 336
338 165
3 163
293 160
258 293
43 258
187 159
217 156
79 153
269 152
96 269
112 151
190 149
291 144
257 291
305 257
63 305
187 143
140 137
145 140
248 145
157 136
106 135
289 132
12 289
142 131
147 142
246 147
300 128
237 300
162 237
69 127
23 126
369 124
304 369
259 123
70 122
134 120
347 134
3 119
42 118
158 116
121 115
77 121
78 114
138 112
129 138
307 129
332 110
320 332
209 320
261 107
40 98
81 97
349 94
101 349
11 101
309 88
365 309
254 365
65 254
111 87
96 111
194 86
295 194
164 85
330 82
113 81
217 113
158 80
35 74
146 70
95 69
83 68
90 83
106 90
362 106
230 67
272 66
303 272
164 303
187 64
217 187
301 63
227 301
56 227
192 62
162 192
259 162
95 259
158 95
282 158
57 282
92 60
182 57
5 56
13 53
304 52
73 304
364 51
182 364
262 182
368 50
154 49
170 47
166 170
285 166
103 285
330 46
78 45
314 78
197 314
20 197
228 43
139 228
351 139
148 351
58 148
42 58
209 42
367 209
29 367
217 41
276 217
146 276
186 40
16 186
37 39
169 37
284 169
330 284
154 35
295 34
198 30
279 198
215 279
61 28
347 61
146 347
218 27
342 218
108 342
154 26
117 154
193 117
164 25
174 21
100 20
8 100
44 19
108 44
1 108
307 18
174 17
99 174
29 99
355 29
141 355
104 141
23 104
180 23
77 16
325 77
96 325
275 15
96 14
177 13
234 177
38 12
338 38
248 338
146 248
161 146
201 11
359 201
247 359
345 247
133 345
161 133
318 10
75 318
261 75
210 9
31 210
226 31
241 226
360 241
130 360
55 130
164 55
103 164
93 103
262 93
155 262
362 155
366 362
193 366
7 193
204 8
195 204
36 195
180 36
295 180
246 295
275 7
321 6
161 321
181 161
91 181
212 91
244 5
343 244
54 343
264 54
89 264
96 89
290 96
191 290
79 4
212 79
330 212
216 330
190 216
179 190
230 179
32 230
261 32
76 261
368 76
235 368
328 235
215 328
307 215
271 307
102 271
191 102
109 191
65 109
329 65
33 329
48 33
340 48
105 340
84 105
84 2
73 84
246 73
157 246
24 157
71 24
341 71
234 341
92 234
59 92
286 59
275 286
72 275
150 72
125 150
22 125
3 22
3 1
313 296 nepfvdienocqfacdjhkdfldpfgtojunrdzudwoakhlgdoovtvxtkmdtesbkslivrverewtbvxrzpskqgxhwwrezmohojghsvwjsledkaakhdyaqwvwckasughcblyjeahuhnrmslkoiglzbghphgihtehbwhkprdvtscuncnpilusdbtfiylkibadnrnikybzjyuqfbbxebotfnuqqeaomcsghuawinqqgewuwzfpczpcnt
358 126 pgvxtjnlpcorqbbbyflyqijvwltxkvomcwbxrirugxegafrkalkmcgfcmccpamsswbwzjgwtfsdtblhpsomhwqsdzxbnrbwlklshdjcdoglzniohuegmmhaowiflysgeqvdncidyvpkmtdzvbfaxpjhibkgigbtmvarcwyjkefzypcitergdknpchpbrpibyatkkjzoabbeunylstcippfnrkuvstbywgwnxzeqpwqnvcpgmkstbhfwosuhchdnqqooceucdnwuieratvobpckwjnlpbbolhfjjqntrymifhmvzpacoxkoezcplqrivsdxfjamltqygklhuyzndqhdxkphnkbskezgamydytrtbuvpjtbdimdfgiocfqsynblitcjwayjewsdlzsmzucxlxufesmroxfmbliarj
277 351 dlnhfyrmovxbqtpscrvvoqpoppulsdpofkplfzpfghcxtkfkkkqlgulvlpxygabmrnkqjwzacvrylttfuawsqabhurtdtyssirmeqjseqztjvwvhhsqqksgpnmjlizvfdftniwfiosdlvanccxcurmrugzabzynxkrwhkynwlywhpxofprxvypyetatfuskbenltgaohmtrswrhmpbyronzhohdabujqelfyytnadijmoxuhrflmlwnbfjdgdagtnbgfzaxxskbisdlfgvvowaryzqglxjxkbzcldkxekldccucjlumdxjyxffnmagzvwv
245 224 sf
305 41 kwasptsq
195 192 gbmdltximo
277 32 o
7 311 xz
240 172 a
98 115 a
356 299 d
90 144 m
251 280 l
58 205 w
287 90 t
130 306 j
279 110 k
330 241 e
103 345 o
128 282 g
228 111 s
139 161 x
322 285 e
352 89 k
268 137 t
282 114 t
158 334 m
101 281 r
351 175 k
23 136 w
252 183 v
306 5 g
43 331 g
223 53 q
227 257 p
164 203 r
179 183 r
116 312 t
356 288 k
140 127 h
328 231 n
340 112 f
227 105 n
260 146 o
105 115 p
113 139 b
365 275 u
86 172 s
287 302 j
225 353 v
228 8 p
161 212 z
29 214 h
318 149 j
201 196 a
216 296 a
294 30 i
295 267 t
284 362 i
133 359 n
118 241 b
75 179 v
14 233 b
110 246 l
345 330 t
101 210 q
2 42 o
150 189 t
223 337 o
360 364 v
81 74 g
88 96 c
217 182 z
238 68 t
150 112 i
217 276 u
84 161 r
215 173 y
153 255 p
307 54 p
33 8 c
244 52 p
19 11 r
68 223 e
188 89 c
89 256 z
123 129 g
275 333 l
86 5 l
104 296 z
137 94 m
214 7 a
125 30 q
121 146 t
207 94 s
212 21 a
251 249 p
329 174 w
223 366 f
74 283 j
182 253 h
206 260 d
4 70 b
316 317 n
211 327 c
157 366 k
139 171 d
58 24 r
137 70 f
229 97 k
177 139 e
251 155 k
9 238 s
255 229 k
330 196 e
68 191 h
240 143 h
218 360 i
146 306 c
328 253 u
134 27 q
26 230 f
265 13 s
28 120 s
321 277 s
44 230 n
222 186 b
45 31 m
124 204 k
272 31 b
135 245 y
105 364 c
342 358 w
1 272 a
320 112 z
82 367 n
99 29 a
311 98 w
66 225 v
199 28 y
36 272 v
224 175 p
220 325 r
160 136 q
202 363 c
362 204 v
198 262 l
280 101 v
100 355 d
7 76 g
2 62 e
225 15 m
221 232 w
159 349 h
238 366 w
48 260 t
198 31 a
297 35 l
331 284 g
321 68 k
120 89 j
157 107 i
266 310 q
293 210 q
311 302 d
347 96 m
12 294 d
221 29 p
9 221 g
155 250 k
271 104 g
148 336 f
308 39 g
214 308 q
192 162 f
169 163 o
345 71 r
10 355 u
253 174 c
121 87 f
363 367 m
103 38 l
359 59 m
37 38 y
79 302 j
110 17 y
117 234 p
60 38 g
151 5 i
4 167 g
289 238 y
177 65 e
76 250 c
276 20 c
10 220 f
17 95 f
74 212 g
345 76 v
316 303 h
188 61 o
78 122 n
43 350 r
166 200 e
91 202 z
297 197 e
8 126 c
138 200 z
182 52 o
219 209 j
105 70 j
94 286 b
57 136 n
283 319 j
231 91 w
10 25 b
188 13 d
214 180 n
89 293 a
266 189 j
134 22 b
139 297 a
84 277 k
348 81 e
323 27 i
136 222 t
11 76 g
65 207 y
136 135 i
219 205 t
121 59 t
345 221 e
135 293 b
215 316 y
324 125 u
126 184 z
183 101 i
27 309 i
163 196 d
8 267 z
178 194 h
355 234 e
129 236 j
304 26 h
234 76 c
279 145 x
211 210 j
294 90 k
315 228 t
343 298 o
185 85 l
139 356 h
263 188 o
143 55 r
20 275 u
5 114 f
332 179 k
194 120 w
164 335 s
77 104 d
243 120 q
98 242 c
314 367 o
35 54 e
84 152 w
64 170 z
167 157 v
196 108 e
212 165 o
33 279 g
8 341 s
281 33 k
95 343 y
4 369 l
221 250 k
214 22 d
357 5 y
196 293 k
179 290 t
40 45 h
162 313 b
349 217 a
136 27 l
268 150 v
26 332 l
164 289 a
212 231 h
360 215 b
251 343 b
120 106 z
69 265 a
204 338 o
96 89 r
5 128 u
316 363 p
354 187 l
8 64 x
169 183 m
260 91 f
121 182 k
305 204 q
245 151 l
116 227 g
249 167 j
161 72 b
354 304 t
336 8 n
63 197 o
311 314 c
116 236 q
32 168 y
48 45 d
107 253 k
281 209 b
228 71 c
70 250 j
101 219 e
83 335 r
253 206 a
290 192 u
309 190 m
144 184 t
94 41 d
35 295 k
159 86 i
94 16 b
255 350 h
137 104 o
189 303 v
303 38 z
29 277 v
23 315 u
84 269 b
174 301 f
106 91 s
169 258 s
364 51 l
215 314 a
178 83 g
31 293 m
85 21 s
278 163 d
287 278 l
221 248 o
286 204 b
3 135 t
98 108 s
174 32 i
176 210 t
332 127 z
109 350 f
341 357 y
244 16 c
19 84 n
27 158 t
138 293 p
253 244 p
142 267 b
179 36 y
62 169 y
26 251 c
183 108 i
158 47 s
246 360 q
130 79 m
218 269 d
41 215 k
51 357 u
337 229 d
289 239 y
90 294 x
143 2 f
117 210 e
289 44 e
170 246 z
280 205 d
353 176 u
231 331 r
154 325 p
264 313 b
308 138 l
83 315 d
106 341 b
159 259 n
206 102 g
198 83 w
154 51 x
297 76 w
169 177 r
56 127 f
23 363 t
221 41 n
189 337 j
121 75 n
283 353 x
18 76 d
184 282 x
214 172 u
166 108 i
12 328 p
302 251 e
9 34 i
73 63 l
259 211 n
249 177 o
257 138 d
86 67 o
91 265 y
166 185 x
25 330 j
78 227 s
95 110 b
53 38 z
184 243 s
124 170 g
30 23 e
67 159 c
338 53 n
240 63 x
248 260 s
29 128 y
336 178 e
19 252 x
124 363 w
264 62 x
163 338 o
266 123 e
126 137 k
137 102 w
270 96 s
302 192 u
240 246 d
47 353 x
156 186 r
30 31 u
26 272 j
54 173 z
114 151 v
