638 1000
dybdlquytumlfcounmcswlvpwqsjjvtekwaxajhmhpbjjcmrfvevtzpayvctqrybydbexpizqoaedjwusxcfinxdqihnkgpvffhnbxvryongonfbkvoncyentabxxrhfiukrojzymmtashroyjlamvmbrzvbrvobkmnpohltqtgcbpochfzmnguyngotagfqusbxpndfjtkoknnodgfgrehjcwfgcflvggjpujoppkdiqveygvrzejloivvuapoczyrzvgvbkvnggttwvxczhmgvnbqaggjjxjkktetklhqenkotsjqxagklunxahulcjwmlggdkqhpyeorjgetlmdlxphlgaqkcccphjscvbyfnfguxhcyaotjybyivhlejbyyukhxdonwujntqfjbxmxvwdmclpalpifwrxhkzeeukcrsayaetzrsiwdylsawdrjyyrseuixelxgubfsjiunrzzcqlapypelopqzlrvelpxgokuawcfpqdynalcoypsbygcddbtvsfgmhoeguuebwxdlrzkoezhcrieqprobklxyoxkagoduwyfbbsyyzkrqlyaiepbqrgloiqqjutlvwqgtyyvncygdmgygrsbuilrsdvgtlgwyjkwlungr
261 638
387 634
473 633
398 630
212 629
480 623
300 621
428 620
298 619
627 614
38 627
282 612
542 610
593 608
462 604
569 602
515 601
31 600
358 599
97 598
339 594
458 593
140 589
267 588
393 586
352 585
603 580
244 579
490 577
138 575
618 571
435 618
84 570
183 568
218 564
338 562
569 561
402 569
354 559
501 556
497 552
553 551
241 547
455 539
462 538
357 536
59 532
497 529
237 527
190 520
48 519
255 516
505 515
512 514
478 512
581 509
472 507
209 506
480 505
98 500
363 498
120 491
616 490
350 486
165 485
318 484
316 483
456 481
495 480
467 479
43 477
9 475
518 474
497 472
260 497
213 471
275 470
161 464
55 462
159 461
523 459
616 457
31 616
35 453
202 452
518 450
548 443
626 439
282 438
194 435
75 433
441 431
465 429
297 465
309 428
221 426
296 421
466 420
590 466
488 419
282 414
144 412
476 410
581 409
122 407
372 406
523 401
119 523
332 399
169 398
381 397
318 394
436 393
90 392
289 391
359 389
29 388
243 387
405 386
12 385
162 380
422 379
441 422
256 378
543 377
369 375
40 372
548 370
156 548
511 369
9 511
80 367
289 366
161 365
191 364
530 361
617 530
368 360
50 368
42 354
517 353
328 352
267 348
537 347
573 537
232 573
493 345
458 344
373 458
595 373
5 595
473 343
314 340
68 336
402 335
617 333
308 617
584 332
189 584
542 330
168 542
52 329
416 324
326 416
61 326
162 322
67 317
499 314
315 311
590 315
291 310
574 309
508 307
104 306
90 302
321 300
166 321
625 299
125 298
448 294
609 448
179 609
89 292
197 290
218 289
499 287
496 499
284 278
257 272
3 271
468 267
174 468
74 266
284 264
157 259
282 256
517 255
246 254
179 253
546 250
560 546
152 560
487 247
597 487
578 597
67 246
45 244
449 243
591 449
304 242
402 240
304 239
269 238
96 269
152 235
493 234
297 493
517 297
75 233
400 231
260 229
50 260
606 226
565 225
43 224
636 221
105 220
122 219
115 218
606 217
323 606
488 215
563 213
423 563
304 423
628 304
526 212
313 526
175 211
276 210
232 276
447 232
79 209
183 208
425 207
85 425
339 206
533 339
316 533
626 316
590 204
257 590
320 202
446 200
32 446
473 199
338 473
456 338
318 456
26 318
263 194
60 263
51 193
2 192
191 190
155 189
545 186
125 545
356 185
501 184
137 501
146 183
567 180
482 567
55 174
395 173
402 169
257 168
291 257
30 164
543 163
157 161
137 160
605 158
9 605
543 155
390 543
13 153
282 150
637 282
81 149
411 146
196 411
99 196
442 145
565 442
376 144
214 376
566 214
223 566
395 141
201 395
427 201
320 138
301 320
216 134
513 133
413 513
418 132
355 130
10 129
408 128
578 127
576 578
518 576
334 126
296 334
351 124
251 351
125 251
195 125
54 195
258 123
454 122
628 454
451 119
104 451
286 118
100 286
628 117
103 628
230 116
237 115
15 237
508 114
504 112
463 504
55 111
4 110
258 109
447 258
496 108
469 496
447 106
187 447
417 187
94 417
227 105
469 104
404 469
171 404
285 103
249 285
31 102
565 101
139 565
296 139
182 296
140 182
99 140
228 100
191 99
52 98
8 95
396 94
188 396
152 188
203 152
625 92
96 625
323 96
280 323
356 280
549 356
374 90
279 89
358 279
541 85
319 541
179 319
176 179
7 176
76 84
274 83
48 274
437 82
415 80
331 415
51 331
328 79
227 328
544 78
402 544
444 402
508 444
308 508
358 308
528 76
535 528
2 535
357 75
445 357
17 445
262 74
403 73
346 403
283 346
265 283
191 72
524 191
177 524
607 177
81 607
424 81
413 424
148 413
151 71
281 70
350 281
613 350
418 613
517 418
61 66
303 63
143 303
268 143
7 61
603 59
305 57
557 305
624 56
270 55
284 54
359 53
181 359
381 181
482 51
553 50
120 553
228 49
510 228
5 510
596 48
342 47
603 342
261 603
432 46
284 45
19 44
67 40
591 67
581 591
495 581
436 495
9 436
42 39
268 42
87 268
557 87
157 557
434 157
349 434
358 349
245 358
384 245
205 384
390 35
38 390
382 38
171 34
37 171
197 33
151 197
626 32
293 626
165 29
615 28
97 615
632 97
52 26
178 52
554 178
301 554
265 25
636 265
540 24
312 540
381 312
170 381
293 23
583 293
525 583
227 21
325 227
476 325
223 476
88 223
107 88
531 107
27 531
91 27
363 91
167 20
77 167
162 19
156 162
277 156
273 277
170 273
430 170
521 430
517 521
382 18
582 17
205 582
288 16
58 288
37 58
31 37
165 31
41 15
405 41
203 405
337 203
637 14
137 637
154 13
371 154
261 371
62 12
592 62
517 592
622 517
327 10
494 8
534 494
550 534
341 7
236 341
93 6
355 93
147 355
408 147
136 408
478 136
522 478
30 522
142 30
252 5
22 252
291 22
363 291
241 363
77 241
455 77
525 455
611 525
2 611
205 4
222 205
427 222
69 427
261 69
463 261
175 463
518 175
374 518
574 374
216 574
460 3
230 460
400 230
624 400
550 624
60 550
492 60
262 492
596 262
295 596
113 295
502 113
120 502
555 120
482 555
383 482
9 383
467 9
137 467
11 137
64 11
198 2
437 198
549 437
440 549
635 440
572 635
166 572
503 166
236 503
172 236
249 172
362 249
382 362
337 382
248 337
489 248
121 489
558 121
327 558
43 327
301 43
165 301
159 165
151 159
587 151
135 587
488 135
441 488
275 441
432 275
622 432
284 622
68 284
270 68
216 270
142 216
36 142
64 36
631 64
65 631
131 65
313 131
636 313
148 636
86 148
632 86
632 1
508 37 j
387 501 a
214 575 y
372 585 s
251 152 p
560 621 m
601 549 t
606 480 t
386 125 k
391 454 m
384 392 d
195 177 q
64 604 a
530 455 z
343 482 b
180 249 w
487 70 k
480 320 b
98 52 k
258 170 a
220 293 c
273 345 q
612 558 a
397 234 l
284 71 i
320 305 a
142 40 v
146 102 v
532 622 c
429 212 h
339 245 g
499 544 n
134 73 f
235 270 b
231 189 u
589 330 p
104 589 g
65 329 q
157 313 q
100 161 k
532 243 j
152 494 b
541 487 z
443 520 a
25 306 w
51 103 i
296 453 y
432 195 d
495 614 l
261 588 x
163 605 x
23 209 t
485 178 b
518 553 j
465 420 o
251 224 b
349 240 g
273 609 j
417 284 q
152 190 j
579 470 t
30 149 b
633 477 z
57 406 o
358 329 a
590 425 l
158 638 w
463 60 p
66 561 x
394 13 a
385 221 o
328 535 q
137 283 t
20 602 q
89 275 e
326 280 x
319 301 n
633 449 c
466 541 i
41 46 v
222 382 v
571 182 w
5 608 g
578 589 o
294 498 x
278 611 g
77 293 n
622 47 d
164 62 w
544 358 b
23 19 f
72 359 p
474 305 x
89 393 k
636 544 y
76 198 j
502 90 s
449 194 u
59 569 b
260 446 o
478 159 n
481 406 m
112 546 w
180 14 q
107 67 z
523 422 n
215 196 e
189 528 a
129 51 q
225 109 f
282 395 b
222 320 u
466 457 p
504 457 r
120 486 b
236 313 l
130 307 w
198 44 h
474 589 a
279 131 z
540 163 u
606 415 q
589 582 y
459 179 x
463 566 c
51 146 e
496 326 k
343 406 e
299 302 y
508 510 x
82 211 a
86 361 r
54 238 c
452 478 n
87 612 y
468 427 k
495 159 m
122 22 c
421 166 o
618 334 z
173 414 f
279 282 l
574 614 z
583 191 j
334 127 s
75 544 b
205 397 j
39 113 j
438 12 f
181 196 h
578 569 u
26 22 c
183 22 l
510 573 l
362 154 e
293 368 s
450 78 o
560 369 j
236 255 v
605 528 a
401 468 y
297 153 b
457 214 s
499 84 w
570 163 b
26 458 w
138 298 o
442 413 s
458 345 b
245 477 x
139 351 q
205 269 d
597 262 l
610 398 d
380 25 o
155 401 g
291 26 t
337 480 o
601 494 v
571 13 t
276 473 g
592 46 v
99 307 s
292 549 t
548 421 r
421 390 a
248 524 i
503 203 j
446 392 e
72 316 a
622 230 b
412 297 c
236 109 u
378 184 c
410 106 j
6 590 n
375 306 o
284 189 s
75 459 s
261 617 v
36 203 m
408 293 g
327 129 x
385 406 y
163 172 l
624 403 c
17 439 z
87 337 u
366 192 q
1 330 p
348 378 d
418 116 e
226 264 d
355 553 v
417 368 x
28 545 f
486 461 p
13 30 u
394 275 t
329 280 l
514 403 c
76 625 z
395 80 t
25 82 f
329 373 z
310 12 f
567 479 f
310 501 e
327 38 g
98 378 i
218 59 c
452 472 r
6 497 y
336 52 m
161 93 q
7 264 p
161 194 p
111 380 l
379 112 x
530 95 h
14 382 r
457 123 t
144 399 g
299 347 b
623 505 w
55 249 a
544 322 g
465 305 f
521 347 i
219 493 z
146 395 w
97 353 e
276 330 n
118 516 i
138 636 e
434 364 z
25 602 i
625 93 f
268 67 q
244 373 l
418 71 j
565 480 w
162 49 s
33 201 e
269 429 g
551 127 t
344 219 w
215 72 a
218 481 p
10 498 d
534 406 z
219 478 n
233 219 p
396 235 p
330 391 e
517 460 d
22 4 i
632 62 e
601 237 s
578 178 w
348 327 m
103 75 e
523 156 q
182 107 f
429 244 t
167 380 t
562 34 u
508 462 f
528 636 i
21 195 x
81 123 x
213 538 w
157 326 u
62 44 c
257 48 h
633 254 l
609 6 m
194 633 d
535 200 l
460 368 n
53 183 l
237 532 q
111 331 y
464 335 g
11 92 q
451 304 l
19 532 m
524 382 j
439 444 m
132 34 d
53 133 c
63 556 v
4 121 q
517 428 a
100 470 l
301 559 x
493 250 m
82 354 y
89 132 d
97 139 u
415 254 k
309 153 b
114 217 z
225 393 m
168 479 x
560 162 x
155 56 a
587 329 f
170 324 a
229 325 f
389 461 l
341 267 o
207 172 i
86 566 h
460 189 h
283 582 y
319 142 h
409 136 i
494 585 b
255 543 s
130 11 q
629 128 b
309 555 f
150 174 w
538 540 w
30 51 b
525 475 z
258 437 m
326 518 h
560 173 d
579 19 s
184 552 t
595 18 z
170 582 g
150 558 d
68 436 t
471 341 r
627 413 i
514 373 z
23 73 d
6 68 a
588 176 l
518 383 q
441 332 z
54 303 y
299 355 v
19 637 f
486 425 f
519 417 e
244 396 a
199 333 d
510 382 n
207 111 t
57 540 j
401 84 i
211 399 c
410 390 r
392 373 h
212 85 p
503 602 x
485 156 k
484 532 a
228 76 v
40 14 d
215 539 t
401 189 w
559 134 r
534 188 r
534 596 i
357 380 w
311 168 a
436 149 d
616 371 n
12 185 x
533 24 p
238 460 k
629 482 s
503 510 u
323 420 m
280 30 c
131 426 i
44 391 x
99 297 q
577 60 l
533 122 p
340 541 x
259 593 t
14 48 n
98 449 n
434 218 c
301 28 l
621 418 t
139 178 v
533 390 f
607 623 q
180 368 r
406 346 o
56 427 h
386 415 e
59 567 a
117 439 g
230 216 s
413 514 j
533 546 z
322 189 i
180 546 t
472 278 y
366 310 h
622 61 i
128 530 b
633 280 o
431 219 k
612 561 z
53 365 m
632 390 l
112 433 g
74 297 y
401 109 l
224 78 t
353 19 v
206 358 h
597 391 n
449 525 d
311 305 m
504 400 q
237 198 v
208 60 q
603 100 h
366 82 i
333 617 q
123 497 u
298 192 p
131 19 a
627 275 p
354 405 o
493 592 a
283 252 o
301 386 x
584 20 j
464 182 a
589 554 t
505 203 l
215 479 n
266 72 e
4 245 k
149 539 q
608 618 e
332 3 h
221 185 y
511 42 n
277 544 d
566 465 s
431 444 z
72 79 p
572 236 e
38 444 u
191 594 l
25 192 h
183 362 k
500 70 n
66 246 v
631 391 d
636 105 o
316 499 u
456 456 b
151 60 k
626 488 x
522 16 c
253 428 r
562 289 c
35 391 m
325 125 p
130 526 u
608 174 g
339 191 w
581 83 f
329 330 v
94 472 s
144 617 t
627 147 i
53 473 y
391 576 c
522 318 r
587 322 k
398 623 c
398 407 e
314 143 l
232 95 d
390 116 b
153 323 f
33 516 k
397 84 z
335 297 i
407 517 t
532 193 p
613 576 r
405 13 y
193 390 t
394 343 d
277 160 i
50 581 n
132 610 f
53 182 z
506 484 f
155 511 d
209 156 k
326 450 x
69 503 c
435 365 z
118 593 z
346 14 t
565 227 s
61 495 r
597 512 t
517 283 q
516 335 u
547 259 o
575 241 r
79 292 n
451 336 d
623 180 k
364 487 o
301 297 f
305 179 m
45 111 u
565 567 s
610 221 g
401 539 w
405 510 l
535 462 a
554 426 s
352 199 t
242 182 n
103 146 u
479 55 k
325 184 h
134 415 y
137 133 r
419 184 x
515 34 i
341 2 t
314 306 m
544 631 v
37 507 q
463 553 l
310 393 q
466 547 o
95 406 y
380 124 c
396 423 y
578 627 u
330 55 u
540 143 l
412 41 c
337 82 n
539 230 n
557 16 n
588 33 b
423 553 i
241 57 i
411 210 f
205 599 q
614 161 p
387 429 w
356 503 n
468 110 h
322 506 z
111 450 u
289 457 l
335 162 k
349 51 d
291 318 w
625 320 z
165 490 y
323 595 u
458 204 c
132 247 m
232 452 n
415 284 g
561 333 d
1 492 o
371 250 v
545 395 g
516 82 x
451 357 n
115 563 k
623 389 g
436 561 v
149 636 h
191 430 n
602 126 v
261 232 e
423 70 q
334 50 l
334 472 q
352 446 k
178 265 q
413 313 d
589 122 t
637 204 o
450 500 f
105 107 b
322 25 b
334 120 p
408 486 f
85 287 h
291 130 n
15 495 o
62 349 k
215 481 v
17 275 r
336 505 a
437 587 f
42 470 z
505 490 b
524 387 i
89 32 e
400 619 d
134 437 f
473 426 y
271 182 q
41 503 d
434 609 l
38 14 z
284 429 r
296 196 j
328 152 q
359 122 t
591 377 x
128 453 b
355 543 i
233 443 i
209 34 t
608 104 k
325 17 h
162 284 x
175 87 t
534 33 b
516 496 m
142 585 g
437 75 h
201 48 c
507 562 j
530 624 a
337 3 c
92 434 l
122 199 m
485 573 w
92 298 u
331 558 x
340 542 q
129 410 a
47 434 u
581 160 x
616 619 a
100 279 i
312 491 v
297 469 h
472 301 u
265 97 y
237 344 w
569 400 l
488 239 e
481 254 t
174 283 k
381 73 c
186 2 u
297 340 d
346 545 t
466 629 u
169 211 v
552 635 l
154 79 o
67 484 l
93 214 u
64 486 i
626 320 c
486 541 p
635 391 f
376 201 b
592 322 p
535 435 o
637 389 l
156 508 u
548 280 i
140 216 u
447 191 e
207 37 m
277 594 d
194 395 g
80 149 v
632 602 c
408 357 n
85 317 n
351 533 h
141 17 t
438 182 i
452 289 p
519 610 z
101 59 u
428 349 j
249 252 e
397 242 h
260 228 t
374 227 o
618 25 i
16 311 t
216 107 s
52 174 c
315 203 c
203 206 b
459 86 i
593 409 b
471 477 e
183 244 y
469 94 h
625 497 d
367 219 k
61 252 u
601 234 y
391 126 s
100 598 u
319 428 f
293 342 w
634 249 q
444 633 j
25 87 w
514 375 d
346 523 e
53 435 l
38 186 m
213 37 x
396 240 b
291 442 l
57 523 z
84 280 c
391 482 q
508 372 i
390 87 c
116 100 w
83 443 c
78 100 w
446 127 q
610 434 e
425 207 z
526 373 e
359 366 p
593 581 y
309 488 d
276 369 t
69 604 j
617 213 i
77 585 e
329 157 v
92 516 o
446 275 p
189 12 g
446 32 u
33 599 e
35 270 w
189 130 z
125 473 j
347 621 r
481 557 v
162 264 v
318 124 o
591 139 t
491 274 x
345 455 s
46 243 v
155 249 t
390 583 i
359 9 n
489 83 f
505 251 p
580 128 l
146 440 u
338 626 k
425 312 q
623 33 w
129 25 w
595 626 v
514 297 u
417 621 q
260 564 a
559 551 r
1 378 k
244 636 u
316 599 i
197 113 e
507 522 v
613 144 y
477 255 m
568 474 i
54 577 o
372 425 s
52 577 f
308 137 w
287 629 n
212 382 l
572 240 b
544 17 b
371 13 i
593 414 q
203 359 o
150 432 e
433 215 s
222 520 m
502 584 y
480 230 e
476 320 t
267 57 m
412 201 j
588 397 j
308 623 x
393 512 m
46 60 h
410 589 o
311 379 y
87 319 k
212 632 z
261 90 t
71 347 c
238 552 d
317 334 x
441 256 q
614 145 l
375 445 m
221 621 z
191 408 l
409 491 p
22 98 a
32 170 r
260 567 x
432 408 h
365 517 n
237 43 u
110 569 z
207 554 d
557 344 h
441 40 s
204 402 z
127 608 t
626 4 h
622 524 j
434 604 i
61 330 i
510 526 k
378 528 d
355 484 h
517 393 t
536 494 c
263 58 o
592 426 r
501 248 h
18 311 t
460 604 f
607 480 b
307 605 k
188 547 u
8 575 o
58 305 f
550 385 o
435 220 i
290 604 t
24 511 q
35 559 i
54 495 r
124 618 k
196 254 g
42 140 u
591 166 y
321 268 i
429 172 h
190 296 f
421 397 k
46 442 q
164 291 z
545 349 l
242 328 p
519 42 u
498 562 r
116 328 u
563 164 b
401 332 r
467 319 p
585 423 d
44 132 o
412 90 c
127 185 z
120 302 a
492 532 u
632 544 s
557 78 s
344 530 f
113 522 s
84 6 r
278 307 u
76 111 w
552 614 o
525 585 o
561 209 c
72 388 m
378 369 c
118 577 k
20 25 z
18 487 q
514 144 r
562 398 i
161 161 m
613 540 k
494 458 e
131 306 e
341 4 a
204 269 g
155 626 g
406 307 f
11 352 g
342 101 m
50 622 j
485 298 x
71 54 i
68 468 x
304 104 c
50 75 r
503 11 j
486 159 o
523 419 x
618 475 q
557 575 i
152 608 k
62 270 w
619 452 i
520 110 f
59 30 n
474 126 z
420 502 s
230 188 u
421 390 n
336 185 k
238 358 u
261 150 h
567 481 g
336 557 s
96 235 j
611 138 o
327 492 f
32 63 s
160 501 b
358 494 t
518 358 w
167 499 t
313 608 q
26 588 w
479 103 u
397 411 u
4 450 v
481 279 e
424 68 b
138 575 b
530 217 c
627 406 j
163 123 u
201 170 u
5 159 r
346 541 d
25 109 r
39 182 f
592 163 n
459 248 b
268 235 x
317 274 h
353 88 t
54 47 f
43 210 v
352 538 s
210 633 x
170 11 y
426 140 m
338 375 q
