606 1000
jqrktgydxoapyqcofrhvkowotqmghgdnrerfchtwlnzvcbezzsjoqotgqkwlsqvdkydhyuoghjdureqsqeayrmaofzrkfeubdprjvbecybobqrfinyvxuslpcxevdtfyhcbavzuvcdlvbkrjhbyvlmvnehzcecpfzduyyylshifvkvaxxsrwtpepikjpzcihfdqgdhuhcqmorzzkrxogvajvqeuwtpofuuwlxshsstaiqpvstkbrohankqydjpywhovzacpjpcgfmtawpbwucxepdondobqnyzfxxesyxcspmjjramzeedgjxlsuhpewaopiakuekqhyqlszzwuudltczakjqurtrpvxyshxyvetrxjwpcwzzxthddiqkcpfsprtkwfzhmhsnwtfxwojkbrivglkcbznmwkhmvqlwuppnzectyqogozavxgszydhsvcijzlvrfomsviimkpjyqkmsblsvtaaggqxyodjmtiwvggldudxwgaodzjdazkthefduyqjovknufnmikmnoruvgmjlurdvjhiwovipgexhmfxlumlbqcvwvpoerynvopkthlxtwphiicqhqwiydutmiumamx
276 603
109 600
26 599
290 595
429 594
537 593
387 592
582 591
175 590
554 586
549 582
596 577
562 596
43 576
45 575
242 571
398 570
184 569
60 568
106 565
376 563
118 561
275 558
475 556
315 553
343 552
188 550
283 549
5 545
498 542
584 541
503 540
275 539
504 533
219 532
127 531
574 530
489 574
579 527
424 526
224 525
299 524
495 521
125 517
341 516
74 515
5 513
206 512
379 508
276 507
559 505
417 559
355 504
547 503
189 502
543 501
583 493
180 492
31 491
496 487
490 486
221 490
25 479
19 476
588 475
402 474
397 472
255 467
528 464
455 462
495 459
66 495
70 458
37 456
260 446
150 441
2 440
204 436
164 435
156 432
424 431
457 430
143 428
433 425
171 424
394 420
585 419
410 417
329 413
61 412
18 405
546 400
473 546
589 399
408 589
146 408
333 397
261 395
423 391
290 387
422 385
332 382
294 381
154 379
451 375
442 372
140 370
196 368
580 366
133 580
232 364
256 363
51 361
423 355
538 353
415 352
288 351
461 349
189 461
421 348
242 421
547 347
151 547
126 344
227 342
42 339
185 338
448 337
378 336
176 378
214 335
110 334
74 332
89 330
51 327
205 325
247 322
70 320
200 318
244 317
146 313
213 312
371 311
60 371
509 309
40 509
365 306
42 365
326 305
265 326
95 302
480 300
386 298
51 386
522 290
81 522
76 289
573 288
301 573
308 287
297 282
57 280
463 279
384 463
125 277
110 276
331 275
284 274
58 284
51 271
587 270
273 268
81 273
158 267
9 265
357 264
442 263
514 442
256 514
34 262
175 259
481 258
605 256
331 605
341 252
392 341
222 251
20 250
346 249
535 248
209 247
135 242
285 239
354 285
188 238
406 235
5 406
303 234
2 233
236 232
107 229
588 227
253 226
451 253
135 221
92 220
601 219
214 601
451 216
536 451
278 536
510 215
217 210
350 217
203 209
2 205
567 203
401 201
369 401
180 200
199 197
518 194
598 518
74 598
15 189
25 188
8 186
69 185
483 182
373 483
142 373
566 178
449 177
357 449
139 357
126 176
478 174
240 171
225 240
535 225
296 535
129 296
360 170
374 168
169 374
307 165
157 164
195 163
135 195
564 161
175 564
104 159
157 158
454 156
537 155
255 154
384 255
213 150
473 213
579 148
319 579
321 319
304 144
422 304
578 422
192 142
92 141
362 139
230 362
452 230
21 137
331 134
222 331
529 133
308 131
303 130
56 303
114 129
500 127
369 500
193 126
245 193
310 123
72 310
116 122
450 121
390 450
562 120
396 562
315 396
557 119
359 118
125 359
124 125
223 117
380 223
429 380
444 429
555 444
465 555
196 465
415 196
437 114
283 112
295 111
107 295
151 108
257 106
316 257
367 105
291 367
228 103
358 228
597 102
356 101
181 100
415 97
315 415
543 315
478 543
587 478
110 587
453 110
308 453
53 96
140 92
496 140
416 496
457 416
314 457
389 314
211 91
266 90
4 266
606 88
537 87
328 537
151 328
162 86
343 162
76 343
434 85
523 83
244 523
316 82
489 80
245 489
132 245
369 132
79 78
350 79
51 350
307 77
50 307
116 76
404 116
403 75
566 403
340 566
499 340
544 74
358 72
36 71
423 70
4 423
175 69
293 68
488 293
236 488
184 236
241 184
169 241
292 169
394 292
390 394
468 390
484 67
281 484
190 66
278 190
167 278
498 65
398 498
404 398
33 404
323 64
261 323
426 261
485 426
27 62
473 61
445 60
34 59
434 56
402 434
528 402
529 528
557 529
388 557
50 388
138 55
581 138
520 581
321 520
544 53
410 50
324 410
212 45
166 44
481 166
383 481
447 383
602 447
143 602
510 143
452 43
224 452
360 224
433 42
218 433
152 218
81 39
31 81
333 38
477 333
175 477
254 36
6 254
437 35
152 33
51 152
438 32
136 438
34 136
113 29
124 113
107 124
445 107
301 445
548 28
115 548
206 115
468 27
13 468
30 26
354 30
301 24
585 301
554 585
299 19
588 299
482 18
73 482
23 73
37 23
212 16
211 212
471 211
448 471
308 448
48 308
346 48
437 15
12 437
151 14
454 11
499 454
214 499
40 10
519 40
272 519
384 272
439 384
206 439
222 9
153 222
175 153
485 175
466 485
180 466
84 180
411 8
94 411
494 94
393 494
246 393
187 246
291 187
316 291
84 316
12 84
192 7
356 192
13 356
58 13
346 58
2 346
534 5
281 534
52 281
345 52
414 345
480 414
583 480
376 583
497 376
321 497
469 321
206 469
560 206
604 560
243 604
427 243
506 427
297 506
167 297
22 167
46 22
198 46
191 198
244 191
567 244
510 4
172 510
360 172
511 360
31 511
57 31
157 57
20 157
294 20
544 294
597 544
572 597
470 572
329 470
460 3
99 460
377 99
324 377
389 324
202 389
392 202
25 392
208 25
6 208
567 6
98 2
95 98
407 95
147 407
578 147
473 578
17 473
181 17
369 181
269 369
179 269
354 179
149 354
260 149
145 260
358 145
588 358
199 588
173 199
584 173
47 584
151 47
606 151
283 606
135 283
231 135
551 231
89 551
51 89
554 51
49 554
286 49
63 286
160 63
54 160
37 54
41 37
21 41
109 21
409 109
12 409
146 12
538 146
418 538
214 418
93 214
567 93
455 567
104 455
183 104
443 183
329 443
34 329
204 34
207 204
237 207
128 237
128 1
273 496 dtnfdtexkhssltztbetficwwaajohmelxveaqblijuggpjabsblchjogcqpbchejvqwjtbgcahwg
54 398 abjcknftprpiqbjttzxobbjsvggoleaxdlpghnnkvoglllziuluqjntllgwfujntpxzjjivplsjnaxabwxyuuwhmnractjvjrehinewvlvqdenhyayelvbtfgdxqgpesjtiecakbyxbvahmcpomopzfzmgmufatmracijwqnnryhinkqhayleunaelvvponwyqrimzdaoowvcpbggghlibgrmejakvucbbqydraolrnizajppxowfsardxmjzwgzzbljtejhxfwbvrwyiptzmibkwwvafbtgwtdteqyhsxuniuuulnbvmefworykubgdeelpgtsezpnsyrwzvxvteidjbqrijybtahhxsmilrnrwmdfegcvdicsnkvykcllbapwqkrvdnsrxzhrhlexitmetotsbdbmjzhagbftlchlisghdnydgtwawuxkzlttfashvqemafhuarfmuxojvkzsrjncveeqzrvclxtkizyfhfrfsaxwetjkjroejaugudlntfdlfceojnqupwovnnrfibdwgjlsltwcmjjkivnpzaxbimcisglizbnjgmzuzwszyhwmfakxwrukaygutrwsenmsxupakgvdgrmqgxouwtiiqoqjwttjhzfyuyxnimjksluewrcsmdbupjkjkpmnraxshxutaklfofxshnihfzncpblinkpopmshuyswtmkbidzzwmqgcsgtzchozrerjllpefzyvskzptlyrfexyluibmlcsnjntokoaddwluywbsieednmfpbq
455 421 qxgajojbwaqkmtayibwwocvllgoctzmxpexqunksa
431 561 lsaraeuwtmp
431 166 s
192 12 ib
387 117 k
522 499 e
25 513 e
471 361 e
312 61 g
360 541 c
159 536 c
204 530 s
437 310 v
550 218 l
584 232 l
431 512 p
203 180 u
464 195 g
550 359 i
313 497 a
186 519 r
20 79 f
511 107 i
592 105 e
142 234 i
289 407 u
90 343 q
565 591 r
169 224 e
574 486 p
224 307 w
157 464 h
91 490 u
403 422 x
434 122 m
192 200 c
443 456 b
142 385 i
79 425 r
201 322 c
562 57 j
324 535 f
588 207 d
228 447 n
293 214 d
316 25 z
89 319 u
191 82 x
123 294 x
409 593 m
272 452 d
543 494 w
147 120 p
189 544 z
411 3 h
418 325 i
123 155 b
193 288 h
38 511 q
598 243 i
440 160 w
594 127 g
43 602 k
358 598 l
506 50 w
250 134 n
196 476 i
283 494 k
27 515 h
425 541 a
437 12 q
364 384 h
285 449 j
251 354 k
207 467 o
43 61 z
163 420 n
115 313 o
281 194 n
169 194 s
202 468 j
396 281 q
240 362 p
560 61 t
336 534 q
587 263 k
316 55 b
306 40 b
472 261 c
125 24 p
242 71 n
334 588 v
93 575 n
497 434 o
180 533 b
17 405 w
447 317 p
444 20 v
318 333 d
549 398 q
42 187 a
333 516 j
399 308 f
351 305 u
75 39 b
435 24 z
37 451 h
84 161 m
514 402 z
92 297 b
13 23 a
109 93 l
367 257 w
435 226 d
496 189 r
424 412 f
315 257 y
167 184 t
130 111 s
104 287 l
573 159 q
6 561 t
122 97 s
438 566 t
330 14 b
212 564 v
126 468 y
136 442 d
286 300 p
273 17 r
267 569 x
364 558 o
324 408 u
19 160 v
216 2 h
151 267 d
69 74 n
558 261 t
2 119 g
295 253 f
605 106 h
440 541 r
285 329 c
86 312 c
392 207 k
154 471 h
569 385 q
251 323 a
191 452 g
600 276 m
356 108 t
480 454 r
110 324 f
320 192 f
528 161 f
54 408 l
310 356 y
302 484 m
368 333 g
385 539 m
118 310 a
250 345 s
337 218 s
558 75 p
317 379 l
442 30 m
47 341 v
182 140 o
119 504 y
399 207 y
30 337 z
597 531 i
266 11 b
296 90 o
581 167 i
314 68 n
21 492 v
475 18 o
353 155 h
191 94 u
351 296 g
104 231 h
488 282 r
197 495 h
439 290 w
520 369 f
194 465 z
230 415 i
209 487 i
485 47 a
564 454 h
393 70 w
332 350 s
344 210 d
390 454 u
458 435 h
366 124 x
436 269 a
294 428 h
103 74 u
51 569 g
115 268 g
492 155 q
90 555 i
336 321 g
431 31 t
124 212 p
222 178 z
565 386 b
61 456 e
559 161 k
215 79 w
299 432 w
421 270 l
250 54 y
581 92 r
92 153 r
230 177 s
492 361 w
268 330 r
529 89 z
117 61 y
151 493 w
184 353 y
395 455 k
511 77 d
229 331 w
191 70 a
462 112 a
188 3 w
494 300 l
261 361 h
157 378 t
269 481 s
173 185 f
131 260 j
180 171 s
196 44 l
48 417 k
454 454 k
559 404 l
35 67 t
449 331 n
306 236 k
430 40 i
172 44 q
522 298 t
311 363 k
445 336 s
129 585 e
542 487 d
134 32 i
40 452 w
261 582 b
601 418 s
443 163 q
470 171 o
296 225 n
524 281 o
58 605 f
458 276 y
122 140 y
217 318 c
497 322 c
177 93 j
469 343 o
576 568 g
601 436 l
459 58 u
400 64 o
419 318 n
414 388 w
431 416 w
287 545 d
270 581 f
146 174 v
86 239 k
358 429 t
224 604 v
584 569 i
92 324 r
247 163 b
582 328 c
302 64 s
416 534 g
285 565 i
245 528 e
229 248 d
597 311 d
501 493 t
353 409 j
116 405 i
146 203 u
227 563 b
254 414 n
165 381 a
455 235 h
555 44 z
537 449 a
230 202 p
552 135 y
197 315 k
3 555 x
437 565 d
157 70 d
121 591 u
203 164 i
339 326 r
300 113 r
554 126 v
51 278 w
471 458 k
187 424 p
378 569 r
345 548 d
315 285 e
322 270 o
249 395 y
318 448 o
37 298 c
232 223 g
506 335 v
391 375 h
113 97 h
64 420 y
11 541 y
92 256 f
496 472 w
249 11 s
172 502 m
553 99 p
90 573 i
325 47 k
356 345 j
555 560 m
250 192 f
175 278 s
265 86 o
518 363 i
285 458 p
326 186 b
60 382 u
190 329 s
168 476 q
415 387 x
587 511 z
584 475 p
69 48 y
561 72 d
249 203 w
74 86 v
529 173 h
534 363 r
587 103 c
604 336 a
315 493 v
572 517 r
209 570 b
473 329 y
443 59 d
434 493 z
357 350 u
420 379 u
600 545 l
562 451 a
12 500 v
547 216 z
235 31 m
263 399 g
391 566 e
201 81 r
341 188 i
469 85 z
530 408 t
590 235 h
16 5 f
336 493 r
163 220 p
527 36 z
7 185 m
48 537 l
366 310 d
474 343 l
122 507 x
508 90 c
462 449 m
531 326 u
334 540 y
62 536 s
192 349 c
374 495 r
76 232 s
213 80 c
510 66 x
600 558 o
449 178 r
170 591 j
504 258 k
138 26 m
386 344 w
13 367 n
86 307 b
368 583 v
415 473 e
392 187 x
312 461 b
126 232 z
432 393 p
258 490 t
383 223 l
162 46 i
302 240 k
458 240 r
343 458 g
525 265 e
70 333 j
273 302 b
455 172 j
394 90 i
78 30 l
153 310 w
451 576 z
245 215 z
261 218 o
529 531 q
375 505 u
290 199 r
388 403 r
132 585 p
95 48 u
584 88 n
230 482 x
69 226 h
242 601 g
11 597 r
396 388 v
449 149 s
104 402 h
506 378 c
53 187 z
251 359 k
63 543 c
260 313 z
298 64 s
364 481 r
102 112 w
281 91 x
546 96 y
236 67 u
27 227 t
496 221 h
51 495 z
532 13 k
509 136 k
247 535 f
41 367 q
357 457 d
94 262 z
267 33 c
459 22 e
213 262 t
476 452 j
441 540 o
396 121 x
86 193 i
404 285 l
367 28 n
292 207 m
321 3 o
476 244 b
338 265 a
301 301 q
425 206 u
139 493 v
240 77 y
382 55 g
500 600 g
46 569 s
575 273 h
489 546 d
20 3 f
12 12 f
5 297 q
294 461 i
257 6 z
447 218 g
240 442 d
129 541 m
299 135 j
511 230 y
497 131 c
3 285 n
290 318 f
225 136 w
348 207 h
64 268 f
172 410 n
420 270 c
385 423 p
524 586 i
471 299 h
245 159 c
522 198 c
330 229 b
501 135 f
31 323 t
564 12 x
57 276 q
282 25 j
583 232 v
522 578 a
368 534 x
211 514 o
115 563 f
495 566 u
187 425 s
595 390 c
536 430 l
386 509 l
299 61 v
578 347 x
441 441 b
210 241 h
200 485 w
49 178 l
193 175 l
342 543 b
358 191 k
82 117 i
110 382 c
140 200 z
530 463 f
400 294 o
392 411 m
565 92 a
525 544 l
6 530 o
216 595 m
268 535 e
158 285 d
112 522 d
93 383 a
116 510 t
401 79 l
195 504 v
226 148 u
445 544 q
267 522 w
491 207 p
350 515 m
27 349 s
497 546 o
576 563 v
333 268 y
158 520 k
425 598 b
451 251 q
566 526 f
374 104 o
529 516 c
32 148 s
78 499 w
121 82 h
601 388 m
7 472 k
70 495 u
563 266 j
401 73 b
383 451 z
476 551 y
146 40 y
467 155 n
593 198 r
48 105 c
559 101 a
393 382 g
314 211 n
473 359 n
564 95 w
76 218 b
514 556 v
88 154 o
392 24 h
98 126 t
228 115 k
462 291 a
121 548 d
87 24 d
284 62 z
49 450 o
27 32 s
211 397 b
415 171 p
78 100 a
146 166 r
594 390 a
313 87 q
352 420 g
573 28 v
32 546 n
45 479 j
502 202 o
363 385 u
524 260 m
48 243 w
83 116 p
169 255 p
252 501 u
260 371 b
77 112 d
603 34 t
471 64 z
340 368 g
422 578 b
337 387 y
278 45 z
462 321 g
31 305 t
601 314 i
516 429 k
306 415 a
164 52 a
186 130 a
219 201 v
154 366 a
545 410 r
68 240 l
272 174 r
150 192 m
161 496 b
395 306 m
287 6 w
510 332 j
516 593 x
30 12 k
228 462 s
326 291 o
425 367 n
8 30 x
512 160 d
239 514 u
520 200 f
367 118 n
334 218 v
431 278 z
247 484 q
446 60 p
326 144 w
63 521 n
528 33 q
521 509 j
238 50 b
241 591 b
205 387 v
223 349 f
81 244 m
479 163 i
148 563 j
581 251 l
465 592 n
484 490 v
150 414 c
429 97 m
207 604 c
399 352 d
226 53 d
468 464 m
451 558 n
353 468 w
412 90 j
421 480 y
309 429 m
19 469 u
122 557 k
16 395 u
592 241 s
56 152 p
142 543 u
451 457 e
24 479 n
36 598 q
313 492 d
87 12 t
305 170 l
181 273 n
22 399 c
314 325 b
232 418 j
142 153 d
579 244 j
353 205 w
133 324 e
295 415 c
16 63 q
152 441 m
246 515 o
187 227 r
178 558 s
525 252 n
536 186 u
192 215 w
94 545 z
270 424 b
399 506 r
272 525 g
304 216 e
39 419 q
285 422 f
128 155 n
133 387 h
206 348 s
133 285 y
312 449 c
305 77 p
500 465 x
151 40 f
96 565 x
235 441 d
246 284 i
157 410 y
107 32 b
94 376 z
82 176 e
328 231 k
435 130 i
100 480 v
34 388 v
221 215 c
349 111 z
476 542 p
181 57 l
579 377 m
136 203 r
527 370 y
543 557 g
493 55 w
565 15 l
211 97 j
67 555 i
336 5 e
603 39 j
4 326 p
364 269 l
570 225 y
337 348 z
395 324 p
598 443 e
33 7 c
140 172 t
216 427 t
569 539 z
40 478 a
275 576 u
58 294 y
463 45 e
464 511 a
46 73 i
466 221 x
502 57 h
283 462 v
9 245 d
539 573 y
335 477 c
329 500 n
81 320 o
554 279 w
69 512 t
383 132 w
135 525 d
369 54 v
484 556 s
571 497 v
570 352 q
575 118 h
342 326 k
550 165 t
195 380 x
119 372 u
575 533 a
228 126 o
597 454 t
258 455 g
185 111 h
130 357 x
317 199 z
278 291 e
200 182 z
440 254 v
368 552 m
81 539 f
106 242 s
546 329 m
190 545 c
429 343 j
150 117 s
480 469 g
143 473 n
505 146 a
384 327 r
54 60 e
212 156 x
345 236 k
155 325 t
243 231 l
110 95 m
400 55 g
414 135 a
152 496 z
187 459 p
377 92 p
295 374 a
60 257 j
588 182 t
121 462 r
370 512 i
375 185 l
386 164 t
336 107 u
527 292 e
332 1 i
90 424 h
525 207 d
40 219 f
507 160 u
538 232 n
176 434 y
146 101 d
271 25 g
491 211 o
282 507 z
95 304 j
588 154 p
206 123 x
281 190 n
242 404 e
248 462 a
429 219 w
365 429 t
184 144 v
162 268 p
300 220 n
173 517 r
495 530 w
429 94 e
483 484 d
320 290 u
26 287 b
366 514 n
305 390 c
606 319 z
213 305 j
15 19 h
403 322 m
79 219 z
162 232 g
245 302 r
184 568 w
344 486 c
409 510 n
349 392 m
162 213 t
293 77 x
258 378 d
492 391 w
524 85 v
379 166 q
189 93 i
263 276 e
284 309 w
221 466 v
95 273 u
194 358 r
251 597 m
271 589 o
413 408 l
467 308 w
70 377 e
430 258 o
501 600 e
581 126 j
346 342 x
114 364 l
482 585 r
480 180 o
382 538 q
600 314 u
39 2 c
87 138 g
51 317 u
491 27 z
478 542 d
390 194 c
175 120 g
590 213 a
93 163 e
585 45 l
180 319 w
5 128 d
251 451 o
85 332 c
256 207 w
18 500 w
384 7 m
16 476 x
348 487 b
143 250 m
396 424 y
342 216 e
309 499 g
287 123 l
526 518 b
456 221 h
563 333 j
48 395 v
555 280 b
149 202 j
555 426 b
261 156 b
456 275 x
351 370 a
584 327 r
239 471 v
36 47 o
490 422 r
585 149 u
436 521 g
461 40 m
601 428 d
309 222 j
583 456 j
131 597 p
213 533 n
224 505 y
275 557 i
399 264 b
566 150 a
423 69 s
101 290 o
199 179 e
115 140 f
486 38 d
225 141 d
437 115 v
59 200 c
447 520 z
64 34 x
344 599 s
43 553 s
501 241 h
497 243 a
545 240 h
304 65 i
277 420 l
349 418 i
203 525 n
230 17 t
539 195 a
400 99 u
6 48 j
109 402 z
291 295 n
366 175 j
377 95 j
234 410 l
102 569 y
418 506 l
98 564 c
538 527 j
585 136 n
507 248 t
267 277 y
343 260 t
463 594 v
385 42 o
583 510 r
221 9 a
193 353 a
555 364 o
267 288 l
164 393 l
99 281 r
378 59 b
533 272 f
573 486 t
401 331 u
82 131 j
88 230 o
165 12 z
570 555 j
187 118 v
338 129 g
547 530 q
543 308 c
405 188 s
474 541 t
117 577 o
437 123 r
56 70 b
