252 3 993
2 1 2 3
2 4 2 7
2 8 2 12
2 13 2 16
2 17 2 21
2 22 2 26
2 27 2 30
2 31 2 33
2 34 2 37
2 38 2 43
2 44 2 47
2 48 2 50
2 51 2 55
2 56 2 61
2 62 2 67
2 68 2 72
2 73 2 78
2 79 2 84
2 85 2 88
2 89 2 92
2 93 2 97
2 98 2 99
2 100 2 101
2 102 2 106
2 107 2 110
2 111 2 112
2 113 2 115
2 116 2 118
2 119 2 120
2 121 2 122
2 123 2 128
2 129 2 132
2 133 2 137
2 138 2 140
2 141 2 145
2 146 2 151
2 152 2 157
2 158 2 159
2 160 2 162
2 163 2 167
2 168 2 171
2 172 2 177
2 178 2 182
2 183 2 188
2 189 2 191
2 192 2 195
2 196 2 197
2 198 2 202
2 203 2 205
2 206 2 211
2 212 2 216
2 217 2 218
2 219 2 220
2 221 2 222
2 223 2 226
2 227 2 229
2 230 2 233
2 234 2 235
2 236 2 239
2 240 2 243
2 244 2 247
2 248 2 253
2 254 2 259
2 260 2 264
2 265 2 266
2 267 2 269
2 270 2 273
2 274 2 276
2 277 2 278
2 279 2 280
2 281 2 282
2 283 2 284
2 285 2 287
2 288 2 291
2 292 2 293
2 294 2 299
2 300 2 303
2 304 2 307
2 308 2 313
2 314 2 315
2 316 2 320
2 321 2 322
2 323 2 326
2 327 2 328
2 329 2 333
2 334 2 339
2 340 2 341
2 342 2 343
2 344 2 345
2 346 2 351
2 352 2 356
2 357 2 361
2 362 2 366
2 367 2 372
2 373 2 378
2 379 2 381
2 382 2 385
2 386 2 389
2 390 2 392
2 393 2 398
2 399 2 402
2 403 2 406
2 407 2 408
2 409 2 414
2 415 2 417
2 418 2 422
2 423 2 424
2 425 2 430
2 431 2 432
2 433 2 435
2 436 2 441
2 442 2 444
2 445 2 446
2 447 2 448
2 449 2 454
2 455 2 458
2 459 2 463
2 464 2 465
2 466 2 467
2 468 2 470
2 471 2 472
2 473 2 478
2 479 2 481
2 482 2 485
2 486 2 490
2 491 2 496
2 497 2 499
2 500 2 505
2 506 2 508
2 509 2 514
2 515 2 520
2 521 2 525
2 526 2 528
2 529 2 531
2 532 2 533
2 534 2 538
2 539 2 540
2 541 2 546
2 547 2 549
2 550 2 552
2 553 2 554
2 555 2 558
2 559 2 561
2 562 2 565
2 566 2 571
2 572 2 574
2 575 2 580
2 581 2 582
2 583 2 585
2 586 2 588
2 589 2 593
2 594 2 596
2 597 2 601
2 602 2 606
2 607 2 609
2 610 2 614
2 615 2 617
2 618 2 620
2 621 2 622
2 623 2 628
2 629 2 633
2 634 2 638
2 639 2 642
2 643 2 644
2 645 2 647
2 648 2 650
2 651 2 653
2 654 2 659
2 660 2 664
2 665 2 669
2 670 2 675
2 676 2 679
2 680 2 683
2 684 2 689
2 690 2 695
2 696 2 698
2 699 2 701
2 702 2 705
2 706 2 710
2 711 2 714
2 715 2 720
2 721 2 725
2 726 2 731
2 732 2 737
2 738 2 743
2 744 2 746
2 747 2 750
2 751 2 755
2 756 2 759
2 760 2 761
2 762 2 764
2 765 2 769
2 770 2 772
2 773 2 774
2 775 2 776
2 777 2 779
2 780 2 783
2 784 2 789
2 790 2 792
2 793 2 797
2 798 2 802
2 803 2 806
2 807 2 808
2 809 2 814
2 815 2 817
2 818 2 821
2 822 2 824
2 825 2 828
2 829 2 830
2 831 2 832
2 833 2 834
2 835 2 839
2 840 2 844
2 845 2 850
2 851 2 856
2 857 2 859
2 860 2 863
2 864 2 868
2 869 2 873
2 874 2 879
2 880 2 881
2 882 2 887
2 888 2 891
2 892 2 896
2 897 2 901
2 902 2 903
2 904 2 906
2 907 2 908
2 909 2 911
2 912 2 915
2 916 2 919
2 920 2 922
2 923 2 928
2 929 2 930
2 931 2 936
2 937 2 942
2 943 2 945
2 946 2 947
2 948 2 950
2 951 2 952
2 953 2 956
2 957 2 958
2 959 2 963
2 964 2 967
2 968 2 971
2 972 2 974
2 975 2 977
2 978 2 980
2 981 2 984
2 985 2 988
2 989 2 991
2 992 2 993
