208 3 874
2 1 2 5
2 6 2 11
2 12 2 15
2 16 2 18
2 19 2 21
2 22 2 24
2 25 2 26
2 27 2 30
2 31 2 36
2 37 2 42
2 43 2 47
2 48 2 52
2 53 2 54
2 55 2 57
2 58 2 59
2 60 2 62
2 63 2 64
2 65 2 70
2 71 2 74
2 75 2 76
2 77 2 78
2 79 2 84
2 85 2 90
2 91 2 96
2 97 2 98
2 99 2 102
2 103 2 107
2 108 2 113
2 114 2 118
2 119 2 120
2 121 2 123
2 124 2 129
2 130 2 135
2 136 2 139
2 140 2 145
2 146 2 148
2 149 2 152
2 153 2 158
2 159 2 161
2 162 2 165
2 166 2 168
2 169 2 172
2 173 2 174
2 175 2 180
2 181 2 184
2 185 2 190
2 191 2 192
2 193 2 195
2 196 2 198
2 199 2 200
2 201 2 205
2 206 2 210
2 211 2 214
2 215 2 219
2 220 2 225
2 226 2 231
2 232 2 233
2 234 2 237
2 238 2 241
2 242 2 243
2 244 2 246
2 247 2 250
2 251 2 255
2 256 2 258
2 259 2 264
2 265 2 267
2 268 2 273
2 274 2 275
2 276 2 277
2 278 2 283
2 284 2 287
2 288 2 290
2 291 2 296
2 297 2 298
2 299 2 303
2 304 2 305
2 306 2 310
2 311 2 315
2 316 2 321
2 322 2 324
2 325 2 327
2 328 2 329
2 330 2 331
2 332 2 336
2 337 2 340
2 341 2 343
2 344 2 345
2 346 2 351
2 352 2 355
2 356 2 357
2 358 2 363
2 364 2 369
2 370 2 373
2 374 2 379
2 380 2 385
2 386 2 388
2 389 2 390
2 391 2 395
2 396 2 400
2 401 2 406
2 407 2 412
2 413 2 418
2 419 2 420
2 421 2 426
2 427 2 431
2 432 2 437
2 438 2 442
2 443 2 448
2 449 2 451
2 452 2 456
2 457 2 460
2 461 2 466
2 467 2 470
2 471 2 474
2 475 2 477
2 478 2 480
2 481 2 486
2 487 2 492
2 493 2 494
2 495 2 497
2 498 2 502
2 503 2 508
2 509 2 511
2 512 2 515
2 516 2 520
2 521 2 524
2 525 2 528
2 529 2 533
2 534 2 535
2 536 2 540
2 541 2 544
2 545 2 548
2 549 2 551
2 552 2 556
2 557 2 562
2 563 2 568
2 569 2 572
2 573 2 578
2 579 2 583
2 584 2 587
2 588 2 591
2 592 2 594
2 595 2 600
2 601 2 606
2 607 2 611
2 612 2 614
2 615 2 619
2 620 2 624
2 625 2 628
2 629 2 634
2 635 2 640
2 641 2 645
2 646 2 648
2 649 2 651
2 652 2 656
2 657 2 661
2 662 2 664
2 665 2 668
2 669 2 674
2 675 2 680
2 681 2 685
2 686 2 689
2 690 2 694
2 695 2 700
2 701 2 706
2 707 2 710
2 711 2 714
2 715 2 719
2 720 2 722
2 723 2 724
2 725 2 726
2 727 2 730
2 731 2 735
2 736 2 737
2 738 2 742
2 743 2 747
2 748 2 749
2 750 2 755
2 756 2 758
2 759 2 760
2 761 2 764
2 765 2 768
2 769 2 774
2 775 2 780
2 781 2 786
2 787 2 789
2 790 2 791
2 792 2 796
2 797 2 800
2 801 2 806
2 807 2 812
2 813 2 814
2 815 2 818
2 819 2 820
2 821 2 825
2 826 2 828
2 829 2 832
2 833 2 835
2 836 2 837
2 838 2 843
2 844 2 848
2 849 2 853
2 854 2 856
2 857 2 858
2 859 2 862
2 863 2 865
2 866 2 869
2 870 2 874
