90 3 874
2 1 2 5
2 11 2 19
2 22 2 31
2 32 2 42
2 47 2 55
2 60 2 67
2 69 2 77
2 82 2 87
2 92 2 98
2 103 2 110
2 116 2 122
2 123 2 129
2 135 2 137
2 142 2 149
2 154 2 157
2 163 2 166
2 167 2 173
2 178 2 183
2 188 2 193
2 195 2 203
2 207 2 213
2 217 2 227
2 233 2 234
2 239 2 241
2 246 2 252
2 258 2 260
2 262 2 272
2 277 2 286
2 290 2 298
2 303 2 312
2 317 2 323
2 329 2 336
2 341 2 347
2 349 2 351
2 352 2 362
2 366 2 376
2 378 2 383
2 389 2 398
2 400 2 408
2 409 2 415
2 418 2 427
2 432 2 439
2 444 2 451
2 454 2 462
2 465 2 471
2 477 2 478
2 482 2 491
2 494 2 504
2 505 2 507
2 512 2 513
2 518 2 528
2 529 2 534
2 537 2 546
2 547 2 555
2 556 2 566
2 567 2 570
2 574 2 580
2 581 2 587
2 593 2 597
2 598 2 604
2 608 2 609
2 615 2 625
2 629 2 637
2 638 2 644
2 649 2 652
2 658 2 668
2 672 2 679
2 684 2 689
2 692 2 697
2 702 2 705
2 707 2 713
2 716 2 726
2 732 2 735
2 737 2 745
2 747 2 752
2 756 2 763
2 764 2 765
2 766 2 772
2 774 2 782
2 786 2 787
2 791 2 795
2 800 2 806
2 808 2 817
2 820 2 824
2 828 2 829
2 835 2 840
2 845 2 849
2 854 2 858
2 860 2 867
2 868 2 874
