1569 3 763155793
2 459312 2 459515
2 259780 2 260080
2 186311 2 187139
2 567454 2 568157
2 757337 2 758205
2 673962 2 674383
2 372764 2 372804
2 64929 2 65383
2 267138 2 267358
2 245320 2 245661
2 116252 2 116550
2 530960 2 531783
2 36557 2 36993
2 397988 2 398875
2 348635 2 348669
2 28110 2 29075
2 121588 2 122132
2 311513 2 312471
2 681504 2 682370
2 11292 2 12022
2 387992 2 388365
2 622376 2 622509
2 308691 2 309613
2 408912 2 409229
2 590901 2 591255
2 700021 2 700337
2 340469 2 341416
2 303778 2 304266
2 436670 2 437053
2 431057 2 431544
2 370225 2 371105
2 26857 2 27497
2 595206 2 595546
2 407762 2 408403
2 315121 2 315254
2 459516 2 459747
2 38322 2 38340
2 417370 2 418083
2 86173 2 86245
2 348771 2 349055
2 367089 2 367797
2 781910 2 782691
2 497633 2 498570
2 703239 2 704119
2 27498 2 28109
2 604094 2 604987
2 636417 2 636554
2 631176 2 632125
2 737355 2 737560
2 381466 2 382265
2 573544 2 573845
2 618658 2 618778
2 227622 2 227812
2 555116 2 555546
2 197776 2 197993
2 625498 2 626439
2 784702 2 785507
2 645876 2 646494
2 154562 2 155023
2 644610 2 644840
2 307933 2 308633
2 312472 2 312857
2 630105 2 630472
2 437054 2 437879
2 501490 2 502204
2 47691 2 48570
2 658024 2 658502
2 294724 2 295191
2 620931 2 621265
2 537728 2 538135
2 699668 2 700020
2 181136 2 181503
2 582083 2 582466
2 505460 2 505874
2 253444 2 253682
2 438768 2 439503
2 306693 2 307447
2 134488 2 135245
2 666618 2 667462
2 637528 2 637972
2 790767 2 791150
2 737326 2 737354
2 61928 2 62237
2 233470 2 234253
2 675958 2 676879
2 256151 2 256820
2 411863 2 412162
2 283309 2 283407
2 49513 2 50188
2 585732 2 586122
2 521359 2 521537
2 104062 2 104135
2 25884 2 26263
2 478566 2 478925
2 484995 2 485108
2 768603 2 769411
2 791905 2 792044
2 504484 2 504891
2 29076 2 29907
2 743980 2 744759
2 393133 2 393422
2 481399 2 481842
2 52957 2 53003
2 17612 2 18165
2 366002 2 366412
2 754357 2 755026
2 64167 2 64728
2 282377 2 283226
2 787352 2 787413
2 288839 2 289281
2 795459 2 796348
2 45215 2 45418
2 289807 2 290501
2 122937 2 123512
2 33864 2 34447
2 742051 2 742303
2 376148 2 376927
2 45177 2 45214
2 237968 2 238750
2 568345 2 569129
2 752477 2 753246
2 562467 2 562658
2 303462 2 303777
2 696433 2 696977
2 56043 2 56867
2 323723 2 324280
2 259571 2 259771
2 383972 2 384480
2 338756 2 339060
2 705503 2 706041
2 471669 2 471693
2 669134 2 669212
2 279770 2 280386
2 460598 2 461502
2 671802 2 672366
2 631061 2 631175
2 166799 2 167485
2 629210 2 629434
2 516585 2 517240
2 487776 2 488692
2 386132 2 386856
2 281171 2 281977
2 193696 2 194580
2 297041 2 297980
2 238751 2 239354
2 148891 2 149285
2 292055 2 292768
2 182784 2 182792
2 191588 2 191651
2 63306 2 64166
2 365982 2 366001
2 510915 2 511395
2 217377 2 217878
2 686906 2 687093
2 203205 2 203979
2 483173 2 484078
2 189023 2 189321
2 581666 2 582082
2 589737 2 590083
2 170360 2 171292
2 308634 2 308690
2 425790 2 426500
2 444985 2 445260
2 132125 2 132558
2 264508 2 264690
2 41532 2 42507
2 450323 2 450472
2 260688 2 261571
2 330444 2 331242
2 461503 2 461792
2 198572 2 199253
2 448464 2 448903
2 495417 2 495569
2 175581 2 176427
2 708850 2 709278
2 565979 2 566798
2 131331 2 132124
2 506593 2 506746
2 143725 2 144010
2 595547 2 596106
2 176976 2 177591
2 528887 2 529280
2 637189 2 637527
2 275801 2 276758
2 581183 2 581665
2 116742 2 117739
2 409816 2 410171
2 230328 2 230892
2 216436 2 217376
2 5870 2 6430
2 446421 2 447008
2 722053 2 722254
2 182793 2 183418
2 458611 2 459311
2 236819 2 236860
2 316236 2 317204
2 115625 2 116251
2 25713 2 25883
2 701200 2 701497
2 251034 2 251569
2 281978 2 282376
2 264691 2 265032
2 273326 2 274204
2 517954 2 518350
2 142465 2 142787
2 99657 2 100049
2 660718 2 661300
2 346966 2 347754
2 554338 2 554487
2 693532 2 693930
2 146954 2 147091
2 4495 2 4672
2 137398 2 138267
2 678622 2 679522
2 359286 2 359643
2 753247 2 753359
2 771849 2 771969
2 463213 2 463287
2 371106 2 371940
2 421344 2 421828
2 276759 2 277448
2 345855 2 346286
2 471780 2 471831
2 439504 2 439637
2 704120 2 704517
2 357595 2 357771
2 494760 2 495416
2 335149 2 335222
2 40650 2 41531
2 440623 2 440735
2 3147 2 3548
2 362387 2 363080
2 208135 2 209073
2 20436 2 21373
2 341635 2 342051
2 254978 2 255267
2 509235 2 509726
2 674556 2 674712
2 68731 2 69065
2 741541 2 742050
2 596107 2 596231
2 597704 2 597867
2 787229 2 787351
2 178693 2 179382
2 764470 2 765436
2 93621 2 94481
2 613824 2 614409
2 175329 2 175580
2 414532 2 415248
2 101381 2 101595
2 313319 2 314063
2 463869 2 464815
2 776125 2 776718
2 414395 2 414531
2 213613 2 214537
2 543112 2 543742
2 267702 2 268311
2 574192 2 574733
2 642223 2 642836
2 269804 2 270316
2 296830 2 297040
2 755027 2 755195
2 225355 2 225703
2 73895 2 74038
2 759729 2 760476
2 443739 2 444058
2 602192 2 603082
2 394096 2 394197
2 698414 2 698545
2 455801 2 456000
2 379324 2 379891
2 249827 2 250466
2 592704 2 592926
2 116551 2 116741
2 16909 2 17611
2 481843 2 482059
2 658933 2 659167
2 570123 2 570847
2 537695 2 537727
2 397145 2 397987
2 46291 2 46970
2 47601 2 47690
2 246588 2 247450
2 82756 2 83592
2 285231 2 286186
2 767597 2 767875
2 1817 2 2481
2 139627 2 140461
2 773891 2 774129
2 51357 2 52319
2 205549 2 206113
2 289647 2 289806
2 418084 2 418273
2 442998 2 443738
2 722564 2 723260
2 270317 2 270799
2 155650 2 156201
2 603919 2 604093
2 349810 2 349927
2 263426 2 264010
2 352307 2 352880
2 160955 2 161198
2 400832 2 401208
2 709279 2 710211
2 218807 2 219008
2 380810 2 381013
2 45419 2 46290
2 456001 2 456900
2 532848 2 532931
2 195353 2 195803
2 485109 2 485465
2 29908 2 30338
2 470992 2 471133
2 396756 2 397144
2 67937 2 68182
2 720095 2 720910
2 190829 2 190954
2 6431 2 6463
2 652705 2 652858
2 680643 2 681503
2 480526 2 480623
2 156759 2 156959
2 611008 2 611488
2 724841 2 725711
2 421829 2 422038
2 75396 2 76376
2 114282 2 114972
2 398876 2 399579
2 400427 2 400589
2 432971 2 433239
2 535640 2 536154
2 453328 2 453989
2 59123 2 59472
2 395412 2 396246
2 745566 2 746284
2 556311 2 556328
2 780325 2 780485
2 447767 2 448463
2 749963 2 750385
2 213093 2 213612
2 292769 2 292901
2 690278 2 690336
2 149948 2 150498
2 221946 2 222145
2 419287 2 419434
2 406789 2 407761
2 568158 2 568344
2 513926 2 514707
2 706966 2 707285
2 173285 2 174204
2 431005 2 431056
2 700350 2 700394
2 383132 2 383943
2 416377 2 416611
2 612828 2 613823
2 756048 2 756070
2 782692 2 783265
2 174205 2 174568
2 399722 2 400426
2 385227 2 385924
2 420522 2 421209
2 349928 2 350365
2 608048 2 608871
2 578430 2 579289
2 337777 2 338174
2 236349 2 236818
2 717945 2 718692
2 575355 2 575735
2 235112 2 235633
2 232226 2 232402
2 662 2 985
2 138268 2 138751
2 684782 2 685094
2 771970 2 772165
2 80891 2 81547
2 69994 2 70021
2 453188 2 453327
2 299501 2 300141
2 103827 2 104061
2 491946 2 492661
2 61796 2 61927
2 140462 2 141198
2 621266 2 621510
2 685095 2 685595
2 377795 2 377903
2 404031 2 404634
2 83593 2 84256
2 371941 2 372763
2 156348 2 156758
2 560851 2 561486
2 283867 2 284233
2 307448 2 307932
2 160474 2 160535
2 482060 2 482662
2 484917 2 484994
2 350899 2 351260
2 136201 2 136370
2 379192 2 379323
2 746285 2 747171
2 650499 2 650755
2 166192 2 166499
2 336497 2 337164
2 88535 2 89334
2 636555 2 637188
2 677036 2 677840
2 775371 2 776124
2 269211 2 269222
2 591256 2 591565
2 772424 2 772481
2 236861 2 237596
2 783828 2 784149
2 195861 2 196158
2 346442 2 346965
2 129900 2 130800
2 591566 2 592339
2 1 2 639
2 177592 2 178314
2 222498 2 222964
2 396247 2 396755
2 225285 2 225354
2 304553 2 304901
2 530059 2 530184
2 180215 2 180456
2 277449 2 278408
2 359644 2 359852
2 8865 2 9792
2 12023 2 12963
2 127946 2 128908
2 588660 2 589602
2 767549 2 767596
2 707286 2 708158
2 91857 2 91869
2 779312 2 780259
2 108851 2 109630
2 5088 2 5869
2 584894 2 584980
2 519528 2 520420
2 331243 2 332149
2 545116 2 545902
2 23258 2 24079
2 571581 2 572489
2 524357 2 525148
2 290502 2 291187
2 178315 2 178692
2 698734 2 699453
2 523213 2 523455
2 85976 2 86172
2 124092 2 124406
2 503012 2 503416
2 259199 2 259425
2 188340 2 188613
2 480656 2 480922
2 169059 2 169725
2 618779 2 618981
2 476364 2 477165
2 751784 2 752476
2 100050 2 100245
2 756423 2 756519
2 539998 2 540394
2 352881 2 353871
2 518351 2 518728
2 499246 2 500242
2 627383 2 627780
2 772166 2 772423
2 270800 2 270996
2 546200 2 547097
2 163971 2 164758
2 327076 2 327099
2 344993 2 345027
2 772553 2 772915
2 134295 2 134487
2 342052 2 342154
2 788801 2 789203
2 440736 2 441699
2 580919 2 581182
2 343728 2 343974
2 233321 2 233469
2 691160 2 691924
2 641024 2 641566
2 422812 2 423797
2 758206 2 759158
2 180457 2 180536
2 55182 2 56042
2 418274 2 418523
2 74942 2 74969
2 321930 2 322689
2 455658 2 455800
2 410172 2 410862
2 553456 2 554021
2 209074 2 209422
2 286797 2 287527
2 403885 2 404030
2 214538 2 215059
2 501344 2 501489
2 413255 2 414104
2 685596 2 686387
2 8549 2 8864
2 216141 2 216435
2 702386 2 703238
2 738190 2 738464
2 628428 2 628440
2 210101 2 210536
2 69936 2 69993
2 554488 2 555115
2 729277 2 730105
2 714388 2 714780
2 376928 2 377794
2 347755 2 348634
2 153867 2 154561
2 523456 2 524265
2 65384 2 66099
2 605532 2 606440
2 518729 2 519527
2 710796 2 711282
2 529281 2 530058
2 264011 2 264507
2 520654 2 520867
2 498571 2 499245
2 452167 2 452305
2 168099 2 168118
2 774130 2 774630
2 61524 2 61795
2 739343 2 740287
2 416241 2 416376
2 434921 2 435245
2 460225 2 460597
2 126252 2 127025
2 24080 2 24815
2 127026 2 127550
2 767876 2 768602
2 268312 2 269210
2 716249 2 716959
2 577116 2 577547
2 416612 2 417369
2 60986 2 61523
2 589603 2 589736
2 526762 2 527538
2 261572 2 262315
2 450473 2 450856
2 723324 2 723593
2 409230 2 409815
2 284234 2 285230
2 789204 2 789261
2 503546 2 504483
2 372805 2 373771
2 558149 2 558840
2 336069 2 336496
2 582997 2 583023
2 542151 2 543111
2 201362 2 202088
2 682371 2 682662
2 195804 2 195860
2 717374 2 717554
2 293271 2 294170
2 658760 2 658932
2 271943 2 272184
2 467959 2 468197
2 189322 2 190213
2 427619 2 428562
2 576445 2 576584
2 559859 2 560787
2 451619 2 451733
2 142850 2 143724
2 58610 2 59122
2 387148 2 387991
2 491338 2 491945
2 228810 2 229761
2 390587 2 390783
2 459772 2 460224
2 332195 2 332979
2 267359 2 267701
2 265825 2 266657
2 69066 2 69246
2 664289 2 665160
2 174741 2 175328
2 471832 2 472538
2 751425 2 751783
2 101596 2 102363
2 84257 2 85090
2 34927 2 35921
2 743124 2 743888
2 337301 2 337776
2 262569 2 263425
2 283227 2 283308
2 389551 2 390323
2 478926 2 479645
2 304902 2 305749
2 627781 2 628427
2 657406 2 657433
2 363081 2 363824
2 136371 2 137212
2 252645 2 253443
2 60230 2 60985
2 700395 2 701199
2 778517 2 778948
2 312858 2 313318
2 783266 2 783827
2 357772 2 358029
2 478451 2 478565
2 711283 2 712205
2 555547 2 556310
2 421210 2 421343
2 688122 2 689101
2 166500 2 166798
2 287741 2 288694
2 654670 2 654978
2 128909 2 129899
2 364549 2 364706
2 162991 2 163970
2 26835 2 26856
2 343975 2 344424
2 342155 2 342858
2 71776 2 71968
2 753360 2 754356
2 536155 2 536325
2 496214 2 496900
2 441700 2 442166
2 390324 2 390586
2 669213 2 670210
2 145510 2 146086
2 241122 2 241858
2 265033 2 265824
2 222146 2 222497
2 301666 2 302634
2 157192 2 157197
2 644841 2 644874
2 354974 2 355334
2 737561 2 738189
2 229762 2 230327
2 87743 2 88534
2 113976 2 114009
2 338175 2 338755
2 364808 2 365038
2 524266 2 524356
2 274983 2 275800
2 496901 2 497632
2 179383 2 180021
2 182065 2 182783
2 89335 2 89751
2 162488 2 162990
2 561487 2 562466
2 215060 2 215518
2 18972 2 19838
2 515178 2 515971
2 429237 2 430171
2 616009 2 616965
2 704518 2 704866
2 54286 2 54731
2 517241 2 517953
2 386908 2 387147
2 400590 2 400646
2 512955 2 513925
2 404635 2 405144
2 624721 2 625497
2 738465 2 739342
2 260081 2 260525
2 71969 2 72965
2 157198 2 158048
2 468198 2 468700
2 359090 2 359156
2 712233 2 712606
2 133917 2 134294
2 487228 2 487775
2 717555 2 717621
2 230893 2 231477
2 361349 2 361450
2 339061 2 339816
2 383944 2 383971
2 337165 2 337300
2 772482 2 772552
2 479646 2 479958
2 652173 2 652704
2 728194 2 728890
2 647255 2 647911
2 32967 2 33057
2 592340 2 592703
2 448904 2 449860
2 541050 2 541423
2 326947 2 327075
2 665161 2 666148
2 81831 2 82755
2 315795 2 316235
2 621511 2 621947
2 599992 2 600823
2 720911 2 721102
2 259426 2 259570
2 437880 2 438767
2 619588 2 620112
2 750386 2 750659
2 544993 2 545115
2 289282 2 289646
2 504892 2 505349
2 227813 2 228809
2 563316 2 564281
2 436216 2 436669
2 247451 2 247966
2 526050 2 526761
2 235757 2 236348
2 474669 2 475390
2 792045 2 792869
2 85091 2 85975
2 668561 2 669133
2 14102 2 14332
2 694494 2 695234
2 784150 2 784701
2 297981 2 298628
2 778949 2 779311
2 332980 2 333207
2 690337 2 690781
2 344425 2 344992
2 677841 2 678621
2 508720 2 509234
2 72966 2 73230
2 345456 2 345457
2 573846 2 574191
2 240602 2 241121
2 577908 2 578429
2 671047 2 671178
2 629435 2 630104
2 548178 2 549054
2 503417 2 503545
2 137213 2 137397
2 403375 2 403884
2 560788 2 560850
2 378601 2 378712
2 104404 2 104827
2 426764 2 427443
2 360545 2 361194
2 159508 2 159676
2 345472 2 345854
2 425426 2 425789
2 14886 2 15240
2 621948 2 622375
2 256821 2 256894
2 54808 2 55181
2 786411 2 787228
2 248818 2 249758
2 185187 2 185471
2 456901 2 457630
2 243226 2 243496
2 304549 2 304552
2 145164 2 145509
2 146601 2 146953
2 181504 2 181633
2 33058 2 33120
2 135246 2 136200
2 643746 2 644609
2 642837 2 643591
2 384481 2 385226
2 415902 2 416240
2 473850 2 474668
2 77561 2 77750
2 710212 2 710295
2 176428 2 176975
2 269223 2 269803
2 158049 2 158469
2 138752 2 139626
2 354328 2 354973
2 772916 2 773890
2 541424 2 542150
2 363825 2 364393
2 495570 2 496000
2 272185 2 272855
2 597868 2 598762
2 326322 2 326558
2 237597 2 237967
2 620113 2 620930
2 196799 2 197775
2 345458 2 345471
2 496001 2 496213
2 171702 2 172386
2 531784 2 532588
2 551312 2 551969
2 662016 2 662382
2 714781 2 714972
2 532932 2 533931
2 335223 2 336068
2 583024 2 583088
2 661301 2 662015
2 97243 2 97928
2 239355 2 239462
2 149286 2 149728
2 586798 2 587677
2 522324 2 522436
2 618982 2 619587
2 406043 2 406788
2 10249 2 11051
2 280387 2 280832
2 280833 2 280929
2 305750 2 306692
2 342859 2 343727
2 224519 2 225097
2 666149 2 666362
2 317571 2 318570
2 26264 2 26834
2 393423 2 394095
2 479959 2 480525
2 390784 2 391237
2 341417 2 341634
2 426501 2 426763
2 699614 2 699667
2 2482 2 3146
2 320175 2 320881
2 790048 2 790744
2 50657 2 51221
2 559322 2 559858
2 150499 2 150826
2 382319 2 383131
2 9793 2 10248
2 676880 2 677035
2 130801 2 131008
2 624417 2 624720
2 209423 2 209753
2 515972 2 516584
2 505350 2 505459
2 527899 2 528886
2 714973 2 715862
2 50189 2 50656
2 592927 2 593565
2 435246 2 435487
2 763522 2 763611
2 254331 2 254977
2 596232 2 597030
2 552251 2 552959
2 192332 2 192776
2 255330 2 255934
2 357306 2 357594
2 420103 2 420521
2 333445 2 334181
2 687522 2 688121
2 197994 2 198571
2 587678 2 587758
2 731665 2 732627
2 225704 2 226522
2 156960 2 157191
2 790745 2 790766
2 762599 2 763521
2 239463 2 239956
2 763612 2 764469
2 686388 2 686403
2 687267 2 687521
2 452477 2 453080
2 18166 2 18590
2 109795 2 109875
2 679523 2 679719
2 183419 2 184389
2 392034 2 392976
2 726542 2 727381
2 750660 2 751410
2 580145 2 580918
2 663370 2 664136
2 444059 2 444214
2 794600 2 795458
2 391238 2 392033
2 324995 2 325130
2 206114 2 206422
2 710348 2 710795
2 780486 2 780822
2 415249 2 415901
2 76377 2 77149
2 492662 2 493597
2 202089 2 202242
2 422039 2 422540
2 656614 2 657405
2 266658 2 266756
2 455141 2 455657
2 348670 2 348700
2 235634 2 235756
2 378713 2 379191
2 324281 2 324301
2 120946 2 121587
2 543743 2 544014
2 358030 2 358184
2 606441 2 607372
2 583089 2 583875
2 450111 2 450322
2 742304 2 743123
2 412163 2 412552
2 80577 2 80700
2 288695 2 288838
2 164759 2 164868
2 92769 2 93620
2 588051 2 588585
2 507986 2 508719
2 70836 2 71775
2 634905 2 635544
2 160080 2 160238
2 250467 2 251033
2 78008 2 78725
2 698546 2 698733
2 603083 2 603918
2 419435 2 420102
2 637973 2 638031
2 109876 2 110619
2 329952 2 330443
2 329046 2 329951
2 327738 2 328216
2 462270 2 463212
2 14333 2 14547
2 766702 2 767548
2 142449 2 142464
2 791151 2 791904
2 196159 2 196720
2 33121 2 33807
2 54732 2 54807
2 31223 2 32103
2 759159 2 759728
2 617724 2 618657
2 377904 2 378103
2 490578 2 491337
2 464816 2 465806
2 314064 2 314506
2 328217 2 329045
2 583876 2 584076
2 735950 2 736430
2 156202 2 156230
2 399580 2 399721
2 169005 2 169058
2 107579 2 108343
2 658503 2 658759
2 422541 2 422811
2 557793 2 558148
2 222965 2 223787
2 326559 2 326946
2 730106 2 731046
2 628441 2 629209
2 199803 2 200439
2 91155 2 91718
2 12964 2 13657
2 574734 2 575354
2 350366 2 350637
2 86246 2 86777
2 740288 2 741257
2 428563 2 429236
2 712607 2 713603
2 219009 2 219571
2 432433 2 432970
2 445451 2 446420
2 365039 2 365100
2 470014 2 470991
2 243497 2 244358
2 635545 2 635863
2 771181 2 771848
2 122133 2 122936
2 368771 2 369467
2 647912 2 648164
2 712206 2 712232
2 564848 2 564974
2 106906 2 107578
2 610248 2 611007
2 648165 2 648714
2 699454 2 699613
2 400647 2 400831
2 80472 2 80576
2 180022 2 180214
2 482663 2 482785
2 241859 2 242704
2 174569 2 174573
2 644875 2 645875
2 412553 2 413108
2 652859 2 653449
2 453081 2 453187
2 187140 2 187926
2 636134 2 636416
2 44871 2 45176
2 674384 2 674437
2 64729 2 64928
2 564282 2 564847
2 74970 2 75395
2 986 2 1816
2 527539 2 527746
2 100246 2 100491
2 717850 2 717944
2 734871 2 735437
2 471694 2 471779
2 81548 2 81830
2 608872 2 609463
2 501014 2 501343
2 751411 2 751424
2 375344 2 376147
2 447009 2 447766
2 600824 2 601794
2 188614 2 188809
2 774631 2 775054
2 666363 2 666508
2 607373 2 608047
2 382266 2 382318
2 500243 2 501013
2 648715 2 648764
2 381014 2 381465
2 144775 2 145163
2 90666 2 91154
2 42508 2 42942
2 323377 2 323722
2 408404 2 408911
2 537368 2 537694
2 169726 2 170359
2 664137 2 664288
2 755196 2 756047
2 575736 2 576444
2 547330 2 548177
2 599105 2 599921
2 473003 2 473849
2 777604 2 778516
2 585351 2 585731
2 74039 2 74941
2 723668 2 724053
2 80701 2 80890
2 484079 2 484795
2 318571 2 319279
2 21374 2 21565
2 211321 2 212126
2 534720 2 535639
2 423798 2 424580
2 274205 2 274982
2 769412 2 769753
2 679720 2 680642
2 683295 2 683918
2 104136 2 104403
2 294171 2 294723
2 745511 2 745565
2 435618 2 436215
2 451346 2 451618
2 686404 2 686631
2 787824 2 788800
2 291269 2 292054
2 14090 2 14101
2 78934 2 79782
2 660233 2 660362
2 98756 2 99656
2 148444 2 148890
2 97929 2 98755
2 551970 2 552250
2 77150 2 77560
2 279129 2 279769
2 69247 2 69935
2 153010 2 153287
2 22493 2 23257
2 300692 2 301665
2 527747 2 527898
2 296240 2 296812
2 253683 2 254330
2 736914 2 737108
2 68183 2 68730
2 469148 2 470013
2 300142 2 300183
2 334182 2 335148
2 369468 2 370224
2 102364 2 102847
2 187927 2 188339
2 147679 2 148443
2 633398 2 634336
2 324548 2 324994
2 643592 2 643745
2 659168 2 659784
2 270997 2 271942
2 724054 2 724840
2 704867 2 705502
2 769754 2 770196
2 654979 2 655621
2 259772 2 259779
2 373772 2 374700
2 48571 2 49512
2 536326 2 536430
2 594303 2 595205
2 256895 2 257716
2 24816 2 25712
2 686632 2 686905
2 640333 2 641023
2 485466 2 485867
2 461793 2 462269
2 56868 2 57548
2 502205 2 503011
2 611999 2 612827
2 565232 2 565978
2 302635 2 303461
2 194581 2 195352
2 536431 2 537167
2 611489 2 611628
2 367798 2 368770
2 530185 2 530959
2 365101 2 365981
2 493646 2 493779
2 13658 2 14089
2 616966 2 617723
2 734378 2 734870
2 159677 2 160079
2 657871 2 658023
2 120607 2 120945
2 325488 2 326321
2 666509 2 666617
2 114010 2 114281
2 112767 2 113495
2 174574 2 174740
2 185879 2 186310
2 622510 2 623044
2 693042 2 693531
2 43674 2 44606
2 449861 2 450110
2 124407 2 125263
2 584981 2 585350
2 424581 2 425425
2 310599 2 311512
2 454577 2 455140
2 599922 2 599991
2 320882 2 321149
2 278409 2 279128
2 184390 2 185186
2 544418 2 544992
2 79783 2 80471
2 57549 2 57975
2 785508 2 786286
2 89752 2 90665
2 53812 2 54285
2 695235 2 695631
2 573075 2 573116
2 144011 2 144045
2 489168 2 490168
2 672367 2 673358
2 18591 2 18971
2 52320 2 52956
2 295192 2 295732
2 364707 2 364807
2 402738 2 403374
2 30339 2 31222
2 196721 2 196798
2 673359 2 673961
2 674713 2 675701
2 151541 2 152221
2 225098 2 225284
2 653450 2 654148
2 119030 2 119642
2 185472 2 185878
2 776719 2 777603
2 723594 2 723667
2 351261 2 351660
2 719471 2 720094
2 467077 2 467958
2 356284 2 356442
2 510219 2 510396
2 727382 2 728193
2 14548 2 14885
2 142788 2 142849
2 477559 2 478450
2 172387 2 173284
2 609464 2 610247
2 747903 2 748032
2 200440 2 201361
2 537168 2 537367
2 590084 2 590900
2 108344 2 108850
2 472539 2 472553
2 638406 2 639358
2 756071 2 756422
2 35922 2 36556
2 242705 2 243225
2 748398 2 748854
2 761245 2 761670
2 511396 2 512266
2 582467 2 582996
2 770815 2 771180
2 410863 2 411862
2 728891 2 729276
2 32104 2 32966
2 505875 2 506592
2 317205 2 317570
2 385925 2 386131
2 655622 2 656613
2 364533 2 364548
2 63158 2 63305
2 433240 2 434118
2 725712 2 726541
2 477166 2 477558
2 480923 2 481398
2 160536 2 160954
2 283408 2 283866
2 320112 2 320174
2 649664 2 650498
2 33808 2 33863
2 683919 2 684781
2 748855 2 749745
2 152222 2 153009
2 549219 2 549839
2 723261 2 723323
2 708159 2 708814
2 220962 2 221945
2 402135 2 402583
2 291188 2 291268
2 227457 2 227621
2 626440 2 627382
2 77751 2 78007
2 434119 2 434920
2 91870 2 92768
2 147092 2 147678
2 444248 2 444984
2 689102 2 689484
2 109631 2 109794
2 51289 2 51356
2 15849 2 16465
2 532589 2 532847
2 493780 2 494759
2 190214 2 190828
2 171293 2 171701
2 232403 2 232450
2 793685 2 794599
2 287528 2 287740
2 106246 2 106905
2 691925 2 692451
2 160239 2 160473
2 255268 2 255329
2 66353 2 66783
2 141641 2 142448
2 706042 2 706965
2 359853 2 360544
2 736431 2 736599
2 188810 2 189022
2 203980 2 204951
2 512267 2 512954
2 333208 2 333444
2 131009 2 131330
2 105693 2 106245
2 378104 2 378600
2 180537 2 181135
2 67721 2 67936
2 520868 2 521358
2 47331 2 47600
2 633002 2 633397
2 158624 2 159507
2 735438 2 735949
2 7633 2 8548
2 452391 2 452476
2 232451 2 232495
2 444215 2 444247
2 110620 2 111291
2 468701 2 469147
2 522437 2 523212
2 549840 2 550436
2 545903 2 546199
2 91719 2 91856
2 207415 2 208134
2 451734 2 451783
2 101269 2 101380
2 156231 2 156347
2 315255 2 315794
2 96735 2 97242
2 710296 2 710347
2 579290 2 580144
2 247967 2 248817
2 615072 2 616008
2 206423 2 206601
2 44607 2 44870
2 255935 2 256150
2 219572 2 220454
2 564975 2 565231
2 748033 2 748397
2 696978 2 696978
2 572490 2 572788
2 53004 2 53811
2 192777 2 193695
2 210537 2 211320
2 566799 2 567453
2 463288 2 463868
2 234254 2 235111
2 95388 2 95772
2 95773 2 96734
2 539133 2 539997
2 217879 2 218806
2 319280 2 319738
2 562659 2 563315
2 623045 2 623415
2 695632 2 695860
2 635864 2 636133
2 584851 2 584893
2 744760 2 745510
2 780823 2 781397
2 488693 2 489167
2 168119 2 168296
2 111292 2 112042
2 355918 2 356283
2 37506 2 38321
2 345028 2 345294
2 309614 2 310598
2 43166 2 43673
2 413109 2 413254
2 667463 2 667957
2 573117 2 573543
2 690782 2 691159
2 792870 2 793684
2 251570 2 251928
2 659796 2 660232
2 459748 2 459771
2 451784 2 452166
2 697533 2 698413
2 756520 2 757336
2 299076 2 299500
2 506747 2 507002
2 161199 2 161581
2 351661 2 352306
2 321783 2 321929
2 682663 2 683294
2 168297 2 169004
2 322690 2 323376
2 6464 2 7015
2 292902 2 293270
2 266757 2 267137
2 401650 2 401652
2 249759 2 249826
2 586726 2 586797
2 638032 2 638405
2 586123 2 586725
2 696126 2 696432
2 549055 2 549218
2 314955 2 315120
2 296813 2 296829
2 692452 2 692875
2 544015 2 544417
2 674438 2 674555
2 760477 2 761145
2 113496 2 113699
2 59899 2 60229
2 394198 2 394692
2 164869 2 165721
2 359157 2 359285
2 272856 2 273325
2 324302 2 324547
2 321150 2 321782
2 73507 2 73894
2 588586 2 588659
2 190955 2 191587
2 701498 2 702385
2 765559 2 766423
2 245662 2 246587
2 509727 2 510218
2 231478 2 232225
2 510397 2 510914
2 786287 2 786410
2 104828 2 105692
2 215519 2 216140
2 787414 2 787823
2 226523 2 226565
2 379892 2 380809
2 716960 2 717373
2 73231 2 73506
2 484796 2 484916
2 743889 2 743979
2 100492 2 101268
2 667958 2 668560
2 731047 2 731664
2 775055 2 775370
2 646495 2 647254
2 389115 2 389421
2 439638 2 440622
2 550727 2 551311
2 507875 2 507985
2 401209 2 401649
2 547098 2 547329
2 339817 2 340468
2 374701 2 375343
2 639359 2 640332
2 781398 2 781909
2 114973 2 115624
2 146297 2 146600
2 693931 2 694493
2 765437 2 765558
2 493598 2 493645
2 119643 2 120606
2 763155793 2 763155793
2 558841 2 559321
2 150827 2 151540
2 660363 2 660717
2 78726 2 78933
2 651610 2 652172
2 94482 2 95387
2 721103 2 722052
2 465807 2 466800
2 191652 2 192331
2 766424 2 766701
2 722255 2 722563
2 427444 2 427618
2 4673 2 5087
2 353872 2 354327
2 350638 2 350898
2 325131 2 325487
2 146087 2 146296
2 597031 2 597703
2 36994 2 37505
2 212127 2 212993
2 165722 2 166191
2 57976 2 58609
2 401653 2 402134
2 451319 2 451345
2 533932 2 534719
2 386857 2 386907
2 634337 2 634904
2 361195 2 361348
2 402584 2 402737
2 232496 2 233320
2 202243 2 203204
2 471134 2 471189
2 733627 2 734377
2 153288 2 153866
2 457851 2 458610
2 700338 2 700349
2 442167 2 442997
2 223788 2 224518
2 349056 2 349809
2 3549 2 4494
2 155319 2 155649
2 525149 2 526049
2 761146 2 761244
2 584077 2 584850
2 521538 2 522323
2 604988 2 605531
2 736600 2 736913
2 466801 2 467076
2 117740 2 118309
2 66784 2 67720
2 670211 2 671046
2 514708 2 514850
2 471190 2 471668
2 280930 2 281170
2 7016 2 7632
2 593566 2 594302
2 601795 2 602191
2 220455 2 220961
2 209754 2 210100
2 450857 2 451318
2 158470 2 158623
2 659785 2 659795
2 747172 2 747329
2 239957 2 240601
2 346287 2 346441
2 761671 2 762598
2 46971 2 47330
2 319739 2 320111
2 161582 2 162487
2 657434 2 657870
2 623416 2 624416
2 718693 2 719470
2 556329 2 556916
2 418524 2 419286
2 577548 2 577907
2 327100 2 327737
2 640 2 661
2 695861 2 696125
2 355820 2 355917
2 749746 2 749962
2 355335 2 355819
2 789262 2 790047
2 155024 2 155318
2 431545 2 432432
2 630473 2 631060
2 257717 2 258591
2 118310 2 119029
2 304267 2 304548
2 286187 2 286796
2 556917 2 557226
2 19839 2 20435
2 38341 2 39247
2 692876 2 693041
2 181634 2 182064
2 123513 2 124091
2 15241 2 15848
2 70022 2 70835
2 490169 2 490577
2 62238 2 63157
2 167486 2 168098
2 641567 2 642222
2 34448 2 34926
2 572789 2 573074
2 507727 2 507874
2 212994 2 213092
2 125264 2 126251
2 569130 2 570122
2 298629 2 299075
2 144046 2 144774
2 16466 2 16908
2 741258 2 741540
2 611629 2 611998
2 696979 2 697532
2 132559 2 133011
2 113700 2 113975
2 453990 2 454576
2 780260 2 780324
2 358185 2 359089
2 480624 2 480655
2 361451 2 362386
2 127551 2 127945
2 457631 2 457850
2 747330 2 747902
2 59473 2 59898
2 713604 2 714387
2 21712 2 22492
2 199254 2 199802
2 570848 2 571580
2 21566 2 21711
2 732628 2 733626
2 51222 2 51288
2 435488 2 435617
2 598917 2 599104
2 770197 2 770814
2 472554 2 473002
2 662383 2 663369
2 356443 2 357305
2 576585 2 577115
2 654149 2 654669
2 507003 2 507726
2 332150 2 332194
2 364394 2 364532
2 650756 2 651609
2 648765 2 649663
2 540395 2 541049
2 86778 2 87742
2 133012 2 133916
2 348701 2 348770
2 554022 2 554337
2 102848 2 103826
2 66100 2 66352
2 414105 2 414394
2 258592 2 259198
2 520421 2 520653
2 204952 2 205548
2 314507 2 314954
2 260526 2 260687
2 141199 2 141640
2 687094 2 687266
2 262316 2 262568
2 112043 2 112766
2 295733 2 296239
2 614410 2 615071
2 366413 2 367088
2 149729 2 149947
2 392977 2 393132
2 405145 2 406042
2 430172 2 431004
2 598763 2 598916
2 389422 2 389550
2 300184 2 300691
2 538136 2 539132
2 485868 2 486417
2 452306 2 452390
2 244359 2 245319
2 557227 2 557792
2 587759 2 588050
2 11052 2 11291
2 552960 2 553455
2 482786 2 483172
2 715863 2 716248
2 675702 2 675957
2 689485 2 690277
2 251929 2 252644
2 671179 2 671801
2 550437 2 550726
2 394693 2 395411
2 475391 2 476363
2 39855 2 40649
2 737109 2 737325
2 388366 2 389114
2 226566 2 227456
2 39248 2 39854
2 514851 2 515177
2 632126 2 633001
2 708815 2 708849
2 42943 2 43165
2 486418 2 487227
2 717622 2 717849
2 445261 2 445450
2 206602 2 207414
2 345295 2 345455
