760 3 158137647
2 37905 2 37975
2 24736 2 24776
2 22425 2 22522
2 5298 2 5395
2 27986 2 28007
2 7771 2 7855
2 38315 2 38399
2 29428 2 29450
2 15681 2 15724
2 27107 2 27159
2 32821 2 32865
2 18843 2 18881
2 25918 2 25935
2 33653 2 33722
2 27178 2 27244
2 16409 2 16419
2 21160 2 21187
2 28499 2 28577
2 23557 2 23605
2 32332 2 32378
2 17611 2 17679
2 608 2 663
2 862 2 962
2 14285 2 14315
2 10423 2 10446
2 26272 2 26356
2 9941 2 9990
2 36025 2 36074
2 9561 2 9645
2 32500 2 32504
2 6622 2 6696
2 34148 2 34155
2 10162 2 10214
2 27160 2 27177
2 15103 2 15201
2 22523 2 22551
2 775 2 792
2 32329 2 32331
2 28956 2 29003
2 7575 2 7630
2 24940 2 24980
2 8249 2 8297
2 30573 2 30600
2 38243 2 38314
2 6315 2 6385
2 28130 2 28174
2 24644 2 24735
2 12932 2 12966
2 31982 2 32007
2 26235 2 26271
2 23270 2 23286
2 16876 2 16910
2 1410 2 1472
2 22028 2 22078
2 23401 2 23402
2 28649 2 28723
2 14526 2 14609
2 7452 2 7488
2 30178 2 30213
2 27560 2 27564
2 30214 2 30260
2 11024 2 11107
2 26118 2 26118
2 18120 2 18163
2 3865 2 3928
2 15289 2 15345
2 25996 2 26072
2 34055 2 34147
2 2175 2 2270
2 998 2 1088
2 21188 2 21189
2 8371 2 8463
2 38129 2 38130
2 7677 2 7720
2 37197 2 37226
2 21006 2 21059
2 25799 2 25839
2 19565 2 19634
2 8728 2 8747
2 16911 2 16936
2 22766 2 22861
2 3009 2 3069
2 27295 2 27380
2 36669 2 36739
2 1736 2 1824
2 21701 2 21723
2 31009 2 31067
2 21470 2 21477
2 1408 2 1409
2 37227 2 37261
2 11902 2 11997
2 8507 2 8552
2 7373 2 7387
2 30819 2 30845
2 8954 2 8993
2 664 2 709
2 2800 2 2809
2 34946 2 35006
2 1256 2 1342
2 13062 2 13070
2 31809 2 31840
2 15725 2 15803
2 2394 2 2394
2 28724 2 28763
2 26863 2 26942
2 3312 2 3363
2 31115 2 31181
2 25240 2 25254
2 8994 2 9091
2 36162 2 36178
2 10447 2 10507
2 8553 2 8639
2 36593 2 36668
2 15202 2 15288
2 38741 2 158137647
2 33938 2 33956
2 11637 2 11650
2 27935 2 27985
2 26583 2 26606
2 16854 2 16875
2 19443 2 19480
2 7129 2 7209
2 34253 2 34288
2 23730 2 23811
2 18164 2 18196
2 9303 2 9339
2 36825 2 36845
2 428 2 511
2 6861 2 6907
2 14863 2 14863
2 35829 2 35844
2 4050 2 4060
2 4328 2 4343
2 6564 2 6603
2 13521 2 13568
2 8150 2 8233
2 32140 2 32235
2 4686 2 4758
2 1550 2 1582
2 31446 2 31538
2 26530 2 26582
2 9092 2 9105
2 13216 2 13244
2 24935 2 24939
2 37666 2 37756
2 20777 2 20817
2 13813 2 13849
2 32596 2 32692
2 512 2 607
2 19346 2 19442
2 6027 2 6118
2 9340 2 9357
2 38067 2 38101
2 16937 2 16959
2 30490 2 30572
2 4520 2 4563
2 36585 2 36592
2 36933 2 37010
2 25279 2 25318
2 12674 2 12762
2 36846 2 36855
2 23670 2 23683
2 1091 2 1121
2 28427 2 28446
2 14316 2 14413
2 27381 2 27407
2 26386 2 26435
2 10605 2 10680
2 15493 2 15501
2 33607 2 33652
2 6930 2 7013
2 21190 2 21192
2 20525 2 20582
2 4626 2 4685
2 18882 2 18971
2 34701 2 34742
2 3070 2 3094
2 8090 2 8149
2 26845 2 26862
2 18341 2 18432
2 31841 2 31908
2 12584 2 12659
2 36856 2 36932
2 29154 2 29229
2 23160 2 23187
2 11108 2 11126
2 24345 2 24417
2 10823 2 10860
2 35845 2 35861
2 25907 2 25917
2 4436 2 4438
2 29367 2 29427
2 1588 2 1591
2 8748 2 8818
2 18523 2 18597
2 35046 2 35124
2 26119 2 26135
2 37837 2 37904
2 13146 2 13215
2 9485 2 9560
2 29767 2 29826
2 9436 2 9484
2 18598 2 18622
2 14610 2 14659
2 28764 2 28842
2 26618 2 26654
2 34379 2 34415
2 35125 2 35220
2 27865 2 27932
2 18197 2 18265
2 20464 2 20524
2 28025 2 28025
2 4967 2 4990
2 8028 2 8085
2 3665 2 3686
2 31182 2 31257
2 36740 2 36818
2 32008 2 32021
2 26607 2 26617
2 22730 2 22765
2 26786 2 26830
2 24418 2 24505
2 27291 2 27294
2 27803 2 27859
2 31068 2 31114
2 31408 2 31445
2 9991 2 10066
2 22079 2 22157
2 2810 2 2852
2 29717 2 29755
2 710 2 774
2 17143 2 17233
2 12850 2 12931
2 19647 2 19664
2 2853 2 2876
2 32789 2 32820
2 1089 2 1090
2 9806 2 9857
2 5998 2 6026
2 28843 2 28900
2 33307 2 33335
2 37262 2 37326
2 8086 2 8089
2 17856 2 17953
2 2083 2 2174
2 38109 2 38128
2 2537 2 2616
2 25376 2 25419
2 31316 2 31407
2 28026 2 28097
2 32995 2 33039
2 14426 2 14462
2 17323 2 17397
2 12325 2 12348
2 35482 2 35578
2 14892 2 14953
2 27695 2 27721
2 27565 2 27594
2 4421 2 4435
2 15902 2 15910
2 33450 2 33534
2 13569 2 13640
2 20002 2 20006
2 9646 2 9705
2 5488 2 5533
2 72 2 117
2 37087 2 37091
2 3929 2 3973
2 15475 2 15492
2 16108 2 16181
2 3295 2 3311
2 118 2 161
2 6697 2 6786
2 35011 2 35013
2 963 2 997
2 16699 2 16783
2 11506 2 11545
2 19665 2 19720
2 33168 2 33203
2 7014 2 7022
2 16784 2 16853
2 4564 2 4568
2 17483 2 17516
2 20371 2 20428
2 38044 2 38066
2 11832 2 11901
2 13954 2 14027
2 267 2 349
2 34416 2 34490
2 1 2 71
2 3773 2 3864
2 4287 2 4327
2 2296 2 2298
2 25936 2 25949
2 36322 2 36378
2 27479 2 27499
2 24160 2 24201
2 17517 2 17530
2 7398 2 7451
2 399 2 427
2 2395 2 2438
2 33380 2 33449
2 10067 2 10079
2 21741 2 21835
2 9776 2 9805
2 33535 2 33606
2 20969 2 20992
2 22254 2 22324
2 22158 2 22253
2 32236 2 32256
2 3364 2 3459
2 13655 2 13717
2 19938 2 20001
2 17291 2 17322
2 35751 2 35793
2 17440 2 17482
2 5063 2 5137
2 1343 2 1343
2 20007 2 20047
2 31729 2 31808
2 27933 2 27934
2 4163 2 4208
2 11127 2 11172
2 9397 2 9435
2 28578 2 28648
2 7993 2 8027
2 29004 2 29084
2 21501 2 21593
2 8464 2 8506
2 22661 2 22729
2 21594 2 21598
2 14830 2 14862
2 30983 2 31008
2 30261 2 30360
2 21193 2 21248
2 28106 2 28129
2 34805 2 34813
2 36179 2 36188
2 2439 2 2536
2 36116 2 36161
2 34156 2 34162
2 23929 2 24010
2 1130 2 1161
2 24277 2 24344
2 16471 2 16559
2 13449 2 13520
2 5912 2 5997
2 4851 2 4943
2 16420 2 16456
2 6474 2 6563
2 17954 2 18051
2 20048 2 20058
2 5600 2 5623
2 6908 2 6929
2 10080 2 10081
2 9358 2 9396
2 4344 2 4368
2 27500 2 27519
2 15382 2 15474
2 21674 2 21700
2 17680 2 17751
2 35007 2 35010
2 17086 2 17142
2 31909 2 31981
2 34892 2 34945
2 4946 2 4966
2 16960 2 17014
2 11415 2 11505
2 32379 2 32400
2 12030 2 12092
2 13245 2 13337
2 18775 2 18842
2 27245 2 27290
2 13422 2 13448
2 5200 2 5297
2 27722 2 27802
2 33829 2 33846
2 9926 2 9940
2 5624 2 5674
2 38640 2 38655
2 14414 2 14425
2 5901 2 5911
2 35862 2 35961
2 14722 2 14781
2 25349 2 25375
2 15502 2 15589
2 31574 2 31639
2 23051 2 23075
2 162 2 171
2 36457 2 36504
2 27408 2 27478
2 23188 2 23237
2 17765 2 17855
2 22904 2 22945
2 14782 2 14793
2 3095 2 3193
2 35794 2 35828
2 9296 2 9302
2 31539 2 31573
2 38184 2 38242
2 13407 2 13421
2 27046 2 27106
2 23832 2 23868
2 18266 2 18340
2 4209 2 4286
2 34602 2 34700
2 16329 2 16408
2 29919 2 29983
2 10082 2 10090
2 24597 2 24614
2 19126 2 19135
2 18972 2 19034
2 28259 2 28275
2 34743 2 34804
2 21386 2 21469
2 4991 2 5043
2 9106 2 9198
2 16182 2 16235
2 14028 2 14108
2 24981 2 25074
2 2617 2 2640
2 33269 2 33293
2 38400 2 38483
2 1592 2 1685
2 17015 2 17085
2 20993 2 21005
2 14267 2 14284
2 32022 2 32052
2 28342 2 28374
2 25625 2 25673
2 26831 2 26844
2 20871 2 20968
2 11735 2 11831
2 4944 2 4945
2 23238 2 23269
2 2654 2 2694
2 29756 2 29766
2 9858 2 9925
2 2299 2 2393
2 37776 2 37836
2 29827 2 29881
2 3460 2 3536
2 20154 2 20249
2 37011 2 37086
2 17752 2 17764
2 21924 2 22012
2 13850 2 13911
2 2271 2 2295
2 34814 2 34886
2 33336 2 33379
2 7631 2 7631
2 30846 2 30896
2 1511 2 1549
2 32505 2 32556
2 10276 2 10346
2 28901 2 28955
2 25840 2 25906
2 30725 2 30818
2 16457 2 16470
2 16236 2 16328
2 25567 2 25624
2 7388 2 7397
2 24245 2 24257
2 793 2 861
2 28175 2 28183
2 24202 2 24244
2 5534 2 5599
2 12404 2 12422
2 23287 2 23310
2 32053 2 32139
2 28098 2 28105
2 31671 2 31728
2 21249 2 21310
2 5869 2 5900
2 25169 2 25239
2 23684 2 23729
2 28008 2 28008
2 3974 2 4049
2 10861 2 10961
2 9706 2 9706
2 33723 2 33727
2 29085 2 29153
2 34289 2 34378
2 17398 2 17439
2 33847 2 33937
2 36256 2 36321
2 20583 2 20611
2 6400 2 6473
2 26436 2 26529
2 19136 2 19201
2 35665 2 35703
2 27860 2 27864
2 37472 2 37505
2 1583 2 1587
2 23812 2 23831
2 20818 2 20870
2 38656 2 38740
2 4439 2 4519
2 28276 2 28288
2 26073 2 26117
2 11303 2 11341
2 350 2 398
2 38131 2 38183
2 11651 2 11687
2 29350 2 29366
2 19035 2 19125
2 17234 2 17290
2 23466 2 23556
2 29882 2 29918
2 35221 2 35295
2 1344 2 1407
2 9199 2 9295
2 19721 2 19748
2 29564 2 29616
2 32866 2 32895
2 1825 2 1916
2 14109 2 14153
2 34163 2 34252
2 19749 2 19842
2 21836 2 21885
2 35962 2 36024
2 7632 2 7676
2 26943 2 26977
2 3591 2 3616
2 28184 2 28258
2 20059 2 20153
2 29451 2 29533
2 2943 2 3008
2 21478 2 21500
2 20737 2 20776
2 19301 2 19345
2 19481 2 19564
2 12154 2 12162
2 2641 2 2653
2 16689 2 16698
2 1122 2 1129
2 33085 2 33167
2 13718 2 13812
2 26655 2 26735
2 8234 2 8248
2 6119 2 6219
2 37757 2 37775
2 11389 2 11414
2 8298 2 8370
2 22946 2 22998
2 27595 2 27663
2 14175 2 14207
2 14463 2 14525
2 32693 2 32788
2 12163 2 12227
2 15043 2 15102
2 7023 2 7054
2 34887 2 34891
2 26978 2 27001
2 30601 2 30650
2 20429 2 20463
2 14981 2 15042
2 37121 2 37196
2 37659 2 37665
2 36819 2 36824
2 1917 2 1999
2 28447 2 28498
2 4061 2 4136
2 34582 2 34601
2 30651 2 30678
2 24615 2 24643
2 5396 2 5487
2 36189 2 36242
2 25420 2 25492
2 27664 2 27694
2 1473 2 1510
2 29325 2 29349
2 12497 2 12583
2 30679 2 30696
2 25674 2 25741
2 8819 2 8909
2 19635 2 19646
2 37414 2 37442
2 3617 2 3664
2 30361 2 30421
2 19202 2 19274
2 12660 2 12673
2 5138 2 5187
2 2000 2 2082
2 3194 2 3294
2 14665 2 14721
2 10271 2 10275
2 25742 2 25798
2 21314 2 21385
2 7219 2 7303
2 6220 2 6224
2 24846 2 24934
2 21599 2 21673
2 22862 2 22903
2 28375 2 28426
2 14864 2 14891
2 22999 2 23050
2 30897 2 30924
2 15911 2 16009
2 4569 2 4625
2 31258 2 31274
2 18433 2 18522
2 8930 2 8953
2 8640 2 8727
2 2877 2 2942
2 14660 2 14664
2 24506 2 24596
2 22647 2 22660
2 38484 2 38546
2 11688 2 11734
2 23869 2 23928
2 2695 2 2793
2 34491 2 34581
2 22013 2 22027
2 18052 2 18119
2 7935 2 7992
2 37506 2 37531
2 23606 2 23669
2 24011 2 24068
2 23076 2 23159
2 10962 2 11023
2 35378 2 35461
2 1247 2 1255
2 1162 2 1246
2 24273 2 24273
2 33040 2 33084
2 38547 2 38639
2 1686 2 1735
2 10681 2 10778
2 15346 2 15381
2 20330 2 20370
2 10347 2 10422
2 35579 2 35664
2 20250 2 20329
2 38102 2 38108
2 7721 2 7770
2 36505 2 36584
2 8910 2 8929
2 10508 2 10604
2 13641 2 13654
2 31640 2 31670
2 37443 2 37471
2 7489 2 7574
2 12423 2 12496
2 15804 2 15901
2 18683 2 18748
2 36379 2 36456
2 37092 2 37120
2 37976 2 38043
2 5188 2 5199
2 28289 2 28341
2 36075 2 36115
2 11998 2 12029
2 19275 2 19300
2 32401 2 32443
2 25319 2 25348
2 32257 2 32328
2 25950 2 25995
2 6787 2 6860
2 10779 2 10822
2 5675 2 5752
2 31275 2 31315
2 30024 2 30112
2 18749 2 18774
2 6604 2 6621
2 29534 2 29563
2 27520 2 27559
2 14208 2 14266
2 35316 2 35377
2 12967 2 13023
2 28009 2 28024
2 20682 2 20736
2 26164 2 26234
2 16010 2 16107
2 10091 2 10161
2 29984 2 30023
2 7210 2 7218
2 19843 2 19937
2 24258 2 24272
2 17531 2 17610
2 30697 2 30724
2 30422 2 30489
2 16560 2 16594
2 25255 2 25278
2 5753 2 5848
2 13071 2 13145
2 16595 2 16688
2 24069 2 24159
2 24274 2 24276
2 33957 2 34054
2 13024 2 13061
2 33728 2 33828
2 18623 2 18682
2 13912 2 13953
2 5044 2 5062
2 12094 2 12153
2 11342 2 11388
2 11173 2 11222
2 14154 2 14174
2 4369 2 4420
2 7055 2 7128
2 36243 2 36255
2 26357 2 26385
2 15590 2 15680
2 29230 2 29324
2 12093 2 12093
2 7334 2 7372
2 14954 2 14980
2 13338 2 13406
2 32557 2 32595
2 26136 2 26163
2 35014 2 35045
2 30925 2 30982
2 25493 2 25566
2 11223 2 11302
2 23311 2 23400
2 29617 2 29716
2 22325 2 22424
2 21311 2 21313
2 3687 2 3772
2 4848 2 4850
2 24777 2 24845
2 33294 2 33306
2 25075 2 25168
2 26736 2 26785
2 2794 2 2799
2 21886 2 21923
2 3537 2 3590
2 27002 2 27045
2 30113 2 30177
2 4759 2 4847
2 172 2 266
2 7856 2 7934
2 37532 2 37598
2 37599 2 37658
2 23403 2 23465
2 21060 2 21159
2 32896 2 32994
2 12228 2 12324
2 37327 2 37413
2 21724 2 21740
2 4137 2 4162
2 6386 2 6399
2 20612 2 20681
2 33204 2 33268
2 12763 2 12849
2 7304 2 7333
2 9707 2 9775
2 5849 2 5868
2 35296 2 35315
2 10215 2 10270
2 32444 2 32499
2 6225 2 6314
2 12349 2 12403
2 35738 2 35750
2 35462 2 35481
2 35704 2 35737
2 22552 2 22646
2 11546 2 11636
2 14794 2 14829
