1920 3 762138779
2 723206 2 723843
2 72864 2 73121
2 757936 2 758847
2 743920 2 744064
2 366941 2 367761
2 490457 2 491333
2 818102 2 818365
2 667048 2 667213
2 210447 2 210504
2 585407 2 585895
2 11336 2 11727
2 164780 2 165041
2 82174 2 82666
2 262816 2 263577
2 342177 2 342907
2 455830 2 456681
2 825275 2 826058
2 720478 2 721260
2 598714 2 599329
2 875664 2 876527
2 384156 2 384974
2 305438 2 305642
2 260492 2 260903
2 819849 2 819859
2 514378 2 514826
2 20932 2 21620
2 455116 2 455192
2 320130 2 320617
2 499605 2 499939
2 534423 2 535045
2 537828 2 537963
2 215291 2 215943
2 848924 2 848951
2 574691 2 574807
2 451 2 849
2 894483 2 895073
2 163582 2 164260
2 552641 2 552934
2 603651 2 604501
2 808866 2 809089
2 31462 2 31544
2 307284 2 307453
2 187535 2 187978
2 646618 2 647469
2 791677 2 791842
2 764330 2 764475
2 380792 2 380869
2 763387 2 764329
2 196640 2 197156
2 16976 2 17548
2 433648 2 434265
2 623442 2 623958
2 213186 2 213510
2 523755 2 524610
2 85898 2 86194
2 173961 2 174876
2 214974 2 215006
2 890518 2 890731
2 103012 2 103326
2 840488 2 841387
2 325268 2 326058
2 870463 2 871026
2 95492 2 96269
2 429021 2 429140
2 374259 2 374826
2 901993 2 902082
2 852617 2 852825
2 95242 2 95491
2 744136 2 744793
2 708518 2 709340
2 934151 2 934536
2 369987 2 370163
2 493401 2 493696
2 18197 2 19025
2 760379 2 760979
2 403661 2 404234
2 275721 2 276157
2 521256 2 521967
2 294861 2 295657
2 936661 2 937088
2 262114 2 262145
2 888953 2 889789
2 227774 2 228718
2 533128 2 533392
2 406774 2 407396
2 118563 2 118729
2 65368 2 65437
2 260910 2 261653
2 922867 2 923744
2 8063 2 8090
2 680677 2 681557
2 823598 2 823716
2 76708 2 77005
2 489940 2 490037
2 3843 2 4166
2 600029 2 600668
2 106848 2 107138
2 496365 2 497008
2 113335 2 114039
2 718348 2 719026
2 176508 2 176792
2 75177 2 75546
2 877020 2 877835
2 739582 2 739653
2 772780 2 772984
2 29511 2 30286
2 741009 2 741382
2 769711 2 770400
2 727047 2 728019
2 632060 2 632632
2 130220 2 130579
2 676661 2 676681
2 162234 2 162754
2 236972 2 237736
2 468892 2 469528
2 379285 2 380070
2 612985 2 613535
2 124510 2 125346
2 535652 2 536357
2 638587 2 638713
2 415231 2 416025
2 902339 2 902677
2 301468 2 301733
2 178495 2 179305
2 54001 2 54719
2 6589 2 7230
2 478892 2 479407
2 297257 2 298154
2 809178 2 809200
2 630210 2 630412
2 650332 2 650802
2 493849 2 494028
2 676682 2 676987
2 357637 2 358479
2 814672 2 814861
2 932049 2 932818
2 378395 2 379284
2 601113 2 601413
2 237737 2 238231
2 646398 2 646617
2 659369 2 659663
2 756313 2 756666
2 878675 2 879070
2 728020 2 728395
2 147566 2 148144
2 805561 2 806360
2 842608 2 842981
2 617609 2 617980
2 530899 2 531459
2 392782 2 392893
2 136262 2 136852
2 383641 2 384155
2 256547 2 257264
2 494680 2 495357
2 191956 2 192782
2 857483 2 858308
2 683061 2 683708
2 169897 2 170191
2 657280 2 658115
2 747000 2 747792
2 671453 2 671490
2 573758 2 574014
2 480024 2 480514
2 228719 2 228781
2 847257 2 847966
2 725405 2 725992
2 442422 2 442831
2 223519 2 224491
2 495358 2 495382
2 511163 2 512101
2 182805 2 183430
2 844299 2 844821
2 540226 2 540924
2 862150 2 862794
2 12930 2 13016
2 298155 2 298790
2 908748 2 909197
2 488360 2 488522
2 209695 2 210446
2 594102 2 595083
2 30287 2 30441
2 643001 2 643873
2 893360 2 893628
2 350774 2 351220
2 453012 2 453452
2 445272 2 446269
2 724655 2 725404
2 568572 2 569007
2 245015 2 245422
2 336482 2 336840
2 172113 2 172952
2 259367 2 260332
2 344568 2 345219
2 519517 2 520198
2 699136 2 699533
2 882832 2 883320
2 947136 2 947440
2 801972 2 802566
2 514918 2 515242
2 333269 2 333433
2 562059 2 562167
2 16336 2 16975
2 905717 2 906054
2 309063 2 309137
2 607956 2 608611
2 343858 2 344567
2 849888 2 850715
2 936204 2 936660
2 434642 2 434952
2 755070 2 755778
2 743172 2 743603
2 497807 2 498259
2 356301 2 356737
2 424313 2 424354
2 40090 2 40757
2 800003 2 800492
2 27588 2 27930
2 373480 2 374258
2 907527 2 907948
2 567934 2 568571
2 734663 2 734708
2 838208 2 838269
2 545935 2 546520
2 814862 2 815262
2 393567 2 394235
2 561923 2 562058
2 111092 2 111350
2 370164 2 370271
2 555896 2 556234
2 654758 2 655639
2 316601 2 317264
2 806361 2 806560
2 569008 2 569806
2 557325 2 558227
2 873049 2 873664
2 278103 2 278591
2 931166 2 931760
2 914518 2 915067
2 447682 2 448376
2 49370 2 49464
2 743604 2 743919
2 690409 2 690519
2 123261 2 123679
2 940737 2 941586
2 258434 2 259366
2 437105 2 437399
2 381675 2 381896
2 756667 2 756819
2 50400 2 50758
2 17695 2 18027
2 911149 2 911676
2 711359 2 712130
2 461391 2 461670
2 571064 2 572055
2 398120 2 398350
2 419611 2 419801
2 213511 2 214320
2 135833 2 136261
2 765184 2 765404
2 776089 2 776286
2 487613 2 487949
2 841388 2 842164
2 57226 2 57345
2 175864 2 176507
2 688876 2 689490
2 443815 2 444281
2 339248 2 339720
2 501264 2 501679
2 854119 2 854293
2 671382 2 671452
2 205621 2 206355
2 699534 2 699741
2 879283 2 879565
2 733624 2 734016
2 372274 2 372407
2 668636 2 668646
2 512687 2 512903
2 770401 2 770617
2 53252 2 53290
2 570018 2 570346
2 741704 2 742069
2 404328 2 404571
2 665767 2 666274
2 927915 2 928859
2 929315 2 929371
2 230452 2 230956
2 827416 2 827490
2 346972 2 347881
2 543322 2 543357
2 374827 2 375386
2 930589 2 930731
2 785544 2 786519
2 530212 2 530547
2 92434 2 92473
2 256216 2 256546
2 21752 2 22043
2 838270 2 839037
2 675862 2 676660
2 512904 2 513852
2 264460 2 265388
2 530548 2 530785
2 203181 2 203939
2 52898 2 52982
2 450444 2 450824
2 244430 2 245014
2 477250 2 477320
2 503438 2 504036
2 906796 2 907526
2 858857 2 859831
2 575523 2 575587
2 514203 2 514377
2 207556 2 208149
2 860518 2 860935
2 270990 2 271500
2 573194 2 573757
2 204021 2 204589
2 392232 2 392252
2 834124 2 834552
2 19614 2 20301
2 302383 2 303065
2 700769 2 701764
2 376938 2 377920
2 740125 2 740257
2 637471 2 637549
2 62994 2 63373
2 892476 2 893359
2 392253 2 392542
2 729248 2 729434
2 637465 2 637470
2 824804 2 825274
2 736854 2 736869
2 816745 2 817297
2 562168 2 562953
2 60672 2 61376
2 783430 2 784313
2 39190 2 40003
2 262336 2 262815
2 156407 2 157020
2 36711 2 37654
2 396523 2 397028
2 267122 2 267161
2 884074 2 884122
2 748242 2 748402
2 817544 2 818101
2 29400 2 29510
2 678104 2 678809
2 208708 2 209694
2 777487 2 778227
2 362239 2 362843
2 611227 2 612135
2 198270 2 199019
2 97759 2 97793
2 441431 2 442421
2 304898 2 305437
2 773533 2 774152
2 400574 2 401197
2 232551 2 232953
2 647946 2 648775
2 217283 2 217328
2 281332 2 281965
2 231769 2 232547
2 118106 2 118562
2 308665 2 309062
2 667864 2 668635
2 685612 2 686536
2 123680 2 123746
2 794653 2 795413
2 473441 2 474352
2 639868 2 640747
2 884123 2 884986
2 654434 2 654757
2 804465 2 805104
2 56127 2 56535
2 417393 2 417950
2 721669 2 722424
2 596057 2 596567
2 602942 2 603266
2 834553 2 835152
2 953504 2 953824
2 664891 2 665766
2 65455 2 65862
2 387334 2 388303
2 730321 2 730544
2 100222 2 100681
2 230957 2 231768
2 436155 2 436191
2 116078 2 116499
2 662996 2 663704
2 583080 2 583351
2 276158 2 276695
2 695413 2 695798
2 65863 2 66831
2 528386 2 528979
2 781921 2 782591
2 161787 2 162233
2 752559 2 753341
2 776287 2 776419
2 499134 2 499604
2 238232 2 238969
2 112917 2 113334
2 81872 2 82173
2 619851 2 620184
2 692645 2 693109
2 296470 2 297256
2 515243 2 516227
2 476825 2 477249
2 741383 2 741703
2 502182 2 502827
2 151245 2 152208
2 395895 2 396522
2 577290 2 577698
2 765560 2 766308
2 884987 2 885761
2 820763 2 820964
2 752292 2 752558
2 823027 2 823214
2 748403 2 748589
2 341801 2 342176
2 597136 2 598041
2 56115 2 56126
2 90413 2 91088
2 273048 2 273963
2 902678 2 903226
2 706554 2 706601
2 802567 2 803052
2 351300 2 352119
2 598042 2 598713
2 713094 2 713493
2 781260 2 781920
2 143731 2 144263
2 314677 2 315648
2 94000 2 94374
2 245676 2 245988
2 903380 2 903755
2 93810 2 93999
2 371904 2 372273
2 867535 2 867924
2 593694 2 594072
2 120992 2 121076
2 835153 2 835436
2 638385 2 638586
2 112034 2 112359
2 153954 2 154793
2 748936 2 748977
2 837526 2 838131
2 219632 2 220585
2 332319 2 333268
2 921172 2 921524
2 452105 2 452392
2 670050 2 670797
2 888585 2 888743
2 325031 2 325267
2 88746 2 88886
2 201340 2 201693
2 281966 2 282636
2 487295 2 487383
2 54720 2 54769
2 493697 2 493848
2 300542 2 301467
2 127360 2 127527
2 167532 2 167642
2 234281 2 235118
2 564813 2 565481
2 876744 2 877019
2 170523 2 171396
2 15083 2 15793
2 523131 2 523249
2 732253 2 732517
2 935539 2 936203
2 24787 2 25361
2 949698 2 950141
2 427669 2 428388
2 899139 2 899367
2 943496 2 944024
2 899368 2 900071
2 915278 2 915623
2 659021 2 659368
2 416431 2 416917
2 538196 2 538688
2 81126 2 81871
2 926890 2 927699
2 944689 2 944702
2 814467 2 814671
2 923745 2 924189
2 180053 2 180862
2 737149 2 737648
2 614481 2 615291
2 244173 2 244429
2 80263 2 81125
2 542332 2 542477
2 260333 2 260491
2 760980 2 761794
2 846146 2 846487
2 78754 2 79556
2 800677 2 800988
2 347882 2 348727
2 373105 2 373196
2 363479 2 363960
2 87789 2 88745
2 805105 2 805560
2 694617 2 694780
2 180863 2 181826
2 745620 2 746293
2 235768 2 236541
2 637550 2 638384
2 172953 2 173554
2 790393 2 790428
2 74414 2 74758
2 759696 2 759729
2 352120 2 352245
2 352246 2 352794
2 250629 2 251064
2 333475 2 333790
2 5044 2 5929
2 86931 2 87788
2 464135 2 464254
2 346048 2 346971
2 241508 2 241644
2 879566 2 879638
2 473262 2 473440
2 472510 2 473081
2 762243 2 762472
2 769375 2 769710
2 427149 2 427668
2 767967 2 768099
2 828243 2 828557
2 537984 2 538195
2 434953 2 435217
2 35895 2 36710
2 199828 2 200246
2 895483 2 896430
2 879803 2 879847
2 405587 2 406481
2 494408 2 494679
2 586667 2 587517
2 25362 2 25895
2 886761 2 887112
2 953825 2 953950
2 809201 2 810021
2 942579 2 942659
2 474530 2 475514
2 919598 2 920179
2 35811 2 35894
2 943172 2 943495
2 620548 2 621273
2 57346 2 57774
2 18028 2 18192
2 390650 2 391649
2 527502 2 528385
2 271873 2 272755
2 421448 2 421564
2 464854 2 465751
2 570881 2 570975
2 642136 2 642318
2 199020 2 199827
2 787152 2 787897
2 457488 2 458169
2 740032 2 740060
2 575131 2 575234
2 644484 2 644585
2 41149 2 41157
2 626469 2 627063
2 655640 2 656045
2 291827 2 292817
2 105385 2 105428
2 744794 2 745619
2 642319 2 643000
2 460274 2 460584
2 359513 2 360375
2 944703 2 945278
2 734709 2 735277
2 171397 2 172112
2 701765 2 702467
2 510680 2 510937
2 225755 2 226140
2 945279 2 945877
2 850982 2 851849
2 407671 2 408455
2 202521 2 202837
2 265389 2 265529
2 376416 2 376937
2 672398 2 673037
2 262146 2 262335
2 627626 2 628452
2 440820 2 441430
2 424355 2 425076
2 323265 2 323592
2 475515 2 475660
2 518749 2 519328
2 168914 2 169273
2 128570 2 128883
2 437564 2 438374
2 406482 2 406773
2 216590 2 217282
2 193780 2 194477
2 143514 2 143730
2 519329 2 519516
2 311552 2 312274
2 184243 2 184878
2 508587 2 508972
2 308327 2 308664
2 735278 2 735914
2 242447 2 242798
2 669759 2 670049
2 26692 2 27587
2 594073 2 594101
2 131365 2 132214
2 491334 2 491528
2 832613 2 833577
2 819860 2 820762
2 521968 2 522852
2 886705 2 886760
2 508214 2 508586
2 613536 2 614480
2 214321 2 214973
2 240825 2 240908
2 896489 2 897367
2 146272 2 146748
2 821371 2 822065
2 363961 2 364033
2 333791 2 334007
2 463204 2 464134
2 395737 2 395894
2 475661 2 475981
2 771457 2 771869
2 862795 2 863332
2 208150 2 208707
2 358480 2 358934
2 185329 2 185978
2 864359 2 864619
2 786520 2 786590
2 902083 2 902338
2 951461 2 952099
2 141773 2 142116
2 574808 2 575130
2 10333 2 11010
2 889790 2 890517
2 470993 2 471334
2 712131 2 713093
2 321889 2 322711
2 411610 2 412303
2 531460 2 532425
2 23470 2 24346
2 365739 2 366061
2 883321 2 884073
2 221085 2 221995
2 173555 2 173893
2 790429 2 790911
2 44180 2 45137
2 218384 2 218720
2 312720 2 313614
2 212234 2 212767
2 195918 2 196639
2 89583 2 90412
2 207363 2 207555
2 104187 2 104879
2 771870 2 772419
2 855015 2 855950
2 851850 2 852238
2 203940 2 204020
2 399608 2 400573
2 690520 2 690521
2 324400 2 325030
2 785013 2 785205
2 158842 2 159435
2 717208 2 718010
2 388373 2 388964
2 479873 2 480023
2 904613 2 905515
2 590698 2 591644
2 25896 2 26691
2 187979 2 188129
2 205487 2 205620
2 450825 2 451448
2 681939 2 682935
2 827491 2 828242
2 833578 2 834123
2 389806 2 390649
2 795793 2 796622
2 428856 2 429020
2 516228 2 516411
2 510963 2 511162
2 334677 2 335617
2 138099 2 138737
2 173894 2 173960
2 472032 2 472509
2 699742 2 700362
2 917361 2 917658
2 289638 2 289803
2 435218 2 436154
2 768378 2 768961
2 487950 2 488359
2 428389 2 428855
2 477652 2 478250
2 790912 2 791676
2 221996 2 222472
2 642079 2 642135
2 337639 2 337865
2 801296 2 801971
2 826720 2 827415
2 423421 2 424312
2 920180 2 921171
2 108422 2 109093
2 329347 2 329776
2 165042 2 165324
2 896431 2 896488
2 185979 2 186665
2 421565 2 422329
2 13820 2 14103
2 929892 2 930047
2 798231 2 799016
2 709519 2 710376
2 218721 2 218965
2 361303 2 362238
2 719739 2 720477
2 56536 2 57225
2 276696 2 277179
2 692409 2 692644
2 432560 2 432745
2 912958 2 913408
2 932819 2 933020
2 728953 2 729157
2 224903 2 225754
2 918618 2 919094
2 778228 2 778880
2 348728 2 349401
2 906725 2 906795
2 497009 2 497112
2 673038 2 673775
2 807125 2 807373
2 753342 2 753446
2 426890 2 427148
2 856572 2 857482
2 112755 2 112916
2 633459 2 634094
2 248450 2 249348
2 447028 2 447681
2 739654 2 739900
2 882329 2 882394
2 507518 2 507819
2 820965 2 821037
2 7855 2 8062
2 339721 2 340163
2 793883 2 794652
2 482942 2 483668
2 188404 2 189193
2 543541 2 543830
2 537964 2 537983
2 900072 2 900881
2 798045 2 798230
2 742569 2 743171
2 413663 2 414434
2 168369 2 168913
2 740258 2 741008
2 88887 2 89582
2 41158 2 41856
2 432746 2 433647
2 779862 2 780811
2 24612 2 24786
2 104880 2 105148
2 835437 2 836034
2 476207 2 476824
2 439273 2 439935
2 212768 2 213185
2 807686 2 808204
2 106030 2 106847
2 826059 2 826275
2 818366 2 818540
2 85062 2 85897
2 747793 2 748241
2 247599 2 248449
2 145634 2 146271
2 8207 2 8886
2 45642 2 46411
2 854294 2 855014
2 856539 2 856571
2 860437 2 860517
2 364687 2 364805
2 273964 2 274042
2 442832 2 443814
2 774758 2 775472
2 887138 2 887763
2 926040 2 926067
2 123747 2 124509
2 34480 2 34853
2 676988 2 676998
2 410106 2 411053
2 616181 2 616523
2 14104 2 15082
2 362844 2 363478
2 897368 2 898202
2 675710 2 675861
2 826514 2 826719
2 500829 2 501263
2 121904 2 122868
2 542637 2 543021
2 525464 2 525746
2 843897 2 844298
2 641825 2 642078
2 65438 2 65454
2 817370 2 817387
2 734017 2 734063
2 935258 2 935538
2 543022 2 543321
2 356738 2 357636
2 952100 2 952106
2 306586 2 307283
2 360376 2 361275
2 246927 2 247598
2 603267 2 603650
2 190276 2 190958
2 660878 2 661739
2 775615 2 776088
2 392894 2 393566
2 783066 2 783429
2 179306 2 179550
2 812427 2 813200
2 86349 2 86930
2 786591 2 787151
2 290713 2 291200
2 789410 2 789826
2 176793 2 177600
2 295658 2 296469
2 241765 2 242446
2 815263 2 816016
2 606981 2 607955
2 334120 2 334676
2 76065 2 76177
2 194894 2 195362
2 30442 2 31111
2 856303 2 856538
2 813201 2 814141
2 241645 2 241764
2 650803 2 651589
2 169274 2 169896
2 155778 2 156047
2 454419 2 454628
2 279497 2 280468
2 37655 2 38496
2 714192 2 714485
2 817298 2 817369
2 795737 2 795792
2 377921 2 378394
2 697995 2 698436
2 92474 2 92832
2 788857 2 789409
2 674745 2 675709
2 298791 2 298856
2 49085 2 49369
2 154794 2 155777
2 261654 2 262113
2 536358 2 536898
2 107596 2 108042
2 612136 2 612984
2 318654 2 318722
2 82667 2 83649
2 850716 2 850981
2 536899 2 537165
2 126083 2 126732
2 887113 2 887137
2 48632 2 49084
2 532426 2 533127
2 458723 2 459433
2 919154 2 919597
2 439936 2 440739
2 402417 2 402659
2 21621 2 21751
2 879639 2 879802
2 787898 2 788048
2 386716 2 387333
2 704601 2 705487
2 938090 2 939075
2 738318 2 739070
2 641244 2 641824
2 328096 2 329024
2 167643 2 168368
2 440740 2 440819
2 260904 2 260909
2 671491 2 672397
2 31545 2 32374
2 160581 2 160919
2 116500 2 117441
2 148145 2 148985
2 232997 2 233793
2 822066 2 822161
2 125543 2 126082
2 446797 2 447027
2 110126 2 111091
2 937089 2 938089
2 267162 2 268136
2 184879 2 185210
2 425967 2 426889
2 589530 2 590394
2 422330 2 422545
2 292818 2 293492
2 791843 2 792191
2 648868 2 649428
2 916419 2 917360
2 826276 2 826513
2 921525 2 921688
2 541541 2 542331
2 210505 2 211073
2 9401 2 10332
2 939749 2 940736
2 516412 2 516996
2 298857 2 299581
2 33777 2 34479
2 643874 2 643928
2 872478 2 873048
2 677557 2 677562
2 502003 2 502181
2 486385 2 486719
2 284867 2 285331
2 28433 2 29399
2 455193 2 455829
2 53291 2 54000
2 800493 2 800676
2 616524 2 617182
2 753447 2 753944
2 583352 2 583900
2 925937 2 926039
2 756820 2 757809
2 152209 2 152398
2 539381 2 540225
2 905516 2 905716
2 140148 2 140744
2 170221 2 170522
2 755779 2 756071
2 757810 2 757935
2 682936 2 683060
2 504037 2 504724
2 45138 2 45641
2 790189 2 790392
2 118730 2 119692
2 395175 2 395328
2 645577 2 646246
2 922395 2 922866
2 5930 2 6588
2 527057 2 527501
2 277944 2 278102
2 651590 2 652364
2 520199 2 520600
2 371200 2 371903
2 740061 2 740124
2 759730 2 760378
2 874369 2 875203
2 855951 2 856302
2 367762 2 368730
2 621274 2 621592
2 464255 2 464528
2 64833 2 65367
2 865450 2 866035
2 601414 2 602236
2 732518 2 732704
2 548866 2 549473
2 517589 2 518006
2 950142 2 950611
2 165620 2 166368
2 115742 2 116077
2 142790 2 143513
2 489878 2 489939
2 683709 2 683839
2 321446 2 321888
2 52983 2 53251
2 904349 2 904601
2 277825 2 277943
2 636794 2 637464
2 838132 2 838207
2 479724 2 479872
2 242799 2 243284
2 628453 2 629285
2 74759 2 75176
2 467354 2 468031
2 945878 2 946412
2 810903 2 811082
2 420557 2 421447
2 545381 2 545934
2 887764 2 888584
2 418914 2 419610
2 501680 2 502002
2 480515 2 480741
2 643929 2 644193
2 774153 2 774757
2 933021 2 933666
2 416026 2 416430
2 34854 2 35810
2 186666 2 187534
2 475982 2 476052
2 466119 2 466964
2 853015 2 853495
2 946413 2 946640
2 464529 2 464853
2 398351 2 398536
2 55389 2 55906
2 797615 2 798044
2 890732 2 891437
2 744065 2 744135
2 842340 2 842607
2 538689 2 539380
2 271501 2 271872
2 687895 2 688875
2 111351 2 111620
2 842982 2 843576
2 882395 2 882517
2 606367 2 606980
2 929609 2 929891
2 319803 2 320129
2 567519 2 567933
2 832416 2 832612
2 385837 2 386078
2 120238 2 120551
2 734064 2 734662
2 707207 2 708173
2 719027 2 719738
2 384975 2 385836
2 776420 2 777182
2 101762 2 102688
2 149955 2 150385
2 775473 2 775614
2 811295 2 812046
2 405531 2 405586
2 98966 2 99407
2 358935 2 358996
2 673776 2 674744
2 397029 2 397287
2 228782 2 229693
2 697495 2 697994
2 268711 2 269601
2 139330 2 139560
2 368731 2 369641
2 364034 2 364076
2 152399 2 153365
2 3580 2 3842
2 315808 2 316600
2 792192 2 793172
2 470111 2 470992
2 301734 2 302382
2 632633 2 633444
2 134710 2 135375
2 473082 2 473261
2 622319 2 623060
2 708174 2 708263
2 693110 2 693910
2 842165 2 842339
2 388304 2 388372
2 404235 2 404327
2 898469 2 899138
2 926758 2 926889
2 8887 2 9400
2 644586 2 645576
2 479408 2 479469
2 866738 2 867059
2 875204 2 875287
2 823215 2 823597
2 257265 2 257425
2 395329 2 395736
2 877836 2 878674
2 150476 2 150526
2 381897 2 382605
2 915068 2 915277
2 907949 2 908675
2 281285 2 281331
2 848952 2 849887
2 928860 2 929314
2 69695 2 70508
2 803053 2 803372
2 836035 2 837011
2 556235 2 556696
2 189425 2 189718
2 629841 2 630209
2 638714 2 639380
2 202838 2 203095
2 291262 2 291826
2 195363 2 195917
2 617183 2 617608
2 32375 2 33192
2 73682 2 74191
2 1 2 450
2 422546 2 423420
2 668781 2 669758
2 653855 2 654433
2 576420 2 577289
2 544448 2 545380
2 845495 2 845572
2 496153 2 496250
2 304707 2 304897
2 869477 2 870310
2 280469 2 281284
2 20302 2 20931
2 333434 2 333474
2 366441 2 366940
2 624874 2 625792
2 700363 2 700768
2 307454 2 307695
2 240909 2 241507
2 796623 2 797614
2 222783 2 223518
2 278592 2 279496
2 402660 2 403660
2 906055 2 906724
2 448377 2 449339
2 414435 2 415230
2 487384 2 487612
2 617981 2 618694
2 352795 2 353699
2 227615 2 227773
2 816635 2 816744
2 604502 2 605121
2 425077 2 425966
2 334008 2 334119
2 595153 2 596056
2 1403 2 2308
2 471335 2 472031
2 528980 2 529794
2 570347 2 570369
2 496251 2 496364
2 600669 2 601112
2 698437 2 698909
2 661740 2 662458
2 592490 2 592932
2 846488 2 847256
2 620185 2 620547
2 386079 2 386715
2 678810 2 679750
2 540925 2 541540
2 99408 2 100221
2 737649 2 738317
2 520601 2 521255
2 631336 2 632059
2 489030 2 489877
2 337866 2 338683
2 495748 2 496152
2 420086 2 420556
2 162928 2 163581
2 132215 2 132290
2 480742 2 481317
2 646247 2 646397
2 74192 2 74413
2 917659 2 918617
2 412579 2 413032
2 490038 2 490049
2 575235 2 575522
2 811083 2 811294
2 739901 2 740031
2 939076 2 939748
2 194478 2 194893
2 157021 2 157931
2 265530 2 265802
2 509220 2 510110
2 394247 2 395174
2 619024 2 619850
2 477355 2 477651
2 115365 2 115741
2 512133 2 512686
2 146749 2 147565
2 547617 2 547976
2 313615 2 313915
2 477321 2 477354
2 560406 2 560640
2 506052 2 506616
2 904602 2 904612
2 542478 2 542636
2 33193 2 33776
2 46412 2 47313
2 882518 2 882831
2 274897 2 275720
2 314052 2 314341
2 129668 2 130022
2 715990 2 716030
2 871027 2 871923
2 656046 2 656891
2 136853 2 137147
2 563765 2 564270
2 485098 2 485810
2 830755 2 831580
2 618695 2 619023
2 250088 2 250628
2 114105 2 114472
2 244042 2 244172
2 880487 2 880887
2 15794 2 16335
2 772681 2 772779
2 265803 2 266293
2 610329 2 611226
2 588268 2 589093
2 762805 2 762972
2 454629 2 455115
2 232954 2 232996
2 446270 2 446796
2 718011 2 718022
2 412304 2 412578
2 767280 2 767730
2 206661 2 207362
2 128884 2 129667
2 304652 2 304706
2 226973 2 227614
2 142117 2 142789
2 873665 2 874368
2 510938 2 510962
2 735915 2 736853
2 4167 2 5043
2 793348 2 793882
2 109094 2 109957
2 245423 2 245675
2 710869 2 711358
2 3058 2 3579
2 766609 2 767279
2 317918 2 318653
2 232548 2 232550
2 621593 2 622318
2 114040 2 114104
2 768962 2 769374
2 451531 2 452104
2 821038 2 821370
2 731744 2 732252
2 709341 2 709518
2 138738 2 139329
2 73197 2 73357
2 625793 2 626468
2 570976 2 571063
2 312410 2 312719
2 392543 2 392781
2 166369 2 167285
2 436192 2 436733
2 11011 2 11073
2 595084 2 595152
2 79557 2 79629
2 238970 2 239340
2 785379 2 785427
2 107139 2 107595
2 77006 2 77377
2 127528 2 127766
2 218966 2 219102
2 326059 2 326778
2 686537 2 687044
2 366062 2 366176
2 729912 2 730320
2 436734 2 437104
2 70618 2 71534
2 342973 2 343857
2 575588 2 576419
2 380071 2 380791
2 715099 2 715989
2 946641 2 947135
2 782592 2 783065
2 659664 2 659924
2 677563 2 678103
2 17549 2 17694
2 286128 2 286546
2 269602 2 270491
2 723905 2 724436
2 505637 2 506051
2 582167 2 583079
2 748590 2 748935
2 11074 2 11335
2 204590 2 205486
2 756072 2 756312
2 537166 2 537827
2 817388 2 817543
2 77378 2 77636
2 729158 2 729247
2 409410 2 410105
2 141506 2 141772
2 518464 2 518748
2 182344 2 182804
2 748978 2 749974
2 578819 2 579279
2 449340 2 449595
2 764476 2 764794
2 251065 2 251759
2 767731 2 767966
2 903756 2 904348
2 546521 2 547143
2 721495 2 721666
2 543358 2 543540
2 92855 2 93809
2 934537 2 935054
2 828558 2 829491
2 750911 2 751334
2 364077 2 364686
2 31112 2 31461
2 48154 2 48631
2 492721 2 493400
2 722425 2 722974
2 652901 2 653854
2 623959 2 624704
2 456735 2 456902
2 78138 2 78753
2 695799 2 696448
2 314342 2 314676
2 930048 2 930588
2 398537 2 399081
2 317265 2 317917
2 754530 2 755069
2 592933 2 593693
2 481318 2 482210
2 739242 2 739581
2 749975 2 750910
2 476053 2 476206
2 803373 2 804365
2 291201 2 291261
2 156048 2 156406
2 197764 2 198269
2 434266 2 434641
2 785428 2 785543
2 565998 2 566640
2 285332 2 285708
2 949003 2 949697
2 935055 2 935257
2 591645 2 592489
2 483669 2 484307
2 530786 2 530898
2 913409 2 913574
2 43693 2 44057
2 84245 2 85034
2 170192 2 170220
2 2309 2 3057
2 829917 2 830754
2 919095 2 919153
2 577699 2 578645
2 605597 2 606366
2 630413 2 631335
2 91089 2 92018
2 189889 2 190275
2 350249 2 350596
2 525747 2 526086
2 416918 2 417392
2 336841 2 337638
2 635657 2 636447
2 132394 2 133101
2 243599 2 244041
2 859832 2 860294
2 860295 2 860436
2 309855 2 310692
2 254557 2 255449
2 925103 2 925271
2 551817 2 552640
2 810192 2 810902
2 355836 2 356300
2 62183 2 62993
2 558228 2 558927
2 47314 2 48153
2 533862 2 534422
2 529795 2 530211
2 399082 2 399607
2 335618 2 336481
2 555415 2 555895
2 585896 2 586666
2 383055 2 383640
2 100682 2 101282
2 159436 2 160329
2 63374 2 64293
2 253139 2 253849
2 349402 2 349498
2 751335 2 752291
2 933667 2 934150
2 829492 2 829694
2 903227 2 903379
2 670798 2 671381
2 59576 2 60569
2 860936 2 861296
2 508973 2 509219
2 459434 2 460273
2 580888 2 581482
2 911677 2 912484
2 293493 2 293531
2 98505 2 98965
2 602237 2 602941
2 615292 2 616180
2 252645 2 253138
2 629286 2 629840
2 570370 2 570880
2 61492 2 61685
2 418808 2 418913
2 137148 2 138098
2 77637 2 78137
2 284300 2 284866
2 460863 2 461390
2 58856 2 59575
2 222473 2 222782
2 845573 2 846145
2 289804 2 290712
2 42207 2 42928
2 76178 2 76707
2 102689 2 103011
2 12004 2 12929
2 535046 2 535651
2 950612 2 950742
2 808205 2 808865
2 829695 2 829810
2 429630 2 430550
2 823717 2 824199
2 246375 2 246926
2 839704 2 840487
2 558928 2 559665
2 41857 2 42206
2 191926 2 191955
2 61899 2 62182
2 853496 2 854118
2 380870 2 381334
2 639381 2 639867
2 684815 2 685611
2 764795 2 765183
2 122869 2 122982
2 51397 2 52155
2 177923 2 178283
2 351221 2 351299
2 553616 2 554402
2 503066 2 503437
2 211074 2 211745
2 458170 2 458722
2 714486 2 715098
2 94375 2 95241
2 648776 2 648867
2 251760 2 252644
2 609095 2 609171
2 879071 2 879282
2 697431 2 697494
2 565482 2 565997
2 474353 2 474529
2 718023 2 718347
2 824200 2 824803
2 466965 2 467353
2 174877 2 175863
2 706279 2 706553
2 236542 2 236971
2 819296 2 819848
2 13017 2 13819
2 605122 2 605596
2 660468 2 660496
2 285709 2 286127
2 551270 2 551816
2 461671 2 462165
2 555130 2 555382
2 369642 2 369986
2 777183 2 777486
2 572056 2 572236
2 125347 2 125542
2 723844 2 723904
2 858309 2 858856
2 101283 2 101761
2 203096 2 203180
2 560641 2 561493
2 239341 2 240027
2 812047 2 812426
2 92833 2 92854
2 944025 2 944688
2 394236 2 394246
2 372408 2 372518
2 552935 2 553615
2 391650 2 392231
2 160920 2 161786
2 706602 2 707206
2 444282 2 445271
2 578646 2 578818
2 952612 2 953503
2 313916 2 314051
2 490050 2 490456
2 287043 2 287970
2 215944 2 216589
2 373197 2 373479
2 868789 2 869476
2 484308 2 485097
2 627064 2 627625
2 189194 2 189424
2 867925 2 868788
2 554403 2 555129
2 704011 2 704600
2 912485 2 912957
2 523250 2 523754
2 130023 2 130219
2 218003 2 218383
2 329025 2 329346
2 780812 2 781259
2 183431 2 184242
2 807118 2 807124
2 382606 2 383054
2 160330 2 160580
2 111621 2 112033
2 746544 2 746999
2 22044 2 22656
2 790144 2 790188
2 488967 2 489029
2 419802 2 420085
2 557094 2 557324
2 249349 2 249570
2 451449 2 451530
2 430551 2 430646
2 460585 2 460862
2 331559 2 332318
2 38497 2 39189
2 942660 2 942970
2 666275 2 667047
2 543831 2 544447
2 323728 2 324399
2 229694 2 230451
2 255450 2 256215
2 288947 2 289637
2 921689 2 922394
2 660497 2 660877
2 497113 2 497806
2 117442 2 118105
2 349499 2 350248
2 120817 2 120991
2 800989 2 801295
2 526087 2 527056
2 413033 2 413662
2 864620 2 865213
2 885762 2 886704
2 556697 2 557093
2 24347 2 24611
2 772985 2 773220
2 664476 2 664890
2 502828 2 503065
2 913575 2 914517
2 850 2 1402
2 478251 2 478891
2 581483 2 581823
2 564436 2 564812
2 876528 2 876743
2 742264 2 742568
2 550507 2 550617
2 495383 2 495747
2 580098 2 580887
2 793173 2 793347
2 848230 2 848923
2 287971 2 288946
2 162755 2 162927
2 224492 2 224902
2 871924 2 872477
2 656892 2 657279
2 206356 2 206660
2 7231 2 7854
2 596568 2 597135
2 326897 2 327091
2 809090 2 809177
2 609172 2 609567
2 698910 2 699135
2 687235 2 687894
2 417951 2 418807
2 667214 2 667863
2 408786 2 409409
2 429141 2 429629
2 599330 2 600028
2 55326 2 55388
2 11728 2 12003
2 71535 2 72192
2 340957 2 341800
2 729435 2 729911
2 898203 2 898468
2 952107 2 952365
2 822991 2 823026
2 589094 2 589529
2 728396 2 728952
2 28256 2 28432
2 804366 2 804464
2 73358 2 73681
2 891773 2 892393
2 328084 2 328095
2 725993 2 726870
2 510111 2 510679
2 663705 2 664475
2 282637 2 283529
2 926068 2 926757
2 491529 2 492482
2 8091 2 8206
2 514827 2 514917
2 726871 2 727046
2 330330 2 331139
2 127767 2 128569
2 831581 2 832415
2 837012 2 837525
2 758958 2 759695
2 40758 2 41148
2 504725 2 505636
2 574015 2 574690
2 927802 2 927914
2 185211 2 185328
2 96950 2 97344
2 372519 2 372760
2 456903 2 457487
2 863756 2 864358
2 930732 2 931165
2 197157 2 197763
2 732705 2 733623
2 148986 2 149449
2 587518 2 588267
2 397288 2 398119
2 375914 2 376415
2 561494 2 561922
2 852239 2 852616
2 340164 2 340956
2 277180 2 277824
2 844822 2 845494
2 762973 2 763386
2 623061 2 623441
2 219103 2 219631
2 438375 2 439245
2 361276 2 361302
2 245989 2 246374
2 660047 2 660467
2 83650 2 84244
2 145004 2 145633
2 462166 2 462630
2 523043 2 523130
2 18193 2 18196
2 431604 2 432559
2 323593 2 323727
2 870311 2 870462
2 559666 2 560405
2 765405 2 765559
2 469529 2 470110
2 249571 2 249914
2 456682 2 456734
2 583901 2 584602
2 494029 2 494407
2 122983 2 123260
2 73122 2 73196
2 839038 2 839703
2 108393 2 108421
2 181827 2 182343
2 891438 2 891772
2 338684 2 339247
2 569807 2 570017
2 240041 2 240824
2 942971 2 943171
2 144264 2 145003
2 55907 2 56114
2 355113 2 355835
2 533393 2 533861
2 272756 2 273047
2 909549 2 910290
2 226141 2 226972
2 449596 2 450443
2 784314 2 784694
2 927700 2 927801
2 310693 2 311551
2 806561 2 807117
2 58013 2 58855
2 716031 2 716845
2 189719 2 189888
2 768100 2 768377
2 662459 2 662995
2 810022 2 810191
2 130580 2 131364
2 716846 2 717207
2 468032 2 468891
2 770618 2 771456
2 49797 2 50399
2 746294 2 746346
2 165325 2 165619
2 132291 2 132393
2 950743 2 951460
2 893629 2 894482
2 22657 2 23469
2 555383 2 555414
2 439246 2 439272
2 179551 2 180052
2 689491 2 690408
2 852826 2 853014
2 722975 2 723205
2 97345 2 97758
2 879848 2 880486
2 633445 2 633458
2 375387 2 375913
2 929372 2 929608
2 909198 2 909548
2 126733 2 127359
2 766309 2 766608
2 550618 2 551269
2 430647 2 431237
2 761795 2 762242
2 924190 2 925102
2 867060 2 867534
2 816017 2 816634
2 253850 2 254556
2 220586 2 221084
2 54770 2 55325
2 60570 2 60671
2 150527 2 151244
2 157932 2 158841
2 108043 2 108392
2 676999 2 677556
2 322712 2 323264
2 941587 2 942578
2 931761 2 932048
2 319701 2 319802
2 305643 2 306585
2 753945 2 754529
2 42929 2 43692
2 947656 2 948475
2 215007 2 215290
2 64294 2 64832
2 201694 2 201959
2 865214 2 865449
2 746347 2 746543
2 875288 2 875663
2 713630 2 714191
2 388965 2 389805
2 485811 2 486384
2 331140 2 331558
2 652365 2 652489
2 479470 2 479708
2 925272 2 925936
2 691515 2 692408
2 901056 2 901992
2 549474 2 549786
2 584603 2 584645
2 266294 2 267121
2 863333 2 863755
2 647470 2 647945
2 843577 2 843896
2 200993 2 201339
2 772420 2 772680
2 411054 2 411609
2 880888 2 881327
2 799017 2 799731
2 75547 2 76064
2 364806 2 365738
2 109958 2 110125
2 402156 2 402416
2 133840 2 134709
2 462631 2 463203
2 818541 2 818867
2 121077 2 121675
2 634773 2 635656
2 370272 2 371199
2 861297 2 862149
2 286547 2 287042
2 354476 2 355112
2 453453 2 453493
2 829811 2 829916
2 140745 2 141505
2 72193 2 72863
2 50759 2 51396
2 581824 2 582166
2 381335 2 381674
2 320618 2 321445
2 822162 2 822990
2 524802 2 525463
2 807374 2 807685
2 952366 2 952611
2 19026 2 19613
2 608612 2 609094
2 167286 2 167531
2 658116 2 659020
2 524611 2 524801
2 549787 2 550506
2 303737 2 304651
2 133102 2 133839
2 516997 2 517588
2 69090 2 69694
2 312275 2 312409
2 736870 2 737148
2 486720 2 487294
2 636448 2 636793
2 235119 2 235767
2 518007 2 518463
2 257426 2 258157
2 818868 2 819295
2 139561 2 140147
2 730545 2 730816
2 584646 2 585406
2 910291 2 911148
2 61377 2 61491
2 345885 2 346047
2 697294 2 697430
2 785206 2 785378
2 105429 2 106029
2 307696 2 308326
2 318723 2 319646
2 258158 2 258433
2 353700 2 354475
2 178284 2 178494
2 358997 2 359512
2 86195 2 86348
2 739071 2 739241
2 85035 2 85061
2 892394 2 892475
2 294146 2 294860
2 799732 2 800002
2 609568 2 610328
2 44058 2 44179
2 512102 2 512132
2 915624 2 916418
2 121676 2 121903
2 881328 2 882328
2 274043 2 274896
2 67100 2 68059
2 708264 2 708517
2 61686 2 61898
2 66832 2 67099
2 705488 2 706278
2 164261 2 164779
2 401198 2 402155
2 479709 2 479723
2 188130 2 188403
2 120552 2 120816
2 690522 2 691514
2 96270 2 96949
2 564271 2 564411
2 404572 2 405530
2 283530 2 284299
2 211746 2 212233
2 683840 2 684814
2 895074 2 895482
2 407397 2 407670
2 303066 2 303736
2 652490 2 652900
2 119693 2 120237
2 68988 2 69089
2 437400 2 437563
2 788049 2 788856
2 784695 2 785012
2 498260 2 499133
2 342908 2 342972
2 190959 2 191925
2 564412 2 564435
2 693911 2 694616
2 293532 2 294145
2 482211 2 482941
2 513853 2 514202
2 579280 2 580097
2 112360 2 112754
2 465752 2 466118
2 547977 2 548865
2 201960 2 202520
2 773221 2 773532
2 566641 2 567518
2 27931 2 28255
2 522853 2 523042
2 114473 2 115364
2 888744 2 888952
2 217329 2 218002
2 947441 2 947655
2 687045 2 687234
2 789827 2 790143
2 150386 2 150475
2 488523 2 488966
2 696449 2 697293
2 299582 2 300541
2 153366 2 153953
2 492483 2 492720
2 668647 2 668780
2 453494 2 454418
2 240028 2 240040
2 319647 2 319700
2 814142 2 814466
2 507820 2 508213
2 200247 2 200992
2 649429 2 650331
2 97794 2 98504
2 847967 2 848229
2 366177 2 366440
2 372761 2 373104
2 79630 2 80262
2 452393 2 453011
2 149450 2 149476
2 49465 2 49796
2 329777 2 330329
2 506617 2 507517
2 68060 2 68987
2 547144 2 547616
2 263578 2 264459
2 326779 2 326896
2 309138 2 309854
2 713494 2 713629
2 681558 2 681938
2 908676 2 908747
2 758848 2 758957
2 270492 2 270989
2 948476 2 949002
2 350597 2 350773
2 624705 2 624873
2 866036 2 866737
2 762473 2 762804
2 572237 2 573193
2 233794 2 234280
2 70509 2 70617
2 105149 2 105384
2 742070 2 742263
2 900882 2 901055
2 694781 2 695412
2 640967 2 641243
2 659925 2 660046
2 57775 2 58012
2 327092 2 328083
2 731243 2 731743
2 499940 2 500828
2 562954 2 563764
2 345220 2 345884
2 103327 2 104186
2 92019 2 92433
2 730817 2 731242
2 52156 2 52897
2 431238 2 431603
2 702468 2 703257
2 177601 2 177922
2 40004 2 40089
2 268137 2 268710
2 135376 2 135832
2 149477 2 149954
2 703258 2 704010
2 721667 2 721668
2 634095 2 634772
2 710377 2 710868
2 249915 2 250087
2 679751 2 680676
2 721276 2 721494
2 243285 2 243598
2 778881 2 779861
2 408456 2 408785
2 192783 2 193779
2 640748 2 640966
2 644194 2 644483
2 795414 2 795736
2 590395 2 590697
2 315649 2 315807
2 724437 2 724654
2 721261 2 721275
