498 3 491953976
2 418999426 2 419985306
2 165628009 2 166613889
2 207035011 2 208020891
2 139995103 2 140980983
2 389422996 2 390408876
2 70983433 2 71969313
2 21689383 2 22675263
2 237597322 2 238583202
2 284919610 2 285905490
2 314496040 2 315481920
2 28590550 2 29576430
2 377592424 2 378578304
2 422942950 2 423928830
2 258300823 2 259286703
2 115348078 2 116333958
2 13802335 2 14788215
2 37463479 2 38449359
2 401253568 2 402239448
2 142952746 2 143938626
2 84785767 2 85771647
2 424914712 2 425900592
2 325340731 2 326326611
2 57181099 2 58166979
2 91686934 2 92672814
2 191260915 2 192246795
2 406182973 2 407168853
2 118305721 2 119291601
2 308580754 2 309566634
2 249427894 2 250413774
2 472237000 2 473222880
2 89715172 2 90701052
2 432801760 2 433787640
2 381535948 2 382521828
2 436745284 2 437731164
2 176472700 2 177458580
2 40421122 2 41407002
2 238583203 2 239569083
2 459420547 2 460406427
2 199147963 2 200133843
2 158726842 2 159712722
2 180416224 2 181402104
2 320411326 2 321397206
2 425900593 2 426886473
2 116333959 2 117319839
2 3943525 2 4929405
2 39435241 2 40421121
2 455477023 2 456462903
2 257314942 2 258300822
2 119291602 2 120277482
2 185345629 2 186331509
2 362804209 2 363790089
2 229710274 2 230696154
2 265201990 2 266187870
2 476180524 2 477166404
2 365761852 2 366747732
2 275060800 2 276046680
2 226752631 2 227738511
2 251399656 2 252385536
2 107461030 2 108446910
2 434773522 2 435759402
2 80842243 2 81828123
2 272103157 2 273089037
2 10844692 2 11830572
2 288863134 2 289849014
2 373648900 2 374634780
2 358860685 2 359846565
2 190275034 2 191260914
2 412098259 2 413084139
2 360832447 2 361818327
2 178444462 2 179430342
2 440688808 2 441674688
2 326326612 2 327312492
2 471251119 2 472236999
2 5915287 2 6901167
2 141966865 2 142952745
2 30562312 2 31548192
2 279990205 2 280976085
2 93658696 2 94644576
2 35491717 2 36477597
2 55209337 2 56195217
2 69997552 2 70983432
2 437731165 2 438717045
2 224780869 2 225766749
2 110418673 2 111404553
2 211964416 2 212950296
2 79856362 2 80842242
2 333227779 2 334213659
2 94644577 2 95630457
2 92672815 2 93658695
2 276046681 2 277032561
2 985882 2 1971762
2 485053453 2 486039333
2 132108055 2 133093935
2 82814005 2 83799885
2 206049130 2 207035010
2 112390435 2 113376315
2 164642128 2 165628008
2 214922059 2 215907939
2 144924508 2 145910388
2 256329061 2 257314941
2 242526727 2 243512607
2 402239449 2 403225329
2 328298374 2 329284254
2 128164531 2 129150411
2 419985307 2 420971187
2 392380639 2 393366519
2 24647026 2 25632906
2 212950297 2 213936177
2 349001875 2 349987755
2 193232677 2 194218557
2 367733614 2 368719494
2 146896270 2 147882150
2 253371418 2 254357298
2 371677138 2 372663018
2 291820777 2 292806657
2 306608992 2 307594872
2 17745859 2 18731739
2 280976086 2 281961966
2 123235126 2 124221006
2 246470251 2 247456131
2 186331510 2 187317390
2 345058351 2 346044231
2 14788216 2 15774096
2 260272585 2 261258465
2 170557414 2 171543294
2 124221007 2 125206887
2 447589975 2 448575855
2 439702927 2 440688807
2 349987756 2 350973636
2 197176201 2 198162081
2 274074919 2 275060799
2 423928831 2 424914711
2 187317391 2 188303271
2 379564186 2 380550066
2 431815879 2 432801759
2 454491142 2 455477022
2 342100708 2 343086588
2 357874804 2 358860684
2 346044232 2 347030112
2 22675264 2 23661144
2 388437115 2 389422995
2 213936178 2 214922058
2 244498489 2 245484369
2 98588101 2 99573981
2 351959518 2 352945398
2 208020892 2 209006772
2 96616339 2 97602219
2 76898719 2 77884599
2 245484370 2 246470250
2 201119725 2 202105605
2 126192769 2 127178649
2 416041783 2 417027663
2 6901168 2 7887048
2 378578305 2 379564185
2 200133844 2 201119724
2 489982858 2 490968738
2 452519380 2 453505260
2 344072470 2 345058350
2 266187871 2 267173751
2 290834896 2 291820776
2 87743410 2 88729290
2 109432792 2 110418672
2 315481921 2 316467801
2 366747733 2 367733613
2 309566635 2 310552515
2 101545744 2 102531624
2 41407003 2 42392883
2 97602220 2 98588100
2 20703502 2 21689382
2 271117276 2 272103156
2 277032562 2 278018442
2 319425445 2 320411325
2 427872355 2 428858235
2 64082266 2 65068146
2 331256017 2 332241897
2 209992654 2 210978534
2 210978535 2 211964415
2 183373867 2 184359747
2 456462904 2 457448784
2 486039334 2 487025214
2 364775971 2 365761851
2 393366520 2 394352400
2 69011671 2 69997551
2 234639679 2 235625559
2 90701053 2 91686933
2 149853913 2 150839793
2 475194643 2 476180523
2 267173752 2 268159632
2 121263364 2 122249244
2 337171303 2 338157183
2 470265238 2 471251118
2 130136293 2 131122173
2 56195218 2 57181098
2 352945399 2 353931279
2 241540846 2 242526726
2 261258466 2 262244346
2 410126497 2 411112377
2 44364646 2 45350526
2 36477598 2 37463478
2 450547618 2 451533498
2 151825675 2 152811555
2 71969314 2 72955194
2 247456132 2 248442012
2 8872930 2 9858810
2 355903042 2 356888922
2 441674689 2 442660569
2 318439564 2 319425444
2 273089038 2 274074918
2 473222881 2 474208761
2 415055902 2 416041782
2 417027664 2 418013544
2 311538397 2 312524277
2 239569084 2 240554964
2 283933729 2 284919609
2 47322289 2 48308169
2 133093936 2 134079816
2 313510159 2 314496039
2 99573982 2 100559862
2 383507710 2 384493590
2 460406428 2 461392308
2 215907940 2 216893820
2 411112378 2 412098258
2 205063249 2 206049129
2 317453683 2 318439563
2 304637230 2 305623110
2 202105606 2 203091486
2 369705376 2 370691256
2 488996977 2 489982857
2 477166405 2 478152285
2 85771648 2 86757528
2 240554965 2 241540845
2 407168854 2 408154734
2 1971763 2 2957643
2 135065698 2 136051578
2 60138742 2 61124622
2 448575856 2 449561736
2 100559863 2 101545743
2 466321714 2 467307594
2 368719495 2 369705375
2 433787641 2 434773521
2 263230228 2 264216108
2 233653798 2 234639678
2 294778420 2 295764300
2 292806658 2 293792538
2 59152861 2 60138741
2 53237575 2 54223455
2 45350527 2 46336407
2 166613890 2 167599770
2 483081691 2 484067571
2 390408877 2 391394757
2 230696155 2 231682035
2 481109929 2 482095809
2 465335833 2 466321713
2 12816454 2 13802334
2 61124623 2 62110503
2 449561737 2 450547617
2 443646451 2 444632331
2 400267687 2 401253567
2 153797437 2 154783317
2 108446911 2 109432791
2 32534074 2 33519954
2 467307595 2 468293475
2 255343180 2 256329060
2 217879702 2 218865582
2 58166980 2 59152860
2 31548193 2 32534073
2 122249245 2 123235125
2 287877253 2 288863133
2 18731740 2 19717620
2 220837345 2 221823225
2 189289153 2 190275033
2 27604669 2 28590549
2 394352401 2 395338281
2 131122174 2 132108054
2 7887049 2 8872929
2 117319840 2 118305720
2 138023341 2 139009221
2 204077368 2 205063248
2 386465353 2 387451233
2 484067572 2 485053452
2 322383088 2 323368968
2 172529176 2 173515056
2 356888923 2 357874803
2 391394758 2 392380638
2 413084140 2 414070020
2 426886474 2 427872354
2 102531625 2 103517505
2 429844117 2 430829997
2 177458581 2 178444461
2 120277483 2 121263363
2 104503387 2 105489267
2 147882151 2 148868031
2 232667917 2 233653797
2 66054028 2 67039908
2 334213660 2 335199540
2 404211211 2 405197091
2 301679587 2 302665467
2 168585652 2 169571532
2 403225330 2 404211210
2 479138167 2 480124047
2 105489268 2 106475148
2 49294051 2 50279931
2 2957644 2 3943524
2 54223456 2 55209336
2 303651349 2 304637229
2 67039909 2 68025789
2 43378765 2 44364645
2 9858811 2 10844691
2 88729291 2 89715171
2 15774097 2 16759977
2 222809107 2 223794987
2 396324163 2 397310043
2 78870481 2 79856361
2 155769199 2 156755079
2 1 2 985881
2 341114827 2 342100707
2 462378190 2 463364070
2 458434666 2 459420546
2 75912838 2 76898718
2 482095810 2 483081690
2 127178650 2 128164530
2 252385537 2 253371417
2 48308170 2 49294050
2 464349952 2 465335832
2 83799886 2 84785766
2 338157184 2 339143064
2 286891372 2 287877252
2 152811556 2 153797436
2 340128946 2 341114826
2 250413775 2 251399655
2 469279357 2 470265237
2 438717046 2 439702926
2 143938627 2 144924507
2 354917161 2 355903041
2 289849015 2 290834895
2 209006773 2 209992653
2 157740961 2 158726841
2 154783318 2 155769198
2 445618213 2 446604093
2 46336408 2 47322288
2 86757529 2 87743409
2 348015994 2 349001874
2 179430343 2 180416223
2 162670366 2 163656246
2 395338282 2 396324162
2 297736063 2 298721943
2 134079817 2 135065697
2 350973637 2 351959517
2 339143065 2 340128945
2 139009222 2 139995102
2 182387986 2 183373866
2 259286704 2 260272584
2 194218558 2 195204438
2 73941076 2 74926956
2 451533499 2 452519379
2 278018443 2 279004323
2 167599771 2 168585651
2 111404554 2 112390434
2 279004324 2 279990204
2 269145514 2 270131394
2 380550067 2 381535947
2 305623111 2 306608991
2 332241898 2 333227778
2 29576431 2 30562311
2 353931280 2 354917160
2 63096385 2 64082265
2 285905491 2 286891371
2 398295925 2 399281805
2 382521829 2 383507709
2 243512608 2 244498488
2 203091487 2 204077367
2 324354850 2 325340730
2 310552516 2 311538396
2 236611441 2 237597321
2 95630458 2 96616338
2 359846566 2 360832446
2 219851464 2 220837344
2 248442013 2 249427893
2 16759978 2 17745858
2 270131395 2 271117275
2 221823226 2 222809106
2 19717621 2 20703501
2 430829998 2 431815878
2 65068147 2 66054027
2 397310044 2 398295924
2 103517506 2 104503386
2 161684485 2 162670365
2 33519955 2 34505835
2 347030113 2 348015993
2 106475149 2 107461029
2 227738512 2 228724392
2 181402105 2 182387985
2 198162082 2 199147962
2 223794988 2 224780868
2 457448785 2 458434665
2 372663019 2 373648899
2 175486819 2 176472699
2 125206888 2 126192768
2 421957069 2 422942949
2 298721944 2 299707824
2 4929406 2 5915286
2 414070021 2 415055901
2 463364071 2 464349951
2 11830573 2 12816453
2 72955195 2 73941075
2 302665468 2 303651348
2 399281806 2 400267686
2 262244347 2 263230227
2 370691257 2 371677137
2 52251694 2 53237574
2 453505261 2 454491141
2 323368969 2 324354849
2 140980984 2 141966864
2 34505836 2 35491716
2 195204439 2 196190319
2 81828124 2 82814004
2 137037460 2 138023340
2 145910389 2 146896269
2 51265813 2 52251693
2 385479472 2 386465352
2 321397207 2 322383087
2 225766750 2 226752630
2 361818328 2 362804208
2 282947848 2 283933728
2 74926957 2 75912837
2 295764301 2 296750181
2 254357299 2 255343179
2 216893821 2 217879701
2 343086589 2 344072469
2 300693706 2 301679586
2 50279932 2 51265812
2 330270136 2 331256016
2 113376316 2 114362196
2 329284255 2 330270135
2 173515057 2 174500937
2 435759403 2 436745283
2 307594873 2 308580753
2 163656247 2 164642127
2 114362197 2 115348077
2 188303272 2 189289152
2 418013545 2 418999425
2 218865583 2 219851463
2 384493591 2 385479471
2 156755080 2 157740960
2 264216109 2 265201989
2 409140616 2 410126496
2 150839794 2 151825674
2 408154735 2 409140615
2 160698604 2 161684484
2 159712723 2 160698603
2 316467802 2 317453682
2 169571533 2 170557413
2 293792539 2 294778419
2 174500938 2 175486818
2 387451234 2 388437114
2 468293476 2 469279356
2 77884600 2 78870480
2 461392309 2 462378189
2 480124048 2 481109928
2 171543295 2 172529175
2 363790090 2 364775970
2 25632907 2 26618787
2 375620662 2 376606542
2 268159633 2 269145513
2 327312493 2 328298373
2 38449360 2 39435240
2 62110504 2 63096384
2 68025790 2 69011670
2 442660570 2 443646450
2 296750182 2 297736062
2 478152286 2 479138166
2 42392884 2 43378764
2 136051579 2 137037459
2 428858236 2 429844116
2 196190320 2 197176200
2 374634781 2 375620661
2 228724393 2 229710273
2 336185422 2 337171302
2 444632332 2 445618212
2 312524278 2 313510158
2 23661145 2 24647025
2 420971188 2 421957068
2 281961967 2 282947847
2 148868032 2 149853912
2 231682036 2 232667916
2 474208762 2 475194642
2 129150412 2 130136292
2 488011096 2 488996976
2 446604094 2 447589974
2 335199541 2 336185421
2 192246796 2 193232676
2 235625560 2 236611440
2 184359748 2 185345628
2 376606543 2 377592423
2 299707825 2 300693705
2 26618788 2 27604668
2 405197092 2 406182972
2 487025215 2 488011095
