857 427468418 1
370383494 1 371254292 1
93027996 1 93875144 1
78050587 1 78924641 1
241582442 1 241766412 1
137172863 1 137694986 1
172751170 1 173522028 1
174389812 1 174967943 1
338548764 1 339013548 1
326235300 1 327201814 1
293176767 1 293981869 1
99821336 1 100064216 1
378115018 1 378172919 1
419386855 1 419924366 1
207330207 1 207387478 1
422875943 1 423114293 1
423743336 1 424740496 1
244897650 1 245340003 1
323685506 1 324622790 1
219473400 1 220348912 1
346069816 1 346503513 1
246170359 1 246316959 1
163341182 1 163606295 1
52558227 1 52966631 1
196694094 1 197343531 1
48719812 1 49627846 1
46263786 1 47226151 1
38263653 1 38356232 1
231536270 1 231548818 1
400976307 1 401282514 1
352322861 1 352640717 1
382001356 1 382604214 1
348039679 1 348857032 1
284632150 1 285136489 1
419198408 1 419373866 1
159020036 1 159303720 1
159303723 1 160223754 1
67440410 1 68315993 1
372177005 1 372851806 1
332465037 1 333199261 1
242597338 1 242597941 1
353911893 1 354685466 1
103868908 1 104858875 1
84962422 1 85479049 1
403954357 1 404578250 1
34762510 1 35484404 1
419924369 1 420128781 1
293981872 1 294371865 1
134508331 1 134866280 1
312920093 1 313495389 1
358551325 1 358850719 1
373977686 1 374383285 1
198554211 1 198811656 1
237946742 1 238076878 1
414312196 1 414843509 1
53422443 1 53986092 1
216911008 1 217821576 1
128919111 1 129177116 1
118635948 1 119523633 1
55621293 1 55632890 1
393203299 1 393758028 1
303451022 1 303996515 1
124856340 1 125848009 1
317017389 1 317737651 1
5087538 1 5829342 1
275518338 1 275862776 1
294792223 1 294824924 1
65894943 1 66747788 1
368977454 1 369403283 1
353259849 1 353911890 1
393758031 1 394735325 1
196387380 1 196694091 1
392510663 1 392798343 1
2544693 1 3091192 1
78924644 1 79256312 1
182427351 1 183253331 1
253472890 1 254137209 1
119523636 1 120237088 1
368260443 1 368307924 1
286146204 1 287067769 1
199668335 1 200102646 1
256568586 1 256569530 1
403222912 1 403954354 1
164790688 1 165264583 1
57290670 1 57790985 1
19810348 1 20277888 1
205577126 1 206080806 1
325337555 1 325768035 1
132815240 1 132846691 1
221442788 1 221922354 1
305245651 1 305529890 1
12036031 1 12775819 1
96594305 1 96947921 1
139202177 1 139799067 1
27690031 1 27753645 1
155575853 1 156574535 1
208099323 1 208497031 1
40172830 1 40219001 1
333199264 1 334161308 1
90510744 1 91106729 1
380642518 1 381408618 1
421002399 1 421740529 1
425621195 1 426413253 1
74595086 1 74777599 1
207268233 1 207330204 1
100786738 1 101171156 1
355411128 1 355859725 1
152106465 1 152910299 1
25028333 1 25056734 1
271942245 1 272391006 1
283155263 1 283938541 1
176895032 1 177102069 1
111997065 1 112139477 1
53330886 1 53422440 1
21910875 1 22573381 1
354685469 1 355411125 1
163754768 1 164125098 1
133372497 1 133807521 1
45525351 1 46263783 1
176711422 1 176895029 1
156574538 1 157260098 1
299918739 1 300391227 1
173758989 1 174389809 1
101957941 1 102648080 1
390492500 1 390923619 1
278068002 1 278782526 1
162637094 1 163341179 1
309331677 1 309633379 1
16670308 1 17624694 1
212031509 1 212947204 1
25611337 1 26275134 1
150588928 1 150750150 1
363914225 1 363941974 1
109381305 1 110124448 1
277743118 1 277988250 1
4515361 1 5087535 1
124092625 1 124449628 1
157784853 1 158552912 1
364835274 1 365186778 1
250594261 1 250771139 1
114585834 1 115354521 1
220348915 1 220755277 1
197848846 1 198554208 1
236910574 1 237513851 1
320187029 1 320974411 1
326095305 1 326235297 1
161706069 1 162134403 1
197343534 1 197848843 1
400888733 1 400976304 1
254462892 1 254986348 1
29280547 1 29583283 1
265028705 1 265789173 1
152910302 1 153833175 1
151201580 1 151574742 1
137694989 1 138212731 1
329646219 1 330493461 1
408305879 1 408687893 1
50998132 1 51246021 1
405758898 1 406753764 1
91343558 1 92123515 1
207387481 1 208099320 1
287114058 1 287734351 1
216681935 1 216911005 1
242424927 1 242597335 1
178540020 1 178775776 1
174967946 1 175117743 1
74994608 1 75802013 1
237513854 1 237946739 1
28549921 1 29280544 1
417101192 1 417159099 1
420266452 1 420317053 1
402035626 1 402813508 1
125848012 1 126229006 1
102935171 1 103868905 1
161242031 1 161578186 1
341227058 1 341855411 1
378902903 1 379235550 1
172088517 1 172751167 1
256569533 1 256759725 1
325300785 1 325337552 1
112139480 1 112953585 1
371254295 1 372177002 1
140401991 1 140454265 1
130907431 1 131032541 1
166432361 1 167047073 1
3091195 1 3998186 1
6704175 1 7404263 1
244465329 1 244897647 1
220755280 1 221442785 1
178775779 1 179590006 1
118504645 1 118635945 1
301262985 1 302084724 1
8265179 1 8720381 1
8147445 1 8265176 1
287734354 1 287994801 1
27753648 1 28549918 1
86648622 1 86987993 1
142525672 1 143392188 1
1922033 1 2146909 1
264210822 1 265028702 1
304866188 1 305245648 1
311985432 1 312920090 1
330493464 1 331251790 1
378861954 1 378902900 1
87249601 1 87516531 1
12775822 1 12984835 1
278782529 1 279554414 1
372851809 1 373523596 1
177711845 1 178540017 1
395301942 1 395823369 1
275862779 1 276079980 1
238239308 1 238610702 1
107977835 1 108622023 1
113655990 1 114335736 1
44621311 1 45525348 1
108622026 1 109381302 1
327221497 1 327711961 1
160730000 1 160852895 1
399245551 1 400160074 1
44010536 1 44621308 1
412940465 1 413481050 1
206080809 1 206246757 1
268754438 1 269724414 1
180579428 1 181435772 1
85479052 1 86280887 1
81808479 1 82528675 1
228199950 1 229055713 1
334161311 1 334603978 1
23366366 1 23839197 1
382604217 1 383415899 1
415747779 1 415828028 1
322045819 1 322786228 1
26275137 1 27004834 1
308672718 1 309331674 1
131647113 1 132601128 1
150750153 1 151201577 1
193973283 1 194536784 1
145096814 1 145202229 1
242597944 1 243553498 1
158552915 1 159020033 1
62211292 1 62297643 1
139819776 1 140401988 1
240846376 1 241582439 1
365186781 1 365294334 1
297980072 1 298790712 1
116822135 1 117267714 1
343467597 1 344363784 1
314151314 1 314717658 1
385897868 1 386682104 1
37486541 1 38263650 1
250076330 1 250424528 1
74182059 1 74595083 1
290791402 1 291659940 1
97827474 1 97941276 1
116783866 1 116822132 1
302253437 1 302280939 1
107510902 1 107977832 1
106642575 1 107510899 1
273088917 1 273219691 1
69754674 1 70078239 1
410854250 1 411620680 1
296441031 1 297217791 1
389794617 1 390492497 1
235671697 1 235791702 1
235791705 1 236558873 1
331637615 1 332106129 1
177102072 1 177164689 1
367063873 1 367582463 1
360368098 1 360865461 1
273219694 1 273980546 1
300391230 1 301089371 1
189436316 1 189617839 1
205333226 1 205577123 1
258011998 1 258633808 1
303996518 1 304866185 1
403164338 1 403222909 1
256759728 1 257052194 1
247151989 1 247237801 1
113499084 1 113655987 1
357136589 1 357573421 1
403050850 1 403164335 1
384898535 1 385466446 1
25307182 1 25611334 1
70935489 1 71615943 1
231548821 1 231558678 1
270518152 1 270775866 1
310396714 1 311075158 1
72607690 1 73565915 1
321493474 1 322045816 1
56382481 1 57290667 1
401282517 1 402035623 1
75981034 1 76732431 1
141711531 1 141830763 1
210275875 1 210619027 1
99306583 1 99821333 1
123104183 1 124092622 1
280243061 1 280698876 1
52966634 1 53330883 1
274589134 1 275518335 1
252407485 1 252795001 1
14952632 1 15103122 1
122962750 1 123104180 1
231821715 1 232196737 1
361584460 1 361886788 1
260825039 1 261388284 1
194733122 1 195512646 1
375808181 1 376498145 1
24405500 1 24478151 1
101171159 1 101957938 1
182142320 1 182427348 1
105331377 1 106111457 1
386964944 1 387656797 1
351586013 1 352322858 1
173522031 1 173753037 1
51529426 1 51796725 1
171194705 1 171756790 1
146058236 1 146843599 1
378289006 1 378293094 1
200915949 1 201730255 1
208497034 1 208866816 1
218563685 1 219473397 1
128025529 1 128360936 1
367685660 1 368260440 1
377283220 1 378115015 1
373523599 1 373977683 1
234820848 1 235671694 1
106111460 1 106560871 1
114335739 1 114585831 1
380328090 1 380642515 1
80179378 1 80621673 1
315457405 1 316292904 1
193841243 1 193862117 1
225053402 1 225547841 1
173753040 1 173758986 1
422078286 1 422113522 1
415828031 1 416129569 1
367582466 1 367685657 1
57790988 1 58000306 1
127169879 1 127323290 1
111281697 1 111609773 1
409028530 1 410004655 1
933630 1 1401617 1
29583286 1 29775160 1
243553501 1 244245849 1
297217794 1 297783677 1
188185119 1 188319302 1
316292907 1 316831095 1
280698879 1 281169806 1
69254637 1 69296904 1
404578253 1 405256956 1
285136924 1 285749331 1
273980549 1 274589131 1
350189825 1 350785274 1
254986351 1 255841257 1
50454257 1 50998129 1
346503516 1 347414620 1
376592894 1 377283217 1
27004837 1 27690028 1
276653453 1 276957253 1
335561008 1 335824544 1
369403286 1 370221769 1
285136492 1 285136921 1
400610604 1 400784980 1
311117967 1 311985429 1
313782428 1 314151311 1
295372931 1 296016760 1
157260101 1 157453984 1
272391009 1 272625487 1
95447206 1 95985437 1
60913477 1 61571895 1
381408621 1 382001353 1
24478154 1 25028330 1
20277891 1 21260651 1
385466449 1 385897865 1
55632893 1 56382478 1
215136545 1 215716818 1
262262010 1 262459849 1
8720384 1 8795410 1
408265882 1 408305876 1
263971281 1 264210819 1
116007423 1 116783863 1
418449789 1 418542740 1
140454268 1 140865776 1
240552600 1 240846373 1
420613730 1 421002396 1
305529893 1 305727496 1
149839138 1 150115726 1
311075161 1 311116429 1
328705719 1 329646216 1
247043432 1 247151986 1
396453959 1 396644793 1
359024890 1 359683734 1
143811320 1 144245768 1
12984838 1 13472699 1
122810017 1 122962747 1
412033699 1 412940462 1
407563581 1 408265879 1
266124533 1 267058186 1
194586512 1 194733119 1
366119718 1 366150179 1
260241822 1 260825036 1
406753767 1 407563578 1
308091761 1 308672715 1
327201817 1 327221494 1
416129572 1 417101189 1
400784983 1 400888730 1
75802016 1 75981031 1
153833178 1 154587533 1
339013551 1 339369383 1
352640720 1 353259846 1
366985411 1 367063870 1
70174572 1 70935486 1
13472702 1 13841796 1
341999582 1 342946665 1
229722775 1 230499693 1
392206316 1 392510660 1
379761414 1 380328087 1
86280890 1 86408288 1
365651006 1 366119715 1
187663652 1 188185116 1
146843602 1 147328569 1
422630910 1 422773426 1
400484614 1 400610601 1
359683737 1 359803550 1
386682107 1 386964941 1
88314603 1 88772317 1
138212734 1 139202174 1
253179815 1 253472887 1
31834930 1 32679545 1
246013979 1 246170356 1
281169809 1 281853281 1
188545368 1 189436313 1
363941977 1 364045779 1
339369386 1 340310269 1
144245771 1 145096811 1
287994804 1 288913223 1
347745542 1 348039676 1
297783680 1 297980069 1
410004658 1 410854247 1
41834483 1 42752480 1
112972079 1 113499081 1
251528052 1 252407482 1
63023713 1 63203790 1
208866819 1 208874676 1
350785277 1 351586010 1
39351291 1 39861991 1
192016288 1 192984068 1
83168041 1 83951904 1
74777602 1 74994605 1
396644796 1 397636208 1
15103125 1 15358158 1
51796728 1 52558224 1
134866283 1 135112075 1
165730323 1 166432358 1
54769288 1 55621290 1
209622028 1 209830363 1
334603981 1 335190587 1
207221285 1 207268230 1
79717396 1 80179375 1
426413256 1 427398573 1
145202232 1 146058233 1
58490651 1 59028875 1
375122424 1 375808178 1
134196543 1 134508328 1
132846694 1 133372494 1
64535764 1 64990771 1
422773429 1 422875940 1
314717661 1 315457402 1
81469182 1 81808476 1
421740532 1 422078283 1
271691494 1 271942242 1
263083802 1 263971278 1
70078242 1 70174569 1
129712894 1 130279987 1
227905023 1 228199947 1
318969168 1 319682082 1
135977741 1 136812383 1
82595105 1 82975984 1
357573424 1 358551322 1
290082499 1 290791399 1
106560874 1 106642572 1
291659943 1 292502230 1
285749334 1 286146201 1
261388287 1 262262007 1
32679548 1 33484777 1
227753284 1 227905020 1
17624697 1 18190841 1
250424531 1 250594258 1
417159102 1 417547912 1
331251793 1 331637612 1
5829345 1 6704172 1
424740499 1 425592168 1
21865851 1 21910872 1
141992785 1 142525669 1
64990774 1 65894940 1
311116432 1 311117964 1
356715957 1 357136586 1
51246024 1 51529423 1
296436727 1 296441028 1
9215210 1 10162878 1
211591455 1 212031506 1
18190844 1 18860533 1
151574745 1 152106462 1
303258959 1 303451019 1
169632371 1 170264601 1
299036536 1 299571464 1
62297646 1 63023710 1
210619030 1 211591452 1
194536787 1 194586509 1
349668368 1 350189822 1
222870796 1 223363709 1
313495392 1 313782425 1
69296907 1 69754671 1
67257330 1 67440407 1
272625490 1 273088914 1
296016763 1 296436724 1
224257577 1 225053399 1
267786940 1 268268039 1
255841260 1 256568583 1
102648083 1 102935168 1
378172922 1 378289003 1
302280942 1 303258956 1
419373869 1 419386852 1
212947207 1 213676335 1
322786231 1 323685503 1
185882381 1 186816416 1
201730258 1 201798508 1
249158034 1 249464740 1
242192219 1 242424924 1
160223757 1 160729997 1
165264586 1 165730320 1
405256959 1 405758895 1
204370593 1 205333223 1
53986095 1 54644308 1
226402387 1 227124179 1
268268042 1 268754435 1
364045782 1 364478513 1
363036580 1 363914222 1
140865779 1 141711528 1
283938544 1 284632147 1
148284811 1 149100768 1
95985440 1 96594302 1
183253334 1 183829777 1
276079983 1 276653450 1
18860536 1 19582916 1
191708423 1 192016285 1
209830366 1 210159131 1
358850722 1 359024887 1
87516534 1 88314600 1
259365415 1 260241819 1
279834247 1 280243058 1
19582919 1 19810345 1
247237804 1 247560799 1
307609455 1 307998175 1
246833987 1 247043429 1
163606298 1 163754765 1
276957256 1 277743115 1
136812386 1 137172860 1
299571467 1 299918736 1
111091549 1 111281694 1
229067715 1 229187331 1
247560802 1 247791960 1
33484780 1 33879859 1
398847458 1 399245548 1
184223753 1 184417252 1
90141573 1 90510741 1
162479428 1 162637091 1
269724417 1 270518149 1
320974414 1 321493471 1
13841799 1 14127778 1
86987996 1 87249598 1
257447566 1 258011995 1
227124182 1 227753281 1
368307927 1 368977451 1
307998178 1 308091758 1
179590009 1 179929566 1
77739048 1 78050584 1
240147834 1 240552597 1
231558681 1 231821712 1
262763625 1 262777236 1
262777239 1 263083799 1
270801835 1 271691491 1
71814802 1 71855812 1
164125101 1 164790685 1
319682085 1 320187026 1
59685760 1 60525017 1
47226154 1 47742389 1
217821579 1 218496767 1
167047076 1 167444451 1
232497852 1 232606695 1
362066666 1 363036577 1
366150182 1 366985408 1
189617842 1 190287033 1
29814505 1 30377709 1
195512649 1 196239610 1
150115729 1 150588925 1
378406546 1 378861951 1
181435775 1 182142317 1
361886791 1 362066663 1
141830766 1 141992782 1
379235553 1 379761411 1
139799070 1 139819773 1
11499993 1 12036028 1
233321457 1 233899291 1
198811659 1 199668332 1
249946144 1 250076327 1
98336994 1 99306580 1
63203793 1 63688710 1
135112078 1 135977738 1
218496770 1 218563682 1
112953588 1 112972076 1
36626254 1 37486538 1
282354978 1 283155260 1
47742392 1 48719809 1
236558876 1 236910571 1
177164692 1 177711842 1
82975987 1 83168038 1
126229009 1 126755473 1
71855815 1 72275798 1
83951907 1 84775200 1
249464743 1 249946141 1
341855414 1 341999579 1
76923707 1 77739045 1
370221772 1 370383491 1
167444454 1 167974312 1
76732434 1 76923704 1
201798511 1 202014158 1
257199307 1 257447563 1
408687896 1 409028527 1
306552375 1 306989600 1
133807524 1 134196540 1
59028878 1 59685757 1
49627849 1 49877503 1
7404266 1 8147442 1
336809726 1 337779454 1
15358161 1 16153169 1
132601131 1 132815237 1
88772320 1 89568795 1
238610705 1 239292638 1
21260654 1 21865848 1
317737654 1 318074147 1
196239613 1 196387377 1
179929569 1 180579425 1
214670190 1 215136542 1
388010815 1 388824490 1
58000309 1 58490648 1
16153172 1 16670305 1
22958628 1 23366363 1
248806455 1 249158031 1
215716821 1 216681932 1
117267717 1 117628926 1
298790715 1 299036533 1
423114296 1 423743333 1
68315996 1 68693902 1
327711964 1 328705716 1
241766415 1 242192216 1
36249510 1 36626251 1
231149717 1 231536267 1
89568798 1 90141570 1
35484407 1 36249507 1
233899294 1 234820845 1
400160077 1 400484611 1
342946668 1 343467594 1
2 1 933627 1
131032544 1 131647110 1
41128188 1 41826110 1
202823837 1 203747120 1
301153375 1 301262982 1
417547915 1 417842338 1
23839200 1 24234134 1
316831098 1 317017386 1
392798346 1 392894810 1
31212709 1 31834927 1
82528678 1 82595102 1
122228365 1 122810014 1
86408291 1 86648619 1
39861994 1 40172827 1
254137212 1 254462889 1
229055716 1 229067712 1
239292641 1 239382770 1
149100771 1 149839135 1
324622793 1 325300782 1
359816146 1 360368095 1
388824493 1 389794614 1
250771142 1 251528049 1
425592171 1 425621192 1
344363787 1 345053359 1
1401620 1 1922030 1
33879862 1 34762507 1
66908943 1 67257327 1
40219004 1 41128185 1
270775869 1 270801832 1
186957467 1 187663649 1
258633811 1 259365412 1
384013735 1 384898532 1
73565918 1 74014129 1
157453987 1 157784850 1
54644311 1 54769285 1
3998189 1 4262939 1
79256315 1 79717393 1
42752483 1 43048400 1
248478447 1 248806452 1
190939283 1 191440239 1
301089374 1 301153372 1
97941279 1 98336991 1
185192979 1 185882378 1
347414623 1 347745539 1
115354524 1 116007420 1
398421154 1 398697119 1
124449631 1 124856337 1
41826113 1 41834480 1
43048403 1 44010533 1
213676338 1 214670187 1
168731547 1 169632368 1
335824547 1 336809723 1
84775203 1 84962419 1
318074150 1 318969165 1
200102649 1 200915946 1
265789176 1 266124530 1
68693905 1 69254634 1
364478516 1 364835271 1
61571898 1 62211289 1
398697122 1 398847455 1
96947924 1 97827471 1
66747791 1 66908940 1
374383288 1 375122421 1
154587536 1 155575850 1
395164978 1 395301939 1
395823372 1 396453956 1
22573384 1 22958625 1
305727499 1 306552372 1
126755476 1 127169876 1
246316962 1 246833984 1
80621676 1 81076285 1
225547844 1 226402384 1
143392191 1 143811317 1
162134406 1 162479425 1
229187334 1 229722772 1
184417255 1 184495445 1
104858878 1 105331374 1
294371868 1 294792220 1
203747123 1 204370590 1
130279990 1 130907428 1
230499696 1 231149714 1
302084727 1 302253434 1
160852898 1 161242028 1
121230200 1 121622596 1
192984071 1 193841240 1
94670760 1 95447203 1
365294337 1 365651003 1
359803553 1 359816143 1
208874679 1 209622025 1
309935785 1 310396711 1
111609776 1 111997062 1
191440242 1 191496749 1
60525020 1 60913474 1
257052197 1 257199304 1
414843512 1 415747776 1
397636211 1 397851675 1
170264604 1 171194702 1
378293097 1 378406543 1
420128784 1 420266449 1
171756793 1 171843307 1
422113525 1 422630907 1
127323293 1 128025526 1
117628929 1 118504642 1
279554417 1 279834244 1
244245852 1 244465326 1
183829780 1 184223750 1
332106132 1 332465034 1
397851678 1 398320188 1
288958060 1 289237328 1
288913226 1 288958057 1
252795004 1 253179812 1
2146912 1 2544690 1
167974315 1 168731544 1
210159134 1 210275872 1
232606698 1 233321454 1
239382773 1 240147831 1
8795413 1 9215207 1
292502233 1 293176764 1
294824927 1 295372928 1
247791963 1 248478444 1
191496752 1 191708420 1
267058189 1 267786937 1
29775163 1 29814502 1
161578189 1 161706066 1
25056737 1 25307179 1
232196740 1 232497849 1
309633382 1 309935782 1
417842341 1 418449786 1
206246760 1 207221282 1
223363712 1 223453770 1
221922357 1 222870793 1
91106732 1 91343555 1
427398576 1 427468417 1
74014132 1 74182056 1
418542743 1 419198405 1
391212153 1 392206313 1
72275801 1 72607687 1
128360939 1 128919108 1
281853284 1 282354975 1
193862120 1 193973280 1
81076288 1 81469179 1
171843310 1 172088514 1
413481053 1 414312193 1
63688713 1 64535761 1
360865464 1 361584457 1
110124451 1 111091546 1
190287036 1 190939280 1
10771002 1 11499990 1
147328572 1 148284808 1
289237331 1 290082496 1
348857035 1 349668365 1
188319305 1 188545365 1
398320191 1 398421151 1
325768038 1 326095302 1
376498148 1 376592891 1
24234137 1 24405497 1
186816419 1 186957464 1
262459852 1 262763622 1
355859728 1 356715954 1
10162881 1 10770999 1
345053362 1 345443675 1
238076881 1 238239305 1
411620683 1 412033696 1
71615946 1 71814799 1
245340006 1 246013976 1
49877506 1 50454254 1
337779457 1 338548761 1
92123518 1 93027993 1
14127781 1 14952629 1
394735328 1 395164975 1
202014161 1 202823834 1
100064219 1 100786735 1
390923622 1 391212150 1
175117746 1 175984965 1
4262942 1 4515358 1
121622599 1 122228362 1
383415902 1 384013732 1
223453773 1 224257574 1
175984968 1 176711419 1
345443678 1 346069813 1
30377712 1 31212706 1
306989603 1 307609452 1
335190590 1 335561005 1
93875147 1 94670757 1
120237091 1 121230197 1
184495448 1 185192976 1
340310272 1 341227055 1
392894813 1 393203296 1
287067772 1 287114055 1
402813511 1 403050847 1
277988253 1 278067999 1
38356235 1 39351288 1
129177119 1 129712891 1
387656800 1 388010812 1
420317056 1 420613727 1
