863 437066169 1
2 1 37336 1
37337 1 100579 1
100580 1 923462 1
923463 1 1895074 1
1895075 1 2764603 1
2764604 1 3552013 1
3552014 1 4213753 1
4213754 1 4498341 1
4498342 1 4913195 1
4913196 1 5071166 1
5071167 1 5140044 1
5140045 1 5266406 1
5266407 1 5617944 1
5617945 1 6478111 1
6478112 1 7115090 1
7115091 1 7809893 1
7809894 1 7996487 1
7996488 1 8953917 1
8953918 1 9297208 1
9297209 1 9619086 1
9619087 1 9777729 1
9777730 1 10655615 1
10655616 1 11002160 1
11002161 1 11140660 1
11140661 1 11309141 1
11309142 1 11761335 1
11761336 1 12332685 1
12332686 1 12709178 1
12709179 1 13129668 1
13129669 1 13320598 1
13320599 1 14039051 1
14039052 1 14962968 1
14962969 1 15481905 1
15481906 1 16190260 1
16190261 1 17155650 1
17155651 1 17430786 1
17430787 1 17549751 1
17549752 1 18167249 1
18167250 1 18626216 1
18626217 1 18923657 1
18923658 1 19693492 1
19693493 1 19878932 1
19878933 1 20673365 1
20673366 1 20684035 1
20684036 1 21019389 1
21019390 1 21991267 1
21991268 1 22888662 1
22888663 1 23701810 1
23701811 1 24314206 1
24314207 1 25220161 1
25220162 1 25346805 1
25346806 1 26003798 1
26003799 1 26410856 1
26410857 1 26963416 1
26963417 1 27542820 1
27542821 1 27686050 1
27686051 1 28133678 1
28133679 1 28645412 1
28645413 1 28846046 1
28846047 1 29768051 1
29768052 1 30131759 1
30131760 1 30882271 1
30882272 1 31029525 1
31029526 1 31430190 1
31430191 1 32136110 1
32136111 1 32960588 1
32960589 1 32966270 1
32966271 1 33599884 1
33599885 1 33881509 1
33881510 1 34880561 1
34880562 1 35860726 1
35860727 1 36324860 1
36324861 1 37149112 1
37149113 1 37847285 1
37847286 1 38506037 1
38506038 1 38714901 1
38714902 1 39356723 1
39356724 1 40119047 1
40119048 1 40849847 1
40849848 1 41460414 1
41460415 1 42327298 1
42327299 1 43130118 1
43130119 1 43828315 1
43828316 1 44348877 1
44348878 1 44514002 1
44514003 1 44827323 1
44827324 1 45100914 1
45100915 1 45537077 1
45537078 1 46094754 1
46094755 1 46155676 1
46155677 1 46205168 1
46205169 1 46245165 1
46245166 1 46326486 1
46326487 1 46824720 1
46824721 1 47012335 1
47012336 1 47480678 1
47480679 1 47699524 1
47699525 1 48611840 1
48611841 1 49531819 1
49531820 1 49620571 1
49620572 1 50292955 1
50292956 1 50923171 1
50923172 1 51895637 1
51895638 1 52504298 1
52504299 1 52812323 1
52812324 1 53610697 1
53610698 1 53625501 1
53625502 1 54152082 1
54152083 1 54405367 1
54405368 1 55279956 1
55279957 1 55464511 1
55464512 1 55974894 1
55974895 1 56368041 1
56368042 1 56662567 1
56662568 1 57339509 1
57339510 1 57715557 1
57715558 1 58491452 1
58491453 1 58775874 1
58775875 1 59212606 1
59212607 1 60182523 1
60182524 1 60401447 1
60401448 1 60861154 1
60861155 1 61255180 1
61255181 1 61781964 1
61781965 1 62638784 1
62638785 1 63080999 1
63081000 1 63991186 1
63991187 1 64456803 1
64456804 1 65268430 1
65268431 1 66194000 1
66194001 1 67171440 1
67171441 1 67569201 1
67569202 1 68281778 1
68281779 1 69246621 1
69246622 1 70035465 1
70035466 1 71014419 1
71014420 1 71576026 1
71576027 1 71924586 1
71924587 1 72231587 1
72231588 1 73036677 1
73036678 1 73674709 1
73674710 1 74367626 1
74367627 1 75067969 1
75067970 1 75454942 1
75454943 1 76080998 1
76080999 1 76811579 1
76811580 1 77208646 1
77208647 1 77454211 1
77454212 1 77884642 1
77884643 1 78410737 1
78410738 1 79369919 1
79369920 1 80069394 1
80069395 1 80879381 1
80879382 1 81398235 1
81398236 1 81412865 1
81412866 1 82232609 1
82232610 1 82903653 1
82903654 1 83413469 1
83413470 1 84297380 1
84297381 1 85183840 1
85183841 1 85923869 1
85923870 1 86336533 1
86336534 1 87222123 1
87222124 1 87982422 1
87982423 1 88329125 1
88329126 1 88945319 1
88945320 1 89648693 1
89648694 1 89770983 1
89770984 1 90364687 1
90364688 1 90833445 1
90833446 1 91663072 1
91663073 1 91696722 1
91696723 1 92347794 1
92347795 1 93326866 1
93326867 1 93357586 1
93357587 1 94226941 1
94226942 1 94632317 1
94632318 1 94686998 1
94686999 1 95221047 1
95221048 1 95925038 1
95925039 1 96875691 1
96875692 1 96978681 1
96978682 1 97411470 1
97411471 1 97832156 1
97832157 1 98651664 1
98651665 1 99637376 1
99637377 1 99870518 1
99870519 1 100541680 1
100541681 1 101020888 1
101020889 1 101058051 1
101058052 1 101402495 1
101402496 1 101572133 1
101572134 1 101841232 1
101841233 1 102326137 1
102326138 1 102541080 1
102541081 1 103064291 1
103064292 1 103537503 1
103537504 1 103930112 1
103930113 1 104409061 1
104409062 1 104926788 1
104926789 1 105519927 1
105519928 1 106385166 1
106385167 1 107010101 1
107010102 1 107343934 1
107343935 1 108058664 1
108058665 1 108360680 1
108360681 1 108457713 1
108457714 1 109219836 1
109219837 1 109411179 1
109411180 1 110119425 1
110119426 1 110869087 1
110869088 1 111301138 1
111301139 1 111820218 1
111820219 1 112656801 1
112656802 1 113518424 1
113518425 1 114510947 1
114510948 1 114978440 1
114978441 1 115863366 1
115863367 1 115933469 1
115933470 1 116594311 1
116594312 1 117531201 1
117531202 1 118021572 1
118021573 1 118711386 1
118711387 1 119046226 1
119046227 1 119884808 1
119884809 1 120651417 1
120651418 1 121075152 1
121075153 1 121928678 1
121928679 1 122291337 1
122291338 1 122563301 1
122563302 1 123201738 1
123201739 1 123380821 1
123380822 1 123821321 1
123821322 1 124697377 1
124697378 1 125225493 1
125225494 1 125684724 1
125684725 1 126162116 1
126162117 1 126810670 1
126810671 1 127797932 1
127797933 1 128330240 1
128330241 1 128853544 1
128853545 1 129821362 1
129821363 1 130119634 1
130119635 1 130125361 1
130125362 1 130433785 1
130433786 1 131270500 1
131270501 1 132210692 1
132210693 1 132645713 1
132645714 1 133364893 1
133364894 1 133393787 1
133393788 1 133976735 1
133976736 1 134858130 1
134858131 1 135175634 1
135175635 1 136118564 1
136118565 1 137062441 1
137062442 1 137768761 1
137768762 1 138484232 1
138484233 1 139265894 1
139265895 1 139826771 1
139826772 1 140299568 1
140299569 1 140815360 1
140815361 1 141553472 1
141553473 1 142026280 1
142026281 1 142114719 1
142114720 1 142570610 1
142570611 1 142763793 1
142763794 1 143483918 1
143483919 1 143528520 1
143528521 1 144145008 1
144145009 1 144207980 1
144207981 1 144624073 1
144624074 1 145135920 1
145135921 1 145886426 1
145886427 1 146197637 1
146197638 1 146952784 1
146952785 1 147264372 1
147264373 1 147990108 1
147990109 1 148337850 1
148337851 1 149152998 1
149152999 1 149818328 1
149818329 1 149980368 1
149980369 1 150641684 1
150641685 1 151093923 1
151093924 1 151172724 1
151172725 1 151370288 1
151370289 1 151762189 1
151762190 1 151962911 1
151962912 1 152702274 1
152702275 1 152870397 1
152870398 1 153146591 1
153146592 1 153941558 1
153941559 1 154873863 1
154873864 1 155405045 1
155405046 1 156331456 1
156331457 1 156713924 1
156713925 1 157196646 1
157196647 1 157700589 1
157700590 1 158415342 1
158415343 1 159046075 1
159046076 1 159718006 1
159718007 1 159970195 1
159970196 1 160150445 1
160150446 1 160691315 1
160691316 1 161102275 1
161102276 1 161907493 1
161907494 1 162595533 1
162595534 1 163102727 1
163102728 1 163532503 1
163532504 1 163757187 1
163757188 1 163859637 1
163859638 1 164569384 1
164569385 1 164598445 1
164598446 1 164854593 1
164854594 1 165564962 1
165564963 1 166150278 1
166150279 1 166701337 1
166701338 1 167037519 1
167037520 1 167952076 1
167952077 1 168842724 1
168842725 1 168920307 1
168920308 1 169556902 1
169556903 1 170432832 1
170432833 1 170603825 1
170603826 1 170824102 1
170824103 1 171193525 1
171193526 1 171391833 1
171391834 1 172270409 1
172270410 1 172660000 1
172660001 1 172993464 1
172993465 1 173162543 1
173162544 1 173849506 1
173849507 1 173914432 1
173914433 1 174588708 1
174588709 1 174810180 1
174810181 1 175665308 1
175665309 1 175823883 1
175823884 1 176219654 1
176219655 1 177116768 1
177116769 1 177579893 1
177579894 1 178287853 1
178287854 1 178908477 1
178908478 1 179553122 1
179553123 1 180419014 1
180419015 1 180790095 1
180790096 1 181387002 1
181387003 1 182372557 1
182372558 1 182669425 1
182669426 1 182950137 1
182950138 1 183610481 1
183610482 1 183757570 1
183757571 1 184048151 1
184048152 1 185026701 1
185026702 1 185253150 1
185253151 1 185722479 1
185722480 1 186703222 1
186703223 1 187660506 1
187660507 1 187691683 1
187691684 1 188377025 1
188377026 1 188694556 1
188694557 1 189222562 1
189222563 1 189422400 1
189422401 1 189854102 1
189854103 1 190168609 1
190168610 1 190620851 1
190620852 1 191535251 1
191535252 1 192528216 1
192528217 1 193014716 1
193014717 1 193630931 1
193630932 1 194150391 1
194150392 1 194545932 1
194545933 1 195338640 1
195338641 1 195805317 1
195805318 1 196126899 1
196126900 1 196797888 1
196797889 1 197313459 1
197313460 1 197538608 1
197538609 1 197584812 1
197584813 1 198584470 1
198584471 1 199117947 1
199117948 1 199646087 1
199646088 1 200230697 1
200230698 1 200748907 1
200748908 1 201139302 1
201139303 1 201872883 1
201872884 1 202027326 1
202027327 1 202044097 1
202044098 1 202330420 1
202330421 1 203188359 1
203188360 1 203993716 1
203993717 1 203999080 1
203999081 1 204945614 1
204945615 1 205936837 1
205936838 1 206689514 1
206689515 1 207419078 1
207419079 1 207853168 1
207853169 1 208130949 1
208130950 1 208243270 1
208243271 1 208448608 1
208448609 1 209208345 1
209208346 1 209234459 1
209234460 1 209929254 1
209929255 1 210843188 1
210843189 1 210863950 1
210863951 1 211405740 1
211405741 1 211618350 1
211618351 1 212190246 1
212190247 1 213093688 1
213093689 1 213263964 1
213263965 1 214167461 1
214167462 1 215024437 1
215024438 1 215600197 1
215600198 1 216536924 1
216536925 1 216564453 1
216564454 1 216626382 1
216626383 1 217444255 1
217444256 1 218275211 1
218275212 1 218765508 1
218765509 1 218957982 1
218957983 1 219458273 1
219458274 1 219917764 1
219917765 1 220304401 1
220304402 1 221159924 1
221159925 1 221361371 1
221361372 1 221370272 1
221370273 1 222285580 1
222285581 1 222369548 1
222369549 1 223051154 1
223051155 1 223741526 1
223741527 1 224235017 1
224235018 1 225121451 1
225121452 1 225564666 1
225564667 1 226339953 1
226339954 1 226814361 1
226814362 1 227464647 1
227464648 1 227908004 1
227908005 1 228693982 1
228693983 1 229316926 1
229316927 1 229327235 1
229327236 1 229572701 1
229572702 1 229926466 1
229926467 1 230596285 1
230596286 1 231589778 1
231589779 1 231899688 1
231899689 1 231941422 1
231941423 1 232775583 1
232775584 1 232893783 1
232893784 1 233765943 1
233765944 1 234468668 1
234468669 1 234585312 1
234585313 1 235573961 1
235573962 1 236001267 1
236001268 1 236337848 1
236337849 1 236826315 1
236826316 1 236873233 1
236873234 1 236940345 1
236940346 1 237396824 1
237396825 1 238043780 1
238043781 1 238947527 1
238947528 1 239257930 1
239257931 1 240072240 1
240072241 1 240334275 1
240334276 1 240991713 1
240991714 1 241777459 1
241777460 1 242322994 1
242322995 1 243078868 1
243078869 1 243842693 1
243842694 1 244742133 1
244742134 1 245547898 1
245547899 1 245584992 1
245584993 1 246053903 1
246053904 1 247033095 1
247033096 1 247405769 1
247405770 1 247831573 1
247831574 1 248775337 1
248775338 1 249353943 1
249353944 1 249759231 1
249759232 1 250440691 1
250440692 1 250980575 1
250980576 1 251096267 1
251096268 1 251951900 1
251951901 1 252722027 1
252722028 1 253715453 1
253715454 1 254454661 1
254454662 1 255035735 1
255035736 1 255050228 1
255050229 1 255360484 1
255360485 1 255790827 1
255790828 1 256000039 1
256000040 1 256314215 1
256314216 1 257045487 1
257045488 1 257248206 1
257248207 1 257717807 1
257717808 1 257889747 1
257889748 1 258874438 1
258874439 1 259017396 1
259017397 1 260017134 1
260017135 1 260848502 1
260848503 1 261075405 1
261075406 1 261621075 1
261621076 1 262430290 1
262430291 1 263265041 1
263265042 1 263743637 1
263743638 1 264050144 1
264050145 1 264265310 1
264265311 1 265100238 1
265100239 1 266062949 1
266062950 1 266248854 1
266248855 1 267211125 1
267211126 1 267502124 1
267502125 1 268174037 1
268174038 1 268336063 1
268336064 1 268428801 1
268428802 1 268947682 1
268947683 1 269512505 1
269512506 1 270162208 1
270162209 1 270619593 1
270619594 1 271295735 1
271295736 1 271916667 1
271916668 1 272549278 1
272549279 1 273406457 1
273406458 1 273974828 1
273974829 1 274397785 1
274397786 1 274402190 1
274402191 1 274531479 1
274531480 1 274627215 1
274627216 1 275479419 1
275479420 1 276351511 1
276351512 1 277193892 1
277193893 1 277848804 1
277848805 1 278163168 1
278163169 1 279153467 1
279153468 1 279908908 1
279908909 1 280776843 1
280776844 1 281062175 1
281062176 1 281512565 1
281512566 1 281995831 1
281995832 1 282553454 1
282553455 1 283186218 1
283186219 1 283684248 1
283684249 1 283918370 1
283918371 1 284849859 1
284849860 1 285794564 1
285794565 1 285919938 1
285919939 1 286488342 1
286488343 1 287426819 1
287426820 1 288025663 1
288025664 1 288824282 1
288824283 1 289525238 1
289525239 1 289640781 1
289640782 1 290133267 1
290133268 1 290758287 1
290758288 1 290815310 1
290815311 1 290850868 1
290850869 1 290981873 1
290981874 1 291217852 1
291217853 1 291726305 1
291726306 1 291756243 1
291756244 1 292317485 1
292317486 1 292693867 1
292693868 1 293589887 1
293589888 1 294534787 1
294534788 1 294841209 1
294841210 1 295079626 1
295079627 1 295619120 1
295619121 1 296501723 1
296501724 1 297182404 1
297182405 1 298078458 1
298078459 1 299044090 1
299044091 1 299511579 1
299511580 1 299772781 1
299772782 1 299883109 1
299883110 1 300366510 1
300366511 1 300692099 1
300692100 1 300899137 1
300899138 1 301651558 1
301651559 1 301806672 1
301806673 1 302574743 1
302574744 1 302590010 1
302590011 1 303092488 1
303092489 1 303211112 1
303211113 1 304068540 1
304068541 1 304751868 1
304751869 1 304832302 1
304832303 1 304932459 1
304932460 1 305241124 1
305241125 1 305511389 1
305511390 1 306104872 1
306104873 1 306574201 1
306574202 1 306961992 1
306961993 1 307477370 1
307477371 1 307945357 1
307945358 1 307984450 1
307984451 1 308614001 1
308614002 1 309583261 1
309583262 1 309989191 1
309989192 1 310465345 1
310465346 1 311105534 1
311105535 1 311354932 1
311354933 1 311967840 1
311967841 1 312209391 1
312209392 1 312412493 1
312412494 1 312521034 1
312521035 1 312891164 1
312891165 1 313818127 1
313818128 1 314203111 1
314203112 1 315073783 1
315073784 1 315485621 1
315485622 1 315526906 1
315526907 1 315793220 1
315793221 1 316523491 1
316523492 1 317373398 1
317373399 1 317656408 1
317656409 1 317779241 1
317779242 1 317999716 1
317999717 1 318665134 1
318665135 1 319616864 1
319616865 1 319650600 1
319650601 1 320269320 1
320269321 1 320875209 1
320875210 1 321311097 1
321311098 1 321577396 1
321577397 1 321816054 1
321816055 1 322081863 1
322081864 1 322498935 1
322498936 1 323352802 1
323352803 1 323443884 1
323443885 1 323853412 1
323853413 1 324076723 1
324076724 1 324635258 1
324635259 1 325554945 1
325554946 1 326105042 1
326105043 1 326380432 1
326380433 1 326401401 1
326401402 1 327109690 1
327109691 1 327391267 1
327391268 1 327999673 1
327999674 1 328359338 1
328359339 1 328690078 1
328690079 1 329439991 1
329439992 1 330057138 1
330057139 1 330591179 1
330591180 1 331498942 1
331498943 1 332416377 1
332416378 1 332459155 1
332459156 1 333297686 1
333297687 1 333461638 1
333461639 1 334167708 1
334167709 1 334916688 1
334916689 1 335871420 1
335871421 1 336557315 1
336557316 1 336656755 1
336656756 1 336940673 1
336940674 1 337581336 1
337581337 1 337818706 1
337818707 1 337926089 1
337926090 1 338071250 1
338071251 1 338751031 1
338751032 1 338929864 1
338929865 1 339798531 1
339798532 1 340607384 1
340607385 1 341520903 1
341520904 1 342452744 1
342452745 1 342606249 1
342606250 1 342668693 1
342668694 1 343521525 1
343521526 1 344412184 1
344412185 1 344868475 1
344868476 1 345005794 1
345005795 1 345301945 1
345301946 1 345929592 1
345929593 1 346253304 1
346253305 1 347118195 1
347118196 1 347325138 1
347325139 1 348211863 1
348211864 1 348518531 1
348518532 1 349491720 1
349491721 1 349815421 1
349815422 1 349941727 1
349941728 1 350588701 1
350588702 1 351103915 1
351103916 1 351505299 1
351505300 1 351578192 1
351578193 1 351807403 1
351807404 1 352285014 1
352285015 1 352745570 1
352745571 1 353088396 1
353088397 1 353385373 1
353385374 1 353411941 1
353411942 1 354404708 1
354404709 1 354479469 1
354479470 1 355135236 1
355135237 1 355264308 1
355264309 1 355990566 1
355990567 1 356041414 1
356041415 1 356709088 1
356709089 1 357255747 1
357255748 1 358065917 1
358065918 1 358872546 1
358872547 1 359251434 1
359251435 1 359411819 1
359411820 1 359725974 1
359725975 1 359782832 1
359782833 1 360521181 1
360521182 1 360560407 1
360560408 1 360710967 1
360710968 1 360766489 1
360766490 1 361429376 1
361429377 1 361945763 1
361945764 1 362562699 1
362562700 1 363004940 1
363004941 1 363224587 1
363224588 1 363366717 1
363366718 1 363386832 1
363386833 1 363442183 1
363442184 1 363468653 1
363468654 1 364131843 1
364131844 1 364444112 1
364444113 1 365077937 1
365077938 1 365256719 1
365256720 1 366188231 1
366188232 1 366757834 1
366757835 1 367667662 1
367667663 1 367725127 1
367725128 1 368156737 1
368156738 1 368169991 1
368169992 1 368514577 1
368514578 1 369246232 1
369246233 1 369973018 1
369973019 1 370790947 1
370790948 1 370809028 1
370809029 1 371551946 1
371551947 1 371573472 1
371573473 1 372133678 1
372133679 1 372234116 1
372234117 1 372579663 1
372579664 1 372608263 1
372608264 1 372627030 1
372627031 1 373236588 1
373236589 1 373858573 1
373858574 1 374124167 1
374124168 1 374511488 1
374511489 1 375362840 1
375362841 1 375701232 1
375701233 1 375807977 1
375807978 1 376557767 1
376557768 1 377060777 1
377060778 1 377290989 1
377290990 1 378086238 1
378086239 1 379071591 1
379071592 1 379996662 1
379996663 1 380201616 1
380201617 1 380370286 1
380370287 1 380691133 1
380691134 1 380822795 1
380822796 1 381601714 1
381601715 1 382218788 1
382218789 1 382684138 1
382684139 1 382686731 1
382686732 1 382935406 1
382935407 1 383215727 1
383215728 1 384094497 1
384094498 1 384158290 1
384158291 1 384767461 1
384767462 1 385127976 1
385127977 1 385626318 1
385626319 1 386609405 1
386609406 1 387403283 1
387403284 1 388084600 1
388084601 1 388654180 1
388654181 1 389518916 1
389518917 1 389644479 1
389644480 1 390581633 1
390581634 1 390782822 1
390782823 1 391256582 1
391256583 1 391321827 1
391321828 1 391632161 1
391632162 1 392408131 1
392408132 1 392448891 1
392448892 1 392799396 1
392799397 1 393220628 1
393220629 1 393795857 1
393795858 1 394329145 1
394329146 1 394832590 1
394832591 1 395161575 1
395161576 1 396026126 1
396026127 1 396481186 1
396481187 1 397470928 1
397470929 1 398012337 1
398012338 1 398766156 1
398766157 1 399418211 1
399418212 1 399749627 1
399749628 1 399882813 1
399882814 1 400844107 1
400844108 1 401748301 1
401748302 1 402103219 1
402103220 1 402914631 1
402914632 1 403111171 1
403111172 1 403891028 1
403891029 1 404258477 1
404258478 1 404797916 1
404797917 1 405042939 1
405042940 1 405254529 1
405254530 1 405558934 1
405558935 1 405948417 1
405948418 1 405972447 1
405972448 1 406691638 1
406691639 1 407365846 1
407365847 1 407968621 1
407968622 1 408926326 1
408926327 1 409242112 1
409242113 1 409511852 1
409511853 1 410254738 1
410254739 1 410992248 1
410992249 1 411184193 1
411184194 1 411842941 1
411842942 1 412275209 1
412275210 1 412959016 1
412959017 1 413744451 1
413744452 1 414302863 1
414302864 1 414512567 1
414512568 1 414932495 1
414932496 1 415262940 1
415262941 1 415342106 1
415342107 1 415423497 1
415423498 1 416414783 1
416414784 1 417176519 1
417176520 1 418070673 1
418070674 1 418924114 1
418924115 1 419332801 1
419332802 1 419696430 1
419696431 1 420135789 1
420135790 1 420604359 1
420604360 1 420901214 1
420901215 1 421751470 1
421751471 1 422371557 1
422371558 1 422738264 1
422738265 1 423586883 1
423586884 1 424222775 1
424222776 1 424356684 1
424356685 1 425122971 1
425122972 1 425267632 1
425267633 1 425447905 1
425447906 1 425973232 1
425973233 1 426877327 1
426877328 1 427362497 1
427362498 1 427912226 1
427912227 1 428562738 1
428562739 1 429186672 1
429186673 1 429350880 1
429350881 1 430148447 1
430148448 1 431146841 1
431146842 1 432028342 1
432028343 1 432514370 1
432514371 1 433495372 1
433495373 1 434446942 1
434446943 1 434575773 1
434575774 1 435340074 1
435340075 1 435765709 1
435765710 1 436209337 1
436209338 1 436785783 1
436785784 1 436982898 1
436982899 1 437021559 1
437021560 1 437066168 1
