1340 663100516 1
2 1 830604 1
830606 1 1700102 1
1700104 1 2627791 1
2627793 1 3114979 1
3114981 1 3252885 1
3252891 1 3846177 1
3846182 1 3940470 1
3940476 1 4796442 1
4796448 1 4813732 1
4813736 1 4979138 1
4979142 1 5502657 1
5502661 1 5678498 1
5678500 1 6134622 1
6134627 1 6758515 1
6758517 1 7017194 1
7017200 1 7284954 1
7284956 1 7320809 1
7320812 1 7651253 1
7651258 1 8490265 1
8490269 1 9443753 1
9443755 1 10034765 1
10034766 1 10315441 1
10315447 1 11204757 1
11204758 1 11859205 1
11859206 1 12001736 1
12001741 1 12990798 1
12990799 1 13369046 1
13369051 1 13398435 1
13398440 1 14038428 1
14038430 1 14211696 1
14211698 1 14275256 1
14275261 1 14550451 1
14550453 1 15460455 1
15460458 1 15871439 1
15871444 1 16825472 1
16825478 1 16980266 1
16980268 1 17000256 1
17000258 1 17259996 1
17260000 1 17854075 1
17854079 1 18370295 1
18370301 1 18986575 1
18986577 1 19637525 1
19637529 1 19824501 1
19824502 1 20470371 1
20470376 1 20686455 1
20686456 1 21314222 1
21314226 1 21362894 1
21362898 1 21507929 1
21507930 1 21784798 1
21784801 1 21842916 1
21842917 1 22320692 1
22320697 1 22586526 1
22586529 1 23190472 1
23190476 1 23603213 1
23603218 1 24462601 1
24462607 1 24775670 1
24775676 1 25663581 1
25663585 1 25863010 1
25863015 1 26444926 1
26444931 1 26568398 1
26568402 1 27432057 1
27432061 1 27853070 1
27853074 1 28261236 1
28261241 1 28379797 1
28379800 1 28834197 1
28834199 1 28978875 1
28978881 1 29247549 1
29247555 1 29870233 1
29870239 1 30185654 1
30185660 1 30908508 1
30908513 1 31396660 1
31396665 1 32228054 1
32228059 1 32529477 1
32529479 1 32853617 1
32853621 1 33756056 1
33756059 1 34673101 1
34673105 1 35101790 1
35101794 1 35546060 1
35546063 1 36017930 1
36017933 1 36722270 1
36722275 1 37566479 1
37566480 1 37725696 1
37725702 1 38524780 1
38524786 1 39119815 1
39119818 1 39593701 1
39593703 1 40238384 1
40238385 1 40776965 1
40776968 1 41620735 1
41620739 1 41677425 1
41677429 1 42648000 1
42648002 1 43339778 1
43339782 1 43633628 1
43633630 1 44181453 1
44181459 1 45098658 1
45098661 1 46061897 1
46061900 1 46323180 1
46323182 1 46985312 1
46985317 1 47806037 1
47806040 1 48376706 1
48376712 1 49060926 1
49060931 1 49353015 1
49353020 1 50322823 1
50322828 1 50373541 1
50373542 1 50937153 1
50937157 1 50938494 1
50938499 1 51661866 1
51661868 1 51729130 1
51729135 1 52581149 1
52581150 1 52843849 1
52843855 1 52982281 1
52982284 1 53831798 1
53831800 1 54618771 1
54618772 1 55010918 1
55010921 1 55946170 1
55946174 1 56794983 1
56794989 1 56970592 1
56970595 1 57572506 1
57572507 1 57578575 1
57578580 1 57955367 1
57955368 1 58562603 1
58562607 1 59048344 1
59048347 1 59513832 1
59513833 1 59632708 1
59632710 1 60546093 1
60546098 1 60794573 1
60794577 1 61347628 1
61347634 1 62199742 1
62199745 1 62614051 1
62614057 1 63211735 1
63211741 1 63888282 1
63888287 1 63927135 1
63927139 1 64430176 1
64430179 1 65097592 1
65097595 1 65113853 1
65113856 1 65560510 1
65560511 1 65758386 1
65758391 1 66019543 1
66019547 1 66155832 1
66155838 1 66964990 1
66964995 1 67085716 1
67085720 1 67308849 1
67308854 1 67404595 1
67404600 1 68214501 1
68214507 1 68262612 1
68262615 1 69246641 1
69246644 1 69325229 1
69325234 1 70090934 1
70090937 1 70462836 1
70462839 1 71316359 1
71316363 1 71706328 1
71706331 1 72011515 1
72011516 1 72695583 1
72695584 1 72750531 1
72750534 1 72894995 1
72895000 1 73236416 1
73236420 1 73842617 1
73842620 1 73866650 1
73866654 1 74380624 1
74380628 1 74660977 1
74660981 1 75189797 1
75189800 1 75752379 1
75752383 1 76023622 1
76023628 1 76781095 1
76781100 1 77067965 1
77067969 1 77692866 1
77692868 1 78516365 1
78516366 1 79026706 1
79026711 1 79516537 1
79516543 1 79948307 1
79948311 1 80113503 1
80113507 1 81016202 1
81016203 1 81668326 1
81668330 1 81978589 1
81978593 1 82798642 1
82798645 1 83758967 1
83758971 1 84541128 1
84541131 1 85151329 1
85151330 1 85913235 1
85913236 1 86288377 1
86288379 1 86584248 1
86584249 1 86745337 1
86745340 1 87383956 1
87383960 1 88379806 1
88379812 1 88913648 1
88913652 1 88915426 1
88915427 1 89419659 1
89419662 1 89848730 1
89848735 1 90311588 1
90311594 1 91291157 1
91291160 1 91293359 1
91293363 1 91802750 1
91802752 1 92758872 1
92758876 1 93245644 1
93245650 1 93469933 1
93469939 1 93605381 1
93605387 1 94150297 1
94150301 1 94738961 1
94738966 1 95064386 1
95064389 1 95721838 1
95721842 1 96068538 1
96068544 1 96851748 1
96851754 1 97439563 1
97439569 1 97660719 1
97660720 1 98639308 1
98639310 1 99577634 1
99577637 1 100414594 1
100414597 1 100518228 1
100518230 1 100796303 1
100796305 1 101170128 1
101170129 1 101834605 1
101834607 1 102789995 1
102790001 1 102866790 1
102866792 1 103666049 1
103666052 1 103887096 1
103887097 1 104535584 1
104535590 1 105426881 1
105426887 1 105690286 1
105690287 1 105720924 1
105720929 1 106431462 1
106431463 1 107058597 1
107058600 1 107857041 1
107857045 1 108599375 1
108599379 1 108625304 1
108625306 1 109556678 1
109556681 1 110550193 1
110550195 1 110851347 1
110851353 1 111618969 1
111618973 1 112069852 1
112069856 1 112574772 1
112574775 1 113329177 1
113329183 1 114107073 1
114107078 1 114304497 1
114304498 1 115152301 1
115152302 1 115897690 1
115897694 1 116543111 1
116543112 1 117268381 1
117268386 1 117802020 1
117802022 1 118543418 1
118543421 1 119015661 1
119015667 1 119896899 1
119896902 1 120752483 1
120752486 1 121245029 1
121245032 1 121948071 1
121948075 1 122650104 1
122650106 1 122798508 1
122798509 1 123757832 1
123757833 1 124326121 1
124326124 1 124651721 1
124651722 1 124942695 1
124942698 1 124964634 1
124964638 1 125920239 1
125920242 1 126176535 1
126176539 1 126778589 1
126778593 1 127393890 1
127393892 1 127653772 1
127653774 1 128039853 1
128039858 1 128540122 1
128540124 1 128753443 1
128753447 1 129509437 1
129509442 1 130170984 1
130170989 1 130656000 1
130656006 1 130765777 1
130765781 1 131493762 1
131493765 1 132176328 1
132176329 1 132205039 1
132205040 1 132798961 1
132798967 1 133346496 1
133346502 1 134286115 1
134286118 1 134759466 1
134759469 1 135614092 1
135614093 1 136200542 1
136200548 1 136785963 1
136785965 1 137023037 1
137023043 1 137785137 1
137785140 1 138084234 1
138084236 1 138241640 1
138241646 1 138879969 1
138879972 1 139111363 1
139111367 1 139547623 1
139547628 1 140121845 1
140121851 1 140417864 1
140417868 1 140423409 1
140423415 1 141384159 1
141384165 1 141648602 1
141648607 1 142012516 1
142012518 1 142300211 1
142300214 1 143052987 1
143052992 1 143746695 1
143746701 1 144599160 1
144599165 1 145588181 1
145588187 1 146535249 1
146535254 1 146914283 1
146914285 1 147370973 1
147370977 1 148278885 1
148278888 1 148950421 1
148950422 1 149947046 1
149947047 1 150417524 1
150417529 1 150921102 1
150921103 1 151566589 1
151566591 1 152132292 1
152132293 1 152935229 1
152935230 1 153900603 1
153900606 1 154783675 1
154783679 1 155484824 1
155484827 1 155807342 1
155807345 1 156212722 1
156212723 1 156760193 1
156760197 1 157318621 1
157318627 1 158020606 1
158020607 1 158557073 1
158557075 1 158949470 1
158949473 1 159343294 1
159343300 1 159460619 1
159460625 1 159756521 1
159756524 1 160682537 1
160682541 1 160881119 1
160881123 1 161866452 1
161866455 1 162277731 1
162277736 1 163105556 1
163105561 1 163942277 1
163942281 1 164930824 1
164930826 1 165685208 1
165685213 1 166013404 1
166013410 1 166807118 1
166807119 1 166843855 1
166843859 1 167052531 1
167052536 1 167621570 1
167621571 1 167797206 1
167797212 1 168743374 1
168743378 1 169309829 1
169309831 1 169533519 1
169533525 1 169752756 1
169752757 1 170654542 1
170654547 1 171605740 1
171605743 1 171692259 1
171692261 1 172676780 1
172676783 1 173314626 1
173314627 1 173463449 1
173463454 1 174167740 1
174167745 1 174260566 1
174260571 1 174849365 1
174849370 1 175678039 1
175678044 1 176664694 1
176664698 1 176940622 1
176940623 1 177471474 1
177471480 1 178261028 1
178261034 1 178554801 1
178554807 1 178665816 1
178665819 1 179518921 1
179518925 1 179701062 1
179701064 1 180515337 1
180515343 1 181511105 1
181511106 1 181813908 1
181813913 1 182069000 1
182069002 1 182557019 1
182557023 1 183117388 1
183117390 1 183875596 1
183875599 1 184163908 1
184163909 1 184648368 1
184648369 1 185497521 1
185497526 1 186251010 1
186251015 1 186744663 1
186744669 1 187349753 1
187349759 1 187505937 1
187505942 1 188315061 1
188315066 1 188953524 1
188953526 1 189644844 1
189644846 1 190311787 1
190311788 1 190571939 1
190571943 1 191137791 1
191137797 1 191972172 1
191972176 1 192596580 1
192596582 1 192971396 1
192971399 1 193942428 1
193942431 1 194232354 1
194232355 1 194853634 1
194853639 1 195453979 1
195453980 1 196070572 1
196070577 1 196843830 1
196843833 1 197729447 1
197729450 1 198199494 1
198199499 1 199088721 1
199088723 1 199344037 1
199344041 1 199537193 1
199537198 1 200306423 1
200306424 1 201096173 1
201096177 1 201402761 1
201402763 1 202053569 1
202053573 1 202324254 1
202324260 1 202954293 1
202954295 1 203620274 1
203620280 1 203899770 1
203899773 1 204067990 1
204067995 1 204378683 1
204378688 1 205129613 1
205129617 1 205152787 1
205152792 1 205215297 1
205215300 1 205219418 1
205219419 1 206007984 1
206007989 1 206502986 1
206502991 1 207089434 1
207089438 1 207970350 1
207970356 1 208013457 1
208013462 1 208862845 1
208862847 1 209542075 1
209542077 1 210335485 1
210335486 1 210659750 1
210659755 1 211361298 1
211361299 1 211541847 1
211541849 1 211994450 1
211994454 1 212386880 1
212386884 1 213095103 1
213095107 1 213509326 1
213509331 1 214117499 1
214117505 1 214313378 1
214313381 1 214762664 1
214762665 1 215309997 1
215310000 1 215857466 1
215857470 1 216467533 1
216467536 1 216839282 1
216839284 1 217801575 1
217801580 1 218408021 1
218408022 1 219275322 1
219275326 1 219854510 1
219854516 1 219873702 1
219873703 1 220660643 1
220660645 1 220741352 1
220741353 1 221195049 1
221195052 1 222003462 1
222003463 1 222311231 1
222311235 1 222806001 1
222806006 1 223548845 1
223548848 1 224360402 1
224360406 1 224738305 1
224738310 1 225389275 1
225389277 1 225765968 1
225765972 1 225834632 1
225834636 1 226655999 1
226656005 1 227308636 1
227308642 1 227373654 1
227373655 1 227669446 1
227669450 1 227959919 1
227959921 1 228090935 1
228090940 1 228698230 1
228698234 1 229170240 1
229170243 1 229738600 1
229738603 1 230107279 1
230107283 1 230217142 1
230217143 1 231205325 1
231205331 1 231835901 1
231835905 1 232502144 1
232502150 1 233099125 1
233099130 1 233261223 1
233261228 1 233402628 1
233402633 1 233907539 1
233907545 1 234805870 1
234805871 1 235710209 1
235710215 1 236397824 1
236397828 1 237105810 1
237105813 1 237940006 1
237940007 1 238665920 1
238665925 1 239200898 1
239200900 1 240023520 1
240023522 1 240845462 1
240845468 1 241372427 1
241372430 1 241838085 1
241838087 1 241917930 1
241917933 1 242484751 1
242484755 1 242676481 1
242676482 1 243220670 1
243220675 1 243694839 1
243694840 1 244127758 1
244127761 1 244971923 1
244971924 1 245808228 1
245808231 1 246716170 1
246716175 1 246956506 1
246956510 1 247299198 1
247299204 1 248190334 1
248190336 1 248894026 1
248894029 1 249185362 1
249185367 1 249993383 1
249993389 1 250981251 1
250981254 1 251038694 1
251038696 1 251979757 1
251979759 1 252638866 1
252638868 1 253189696 1
253189698 1 253213904 1
253213906 1 254153090 1
254153093 1 255083829 1
255083833 1 255813490 1
255813492 1 256250436 1
256250440 1 256304709 1
256304712 1 257176799 1
257176803 1 257365468 1
257365472 1 257980910 1
257980912 1 258030069 1
258030074 1 258076088 1
258076092 1 258481140 1
258481146 1 258681469 1
258681472 1 258866708 1
258866709 1 259416408 1
259416413 1 259506594 1
259506598 1 260135455 1
260135460 1 261126360 1
261126364 1 261298961 1
261298965 1 261413984 1
261413986 1 261928383 1
261928386 1 262091234 1
262091235 1 262926322 1
262926326 1 263241347 1
263241350 1 264147735 1
264147738 1 265025220 1
265025222 1 265332496 1
265332501 1 266134098 1
266134104 1 266390266 1
266390269 1 267330150 1
267330156 1 268222889 1
268222890 1 269149994 1
269149997 1 269586331 1
269586334 1 270303019 1
270303022 1 270454160 1
270454164 1 270550226 1
270550232 1 270745180 1
270745184 1 270807491 1
270807495 1 271288138 1
271288144 1 271558926 1
271558932 1 272504785 1
272504789 1 273344310 1
273344312 1 274097014 1
274097017 1 274456228 1
274456230 1 274468417 1
274468418 1 275164411 1
275164417 1 276033778 1
276033783 1 276441587 1
276441593 1 276660348 1
276660350 1 277355325 1
277355330 1 277361659 1
277361662 1 277573116 1
277573122 1 278064647 1
278064652 1 278491416 1
278491420 1 279096992 1
279096998 1 279773876 1
279773881 1 280582896 1
280582899 1 280830851 1
280830857 1 281129611 1
281129617 1 281992118 1
281992124 1 282579676 1
282579680 1 283054349 1
283054353 1 283157408 1
283157412 1 283639313 1
283639318 1 283917081 1
283917083 1 284246728 1
284246732 1 284530645 1
284530650 1 285212235 1
285212236 1 285972030 1
285972033 1 286342262 1
286342268 1 287009647 1
287009648 1 287623051 1
287623054 1 287935466 1
287935471 1 288111938 1
288111940 1 288128104 1
288128109 1 288903521 1
288903522 1 289320057 1
289320059 1 290135676 1
290135677 1 290486103 1
290486105 1 290938560 1
290938564 1 291760540 1
291760546 1 292348376 1
292348378 1 292423959 1
292423961 1 292557251 1
292557256 1 293051278 1
293051283 1 293490848 1
293490851 1 294426182 1
294426183 1 295029396 1
295029398 1 295249289 1
295249295 1 295648382 1
295648388 1 296315439 1
296315445 1 296607137 1
296607140 1 297324132 1
297324137 1 297639405 1
297639410 1 298305178 1
298305181 1 298982528 1
298982531 1 299749549 1
299749554 1 300410836 1
300410840 1 301161029 1
301161034 1 302149926 1
302149929 1 303049970 1
303049974 1 303783290 1
303783296 1 304104157 1
304104160 1 304831628 1
304831634 1 305181327 1
305181328 1 306017408 1
306017411 1 306154156 1
306154157 1 306953240 1
306953245 1 307419539 1
307419543 1 307629358 1
307629359 1 307660881 1
307660886 1 308197245 1
308197246 1 308600113 1
308600115 1 309105074 1
309105077 1 309809918 1
309809923 1 310329623 1
310329624 1 311077917 1
311077922 1 311870494 1
311870498 1 311969435 1
311969440 1 312335020 1
312335022 1 312615417 1
312615422 1 312816913 1
312816915 1 313722334 1
313722335 1 314074410 1
314074412 1 314839897 1
314839902 1 315593370 1
315593374 1 316000931 1
316000935 1 316669208 1
316669213 1 316755061 1
316755063 1 317216123 1
317216128 1 318022796 1
318022801 1 318185733 1
318185735 1 318504168 1
318504172 1 318551889 1
318551895 1 318766556 1
318766558 1 318984919 1
318984920 1 319398106 1
319398112 1 319637752 1
319637754 1 320609161 1
320609165 1 321460591 1
321460597 1 322344684 1
322344685 1 322539096 1
322539102 1 323204324 1
323204327 1 323222156 1
323222159 1 324165199 1
324165201 1 324311371 1
324311372 1 324862478 1
324862483 1 324917414 1
324917416 1 325406680 1
325406681 1 325986349 1
325986352 1 326594730 1
326594734 1 327047936 1
327047941 1 327927738 1
327927744 1 328121018 1
328121020 1 328403213 1
328403215 1 328458093 1
328458095 1 329202177 1
329202182 1 329677878 1
329677883 1 330181517 1
330181523 1 330949926 1
330949930 1 331047661 1
331047665 1 332032062 1
332032065 1 332696749 1
332696753 1 333141150 1
333141155 1 333737082 1
333737087 1 334016651 1
334016656 1 334399176 1
334399182 1 334578684 1
334578687 1 335181485 1
335181486 1 336094088 1
336094094 1 336594186 1
336594187 1 336721416 1
336721422 1 337548639 1
337548641 1 337827863 1
337827867 1 338764086 1
338764088 1 339151882 1
339151885 1 339653690 1
339653696 1 340136347 1
340136353 1 340646883 1
340646886 1 340946167 1
340946168 1 341414870 1
341414872 1 341797539 1
341797543 1 341993336 1
341993338 1 342260090 1
342260091 1 342480430 1
342480433 1 343153130 1
343153134 1 343325649 1
343325652 1 343532472 1
343532475 1 344349012 1
344349017 1 344515418 1
344515422 1 345397347 1
345397348 1 346275687 1
346275692 1 347221900 1
347221903 1 347688209 1
347688211 1 348668869 1
348668873 1 349023820 1
349023824 1 349961672 1
349961676 1 350671068 1
350671070 1 350974441 1
350974447 1 351432704 1
351432707 1 351465834 1
351465838 1 352241455 1
352241458 1 352518238 1
352518242 1 352699717 1
352699720 1 352700895 1
352700898 1 353650547 1
353650551 1 354121861 1
354121864 1 354409432 1
354409437 1 355406286 1
355406292 1 355502619 1
355502625 1 356481617 1
356481622 1 357340262 1
357340266 1 358050844 1
358050845 1 358503118 1
358503122 1 358589088 1
358589089 1 358769315 1
358769319 1 358871612 1
358871613 1 359451965 1
359451970 1 360142144 1
360142150 1 360253910 1
360253911 1 360815404 1
360815405 1 361132711 1
361132715 1 362021728 1
362021733 1 362676549 1
362676554 1 362897215 1
362897220 1 363889466 1
363889469 1 364438266 1
364438269 1 365066594 1
365066596 1 365632939 1
365632942 1 366150582 1
366150587 1 366659369 1
366659375 1 367460229 1
367460232 1 368364550 1
368364553 1 368558821 1
368558826 1 369190266 1
369190267 1 369886995 1
369886999 1 370753881 1
370753882 1 371259296 1
371259301 1 371722915 1
371722920 1 372627908 1
372627909 1 372966496 1
372966497 1 373171887 1
373171888 1 374115261 1
374115264 1 374345291 1
374345292 1 374379944 1
374379948 1 375319597 1
375319601 1 376115741 1
376115746 1 376257599 1
376257605 1 376620536 1
376620541 1 376796829 1
376796834 1 377429053 1
377429058 1 377799121 1
377799125 1 378267744 1
378267746 1 378368585 1
378368588 1 378842468 1
378842470 1 378853047 1
378853050 1 379597007 1
379597009 1 380234084 1
380234087 1 380624154 1
380624158 1 381575905 1
381575907 1 382565054 1
382565057 1 383160823 1
383160825 1 383909113 1
383909119 1 383941674 1
383941678 1 383955177 1
383955178 1 384146384 1
384146385 1 384904623 1
384904629 1 385372855 1
385372859 1 386045435 1
386045441 1 386046570 1
386046575 1 386660462 1
386660464 1 386897190 1
386897194 1 387181822 1
387181825 1 387871437 1
387871440 1 388524208 1
388524211 1 389099196 1
389099198 1 389706844 1
389706850 1 390408883 1
390408886 1 391118462 1
391118464 1 391721663 1
391721664 1 392434214 1
392434220 1 392439046 1
392439050 1 393176423 1
393176424 1 393934981 1
393934987 1 394049746 1
394049750 1 394807408 1
394807410 1 395319800 1
395319803 1 396069201 1
396069204 1 396203532 1
396203533 1 396455725 1
396455726 1 397182025 1
397182027 1 398045772 1
398045777 1 398168278 1
398168283 1 398576254 1
398576255 1 399101214 1
399101219 1 399756031 1
399756034 1 399874707 1
399874711 1 400528805 1
400528806 1 401153598 1
401153601 1 401561629 1
401561632 1 401928700 1
401928706 1 402108118 1
402108119 1 402224934 1
402224937 1 402556266 1
402556271 1 402596638 1
402596643 1 403243430 1
403243435 1 403466064 1
403466066 1 403654727 1
403654728 1 403768932 1
403768934 1 404341115 1
404341116 1 404776564 1
404776565 1 405746316 1
405746321 1 405894056 1
405894059 1 406077854 1
406077857 1 406856296 1
406856299 1 407233904 1
407233906 1 407771813 1
407771816 1 408544849 1
408544851 1 409333748 1
409333751 1 410125836 1
410125842 1 410529244 1
410529250 1 410660405 1
410660409 1 411574524 1
411574529 1 411931008 1
411931014 1 412272518 1
412272521 1 412475086 1
412475087 1 412881963 1
412881964 1 413690160 1
413690164 1 414214480 1
414214484 1 415189333 1
415189336 1 415829369 1
415829371 1 416438684 1
416438687 1 416881409 1
416881413 1 417269122 1
417269123 1 417766254 1
417766256 1 418692528 1
418692534 1 419581704 1
419581710 1 420377538 1
420377539 1 420870467 1
420870470 1 420886132 1
420886138 1 421867808 1
421867810 1 422218923 1
422218924 1 422411993 1
422411994 1 423090544 1
423090545 1 423539059 1
423539061 1 424040023 1
424040029 1 424309306 1
424309310 1 424424479 1
424424485 1 424604026 1
424604032 1 425337475 1
425337478 1 425407682 1
425407688 1 425410104 1
425410110 1 425546799 1
425546801 1 425910877 1
425910878 1 426086254 1
426086255 1 426895160 1
426895164 1 427178788 1
427178789 1 427320947 1
427320949 1 427488265 1
427488270 1 427588049 1
427588055 1 428419458 1
428419464 1 428932089 1
428932092 1 429729642 1
429729648 1 430070650 1
430070653 1 430277506 1
430277511 1 431129447 1
431129453 1 431619619 1
431619622 1 432042686 1
432042687 1 432511605 1
432511607 1 432522427 1
432522433 1 432546847 1
432546848 1 433429177 1
433429179 1 434257518 1
434257522 1 434908551 1
434908555 1 435487549 1
435487554 1 435557019 1
435557022 1 436202175 1
436202179 1 436715000 1
436715004 1 437573087 1
437573093 1 438187256 1
438187259 1 438657650 1
438657655 1 438769657 1
438769661 1 438972438 1
438972443 1 439176622 1
439176625 1 439802669 1
439802670 1 439880641 1
439880642 1 440755473 1
440755474 1 441599919 1
441599920 1 442377438 1
442377444 1 443051529 1
443051535 1 443834068 1
443834073 1 443984469 1
443984472 1 444138098 1
444138102 1 444786985 1
444786986 1 445284388 1
445284394 1 445619605 1
445619611 1 445687338 1
445687344 1 445784246 1
445784249 1 446119865 1
446119869 1 446985057 1
446985059 1 447545163 1
447545165 1 447724389 1
447724393 1 448041502 1
448041508 1 448902403 1
448902407 1 449710174 1
449710179 1 450063193 1
450063195 1 450225075 1
450225081 1 450894077 1
450894080 1 451160306 1
451160310 1 451806873 1
451806874 1 452569092 1
452569097 1 452975582 1
452975583 1 453713903 1
453713905 1 453732387 1
453732390 1 454590804 1
454590810 1 454796927 1
454796932 1 455165746 1
455165749 1 455822671 1
455822672 1 456352140 1
456352145 1 456607224 1
456607230 1 456908815 1
456908818 1 457608276 1
457608279 1 457772490 1
457772494 1 458288907 1
458288908 1 458770843 1
458770844 1 459585576 1
459585577 1 459604708 1
459604709 1 460018052 1
460018055 1 460328419 1
460328422 1 460779353 1
460779355 1 461196870 1
461196872 1 461232598 1
461232600 1 461540804 1
461540805 1 461826558 1
461826561 1 462444275 1
462444278 1 463196894 1
463196896 1 463235899 1
463235905 1 464096773 1
464096778 1 464478848 1
464478849 1 464965316 1
464965321 1 465236063 1
465236066 1 465422927 1
465422931 1 466212530 1
466212536 1 466271711 1
466271712 1 467151284 1
467151289 1 467448087 1
467448089 1 467907872 1
467907875 1 468083943 1
468083945 1 468432387 1
468432389 1 468770281 1
468770286 1 469437239 1
469437240 1 469764949 1
469764951 1 469960527 1
469960531 1 470937815 1
470937820 1 470990546 1
470990547 1 471223828 1
471223831 1 471224229 1
471224234 1 471926662 1
471926667 1 472578317 1
472578322 1 473000386 1
473000388 1 473969075 1
473969078 1 474020175 1
474020178 1 474223916 1
474223920 1 474496649 1
474496655 1 475137196 1
475137198 1 475597378 1
475597380 1 476230386 1
476230387 1 476702599 1
476702605 1 477403001 1
477403007 1 477513295 1
477513299 1 477852044 1
477852049 1 478166350 1
478166355 1 478185021 1
478185025 1 478920633 1
478920635 1 478960925 1
478960931 1 479484437 1
479484443 1 479620602 1
479620608 1 480548974 1
480548976 1 480604605 1
480604608 1 481065434 1
481065437 1 481901073 1
481901077 1 482454440 1
482454445 1 483121823 1
483121828 1 484114449 1
484114450 1 484163163 1
484163166 1 484591135 1
484591140 1 485529676 1
485529682 1 486088988 1
486088994 1 486402361 1
486402362 1 487306680 1
487306681 1 487433645 1
487433649 1 488169036 1
488169039 1 488696676 1
488696679 1 488823942 1
488823948 1 489273567 1
489273573 1 489556663 1
489556667 1 489996074 1
489996079 1 490547281 1
490547282 1 490556044 1
490556048 1 490997390 1
490997392 1 491246084 1
491246086 1 491383734 1
491383739 1 491841388 1
491841394 1 492732285 1
492732287 1 493204092 1
493204097 1 493925240 1
493925245 1 494701910 1
494701914 1 495594738 1
495594741 1 496278605 1
496278607 1 496348432 1
496348435 1 496428776 1
496428781 1 496793682 1
496793688 1 496909173 1
496909175 1 497159000 1
497159002 1 497609509 1
497609511 1 497736678 1
497736684 1 498062160 1
498062161 1 498836858 1
498836862 1 499283231 1
499283234 1 500140235 1
500140238 1 500910748 1
500910749 1 501018686 1
501018689 1 501486753 1
501486759 1 502311705 1
502311710 1 502709698 1
502709703 1 503450474 1
503450478 1 503571334 1
503571338 1 504045339 1
504045342 1 504413279 1
504413283 1 505116474 1
505116479 1 505523443 1
505523448 1 506210619 1
506210620 1 506382802 1
506382808 1 506407007 1
506407009 1 506524085 1
506524089 1 507464351 1
507464352 1 507698203 1
507698206 1 508675888 1
508675890 1 509341288 1
509341291 1 510044514 1
510044515 1 510103736 1
510103737 1 510701110 1
510701112 1 511548093 1
511548094 1 511789742 1
511789744 1 511936181 1
511936187 1 512106687 1
512106689 1 512238101 1
512238105 1 512280651 1
512280654 1 512530850 1
512530855 1 513089348 1
513089349 1 513091327 1
513091330 1 513762596 1
513762601 1 514527735 1
514527741 1 514735511 1
514735513 1 515579388 1
515579394 1 515623627 1
515623628 1 515875177 1
515875181 1 516206985 1
516206991 1 516524224 1
516524229 1 516882398 1
516882402 1 516906719 1
516906721 1 517305700 1
517305702 1 517616408 1
517616409 1 517954880 1
517954883 1 518093706 1
518093709 1 518154407 1
518154411 1 518605993 1
518605997 1 518624525 1
518624528 1 519574735 1
519574741 1 520408081 1
520408083 1 521153259 1
521153264 1 521489498 1
521489500 1 521791242 1
521791247 1 522656634 1
522656635 1 522792086 1
522792088 1 523207145 1
523207147 1 523601285 1
523601288 1 524120819 1
524120822 1 524834128 1
524834129 1 525224969 1
525224970 1 526086157 1
526086161 1 526714257 1
526714260 1 527648133 1
527648137 1 528623432 1
528623437 1 528891868 1
528891874 1 529338936 1
529338942 1 530131524 1
530131530 1 530815336 1
530815338 1 531286016 1
531286018 1 531371182 1
531371184 1 531825371 1
531825377 1 532702732 1
532702734 1 532838432 1
532838438 1 532874131 1
532874135 1 532948019 1
532948023 1 533645226 1
533645230 1 534468027 1
534468030 1 534582280 1
534582284 1 535460472 1
535460474 1 536329663 1
536329669 1 536360751 1
536360753 1 537268910 1
537268912 1 537602570 1
537602574 1 537741631 1
537741633 1 538321669 1
538321674 1 539138988 1
539138989 1 539842888 1
539842893 1 540406372 1
540406377 1 540641325 1
540641327 1 541139603 1
541139605 1 541782326 1
541782329 1 542400828 1
542400831 1 543036133 1
543036139 1 543747252 1
543747255 1 544734925 1
544734928 1 545574508 1
545574509 1 545916926 1
545916932 1 546629659 1
546629663 1 546686221 1
546686223 1 546857410 1
546857416 1 546902164 1
546902167 1 546953924 1
546953927 1 547751026 1
547751027 1 548565405 1
548565411 1 549140469 1
549140471 1 549482897 1
549482903 1 550453152 1
550453158 1 550929744 1
550929748 1 551877295 1
551877296 1 552597475 1
552597477 1 553217117 1
553217120 1 553404767 1
553404770 1 553424537 1
553424540 1 553896840 1
553896846 1 554396530 1
554396531 1 554522435 1
554522441 1 555368756 1
555368760 1 555392621 1
555392624 1 556035574 1
556035578 1 556794116 1
556794122 1 557746129 1
557746134 1 558123138 1
558123140 1 558997508 1
558997513 1 559148188 1
559148190 1 559595701 1
559595702 1 560306498 1
560306501 1 560904398 1
560904404 1 561262578 1
561262581 1 561723292 1
561723295 1 561917781 1
561917787 1 562360668 1
562360670 1 562403556 1
562403557 1 563102823 1
563102829 1 563223012 1
563223017 1 564184951 1
564184954 1 564709671 1
564709673 1 565070575 1
565070580 1 565212076 1
565212077 1 565411758 1
565411764 1 566362719 1
566362725 1 567264858 1
567264863 1 567498037 1
567498041 1 568332976 1
568332982 1 569006618 1
569006619 1 569400215 1
569400219 1 570332494 1
570332496 1 570373421 1
570373422 1 570950668 1
570950674 1 571924876 1
571924882 1 572103718 1
572103722 1 573016331 1
573016332 1 573313078 1
573313080 1 574273777 1
574273783 1 574778178 1
574778184 1 575353067 1
575353071 1 575682047 1
575682053 1 575854457 1
575854461 1 575947516 1
575947521 1 576754643 1
576754646 1 577491408 1
577491413 1 578220818 1
578220824 1 579015063 1
579015066 1 579211865 1
579211868 1 579869069 1
579869071 1 580694122 1
580694124 1 581010601 1
581010603 1 581097795 1
581097801 1 581646016 1
581646021 1 582193743 1
582193747 1 582818720 1
582818723 1 583550176 1
583550181 1 583662202 1
583662206 1 584329313 1
584329318 1 585181950 1
585181955 1 585704153 1
585704155 1 586554976 1
586554977 1 586883905 1
586883911 1 587039008 1
587039011 1 587230468 1
587230472 1 587581032 1
587581035 1 588427050 1
588427051 1 588830773 1
588830775 1 589225057 1
589225058 1 590179685 1
590179686 1 590643526 1
590643531 1 591361856 1
591361862 1 592198078 1
592198081 1 592494379 1
592494385 1 592846349 1
592846355 1 592888272 1
592888277 1 593573584 1
593573588 1 593848271 1
593848272 1 594433856 1
594433857 1 595428513 1
595428518 1 595458590 1
595458593 1 595548959 1
595548965 1 595774501 1
595774504 1 596458971 1
596458973 1 597411295 1
597411297 1 598086750 1
598086754 1 598481254 1
598481259 1 599377789 1
599377790 1 599435474 1
599435477 1 600355979 1
600355985 1 601201589 1
601201592 1 601420860 1
601420861 1 601510305 1
601510306 1 601591157 1
601591158 1 602018655 1
602018659 1 602474886 1
602474887 1 602909786 1
602909792 1 602925731 1
602925736 1 603081606 1
603081611 1 603682845 1
603682850 1 604670432 1
604670436 1 605599712 1
605599716 1 605799016 1
605799017 1 606742362 1
606742363 1 607633212 1
607633218 1 608179924 1
608179926 1 608698198 1
608698203 1 608735293 1
608735298 1 609513968 1
609513973 1 609553513 1
609553516 1 609734455 1
609734460 1 610285895 1
610285899 1 611241050 1
611241056 1 611692943 1
611692946 1 611803815 1
611803818 1 612137702 1
612137707 1 613090837 1
613090842 1 613407638 1
613407642 1 614226161 1
614226167 1 614909906 1
614909909 1 614980887 1
614980890 1 615820327 1
615820333 1 616308760 1
616308764 1 616400506 1
616400512 1 617387981 1
617387984 1 617525415 1
617525420 1 618151544 1
618151545 1 618748251 1
618748255 1 619567197 1
619567201 1 619694589 1
619694594 1 619846186 1
619846188 1 619864128 1
619864130 1 620320026 1
620320030 1 621123430 1
621123434 1 621772069 1
621772070 1 622065227 1
622065228 1 622876739 1
622876744 1 623272919 1
623272921 1 624224813 1
624224817 1 624820865 1
624820868 1 624889022 1
624889025 1 624903643 1
624903648 1 625126156 1
625126158 1 625314203 1
625314206 1 626076229 1
626076235 1 626931800 1
626931803 1 627749650 1
627749655 1 627868466 1
627868468 1 628597831 1
628597835 1 628805340 1
628805346 1 628828013 1
628828019 1 629474372 1
629474374 1 630269933 1
630269936 1 630764266 1
630764271 1 631354252 1
631354258 1 631953338 1
631953342 1 632002467 1
632002471 1 632190899 1
632190901 1 633079089 1
633079090 1 633649505 1
633649511 1 634136620 1
634136621 1 634144765 1
634144771 1 635066303 1
635066304 1 635207683 1
635207687 1 635457371 1
635457375 1 636054670 1
636054671 1 637041425 1
637041431 1 637088540 1
637088545 1 637417911 1
637417912 1 638064400 1
638064404 1 638175628 1
638175633 1 638526267 1
638526268 1 638967673 1
638967674 1 639562246 1
639562248 1 639569625 1
639569630 1 639811128 1
639811130 1 640269804 1
640269805 1 640859072 1
640859078 1 641665714 1
641665719 1 642602276 1
642602277 1 643368336 1
643368337 1 644249266 1
644249270 1 644801563 1
644801569 1 645620804 1
645620807 1 645887766 1
645887769 1 646496234 1
646496237 1 646568423 1
646568424 1 647252362 1
647252368 1 647952575 1
647952577 1 648230934 1
648230938 1 649217904 1
649217909 1 650123301 1
650123306 1 650847097 1
650847100 1 650951160 1
650951162 1 651118420 1
651118425 1 651499899 1
651499900 1 651528720 1
651528721 1 651780670 1
651780672 1 652448207 1
652448210 1 653160768 1
653160774 1 653829228 1
653829234 1 654643653 1
654643656 1 655303278 1
655303282 1 655431480 1
655431483 1 656294348 1
656294352 1 656369686 1
656369691 1 656420960 1
656420964 1 656665447 1
656665452 1 657509450 1
657509452 1 658427769 1
658427770 1 659346265 1
659346271 1 659493706 1
659493709 1 660179147 1
660179152 1 660969190 1
660969194 1 661423345 1
661423348 1 661781654 1
661781658 1 662193619 1
662193620 1 662693831 1
662693832 1 662838192 1
662838195 1 663100515 1
