1899 931941955 1
188865932 1 189275765 1
628013905 1 628743087 1
454578082 1 454838904 1
747080064 1 747802376 1
326641966 1 327507374 1
666126825 1 667034957 1
771562590 1 771757205 1
788075425 1 788128296 1
194614165 1 195391979 1
857554234 1 857848125 1
454838908 1 455022943 1
81996657 1 82182220 1
793305314 1 794176597 1
216824766 1 217265058 1
27166535 1 27695343 1
247281865 1 247560508 1
725269757 1 726117630 1
299134494 1 299729731 1
26816206 1 27166529 1
473178079 1 473548112 1
707386206 1 707929736 1
341923822 1 342521516 1
542674819 1 542750260 1
597428220 1 598152453 1
132926472 1 133427788 1
660032784 1 660496146 1
454149282 1 454578076 1
441653061 1 442089805 1
676951298 1 677013034 1
199404377 1 199768108 1
656827267 1 657185554 1
103712964 1 104389637 1
264097471 1 264489007 1
265343224 1 265669813 1
330305301 1 331157503 1
708517985 1 709002022 1
720913688 1 721088476 1
409330853 1 410015677 1
749589937 1 750037626 1
513164079 1 513276178 1
924363588 1 924563053 1
568722939 1 568941286 1
894126451 1 894583669 1
73810167 1 73881116 1
609614604 1 609615380 1
69889466 1 70765983 1
281845681 1 281989328 1
52728347 1 53599215 1
625063659 1 625347007 1
118485717 1 118667942 1
901245520 1 901381316 1
138699170 1 138769968 1
861798721 1 862657133 1
465889422 1 466385065 1
129692553 1 130604560 1
93862007 1 94758980 1
182822968 1 183416711 1
580714988 1 581449555 1
10168176 1 10179032 1
6231643 1 6451727 1
27695348 1 28403132 1
791923045 1 791926422 1
8019470 1 8634539 1
713838937 1 714132631 1
839650302 1 840130924 1
742692816 1 742923431 1
351078081 1 351274923 1
351756534 1 352518364 1
90169483 1 90444167 1
720557735 1 720719981 1
570554864 1 570679851 1
225180398 1 225580037 1
861112787 1 861684697 1
843151237 1 843820078 1
49226818 1 49570977 1
585241646 1 585712524 1
408989690 1 409330851 1
120323601 1 120733927 1
92967342 1 93862005 1
766361786 1 766915315 1
142107333 1 142945358 1
17799056 1 18149851 1
100104683 1 100509163 1
546887628 1 547641488 1
786467722 1 787263348 1
576268782 1 576634965 1
41851844 1 42416093 1
706256895 1 707013586 1
33436609 1 33656841 1
290040625 1 290209849 1
682921331 1 683111682 1
109431734 1 110088730 1
58414192 1 59121775 1
154840015 1 155036944 1
783143220 1 784038532 1
348006493 1 348376715 1
54515122 1 55427413 1
739030173 1 739855946 1
827134413 1 827594670 1
592654036 1 593253119 1
632900683 1 633459833 1
444112500 1 444983507 1
617309789 1 617705128 1
385096266 1 385708681 1
81020876 1 81996652 1
790624062 1 790650186 1
435094930 1 435169285 1
51897849 1 52287331 1
251935938 1 252717715 1
457257514 1 457352474 1
385976970 1 386357607 1
233910911 1 234382299 1
739855947 1 740331283 1
532749307 1 533610450 1
616582431 1 617309787 1
255503808 1 255716393 1
514169340 1 514433478 1
425383627 1 425785376 1
335461515 1 336277926 1
316726951 1 316830093 1
300795389 1 301097912 1
252717719 1 253432795 1
316170745 1 316726947 1
122967936 1 123919729 1
141226638 1 141392036 1
269213436 1 269260062 1
166345680 1 166436198 1
226406430 1 226634304 1
463944597 1 464169406 1
746103157 1 746696515 1
719036500 1 719972770 1
187324348 1 188048107 1
637809412 1 638715276 1
865569551 1 865952973 1
762085885 1 762715675 1
514619832 1 514715679 1
550620877 1 551246680 1
141392037 1 141589337 1
607975622 1 608639348 1
864183306 1 865113491 1
821695442 1 822088822 1
141589340 1 141782395 1
301097914 1 301443434 1
6893970 1 7611303 1
617705134 1 617982814 1
842532266 1 843151231 1
708442365 1 708517984 1
351490627 1 351756530 1
899499741 1 899962463 1
62630039 1 63165877 1
387903654 1 388559535 1
676675609 1 676951297 1
765260354 1 765678912 1
569664461 1 570554861 1
427905691 1 427940298 1
699769328 1 699857795 1
31204362 1 31695310 1
67814084 1 68616930 1
487979040 1 488695657 1
471812911 1 472237015 1
37991659 1 38940297 1
575587247 1 576268776 1
861684702 1 861798717 1
810227054 1 811167208 1
380587182 1 381363967 1
826695595 1 827134410 1
562923943 1 562980197 1
36834986 1 37264463 1
9358913 1 10168170 1
440604895 1 441260491 1
631942830 1 632900677 1
152385576 1 153159828 1
167098156 1 167770989 1
91456065 1 92336066 1
385711556 1 385972728 1
124400036 1 124585434 1
603197495 1 603424522 1
459391028 1 459876411 1
241354118 1 242168494 1
591982084 1 592126579 1
374383363 1 375214577 1
489946315 1 490284861 1
787263354 1 788075423 1
136971125 1 137250887 1
245981676 1 246272021 1
491524982 1 492120446 1
64156637 1 64530860 1
115739999 1 115826562 1
609615386 1 609974187 1
560178683 1 560496903 1
670748309 1 671020003 1
434703801 1 435094929 1
509614417 1 510504685 1
694710744 1 694722421 1
430429896 1 430687952 1
233053944 1 233910908 1
73881117 1 74667385 1
735875623 1 735877685 1
902775480 1 903514999 1
732802562 1 732970747 1
652005189 1 652180170 1
531647656 1 532122465 1
775210086 1 776019779 1
711127211 1 712058957 1
121357566 1 121514119 1
388559537 1 388930072 1
930331570 1 930983454 1
355033266 1 355804245 1
149417121 1 149450259 1
92736106 1 92967336 1
594913660 1 594976797 1
535697114 1 536370527 1
868479354 1 868896439 1
717585245 1 717969557 1
479029753 1 479812070 1
915466234 1 915762834 1
870208796 1 870597162 1
560496906 1 560604488 1
322427530 1 323260530 1
307908802 1 308589733 1
702801912 1 703622978 1
926432597 1 926760623 1
361803812 1 362366216 1
219138395 1 219435830 1
21255821 1 21640734 1
614762219 1 615579553 1
478400543 1 478782708 1
473548118 1 474209329 1
556414415 1 556500220 1
12323647 1 13167188 1
459876414 1 459880253 1
679804991 1 680285873 1
863666014 1 864183301 1
63952748 1 64156632 1
132436225 1 132523855 1
868068346 1 868479353 1
848386354 1 848746991 1
287146542 1 287645223 1
910597833 1 911464877 1
407113950 1 407669505 1
188440822 1 188865929 1
686252406 1 686510155 1
317898329 1 318100412 1
626094640 1 626856206 1
833470877 1 834156538 1
648413693 1 648484969 1
512624181 1 513164077 1
186332202 1 187324343 1
334596506 1 334619090 1
748626040 1 749254598 1
97825621 1 98304848 1
623951221 1 624459732 1
545093277 1 545736425 1
417646497 1 418325042 1
738389588 1 738980011 1
875672371 1 876543794 1
293700936 1 294249885 1
329985674 1 330305297 1
750985243 1 751148433 1
28403135 1 29043339 1
77849386 1 78191546 1
879966682 1 880788148 1
571725607 1 571899895 1
849326702 1 850293053 1
672240535 1 672924000 1
831812014 1 832542528 1
30102403 1 30308652 1
340989975 1 341207331 1
462188188 1 462957173 1
324893737 1 325820279 1
314324510 1 314655429 1
449062465 1 449603842 1
923631341 1 924363585 1
396485956 1 397148546 1
96989633 1 97825620 1
344544455 1 344582277 1
408758979 1 408823971 1
392336426 1 393193292 1
599139944 1 599252536 1
918451446 1 918999940 1
514728757 1 515587262 1
29621159 1 29644754 1
479812072 1 480266088 1
641759104 1 642073732 1
704249280 1 704497868 1
403309382 1 404001889 1
495664968 1 496472683 1
577422046 1 577847903 1
513276183 1 514169335 1
906360636 1 907030062 1
342521518 1 343164625 1
222581286 1 222666734 1
863188732 1 863666013 1
170064253 1 170855499 1
753063119 1 753399335 1
318439208 1 319235721 1
712749198 1 713693571 1
624459738 1 624812238 1
600999114 1 601332759 1
639212519 1 639406990 1
803477324 1 804125735 1
709814873 1 710333327 1
904919221 1 905788246 1
916778630 1 917716118 1
678394509 1 679116223 1
199768110 1 200634155 1
702245292 1 702801908 1
68616935 1 68748254 1
367370290 1 368143933 1
501853680 1 502203512 1
95438957 1 95808077 1
359515592 1 359542688 1
410642812 1 410841276 1
385708685 1 385711552 1
818374436 1 818697508 1
61314806 1 62212178 1
325820285 1 326641963 1
427940300 1 428248624 1
542038773 1 542674814 1
834836105 1 835188258 1
47038467 1 47617691 1
620468983 1 621464819 1
921258366 1 921429711 1
145890348 1 146092148 1
203789099 1 204324674 1
751148437 1 751853658 1
840463011 1 841432906 1
51897286 1 51897846 1
158601311 1 159198732 1
408003780 1 408758973 1
76895354 1 77178175 1
474987860 1 475091630 1
272703916 1 273682915 1
486304794 1 487079561 1
406062647 1 406418556 1
518550935 1 519125342 1
420959124 1 420987519 1
145462139 1 145890343 1
243530590 1 244453941 1
698461549 1 698972985 1
862657139 1 863188730 1
801038244 1 801369036 1
380547031 1 380587179 1
101270700 1 101754756 1
78191548 1 78880726 1
423379489 1 424175128 1
292521990 1 293517872 1
499462011 1 499835708 1
699857801 1 700187246 1
489207753 1 489946312 1
375924782 1 375976426 1
290998526 1 291915696 1
539896151 1 540260348 1
143709398 1 144592482 1
243402184 1 243530586 1
488695658 1 489103648 1
406418558 1 406419923 1
204920756 1 205848321 1
312590110 1 313010051 1
769483992 1 770390209 1
256566932 1 257358747 1
100509168 1 101270694 1
119870520 1 120323597 1
146912811 1 147640741 1
49570983 1 50213163 1
635722868 1 636056218 1
398378454 1 399006221 1
229151776 1 229339150 1
669812556 1 670029024 1
780290601 1 780311594 1
180353664 1 180456366 1
331742477 1 332397765 1
35583825 1 35997633 1
453365868 1 454149280 1
795471274 1 796085971 1
151708647 1 152385570 1
806060431 1 806861594 1
455427288 1 456088149 1
568374813 1 568722938 1
155036948 1 155971203 1
858150937 1 858752986 1
140163649 1 140494294 1
745141474 1 745973600 1
688182333 1 688906616 1
110088734 1 110316819 1
514433480 1 514619830 1
83481344 1 84287875 1
64530863 1 64919879 1
549821414 1 550620874 1
217460778 1 218107573 1
854000415 1 854956402 1
271095113 1 271392442 1
664349452 1 664403860 1
790650192 1 791207139 1
770813806 1 770866228 1
829044863 1 829846155 1
129466437 1 129692547 1
433438932 1 433981605 1
869143837 1 869385582 1
365318828 1 365361594 1
616258198 1 616582426 1
796385922 1 796400478 1
270748049 1 271095110 1
26293890 1 26816200 1
90908476 1 91456060 1
79841912 1 80375276 1
360495146 1 361123502 1
121514120 1 121799080 1
559816925 1 560178682 1
619762770 1 619903062 1
684688480 1 685620749 1
919795933 1 919927502 1
545736426 1 546081236 1
899962469 1 900517335 1
85646033 1 86561103 1
171444582 1 172328820 1
96653834 1 96989627 1
920623894 1 921167874 1
161188767 1 162099156 1
287749188 1 288678441 1
886621317 1 887501620 1
420012222 1 420253561 1
274186433 1 274512839 1
452095868 1 452478684 1
773457120 1 773985720 1
181406779 1 182140086 1
228467490 1 229151774 1
929332796 1 930167769 1
808515986 1 809146544 1
320696296 1 320787059 1
692278431 1 692993068 1
68748259 1 69718275 1
141782399 1 142016963 1
285737471 1 286019905 1
643999080 1 644039121 1
609974191 1 609997347 1
153159834 1 154008432 1
458864259 1 459294118 1
852819880 1 853202376 1
799654179 1 799714117 1
541531832 1 541681670 1
111212374 1 111427889 1
137250893 1 137416040 1
912620909 1 913496972 1
909178850 1 910154378 1
104389642 1 105305556 1
586457201 1 586979904 1
448275215 1 449062460 1
386357611 1 387032202 1
250689839 1 251343687 1
306354509 1 306431024 1
625459443 1 626094639 1
581449556 1 582439725 1
412449255 1 412908707 1
483376427 1 483469484 1
370241063 1 370906451 1
37823830 1 37991655 1
29677166 1 29861220 1
274765532 1 274903950 1
653891169 1 653987611 1
72541612 1 73205110 1
249641974 1 250054118 1
280811820 1 281092699 1
139664320 1 140163645 1
22844726 1 23394705 1
457352479 1 457912556 1
250054120 1 250689837 1
24827364 1 25652920 1
539456362 1 539896145 1
193024209 1 193785606 1
629577605 1 630250709 1
617982818 1 618173737 1
319235722 1 319775105 1
174196051 1 175101233 1
900517338 1 901206780 1
402701885 1 403296473 1
461811844 1 462188185 1
176876402 1 176876896 1
812135835 1 812913062 1
114676378 1 114796300 1
816403658 1 816408273 1
200634158 1 201174462 1
20353150 1 20978849 1
15295454 1 15959588 1
1265874 1 1706284 1
912380542 1 912478080 1
888625042 1 889195291 1
176876902 1 177099838 1
888495643 1 888625037 1
805123830 1 805232874 1
703622982 1 704092122 1
520776960 1 521372930 1
721829332 1 722508099 1
419222289 1 419661974 1
157168466 1 157466957 1
364706712 1 365318824 1
928476013 1 929332790 1
482421914 1 482804305 1
856072608 1 856997279 1
246272027 1 246944430 1
147640742 1 147837638 1
474614172 1 474987859 1
53599220 1 54470077 1
603424524 1 603594793 1
515587268 1 515700419 1
416126279 1 416480050 1
184176751 1 185081897 1
430687956 1 430719768 1
737622636 1 738389583 1
232291134 1 232896349 1
511301806 1 512248992 1
814520135 1 814837677 1
521372931 1 521734242 1
86855640 1 87013526 1
558644449 1 559596584 1
388930075 1 389323357 1
765678915 1 766361782 1
852428726 1 852819874 1
286580684 1 286822182 1
193785608 1 194614159 1
674235847 1 674770383 1
267033046 1 267579950 1
55473212 1 55951588 1
639406993 1 640401940 1
169660692 1 170064249 1
390942776 1 391028043 1
505788814 1 506173979 1
742421069 1 742692814 1
122234282 1 122240462 1
394143468 1 395060373 1
76299247 1 76895352 1
173862198 1 174196049 1
567308105 1 568054541 1
883152950 1 883988696 1
764511625 1 764677010 1
688906622 1 689475963 1
201871514 1 202642822 1
791926427 1 792436238 1
845909262 1 846901656 1
300135877 1 300795386 1
565264253 1 565696074 1
442853994 1 443226538 1
500162237 1 500908681 1
10179033 1 11151573 1
565696077 1 566140119 1
303890255 1 304053926 1
653255148 1 653891166 1
728803724 1 729086762 1
271392443 1 271663547 1
697986165 1 698461543 1
462957176 1 463944595 1
796085975 1 796385917 1
247886341 1 248832287 1
758173573 1 758847616 1
592126584 1 592654034 1
73205113 1 73810165 1
649474322 1 650126451 1
690429012 1 691011169 1
294249890 1 294899280 1
136193576 1 136971119 1
408823973 1 408989689 1
497284401 1 497380252 1
349684686 1 350113059 1
291915700 1 292521985 1
859213004 1 859228634 1
101754761 1 101838902 1
384089310 1 384478329 1
807714823 1 807800623 1
276629256 1 277576574 1
564303184 1 564970482 1
124691172 1 125622627 1
740331288 1 741181723 1
466385068 1 467197274 1
704123507 1 704249277 1
916439714 1 916778626 1
608639352 1 608945055 1
772066087 1 772892241 1
11307889 1 12242745 1
646956656 1 646984411 1
671020005 1 671938534 1
527845207 1 528370155 1
337230404 1 338047815 1
642966121 1 643542840 1
238363668 1 238473210 1
767562663 1 767833696 1
738980012 1 739030167 1
464169407 1 464433383 1
820030833 1 820815329 1
533937472 1 534572243 1
62212179 1 62508007 1
156960300 1 157168460 1
439010053 1 439750353 1
869385584 1 870208793 1
237819010 1 238363665 1
650622021 1 650814520 1
897205777 1 898151874 1
566140121 1 566871575 1
307364313 1 307908800 1
733432777 1 733455818 1
214135606 1 214184905 1
757473222 1 758173572 1
485402924 1 486304789 1
198722503 1 199167723 1
110316825 1 111212370 1
789487414 1 790398241 1
717532427 1 717585240 1
908221027 1 908989235 1
497701121 1 498567232 1
616092453 1 616258192 1
764677012 1 764918213 1
847636332 1 848386353 1
150955301 1 151599737 1
692993069 1 693983960 1
179568962 1 180353410 1
243090829 1 243402180 1
8634544 1 9358909 1
797722298 1 798351938 1
258832568 1 259404128 1
826106355 1 826627636 1
618173739 1 618723444 1
879074005 1 879966681 1
142945363 1 143709393 1
255716396 1 256566931 1
809146550 1 809909255 1
29339239 1 29402898 1
921803749 1 922222862 1
660496148 1 661268746 1
572777460 1 573566095 1
834479142 1 834836100 1
430719770 1 431622506 1
212332126 1 212873788 1
221600963 1 221603794 1
240716174 1 241354117 1
354079536 1 354465408 1
37264469 1 37823828 1
296884211 1 297518088 1
610511918 1 610650634 1
244788448 1 245156376 1
691011174 1 691522468 1
491059011 1 491524980 1
78880732 1 79162650 1
99270159 1 99310094 1
483469488 1 484132905 1
638715282 1 639144206 1
416722744 1 417646492 1
240257739 1 240716168 1
710956729 1 711127205 1
284095316 1 284299010 1
526082305 1 526848558 1
553540537 1 554519642 1
108375211 1 108808945 1
59923134 1 60482574 1
747802378 1 748078929 1
671955880 1 672240533 1
503496577 1 504459833 1
809909261 1 810227052 1
824079720 1 824710648 1
438387510 1 439010047 1
763024733 1 763686574 1
538643933 1 539150338 1
154008435 1 154840013 1
635607179 1 635722863 1
366480488 1 367370288 1
105305557 1 105982417 1
891849407 1 892043953 1
469279051 1 469389473 1
901381320 1 902212014 1
219076003 1 219138392 1
514715681 1 514728755 1
407669509 1 408003776 1
730288338 1 730503473 1
671938535 1 671955874 1
126558645 1 126974122 1
75269748 1 76220512 1
686510159 1 686573387 1
774721653 1 775210084 1
31695312 1 31884655 1
55951594 1 56696257 1
251343689 1 251935936 1
117316940 1 117543521 1
273682919 1 273912172 1
149791536 1 150277357 1
332694589 1 333400279 1
796400482 1 796466406 1
695662088 1 695774620 1
315852255 1 316170742 1
384478331 1 385096261 1
175707272 1 175875358 1
598152456 1 599139942 1
234563276 1 234962879 1
375603884 1 375924781 1
305350474 1 305989568 1
640401945 1 641146141 1
349152051 1 349684680 1
389740800 1 389998757 1
197890066 1 198633400 1
16369420 1 16401365 1
209068860 1 209282415 1
400649063 1 401124744 1
571899900 1 572487724 1
908989240 1 909178849 1
331157506 1 331742476 1
410272218 1 410642806 1
682255206 1 682921326 1
51169718 1 51897282 1
168617343 1 168619620 1
601584263 1 601987375 1
126136521 1 126558641 1
817551943 1 818374435 1
707929739 1 708442362 1
722650488 1 723294683 1
365706005 1 366480485 1
385972734 1 385976967 1
159699607 1 160372504 1
209282417 1 209354729 1
94830641 1 95438954 1
357113658 1 357968002 1
319778751 1 320302122 1
309664685 1 309685416 1
677013039 1 677441622 1
260220571 1 260542458 1
180353415 1 180353659 1
375214583 1 375603882 1
127207627 1 127875929 1
657985669 1 658020424 1
263732333 1 264097468 1
915902569 1 916439713 1
40617178 1 41041511 1
577847905 1 578001615 1
88679440 1 89596476 1
235624561 1 235990585 1
259404131 1 259800102 1
744275018 1 744491105 1
751853663 1 752733615 1
268366006 1 268814731 1
309685420 1 309824664 1
362366220 1 362889393 1
546604045 1 546887623 1
754392369 1 755330934 1
650814521 1 650887060 1
400056914 1 400649060 1
561601105 1 561955551 1
732970752 1 733432775 1
604877808 1 605300812 1
506173983 1 506788310 1
912478085 1 912620906 1
47846239 1 48766973 1
850293055 1 850830180 1
219732628 1 220659861 1
172328823 1 172790292 1
580230676 1 580714987 1
144592488 1 145462133 1
612985402 1 613209660 1
838825987 1 839650296 1
663019356 1 663921934 1
286459159 1 286580679 1
686573390 1 687377020 1
74667386 1 75071868 1
904222196 1 904919219 1
404991953 1 405246511 1
758847620 1 759151963 1
830996695 1 831174701 1
922222863 1 922778016 1
215169309 1 215944032 1
877037610 1 877792688 1
653987612 1 654916294 1
822088823 1 822819005 1
345071950 1 345668811 1
680659963 1 681036243 1
44188080 1 44621922 1
522651157 1 523587985 1
489103649 1 489207749 1
828818696 1 829044858 1
137416044 1 138220481 1
134496202 1 135423751 1
780311600 1 781246269 1
114796302 1 115739993 1
687377025 1 687449973 1
643542846 1 643999077 1
129453859 1 129466435 1
482036821 1 482421912 1
238473212 1 239358385 1
52287337 1 52728342 1
82864413 1 83481342 1
139616402 1 139664314 1
885629947 1 886621314 1
14549484 1 15295452 1
405246515 1 405350430 1
170855503 1 171444577 1
626964100 1 627182219 1
185668981 1 185670738 1
257977080 1 258226322 1
588505538 1 589056817 1
11151579 1 11307888 1
431622508 1 432243057 1
824710649 1 825204586 1
799870037 1 800041987 1
348376716 1 349152048 1
516639164 1 517217085 1
227629922 1 228467488 1
814837681 1 815756583 1
784891150 1 785094558 1
270530626 1 270748048 1
321414277 1 322408386 1
287000096 1 287146537 1
524946563 1 525697101 1
189275768 1 190134992 1
826627638 1 826695593 1
878230010 1 879074004 1
88494446 1 88679435 1
406419929 1 407113944 1
317515512 1 317898325 1
67372060 1 67814080 1
353300200 1 354079533 1
494690446 1 495664965 1
449603844 1 450282774 1
714242532 1 714537278 1
705551204 1 706256894 1
770390210 1 770578626 1
412976720 1 413643215 1
206683229 1 206937808 1
428248628 1 429142795 1
582439728 1 582477248 1
668017766 1 668199569 1
131628906 1 132436221 1
865113494 1 865185395 1
364022268 1 364107151 1
699304195 1 699769325 1
496472688 1 497284395 1
190134997 1 190401875 1
492120450 1 492869161 1
713693572 1 713838935 1
391028044 1 391139268 1
439750359 1 440387467 1
636464639 1 636933154 1
918999945 1 919795929 1
277576579 1 278424466 1
539150343 1 539456359 1
584227214 1 584444685 1
930167773 1 930298831 1
281738323 1 281845675 1
689475965 1 690112818 1
723294684 1 724126582 1
776019785 1 776400925 1
211633917 1 212332121 1
664403864 1 664898410 1
536370532 1 537344465 1
853202378 1 854000414 1
87013532 1 87158648 1
183622905 1 184176748 1
859228636 1 860119834 1
435169290 1 435467805 1
258226325 1 258832566 1
650274272 1 650541341 1
784496658 1 784511464 1
776400930 1 776432257 1
295732289 1 295775926 1
729086766 1 729362277 1
23394709 1 23593097 1
710333329 1 710956726 1
393834110 1 394143464 1
665702018 1 666126820 1
714537281 1 714723397 1
772024096 1 772066085 1
149450264 1 149791533 1
3144126 1 3149534 1
542750263 1 543712969 1
106627721 1 107171599 1
460888567 1 461305765 1
619380971 1 619762769 1
363025149 1 363272904 1
903515002 1 903529234 1
229339152 1 230119303 1
814218453 1 814520132 1
320798916 1 321414274 1
438235746 1 438387504 1
399006223 1 399528920 1
391139270 1 391782760 1
126974127 1 127207621 1
286822183 1 287000093 1
15959594 1 16369416 1
490421189 1 491059007 1
756868468 1 757473221 1
327507379 1 328443617 1
196117618 1 197031085 1
717969563 1 718113259 1
646984413 1 647640543 1
593262123 1 594058737 1
760121884 1 760306433 1
786114172 1 786229644 1
42416099 1 43379594 1
589056821 1 589099223 1
741181728 1 741941290 1
314655432 1 315336229 1
336277932 1 337230398 1
615579558 1 616092448 1
800041993 1 801038240 1
323260531 1 324140760 1
568941288 1 569664457 1
562315311 1 562684740 1
33392904 1 33436603 1
435816504 1 436432787 1
914433198 1 914862855 1
754157228 1 754392364 1
750037631 1 750985241 1
230387695 1 231270755 1
721088482 1 721829326 1
45241058 1 46103041 1
185670744 1 186332197 1
168827468 1 169660689 1
354465410 1 355033264 1
564970487 1 565264250 1
162099159 1 163083371 1
12242747 1 12323645 1
147837642 1 148647420 1
450282776 1 450605161 1
547910937 1 548881841 1
469389474 1 469416469 1
681036248 1 681293247 1
164060013 1 164772984 1
474613262 1 474614168 1
633459834 1 634108979 1
111427895 1 112341695 1
841432912 1 841684107 1
877792692 1 878230006 1
272574897 1 272703910 1
925584573 1 925767350 1
921429713 1 921803744 1
290209851 1 290998525 1
477656557 1 478260875 1
781246271 1 781745381 1
930298833 1 930331564 1
198633404 1 198722497 1
558258249 1 558568325 1
175996927 1 176509096 1
850876725 1 851867361 1
379857032 1 379892432 1
841684109 1 842532265 1
562980201 1 563060049 1
40473989 1 40617175 1
92336067 1 92736104 1
362889394 1 363025143 1
760995035 1 761455854 1
253814464 1 254777303 1
1736237 1 2234912 1
235581845 1 235617447 1
21640740 1 21964323 1
401202103 1 401569313 1
363272906 1 364022263 1
611849807 1 612126116 1
446799293 1 447057494 1
116454284 1 116539539 1
239358390 1 239841446 1
639144208 1 639212516 1
590045514 1 590976327 1
131084406 1 131564308 1
263223659 1 263732329 1
413643219 1 414524004 1
370906457 1 371770869 1
566935031 1 567308100 1
24701850 1 24827361 1
328443622 1 329006079 1
877015201 1 877037607 1
585712528 1 586457197 1
824017291 1 824079714 1
172790298 1 173202125 1
561516416 1 561601100 1
784511470 1 784891146 1
755330939 1 756265831 1
788128299 1 788336999 1
607527919 1 607542497 1
603594799 1 604476039 1
357968004 1 358791550 1
283847642 1 284095312 1
572487729 1 572777457 1
284299013 1 284620444 1
265265209 1 265343221 1
247164960 1 247281863 1
546421878 1 546604043 1
586979907 1 587177108 1
419661977 1 419712830 1
799714119 1 799870032 1
785094560 1 785473485 1
923504122 1 923631335 1
51110441 1 51169712 1
794696019 1 795471272 1
397148552 1 397899496 1
732169848 1 732802561 1
43379599 1 43926508 1
306431030 1 306724840 1
115826565 1 116454279 1
306724841 1 307364311 1
222666737 1 223271239 1
493433644 1 493849057 1
301443437 1 302417447 1
71991072 1 72164551 1
403296475 1 403309376 1
921167876 1 921258360 1
595984236 1 596292802 1
420987520 1 421811330 1
907141223 1 908076131 1
770866233 1 771021323 1
339158241 1 340144411 1
774061723 1 774346803 1
742923432 1 743416810 1
235990591 1 236408596 1
424385928 1 425383626 1
779191677 1 779462190 1
211076292 1 211633916 1
50213168 1 51110437 1
456635839 1 457257511 1
548881843 1 549097408 1
159198735 1 159263497 1
676010185 1 676675604 1
746696521 1 747080061 1
716956848 1 717532426 1
280009628 1 280811817 1
136001883 1 136193574 1
925363708 1 925584567 1
183416713 1 183622903 1
556500224 1 557282040 1
771493886 1 771562588 1
675534604 1 676010179 1
237466868 1 237819005 1
226634305 1 227629916 1
714723403 1 715302206 1
917716119 1 918451445 1
146092151 1 146574584 1
502702931 1 503496576 1
684207516 1 684688475 1
365487585 1 365706004 1
255148715 1 255503804 1
883988697 1 884882984 1
197625230 1 197890061 1
595258940 1 595984231 1
876543796 1 876754997 1
209814642 1 210739639 1
698972988 1 699304192 1
715302211 1 716157296 1
355804250 1 356514567 1
908076136 1 908221023 1
64919880 1 65538838 1
63165878 1 63952743 1
199167729 1 199404374 1
549658146 1 549821410 1
857848126 1 858150935 1
472818403 1 473178075 1
405350434 1 406062641 1
437996777 1 438134459 1
693983966 1 694710739 1
90444172 1 90908475 1
907030063 1 907141217 1
393193293 1 393834106 1
748078930 1 748626039 1
87534136 1 88494444 1
771757211 1 772024092 1
871309020 1 871566156 1
736523051 1 737059316 1
7611309 1 7864829 1
492879332 1 493433640 1
236408598 1 236584943 1
855080350 1 856072605 1
661268752 1 661799301 1
848746994 1 849326696 1
781745384 1 782273515 1
716157300 1 716538934 1
611215894 1 611849802 1
295775927 1 296079846 1
764918217 1 765260350 1
541681674 1 542038767 1
6451732 1 6893966 1
890909412 1 891780239 1
177099839 1 177918113 1
2 1 680947 1
84784519 1 85646032 1
898151875 1 899098824 1
744664068 1 745141468 1
191419768 1 192108740 1
893180060 1 894126445 1
576634970 1 577422043 1
690247600 1 690429006 1
759151964 1 760121883 1
295577090 1 295732286 1
646399866 1 646956651 1
316830095 1 317381727 1
95808083 1 96653830 1
525697106 1 525874561 1
151599743 1 151708645 1
774346804 1 774721652 1
368824395 1 369513281 1
119112833 1 119870515 1
244453947 1 244788446 1
644262662 1 644785438 1
59121779 1 59923131 1
613209665 1 613610413 1
215944034 1 216636158 1
391782763 1 392336422 1
614593445 1 614605201 1
658317424 1 658870218 1
845508011 1 845909259 1
234962883 1 235581842 1
560604490 1 561516412 1
885191372 1 885629943 1
582580470 1 582941884 1
818697509 1 819191092 1
736107902 1 736523050 1
582941885 1 583168990 1
558568329 1 558644443 1
287645227 1 287749185 1
99151163 1 99270158 1
868896440 1 869143833 1
274512843 1 274765529 1
658270951 1 658317422 1
761455859 1 762085883 1
35997635 1 36834982 1
182140088 1 182822967 1
690112819 1 690247599 1
709002024 1 709088334 1
665585991 1 665702012 1
547793201 1 547910933 1
831174707 1 831467282 1
599252541 1 599883310 1
107171604 1 108038872 1
334619095 1 335461511 1
361123506 1 361803810 1
480775226 1 481202236 1
419712835 1 420012218 1
786229646 1 786467721 1
218107574 1 219076000 1
271948205 1 272419829 1
253432799 1 253814459 1
730803830 1 731349954 1
836120618 1 836335664 1
319775106 1 319778745 1
760306437 1 760995034 1
731349959 1 731601576 1
39858017 1 40415754 1
48766974 1 49226812 1
727964148 1 728803719 1
891780241 1 891849403 1
630250713 1 630983429 1
231450547 1 231639778 1
911464883 1 912372369 1
730503478 1 730803829 1
279747826 1 280009625 1
870830992 1 871309017 1
17251093 1 17799052 1
309074555 1 309664684 1
295140941 1 295533823 1
320787063 1 320798914 1
261982949 1 262733401 1
892969433 1 893180054 1
785473491 1 786114171 1
796466411 1 797432552 1
579522653 1 580230672 1
212873790 1 213355981 1
369513282 1 370241062 1
304423663 1 304504439 1
820815333 1 821695439 1
148647424 1 148742734 1
224094530 1 224109016 1
372675275 1 373363427 1
829846160 1 830312739 1
919927507 1 920623888 1
23593100 1 24243441 1
351274927 1 351490625 1
931256197 1 931941954 1
457912559 1 458864258 1
380199238 1 380547029 1
872336133 1 872895419 1
140494298 1 141226637 1
799404291 1 799654174 1
636933160 1 637809411 1
696923333 1 697121484 1
418331116 1 419222286 1
582477252 1 582580469 1
672924001 1 673750923 1
741941291 1 742421064 1
520557581 1 520776954 1
142016968 1 142107329 1
46103045 1 47038463 1
105982418 1 106627720 1
589099226 1 590045512 1
278424472 1 279206781 1
281989329 1 282988542 1
379058592 1 379857029 1
173202127 1 173862194 1
424175131 1 424385925 1
465141930 1 465889416 1
811167214 1 812135834 1
593253120 1 593262119 1
720719982 1 720913684 1
192599816 1 193024203 1
731601582 1 732169842 1
433115775 1 433438927 1
195391984 1 196117617 1
766915319 1 767153992 1
591242127 1 591817682 1
529156632 1 529571988 1
239841452 1 240257733 1
410015679 1 410272212 1
160372510 1 161188763 1
650126452 1 650274271 1
112341701 1 113068654 1
543712972 1 544283717 1
763686579 1 764511621 1
19078875 1 19879097 1
629154229 1 629577603 1
828663355 1 828818690 1
356514571 1 357113655 1
313010054 1 313626394 1
533610452 1 533937470 1
33656846 1 34351716 1
583168995 1 583492740 1
519606177 1 519949341 1
121799081 1 122234277 1
219435833 1 219732622 1
663921936 1 664349447 1
130604562 1 130714873 1
225580038 1 226406424 1
79162654 1 79549524 1
521734245 1 522651151 1
382275536 1 382953770 1
624812244 1 625063655 1
590976333 1 591242123 1
597147358 1 597428218 1
899098830 1 899499737 1
235617450 1 235624559 1
510504687 1 511301802 1
578346283 1 579306628 1
254777309 1 255148709 1
674770384 1 675534602 1
837899697 1 838825985 1
402367141 1 402701882 1
776831240 1 777796231 1
884882988 1 885191366 1
677441624 1 678205369 1
587177109 1 587311936 1
455306864 1 455427285 1
412908710 1 412976716 1
29402902 1 29621155 1
583492744 1 584227210 1
563060051 1 563912343 1
133427791 1 133963618 1
204324675 1 204522024 1
261562474 1 261982943 1
762715679 1 763024731 1
726769459 1 726945058 1
371770871 1 372675271 1
124585438 1 124691170 1
718113265 1 719036497 1
707265057 1 707386200 1
701522826 1 702245287 1
213355984 1 214135604 1
197031091 1 197625226 1
376537941 1 377402114 1
551740539 1 552606062 1
712058958 1 712749197 1
478260876 1 478400541 1
260760626 1 261562469 1
563912346 1 564303183 1
537344466 1 537737949 1
383835236 1 384089308 1
66961820 1 67372055 1
3799603 1 4585288 1
724645524 1 725269754 1
157466958 1 157635244 1
459294121 1 459391023 1
823022317 1 823667604 1
716538939 1 716956843 1
25652924 1 25662959 1
697121487 1 697986160 1
332397769 1 332694587 1
492869167 1 492879328 1
410841277 1 411099159 1
520384539 1 520557579 1
874393415 1 875213211 1
76232711 1 76299242 1
659536020 1 660032781 1
649089732 1 649474316 1
32618492 1 33392900 1
445847127 1 446799291 1
377402115 1 377993676 1
296079852 1 296728599 1
901206784 1 901245519 1
594058742 1 594913659 1
658870223 1 659536015 1
352518366 1 353300196 1
812913064 1 813486067 1
387032208 1 387857806 1
125911253 1 126136518 1
540745827 1 541531827 1
752733620 1 753063117 1
530963008 1 531647654 1
192108742 1 192400095 1
481202241 1 481821209 1
475825099 1 476358521 1
7864835 1 8019464 1
594976803 1 595258939 1
804125737 1 804864536 1
438134460 1 438235743 1
418325045 1 418331114 1
116539543 1 117316935 1
534812959 1 535497188 1
450605166 1 451276689 1
526848559 1 527845202 1
915284765 1 915466229 1
120733930 1 120819179 1
397899502 1 398378453 1
86561109 1 86855634 1
704497874 1 705285202 1
504459839 1 505035070 1
469416471 1 469637003 1
537737954 1 538643930 1
517821159 1 518483117 1
924563054 1 925363706 1
487344119 1 487979037 1
623646119 1 623951215 1
118667946 1 119112827 1
680948 1 1265871 1
835188262 1 836120617 1
912372375 1 912380541 1
452663004 1 452911741 1
502203516 1 502702930 1
872895423 1 873790762 1
623238254 1 623646117 1
150676809 1 150955298 1
44904104 1 45241052 1
201174465 1 201871510 1
896606315 1 896609045 1
524512226 1 524946559 1
544662789 1 545093272 1
329006085 1 329985670 1
823980881 1 824017285 1
584444691 1 585241641 1
509138775 1 509614416 1
401569314 1 402367135 1
382036054 1 382275533 1
221603796 1 222581283 1
260542459 1 260760620 1
272419830 1 272574893 1
29644760 1 29677165 1
661799307 1 662789333 1
265669816 1 266201845 1
20978855 1 21255819 1
269643923 1 270359028 1
505035071 1 505207079 1
273912177 1 274186429 1
644039125 1 644262660 1
525874565 1 526023650 1
395060377 1 395811579 1
76220516 1 76232709 1
777796235 1 778647412 1
468055695 1 468439440 1
298165684 1 298287278 1
607694282 1 607975619 1
138769969 1 139616397 1
801490762 1 801771449 1
467197277 1 468055691 1
66220010 1 66961816 1
771021325 1 771493884 1
493849063 1 494690443 1
315336233 1 315852249 1
455022948 1 455306859 1
411099160 1 411227105 1
890243387 1 890399353 1
305989573 1 306230390 1
828050279 1 828599419 1
475091632 1 475825098 1
447057496 1 447430615 1
926760629 1 927743388 1
687449975 1 688182330 1
856997284 1 857554233 1
350113060 1 351078080 1
125622630 1 125911251 1
806861600 1 807714822 1
484132908 1 485080370 1
602607546 1 603197489 1
296728601 1 296884205 1
207966026 1 208300907 1
333948249 1 334596505 1
805232877 1 806060425 1
245156379 1 245981671 1
745973604 1 746103155 1
267579956 1 268366003 1
468439442 1 469279048 1
176509097 1 176876398 1
696362038 1 696923332 1
31884657 1 32618491 1
599883315 1 600626553 1
41041517 1 41851842 1
108038874 1 108375207 1
365361595 1 365487582 1
444983513 1 445673552 1
54470083 1 54515117 1
120819181 1 121357563 1
220659862 1 221600960 1
25662960 1 25979939 1
618723449 1 619380970 1
499835709 1 500162236 1
207217947 1 207966021 1
705285207 1 705551199 1
519125348 1 519606171 1
902212015 1 902775479 1
873790768 1 874024906 1
289418990 1 290040624 1
634108985 1 634167886 1
333400281 1 333948248 1
843820080 1 844772520 1
552606063 1 553540534 1
734182759 1 734698353 1
30308656 1 31204361 1
310919390 1 310948160 1
801771452 1 802564761 1
18149857 1 19078872 1
836335669 1 837296076 1
395811581 1 396485955 1
320302124 1 320696292 1
557282045 1 557375774 1
903529236 1 904222190 1
389323362 1 389740798 1
673750928 1 674235844 1
749254604 1 749589934 1
34351722 1 34973906 1
43926510 1 44188078 1
534572249 1 534812957 1
469637006 1 470293374 1
895545201 1 895815398 1
279206785 1 279747825 1
411227111 1 412224115 1
914862859 1 915284759 1
84287878 1 84784515 1
150277361 1 150584723 1
231270759 1 231450545 1
294899284 1 295140936 1
190401881 1 190516566 1
113068659 1 114061133 1
801369042 1 801490761 1
913496975 1 914433193 1
858752990 1 859212998 1
808032789 1 808515984 1
487121766 1 487344113 1
694722427 1 695300351 1
507782922 1 508187561 1
29043342 1 29339235 1
284620445 1 285348740 1
819191093 1 820030829 1
310948165 1 311849484 1
854956403 1 855080348 1
25979945 1 26293885 1
559596587 1 559816920 1
311849488 1 312590104 1
500908683 1 501853674 1
481821213 1 482036819 1
894583673 1 895315439 1
607542501 1 607694277 1
881504510 1 882416137 1
206937812 1 207217943 1
416480054 1 416722743 1
925767355 1 926432593 1
433981610 1 434703800 1
122240468 1 122967931 1
21964324 1 22844722 1
204522029 1 204595548 1
910154379 1 910597829 1
82182221 1 82580374 1
815756589 1 816403657 1
1706286 1 1736232 1
368143934 1 368824392 1
180538917 1 181359475 1
650887061 1 651161666 1
310119940 1 310919384 1
506788313 1 507782916 1
612126120 1 612985399 1
554519644 1 555427015 1
834156543 1 834479141 1
727514770 1 727964143 1
338296095 1 339158240 1
905788248 1 906360635 1
135423755 1 136001882 1
655951919 1 656031950 1
464433388 1 465141929 1
34973907 1 35583821 1
295533826 1 295577089 1
19879099 1 20353147 1
579455669 1 579522651 1
634908360 1 635607174 1
497380258 1 497701115 1
234382303 1 234563270 1
779462196 1 780290599 1
56696262 1 57657883 1
177918117 1 178333371 1
188048110 1 188440817 1
364354300 1 364706709 1
322408387 1 322427525 1
642073734 1 642966116 1
304053930 1 304285859 1
871566158 1 872336130 1
318100416 1 318170444 1
82580380 1 82864408 1
167770991 1 168617337 1
3149535 1 3799601 1
707013590 1 707265052 1
722508100 1 722650487 1
799280885 1 799404285 1
442089811 1 442853993 1
324140766 1 324893736 1
452911742 1 453365864 1
644785444 1 645678161 1
828599420 1 828663354 1
791207143 1 791923043 1
651161672 1 651751861 1
264489012 1 265265207 1
344905754 1 345071947 1
232896351 1 233053939 1
645933534 1 646399864 1
734698356 1 735369300 1
285348742 1 285737468 1
579306629 1 579455663 1
470293377 1 471038027 1
620241795 1 620468977 1
656031955 1 656827262 1
562684742 1 562923941 1
792740363 1 793305312 1
704092125 1 704123506 1
837296082 1 837899693 1
626856209 1 626964099 1
157635248 1 158601307 1
508187563 1 509138771 1
833295544 1 833470871 1
304504440 1 305350470 1
72164554 1 72541610 1
692145200 1 692278429 1
784038537 1 784496655 1
472237020 1 472818402 1
178333373 1 179074768 1
772892247 1 773457119 1
482804306 1 483376421 1
155971207 1 156960297 1
217265059 1 217460774 1
540570863 1 540745822 1
678205375 1 678394504 1
248832293 1 249641973 1
535497191 1 535697111 1
175875361 1 175996925 1
257358752 1 257977075 1
387857811 1 387903648 1
98304853 1 99151161 1
729362282 1 730288336 1
691522473 1 692145198 1
930983459 1 931256191 1
619903067 1 620241792 1
133963619 1 134496199 1
517624249 1 517821156 1
131564311 1 131628903 1
714132637 1 714242530 1
179074771 1 179289876 1
767833701 1 768655462 1
242168497 1 243090824 1
490284862 1 490421187 1
379892436 1 380199237 1
246944432 1 247164954 1
887501624 1 888495637 1
421811335 1 421905594 1
655526676 1 655951913 1
426007601 1 426435744 1
830312740 1 830996690 1
461305767 1 461811842 1
647640547 1 648413688 1
426496502 1 427110308 1
685620751 1 686252404 1
308769588 1 309074553 1
895815400 1 896606314 1
865185398 1 865569546 1
271663551 1 271948203 1
774038735 1 774061719 1
654916298 1 655526672 1
128619013 1 129453853 1
216636159 1 216824760 1
275892839 1 276629252 1
803095994 1 803477322 1
652304174 1 653255142 1
610650636 1 611215893 1
208300913 1 209068855 1
889195294 1 889804374 1
807800628 1 808032787 1
381363968 1 381739418 1
318170450 1 318439206 1
641146144 1 641759101 1
317381731 1 317515507 1
236885584 1 237466866 1
421987768 1 422608662 1
896609046 1 897205776 1
274903951 1 275892838 1
87158654 1 87534130 1
282988547 1 283847637 1
16401368 1 17251089 1
259800106 1 260220569 1
94758985 1 94830635 1
309824669 1 310119935 1
622974141 1 623238248 1
204595549 1 204920752 1
299729732 1 300135876 1
607256042 1 607527915 1
532122470 1 532749302 1
794176599 1 794696013 1
70765984 1 71590480 1
875213215 1 875672369 1
190516572 1 191419767 1
867361308 1 867715398 1
180456372 1 180538912 1
695300355 1 695662083 1
606291098 1 607256037 1
601332765 1 601584261 1
804864537 1 805123824 1
303124699 1 303890250 1
657185559 1 657629808 1
306230393 1 306354505 1
670543722 1 670748308 1
440387471 1 440604889 1
378901834 1 379058590 1
802564765 1 803095992 1
726945063 1 727514767 1
460324029 1 460888564 1
568054546 1 568374807 1
664898413 1 665585988 1
613610416 1 614593444 1
874024909 1 874393414 1
412224119 1 412449252 1
443226541 1 444112498 1
451276694 1 452095863 1
790398243 1 790624059 1
2234918 1 2632163 1
547641494 1 547793198 1
344582283 1 344905752 1
77178180 1 77849382 1
79549530 1 79841907 1
518483122 1 518550929 1
175101237 1 175707267 1
421905597 1 421987762 1
840448570 1 840463007 1
270359030 1 270530622 1
652180173 1 652304172 1
476693666 1 477656551 1
743897760 1 744275017 1
591817687 1 591982078 1
38940298 1 39858012 1
634167891 1 634908357 1
430010711 1 430429890 1
2632164 1 3144125 1
435467810 1 435816503 1
427110311 1 427905689 1
608945058 1 609614603 1
159263498 1 159699605 1
347249010 1 348006491 1
192400101 1 192599810 1
561955556 1 562315306 1
437252319 1 437996774 1
645678165 1 645933533 1
69718276 1 69889460 1
798351940 1 799280883 1
101838903 1 102819406 1
519949344 1 520384537 1
792436240 1 792740359 1
782273517 1 783143218 1
614605206 1 614762217 1
870597165 1 870830988 1
429142797 1 430010710 1
298287283 1 299134488 1
214184906 1 215169305 1
850830183 1 850876724 1
683111688 1 684056411 1
343945339 1 344544449 1
797432558 1 797722294 1
13742319 1 13897398 1
202642827 1 203291108 1
512248998 1 512624179 1
480266091 1 480775225 1
540260349 1 540570861 1
456088155 1 456635834 1
566871580 1 566935027 1
203291111 1 203789094 1
340144415 1 340989971 1
343164626 1 343945336 1
346418916 1 347249004 1
621464824 1 622408136 1
695774621 1 696362036 1
476358524 1 476693661 1
596292808 1 597147356 1
341207334 1 341923816 1
223271244 1 224094526 1
922778018 1 923504121 1
832542534 1 833295539 1
743416812 1 743897757 1
269260067 1 269643922 1
927743394 1 928476007 1
338047817 1 338296094 1
770578631 1 770813800 1
163462766 1 164060009 1
382953775 1 383835234 1
40415756 1 40473985 1
262733407 1 263223653 1
62508011 1 62630033 1
882416142 1 883152949 1
452478686 1 452663003 1
89596481 1 90169481 1
29861221 1 30102397 1
373532500 1 374383360 1
773985724 1 774038731 1
377993682 1 378901832 1
627182225 1 628013902 1
436507580 1 437252314 1
523587991 1 524512225 1
55427415 1 55473210 1
224424012 1 224671456 1
164772988 1 165628229 1
422608663 1 423379486 1
737059320 1 737406903 1
132523860 1 132926470 1
726117634 1 726769454 1
138220483 1 138699167 1
778647417 1 779191671 1
601987381 1 602607540 1
505429726 1 505788808 1
816981229 1 817551937 1
578001619 1 578346281 1
573566096 1 573848779 1
844772524 1 845508009 1
573848784 1 574716659 1
13167191 1 13742316 1
375976430 1 376537938 1
445673558 1 445847122 1
24243447 1 24701845 1
441260497 1 441653056 1
680285877 1 680659957 1
485080373 1 485402920 1
150626389 1 150676808 1
892043959 1 892969430 1
471038031 1 471588022 1
474264512 1 474613260 1
236584946 1 236885578 1
44621923 1 44904103 1
505207083 1 505429723 1
390174278 1 390942773 1
880788151 1 881504505 1
895315444 1 895545198 1
570679852 1 570798962 1
230119309 1 230387689 1
681293250 1 682255202 1
823667608 1 823980877 1
517217090 1 517624245 1
600626557 1 600684121 1
650541346 1 650622019 1
735877687 1 736107896 1
767153994 1 767562660 1
636056224 1 636464635 1
788764722 1 789487411 1
515700422 1 516639160 1
302417452 1 303063947 1
364107157 1 364354294 1
231639782 1 232291129 1
889804377 1 890243383 1
471588026 1 471812905 1
530335944 1 530963005 1
57657884 1 58414189 1
478782710 1 479029748 1
570798966 1 571725602 1
753399340 1 754157225 1
308589736 1 308769583 1
549097414 1 549658141 1
628743093 1 629154225 1
667034961 1 668017765 1
127875935 1 128619009 1
168619624 1 168827464 1
425785379 1 426007595 1
487079563 1 487121760 1
719972775 1 720557734 1
150584728 1 150626385 1
529571989 1 530335943 1
544449501 1 544662787 1
574970793 1 575587243 1
47617694 1 47846236 1
700187252 1 700459687 1
130714879 1 131084401 1
625347012 1 625459437 1
700960954 1 701522825 1
876755000 1 877015196 1
373363432 1 373532495 1
420253565 1 420959119 1
630983433 1 631942825 1
426435745 1 426496497 1
866449290 1 867361307 1
684056414 1 684207510 1
288678442 1 289418984 1
102819410 1 103712960 1
13897401 1 14549478 1
657629809 1 657985665 1
205848322 1 206398086 1
816408277 1 816981224 1
304285861 1 304423659 1
544283721 1 544449499 1
587991005 1 588505536 1
359542690 1 359985334 1
860119836 1 861112782 1
867715399 1 868068341 1
498567238 1 499462009 1
600684127 1 600999111 1
247560512 1 247886336 1
165628230 1 166345677 1
146574590 1 146912805 1
297549983 1 298165680 1
313626395 1 314324506 1
668199570 1 668835944 1
209354730 1 209814638 1
840130925 1 840448567 1
733455824 1 734182758 1
210739641 1 211076286 1
281092702 1 281738321 1
604476042 1 604877804 1
813486073 1 814218450 1
865952979 1 866449288 1
915762839 1 915902565 1
447430620 1 448275214 1
459880254 1 460324023 1
399528926 1 400056912 1
297518093 1 297549979 1
108808949 1 109431733 1
555427020 1 556414413 1
286019911 1 286459156 1
670029028 1 670543716 1
123919733 1 124400032 1
206398087 1 206683223 1
662789339 1 663019350 1
827594676 1 828050278 1
822819007 1 823022313 1
474209330 1 474264506 1
163083376 1 163462765 1
71590481 1 71991071 1
293517877 1 293700934 1
679116229 1 679804988 1
401124747 1 401202098 1
651751867 1 652005183 1
4585293 1 5388662 1
622408139 1 622974137 1
574716663 1 574970790 1
668835946 1 669812552 1
724126588 1 724645520 1
224671457 1 225180392 1
648484971 1 649089731 1
436432788 1 436507579 1
557375777 1 558258245 1
75071873 1 75269744 1
776432261 1 776831237 1
528370156 1 529156631 1
404001890 1 404991947 1
890399355 1 890909410 1
587311938 1 587991003 1
605300813 1 606291095 1
851867363 1 852428722 1
609997349 1 610511915 1
414524006 1 415439129 1
735369303 1 735875619 1
114061139 1 114676376 1
744491108 1 744664062 1
181359480 1 181406776 1
358791551 1 359515587 1
117543523 1 118485711 1
415439133 1 416126273 1
266201850 1 267033041 1
224109019 1 224424011 1
148742739 1 149417120 1
737406906 1 737622631 1
381739424 1 382036051 1
768655466 1 769483988 1
166436204 1 167098154 1
345668812 1 346418912 1
65538840 1 66220007 1
80375282 1 81020872 1
658020427 1 658270950 1
5388664 1 6231638 1
99310096 1 100104677 1
179289881 1 179568956 1
268814735 1 269213434 1
303063951 1 303124698 1
788337002 1 788764718 1
756265832 1 756868464 1
551246685 1 551740536 1
825204592 1 826106354 1
389998763 1 390174277 1
846901662 1 847636328 1
831467287 1 831812011 1
359985340 1 360495142 1
700459690 1 700960950 1
709088340 1 709814869 1
185081898 1 185668979 1
432243060 1 433115773 1
526023654 1 526082301 1
60482576 1 61314800 1
546081238 1 546421876 1
