100 333 453
184 181 188 271
76 409 78 453
152 183 156 273
136 409 138 453
221 381 222 453
219 305 220 380
97 152 101 302
275 1 278 65
76 154 78 204
127 256 129 306
326 362 330 407
66 1 70 111
244 250 247 300
110 115 110 228
142 1 146 91
147 92 151 182
81 1 85 453
43 358 46 408
4 303 7 453
56 226 60 339
292 183 294 273
264 1 267 45
4 152 7 302
248 199 251 249
298 365 300 453
162 365 166 453
47 409 50 453
133 358 135 408
174 363 178 453
213 77 214 152
179 272 183 362
168 1 173 453
110 343 110 453
208 1 210 226
118 103 120 153
102 1 106 151
73 358 75 408
204 343 204 453
130 307 132 357
205 227 207 453
73 307 75 357
61 112 65 225
311 112 315 225
295 274 297 364
321 408 325 453
301 340 305 453
306 226 310 339
289 92 291 182
215 153 216 228
73 52 75 102
35 256 38 306
109 229 109 342
39 307 42 357
92 303 96 453
3 228 3 453
225 1 229 453
15 1 18 51
275 391 278 453
121 154 123 204
232 403 235 453
271 286 271 342
27 154 30 204
275 261 278 325
272 172 272 228
124 205 126 255
194 1 198 89
109 1 109 114
202 115 202 228
19 52 22 102
236 352 239 402
276 131 279 195
271 58 271 114
286 1 288 91
272 343 272 399
276 196 279 260
201 1 201 114
271 115 271 171
31 205 34 255
23 103 26 153
115 52 117 102
260 46 263 96
73 1 75 51
203 229 203 342
2 1 2 227
276 66 279 130
271 229 271 285
112 1 114 51
51 340 55 453
76 205 78 255
271 1 271 57
76 103 78 153
252 148 255 198
76 256 78 306
211 1 212 76
189 90 193 180
316 1 320 111
86 1 90 453
217 229 218 304
272 400 272 453
275 326 278 390
