100 314 445
286 1 290 75
37 1 40 89
170 62 171 125
19 406 20 445
109 76 113 150
270 251 271 300
269 151 270 200
81 334 85 445
37 357 40 445
91 110 95 221
222 151 225 225
18 226 19 270
214 1 217 75
96 1 100 109
270 301 271 350
18 136 19 180
230 301 233 375
63 257 64 320
174 113 178 224
281 226 282 300
5 136 5 180
137 1 142 223
6 181 6 225
162 318 163 381
54 179 59 267
234 376 237 445
199 146 203 220
286 151 290 225
254 101 257 150
104 1 108 75
251 351 254 400
290 376 294 445
174 337 178 445
64 193 65 256
254 151 257 200
54 268 59 356
262 148 263 296
119 226 123 300
19 316 20 360
280 376 281 445
204 71 208 145
114 151 118 225
124 301 128 375
168 126 169 189
251 401 254 445
19 271 20 315
286 76 290 150
2 1 2 45
184 371 188 445
8 271 8 315
270 51 271 100
281 301 282 375
174 225 178 336
18 46 19 90
18 91 19 135
301 296 304 370
4 91 4 135
269 351 270 400
270 201 271 250
40 90 43 178
269 101 270 150
290 226 294 300
160 382 161 445
68 1 73 445
63 65 64 128
238 1 243 112
254 301 257 350
251 251 254 300
10 361 10 405
18 1 19 45
260 297 261 445
309 146 312 220
313 1 313 145
269 1 270 50
40 179 43 267
194 221 198 295
297 371 300 445
251 51 254 100
13 1 16 445
150 337 154 445
49 90 54 178
86 222 90 333
63 1 64 64
305 221 308 295
150 1 154 112
139 224 144 445
49 357 54 445
226 226 229 300
40 268 43 356
242 113 247 224
218 76 221 150
27 268 31 356
164 254 165 317
44 1 48 445
275 1 276 445
66 1 67 445
251 201 254 250
242 337 247 445
264 1 265 147
166 190 167 253
