47 98 464
77 407 81 464
87 291 91 348
35 372 38 464
8 233 9 464
4 235 6 312
7 1 8 232
2 391 4 464
21 269 22 335
97 1 97 232
57 372 60 464
10 1 12 47
65 186 68 278
10 236 12 282
39 279 42 371
22 68 23 134
61 279 64 371
26 1 29 78
10 330 12 376
11 48 13 94
2 79 4 156
73 1 76 92
21 336 22 402
2 313 4 390
2 1 4 78
21 202 22 268
26 157 29 234
47 93 50 185
10 189 12 235
11 142 13 188
69 93 72 185
51 1 54 92
10 424 12 464
27 313 30 390
10 377 12 423
92 233 96 290
27 79 30 156
21 135 22 201
43 186 46 278
22 403 23 464
11 95 13 141
26 235 29 312
4 157 6 234
11 283 13 329
82 349 86 406
16 1 20 464
21 1 22 67
27 391 30 464
