100 281 373
48 45 51 91
8 1 11 75
216 301 217 373
274 1 275 125
264 1 266 73
278 1 280 54
32 233 35 279
125 95 127 188
77 337 80 373
79 295 82 336
140 1 141 373
100 85 102 126
216 76 217 150
103 127 105 168
133 188 134 373
178 343 180 373
213 1 213 75
163 153 165 190
79 169 82 210
154 39 156 76
209 1 212 44
279 217 280 270
213 76 213 150
151 1 153 38
144 1 148 373
77 1 80 42
213 151 213 225
19 1 20 373
28 280 31 326
71 48 74 94
215 151 216 225
71 330 74 373
215 1 216 75
189 233 192 279
225 1 228 63
109 211 111 252
9 76 12 150
157 77 159 114
69 1 72 47
56 1 60 373
52 1 55 44
79 211 82 252
219 1 221 373
79 85 82 126
44 92 47 138
233 127 236 189
258 149 260 223
279 55 280 108
8 301 11 373
71 142 74 188
172 267 174 304
79 43 82 84
166 191 168 228
278 271 280 324
130 1 130 187
276 251 277 373
40 139 43 185
122 1 124 94
279 163 280 216
160 115 162 152
216 226 217 300
237 190 240 252
181 327 184 373
213 226 213 300
131 188 131 373
24 327 27 373
185 280 188 326
274 126 275 250
112 253 114 294
88 1 89 187
278 325 280 373
255 224 257 298
252 299 254 373
77 253 80 294
229 64 232 126
268 1 272 373
64 1 65 373
69 283 72 329
90 188 91 373
201 92 204 138
133 1 134 187
69 236 72 282
94 1 96 42
122 189 124 282
115 295 117 336
77 127 80 168
122 283 124 373
279 109 280 162
245 316 248 373
193 186 196 232
197 139 200 185
8 151 11 225
118 337 120 373
69 95 72 141
9 226 12 300
69 189 72 235
36 186 39 232
169 229 171 266
205 45 208 91
97 43 99 84
