96 240 363
148 209 152 260
229 290 230 326
87 329 89 363
12 1 15 61
9 184 9 244
140 1 145 363
237 142 238 178
98 245 101 305
183 122 183 242
72 124 74 164
92 105 92 156
21 306 25 363
239 1 239 141
53 245 57 305
14 62 17 122
107 1 111 182
146 157 150 208
148 53 152 104
8 306 8 363
92 157 92 208
97 1 100 61
33 1 37 61
38 62 42 122
209 247 213 287
233 216 234 252
48 184 52 244
14 184 17 244
98 62 101 122
12 306 15 363
97 123 100 183
9 62 9 122
58 306 62 363
9 245 9 305
25 245 29 305
25 184 29 244
148 105 152 156
137 1 138 363
81 247 83 287
131 1 133 121
8 1 8 61
209 288 213 328
209 206 213 246
159 1 164 363
119 1 121 182
21 123 25 183
196 1 198 121
209 1 213 41
209 83 213 123
148 313 152 363
97 306 100 363
227 327 228 363
66 42 68 82
84 288 86 328
21 62 25 122
235 179 236 215
171 1 175 182
21 1 25 61
209 42 213 82
196 122 198 242
205 1 207 363
14 123 17 183
184 243 184 363
2 1 7 363
220 182 221 363
14 245 17 305
183 1 183 121
128 1 129 363
69 83 71 123
8 123 8 183
107 183 111 363
93 313 93 363
166 1 167 363
174 183 178 363
148 261 152 312
98 184 101 244
43 123 47 183
134 122 136 242
78 206 80 246
213 329 217 363
213 165 217 205
187 122 189 242
92 209 92 260
196 243 198 363
222 1 223 181
188 243 190 363
75 165 77 205
187 1 189 121
92 53 92 104
131 243 133 363
231 253 232 289
93 261 93 312
122 183 124 363
63 1 65 41
92 1 92 52
146 1 150 52
209 124 213 164
