515 208071511 805745914
109907318 201436480 110507768 402872958
72459577 1 73159625 201436479
145416051 161149184 145919622 322298366
143381644 1 144166312 805745914
12892337 644596733 12931861 805745914
88770238 161149184 89290144 322298366
113173748 537163945 113638457 805745914
133642910 268581973 134396262 537163944
26456147 402872958 27083491 805745914
151184140 268581973 151924328 537163944
174001534 1 174115242 268581972
203977937 402872957 204871913 604309435
128777896 604309438 129014490 805745914
80523882 537163945 81323207 805745914
75208808 644596732 75766294 805745914
157674619 402872957 158013419 604309435
101349344 1 101504954 268581972
150467680 322298367 150686516 483447549
97147406 201436478 97771156 402872956
80523882 268581973 81323207 537163944
89810057 537163943 89945793 805745914
149787221 1 150030000 805745914
24217415 1 24599294 402872957
144950992 1 145454563 161149183
39772990 1 40419327 805745914
122509199 402872957 123398049 604309435
198603098 1 198963795 201436479
184847837 1 185829165 402872957
49195272 161149184 49201737 322298366
133642910 1 134396262 268581972
135151457 322298367 135164295 483447549
171529217 1 172322764 805745914
131829726 402872959 132108494 604309437
148409647 1 148501541 161149182
109173371 537163945 109497204 805745914
105939222 1 106731746 268581972
178118731 537163945 178270859 805745914
32534128 268581973 33336798 537163944
52963142 402872959 53144754 604309437
188952169 604309438 189291180 805745914
191996082 1 192118971 201436477
68555981 201436478 69360075 402872956
12391707 604309438 12632060 805745914
171421119 268581973 171475164 537163944
141593830 1 141716804 805745914
139885120 1 140739474 268581972
44725490 161149184 45555076 322298366
188274145 201436480 188613156 402872958
72459577 402872959 73159625 604309437
98394915 644596732 98633577 805745914
65011356 1 65271334 161149182
87531275 402872958 88465087 805745914
107567937 268581973 108253348 537163944
111676273 1 112244319 402872957
50464474 322298367 51224550 483447549
172322774 268581973 172356073 537163944
198603098 604309438 198963795 805745914
60381889 161149184 60738483 322298366
109907318 402872959 110507768 604309437
191422311 1 191490676 268581972
4958238 1 5010617 268581972
94129380 537163945 95014639 805745914
52913611 1 53095223 201436479
130315257 201436478 130899021 402872956
135149617 483447550 135162455 644596732
161555430 402872959 162064706 604309437
192118981 322298367 192165143 483447549
166679146 537163945 167492449 805745914
162573992 604309436 163401459 805745914
12892337 322298367 12931861 483447549
158013420 201436478 158352220 402872956
124286901 1 125175751 201436477
114902869 322298367 115535072 483447549
90081531 1 90217267 268581970
46384664 483447550 47214250 644596732
65271337 1 66109562 805745914
22501051 402872959 22835940 604309437
127044331 268581973 127209228 537163944
60381889 322298367 60738483 483447549
49195272 1 49201737 161149183
189798177 644596733 190503482 805745914
1533502 644596733 1933906 805745914
22347053 201436480 22681942 402872958
30768967 604309438 30899674 805745914
4737126 1 4847681 805745914
135175304 1 136117266 161149183
72814358 201436480 73514406 402872958
60202015 268581973 60291947 537163944
48043848 201436480 48619556 402872958
172389381 1 172812820 805745914
145416051 483447550 145919622 644596732
60381889 483447550 60738483 644596732
48043848 604309438 48619556 805745914
62001488 402872959 62986460 604309437
82184954 1 83088742 268581972
82184954 268581973 83088742 537163944
170924486 1 171172799 402872957
88770238 483447550 89290144 644596732
98633578 483447549 98872240 644596731
34031925 1 34825362 268581972
176398581 161149183 177121789 322298365
119174291 1 119987211 268581972
1384560 1 1784964 161149183
158691028 1 159613950 201436479
13849982 1 14006389 805745914
2807463 322298367 3118508 483447549
155250763 322298367 155945777 483447549
99588232 1 100468787 402872957
105699666 1 105939214 805745914
192543028 537163945 192708885 805745914
85787616 1 86345112 268581972
119433579 537163945 120246499 805745914
186810498 604309438 187161288 805745914
39356617 1 39460709 201436479
70998 268581973 580684 537163944
50464474 483447550 51224550 644596732
199975494 322298367 200683485 483447549
168954541 1 169939511 805745914
132994579 322298367 133318741 483447549
130899022 1 131482786 201436477
158691028 402872959 159613950 604309437
3429555 644596733 3740600 805745914
49195272 322298367 49201737 483447549
126971565 1 127136462 268581972
55132554 201436480 55629737 402872958
133116325 161149184 133440487 322298366
30899679 268581973 31663127 537163944
158691028 201436480 159613950 402872958
151124197 1 151864385 268581972
128674529 1 128911123 201436479
83992536 1 84890075 402872957
191627412 604309436 191750301 805745914
158352221 1 158691021 201436477
200781624 1 200880360 161149183
23016841 1 23287963 805745914
127714462 402872959 128401042 604309437
104865656 604309438 105699660 805745914
131482789 1 131705311 805745914
31062393 537163945 31825841 805745914
109907318 604309438 110507768 805745914
52159585 1 52822169 402872957
147195272 1 148042061 402872957
84020267 402872958 84917806 805745914
64231419 483447549 64491397 644596731
75766295 483447549 76323781 644596731
99110904 161149183 99349566 322298365
102363641 1 103197645 201436479
30638259 402872959 30768966 604309437
19903352 644596733 19914669 805745914
167510487 1 168232512 805745914
22347053 1 22681942 201436479
30899679 1 31663127 268581972
6480390 161149184 7388016 322298366
125175759 1 126073661 268581972
148042067 644596732 148133961 805745914
189798177 322298367 190503482 483447549
77996246 1 78389089 805745914
12948424 537163943 13248941 805745914
116167277 644596733 116799480 805745914
157335818 604309436 157674618 805745914
58097160 322298367 58754512 483447549
192118981 644596733 192165143 805745914
192118981 1 192165143 161149183
148317752 161149183 148409646 322298365
73859680 1 74534239 805745914
100468788 402872958 101349343 805745914
145416051 644596733 145919622 805745914
136117267 161149184 137059229 322298366
204871914 201436478 205765890 402872956
121471018 1 121620340 805745914
109173371 268581973 109497204 537163944
194681146 1 195236257 201436479
47214251 644596733 48043837 805745914
27827761 604309438 28035758 805745914
92462919 1 93402498 805745914
55132554 1 55629737 201436479
171172800 402872958 171421113 805745914
54467652 1 54800099 805745914
191873192 201436478 191996081 402872956
70164181 402872959 70523212 604309437
52913611 604309438 53095223 805745914
89945794 268581971 90081530 537163942
13549460 1 13849977 268581970
200979101 1 201871755 402872957
30214622 1 30376842 805745914
129147727 604309436 129731491 805745914
132297645 604309438 132663506 805745914
194681146 604309438 195236257 805745914
112709038 268581973 113173747 537163944
27827761 402872959 28035758 604309437
107524278 1 108209689 268581972
55140932 604309438 55638115 805745914
178080825 1 178118730 201436477
29513545 1 30214620 805745914
203083960 604309436 203977936 805745914
38797414 1 38983812 268581972
11670645 1 11910998 201436479
60069224 1 60135615 805745914
109907318 1 110507768 201436479
32426582 1 33229252 268581972
198679398 402872959 199040095 604309437
22347053 604309438 22681942 805745914
177967107 604309436 178005012 805745914
174952163 483447549 175675371 644596731
21548879 1 21947961 805745914
4968626 537163945 5021005 805745914
144950992 322298367 145454563 483447549
15638821 402872958 16209351 805745914
16209362 1 16652577 805745914
183974476 1 184847835 805745914
141716806 1 141973744 805745914
57439807 161149184 58097159 322298366
127714462 604309438 128401042 805745914
11910999 201436480 12151352 402872958
62332706 201436480 63317678 402872958
200740494 1 200761054 805745914
120800141 1 121471007 805745914
70998 537163945 580684 805745914
129731492 402872957 130315256 604309435
198679398 201436480 199040095 402872958
127301365 1 127987945 201436479
1019383 1 1384553 805745914
194891226 201436480 195446337 402872958
79733746 1 80533071 268581972
178118731 1 178270859 268581972
4968626 268581973 5021005 537163944
5063001 268581973 5317880 537163944
181655826 268581973 182548286 537163944
60202015 1 60291947 268581972
135149617 644596733 135162455 805745914
69360076 1 70164170 201436477
162064707 604309438 162573983 805745914
49198880 483447550 49205345 644596732
161046153 201436480 161555429 402872958
187512081 1 187723606 268581972
192708894 1 192936962 161149183
48274766 402872959 48850474 604309437
127044331 537163945 127209228 805745914
131829726 201436480 132108494 402872958
5063001 537163945 5317880 805745914
200781624 644596733 200880360 805745914
189291187 1 189996492 161149183
179827213 161149183 180295284 322298365
102082409 483447550 102223019 644596732
49208209 1 49692220 805745914
155945778 483447550 156640792 644596732
175675372 322298366 176398580 483447548
61095087 1 61548286 805745914
172812821 1 173407174 805745914
58754513 483447550 59411865 644596732
4258070 402872959 4635704 604309437
62001488 604309438 62986460 805745914
178172473 268581973 178324601 537163944
154555748 161149184 155250762 322298366
199324502 483447550 200032493 644596732
142634241 1 143381633 805745914
19903352 161149184 19914669 322298366
49198880 644596733 49205345 805745914
185454511 402872958 186435839 805745914
111108226 402872958 111676272 805745914
34825363 268581973 35618800 537163944
133642910 537163945 134396262 805745914
153508480 1 153645012 805745914
132297645 402872959 132663506 604309437
172322774 537163945 172356073 805745914
114270665 161149184 114902868 322298366
39460710 201436480 39564802 402872958
112244328 1 112709037 268581972
152604577 1 153056523 402872957
23287967 1 24217413 805745914
76323782 322298366 76881268 483447548
178005013 402872957 178042918 604309435
193165032 322298367 193393100 483447549
191559043 537163945 191627408 805745914
95899904 604309436 96523654 805745914
197401486 1 198002291 268581972
151124197 537163945 151864385 805745914
19919281 1 20734076 805745914
60202015 537163945 60291947 805745914
28126841 1 28820192 402872957
174026647 268581973 174140355 537163944
138943156 644596733 139885118 805745914
32534128 537163945 33336798 805745914
88770238 1 89290144 161149183
39668896 604309438 39772988 805745914
14006390 402872958 14044950 805745914
3981852 201436480 4359486 402872958
5063001 1 5317880 268581972
189798177 483447550 190503482 644596732
86902612 1 87836424 402872957
189291187 161149184 189996492 322298366
26456147 1 27083491 402872957
107567937 537163945 108253348 805745914
197645047 537163945 198245852 805745914
52913611 201436480 53095223 402872958
50464474 161149184 51224550 322298366
2496417 161149184 2807462 322298366
40419338 402872959 41254841 604309437
14044951 1 14083511 402872957
70882249 268581973 71612274 537163944
12632062 1 12750715 805745914
60700295 644596733 61056889 805745914
192145271 483447550 192191433 644596732
116799489 537163943 117036766 805745914
187694100 537163945 187905625 805745914
183440750 1 183974465 805745914
180295285 1 180763356 161149182
10110900 402872958 10498347 805745914
49692231 268581973 49834537 537163944
72342305 1 72400937 805745914
13248942 268581971 13549459 537163942
132994579 483447550 133318741 644596732
171449988 537163945 171504033 805745914
105939222 537163945 106731746 805745914
113638461 1 114270664 161149183
152604577 402872958 153056523 805745914
50464474 644596733 51224550 805745914
4258070 604309438 4635704 805745914
182548287 537163945 183440747 805745914
7388017 322298367 8295643 483447549
18170258 402872958 19033450 805745914
86061281 537163945 86618777 805745914
179359141 322298366 179827212 483447548
43895903 1 44725489 161149183
177845005 1 177967101 805745914
39564803 402872959 39668895 604309437
101941798 322298367 102082408 483447549
59411866 644596733 60069218 805745914
108895108 1 109218941 268581972
49976845 1 50736921 161149183
64751377 161149183 65011355 322298365
142230685 1 142634234 805745914
115535073 483447550 116167276 644596732
51497000 402872958 52159584 805745914
205765891 1 206659867 201436477
197645047 268581973 198245852 537163944
88770238 644596733 89290144 805745914
1533502 483447550 1933906 644596732
18170258 1 19033450 402872957
3118509 483447550 3429554 644596732
150248843 161149184 150467679 322298366
200871508 483447550 200970244 644596732
16652584 402872958 16946017 805745914
191750302 402872957 191873191 604309435
40419338 201436480 41254841 402872958
19896645 1 19907962 161149183
102223020 644596733 102363630 805745914
12151353 402872959 12391706 604309437
153860733 1 154555747 161149183
199324502 644596733 200032493 805745914
99349567 1 99588229 161149182
90217275 402872958 90886981 805745914
45555077 322298367 46384663 483447549
150905354 644596733 151124190 805745914
171421119 1 171475164 268581972
186840804 201436480 187191594 402872958
165056396 1 165883863 201436477
30376843 1 30507550 201436479
186840804 402872959 187191594 604309437
30507551 201436480 30638258 402872958
148133962 483447549 148225856 644596731
148501550 1 149144384 402872957
52822170 1 52913609 805745914
193849241 1 194681137 805745914
62001488 1 62986460 201436479
132262855 201436480 132628716 402872958
135149617 1 135162455 161149183
132994579 1 133318741 161149183
38445482 604309438 38640215 805745914
38407937 402872959 38602670 604309437
101801187 161149184 101941797 322298366
42090355 1 42993123 805745914
103197646 201436480 104031650 402872958
150030006 1 150248842 161149183
1533502 322298367 1933906 483447549
38983813 268581973 39170211 537163944
16946018 1 17239451 402872957
186810498 1 187161288 201436479
104031651 402872959 104865655 604309437
2185371 1 2496416 161149183
70882249 1 71612274 268581972
101660576 1 101801186 161149183
119433579 268581973 120246499 537163944
208071510 1 208071510 644596731
70164181 1 70523212 201436479
158691028 604309438 159613950 805745914
14157769 1 14613024 805745914
200979101 402872958 201871755 805745914
97771157 1 98394907 201436477
123398050 201436478 124286900 402872956
174228954 644596732 174952162 805745914
82184954 537163945 83088742 805745914
90217275 1 90886981 402872957
10498348 1 10885795 402872957
163401460 402872957 164228927 604309435
98872241 322298366 99110903 483447548
17239461 1 18170249 805745914
15068290 1 15638820 402872957
1533502 161149184 1933906 322298366
150686517 483447550 150905353 644596732
12869370 1 12908894 161149183
188613157 402872959 188952168 604309437
202764419 1 202924187 402872957
63971440 644596732 64231418 805745914
27710842 1 27918839 201436479
10885803 1 11670644 805745914
195791378 1 196573627 805745914
140214907 268581973 141069261 537163944
76881269 161149183 77438755 322298365
191490677 268581973 191559042 537163944
91556695 1 92009803 805745914
55140932 402872959 55638115 604309437
66947791 604309436 67751885 805745914
9203271 644596733 10110897 805745914
3981852 1 4359486 201436479
192936963 161149184 193165031 322298366
49692231 537163945 49834537 805745914
38407937 1 38602670 201436479
78781934 1 79733736 805745914
12892337 483447550 12931861 644596732
193621170 644596733 193849238 805745914
121620348 604309436 122509198 805745914
40419338 1 41254841 201436479
14083514 537163945 14120638 805745914
24981175 1 25718656 805745914
178042919 201436478 178080824 402872956
94855169 268581973 95740428 537163944
81332402 1 82184953 805745914
67751886 402872957 68555980 604309435
128777896 201436480 129014490 402872958
194681146 402872959 195236257 604309437
14083514 1 14120638 268581972
174026647 537163945 174140355 805745914
94129380 1 95014639 268581972
24590470 402872958 24972349 805745914
172322774 1 172356073 268581972
2 1 509688 268581972
40661697 604309438 41497200 805745914
192118981 161149184 192165143 322298366
56782454 1 57439806 161149183
101362521 268581973 101518131 537163944
19903352 322298367 19914669 483447549
49692231 1 49834537 268581972
131829726 604309438 132108494 805745914
156640793 644596733 157335807 805745914
117036767 268581971 117274044 537163942
125484842 268581973 126382744 537163944
153645023 1 153860729 805745914
146348482 402872958 147195271 805745914
187512081 268581973 187723606 537163944
14088285 268581973 14125409 537163944
19896645 483447550 19907962 644596732
12869370 161149184 12908894 322298366
48043848 1 48619556 201436479
164228928 201436478 165056395 402872956
127714462 201436480 128401042 402872958
166679146 268581973 167492449 537163944
109788483 1 109907312 805745914
178891069 483447549 179359140 644596731
192377170 268581973 192543027 537163944
200781624 322298367 200880360 483447549
193393101 483447550 193621169 644596732
177121790 1 177844998 161149182
38407937 201436480 38602670 402872958
125484842 537163945 126382744 805745914
39170212 537163945 39356610 805745914
132262855 1 132628716 201436479
96523655 402872957 97147405 604309435
70341422 201436480 70700453 402872958
86061281 268581973 86618777 537163944
148225857 322298366 148317751 483447548
192211312 1 192377169 268581972
53276847 1 53872246 805745914
200781624 161149184 200880360 322298366
202819688 402872958 202979456 805745914
199324502 161149184 200032493 322298366
101362521 537163945 101518131 805745914
190701804 1 191062054 805745914
199324502 1 200032493 161149183
77438756 1 77996242 161149182
117274045 1 117511322 268581970
196573628 1 197401484 805745914
72459577 604309438 73159625 805745914
64491398 322298366 64751376 483447548
106106811 268581973 106899335 537163944
56126925 1 56782450 805745914
131705314 1 131984082 201436479
28126841 402872958 28820192 805745914
135149617 161149184 135162455 322298366
117511330 1 118342807 805745914
206659878 644596732 207540620 805745914
180763365 1 181655825 268581972
148592385 402872958 149235219 805745914
187935133 1 188274144 201436479
3740609 1 3861226 805745914
5572763 1 6480389 161149183
133116325 644596733 133440487 805745914
160536876 1 161046152 201436479
60381889 1 60738483 161149183
35618801 537163945 36412238 805745914
8295644 483447550 9203270 644596732
145958142 1 146153307 805745914
137059230 322298367 138001192 483447549
165883869 1 166697172 268581972
70164181 604309438 70523212 805745914
178422997 644596732 178891068 805745914
93402509 1 94129371 805745914
70882249 537163945 71612274 805745914
36412247 1 37410091 805745914
27710842 201436480 27918839 402872958
138001193 483447550 138943155 644596732
109542777 1 109788474 805745914
88770238 322298367 89290144 483447549
139885120 537163945 140739474 805745914
128777896 402872959 129014490 604309437
