2000 828967734 496183217
590314999 1 590330876 496183217
339986343 1 339991784 496183217
565808323 1 565809207 496183217
500917429 1 500954417 496183217
461942002 1 462019139 496183217
136614333 1 136639511 496183217
680968033 1 681047695 496183217
99498358 1 99582376 496183217
509460230 1 509483995 496183217
457709373 1 457744489 496183217
370353392 1 370364220 496183217
123139636 1 123214002 496183217
326467271 1 326556051 496183217
244505867 1 244538815 496183217
225288465 1 225334447 496183217
321690347 1 321753863 496183217
558442635 1 558489054 496183217
703833911 1 703875847 496183217
32525 1 115597 496183217
126097324 1 126174573 496183217
383280702 1 383361685 496183217
307354174 1 307426078 496183217
775559844 1 775579738 496183217
421531570 1 421608617 496183217
365001558 1 365020321 496183217
330083518 1 330163733 496183217
590872014 1 590967645 496183217
269130605 1 269203745 496183217
467395170 1 467435048 496183217
483935823 1 483976327 496183217
372725052 1 372746516 496183217
438038598 1 438086024 496183217
168378650 1 168477308 496183217
399543493 1 399625211 496183217
234389624 1 234430749 496183217
532896296 1 532994449 496183217
442645668 1 442703079 496183217
778234605 1 778251754 496183217
216685816 1 216779461 496183217
41408924 1 41427541 496183217
366199780 1 366241455 496183217
81463996 1 81483709 496183217
381393902 1 381493124 496183217
155540111 1 155547859 496183217
317615466 1 317647035 496183217
792188700 1 792239715 496183217
473036336 1 473057052 496183217
604292689 1 604389520 496183217
417590009 1 417618414 496183217
703161958 1 703228383 496183217
610941348 1 611005346 496183217
45711787 1 45765969 496183217
321264952 1 321274274 496183217
627127928 1 627213486 496183217
321786520 1 321830012 496183217
183455706 1 183548654 496183217
677654894 1 677659516 496183217
43646229 1 43671197 496183217
712966507 1 713052321 496183217
771252589 1 771300501 496183217
187140524 1 187205741 496183217
318415707 1 318499520 496183217
186102473 1 186140079 496183217
486778272 1 486812609 496183217
441417585 1 441449698 496183217
209813425 1 209821073 496183217
610645779 1 610730222 496183217
672356733 1 672386825 496183217
569527085 1 569626535 496183217
694373070 1 694412381 496183217
348266822 1 348290059 496183217
327270175 1 327287930 496183217
769791513 1 769818508 496183217
344948317 1 345030989 496183217
337767709 1 337815789 496183217
295076629 1 295085142 496183217
451108598 1 451179335 496183217
535965239 1 535982372 496183217
95809494 1 95878096 496183217
657368782 1 657377083 496183217
777872083 1 777964703 496183217
796171145 1 796267406 496183217
712360562 1 712436708 496183217
289997331 1 290038971 496183217
85579794 1 85666933 496183217
49598356 1 49632379 496183217
529289433 1 529298033 496183217
297911061 1 297979273 496183217
358902778 1 358924985 496183217
76616471 1 76626823 496183217
483112783 1 483209718 496183217
356032636 1 356070735 496183217
323974064 1 324012848 496183217
794042557 1 794119067 496183217
329167814 1 329182867 496183217
695546991 1 695630672 496183217
441295021 1 441330669 496183217
345323146 1 345396502 496183217
379962456 1 379963449 496183217
525618182 1 525650927 496183217
786732700 1 786806519 496183217
810980126 1 811044878 496183217
602457232 1 602530498 496183217
252379608 1 252395160 496183217
409741553 1 409748514 496183217
597004279 1 597055281 496183217
228818264 1 228871353 496183217
356008174 1 356032634 496183217
378227194 1 378227259 496183217
473145822 1 473211704 496183217
463039893 1 463094053 496183217
116418444 1 116422841 496183217
48220612 1 48235926 496183217
400254963 1 400305676 496183217
543722147 1 543780022 496183217
621721396 1 621734059 496183217
367557692 1 367599006 496183217
472351750 1 472385204 496183217
50183922 1 50213523 496183217
304134554 1 304233827 496183217
707138630 1 707173769 496183217
283145561 1 283152931 496183217
364246152 1 364300990 496183217
354351260 1 354386909 496183217
420452942 1 420499975 496183217
470260289 1 470299304 496183217
379324904 1 379365145 496183217
547438065 1 547528790 496183217
537374310 1 537449141 496183217
809160497 1 809186323 496183217
499153733 1 499162705 496183217
466747414 1 466828805 496183217
636558128 1 636626028 496183217
56532030 1 56582449 496183217
772498064 1 772525167 496183217
132181217 1 132225007 496183217
258985166 1 259027366 496183217
799122294 1 799150427 496183217
15412290 1 15431699 496183217
312793624 1 312840097 496183217
742289314 1 742377577 496183217
745076133 1 745106373 496183217
328060041 1 328150596 496183217
269973068 1 270061459 496183217
524155576 1 524156057 496183217
252789822 1 252834234 496183217
631671935 1 631764031 496183217
114864420 1 114904684 496183217
204050809 1 204067339 496183217
89295764 1 89316666 496183217
361480198 1 361531192 496183217
107746404 1 107823750 496183217
714854524 1 714948161 496183217
752164361 1 752167765 496183217
261058832 1 261123500 496183217
241909575 1 241934011 496183217
699651227 1 699743412 496183217
434233190 1 434255495 496183217
775756153 1 775831543 496183217
360858974 1 360938090 496183217
630057978 1 630129594 496183217
634495511 1 634560163 496183217
656000405 1 656049372 496183217
28265314 1 28350286 496183217
818612400 1 818642841 496183217
312514777 1 312598232 496183217
61652154 1 61720020 496183217
247041313 1 247049185 496183217
36070974 1 36104068 496183217
5043767 1 5079496 496183217
353448001 1 353528271 496183217
186772651 1 186775027 496183217
708891511 1 708947230 496183217
64663112 1 64717226 496183217
269444500 1 269537681 496183217
118218707 1 118250653 496183217
101722711 1 101740495 496183217
31952716 1 31954616 496183217
388578256 1 388650854 496183217
290208965 1 290212658 496183217
418911584 1 419001843 496183217
763989248 1 764080524 496183217
638930225 1 638935263 496183217
488972889 1 489019700 496183217
102480267 1 102537994 496183217
201504288 1 201569920 496183217
586431898 1 586449944 496183217
590330878 1 590376029 496183217
68434750 1 68459599 496183217
790461701 1 790491212 496183217
826493627 1 826527982 496183217
274008085 1 274094645 496183217
270984841 1 271011253 496183217
424442704 1 424474941 496183217
533127237 1 533154876 496183217
507396020 1 507449634 496183217
615720196 1 615756879 496183217
307318733 1 307336176 496183217
590967647 1 591009952 496183217
778866539 1 778880663 496183217
748591227 1 748625251 496183217
476887641 1 476966684 496183217
227100465 1 227109567 496183217
206166181 1 206239242 496183217
657793850 1 657858235 496183217
480142429 1 480144369 496183217
217773640 1 217776209 496183217
277301524 1 277377332 496183217
117938375 1 118013591 496183217
608855640 1 608938775 496183217
683989859 1 684057753 496183217
425982077 1 426078714 496183217
649002886 1 649010547 496183217
458133377 1 458197477 496183217
457539246 1 457617249 496183217
31380160 1 31418471 496183217
465972412 1 466014097 496183217
124797353 1 124895128 496183217
685578823 1 685662377 496183217
19905631 1 19925729 496183217
649469119 1 649508892 496183217
650851839 1 650890087 496183217
346886315 1 346903464 496183217
423627466 1 423718702 496183217
671921576 1 671959725 496183217
406916967 1 406968269 496183217
379829880 1 379837453 496183217
727247015 1 727326537 496183217
533728301 1 533784929 496183217
191970196 1 192005227 496183217
547911877 1 547936810 496183217
54114334 1 54132476 496183217
607701135 1 607795570 496183217
705983923 1 706035888 496183217
41560770 1 41642175 496183217
803197069 1 803204603 496183217
784657437 1 784753678 496183217
791923873 1 791965241 496183217
808195755 1 808222225 496183217
150672130 1 150683711 496183217
479504725 1 479554128 496183217
291621757 1 291707377 496183217
686091497 1 686165287 496183217
579560323 1 579644229 496183217
183828479 1 183904266 496183217
396270483 1 396317876 496183217
123690762 1 123740671 496183217
42588567 1 42604891 496183217
730661958 1 730743256 496183217
456922337 1 456929540 496183217
413237533 1 413246058 496183217
463431470 1 463483862 496183217
205602309 1 205618269 496183217
458727952 1 458795520 496183217
305078023 1 305172887 496183217
1810174 1 1874958 496183217
768064953 1 768105166 496183217
706405654 1 706409140 496183217
541400041 1 541429072 496183217
627842764 1 627845751 496183217
651792133 1 651844470 496183217
572297711 1 572327774 496183217
541610322 1 541644701 496183217
489415688 1 489478674 496183217
271164370 1 271219255 496183217
264699507 1 264734725 496183217
69141386 1 69196914 496183217
53950752 1 54046744 496183217
663261580 1 663359722 496183217
516287865 1 516342483 496183217
170734670 1 170758883 496183217
90438403 1 90464139 496183217
805543229 1 805560754 496183217
209894265 1 209961006 496183217
350617511 1 350675060 496183217
696680273 1 696690101 496183217
99351209 1 99404041 496183217
231559960 1 231656487 496183217
488713157 1 488793382 496183217
155148341 1 155168237 496183217
48802373 1 48854355 496183217
828670973 1 828757581 496183217
241690223 1 241705295 496183217
745325879 1 745387496 496183217
482685426 1 482724691 496183217
286966588 1 287031777 496183217
463805673 1 463832982 496183217
624347745 1 624392204 496183217
669836431 1 669901506 496183217
256212321 1 256276603 496183217
144380371 1 144440225 496183217
758956617 1 758977706 496183217
772525169 1 772553190 496183217
764980131 1 765000249 496183217
662981106 1 663026333 496183217
721055295 1 721066292 496183217
110761931 1 110798093 496183217
568191613 1 568207281 496183217
468235865 1 468281186 496183217
815421507 1 815497719 496183217
375616596 1 375692372 496183217
456244620 1 456278759 496183217
658271836 1 658297131 496183217
163796980 1 163807165 496183217
235197733 1 235199144 496183217
531006213 1 531099734 496183217
51805879 1 51855437 496183217
366258515 1 366339782 496183217
487908667 1 487960764 496183217
761807072 1 761853867 496183217
393080727 1 393103736 496183217
662357897 1 662420595 496183217
273387024 1 273478564 496183217
782084986 1 782164743 496183217
165631691 1 165725504 496183217
279500334 1 279549724 496183217
731266610 1 731281305 496183217
520138876 1 520205788 496183217
593920508 1 594017364 496183217
337481340 1 337575573 496183217
219065638 1 219137085 496183217
826267070 1 826302386 496183217
546484908 1 546510687 496183217
272977756 1 273017250 496183217
798675138 1 798768011 496183217
110672897 1 110697100 496183217
175854332 1 175952875 496183217
49872453 1 49939593 496183217
344492997 1 344590750 496183217
692385617 1 692430938 496183217
247764285 1 247815922 496183217
706543629 1 706571656 496183217
666994127 1 667056918 496183217
145996128 1 146028793 496183217
37155020 1 37197697 496183217
780127306 1 780172644 496183217
346855063 1 346886313 496183217
758439452 1 758499673 496183217
788085628 1 788161120 496183217
190272095 1 190289315 496183217
479606450 1 479680744 496183217
636877487 1 636926520 496183217
618524909 1 618578171 496183217
511939562 1 511958839 496183217
367526286 1 367557690 496183217
67378501 1 67474309 496183217
817244470 1 817261745 496183217
667768686 1 667772168 496183217
24275643 1 24355234 496183217
501703230 1 501766459 496183217
547178152 1 547253725 496183217
516664785 1 516711106 496183217
160949951 1 160996918 496183217
629388916 1 629420158 496183217
240304510 1 240382384 496183217
571282554 1 571364336 496183217
188216682 1 188237202 496183217
290097884 1 290111730 496183217
520082791 1 520093270 496183217
26545772 1 26579132 496183217
348307711 1 348361531 496183217
810683641 1 810711623 496183217
616122571 1 616154959 496183217
778251756 1 778309418 496183217
190399842 1 190444145 496183217
166494117 1 166581968 496183217
526469288 1 526566966 496183217
534278925 1 534333699 496183217
220834097 1 220894393 496183217
814508649 1 814510457 496183217
55608235 1 55678846 496183217
241104283 1 241119923 496183217
122520621 1 122522923 496183217
636846684 1 636846811 496183217
707435921 1 707453728 496183217
32413092 1 32482750 496183217
50001986 1 50089659 496183217
772064399 1 772108181 496183217
458926380 1 459003697 496183217
395058459 1 395140584 496183217
747396022 1 747425958 496183217
145227047 1 145318494 496183217
573118792 1 573215117 496183217
686256871 1 686331556 496183217
772718106 1 772718944 496183217
587225548 1 587277900 496183217
737304663 1 737391001 496183217
516793001 1 516805621 496183217
340434122 1 340449553 496183217
130885191 1 130957209 496183217
774615994 1 774692744 496183217
800877654 1 800912095 496183217
81121419 1 81142634 496183217
321464051 1 321470448 496183217
695120258 1 695194477 496183217
484859861 1 484863839 496183217
583232414 1 583276744 496183217
466103142 1 466129466 496183217
259630089 1 259633098 496183217
692177902 1 692198122 496183217
265091507 1 265099771 496183217
696502201 1 696512356 496183217
668031104 1 668088873 496183217
419354585 1 419434461 496183217
221518103 1 221569608 496183217
369742816 1 369788549 496183217
582911134 1 582985144 496183217
813620245 1 813696973 496183217
523777764 1 523831732 496183217
228917727 1 228952626 496183217
800578557 1 800616877 496183217
110532027 1 110591874 496183217
326324493 1 326341192 496183217
306480698 1 306510941 496183217
626388448 1 626403687 496183217
34243002 1 34296374 496183217
278250030 1 278348810 496183217
353988559 1 354029857 496183217
823786323 1 823831992 496183217
51230651 1 51327130 496183217
576272956 1 576308806 496183217
740585840 1 740598340 496183217
593588903 1 593632656 496183217
187717811 1 187771987 496183217
604699337 1 604791034 496183217
59273939 1 59331798 496183217
734374550 1 734377953 496183217
526396679 1 526456098 496183217
546130272 1 546188771 496183217
657858237 1 657893106 496183217
605035206 1 605055220 496183217
307620683 1 307635911 496183217
481797531 1 481894477 496183217
776868980 1 776903129 496183217
230463780 1 230500910 496183217
222614712 1 222694478 496183217
712618068 1 712706956 496183217
140388750 1 140475712 496183217
755655295 1 755719662 496183217
767388729 1 767465966 496183217
502522097 1 502554752 496183217
234506873 1 234566545 496183217
243117322 1 243196253 496183217
581490105 1 581544956 496183217
78083521 1 78171922 496183217
440768836 1 440777582 496183217
579932106 1 579985368 496183217
84387357 1 84410458 496183217
218165352 1 218198645 496183217
688384161 1 688480891 496183217
504077622 1 504168988 496183217
460857877 1 460950056 496183217
444119830 1 444160721 496183217
812915589 1 813003905 496183217
631188654 1 631238773 496183217
443550091 1 443550156 496183217
166439857 1 166494115 496183217
344653704 1 344666384 496183217
747043548 1 747109558 496183217
584011440 1 584109814 496183217
252252255 1 252317369 496183217
612373556 1 612463624 496183217
563908806 1 563958896 496183217
142348891 1 142408340 496183217
341939077 1 341959827 496183217
128178849 1 128213889 496183217
438488173 1 438578880 496183217
201038843 1 201060078 496183217
136167354 1 136227275 496183217
390436582 1 390524588 496183217
766480999 1 766572043 496183217
642264073 1 642333181 496183217
499726965 1 499746601 496183217
234962176 1 235023087 496183217
706918843 1 706939795 496183217
624979120 1 625012404 496183217
267545741 1 267595222 496183217
527091768 1 527106222 496183217
290190041 1 290201341 496183217
365387443 1 365482619 496183217
554003823 1 554008969 496183217
54813703 1 54838667 496183217
521029951 1 521049039 496183217
584233363 1 584300068 496183217
702850466 1 702903596 496183217
543885917 1 543978428 496183217
146535713 1 146552255 496183217
47902712 1 47906007 496183217
142775623 1 142792196 496183217
5430348 1 5517501 496183217
460489514 1 460527097 496183217
575244815 1 575260600 496183217
495362983 1 495411950 496183217
254421909 1 254470222 496183217
161785410 1 161862886 496183217
390783929 1 390857465 496183217
424245287 1 424265994 496183217
444242872 1 444336219 496183217
227958231 1 228015819 496183217
770602702 1 770655559 496183217
472696654 1 472769826 496183217
522739965 1 522767878 496183217
384678738 1 384691724 496183217
710723968 1 710800710 496183217
671720157 1 671806814 496183217
11689407 1 11728012 496183217
406181837 1 406208506 496183217
210803270 1 210838267 496183217
773818234 1 773894439 496183217
218789017 1 218793737 496183217
653255466 1 653317066 496183217
484223932 1 484308390 496183217
27346045 1 27364245 496183217
12677271 1 12717088 496183217
402351358 1 402356354 496183217
669068815 1 669148222 496183217
364002122 1 364075866 496183217
242831417 1 242883661 496183217
422773318 1 422797023 496183217
659934427 1 659971617 496183217
530114209 1 530124182 496183217
47843767 1 47902710 496183217
104465048 1 104509134 496183217
358924987 1 358993799 496183217
48735660 1 48799758 496183217
561077495 1 561106506 496183217
22942550 1 23037495 496183217
763659366 1 763708176 496183217
190465392 1 190482324 496183217
463713853 1 463805671 496183217
98729277 1 98742673 496183217
220665737 1 220666584 496183217
636251441 1 636298296 496183217
35827912 1 35897103 496183217
818855651 1 818909647 496183217
126672615 1 126711036 496183217
131947644 1 131970144 496183217
393077314 1 393080725 496183217
603625686 1 603645516 496183217
642189871 1 642243296 496183217
404028079 1 404047077 496183217
374399800 1 374452006 496183217
269744803 1 269765076 496183217
477792389 1 477870797 496183217
685437634 1 685513136 496183217
315082273 1 315136340 496183217
369035350 1 369078809 496183217
796336416 1 796344647 496183217
148215036 1 148293658 496183217
49377858 1 49467419 496183217
807797243 1 807840820 496183217
132260297 1 132338223 496183217
592750808 1 592818858 496183217
159774117 1 159836459 496183217
632607519 1 632660467 496183217
386960642 1 387044673 496183217
557822511 1 557855005 496183217
188999043 1 189082987 496183217
805560756 1 805606477 496183217
375786086 1 375803295 496183217
327161761 1 327182061 496183217
813102631 1 813167117 496183217
350560555 1 350617509 496183217
771784863 1 771874751 496183217
443598680 1 443667405 496183217
444732550 1 444777919 496183217
816151102 1 816155828 496183217
375946703 1 375998408 496183217
365533522 1 365601066 496183217
495940394 1 496024544 496183217
568488135 1 568520734 496183217
481452788 1 481484783 496183217
388838996 1 388894057 496183217
799793964 1 799841354 496183217
25976346 1 26045010 496183217
52023768 1 52074920 496183217
495208762 1 495216971 496183217
382079047 1 382162505 496183217
15681781 1 15764571 496183217
446568717 1 446612384 496183217
696239288 1 696335310 496183217
267595224 1 267626245 496183217
213331218 1 213331393 496183217
689198777 1 689232253 496183217
196906092 1 196963740 496183217
259232692 1 259251601 496183217
283152933 1 283165646 496183217
770263917 1 770288650 496183217
45164849 1 45203808 496183217
363265612 1 363346551 496183217
255976773 1 256009228 496183217
701473683 1 701573138 496183217
205456459 1 205526009 496183217
88047848 1 88082760 496183217
624792348 1 624889883 496183217
88419687 1 88491457 496183217
765681811 1 765708308 496183217
40657037 1 40674492 496183217
516805623 1 516900547 496183217
130444325 1 130500704 496183217
302002078 1 302044974 496183217
1385545 1 1392530 496183217
427215512 1 427216226 496183217
802788825 1 802868696 496183217
97389374 1 97452888 496183217
235795802 1 235894419 496183217
459400631 1 459460835 496183217
373446033 1 373518863 496183217
165483424 1 165492718 496183217
516711108 1 516738998 496183217
786177764 1 786215937 496183217
41534732 1 41537278 496183217
6686864 1 6691496 496183217
180481801 1 180533362 496183217
643641143 1 643701158 496183217
529176159 1 529213037 496183217
365945271 1 365990001 496183217
281752696 1 281786904 496183217
568946613 1 569046048 496183217
140369101 1 140388748 496183217
330531921 1 330568839 496183217
801011820 1 801067796 496183217
33383793 1 33462718 496183217
604546197 1 604599949 496183217
186734072 1 186772649 496183217
68080506 1 68161170 496183217
299843329 1 299886484 496183217
22120034 1 22178867 496183217
368861292 1 368869939 496183217
393728220 1 393742094 496183217
20386214 1 20457310 496183217
80803202 1 80830262 496183217
553457513 1 553542484 496183217
812077496 1 812077667 496183217
252740709 1 252789820 496183217
262629768 1 262712627 496183217
773190906 1 773283082 496183217
630462853 1 630510024 496183217
827363332 1 827450546 496183217
620960504 1 621018695 496183217
82468153 1 82539040 496183217
620593390 1 620692183 496183217
126711038 1 126730457 496183217
588986297 1 588991252 496183217
9781677 1 9876872 496183217
1721151 1 1810172 496183217
328832048 1 328855370 496183217
185969828 1 186031551 496183217
439684402 1 439694722 496183217
7722323 1 7780018 496183217
177238506 1 177308583 496183217
291387439 1 291439689 496183217
267095128 1 267143663 496183217
236538733 1 236603133 496183217
676077527 1 676134998 496183217
678093540 1 678154862 496183217
139227010 1 139260748 496183217
360117684 1 360177887 496183217
487496001 1 487515435 496183217
321475119 1 321482350 496183217
308539118 1 308608533 496183217
4010589 1 4041972 496183217
514989225 1 515022964 496183217
678439577 1 678539186 496183217
61845237 1 61882756 496183217
91948999 1 92001685 496183217
429339067 1 429349163 496183217
347093531 1 347171686 496183217
140085 1 176031 496183217
795133542 1 795210372 496183217
114524548 1 114536838 496183217
436792730 1 436873711 496183217
790055903 1 790127063 496183217
52449763 1 52451740 496183217
399113667 1 399209816 496183217
292148682 1 292234107 496183217
819618281 1 819710718 496183217
176257729 1 176327609 496183217
537069665 1 537111891 496183217
328362997 1 328424718 496183217
146445577 1 146535711 496183217
344592282 1 344649714 496183217
107694603 1 107746402 496183217
240167320 1 240177026 496183217
161288379 1 161366593 496183217
73726137 1 73752272 496183217
256863396 1 256890886 496183217
520284939 1 520353328 496183217
775108312 1 775159215 496183217
262263753 1 262334691 496183217
26659945 1 26667216 496183217
468593383 1 468669050 496183217
73283857 1 73366022 496183217
772279335 1 772290170 496183217
386230006 1 386230737 496183217
581227635 1 581229251 496183217
498678067 1 498687450 496183217
144475392 1 144504224 496183217
242813391 1 242831415 496183217
598097076 1 598179651 496183217
346180760 1 346204929 496183217
36516767 1 36597917 496183217
653766126 1 653861222 496183217
774692746 1 774708055 496183217
278889438 1 278938168 496183217
533929929 1 533931058 496183217
741196647 1 741196676 496183217
535897455 1 535903209 496183217
264630105 1 264699505 496183217
570382127 1 570393601 496183217
161971265 1 162066292 496183217
336355161 1 336412209 496183217
19852646 1 19894545 496183217
215678031 1 215695844 496183217
759499463 1 759555571 496183217
517542583 1 517590273 496183217
51490909 1 51564522 496183217
123633789 1 123690760 496183217
682714296 1 682801231 496183217
396540055 1 396548742 496183217
666329797 1 666428362 496183217
216982274 1 217044156 496183217
764920006 1 764980129 496183217
156990663 1 157046594 496183217
272639648 1 272651834 496183217
542133650 1 542205567 496183217
110910257 1 110967833 496183217
451454984 1 451459607 496183217
432100306 1 432172303 496183217
314589213 1 314670150 496183217
41512737 1 41528561 496183217
723184102 1 723201060 496183217
344666386 1 344705412 496183217
16562245 1 16574885 496183217
148540679 1 148624243 496183217
476377991 1 476383367 496183217
690767659 1 690862831 496183217
758423006 1 758439450 496183217
579074522 1 579158983 496183217
143282934 1 143342230 496183217
625190650 1 625240770 496183217
392240948 1 392270012 496183217
318987589 1 319039114 496183217
629178044 1 629276046 496183217
50277683 1 50335241 496183217
113368122 1 113399077 496183217
542394326 1 542431687 496183217
81044539 1 81071800 496183217
134276282 1 134347224 496183217
499162707 1 499205961 496183217
409861791 1 409955824 496183217
774988471 1 775061374 496183217
512584791 1 512630487 496183217
641252667 1 641326178 496183217
517118528 1 517151551 496183217
153986445 1 154071124 496183217
87043836 1 87080018 496183217
530124184 1 530130923 496183217
432603409 1 432675146 496183217
309858838 1 309917061 496183217
348707150 1 348708876 496183217
208420426 1 208450668 496183217
39140933 1 39196484 496183217
673435531 1 673462988 496183217
267913907 1 267995429 496183217
735588366 1 735605895 496183217
42812913 1 42892822 496183217
647724345 1 647725954 496183217
595354846 1 595385467 496183217
536760377 1 536791512 496183217
407788357 1 407884123 496183217
425018712 1 425021250 496183217
56935670 1 57031499 496183217
482348990 1 482435319 496183217
598346943 1 598418702 496183217
470816107 1 470866749 496183217
128343443 1 128397078 496183217
177907561 1 177964418 496183217
761426091 1 761497020 496183217
156321482 1 156414838 496183217
307815510 1 307846705 496183217
697929919 1 698003785 496183217
800236089 1 800237511 496183217
638027934 1 638081904 496183217
63095067 1 63114540 496183217
569703692 1 569792918 496183217
526921687 1 526961002 496183217
493709431 1 493801941 496183217
557576024 1 557655743 496183217
823657939 1 823697904 496183217
63647698 1 63679434 496183217
566810123 1 566837740 496183217
44111303 1 44146611 496183217
641537120 1 641581479 496183217
586401819 1 586431896 496183217
362735854 1 362743507 496183217
544300085 1 544392465 496183217
265626002 1 265686320 496183217
504431235 1 504486028 496183217
126963311 1 127018191 496183217
403745755 1 403796108 496183217
105306376 1 105394962 496183217
493897294 1 493963258 496183217
469688308 1 469709398 496183217
646531604 1 646615517 496183217
150761310 1 150844399 496183217
13770440 1 13843501 496183217
202200839 1 202263859 496183217
263790470 1 263831816 496183217
594834173 1 594919041 496183217
122369883 1 122384850 496183217
270709691 1 270796974 496183217
460258748 1 460263964 496183217
99679874 1 99754427 496183217
3391055 1 3488232 496183217
54541742 1 54602610 496183217
67889709 1 67987015 496183217
381735271 1 381783414 496183217
712834554 1 712894295 496183217
411206634 1 411215587 496183217
266190132 1 266237852 496183217
412660077 1 412662336 496183217
271011255 1 271052905 496183217
764590756 1 764610965 496183217
801661737 1 801705480 496183217
589777752 1 589782605 496183217
617038933 1 617137114 496183217
408667139 1 408719959 496183217
600044597 1 600132064 496183217
438859404 1 438934361 496183217
478084781 1 478107919 496183217
260118209 1 260164261 496183217
794639148 1 794678128 496183217
687842412 1 687942040 496183217
758519296 1 758559683 496183217
487141338 1 487150669 496183217
378344033 1 378403703 496183217
443879760 1 443949547 496183217
770923302 1 770954071 496183217
435235588 1 435296804 496183217
66681681 1 66687329 496183217
293221822 1 293321543 496183217
724721597 1 724772856 496183217
82466351 1 82468151 496183217
624536607 1 624587303 496183217
524609187 1 524689928 496183217
123291410 1 123312858 496183217
169218607 1 169270399 496183217
35927357 1 35928560 496183217
641641567 1 641705686 496183217
325217509 1 325303760 496183217
501814531 1 501830792 496183217
562066551 1 562071951 496183217
466019147 1 466103140 496183217
342203457 1 342235757 496183217
478264837 1 478317671 496183217
205043146 1 205072413 496183217
25870621 1 25870824 496183217
714169691 1 714187997 496183217
244344489 1 244408998 496183217
264852558 1 264905405 496183217
98702980 1 98729275 496183217
187847718 1 187878406 496183217
425664339 1 425747925 496183217
59845517 1 59875815 496183217
491721282 1 491749735 496183217
435052831 1 435148640 496183217
594547295 1 594599632 496183217
719653880 1 719730435 496183217
209465582 1 209503032 496183217
298316602 1 298349918 496183217
437285919 1 437290818 496183217
88694353 1 88743534 496183217
728167539 1 728200182 496183217
457009540 1 457047902 496183217
420911379 1 420948072 496183217
20199079 1 20263785 496183217
287917237 1 287954236 496183217
795533654 1 795545191 496183217
77926431 1 77941927 496183217
536911533 1 536999459 496183217
614589659 1 614614237 496183217
694834870 1 694846662 496183217
82684105 1 82691531 496183217
263532871 1 263607420 496183217
281329004 1 281386539 496183217
389979311 1 390036133 496183217
713489525 1 713532223 496183217
388816315 1 388838994 496183217
250345178 1 250367712 496183217
474804332 1 474845826 496183217
421686903 1 421786712 496183217
478190631 1 478264835 496183217
66638982 1 66681679 496183217
404935820 1 404950557 496183217
241053831 1 241104281 496183217
138879120 1 138941903 496183217
358993801 1 359044178 496183217
269916126 1 269973066 496183217
325587875 1 325664925 496183217
301146866 1 301178945 496183217
189669773 1 189764055 496183217
391075463 1 391092043 496183217
448160475 1 448255361 496183217
672786766 1 672790709 496183217
414403940 1 414475769 496183217
72942957 1 72954535 496183217
455589560 1 455636213 496183217
3050979 1 3142183 496183217
459123176 1 459154158 496183217
136475166 1 136550142 496183217
293061316 1 293102933 496183217
136277077 1 136333687 496183217
448303476 1 448304381 496183217
816502552 1 816585905 496183217
621416065 1 621452337 496183217
27212983 1 27253231 496183217
433626635 1 433680321 496183217
628811871 1 628881344 496183217
605320904 1 605408351 496183217
753135295 1 753173360 496183217
425891478 1 425982075 496183217
239735211 1 239760658 496183217
162133229 1 162205032 496183217
739104221 1 739130995 496183217
614971146 1 615017664 496183217
65287131 1 65372905 496183217
710276166 1 710282308 496183217
558518615 1 558585057 496183217
462498627 1 462535668 496183217
262099771 1 262146599 496183217
630667271 1 630729941 496183217
772898725 1 772975247 496183217
174981088 1 174988911 496183217
788853852 1 788891458 496183217
641094610 1 641161087 496183217
400646876 1 400656253 496183217
663195078 1 663211388 496183217
443088290 1 443148777 496183217
132068395 1 132146595 496183217
117318984 1 117416152 496183217
295885243 1 295975104 496183217
196059277 1 196091392 496183217
324599752 1 324610689 496183217
742038649 1 742135763 496183217
562358090 1 562395811 496183217
278644407 1 278647001 496183217
95509847 1 95590800 496183217
362474258 1 362536025 496183217
361008454 1 361021950 496183217
613996641 1 614050583 496183217
85734532 1 85819396 496183217
555589022 1 555646954 496183217
621105960 1 621133361 496183217
639890650 1 639913805 496183217
596765608 1 596851116 496183217
781659661 1 781668510 496183217
198495803 1 198562903 496183217
304869756 1 304950186 496183217
444958009 1 445051349 496183217
99638413 1 99679872 496183217
589505138 1 589521689 496183217
335237753 1 335284649 496183217
412647645 1 412660075 496183217
38682313 1 38726348 496183217
544025413 1 544095568 496183217
256047660 1 256142842 496183217
136919767 1 137011750 496183217
344705414 1 344805385 496183217
732727853 1 732813589 496183217
337011621 1 337104673 496183217
795644450 1 795645158 496183217
673675516 1 673759624 496183217
135281607 1 135363552 496183217
210472537 1 210510285 496183217
744446737 1 744524778 496183217
556527175 1 556567462 496183217
667630742 1 667662488 496183217
143096999 1 143124402 496183217
441818882 1 441865258 496183217
586913500 1 587008651 496183217
597163607 1 597213316 496183217
308873998 1 308919128 496183217
753922781 1 753938622 496183217
394716684 1 394801982 496183217
63465505 1 63539822 496183217
105582946 1 105608712 496183217
686029730 1 686041923 496183217
451053094 1 451108596 496183217
345927733 1 345952638 496183217
668173779 1 668218536 496183217
624079696 1 624152104 496183217
470105644 1 470167294 496183217
577531605 1 577590484 496183217
110473697 1 110487517 496183217
288779415 1 288814698 496183217
110219002 1 110297423 496183217
287971890 1 288007358 496183217
491530372 1 491599921 496183217
436873713 1 436941674 496183217
807275781 1 807369536 496183217
7995587 1 8077678 496183217
407647961 1 407652808 496183217
674526055 1 674593333 496183217
494074383 1 494128742 496183217
728722265 1 728764085 496183217
808310186 1 808380823 496183217
668960097 1 669037542 496183217
789556409 1 789574876 496183217
135977021 1 135993679 496183217
572209656 1 572278472 496183217
237710869 1 237761498 496183217
81491282 1 81590501 496183217
611970146 1 612000864 496183217
763769962 1 763803938 496183217
584202561 1 584233361 496183217
84185187 1 84267015 496183217
516509594 1 516604653 496183217
29027607 1 29126166 496183217
461236252 1 461292931 496183217
448096850 1 448144763 496183217
551824220 1 551859066 496183217
604058509 1 604074047 496183217
342235759 1 342318846 496183217
288237670 1 288247249 496183217
435382230 1 435417361 496183217
805405562 1 805415832 496183217
506077289 1 506094706 496183217
267313918 1 267359246 496183217
262334693 1 262368089 496183217
463832984 1 463873039 496183217
241357087 1 241443286 496183217
827046659 1 827086091 496183217
800842193 1 800877652 496183217
63042307 1 63095065 496183217
119604234 1 119619234 496183217
685021201 1 685095615 496183217
529747479 1 529811005 496183217
769588147 1 769680087 496183217
483279423 1 483321331 496183217
499653235 1 499726963 496183217
500207818 1 500272691 496183217
773696971 1 773729547 496183217
648878556 1 648905596 496183217
208347956 1 208359932 496183217
752619402 1 752621972 496183217
450360484 1 450441986 496183217
228881793 1 228917725 496183217
195685948 1 195758302 496183217
168919387 1 168919796 496183217
145139274 1 145158385 496183217
409256726 1 409301594 496183217
30013202 1 30106827 496183217
730434630 1 730519963 496183217
103791269 1 103793008 496183217
306998981 1 307010576 496183217
522379047 1 522389889 496183217
481984142 1 482082920 496183217
508194081 1 508221097 496183217
624456168 1 624536605 496183217
575326361 1 575395122 496183217
36207037 1 36215207 496183217
538443709 1 538533199 496183217
237534067 1 237611413 496183217
827268617 1 827354246 496183217
790942793 1 790993356 496183217
614564652 1 614570857 496183217
181101187 1 181180680 496183217
318081735 1 318159195 496183217
710800712 1 710840253 496183217
43164589 1 43185351 496183217
363015642 1 363057102 496183217
777764210 1 777790060 496183217
805955290 1 806035686 496183217
7381012 1 7479333 496183217
827354248 1 827363330 496183217
821064402 1 821080487 496183217
103727816 1 103791267 496183217
413651103 1 413743132 496183217
255074715 1 255161611 496183217
146258929 1 146308173 496183217
64433202 1 64489176 496183217
254154471 1 254196578 496183217
783853011 1 783857931 496183217
769408939 1 769457070 496183217
628923896 1 629009397 496183217
784527033 1 784620806 496183217
270292198 1 270361012 496183217
12971369 1 12979680 496183217
53838945 1 53866747 496183217
209238315 1 209251826 496183217
61239159 1 61314387 496183217
259069062 1 259135245 496183217
34079413 1 34095981 496183217
697333014 1 697395224 496183217
219433118 1 219472116 496183217
36007012 1 36008815 496183217
518770470 1 518780035 496183217
267707300 1 267750471 496183217
158885422 1 158961878 496183217
557134931 1 557141228 496183217
590602536 1 590667533 496183217
181010404 1 181020831 496183217
448457152 1 448541558 496183217
583045999 1 583086190 496183217
323901758 1 323914814 496183217
209884027 1 209894263 496183217
828539471 1 828548185 496183217
156907313 1 156990661 496183217
282890711 1 282969773 496183217
318007211 1 318007319 496183217
603014363 1 603074332 496183217
558143785 1 558195450 496183217
566041003 1 566078065 496183217
679165402 1 679249313 496183217
333969653 1 334058838 496183217
575520082 1 575546079 496183217
812707492 1 812767413 496183217
815605665 1 815699521 496183217
328424720 1 328523944 496183217
762377225 1 762390099 496183217
479683367 1 479694459 496183217
393948644 1 394026123 496183217
736671499 1 736743151 496183217
286395597 1 286434652 496183217
529975256 1 530024842 496183217
29126168 1 29221842 496183217
713757170 1 713771875 496183217
371651243 1 371693991 496183217
272295023 1 272379525 496183217
369996870 1 369997281 496183217
226494893 1 226502781 496183217
335883502 1 335929249 496183217
437625299 1 437701797 496183217
725375400 1 725455970 496183217
736449736 1 736467284 496183217
382188433 1 382263276 496183217
398381652 1 398452046 496183217
215695846 1 215754645 496183217
576036980 1 576130354 496183217
66216900 1 66257691 496183217
794222954 1 794286634 496183217
551893763 1 551979421 496183217
755892518 1 755972617 496183217
309343567 1 309393205 496183217
578566791 1 578622519 496183217
338889712 1 338926853 496183217
780234191 1 780276149 496183217
534953498 1 535049664 496183217
429892414 1 429967311 496183217
718130111 1 718201375 496183217
380355963 1 380384253 496183217
302516814 1 302588825 496183217
421608619 1 421620698 496183217
499037422 1 499039109 496183217
538085570 1 538138831 496183217
133543739 1 133559672 496183217
221960509 1 222004424 496183217
376818655 1 376839658 496183217
268088440 1 268154120 496183217
283592616 1 283652706 496183217
813848372 1 813875629 496183217
317104411 1 317154575 496183217
274600365 1 274672897 496183217
494128744 1 494147769 496183217
798563745 1 798569205 496183217
105394964 1 105474551 496183217
329608937 1 329621402 496183217
753782423 1 753834699 496183217
783896920 1 783901893 496183217
540373199 1 540411288 496183217
97899368 1 97935866 496183217
607452839 1 607522273 496183217
36867127 1 36871158 496183217
488193629 1 488250031 496183217
283652708 1 283653969 496183217
238643157 1 238714385 496183217
794153619 1 794222952 496183217
234188928 1 234209941 496183217
676548075 1 676620151 496183217
376457016 1 376536189 496183217
21691820 1 21761000 496183217
484021485 1 484099100 496183217
55271354 1 55338962 496183217
108216822 1 108240237 496183217
483976329 1 484021483 496183217
299451306 1 299468930 496183217
680793683 1 680862998 496183217
351458820 1 351514197 496183217
637549915 1 637580879 496183217
521049041 1 521085952 496183217
230244688 1 230328733 496183217
343619514 1 343620941 496183217
822564457 1 822600076 496183217
686735422 1 686758912 496183217
397587825 1 397663851 496183217
325664927 1 325746816 496183217
625465232 1 625513410 496183217
814042294 1 814092132 496183217
479102775 1 479123934 496183217
458887515 1 458926378 496183217
564797211 1 564881254 496183217
8841863 1 8859495 496183217
575134827 1 575189843 496183217
28542102 1 28632447 496183217
637580881 1 637634853 496183217
152693963 1 152741430 496183217
5428332 1 5430346 496183217
782416866 1 782504020 496183217
524305625 1 524379991 496183217
10543652 1 10595534 496183217
609244072 1 609270561 496183217
477449101 1 477449463 496183217
678239679 1 678324219 496183217
202631970 1 202665689 496183217
105608714 1 105681137 496183217
433920065 1 433940082 496183217
824289243 1 824300504 496183217
752232614 1 752271524 496183217
420542482 1 420589888 496183217
578115066 1 578140432 496183217
805477131 1 805532385 496183217
792028024 1 792125915 496183217
476218642 1 476229100 496183217
256737757 1 256755860 496183217
508776327 1 508793934 496183217
140557689 1 140617927 496183217
279624748 1 279686726 496183217
639097381 1 639151905 496183217
717997621 1 717998535 496183217
695716971 1 695719660 496183217
164014774 1 164023988 496183217
222852907 1 222894246 496183217
195974565 1 196059275 496183217
175264499 1 175351874 496183217
281615570 1 281671625 496183217
598983915 1 599067264 496183217
156829610 1 156907311 496183217
748491389 1 748591225 496183217
308342554 1 308356198 496183217
680089949 1 680143138 496183217
774796613 1 774834223 496183217
601416822 1 601479365 496183217
250290582 1 250345176 496183217
345030991 1 345045243 496183217
85819398 1 85888833 496183217
730212301 1 730229689 496183217
633862423 1 633955982 496183217
820306977 1 820352590 496183217
765369214 1 765456101 496183217
9522971 1 9528046 496183217
134624012 1 134678384 496183217
1161417 1 1222868 496183217
579250962 1 579337588 496183217
256686530 1 256737755 496183217
794839872 1 794865535 496183217
417993814 1 418030772 496183217
799489685 1 799497955 496183217
143699051 1 143750469 496183217
13388474 1 13438110 496183217
660778333 1 660857381 496183217
281153656 1 281229981 496183217
808194372 1 808195753 496183217
199577473 1 199640156 496183217
554315525 1 554406345 496183217
511586628 1 511637753 496183217
672964933 1 672967970 496183217
487150671 1 487186387 496183217
291778561 1 291779970 496183217
407187169 1 407228781 496183217
141178650 1 141219331 496183217
562823175 1 562859317 496183217
750521069 1 750608002 496183217
786344234 1 786439062 496183217
270796976 1 270871579 496183217
117506556 1 117587468 496183217
365107079 1 365148099 496183217
399767232 1 399770004 496183217
812077669 1 812167534 496183217
116504728 1 116509937 496183217
242075231 1 242163958 496183217
136639513 1 136722749 496183217
134347226 1 134443288 496183217
345506183 1 345597514 496183217
138793185 1 138879118 496183217
150756090 1 150761308 496183217
635092237 1 635147293 496183217
403265079 1 403309210 496183217
326310235 1 326324491 496183217
581715709 1 581798223 496183217
158173215 1 158187517 496183217
473649520 1 473730316 496183217
652822324 1 652875613 496183217
149219340 1 149230105 496183217
220404002 1 220440148 496183217
200715824 1 200740842 496183217
335597471 1 335669945 496183217
409813615 1 409841048 496183217
795974926 1 796014499 496183217
55196862 1 55271352 496183217
530305593 1 530311506 496183217
684363956 1 684400471 496183217
220703588 1 220736861 496183217
152127049 1 152157175 496183217
242565401 1 242634350 496183217
536796839 1 536858262 496183217
360337582 1 360407934 496183217
229974709 1 229991198 496183217
644763096 1 644823815 496183217
412507612 1 412599831 496183217
720618712 1 720689893 496183217
611664592 1 611728052 496183217
344122963 1 344141702 496183217
320637786 1 320697393 496183217
16835659 1 16933452 496183217
316187818 1 316251888 496183217
158623228 1 158677352 496183217
79254314 1 79274608 496183217
448400086 1 448457150 496183217
619155932 1 619160090 496183217
639151907 1 639204035 496183217
117149082 1 117236175 496183217
38568741 1 38636753 496183217
173074790 1 173153215 496183217
393866494 1 393931462 496183217
476580501 1 476654107 496183217
78633782 1 78639549 496183217
309985479 1 310018174 496183217
128496314 1 128529608 496183217
699342019 1 699373288 496183217
583222945 1 583232412 496183217
550756524 1 550854771 496183217
5778068 1 5833068 496183217
359597501 1 359635913 496183217
608538094 1 608562703 496183217
282728102 1 282750563 496183217
800343008 1 800355786 496183217
326226146 1 326310233 496183217
821997797 1 822008021 496183217
181480669 1 181579422 496183217
825365651 1 825405070 496183217
788379829 1 788470211 496183217
267359248 1 267414666 496183217
181811926 1 181865369 496183217
821264595 1 821337450 496183217
10662686 1 10680006 496183217
242634352 1 242654857 496183217
646125439 1 646182642 496183217
242518655 1 242565399 496183217
554124451 1 554128764 496183217
765000251 1 765003470 496183217
386760296 1 386770179 496183217
31529177 1 31550130 496183217
456724600 1 456818990 496183217
4546606 1 4581295 496183217
717143733 1 717185848 496183217
177405159 1 177488198 496183217
548459336 1 548553246 496183217
188018647 1 188038116 496183217
625240772 1 625329604 496183217
203103731 1 203192969 496183217
110094696 1 110129102 496183217
243455656 1 243528276 496183217
368616306 1 368704524 496183217
451777062 1 451844545 496183217
752538654 1 752619400 496183217
29017708 1 29027605 496183217
153154353 1 153245220 496183217
297217464 1 297251771 496183217
53866749 1 53950750 496183217
92115286 1 92208309 496183217
618203929 1 618215750 496183217
629433667 1 629435840 496183217
766856426 1 766909622 496183217
482149419 1 482207908 496183217
812654225 1 812702013 496183217
592206601 1 592219830 496183217
648535951 1 648595368 496183217
296764524 1 296820038 496183217
623746752 1 623816088 496183217
456114484 1 456207714 496183217
518125930 1 518183568 496183217
4348709 1 4363914 496183217
462265585 1 462348183 496183217
530684625 1 530720390 496183217
349395618 1 349452815 496183217
293583224 1 293617050 496183217
668218538 1 668257266 496183217
16574887 1 16623554 496183217
328712237 1 328774245 496183217
349452817 1 349458795 496183217
728387698 1 728406668 496183217
618976634 1 619039359 496183217
814437407 1 814438672 496183217
101579711 1 101625295 496183217
491749737 1 491776113 496183217
803893918 1 803950250 496183217
243667265 1 243690210 496183217
329655111 1 329660256 496183217
24473988 1 24507032 496183217
698082505 1 698090136 496183217
771874753 1 771894815 496183217
681061417 1 681104905 496183217
309465881 1 309494668 496183217
545540756 1 545621981 496183217
117487486 1 117506554 496183217
571532299 1 571609652 496183217
789734164 1 789736550 496183217
431483474 1 431488028 496183217
375268186 1 375360626 496183217
587484682 1 587517015 496183217
189895280 1 189969777 496183217
75591012 1 75624584 496183217
270545287 1 270633892 496183217
165725506 1 165726162 496183217
736101199 1 736125035 496183217
623581964 1 623680402 496183217
771608205 1 771703027 496183217
214188462 1 214276398 496183217
453661482 1 453749410 496183217
778880665 1 778882013 496183217
764795051 1 764818657 496183217
337815791 1 337816878 496183217
378685806 1 378696731 496183217
305983120 1 306056866 496183217
758215946 1 758245915 496183217
697056324 1 697132962 496183217
281078918 1 281153654 496183217
661262734 1 661319384 496183217
43869496 1 43921731 496183217
15046591 1 15062981 496183217
440777584 1 440790056 496183217
453468340 1 453501935 496183217
611516586 1 611581427 496183217
84578841 1 84653155 496183217
209736173 1 209813423 496183217
477225767 1 477240282 496183217
416519853 1 416616969 496183217
339470173 1 339497612 496183217
784368096 1 784423127 496183217
307157859 1 307243194 496183217
724772858 1 724837309 496183217
569669402 1 569703690 496183217
438086026 1 438125697 496183217
810786030 1 810816732 496183217
27120276 1 27179343 496183217
100508708 1 100511927 496183217
186031553 1 186102471 496183217
64136260 1 64234663 496183217
672128295 1 672172883 496183217
685576109 1 685578821 496183217
179960548 1 180056169 496183217
804009102 1 804082683 496183217
188328417 1 188388492 496183217
608562705 1 608624291 496183217
360273296 1 360337580 496183217
237761500 1 237816535 496183217
805674749 1 805725399 496183217
145458291 1 145472749 496183217
461198858 1 461234167 496183217
551859068 1 551893761 496183217
124073985 1 124154677 496183217
271290536 1 271334569 496183217
438847675 1 438859402 496183217
691505115 1 691548588 496183217
484945099 1 484989652 496183217
21796268 1 21869056 496183217
323137973 1 323181732 496183217
86642502 1 86650842 496183217
381493126 1 381501016 496183217
518027337 1 518035355 496183217
723972120 1 724009511 496183217
225937915 1 226024385 496183217
390937015 1 390972414 496183217
264435766 1 264478777 496183217
664761339 1 664815214 496183217
587715420 1 587803050 496183217
568211926 1 568284620 496183217
133617171 1 133674350 496183217
421335469 1 421407144 496183217
533510920 1 533564886 496183217
739983928 1 740075986 496183217
407689220 1 407788355 496183217
625721005 1 625727137 496183217
124282571 1 124337082 496183217
133474208 1 133492170 496183217
109952686 1 110005484 496183217
262918634 1 263017668 496183217
619039361 1 619074798 496183217
141804262 1 141902704 496183217
149707794 1 149804026 496183217
138725447 1 138793183 496183217
314017855 1 314074052 496183217
148100016 1 148122809 496183217
730841654 1 730916432 496183217
463205559 1 463263038 496183217
707712791 1 707790535 496183217
93679786 1 93774221 496183217
615299750 1 615387075 496183217
209251828 1 209351298 496183217
434286911 1 434289464 496183217
205526011 1 205556914 496183217
52451742 1 52529488 496183217
201428737 1 201466373 496183217
220894395 1 220978171 496183217
421276210 1 421335467 496183217
699373290 1 699434737 496183217
684400473 1 684461051 496183217
690211000 1 690254537 496183217
471962086 1 471979350 496183217
486299895 1 486323256 496183217
245594620 1 245687021 496183217
171663111 1 171727807 496183217
456818992 1 456867158 496183217
741171866 1 741196645 496183217
487960766 1 488024266 496183217
364760422 1 364799352 496183217
268411625 1 268495677 496183217
225025456 1 225093437 496183217
298488097 1 298578126 496183217
426961363 1 426969586 496183217
658816029 1 658889653 496183217
30653787 1 30708788 496183217
249816362 1 249882755 496183217
667186964 1 667217730 496183217
518269465 1 518301743 496183217
115177160 1 115189796 496183217
740359430 1 740384891 496183217
376674485 1 376707518 496183217
623822185 1 623881284 496183217
575189845 1 575244813 496183217
83443377 1 83518521 496183217
265014704 1 265091505 496183217
221720291 1 221785876 496183217
134934361 1 134973913 496183217
503713668 1 503771158 496183217
732052516 1 732098078 496183217
715451862 1 715486596 496183217
817550237 1 817640551 496183217
488793384 1 488863733 496183217
572677042 1 572725559 496183217
527419051 1 527499446 496183217
109268577 1 109332750 496183217
519469995 1 519555975 496183217
610203456 1 610282227 496183217
524156059 1 524207227 496183217
441238081 1 441244889 496183217
470405658 1 470501089 496183217
689232299 1 689329842 496183217
50695811 1 50709862 496183217
85392062 1 85472153 496183217
737578008 1 737608789 496183217
346546040 1 346645105 496183217
533592509 1 533657339 496183217
716861627 1 716955672 496183217
438485431 1 438488171 496183217
553542486 1 553577837 496183217
349897567 1 349924898 496183217
480647472 1 480660425 496183217
575444347 1 575520080 496183217
86235044 1 86238787 496183217
388650856 1 388718511 496183217
30856620 1 30925570 496183217
535280777 1 535376639 496183217
152280551 1 152325550 496183217
538636036 1 538706898 496183217
597923690 1 597982184 496183217
357961534 1 357980638 496183217
132800585 1 132831281 496183217
204740205 1 204809568 496183217
443432540 1 443457869 496183217
746321106 1 746388206 496183217
347521422 1 347604610 496183217
525974857 1 526054741 496183217
696479860 1 696494924 496183217
32004510 1 32104145 496183217
530987523 1 531006211 496183217
539528794 1 539554377 496183217
413631214 1 413651101 496183217
209678371 1 209689984 496183217
689132787 1 689161787 496183217
32658178 1 32717850 496183217
462899418 1 462944696 496183217
606858226 1 606954972 496183217
179405515 1 179419462 496183217
137896585 1 137903741 496183217
544945925 1 544971168 496183217
12466361 1 12474531 496183217
91544288 1 91621588 496183217
208944381 1 209015631 496183217
384547588 1 384550971 496183217
253738936 1 253831687 496183217
21435949 1 21531319 496183217
10486396 1 10543650 496183217
488521796 1 488551360 496183217
114430952 1 114445827 496183217
592883753 1 592926622 496183217
490965717 1 490992143 496183217
191788517 1 191870010 496183217
33130444 1 33141157 496183217
490313487 1 490336190 496183217
306611465 1 306667494 496183217
431039192 1 431069861 496183217
672543729 1 672591304 496183217
637373617 1 637386697 496183217
263636506 1 263723748 496183217
541474044 1 541492840 496183217
474054963 1 474075861 496183217
446964080 1 447019384 496183217
451844547 1 451937295 496183217
688508025 1 688589825 496183217
576642931 1 576708848 496183217
14223206 1 14307927 496183217
632863780 1 632933630 496183217
347258198 1 347351801 496183217
79942288 1 79974004 496183217
46131994 1 46182658 496183217
754479750 1 754574290 496183217
624726009 1 624773145 496183217
142501712 1 142511067 496183217
480976500 1 481052600 496183217
77341343 1 77413906 496183217
259792727 1 259838178 496183217
320770089 1 320841928 496183217
770303632 1 770395606 496183217
671886142 1 671921574 496183217
575260602 1 575326359 496183217
814092134 1 814129925 496183217
416761771 1 416796212 496183217
654916868 1 654972442 496183217
102065672 1 102147122 496183217
484560695 1 484650293 496183217
82628505 1 82656377 496183217
14385940 1 14413470 496183217
445732880 1 445777066 496183217
25180479 1 25219798 496183217
504168990 1 504188435 496183217
141431877 1 141473661 496183217
223890682 1 223922507 496183217
67987017 1 68080504 496183217
230615258 1 230664662 496183217
347604612 1 347664018 496183217
67782406 1 67843071 496183217
20457312 1 20555640 496183217
634560165 1 634576741 496183217
388133280 1 388221013 496183217
617005522 1 617038931 496183217
316065732 1 316088488 496183217
325303762 1 325350953 496183217
759578026 1 759645125 496183217
282449633 1 282509295 496183217
253171246 1 253208281 496183217
174885005 1 174940258 496183217
416340877 1 416440295 496183217
717792316 1 717866978 496183217
166240912 1 166257003 496183217
193379168 1 193479085 496183217
503040346 1 503070727 496183217
635289510 1 635389394 496183217
289030758 1 289066140 496183217
656485867 1 656510179 496183217
793947640 1 793951533 496183217
334467371 1 334511023 496183217
101398672 1 101484968 496183217
496867806 1 496880794 496183217
420784991 1 420825537 496183217
54792046 1 54813701 496183217
819454897 1 819534110 496183217
318317124 1 318381973 496183217
365059512 1 365107077 496183217
425501415 1 425541670 496183217
654455629 1 654459790 496183217
125066332 1 125141991 496183217
589227498 1 589294539 496183217
88837329 1 88916318 496183217
435536020 1 435582618 496183217
617914450 1 617966555 496183217
507923994 1 507926611 496183217
362917685 1 362923682 496183217
379837455 1 379897762 496183217
49233892 1 49278380 496183217
667313090 1 667337654 496183217
774579026 1 774608931 496183217
802506285 1 802577104 496183217
528638833 1 528733061 496183217
203388916 1 203396455 496183217
176199722 1 176257727 496183217
474075863 1 474098045 496183217
287689878 1 287741213 496183217
663730132 1 663741609 496183217
185698015 1 185765828 496183217
89577164 1 89647313 496183217
18098372 1 18117956 496183217
100374628 1 100415665 496183217
26579134 1 26643124 496183217
38194171 1 38194573 496183217
330944835 1 331011846 496183217
526566968 1 526570261 496183217
184068982 1 184112789 496183217
683787474 1 683821191 496183217
187629412 1 187717809 496183217
612930220 1 613000134 496183217
481976369 1 481984140 496183217
427122298 1 427215510 496183217
108164915 1 108216820 496183217
722890650 1 722971185 496183217
602604055 1 602648095 496183217
197276710 1 197278930 496183217
348885624 1 348946880 496183217
825327807 1 825365649 496183217
470652220 1 470738285 496183217
403034238 1 403109493 496183217
43921733 1 43936214 496183217
661989246 1 662065925 496183217
99468939 1 99471534 496183217
486202914 1 486243112 496183217
571136127 1 571165379 496183217
408925923 1 408961734 496183217
458197479 1 458228999 496183217
21613283 1 21691818 496183217
794119069 1 794120373 496183217
816371854 1 816435875 496183217
729109653 1 729134821 496183217
328855372 1 328881748 496183217
355684348 1 355747005 496183217
747011650 1 747043546 496183217
520574410 1 520608954 496183217
160180133 1 160228314 496183217
616954336 1 617005520 496183217
120932483 1 120971353 496183217
801583719 1 801589240 496183217
15968305 1 16028967 496183217
279837900 1 279935542 496183217
232758953 1 232779227 496183217
27179345 1 27181815 496183217
171486726 1 171582412 496183217
520787598 1 520818973 496183217
565324409 1 565393251 496183217
13901809 1 13986057 496183217
700002439 1 700015606 496183217
792851018 1 792854504 496183217
539004011 1 539097565 496183217
132896193 1 132991048 496183217
201491114 1 201504286 496183217
701233214 1 701262437 496183217
207190463 1 207284396 496183217
291955808 1 291961066 496183217
178097198 1 178179989 496183217
266698164 1 266776975 496183217
778047473 1 778095269 496183217
310115836 1 310116718 496183217
693167438 1 693217690 496183217
87245357 1 87300280 496183217
151943553 1 152012683 496183217
403436749 1 403529057 496183217
516753568 1 516779578 496183217
399770006 1 399848268 496183217
238067758 1 238143406 496183217
624629014 1 624636603 496183217
121331107 1 121364979 496183217
55415309 1 55434300 496183217
84410460 1 84493423 496183217
661186811 1 661253938 496183217
611746649 1 611805924 496183217
282509297 1 282521025 496183217
264306908 1 264389304 496183217
277180466 1 277269928 496183217
793131369 1 793220079 496183217
565612800 1 565629811 496183217
465816494 1 465854305 496183217
10595536 1 10662684 496183217
604248658 1 604292687 496183217
57609883 1 57614626 496183217
315016442 1 315061259 496183217
549943448 1 550005026 496183217
798104447 1 798180238 496183217
603427619 1 603513063 496183217
70487133 1 70509242 496183217
694607483 1 694609620 496183217
211634153 1 211716384 496183217
74385914 1 74433391 496183217
387210608 1 387308229 496183217
238143408 1 238197822 496183217
763824562 1 763846478 496183217
383193624 1 383280700 496183217
495341866 1 495346244 496183217
445932908 1 445933306 496183217
2553499 1 2607406 496183217
679257425 1 679325952 496183217
610847551 1 610862732 496183217
388091584 1 388133278 496183217
398098454 1 398164417 496183217
268555043 1 268600235 496183217
357177145 1 357207465 496183217
39362366 1 39399143 496183217
557414472 1 557511211 496183217
791121077 1 791196727 496183217
759416171 1 759499461 496183217
310255288 1 310277986 496183217
309177070 1 309200300 496183217
1300962 1 1385543 496183217
376056566 1 376130441 496183217
530222236 1 530305591 496183217
402588326 1 402660633 496183217
761047019 1 761105677 496183217
724350276 1 724385915 496183217
151314952 1 151332551 496183217
420948074 1 421040296 496183217
789005407 1 789007935 496183217
367750558 1 367833250 496183217
33668402 1 33736093 496183217
538578294 1 538602589 496183217
489978388 1 489990290 496183217
210205151 1 210251190 496183217
423364823 1 423399855 496183217
280894965 1 280967056 496183217
341513118 1 341584971 496183217
772649908 1 772718104 496183217
590083319 1 590139189 496183217
117864019 1 117867213 496183217
625762021 1 625837276 496183217
378526170 1 378582103 496183217
645075028 1 645118361 496183217
95418891 1 95443651 496183217
427350188 1 427414286 496183217
98592522 1 98659103 496183217
294474147 1 294520112 496183217
417730785 1 417777854 496183217
485270394 1 485354318 496183217
38726350 1 38815307 496183217
307117759 1 307157857 496183217
193958142 1 194026090 496183217
57545133 1 57609881 496183217
68790461 1 68863426 496183217
103410769 1 103453245 496183217
735847561 1 735875922 496183217
385460265 1 385526546 496183217
616740599 1 616825505 496183217
696854172 1 696885658 496183217
534276625 1 534278923 496183217
396984110 1 397025516 496183217
496286168 1 496345393 496183217
749190996 1 749236996 496183217
524689930 1 524772685 496183217
703713211 1 703780120 496183217
478321980 1 478345794 496183217
159434302 1 159517311 496183217
722579353 1 722632942 496183217
768803171 1 768878437 496183217
242353523 1 242447189 496183217
728379083 1 728387696 496183217
479878124 1 479919823 496183217
445497749 1 445565554 496183217
688186460 1 688260530 496183217
60960844 1 61035868 496183217
283432356 1 283508978 496183217
407660670 1 407689218 496183217
431076385 1 431140505 496183217
639526301 1 639536498 496183217
645249009 1 645289326 496183217
668478820 1 668571819 496183217
566746223 1 566755686 496183217
395731159 1 395753082 496183217
196623762 1 196679105 496183217
444648004 1 444659124 496183217
478777977 1 478796162 496183217
177197771 1 177200856 496183217
623697784 1 623746750 496183217
237292436 1 237385754 496183217
613214367 1 613259933 496183217
104818159 1 104878374 496183217
607328069 1 607332307 496183217
634896650 1 634939919 496183217
264734727 1 264752698 496183217
337816880 1 337861099 496183217
98901432 1 98961951 496183217
427855587 1 427891772 496183217
351672088 1 351732203 496183217
227445829 1 227488962 496183217
560590636 1 560671615 496183217
479919825 1 479929507 496183217
811703655 1 811724025 496183217
639204037 1 639225424 496183217
10166840 1 10219791 496183217
617556604 1 617629014 496183217
57862153 1 57953804 496183217
691455891 1 691505113 496183217
738456091 1 738471787 496183217
525345936 1 525349614 496183217
710604037 1 710627840 496183217
181020833 1 181024343 496183217
531704356 1 531723910 496183217
812784637 1 812842565 496183217
245526253 1 245594618 496183217
357207467 1 357305031 496183217
561889474 1 561988705 496183217
260287891 1 260308708 496183217
676643499 1 676697880 496183217
158677354 1 158717544 496183217
744172024 1 744204655 496183217
117867215 1 117938373 496183217
552850966 1 552927145 496183217
826951825 1 827046657 496183217
40160752 1 40203853 496183217
78679055 1 78705616 496183217
661733949 1 661767150 496183217
605860338 1 605934212 496183217
73034138 1 73050806 496183217
736805499 1 736812600 496183217
282820487 1 282886215 496183217
387548544 1 387616498 496183217
53544831 1 53631465 496183217
210838269 1 210935192 496183217
396548744 1 396555789 496183217
395921721 1 395970360 496183217
743502363 1 743556457 496183217
291783619 1 291869067 496183217
332132268 1 332184052 496183217
300325247 1 300337502 496183217
86516490 1 86539210 496183217
363122880 1 363210551 496183217
482828417 1 482866646 496183217
818653745 1 818713688 496183217
237966094 1 238025606 496183217
764573517 1 764590754 496183217
9351220 1 9389957 496183217
72735595 1 72813413 496183217
354947617 1 354955204 496183217
683337919 1 683425897 496183217
528387742 1 528474760 496183217
34006482 1 34066393 496183217
386129213 1 386181949 496183217
16933454 1 16997791 496183217
811279486 1 811352511 496183217
247049187 1 247070243 496183217
283094539 1 283145559 496183217
782384573 1 782416864 496183217
764495278 1 764516183 496183217
629420160 1 629433665 496183217
78211232 1 78285399 496183217
123959067 1 123985268 496183217
160803644 1 160878232 496183217
425265707 1 425265977 496183217
398304531 1 398313983 496183217
421113217 1 421205633 496183217
169089448 1 169152351 496183217
718867157 1 718893724 496183217
611005348 1 611094824 496183217
759811148 1 759857487 496183217
784991567 1 785001927 496183217
777561063 1 777587811 496183217
371693993 1 371788998 496183217
650918829 1 651004710 496183217
455436356 1 455499604 496183217
586626166 1 586695641 496183217
812311588 1 812382043 496183217
84267017 1 84302940 496183217
216121840 1 216191755 496183217
171727809 1 171796257 496183217
275767017 1 275797772 496183217
826302388 1 826335118 496183217
214970254 1 214972736 496183217
779864234 1 779955582 496183217
532197902 1 532208496 496183217
293898580 1 293981020 496183217
582985146 1 583045997 496183217
442940825 1 443035885 496183217
233516408 1 233571728 496183217
566301330 1 566308001 496183217
198213501 1 198230862 496183217
598789637 1 598880555 496183217
460527099 1 460615945 496183217
331373478 1 331430837 496183217
249967374 1 250001638 496183217
572327776 1 572335613 496183217
526996422 1 527022946 496183217
112192506 1 112226920 496183217
673462990 1 673465377 496183217
612713326 1 612739905 496183217
373653378 1 373653508 496183217
145225413 1 145227045 496183217
81852024 1 81896288 496183217
798961136 1 799003427 496183217
563845165 1 563908804 496183217
630926961 1 630990070 496183217
557750701 1 557769350 496183217
289827109 1 289834503 496183217
650276510 1 650305943 496183217
812403615 1 812416064 496183217
614547123 1 614564650 496183217
369703536 1 369742814 496183217
63428828 1 63461835 496183217
677445643 1 677476640 496183217
799003429 1 799040064 496183217
312063679 1 312073295 496183217
455058391 1 455126400 496183217
734886310 1 734898304 496183217
312198607 1 312219909 496183217
523831734 1 523895095 496183217
398942744 1 399003992 496183217
