1733 679311123 863325543
274672233 1 275554212 431662772
291595852 1 291814745 172665109
502898241 1 503513078 863325543
537037143 431662773 537289555 863325543
98383764 517995328 98408517 690660436
356212016 647494159 357145648 863325543
533755147 1 534511904 215831386
97460023 575550363 98058731 863325543
79430209 172665110 80427351 345330218
527476798 575550363 528179388 863325543
53636886 1 54489673 863325543
137350559 517995326 137796087 690660434
31444482 431662773 31493867 863325543
593873211 1 594636805 215831386
28950009 431662772 29116991 647494157
369551589 1 370338458 215831386
152959009 1 153791195 287775181
401324558 1 402068479 215831386
172491305 1 173412159 863325543
161024450 690660437 161483987 863325543
312818151 647494159 313318108 863325543
142970821 1 143608918 287775181
181728159 431662773 182546314 863325543
141694625 575550363 142332722 863325543
428125326 1 428425142 287775181
115443859 690660437 115854745 863325543
41979416 1 42657532 863325543
595706337 345330219 595859300 517995327
315356157 1 315988818 287775181
600233244 345330219 601013613 517995327
541420900 1 541884514 431662772
561710544 1 562510327 172665107
648294172 1 648309368 863325543
480749969 1 480782289 215831386
125903670 215831386 126441136 431662771
538430513 690660437 538719545 863325543
474771781 1 475705375 863325543
306248952 431662772 306685544 863325543
413091791 1 414041593 863325543
135817656 431662773 136483886 647494158
304250608 517995328 304563709 690660436
84037943 575550363 84262718 863325543
293228312 690660437 293966900 863325543
550608027 517995328 550939199 690660436
455456209 345330219 456429965 517995327
508822032 690660437 509512434 863325543
652776126 517995326 653437192 690660434
240917768 1 241138303 863325543
550689139 345330219 551020311 517995327
96262605 1 96861313 287775181
288493864 690660437 288528635 863325543
123522224 1 124175477 431662772
608785381 172665110 609551356 345330218
51189111 345330219 52011178 517995327
650225428 1 650421741 287775181
513029408 1 513636649 863325543
556388426 517995328 556968241 690660436
469567199 431662773 469606694 863325543
20264058 431662772 20554709 863325543
649096597 431662773 649661010 863325543
314425883 215831387 315183814 431662772
260176238 575550363 261121554 863325543
201046717 1 201908935 172665109
570661828 431662773 571392202 647494158
539501681 172665110 540461285 345330218
494107906 431662773 494603599 863325543
625413468 575550363 625465094 863325543
200436453 517995328 200741582 690660436
559311192 517995326 560110975 690660434
628195414 575550363 629077939 863325543
187008034 1 187387368 863325543
652062856 1 652115054 172665107
79430209 517995328 80427351 690660436
100341306 1 100916336 215831386
552281366 287775182 553197699 575550362
95612815 690660437 95620971 863325543
206604357 1 207076570 863325543
216068844 575550363 216714011 863325543
246656768 172665108 246895645 345330216
148586363 215831387 149335857 431662772
229356491 1 229547031 215831386
49928681 575550363 50333533 863325543
660946621 690660437 661403519 863325543
410391160 172665110 410438436 345330218
261121557 1 261173866 863325543
207642371 517995328 207761649 690660436
550608027 690660437 550939199 863325543
221761491 517995328 222229168 690660436
179723744 287775182 179832526 575550362
625474981 1 626015223 172665109
523471465 172665110 524006232 345330218
518207801 215831387 519184749 431662772
22326740 690660435 22826103 863325543
305684852 1 305966896 172665109
480163197 215831387 480575891 431662772
116265636 690660435 117177899 863325543
584888698 1 585066451 215831386
669187995 575550363 669220986 863325543
199703982 647494159 200436448 863325543
540225688 690660437 541185292 863325543
259230921 287775182 260176237 575550362
159186298 1 159645835 172665109
352522078 1 352917307 863325543
327767136 431662773 327885957 647494158
524541009 1 524848935 863325543
363240970 1 364234089 863325543
9668678 1 10050098 172665109
326111690 517995328 326939411 690660436
147911310 345330219 147938233 517995327
466907284 1 466966984 287775181
10958653 647494158 11556175 863325543
562510334 1 562776429 863325543
360854524 172665110 361102164 345330218
427026196 345330219 427575756 517995327
499795613 1 500373360 172665109
114190528 1 114817189 287775181
410233548 647494159 410391155 863325543
533438714 1 533596928 863325543
675366227 1 676045490 431662772
107528531 1 107554333 863325543
567929124 1 568640990 863325543
581228161 431662773 581367947 647494158
630609716 345330219 631588163 517995327
557548061 1 558029732 431662772
532492608 1 532569371 863325543
650714419 1 651284235 863325543
433108380 431662773 433343245 647494158
636459594 1 637145235 863325543
197185763 431662773 197346171 647494158
495140083 215831387 495487628 431662772
307122144 517995328 308070865 690660436
73804654 517995328 74444235 690660436
567294131 1 567929119 172665107
231322502 345330217 231822455 517995325
273763186 287775182 274527659 575550362
581228161 1 581367947 215831386
254357244 647494159 254411977 863325543
21698855 215831387 22209415 431662772
75913518 647494159 76856199 863325543
8224223 575550363 8705705 863325543
19697131 1 20264056 172665107
448445975 1 449418417 863325543
533755147 215831387 534511904 431662772
265069347 172665110 265207167 345330218
321358145 517995328 321678173 690660436
564754175 690660435 565389163 863325543
579003723 287775182 579245731 575550362
491553696 575550363 492193228 863325543
284421556 1 284917627 287775181
356080739 1 357014371 215831386
484817085 575550363 485418342 863325543
386031841 647494158 386306574 863325543
503831790 431662772 504150495 647494157
175178476 172665110 175691249 345330218
615934662 345330219 616482554 517995327
595553373 172665110 595706336 345330218
249879173 1 249990517 287775181
603277062 431662773 604203515 863325543
575183984 1 575576863 431662772
598171050 1 598672503 172665107
81039873 1 81348432 863325543
479924569 1 480337263 215831386
100341306 215831387 100916336 431662772
372661886 690660435 373413786 863325543
73642440 1 74282021 172665109
674580609 287775182 675000883 575550362
477845880 287775182 478716018 575550362
130445889 215831387 131021995 431662772
535408646 215831387 535667223 431662772
110564358 1 110826243 172665109
473688298 172665110 474230038 345330218
9668678 172665110 10050098 345330218
656417312 1 656727547 863325543
245940134 690660435 246179011 863325543
490924508 287775182 491564040 575550362
250599972 215831387 251329823 431662772
535268669 1 535527246 215831386
265116769 517995328 265254589 690660436
472122614 345330219 472905454 517995327
513636657 1 513889636 863325543
407244366 1 408235569 215831386
307122144 690660437 308070865 863325543
208549112 431662773 209073203 863325543
291693362 517995328 291912255 690660436
185379554 215831387 185449556 431662772
593873211 647494159 594636805 863325543
581845773 431662773 582571849 863325543
509430276 345330219 510120678 517995327
193899724 1 194734644 287775181
340686162 287775182 341423300 575550362
122055283 1 122788752 863325543
370129559 647494159 370916428 863325543
542348138 517995328 542796121 690660436
160105374 345330219 160564911 517995327
342969102 431662773 343076069 863325543
425417215 1 426216570 863325543
643299693 1 643727402 287775181
624125294 690660437 624797499 863325543
203756114 1 204284287 215831386
86189804 517995328 86537415 690660436
158921638 690660437 159080121 863325543
38340953 431662773 38346636 647494158
563158182 345330219 564147047 517995327
660946621 1 661403519 172665109
620296271 431662773 620975150 863325543
584072338 172665110 584500613 345330218
130445889 647494159 131021995 863325543
418981813 1 419096234 863325543
467601633 431662773 467842732 647494158
560110976 345330217 560910759 517995325
605869226 1 606611690 863325543
336518620 172665110 337497426 345330218
628195414 1 629077939 287775181
386306575 431662772 386581308 647494157
183364475 172665110 184358053 345330218
648045885 647494159 648222537 863325543
671517761 1 672038268 215831386
331594365 1 332189022 172665109
670103004 1 670810379 431662772
492203577 1 492594067 863325543
61611065 1 61832412 287775181
9668678 345330219 10050098 517995327
426216573 647494159 426621382 863325543
71683930 431662773 72063586 647494158
592033991 1 592626775 431662772
316621483 575550363 317268360 863325543
305684852 345330219 305966896 517995327
426516218 215831387 426921027 431662772
144560925 1 144642719 863325543
304250608 345330219 304563709 517995327
83801552 1 83919745 431662772
537289565 287775182 537860035 575550362
336518620 345330219 337497426 517995327
4925855 1 5686460 431662772
671813150 215831387 672333657 431662772
16007184 517995328 16474765 690660436
92731925 575550363 93024402 863325543
566024153 345330217 566659141 517995325
96861314 287775182 97460022 575550362
563158182 172665110 564147047 345330218
218716897 1 219128559 863325543
647940856 1 648117508 215831386
210857272 287775182 210991845 575550362
224229979 690660437 224701950 863325543
249656483 575550363 249767827 863325543
107580137 1 108416469 863325543
181259491 1 181389911 172665109
34875871 1 34937172 863325543
574263925 647494159 574402653 863325543
393864575 1 394214805 215831386
381525960 690660437 381800322 863325543
605263301 1 605869220 863325543
26818885 1 26981653 215831386
125366203 431662772 125903669 647494157
547142695 287775182 547893783 575550362
38801894 1 38958622 172665109
584888698 647494159 585066451 863325543
315798251 287775182 316430912 575550362
492984562 431662773 493520876 647494158
404335796 1 405094843 215831386
607576507 1 608019404 863325543
655750126 1 656417307 863325543
104218917 1 105128098 215831385
341901156 1 342231628 863325543
554648978 1 555228793 172665109
55342470 1 56264047 863325543
146944327 431662773 147911304 863325543
247902750 431662773 247967167 863325543
464482707 1 465320978 172665107
59041883 1 59505944 172665107
382074693 1 382327264 287775181
77682750 1 77871391 863325543
93806822 1 94611021 863325543
135572565 647494159 136238795 863325543
508822032 1 509512434 172665109
612255340 1 613095791 863325543
643185561 690660437 643280988 863325543
301949213 575550363 302865189 863325543
287456971 647494159 287492806 863325543
69691241 287775182 70370620 575550362
336489629 690660437 337468435 863325543
437480759 345330219 437910057 517995327
490924508 1 491564040 287775181
377413807 287775182 378406214 575550362
461129619 690660435 461967890 863325543
115443859 345330219 115854745 517995327
515315049 1 515331183 863325543
291595852 172665110 291814745 345330218
480163197 647494159 480575891 863325543
147911310 690660437 147938233 863325543
510413969 431662773 510736668 647494158
38915380 517995328 39072108 690660436
480814617 1 481355023 863325543
342562112 1 342957863 863325543
487765691 517995328 488402596 690660436
288511389 172665110 288546160 345330218
181520336 1 181624243 287775181
395265505 1 395760043 863325543
574137574 1 574276302 215831386
400403807 690660435 400587955 863325543
596666688 517995326 597168141 690660434
139132683 1 140104760 863325543
585682326 345330219 586188577 517995327
46876175 1 47525652 431662772
284421556 287775182 284917627 575550362
422668855 1 422929762 172665109
105864563 431662773 106805779 863325543
59505950 1 60337157 287775181
200436453 690660437 200741582 863325543
453508695 1 454482451 172665109
511059376 1 511753472 172665109
366764387 345330217 367693452 517995325
163458923 517995328 163472270 690660436
95612402 517995328 95620558 690660436
179895662 575550363 180577572 863325543
312818151 431662773 313318108 647494158
467314160 431662773 467601632 863325543
362327282 647494159 362796170 863325543
466928325 287775182 466988025 575550362
538430513 1 538719545 172665109
264630915 1 264850125 172665109
358297300 172665110 359283224 345330218
351633879 1 352522068 172665107
207076575 1 207355843 172665109
328004787 1 328832129 287775181
46677700 287775182 46776934 575550362
678022307 1 678143638 287775181
323628524 1 324456245 172665109
346252849 431662773 346343672 863325543
239564431 287775182 239984265 575550362
288493864 517995328 288528635 690660436
468083837 1 468129142 863325543
486066852 575550363 486194895 863325543
407244366 431662773 408235569 647494158
383802884 647494159 384084434 863325543
126978609 1 127678972 215831386
332783681 345330219 333378338 517995327
65012509 1 65309928 287775181
318388341 1 318882373 863325543
548593524 1 549070172 863325543
515416541 215831387 516358304 431662772
29450964 1 30431727 215831386
536156103 1 536218412 863325543
610317333 517995328 611083308 690660436
299146329 431662772 299807261 863325543
178810721 431662773 179124869 863325543
592042304 431662773 592635088 863325543
306685545 1 307122137 431662771
267929844 1 268605723 863325543
557854799 431662773 558336470 863325543
343872506 1 344609629 863325543
105128104 1 106069320 431662772
665386659 345330217 666021764 517995325
156215308 1 156626533 863325543
430151300 431662773 430688131 647494158
287456971 431662773 287492806 647494158
297852613 575550363 298165041 863325543
414041597 575550363 414580459 863325543
77871393 1 78332324 431662772
507883889 287775182 508352958 575550362
650690325 647494159 650714411 863325543
441701256 287775182 442460636 575550362
542734858 345330219 543182841 517995327
430151300 1 430688131 215831386
577064172 215831387 577956877 431662772
327767136 647494159 327885957 863325543
353312538 1 353360262 863325543
424447944 517995328 424932576 690660436
346343682 1 346459854 287775181
303375040 575550363 303666893 863325543
517230852 1 518207800 215831386
65904772 1 66264085 172665109
181614679 287775182 181718586 575550362
321806152 1 322717333 287775181
207635113 1 207754391 172665109
72275544 1 72958988 431662772
621090482 431662772 621205808 647494157
594218888 431662773 594982482 647494158
604491827 1 604877562 863325543
209119779 1 209988524 172665109
540225688 517995328 541185292 690660436
69691241 1 70370620 287775181
254364400 431662773 254419133 647494158
346459855 287775182 346576027 575550362
535839181 287775182 536024314 575550362
261173867 690660437 261225533 863325543
419761688 287775182 420215767 575550362
510448837 215831387 510771536 431662772
273143281 1 273907754 287775181
311756441 517995326 311879170 690660434
42657534 1 43344899 287775181
479097164 1 479924565 863325543
111384261 215831387 112043382 431662772
305797350 517995328 306079394 690660436
585244208 1 585750459 172665109
549546832 287775182 549963616 575550362
254466719 1 255027957 863325543
46407360 690660437 46677698 863325543
293228312 345330219 293966900 517995327
515347324 647494159 516289087 863325543
421899153 1 422668845 863325543
244371043 431662773 245267416 647494158
43199896 287775182 43887261 575550362
437578594 172665110 438007892 345330218
211126426 1 211874140 431662772
445493855 287775182 446088375 575550362
486266111 1 486566025 172665109
409760724 1 409918331 215831386
242456897 431662773 242939775 863325543
87686193 1 88086872 287775181
634938443 1 635200136 863325543
312124631 1 312247360 172665107
400587956 517995326 400772104 690660434
367693453 172665108 368622518 345330216
128838852 287775182 129745143 575550362
638266952 215831387 638703015 431662772
503513084 647494158 503831789 863325543
197185763 647494159 197346171 863325543
98058733 1 98208936 215831386
236944394 345330219 237898405 517995327
410075940 431662773 410233547 647494158
225905543 690660435 225917892 863325543
224701952 1 225303745 287775181
421489387 1 421899152 287775181
410391160 690660437 410438436 863325543
522060119 647494159 522765791 863325543
641568011 1 642338421 431662772
550608027 1 550939199 172665109
225930243 345330217 225942592 517995325
98059999 215831387 98210202 431662772
427026196 172665110 427575756 345330218
161605019 647494159 162592214 863325543
635478794 690660437 636108517 863325543
244147378 1 245043751 215831386
342957870 1 343064837 431662772
201881788 690660437 202744006 863325543
369551589 431662773 370338458 647494158
536784730 1 537037142 431662772
201046717 172665110 201908935 345330218
621321136 1 621436462 215831385
307122144 1 308070865 172665109
632537932 690660435 632949530 863325543
252059682 1 252748043 863325543
472122614 517995328 472905454 690660436
227748942 1 228552712 863325543
382579837 575550363 382832408 863325543
538451887 517995328 538740919 690660436
35054151 1 35968093 287775181
291595852 345330219 291814745 517995327
635200145 172665110 635829868 345330218
501398820 431662773 502013396 647494158
340426868 1 341164006 287775181
510413969 1 510736668 215831386
570107466 215831387 570837840 431662772
532901279 431662773 533297564 647494158
46876175 431662773 47525652 863325543
12153699 215831386 12751221 431662771
513889637 172665110 514091403 345330218
666656871 1 667291976 172665107
233399046 1 233523289 863325543
508822032 172665110 509512434 345330218
200626969 345330219 200932098 517995327
370129559 215831387 370916428 431662772
98059999 647494159 98210202 863325543
95612402 1 95620558 172665109
487765691 345330219 488402596 517995327
629960472 1 630581029 863325543
542348138 1 542796121 172665109
395760049 1 396688798 172665109
545782074 1 546436702 172665109
138687146 1 139132674 172665107
674525670 1 674945944 287775181
284421556 575550363 284917627 863325543
335407417 1 335548662 431662772
643493872 287775182 643921581 575550362
430156194 647494159 430693025 863325543
360854524 1 361102164 172665109
379398627 1 380158847 863325543
362303188 1 362772076 215831386
581507741 1 582233817 431662772
183364475 345330219 184358053 517995327
480163197 431662773 480575891 647494158
468174459 1 468870824 863325543
120826961 690660437 121441121 863325543
551270377 1 551317702 431662772
573286387 1 574137570 863325543
38352327 1 38801883 863325543
147911310 517995328 147938233 690660436
246895646 1 247134523 172665107
193280491 215831387 193590106 431662772
590401223 287775182 591217603 575550362
424447944 690660437 424932576 863325543
512593028 431662772 512738484 647494157
66982714 517995328 67342027 690660436
171955715 1 172223507 431662772
480766148 431662773 480798468 647494158
265717828 345330219 266160032 517995327
495048591 1 495396136 215831386
403496088 1 403978563 863325543
383677224 690660437 383778511 863325543
407244366 215831387 408235569 431662772
576976293 1 577868998 215831386
655420395 1 655649740 863325543
127596332 647494159 128296695 863325543
46677700 1 46776934 287775181
29450964 647494159 30431727 863325543
505781392 431662772 506598102 863325543
389900236 575550363 390004679 863325543
33398620 431662772 33665898 647494157
234460625 1 235313254 863325543
212626158 1 213614919 863325543
290431949 1 291021425 863325543
128838852 575550363 129745143 863325543
650666238 431662773 650690324 647494158
482716715 172665108 483170608 345330216
368622519 1 369551584 172665107
472122614 172665110 472905454 345330218
329990833 1 330792596 863325543
584032139 1 584460414 172665109
585682326 172665110 586188577 345330218
154752760 215831387 155548718 431662772
58113759 345330217 58577820 517995325
428125326 287775182 428425142 575550362
319450064 1 320302298 431662772
387268838 647494159 387717540 863325543
489982005 431662773 490924501 863325543
528179397 1 529139647 863325543
34200460 1 34875860 863325543
420669855 575550363 421079620 863325543
194669746 287775182 195504666 575550362
45006302 431662773 45300135 647494158
392010743 172665110 392937658 345330218
110564358 345330219 110826243 517995327
87793848 287775182 88194527 575550362
293228312 172665110 293966900 345330218
472466378 690660437 473249218 863325543
15895847 1 16363428 172665109
630581034 517995328 631559481 690660436
94611027 1 95111710 863325543
109322542 647494159 109978313 863325543
417403835 215831387 418242336 431662772
16831011 1 17130214 863325543
550382787 690660437 550496596 863325543
270340869 1 270999349 863325543
448012991 647494159 448248252 863325543
405018983 215831387 405778030 431662772
145882271 1 145977346 863325543
510413969 647494159 510736668 863325543
319737161 431662773 320589395 863325543
147911310 1 147938233 172665109
371125334 431662772 371586617 863325543
628195414 287775182 629077939 575550362
346162025 1 346252848 431662772
45326004 1 45596342 172665109
360854524 345330219 361102164 517995327
649096597 1 649661010 431662772
364234093 287775182 364538321 575550362
523471465 1 524006232 172665109
278740950 1 279652764 172665109
7220652 431662773 7999323 647494158
242137666 1 242620544 431662772
391584007 1 392010735 863325543
174333022 1 174665699 863325543
403978568 431662773 404157180 863325543
545817383 345330219 546472011 517995327
86522623 690660437 86870234 863325543
472122614 1 472905454 172665109
171027628 345330219 171491666 517995327
651958458 345330217 652010656 517995325
170365524 690660437 171027620 863325543
3149270 1 4037557 215831386
312818151 1 313318108 215831386
60022474 287775182 60853681 575550362
647316190 345330219 647530125 517995327
416402459 431662773 417225764 647494158
619617391 1 620296270 431662772
494057195 1 494552888 431662772
238852425 1 239564421 863325543
230078245 575550363 230200418 863325543
471627330 1 472122613 172665107
403978568 1 404157180 431662772
504787913 345330219 505284650 517995327
411259383 431662772 412175584 863325543
596012265 690660437 596165228 863325543
384341624 1 385186728 863325543
198239048 215831387 198971514 431662772
470636762 345330217 471132045 517995325
195569574 1 196377664 215831386
433578122 1 434089431 431662772
669220996 1 669359649 287775181
475705384 287775182 476531131 575550362
390027593 1 390292716 863325543
504787913 517995328 505284650 690660436
550380403 517995328 550494212 690660436
327767136 215831387 327885957 431662772
430151300 215831387 430688131 431662772
10431522 1 10958642 863325543
112406382 1 113298452 172665109
489039508 1 489982004 431662772
120897038 517995328 121511198 690660436
68037141 575550363 69032082 863325543
181276776 517995328 181407196 690660436
26198530 1 26818879 863325543
550380403 1 550494212 172665109
38801894 172665110 38958622 345330218
1707857 431662773 2116302 647494158
474011705 345330219 474553445 517995327
659663596 517995328 660305105 690660436
304250608 172665110 304563709 345330218
38340953 215831387 38346636 431662772
601793984 690660437 602574353 863325543
382999048 431662773 383218875 863325543
633772729 172665108 634184327 345330216
46755671 575550363 46854905 863325543
157071571 517995328 157987349 690660436
401324558 215831387 402068479 431662772
678022307 287775182 678143638 575550362
553197700 575550363 554114033 863325543
396688799 172665110 397617548 345330218
394915268 647494159 395265498 863325543
392010743 345330219 392937658 517995327
336489629 1 337468435 172665109
510202841 1 510413960 863325543
615934662 172665110 616482554 345330218
514293177 1 514671032 863325543
243356805 431662773 243454488 647494158
197185763 1 197346171 215831386
311879171 345330217 312001900 517995325
229356491 431662773 229547031 647494158
142332723 287775182 142970820 575550362
235313257 1 236128822 863325543
26818885 431662773 26981653 647494158
305684852 172665110 305966896 345330218
656829960 1 657152335 287775181
246179012 517995326 246417889 690660434
1973149 647494159 2381594 863325543
526071616 1 526774206 287775181
34937178 1 34995660 863325543
500154990 172665110 500732737 345330218
440482482 1 440941872 431662771
565389164 517995326 566024152 690660434
495048591 647494159 495396136 863325543
13348747 1 14244365 863325543
356080739 431662773 357014371 647494158
80787546 431662772 80913707 863325543
239716861 575550363 240136695 863325543
221406732 690660437 221874409 863325543
126978609 215831387 127678972 431662772
656727553 517995328 656778751 690660436
502515124 1 502898233 863325543
109252810 1 109908581 215831386
644451370 1 645380761 287775181
288563416 517995328 289301960 690660436
429871274 1 429889467 863325543
282388210 690660437 283300024 863325543
305797350 690660437 306079394 863325543
333378339 517995328 333972996 690660436
500951114 1 501565690 215831386
71050003 575550363 71154425 863325543
249990553 517995328 250295274 690660436
436662583 575550363 437480752 863325543
112406382 345330219 113298452 517995327
171027628 517995328 171491666 690660436
444899334 1 445493854 287775181
326939412 690660437 327767133 863325543
538451887 345330219 538740919 517995327
495140083 431662773 495487628 647494158
414580460 287775182 415119322 575550362
299807262 1 300468194 431662771
356080739 215831387 357014371 431662772
520161699 647494159 521138647 863325543
648324567 1 649096590 863325543
6447068 215831387 7225739 431662772
335689911 1 336489623 863325543
360854524 690660437 361102164 863325543
647316190 690660437 647530125 863325543
50925234 517995328 51150593 690660436
53042830 517995328 53444644 690660436
265344994 517995328 265787198 690660436
144724525 1 145303393 431662772
333972997 690660437 334567654 863325543
265116769 690660437 265254589 863325543
463644435 172665108 464482706 345330216
597168142 345330217 597669595 517995325
230090202 287775182 230212375 575550362
207635113 345330219 207754391 517995327
392010743 1 392937658 172665109
209905913 690660437 210774658 863325543
75797379 431662773 76740060 647494158
417403835 647494159 418242336 863325543
350745689 172665108 351633878 345330216
315798251 575550363 316430912 863325543
579245732 1 579487740 287775181
574415039 1 575183976 863325543
394214806 215831387 394565036 431662772
437480759 690660437 437910057 863325543
511168084 172665110 511862180 345330218
111088137 1 111747258 215831386
541420900 431662773 541884514 863325543
563158182 690660437 564147047 863325543
83086696 575550363 83801543 863325543
309772291 575550363 310702998 863325543
606611696 1 607576497 863325543
471132046 172665108 471627329 345330216
38801894 690660437 38958622 863325543
313818074 1 314576005 215831386
488250527 690660437 488887432 863325543
258285604 1 259230920 287775181
29450964 215831387 30431727 431662772
388028190 1 388923441 863325543
317915240 1 318151789 431662772
401140403 1 401324551 172665107
230322594 690660435 230822547 863325543
663035248 1 663318143 863325543
272482207 1 272812738 172665109
438879680 431662773 439721543 863325543
602574354 215831387 602606629 431662772
433343246 647494159 433578111 863325543
261201093 172665110 261252759 345330218
110605501 172665110 110867386 345330218
285750318 1 286364660 287775181
143608924 1 144084919 287775181
391185476 1 391584002 863325543
2524751 1 3149260 863325543
6447068 647494159 7225739 863325543
207873678 1 208071580 863325543
169703427 517995328 170365523 690660436
381525960 517995328 381800322 690660436
276522336 215831387 276667865 431662772
17996353 517995326 18563278 690660434
365835321 517995326 366764386 690660434
161483990 215831387 162471185 431662772
31994167 575550363 32804196 863325543
544811039 1 545782072 863325543
664751553 517995326 665386658 690660434
460668474 215831386 460899045 431662771
446682904 1 447205863 863325543
585244208 690660437 585750459 863325543
69691241 575550363 70370620 863325543
88487553 1 89412868 863325543
222342091 1 222814062 172665109
149464163 1 150281447 287775181
656829960 287775182 657152335 575550362
296805397 575550363 297227745 863325543
358297300 690660437 359283224 863325543
678264981 215831387 678955704 431662772
428724960 1 429298111 863325543
484807492 1 485408749 287775181
655649746 431662773 655699935 863325543
438339357 1 439181220 431662772
424447944 1 424932576 172665109
9187189 1 9668671 287775181
435026243 1 435844412 287775181
177229580 1 178112463 863325543
163485097 1 163485762 863325543
158921638 517995328 159080121 690660436
658933967 1 659663590 287775181
321166084 1 321486112 172665109
158921638 345330219 159080121 517995327
434600743 431662772 434813492 863325543
114330652 575550363 114957313 863325543
86522623 345330219 86870234 517995327
288996684 690660437 289735228 863325543
602578259 647494159 602610534 863325543
424632989 172665110 425117621 345330218
75097081 431662773 75534966 863325543
254357244 1 254411977 215831386
115585853 517995328 115996739 690660436
532061443 1 532492605 863325543
145029912 431662773 145608780 863325543
390292723 1 391185474 863325543
647239546 1 647453481 172665109
264671469 172665110 264890679 345330218
64322805 215831387 65008081 431662772
286356871 287775182 286971213 575550362
346769756 431662773 346847305 863325543
72782708 431662773 73466152 863325543
183737052 517995328 184730630 690660436
386856043 1 387130776 215831385
272482207 517995328 272812738 690660436
361349808 1 361826493 863325543
38340953 1 38346636 215831386
443497561 647494159 444337209 863325543
73804654 345330219 74444235 517995327
499795613 690660437 500373360 863325543
312001901 172665108 312124630 345330216
195683359 215831387 196491449 431662772
243376091 215831387 243473774 431662772
387268838 431662773 387717540 647494158
615529523 1 616077415 172665109
381608172 345330219 381882534 517995327
462806163 345330217 463644434 517995325
402021387 647494159 402765308 863325543
293583896 517995328 294322484 690660436
343171815 1 343872502 863325543
33131341 647494158 33398619 863325543
523495820 345330219 524030587 517995327
236944394 690660437 237898405 863325543
641568011 431662773 642338421 863325543
15895847 690660437 16363428 863325543
140104761 1 140899692 863325543
499795613 517995328 500373360 690660436
319376412 431662773 319413237 863325543
382832411 1 383052238 431662772
653437193 345330217 654098259 517995325
51189111 172665110 52011178 345330218
232322410 1 232822363 172665107
230822548 517995326 231322501 690660434
295333098 431662773 295646896 647494158
256955237 431662773 257621063 863325543
225917893 517995326 225930242 690660434
84712279 575550363 85451036 863325543
250885043 431662773 251614894 647494158
467601633 215831387 467842732 431662772
512738485 215831386 512883941 431662771
586256718 431662773 587062920 647494158
346847315 1 347464216 287775181
191446665 517995328 192248491 690660436
3149270 215831387 4037557 431662772
469646194 690660435 470141477 863325543
243356805 1 243454488 215831386
304250608 690660437 304563709 863325543
419210662 1 419761684 863325543
293228312 1 293966900 172665109
303958748 1 304250601 287775181
109322542 431662773 109978313 647494158
602638913 1 603565366 431662772
209905913 517995328 210774658 690660436
505028422 172665110 505525159 345330218
27414509 431662773 28233806 863325543
651906259 517995326 651958457 690660434
627635953 690660437 628176195 863325543
248095847 1 248160102 431662771
578761714 575550363 579003722 863325543
537289565 1 537860035 287775181
33933178 1 34200456 215831385
611849287 1 612255336 863325543
480766148 647494159 480798468 863325543
344609640 431662773 345385831 647494158
522060119 215831387 522765791 431662772
20554710 1 20845361 431662771
523495820 690660437 524030587 863325543
555808610 345330219 556388425 517995327
623453088 517995328 624125293 690660436
434813493 1 435026242 431662771
63641949 1 64327225 215831386
614181623 431662773 615172320 647494158
410485721 1 411259372 863325543
423190673 431662773 423819306 863325543
319376412 1 319413237 431662772
124828736 647494158 125366202 863325543
73804654 690660437 74444235 863325543
249990553 690660437 250295274 863325543
216068844 287775182 216714011 575550362
644303242 431662773 644451365 863325543
112406382 517995328 113298452 690660436
328004787 287775182 328832129 575550362
265344994 690660437 265787198 863325543
33665899 215831386 33933177 431662771
321806152 575550363 322717333 863325543
422921987 172665110 423182894 345330218
71516227 215831387 71895883 431662772
514671037 1 515315041 863325543
431224965 647494159 431931801 863325543
200436453 1 200741582 172665109
404335796 431662773 405094843 647494158
526774207 287775182 527476797 575550362
19130205 172665108 19697130 345330216
247134534 1 247306783 863325543
426216573 1 426621382 215831386
562776438 517995328 563765303 690660436
383373360 172665110 383474647 345330218
672558785 1 672650054 863325543
255783266 1 256538570 431662771
223286035 345330219 223758006 517995327
29283975 1 29450957 215831385
447443618 1 447709526 431662772
422921987 517995328 423182894 690660436
652010657 172665108 652062855 345330216
487165856 517995328 487465770 690660436
492984562 647494159 493520876 863325543
400772105 345330217 400956253 517995325
183364475 690660437 184358053 863325543
98059999 431662773 98210202 647494158
206238313 172665110 206421332 345330218
50925234 172665110 51150593 345330218
231822456 172665108 232322409 345330216
345080059 215831387 345856250 431662772
80913708 1 81039869 431662771
261277202 1 261811387 863325543
215525675 1 216170842 287775181
383802884 431662773 384084434 647494158
373413787 517995326 374165687 690660434
157037761 690660437 157953539 863325543
137796088 345330217 138241616 517995325
677581229 1 677801766 863325543
428227974 575550363 428527790 863325543
354112197 1 355096467 863325543
254294597 1 254357238 863325543
207113823 172665110 207393091 345330218
243103424 1 243230112 863325543
615529523 517995328 616077415 690660436
432873514 215831387 433108379 431662772
613548127 1 614538824 215831386
266229410 1 266651009 431662772
643108836 172665110 643204263 345330218
460437902 431662772 460668473 647494157
626015224 172665110 626555466 345330218
179678092 1 179786874 287775181
29937102 431662773 30917865 647494158
486865941 345330219 487165855 517995327
288493864 1 288528635 172665109
117177900 517995326 118090163 690660434
99372604 1 100341295 863325543
647940856 431662773 648117508 647494158
57649697 517995326 58113758 690660434
545782074 172665110 546436702 345330218
431615475 215831387 432322311 431662772
165322662 1 166161384 431662772
362327282 215831387 362796170 431662772
249990553 345330219 250295274 517995327
587869126 1 588726983 863325543
48175133 215831387 48996047 431662772
596165234 690660435 596666687 863325543
537289565 575550363 537860035 863325543
127596332 431662773 128296695 647494158
163458392 172665110 163471739 345330218
497673116 1 498638599 863325543
71516227 647494159 71895883 863325543
475705384 1 476531131 287775181
75797379 1 76740060 215831386
635200145 517995328 635829868 690660436
92439447 287775182 92731924 575550362
264671469 345330219 264890679 517995327
307122144 345330219 308070865 517995327
112406382 690660437 113298452 863325543
98359147 1 98383900 172665109
163458392 1 163471739 172665109
325283968 345330219 326111689 517995327
539008579 1 539501678 863325543
179678092 575550363 179786874 863325543
31412495 1 31461880 431662772
285427461 1 285582663 863325543
147911310 172665110 147938233 345330218
48175133 647494159 48996047 863325543
243376091 647494159 243473774 863325543
261811397 1 262435739 215831386
244147378 647494159 245043751 863325543
292451211 215831386 292659991 431662771
650618064 1 650642150 215831386
536218419 1 536784728 863325543
467601633 1 467842732 215831386
193050329 1 193165405 863325543
461967891 517995326 462806162 690660434
12751222 1 13348744 215831385
659668618 690660437 660310127 863325543
624797503 575550363 625084606 863325543
42657534 575550363 43344899 863325543
256953943 1 257619769 431662772
498638608 1 499024191 431662772
249990521 172665110 250295242 345330218
656727553 1 656778751 172665109
637830888 1 638266951 215831386
556968242 690660437 557548057 863325543
287474758 215831387 287510593 431662772
535839181 575550363 536024314 863325543
570107466 1 570837840 215831386
359919866 1 360854517 863325543
8150949 575550363 8224216 863325543
247902750 1 247967167 431662772
194669746 575550363 195504666 863325543
9668678 517995328 10050098 690660436
550380403 172665110 550494212 345330218
550689139 172665110 551020311 345330218
513889637 1 514091403 172665109
78212267 431662773 78673198 863325543
634595931 1 634938436 863325543
335548663 431662773 335689908 863325543
211133285 431662773 211880999 863325543
593219564 1 593873203 863325543
24324196 1 24823559 172665107
174665702 1 175178475 172665109
616625319 1 617373336 215831386
639807428 431662773 640687717 647494158
22826104 517995326 23325467 690660434
671517761 431662773 672038268 647494158
224790190 575550363 225391983 863325543
364885016 575550363 364906244 863325543
119914692 1 120826955 172665107
304876822 1 305684848 863325543
383272072 1 383373359 172665109
261201093 517995328 261252759 690660436
571568222 1 572427299 287775181
152959009 287775182 153791195 575550362
23824832 172665108 24324195 345330216
654098260 172665108 654759326 345330216
266229410 431662773 266651009 863325543
8705706 287775182 9187188 575550362
613548127 215831387 614538824 431662772
207642371 172665110 207761649 345330218
164287053 1 164804853 431662772
328004787 575550363 328832129 863325543
647667422 1 647940854 863325543
79430209 690660437 80427351 863325543
8077681 287775182 8150948 575550362
389818700 1 389923143 287775181
646310154 575550363 647239545 863325543
87660470 1 87686183 863325543
387130780 1 387579482 215831386
415658187 1 416481492 215831386
261173867 1 261225533 172665109
204037095 647494159 204565268 863325543
136905030 690660435 137350558 863325543
336518620 517995328 337497426 690660436
86885031 1 87660459 863325543
147965167 431662773 148714661 647494158
157037761 1 157953539 172665109
477845880 575550363 478716018 863325543
409226776 431662772 409493745 863325543
171027628 1 171491666 172665109
98359147 172665110 98383900 345330218
103309735 215831386 104218916 431662771
523471465 517995328 524006232 690660436
515347324 1 516289087 215831386
285413702 1 285427457 863325543
17429427 690660435 17996352 863325543
29116992 215831386 29283974 431662771
371586618 1 372047901 431662771
443497561 215831387 444337209 431662772
583496020 431662773 584032136 863325543
657474719 575550363 658204342 863325543
348081119 690660435 348969308 863325543
212621866 1 212626152 863325543
669281312 575550363 669419965 863325543
172223508 431662773 172491300 863325543
374917589 172665108 375669489 345330216
206238313 345330219 206421332 517995327
84262719 287775182 84487494 575550362
269346156 215831387 269875784 431662772
207642371 690660437 207761649 863325543
265069347 1 265207167 172665109
86522623 172665110 86870234 345330218
524848937 1 525695812 863325543
362327282 431662773 362796170 647494158
301144970 1 302060946 287775181
562776438 1 563765303 172665109
539501681 345330219 540461285 517995327
659663596 172665110 660305105 345330218
157037761 345330219 157953539 517995327
295019299 215831387 295333097 431662772
329659477 1 329825154 863325543
550380403 345330219 550494212 517995327
206238313 1 206421332 172665109
613095794 575550363 613321958 863325543
398546299 517995328 399475048 690660436
433941592 431662773 434452901 863325543
334567665 1 335407411 863325543
321358145 690660437 321678173 863325543
207076575 345330219 207355843 517995327
454482452 172665110 455456208 345330218
24823560 1 25511040 431662772
21698855 431662773 22209415 647494158
178698729 1 179012877 431662772
643108836 1 643204263 172665109
2 575550363 853925 863325543
442460637 575550363 443220017 863325543
321166084 345330219 321486112 517995327
286979007 1 287456964 863325543
437480759 517995328 437910057 690660436
532646136 1 533042421 215831386
229356491 647494159 229547031 863325543
255027961 431662772 255783265 863325543
566659142 172665108 567294130 345330216
44738327 647494159 45032160 863325543
348969309 517995326 349857498 690660434
152699073 1 152959004 863325543
346692206 1 346769755 431662772
63641949 647494159 64327225 863325543
270999359 1 271740780 431662772
656727553 172665110 656778751 345330218
261201093 345330219 261252759 517995327
638703016 431662773 639139079 647494158
128379342 1 129285633 287775181
175691250 345330219 176204023 517995327
448012991 215831387 448248252 431662772
302976927 1 303375039 863325543
209119779 172665110 209988524 345330218
656762181 690660437 656813379 863325543
78793258 1 79790400 172665109
269346156 431662773 269875784 647494158
410391160 1 410438436 172665109
383575936 517995328 383677223 690660436
473688298 1 474230038 172665109
409493746 1 409760715 431662771
656829960 575550363 657152335 863325543
504469202 1 504787907 215831385
20901590 647494159 21131712 863325543
346576028 575550363 346692200 863325543
297540184 287775182 297852612 575550362
118090164 345330217 119002427 517995325
265717828 172665110 266160032 345330218
73804654 172665110 74444235 345330218
506598103 1 507414813 431662771
90338195 1 91242576 863325543
38165132 1 38253037 431662772
658204343 287775182 658933966 575550362
647940856 215831387 648117508 431662772
107010543 1 107528524 863325543
216816011 1 217766451 863325543
191446665 1 192248491 172665109
422668855 345330219 422929762 517995327
427026196 1 427575756 172665109
15895847 172665110 16363428 345330218
650642151 215831387 650666237 431662772
647239546 172665110 647453481 345330218
198971515 431662773 199703981 647494158
81657000 1 82371847 287775181
535785826 1 535970959 287775181
625413468 287775182 625465094 575550362
135817656 215831387 136483886 431662772
275554213 431662773 276436192 863325543
86189804 1 86537415 172665109
87793848 575550363 88194527 863325543
193280491 431662773 193590106 647494158
66623400 345330219 66982713 517995327
21305616 647494159 21816176 863325543
576976293 647494159 577868998 863325543
176716798 690660437 177229571 863325543
295646897 647494159 295960695 863325543
249767828 287775182 249879172 575550362
45596343 172665110 45866681 345330218
543771718 1 544291373 431662772
160564912 517995328 161024449 690660436
511168084 690660437 511862180 863325543
595859301 517995328 596012264 690660436
386581309 215831386 386856042 431662771
667291982 1 668206995 172665109
621436470 1 622108675 172665109
157037761 172665110 157953539 345330218
269346156 647494159 269875784 863325543
652115059 690660435 652776125 863325543
53042830 172665110 53444644 345330218
630581034 1 631559481 172665109
281476395 517995328 282388209 690660436
663318150 431662772 663717297 863325543
402021387 431662773 402765308 647494158
181728159 1 182546314 431662772
114330652 287775182 114957313 575550362
364906255 690660435 365835320 863325543
473688298 690660437 474230038 863325543
44032266 1 44385292 863325543
399475049 690660437 400403798 863325543
288996684 345330219 289735228 517995327
40721702 1 41350556 863325543
256687076 431662773 256894759 863325543
158869326 172665110 159027809 345330218
584072338 517995328 584500613 690660436
223758007 517995328 224229978 690660436
71363281 1 71516216 863325543
269281604 1 269811232 215831386
654759327 1 655420393 172665107
669220996 287775182 669359649 575550362
303666894 287775182 303958747 575550362
410391160 345330219 410438436 517995327
495743684 1 496708395 431662772
466928325 575550363 466988025 863325543
46137021 517995328 46407359 690660436
168379233 172665110 169041329 345330218
309772291 1 310702998 287775181
410425195 517995328 410472471 690660436
249990521 1 250295242 172665109
130445889 431662773 131021995 647494158
138241617 172665108 138687145 345330216
469567199 1 469606694 431662772
483170609 1 483624502 172665107
115443859 1 115854745 172665109
487765691 172665110 488402596 345330218
202771159 1 203263633 863325543
221406732 1 221874409 172665109
676724764 1 677004833 863325543
98383764 690660437 98408517 863325543
519184750 431662773 520161698 647494158
509430276 517995328 510120678 690660436
35054151 287775182 35968093 575550362
389900236 287775182 390004679 575550362
504787913 1 505284650 172665109
424632989 345330219 425117621 517995327
667291982 690660437 668206995 863325543
530753752 287775182 531407596 575550362
661860426 1 662447831 863325543
256538571 1 256746254 431662772
143694129 287775182 144170124 575550362
304250608 1 304563709 172665109
98359147 345330219 98383900 517995327
457403723 690660437 458377479 863325543
460899046 1 461129617 215831385
111088137 431662773 111747258 647494158
639807428 1 640687717 215831386
586256718 215831387 587062920 431662772
628176204 1 628195403 863325543
298165045 1 299146324 863325543
624797503 287775182 625084606 575550362
145977349 1 146944326 431662772
440023091 431662772 440482481 863325543
206238313 517995328 206421332 690660436
383802884 215831387 384084434 431662772
364428080 575550363 364732308 863325543
535408646 647494159 535667223 863325543
279652765 172665110 280564579 345330218
84712279 1 85451036 287775181
622780882 345330219 623453087 517995327
39115357 1 39918524 863325543
508352959 575550363 508822028 863325543
486010016 1 486138059 287775181
58577821 172665108 59041882 345330216
262210372 431662773 262834714 647494158
154623386 1 155419344 215831386
318073154 431662773 318309703 863325543
15139990 1 15895838 863325543
419761688 1 420215767 287775181
264671469 690660437 264890679 863325543
622108676 172665110 622780881 345330218
613548127 647494159 614538824 863325543
265069347 345330219 265207167 517995327
264671469 517995328 264890679 690660436
195569574 431662773 196377664 647494158
626555467 345330219 627095709 517995327
543771718 431662773 544291373 863325543
45866682 345330219 46137020 517995327
416402459 647494159 417225764 863325543
513889637 345330219 514091403 517995327
61168369 575550363 61389716 863325543
151098743 287775182 151898906 575550362
65309929 287775182 65607348 575550362
71516227 1 71895883 215831386
621205809 215831386 621321135 431662771
635200145 345330219 635829868 517995327
492984562 1 493520876 215831386
640456902 215831387 641337191 431662772
483624503 1 484215993 287775181
190063810 1 190755235 431662772
179895662 1 180577572 287775181
514073495 690660437 514275261 863325543
412175585 1 413091786 431662771
243552177 1 244147371 863325543
338447246 1 339437055 863325543
61389717 287775182 61611064 575550362
512447571 647494158 512593027 863325543
575969750 1 576473017 863325543
345080059 647494159 345856250 863325543
558511408 690660435 559311191 863325543
254357244 215831387 254411977 431662772
500951114 647494159 501565690 863325543
180435811 287775182 181117721 575550362
45006302 215831387 45300135 431662772
48890443 431662773 49711357 647494158
659668618 345330219 660310127 517995327
375669490 1 376421390 172665107
440941875 1 441701255 287775181
349857499 345330217 350745688 517995325
276436203 647494159 276581732 863325543
555228794 172665110 555808609 345330218
28783026 647494158 28950008 863325543
272727980 690660437 273058511 863325543
431224965 431662773 431931801 647494158
44738327 1 45032160 215831386
165687999 431662773 166526721 863325543
474011705 517995328 474553445 690660436
530099907 1 530753751 287775181
522060119 1 522765791 215831386
2 1 853925 287775181
206238313 690660437 206421332 863325543
630581034 172665110 631559481 345330218
678022307 575550363 678143638 863325543
599452874 172665110 600233243 345330218
669122011 1 669155002 287775181
270999359 431662773 271740780 863325543
62678903 1 63160424 863325543
429907665 1 430151293 863325543
191726699 345330219 192528525 517995327
278388657 431662773 278564799 863325543
278388657 1 278564799 431662772
374165688 345330217 374917588 517995325
210857272 1 210991845 287775181
669498314 1 670102995 863325543
188220020 431662773 189141909 863325543
315343105 431662773 315354204 863325543
650235914 575550363 650432227 863325543
191446665 690660437 192248491 863325543
183364475 1 184358053 172665109
207113823 690660437 207393091 863325543
241184680 287775182 241684357 575550362
265344994 1 265787198 172665109
639575147 431662773 639691283 863325543
151463218 575550363 152263381 863325543
598672504 1 599452873 172665109
214004123 575550363 214959491 863325543
292033649 647494158 292242429 863325543
332189023 172665110 332783680 345330218
60022474 575550363 60853681 863325543
324456246 172665110 325283967 345330218
197185763 215831387 197346171 431662772
364842558 1 364863786 287775181
220307910 1 220857315 863325543
484018456 575550363 484609946 863325543
167000109 1 167717125 863325543
292868776 1 293048543 863325543
667867514 345330219 668782527 517995327
300845328 431662773 301093581 863325543
79430209 345330219 80427351 517995327
353360269 1 354112195 863325543
67701350 287775182 68696291 575550362
601013614 517995328 601793983 690660436
237604458 517995328 238558469 690660436
551270377 431662773 551317702 863325543
221406732 345330219 221874409 517995327
309772291 287775182 310702998 575550362
262210372 647494159 262834714 863325543
159645836 172665110 160105373 345330218
405853896 1 406549125 431662772
451170321 215831387 451949775 431662772
163458392 690660437 163471739 863325543
608019405 1 608785380 172665109
675633078 431662773 676312341 863325543
416402459 215831387 417225764 431662772
133750695 431662773 134661627 647494158
185634632 431662773 186392820 863325543
327767136 1 327885957 215831386
484817085 287775182 485418342 575550362
437480759 1 437910057 172665109
20845364 1 21075486 215831386
582959903 1 583496019 431662772
407262637 647494159 408253840 863325543
50925234 345330219 51150593 517995327
531407597 575550363 532061441 863325543
48175133 1 48996047 215831386
163458392 345330219 163471739 517995327
38915380 345330219 39072108 517995327
383778514 1 384060064 215831386
311633711 690660435 311756440 863325543
584072338 690660437 584500613 863325543
659663596 1 660305105 172665109
357948013 1 358933937 172665109
67701350 1 68696291 287775181
595400409 1 595553372 172665109
620975155 647494158 621090481 863325543
465320989 1 466114133 287775181
307858543 172665110 308807264 345330218
247306793 431662773 247604766 863325543
618869373 647494159 619617390 863325543
656727553 345330219 656778751 517995327
321154537 1 321166075 863325543
617373337 215831387 618121354 431662772
525732358 431662773 525920253 863325543
92146969 1 92439446 287775181
241138306 1 241637983 287775181
511168084 345330219 511862180 517995327
394565037 431662773 394915267 647494158
383474648 345330219 383575935 517995327
67342028 690660437 67701341 863325543
161483990 1 162471185 215831386
645380762 287775182 646310153 575550362
71258849 1 71363271 287775181
627095710 517995328 627635952 690660436
171164239 690660437 171628277 863325543
181276776 345330219 181407196 517995327
21305616 1 21816176 215831386
263845496 431662773 264630908 863325543
678264981 1 678955704 215831386
288511389 345330219 288546160 517995327
470141478 517995326 470636761 690660434
109252810 215831387 109908581 431662772
276522336 431662773 276667865 647494158
483624503 287775182 484215993 575550362
571568222 575550363 572427299 863325543
609551357 345330219 610317332 517995327
8004413 1 8077680 287775181
380768117 431662773 381451665 863325543
344609640 1 345385831 215831386
285750318 575550363 286364660 863325543
31511274 1 32321303 287775181
639807428 647494159 640687717 863325543
158869326 1 159027809 172665109
250599972 647494159 251329823 863325543
613095794 1 613321958 287775181
579487751 431662772 580357954 863325543
296383048 287775182 296805396 575550362
203756114 215831387 204284287 431662772
581313642 647494159 581453428 863325543
25228117 431662773 25915597 863325543
666021765 172665108 666656870 345330216
36882043 1 37523586 863325543
643185561 345330219 643280988 517995327
204812471 1 205525391 431662772
613095794 287775182 613321958 575550362
584888698 215831387 585066451 431662772
677284909 1 677581220 863325543
240404104 1 240660932 431662772
110564358 517995328 110826243 690660436
154623386 647494159 155419344 863325543
18563279 345330217 19130204 517995325
82371848 287775182 83086695 575550362
405018983 647494159 405778030 863325543
674525670 575550363 674945944 863325543
288563416 1 289301960 172665109
591217604 575550363 592033984 863325543
660992268 172665110 661449166 345330218
515347324 431662773 516289087 647494158
549546832 1 549963616 287775181
570661828 647494159 571392202 863325543
447635191 431662773 447901099 863325543
580357955 1 581228158 431662771
643493872 575550363 643921581 863325543
499009953 431662773 499395536 863325543
51490257 690660437 52312324 863325543
283300035 431662773 283860794 863325543
190632331 431662773 191323756 863325543
504150496 215831386 504469201 431662771
204812471 431662773 205525391 863325543
551365032 1 552281365 287775181
655649746 1 655699935 431662772
197506581 1 198239047 215831386
452729231 647494159 453508685 863325543
101491371 647494158 102400552 863325543
364234093 1 364538321 287775181
214004123 287775182 214959491 575550362
378406215 575550363 379398622 863325543
643108836 517995328 643204263 690660436
547091336 1 547842424 287775181
400956254 172665108 401140402 345330216
625371717 1 625423343 287775181
650225428 287775182 650421741 575550362
477356885 1 478227023 287775181
574263925 431662773 574402653 647494158
149469858 575550363 150287142 863325543
426216573 431662773 426621382 647494158
589584842 1 590401222 287775181
292659992 1 292868772 215831385
75913518 215831387 76856199 431662772
634184328 1 634595926 172665107
507414819 1 507883888 287775181
115443859 172665110 115854745 345330218
669155003 287775182 669187994 575550362
496708396 431662773 497673107 863325543
225967298 1 226858118 863325543
51189111 1 52011178 172665109
233523300 1 234063128 863325543
611083309 690660437 611849284 863325543
248160110 1 248908291 863325543
312247363 1 312818141 863325543
151098743 1 151898906 287775181
316621483 1 317268360 287775181
147965167 647494159 148714661 863325543
147965167 1 148714661 215831386
467641824 647494159 467882923 863325543
417304803 1 418143304 215831386
547142695 575550363 547893783 863325543
364863787 287775182 364885015 575550362
291693362 690660437 291912255 863325543
476420758 575550363 477246505 863325543
513889637 517995328 514091403 690660436
585244208 517995328 585750459 690660436
309019597 1 309395941 863325543
532901279 647494159 533297564 863325543
586256718 647494159 587062920 863325543
3775211 647494159 4663498 863325543
381525960 172665110 381800322 345330218
542348138 690660437 542796121 863325543
294705500 1 295019298 215831386
664116447 690660435 664751552 863325543
554296205 1 554472588 431662772
53042830 345330219 53444644 517995327
382327265 287775182 382579836 575550362
422668855 690660437 422929762 863325543
250599972 1 251329823 215831386
387268838 215831387 387717540 431662772
171027628 172665110 171491666 345330218
219540232 1 220307908 863325543
221761491 172665110 222229168 345330218
280564580 345330219 281476394 517995327
376421399 1 377413806 287775181
291021433 1 291595848 863325543
481355033 690660435 481808926 863325543
487465771 690660437 487765685 863325543
167717136 1 168379232 172665109
499795613 345330219 500373360 517995327
51189111 517995328 52011178 690660436
273143281 575550363 273907754 863325543
533884962 431662773 534641719 647494158
584888698 431662773 585066451 647494158
213614930 1 214570298 287775181
644155118 1 644303241 431662772
23325468 345330217 23824831 517995325
15895847 345330219 16363428 517995327
316621483 287775182 317268360 575550362
272727980 345330219 273058511 517995327
261811397 215831387 262435739 431662772
131344147 1 131928828 863325543
467026687 1 467314159 431662772
465320989 287775182 466114133 575550362
31511274 287775182 32321303 575550362
181259491 690660437 181389911 863325543
247306793 1 247604766 431662772
482262821 345330217 482716714 517995325
321166084 172665110 321486112 345330218
618121355 431662773 618869372 647494158
287456971 1 287492806 215831386
297227755 1 297540183 287775181
577064172 431662773 577956877 647494158
678834138 431662773 679311122 647494158
222814063 172665110 223286034 345330218
49928681 1 50333533 287775181
571568222 287775182 572427299 575550362
53042830 690660437 53444644 863325543
38343821 647494159 38349504 863325543
208071590 1 208595681 431662772
187387379 1 188220019 863325543
161483990 431662773 162471185 647494158
615934662 690660437 616482554 863325543
501398820 215831387 502013396 431662772
660946621 345330219 661403519 517995327
624797503 1 625084606 287775181
543244113 1 543771708 863325543
169041330 345330219 169703426 517995327
581313642 215831387 581453428 431662772
451949776 431662773 452729230 647494158
569352868 1 570107462 863325543
522092209 431662773 522797881 647494158
229737577 1 230078241 863325543
314425883 431662773 315183814 647494158
5686461 431662773 6447066 863325543
409918332 215831387 410075939 431662772
392787013 690660437 393713928 863325543
549620643 575550363 550037427 863325543
209905913 345330219 210774658 517995327
191446665 172665110 192248491 345330218
203756114 431662773 204284287 647494158
322670641 287775182 323581822 575550362
313818074 647494159 314576005 863325543
244371043 215831387 245267416 431662772
660992268 517995328 661449166 690660436
276436203 1 276581732 215831386
57185635 690660435 57649696 863325543
9668678 690660437 10050098 863325543
163485769 1 163886409 863325543
154623386 431662773 155419344 647494158
185379554 647494159 185449556 863325543
639575147 1 639691283 431662772
446088376 575550363 446682896 863325543
667867514 517995328 668782527 690660436
381525960 1 381800322 172665109
545817383 517995328 546472011 690660436
110564358 690660437 110826243 863325543
532646136 215831387 533042421 431662772
267072613 1 267929839 863325543
130191932 1 130768038 215831386
671517761 647494159 672038268 863325543
447975444 1 448210705 215831386
52833255 1 53235069 172665109
11556176 431662772 12153698 647494157
300468199 1 300648458 863325543
263060083 1 263845495 431662772
651854060 690660435 651906258 863325543
193280491 1 193590106 215831386
50738390 1 50963749 172665109
447205870 431662772 447324740 863325543
102400553 431662772 103309734 647494157
456429966 517995328 457403722 690660436
74921606 1 75359491 431662772
234063136 1 234261876 863325543
635200145 1 635829868 172665109
111088137 647494159 111747258 863325543
179327027 1 179678087 863325543
61832413 1 62678902 863325543
421079621 287775182 421489386 575550362
120897038 172665110 121511198 345330218
178112473 1 178698719 863325543
630581034 690660437 631559481 863325543
512883942 1 513029398 215831385
450390866 1 451170320 215831386
149469858 287775182 150287142 575550362
397617549 345330219 398546298 517995327
285582672 1 285750314 863325543
358297300 517995328 359283224 690660436
480766148 215831387 480798468 431662772
134661628 647494159 135572560 863325543
195569574 647494159 196377664 863325543
84487495 1 84712270 287775181
283300035 1 283860794 431662772
65607349 575550363 65904768 863325543
95612402 345330219 95620558 517995327
593873211 215831387 594636805 431662772
586256718 1 587062920 215831386
201881788 345330219 202744006 517995327
119002428 172665108 119914691 345330216
248031591 431662772 248095846 863325543
252748049 1 253721226 863325543
225942593 172665108 225954942 345330216
542348138 172665110 542796121 345330218
431224965 1 431931801 215831386
120826961 1 121441121 172665109
276870793 431662773 277701488 863325543
486010016 287775182 486138059 575550362
229356491 215831387 229547031 431662772
602574354 431662773 602606629 647494158
240404104 431662773 240660932 863325543
236944394 1 237898405 172665109
239564431 1 239984265 287775181
670103004 431662773 670810379 863325543
292242430 431662772 292451210 647494157
545817383 690660437 546472011 863325543
100392000 431662773 100967030 647494158
201046717 517995328 201908935 690660436
176204024 517995328 176716797 690660436
538451887 172665110 538740919 345330218
164287053 431662773 164804853 863325543
98408665 1 99372594 863325543
200436453 172665110 200741582 345330218
276727265 1 277557960 431662772
50925234 690660437 51150593 863325543
392787013 517995328 393713928 690660436
301144970 287775182 302060946 575550362
492984562 215831387 493520876 431662772
131928829 1 132839761 215831386
126441137 1 126978603 215831385
38253038 431662773 38340943 863325543
152959009 575550363 153791195 863325543
95612402 172665110 95620558 345330218
486566026 172665110 486865940 345330218
132839762 215831387 133750694 431662772
83801552 431662773 83919745 863325543
673587864 431662773 674525664 863325543
312818151 215831387 313318108 431662772
35054151 575550363 35968093 863325543
443220026 1 444059674 215831386
502180278 1 502347700 863325543
224701952 287775182 225303745 575550362
380158856 1 380842404 431662772
672650063 1 673587863 431662772
49816963 1 49928671 863325543
504787913 690660437 505284650 863325543
443220026 431662773 444059674 647494158
230078245 1 230200418 287775181
481808927 517995326 482262820 690660434
633361130 345330217 633772728 517995325
560910760 172665108 561710543 345330216
554114042 1 554296197 863325543
360903732 517995328 361151372 690660436
225954943 1 225967292 172665107
1707857 215831387 2116302 431662772
487765691 1 488402596 172665109
64322805 431662773 65008081 647494158
20901590 431662773 21131712 647494158
288563416 172665110 289301960 345330218
3775211 431662773 4663498 647494158
185491648 1 186249836 431662772
535268669 431662773 535527246 647494158
246417890 345330217 246656767 517995325
272727980 172665110 273058511 345330218
185351638 1 185421640 215831386
639139080 647494159 639575143 863325543
447975444 431662773 448210705 647494158
181276776 172665110 181407196 345330218
295960699 1 296383047 287775181
241184680 575550363 241684357 863325543
49928681 287775182 50333533 575550362
632949531 517995326 633361129 690660434
499409778 1 499795607 863325543
539501681 1 540461285 172665109
84712279 287775182 85451036 575550362
287528646 1 288011251 863325543
405853896 431662773 406549125 863325543
232822367 1 233399036 863325543
253721233 1 254294587 863325543
432638648 1 432873513 215831386
6447068 1 7225739 215831386
415119323 1 415658185 287775181
188220020 1 189141909 431662772
423190673 1 423819306 431662772
93024411 1 93806814 863325543
402812403 1 403154244 863325543
237604458 172665110 238558469 345330218
647316190 517995328 647530125 690660436
300648461 1 300896714 431662772
427026196 690660437 427575756 863325543
66264086 172665110 66623399 345330218
447324741 1 447443611 431662771
26818885 647494159 26981653 863325543
521138652 1 522060117 863325543
357948013 345330219 358933937 517995327
315333947 1 315345046 431662772
372047911 1 372661884 863325543
193280491 647494159 193590106 863325543
340426868 575550363 341164006 863325543
1707857 1 2116302 215831386
419761688 575550363 420215767 863325543
346847315 287775182 347464216 575550362
123802656 431662773 124455909 863325543
181614679 575550363 181718586 863325543
120826961 345330219 121441121 517995327
533755147 647494159 534511904 863325543
207113823 517995328 207393091 690660436
435844413 287775182 436662582 575550362
427374933 517995328 427924493 690660436
678834138 647494159 679311122 863325543
95628721 1 96262601 863325543
597669596 172665108 598171049 345330216
347271259 575550363 347888160 863325543
554296205 431662773 554472588 863325543
100341306 647494159 100916336 863325543
575576864 431662773 575969743 863325543
511168084 517995328 511862180 690660436
2 287775182 853925 575550362
525695814 1 525883709 431662772
71154426 287775182 71258848 575550362
27144425 1 27963722 431662772
26818885 215831387 26981653 431662772
574137574 215831387 574276302 431662772
663717298 1 664116445 431662771
417304803 431662773 418143304 647494158
667867514 172665110 668782527 345330218
210924844 575550363 211059417 863325543
460207330 647494158 460437901 863325543
290040514 1 290431940 863325543
143608924 575550363 144084919 863325543
20901590 215831387 21131712 431662772
584032139 345330219 584460414 517995327
458377488 1 459292405 863325543
465726479 575550363 466519623 863325543
135572565 1 136238795 215831386
602574354 1 602606629 215831386
112406382 172665110 113298452 345330218
185351638 431662773 185421640 647494158
