1194 462477058 904219503
182741717 452109753 183291937 904219503
307181289 602813003 308005881 904219503
119834634 542531704 120018985 723375604
279723267 602813003 280429189 904219503
327934657 1 328810152 301406501
284396875 1 285200125 226054876
273020999 542531704 273300249 723375604
390504186 226054877 391044616 452109752
403047181 723375603 403103430 904219503
45495577 542531704 46283416 723375604
264561414 226054876 264892319 452109751
146035901 1 146442297 904219503
308830475 1 309655067 301406501
59448683 678164628 60105308 904219503
919440 361687803 1565407 542531703
247880244 301406502 248079312 602813002
381665411 452109753 382327831 904219503
87665336 602813003 88121578 904219503
68259124 542531704 69188691 723375604
391044617 452109753 391585047 678164628
51732453 542531704 52250552 723375604
136525668 452109753 137266812 904219503
227221558 602813003 227981615 904219503
273579505 1 273857025 180843901
97978520 542531702 98325737 723375602
450872306 452109753 451838041 904219503
387911451 226054877 388082671 452109752
281135113 1 281841035 301406501
210283557 723375605 211096259 904219503
313655829 1 313808159 452109752
236828244 1 237011958 904219503
51117712 1 51425079 301406501
258118679 180843902 259043526 361687802
430320318 226054877 430450936 452109752
189941309 452109753 190800419 904219503
42321686 301406502 42800125 602813002
358314601 180843902 358814194 361687802
154462813 1 155279041 904219503
432479390 180843902 432750769 361687802
300286008 452109753 301265961 904219503
202266479 301406502 202669749 602813002
454599461 226054877 455138560 452109752
33352518 452109753 34334096 904219503
230518920 226054877 230807860 452109752
76363193 678164629 76878118 904219503
75881137 1 75975777 301406501
354493405 452109753 354739918 678164628
380667754 602813003 381073369 904219503
249916436 1 250693919 452109752
53901218 678164629 54278738 904219503
99545881 226054877 100303646 452109752
362781540 226054877 363739142 452109752
4047351 301406502 4438001 602813002
92310365 1 92962877 452109752
334097509 1 334606335 452109752
294509438 602813003 294920224 904219503
113187254 1 113956432 452109752
348062369 1 348400512 180843901
327934657 602813003 328810152 904219503
163380902 301406502 164046926 602813002
353301408 723375605 353752475 904219503
281841041 678164628 282265698 904219503
456990059 1 457023694 180843899
403159681 361687801 403215930 542531701
120210296 542531704 120263544 723375604
170066370 723375603 170342114 904219503
23895182 1 24426445 904219503
77911747 602813003 78603238 904219503
338206642 361687801 338965381 542531701
251471409 1 252435964 301406501
397297398 1 398060001 180843901
320811325 226054876 321648787 452109751
310192889 301406502 310669605 602813002
166846236 1 167387419 904219503
195957466 1 196385994 904219503
375237275 452109753 375644802 904219503
257236484 542531704 257244650 723375604
348738660 1 349190195 904219503
223153277 226054877 223743272 452109752
122799585 1 123674298 180843901
266743571 226054876 267503742 452109751
227195785 1 227208668 180843901
27249563 301406502 27972558 602813002
146562392 602813003 147088883 904219503
26106539 723375605 26526561 904219503
68259124 180843902 69188691 361687802
150017019 1 150957614 301406501
403215931 180843900 403272180 361687800
127537689 1 128499202 904219503
381665411 1 382327831 452109752
58413856 1 58931267 226054876
313960498 602813003 314651027 904219503
376375715 452109752 377143376 904219503
321648788 1 322486250 226054875
34498188 1 34913731 226054876
312891897 1 313655824 904219503
43834201 452109753 44404958 678164628
361789591 180843900 361806761 361687800
227202146 542531704 227215029 723375604
8975414 226054877 9431749 452109752
183291944 301406502 184140839 602813002
268263918 1 269215333 180843901
223153277 452109753 223743272 678164628
314651028 301406502 315341557 602813002
347752383 180843902 347977925 361687802
394084494 1 394599216 226054876
378080971 180843902 378808327 361687802
305492559 452109753 306362572 678164628
287498494 361687803 287603106 542531703
202391220 602813003 202794490 904219503
395113943 1 395583201 904219503
103496036 1 103767199 180843901
206248588 452109753 206858964 678164628
283539675 1 284396870 904219503
185395515 361687803 185728082 542531703
196816206 1 197520086 904219503
20670851 452109753 21304673 904219503
34334107 1 34416142 301406501
179719687 1 179775203 904219503
205024266 452109753 205470078 678164628
163297007 361687801 163324969 542531701
434661590 1 435209924 301406501
17421961 542531704 17607131 723375604
442251676 1 443115128 226054876
171659884 180843902 172442417 361687802
322486252 1 323118412 904219503
63366002 1 64268616 904219503
346273346 1 346942308 452109752
292479279 1 292720993 180843901
255448161 678164629 256018199 904219503
4047351 1 4438001 301406501
248764766 180843902 249583791 361687802
424518701 226054877 424595967 452109752
161651339 542531704 162019887 723375604
167387426 180843902 168124747 361687802
220887692 602813003 221875134 904219503
111042565 1 111946655 904219503
26526567 1 27249562 301406501
52206627 361687803 52724726 542531703
348295143 542531704 348633286 723375604
153138442 678164629 153959671 904219503
256785179 226054877 257106213 452109752
233991634 361687803 234387106 542531703
2 1 919438 904219503
163241081 723375603 163269043 904219503
253400521 602813003 254365076 904219503
355236608 723375605 355334595 904219503
176633920 361687801 177050265 542531701
104173333 1 104764709 180843901
354143537 301406502 354354939 602813002
366931722 361687803 367676885 542531703
106561961 361687803 107164897 542531703
377911048 361687803 378638404 542531703
185395515 1 185728082 180843901
192400397 301406502 193211823 602813002
453056792 301406502 453608557 602813002
58633542 226054877 59150953 452109752
235309388 452109753 236068813 904219503
396621552 452109753 396959470 678164628
389963755 1 390504185 226054876
151898216 1 152076117 452109752
79252137 301406502 79675191 602813002
455916516 1 456275816 301406501
397987375 542531704 398749978 723375604
425438328 1 425820870 301406501
17604151 180843902 17789321 361687802
373619637 602813003 374506248 904219503
449817590 542531704 450188378 723375604
202266479 1 202669749 301406501
148932307 602813003 149474661 904219503
194290293 452109753 195123874 904219503
138036639 361687801 138299756 542531701
422823804 1 423194460 301406501
389034208 301406502 389790223 602813002
43834201 226054877 44404958 452109752
230972172 1 231448405 904219503
99367398 1 99456636 301406501
410253127 226054877 411214098 452109752
369690216 301406502 370418871 602813002
373056513 301406502 373943124 602813002
360000933 1 360191416 904219503
416574282 723375603 417347186 904219503
368542688 1 369116450 301406501
130038935 452109753 130617146 904219503
121647868 602813003 122332233 904219503
158211801 452109753 158593076 904219503
293446139 723375605 293687853 904219503
230394281 678164629 230683221 904219503
394084494 678164629 394599216 904219503
152820344 1 153641573 226054876
424518701 452109753 424595967 678164628
295003867 452109753 295268028 904219503
418120092 361687801 418892996 542531701
43752887 1 43779989 301406501
243808710 452109752 244510791 904219503
420438812 1 421233807 301406501
185094108 301406502 185198478 602813002
119803925 723375605 119988276 904219503
383447663 452109753 384001430 904219503
275328544 226054877 276294230 452109752
62896183 361687803 62930995 542531703
297446692 602813003 298403940 904219503
354493405 1 354739918 226054876
138994986 1 139425093 226054876
28695565 1 29235064 904219503
44975726 1 45763565 180843901
112133636 452109753 112672562 904219503
31546204 1 31592080 180843901
399973840 1 400837663 452109752
458525766 602813003 459386750 904219503
64268621 1 64407235 452109752
305492559 678164629 306362572 904219503
220197623 1 220542652 452109752
135784523 1 136525667 452109752
18903879 1 19459666 301406501
54278739 1 54870218 301406501
283115015 1 283539672 226054875
384097800 1 384561435 301406501
274987730 226054877 275097040 452109752
75278992 723375605 75700398 904219503
126686238 602813003 127537682 904219503
131365328 1 131739415 301406501
133410742 452109753 133653961 678164628
161289280 180843902 161657828 361687802
21938502 1 22916838 301406501
5750999 226054877 6348392 452109752
53523697 452109753 53901217 678164628
284396875 452109753 285200125 678164628
365816552 180843902 366242581 361687802
348295143 180843902 348633286 361687802
48673424 1 48805345 301406501
439016735 452109753 439272074 904219503
178214592 301406502 179008728 602813002
46656128 301406502 46912266 602813002
44209189 678164629 44779946 904219503
12739634 1 12919408 452109752
140706596 301406502 140706938 602813002
197520094 452109753 198514577 904219503
86793890 361687803 86877302 542531703
299227157 1 299756577 226054876
247327910 180843902 247622335 361687802
99545881 1 100303646 226054876
88577822 1 89034064 301406501
235178063 1 235309386 904219503
242063553 226054877 242645268 452109752
347752383 542531704 347977925 723375604
309655070 1 309923977 904219503
122332237 1 122799577 904219503
170617860 361687801 170893604 542531701
454160331 452109753 454699430 678164628
453095233 602813003 453646998 904219503
120279136 1 120963501 301406501
133328621 1 133571840 226054876
247880244 602813003 248079312 904219503
45495577 361687803 46283416 542531703
204920352 226054877 205366164 452109752
153138442 452109753 153959671 678164628
44975726 180843902 45763565 361687802
159602770 361687803 160099900 542531703
8224286 1 8441266 301406501
173010172 1 173691586 904219503
214776656 1 215485326 226054876
31546204 542531704 31592080 723375604
385025072 602813003 385488707 904219503
289326358 452109753 290015954 904219503
31821209 452109752 32004450 678164627
15732052 542531704 16691241 723375604
161289280 1 161657828 180843901
77100283 1 77273187 226054876
19517143 542531704 19688932 723375604
13275312 180843902 13597588 361687802
456767358 542531704 456811435 723375604
287516792 723375605 287621404 904219503
403328438 452109753 403878555 678164628
205811987 678164629 206422363 904219503
107164898 542531704 107767834 723375604
353301408 542531704 353752475 723375604
409292155 1 410253126 226054876
167433101 723375605 168170422 904219503
120210296 361687803 120263544 542531703
199509069 602813003 200109940 904219503
397987375 723375605 398749978 904219503
112109390 1 112648316 452109752
203073029 1 203911015 301406501
1357385 180843902 2003352 361687802
43807093 602813003 43834195 904219503
456889151 542531702 456922786 723375602
5750999 452109753 6348392 678164628
387911451 678164629 388082671 904219503
200775595 452109753 201521033 904219503
162136272 452109753 162743614 678164628
180060959 452109753 180323309 904219503
65405299 1 66385597 904219503
217611343 452109752 218583327 904219503
397987375 180843902 398749978 361687802
76070423 452109753 76585348 678164628
453056792 1 453608557 301406501
403328438 678164629 403878555 904219503
277063338 1 277685722 904219503
62109415 452109753 62506132 904219503
428516790 602813003 429025943 904219503
218583328 1 219555312 452109751
353168453 361687803 353619520 542531703
62868637 1 62903449 180843901
221457788 301406502 222445230 602813002
114725616 1 115391288 904219503
288208275 723375605 288750389 904219503
97631302 723375603 97978519 904219503
257236484 723375605 257244650 904219503
47898942 226054876 48286182 452109751
64545858 1 64729952 452109752
302245922 1 303227498 301406501
429025951 1 429656203 301406501
329775658 452109753 330076115 678164628
88121579 301406502 88577821 602813002
163352933 1 163380895 180843899
424518701 678164629 424595967 904219503
120172638 180843902 120225886 361687802
180355439 1 180888718 904219503
225859067 301406502 226527422 602813002
456956423 180843900 456990058 361687800
193893529 1 193972800 904219503
171659884 723375605 172442417 904219503
118909269 678164629 119691481 904219503
189735574 1 190594684 452109752
177882968 723375603 177932654 904219503
280429190 301406502 281135112 602813002
308005882 301406502 308830474 602813002
152266041 452109753 152289895 904219503
77446093 301406502 78137584 602813002
439527416 1 440205031 226054876
220887692 1 221875134 301406501
357344530 1 358314594 452109751
34816701 678164629 35232244 904219503
43834201 1 44404958 226054876
418892997 180843900 419665901 361687800
269215334 180843902 270166749 361687802
206248588 226054877 206858964 452109752
287516792 542531704 287621404 723375604
343151391 180843900 344040898 361687800
376041122 226054877 376366024 452109752
375725909 452109753 376050811 678164628
449624179 180843902 449994967 361687802
405920395 1 406602960 452109752
275131958 452109753 276097644 678164628
404428676 452109753 405174531 678164628
456811436 723375605 456855513 904219503
145577113 1 146035896 904219503
89034065 1 89558797 226054876
74014771 180843902 74436177 361687802
82008757 1 82473848 452109752
333144774 1 334097506 226054875
386109094 1 386973305 226054876
196423277 542531704 196638378 723375604
157845952 1 158227227 452109752
63080847 301406502 63223422 602813002
355271563 542531704 355369550 723375604
9880543 361687803 10437882 542531703
423565120 1 424518692 904219503
8658256 452109753 9114591 678164628
298647738 301406502 298937446 602813002
132959548 678164629 133144080 904219503
122799585 723375605 123674298 904219503
354493405 226054877 354739918 452109752
295003867 1 295268028 452109752
163380902 1 164046926 301406501
360762951 1 361738068 904219503
460863952 301406502 461809762 602813002
20670851 1 21304673 452109752
147615376 1 148141867 301406501
230394281 1 230683221 226054876
47063689 1 47094069 301406501
346318871 452109753 346987833 904219503
143049865 301406502 144023688 602813002
347752383 361687803 347977925 542531703
455916516 602813003 456275816 904219503
6794978 452109753 7202346 904219503
332192041 226054876 333144773 452109751
91816419 1 92310354 301406501
286003383 301406502 286750936 602813002
185198479 1 185302849 301406501
380667754 1 381073369 301406501
37943452 1 38444705 226054875
385488710 1 385798898 904219503
140706596 1 140706938 301406501
103757484 542531704 104028647 723375604
43278573 1 43515724 226054876
185543087 723375605 185875654 904219503
103496036 180843902 103767199 361687802
76070423 1 76585348 226054876
444842035 678164629 445705487 904219503
403679561 226054877 404229678 452109752
407285537 301406502 408051408 602813002
104519559 723375605 105110935 904219503
168862077 301406502 169091911 602813002
443115129 226054877 443978581 452109752
264230508 452109752 264561413 678164627
456056378 301406502 456415678 602813002
115391294 1 116243672 904219503
178131405 1 178925541 301406501
211422304 452109753 212374018 904219503
254673099 452109753 255214638 904219503
273198361 180843902 273477611 361687802
425820874 1 426651155 301406501
447906229 301406502 448765200 602813002
188927872 1 189489385 301406501
386109094 678164629 386973305 904219503
338965382 180843900 339724121 361687800
349814992 180843902 350682395 361687802
90685359 1 90756947 452109752
417347187 542531702 418120091 723375602
408817283 1 409292147 904219503
449624179 1 449994967 180843901
315341558 1 316032087 301406501
375644803 1 375725904 904219503
323118415 542531704 323814502 723375604
326333887 301406502 327134268 602813002
325907316 226054877 326310969 452109752
86793890 723375605 86877302 904219503
177050266 180843900 177466611 361687800
196423277 723375605 196638378 904219503
312865607 1 312891893 904219503
162026386 1 162633728 226054876
353168453 1 353619520 180843901
235309388 1 236068813 452109752
84807621 452109753 85800750 678164628
378080971 723375605 378808327 904219503
32187693 1 32370934 226054875
365654357 723375605 366080386 904219503
194290293 1 195123874 452109752
183291944 1 184140839 301406501
186790610 1 187113385 904219503
215485327 226054877 216193997 452109752
10685618 361687803 11489069 542531703
72673142 1 73593362 226054875
32370939 1 33352517 452109752
8975414 678164629 9431749 904219503
456723280 361687803 456767357 542531703
298647738 1 298937446 301406501
456922787 361687801 456956422 542531701
130991240 301406502 131365327 602813002
449624179 723375605 449994967 904219503
414855159 226054876 415714716 452109751
174519414 602813003 174946684 904219503
133328621 678164629 133571840 904219503
13099189 542531704 13421465 723375604
17421961 361687803 17607131 542531703
374829747 1 375237274 452109752
12894017 452109753 13073791 904219503
94434801 452109752 94895377 904219503
429109665 602813003 429739917 904219503
44975726 723375605 45763565 904219503
427481443 1 427498475 904219503
255448161 226054877 256018199 452109752
326333887 602813003 327134268 904219503
293687864 1 294098650 301406501
310416035 602813003 310892751 904219503
123090240 542531704 123964953 723375604
260424824 1 261236230 904219503
10685618 723375605 11489069 904219503
448594420 602813003 449453391 904219503
432750770 361687803 433022149 542531703
132959548 226054877 133144080 452109752
395945714 1 396283632 226054876
456855515 723375603 456889150 904219503
325907316 678164629 326310969 904219503
318878941 226054876 318939722 452109751
211422304 1 212374018 452109752
55461704 602813003 56443998 904219503
187436162 1 187620500 301406501
36439690 678164628 36940943 904219503
77100283 678164629 77273187 904219503
152820344 226054877 153641573 452109752
264892320 1 265223225 226054875
329685659 1 329986116 226054876
75700400 1 75881127 904219503
177932655 542531702 177982341 723375602
93615398 1 94025097 452109752
433564920 602813003 434113254 904219503
344930409 1 345193372 226054876
439016735 1 439272074 452109752
7202355 226054877 7713318 452109752
38963344 1 39917518 904219503
404428676 678164629 405174531 904219503
456635124 1 456679201 180843901
255599428 452109753 256169466 678164628
247880244 1 248079312 301406501
214051194 452109753 214776650 904219503
47073647 602813003 47104027 904219503
454599461 678164629 455138560 904219503
104173333 180843902 104764709 361687802
263899602 678164628 264230507 904219503
292720994 180843902 292962708 361687802
294975987 602813003 295003862 904219503
14571811 678164629 15451720 904219503
68259124 361687803 69188691 542531703
234782580 723375605 235178052 904219503
13743745 1 14623654 226054876
355236608 361687803 355334595 542531703
140318661 1 140706593 904219503
102680846 1 103148657 904219503
77446093 1 78137584 301406501
19517143 361687803 19688932 542531703
191453803 1 191862228 301406501
430320318 678164629 430450936 904219503
425055785 301406502 425438327 602813002
46551411 1 46807549 301406501
118239492 452109753 119021704 678164628
285079657 678164629 285882907 904219503
171445100 542531704 172227633 723375604
262047638 1 262973617 452109752
148932307 1 149474661 301406501
295532194 1 296489442 301406501
364696746 678164629 365654348 904219503
361738078 723375603 361755248 904219503
298403948 452109752 298525842 904219503
361755249 542531702 361772419 723375602
24426447 1 24846469 180843901
345456340 1 345864840 301406501
108370782 1 109045205 904219503
139855206 1 140086930 452109752
139335160 452109753 139765267 678164628
73593364 1 74014770 180843901
175801228 723375603 176217573 904219503
19459676 723375605 19631465 904219503
170342115 542531702 170617859 723375602
80105338 678164629 81025450 904219503
275131958 1 276097644 226054876
148932307 301406502 149474661 602813002
345456340 602813003 345864840 904219503
167433101 361687803 168170422 542531703
4828663 452109753 5010733 904219503
387911451 1 388082671 226054876
48673424 602813003 48805345 904219503
187804844 602813003 188366357 904219503
316829685 1 317793525 452109752
7239620 452109753 7750583 678164628
97500059 1 97631291 904219503
124761336 226054877 124978496 452109752
324510597 1 325018584 904219503
272069582 723375605 273020997 904219503
229501732 1 230394280 904219503
50738397 602813003 50928050 904219503
31546204 361687803 31592080 542531703
290557710 1 291339253 904219503
404428676 226054877 405174531 452109752
83284151 542531704 84218485 723375604
337447902 542531702 338206641 723375602
237011960 1 237809563 301406501
20163369 1 20581728 904219503
58633542 678164629 59150953 904219503
161191722 452109753 161240499 678164628
137266817 1 137510393 904219503
139855206 452109753 140086930 904219503
245643633 452109753 246420650 904219503
67050961 452109753 67653573 904219503
248278383 1 249097408 180843901
330286575 678164628 331239307 904219503
111946658 1 112109382 904219503
13099189 1 13421465 180843901
178131405 602813003 178925541 904219503
361823937 1 362781539 226054876
176217574 542531702 176633919 723375602
368701814 301406502 369275576 602813002
391585048 678164629 392125478 904219503
248278383 542531704 249097408 723375604
387837520 1 387911444 904219503
241481837 1 242063552 226054876
342261883 361687801 343151390 542531701
224042574 723375605 224616639 904219503
377911048 1 378638404 180843901
358642432 361687803 359142025 542531703
204806121 301406502 204863231 602813002
6387609 1 6794977 452109752
359692733 361687803 359849951 542531703
460210485 1 461156295 301406501
252435965 301406502 253400520 602813002
10685618 1 11489069 180843901
174946685 301406502 175373955 602813002
303227499 301406502 304209075 602813002
21938502 602813003 22916838 904219503
398879542 542531704 399455151 723375604
193972806 1 194131548 180843901
246766917 1 246867776 301406501
55461704 301406502 56443998 602813002
177466612 1 177882957 180843899
299276127 226054877 299805547 452109752
15503572 723375605 16462761 904219503
193972806 180843902 194131548 361687802
125834793 301406502 126686237 602813002
299227157 452109753 299756577 678164628
377911048 542531704 378638404 723375604
396959471 678164629 397297389 904219503
287498494 180843902 287603106 361687802
12292522 1 12516075 452109752
95355961 1 95624354 904219503
318939723 1 319000504 226054875
240763163 678164629 241481827 904219503
10685618 180843902 11489069 361687802
354493405 678164629 354739918 904219503
369948449 602813003 370677104 904219503
396283633 226054877 396621551 452109752
344040899 1 344930406 180843899
144997519 1 145577108 904219503
440882648 1 441567156 452109752
227195785 361687803 227208668 542531703
171445100 361687803 172227633 542531703
209470854 542531704 210283556 723375604
239325833 226054877 240044497 452109752
273020999 1 273300249 180843901
192400397 602813003 193211823 904219503
204863232 602813003 204920342 904219503
152301740 602813003 152561038 904219503
341372375 542531702 342261882 723375602
392125483 1 393104987 301406501
232265248 226054877 232903270 452109752
296489443 301406502 297446691 602813002
422823804 301406502 423194460 602813002
138562875 1 138825992 180843899
19459676 180843902 19631465 361687802
452339942 1 453056782 904219503
457972132 1 458488496 904219503
118239492 1 119021704 226054876
184989737 602813003 185094107 904219503
246766917 301406502 246867776 602813002
99545881 452109753 100303646 678164628
31546204 723375605 31592080 904219503
366931722 723375605 367676885 904219503
398879542 361687803 399455151 542531703
216902669 678164629 217611339 904219503
233200688 1 233596160 180843901
120172638 723375605 120225886 904219503
104173333 361687803 104764709 542531703
200710813 1 200743202 904219503
116243680 1 117241582 904219503
445705490 1 446379815 452109752
365654357 542531704 366080386 723375604
77147363 226054877 77320267 452109752
20581729 1 20670848 904219503
227202146 180843902 227215029 361687802
79675192 602813003 80098246 904219503
388451717 1 389207732 301406501
199509069 301406502 200109940 602813002
375725909 1 376050811 226054876
294098651 301406502 294509437 602813002
171445100 1 172227633 180843901
437500702 678164629 438147697 904219503
919440 542531704 1565407 723375604
224042574 1 224616639 180843901
381478993 301406502 381572196 602813002
186060654 1 186425628 904219503
160099901 542531704 160597031 723375604
294948111 301406502 294975986 602813002
258118679 723375605 259043526 904219503
455238532 1 455577522 226054876
424673242 602813003 425055784 904219503
348062369 723375605 348400512 904219503
222862578 1 223452573 226054876
87118681 602813003 87470985 904219503
51732453 723375605 52250552 904219503
294920235 1 294948110 301406501
312297531 1 312581568 452109752
12292522 452109753 12516075 904219503
124761336 452109753 124978496 678164628
61418561 1 62075186 226054875
55461704 1 56443998 301406501
163684895 602813003 164350919 904219503
175373956 1 175801226 301406501
458488506 1 459349490 301406501
288791955 1 289178504 904219503
246859015 602813003 246959874 904219503
25686516 542531704 26106538 723375604
323118415 1 323814502 180843901
34334107 301406502 34416142 602813002
187436162 602813003 187620500 904219503
387911451 452109753 388082671 678164628
90083541 1 90127075 301406501
361772420 361687801 361789590 542531701
413136043 678164628 413995600 904219503
13275312 361687803 13597588 542531703
306930690 452109753 307055986 904219503
158608508 1 159105638 180843901
344978552 678164629 345241515 904219503
169726656 1 170066363 904219503
445705490 452109753 446379815 904219503
66385600 1 66616850 301406501
167387426 542531704 168124747 723375604
242645269 452109753 243226984 678164628
91322483 301406502 91816418 602813002
196385998 180843902 196601099 361687802
169321754 1 169726651 904219503
388253903 1 388451708 904219503
109719631 1 110381092 452109752
43278573 452109753 43515724 678164628
24846470 180843902 25266492 361687802
8224286 301406502 8441266 602813002
199509069 1 200109940 301406501
208658151 361687803 209470853 542531703
171169350 1 171445094 180843899
304209076 602813003 305190652 904219503
433293530 723375605 433564909 904219503
284396875 226054877 285200125 452109752
318818159 452109752 318878940 678164627
131739418 1 132349478 452109752
398822615 1 399398224 180843901
138299757 180843900 138562874 361687800
162136272 678164629 162743614 904219503
189565830 602813003 189688918 904219503
34498188 226054877 34913731 452109752
18348091 301406502 18903878 602813002
398879542 180843902 399455151 361687802
317793526 452109753 318757366 904219503
132959548 452109753 133144080 678164628
429025951 301406502 429656203 602813002
8658256 1 9114591 226054876
89105032 452109753 89629764 678164628
336689162 723375603 337447901 904219503
185302860 1 185349183 452109752
86960724 1 87313028 301406501
64658674 452109753 64842768 904219503
216193998 452109753 216902668 678164628
406040563 452109753 406723128 904219503
238607168 1 239325832 226054876
41843246 1 42321685 301406501
403103431 542531702 403159680 723375602
430286463 452109753 430303387 678164628
104173333 542531704 104764709 723375604
31570452 180843902 31616328 361687802
98325738 361687801 98672955 542531701
327934657 301406502 328810152 602813002
351376549 452109753 352272497 904219503
107767835 723375605 108370771 904219503
76070423 226054877 76585348 452109752
52768655 1 53146175 226054876
189565830 301406502 189688918 602813002
150017019 301406502 150957614 602813002
438454826 452109753 438735776 904219503
270166750 361687803 271118165 542531703
62868637 180843902 62903449 361687802
424518701 1 424595967 226054876
273757107 180843902 274034627 361687802
366506420 1 366931717 904219503
271118166 542531704 272069581 723375604
287707723 1 288249837 180843901
244510792 1 245212873 452109751
29774565 1 30660379 904219503
407285537 602813003 408051408 904219503
152301740 301406502 152561038 602813002
140707285 1 141391658 904219503
70832700 452109752 71752920 678164627
22647654 301406502 23625990 602813002
36142723 1 36291205 452109752
124549023 678164629 124766183 904219503
155279043 1 156036674 904219503
292120808 1 292300039 904219503
133410742 226054877 133653961 452109752
124549023 1 124766183 226054876
319136399 678164628 319973861 904219503
82008757 452109753 82473848 904219503
9570935 1 10128274 180843901
58413856 452109753 58931267 678164628
147088884 301406502 147615375 602813002
152254026 1 152277880 452109752
257230324 361687803 257238490 542531703
248278383 723375605 249097408 904219503
69912479 678164628 70832699 904219503
156036675 1 156941309 904219503
286003383 602813003 286750936 904219503
250504791 452109753 251282274 904219503
319027686 180843902 319054862 361687802
132959548 1 133144080 226054876
450365759 1 450408455 904219503
230518920 452109753 230807860 678164628
133815068 1 134799792 904219503
335115168 1 335902161 452109752
392125483 602813003 393104987 904219503
113956433 452109753 114725611 904219503
51117712 602813003 51425079 904219503
181422005 1 182191490 904219503
262785944 452109753 263711923 904219503
394084494 226054877 394599216 452109752
386245526 452109753 387109737 678164628
74436178 361687803 74857584 542531703
365654357 1 366080386 180843901
183483008 602813003 184331903 904219503
5192814 1 5790207 226054876
82938946 361687803 83873280 542531703
435209930 1 436185380 452109752
247327910 723375605 247622335 904219503
439527416 226054877 440205031 452109752
455250654 678164629 455589644 904219503
193972806 361687803 194131548 542531703
64914056 1 65405293 904219503
103148661 1 103496028 904219503
222862578 678164629 223452573 904219503
267503743 1 268263914 226054875
358314601 1 358814194 180843901
425820874 301406502 426651155 602813002
203073029 602813003 203911015 904219503
430286463 678164629 430303387 904219503
274913333 1 275022643 226054876
415714717 1 416574274 226054875
77147363 452109753 77320267 678164628
449624179 361687803 449994967 542531703
377143377 1 377911038 452109751
196385998 1 196601099 180843901
348295143 361687803 348633286 542531703
142076041 1 143049864 301406501
375725909 678164629 376050811 904219503
373056513 1 373943124 301406501
193972806 542531704 194131548 723375604
358642432 542531704 359142025 723375604
430320318 1 430450936 226054876
443978582 452109753 444842034 678164628
27972559 602813003 28695554 904219503
165076452 452109752 165961342 904219503
432208010 1 432479389 180843901
454160331 1 454699430 226054876
7239620 678164629 7750583 904219503
349814992 361687803 350682395 542531703
437160834 1 437807829 226054876
339724122 1 340482861 180843899
359692733 723375605 359849951 904219503
179830728 1 180093078 452109752
86808140 180843902 86891552 361687802
412175071 678164629 413136042 904219503
71752921 226054876 72673141 452109751
265983399 452109752 266743570 678164627
439947949 678164629 440625564 904219503
457782442 1 457972127 180843899
371423177 452109753 371880168 678164628
54278739 301406502 54870218 602813002
231924640 452109753 232562662 678164628
287707723 361687803 288249837 542531703
243226985 678164629 243808700 904219503
185543087 180843902 185875654 361687802
168862077 1 169091911 301406501
319000509 1 319027685 180843901
325907316 452109753 326310969 678164628
360381906 1 360572424 904219503
240044498 452109753 240763162 678164628
7202355 1 7713318 226054876
227202146 723375605 227215029 904219503
31637967 678164628 31821208 904219503
275131958 678164629 276097644 904219503
354070591 1 354281993 301406501
47124460 678164628 47511700 904219503
299276127 678164629 299805547 904219503
228741674 1 229501731 301406501
205024266 678164629 205470078 904219503
319973862 452109752 320811324 678164627
159105639 180843902 159602769 361687802
82938946 1 83873280 180843901
366931722 180843902 367676885 361687802
122799585 180843902 123674298 361687802
80098251 1 81018363 226054876
40871701 1 41843244 904219503
152301740 1 152561038 301406501
2211381 1 3129362 180843901
399973840 452109753 400837663 904219503
80098251 452109753 81018363 678164628
86808140 542531704 86891552 723375604
85358492 678164629 86351621 904219503
325526578 1 325930231 226054876
53146176 226054877 53523696 452109752
90685359 452109753 90756947 904219503
246968645 1 247291383 904219503
54521760 602813003 55113239 904219503
205811987 1 206422363 226054876
78829082 1 79252136 301406501
66486377 301406502 66717627 602813002
86793890 1 86877302 180843901
319109217 723375605 319136393 904219503
287707723 542531704 288249837 723375604
103757484 723375605 104028647 904219503
439947949 452109753 440625564 678164628
161142944 226054877 161191721 452109752
305190659 1 306060672 226054876
456679202 180843902 456723279 361687802
163269044 542531702 163297006 723375602
355236608 1 355334595 180843901
170893605 180843900 171169349 361687800
247291392 542531704 247585817 723375604
265223227 678164628 265983398 904219503
225190711 1 225859066 301406501
386109094 226054877 386973305 452109752
98672956 180843900 99020173 361687800
161094166 1 161142943 226054876
137510403 723375603 137773520 904219503
47511701 452109752 47898941 678164627
421233808 301406502 422028803 602813002
42800126 602813003 43278565 904219503
161289280 723375605 161657828 904219503
90828547 602813003 91322482 904219503
273020999 361687803 273300249 542531703
256785179 452109753 257106213 678164628
17421961 1 17607131 180843901
60761935 226054876 61418560 452109751
274134552 1 274401619 904219503
455238532 226054877 455577522 452109752
313771400 452109753 313923730 904219503
191525094 301406502 191933519 602813002
105959024 180843902 106561960 361687802
92446496 452109753 93099008 904219503
207845448 180843902 208658150 361687802
36940944 452109752 37442197 678164627
457213384 542531702 457403069 723375602
2258240 723375605 3176221 904219503
289178510 1 289868106 452109752
351376549 1 352272497 452109752
379365765 1 380016754 301406501
8224286 602813003 8441266 904219503
123090240 361687803 123964953 542531703
152067454 452109753 152245355 904219503
138825995 1 138994976 904219503
282690357 226054876 283115014 452109751
43779990 301406502 43807092 602813002
273757107 542531704 274034627 723375604
359692733 180843902 359849951 361687802
237260161 602813003 238057764 904219503
257236484 180843902 257244650 361687802
430295151 226054877 430312075 452109752
57426304 1 58413849 904219503
80098251 226054877 81018363 452109752
66848112 1 67450724 452109752
247291392 1 247585817 180843901
173691588 1 174519409 904219503
34498188 452109753 34913731 678164628
237260161 301406502 238057764 602813002
349641737 723375605 350509140 904219503
89105032 226054877 89629764 452109752
368422059 1 368542677 904219503
361806762 1 361823932 180843899
163324970 180843900 163352932 361687800
248764766 361687803 249583791 542531703
335115168 452109753 335902161 904219503
233596161 180843902 233991633 361687802
287498494 1 287603106 180843901
354986440 1 355111520 904219503
101061422 1 102029648 904219503
310192889 1 310669605 301406501
367009428 542531704 367754591 723375604
458488506 301406502 459349490 602813002
191453803 602813003 191862228 904219503
15503572 180843902 16462761 361687802
340482867 723375603 341372374 904219503
319054863 361687803 319082039 542531703
9570935 180843902 10128274 361687802
148141874 1 148932300 904219503
356374465 452109752 357344529 904219503
207032745 1 207845447 180843901
368701814 602813003 369275576 904219503
109719631 452109753 110381092 904219503
89105032 678164629 89629764 904219503
355432590 602813003 355903525 904219503
334097509 452109753 334606335 904219503
347611277 1 347836819 180843901
60105309 452109752 60761934 678164627
430435391 452109753 430566009 678164628
13099189 723375605 13421465 904219503
274987730 452109753 275097040 678164628
90083541 602813003 90127075 904219503
36142723 452109753 36291205 904219503
118239492 226054877 119021704 452109752
258072109 542531704 258996956 723375604
355236608 180843902 355334595 361687802
43278573 226054877 43515724 452109752
178032029 180843900 178081715 361687800
257230324 1 257238490 180843901
293204424 542531704 293446138 723375604
457592756 180843900 457782441 361687800
413995601 452109752 414855158 678164627
447054146 1 447906218 904219503
318757377 678164628 318818158 904219503
162026386 226054877 162633728 452109752
203073029 301406502 203911015 602813002
165961343 1 166846233 452109751
226527423 602813003 227195778 904219503
25266493 361687803 25686515 542531703
9880543 723375605 10437882 904219503
403328438 1 403878555 226054876
219555318 1 220197618 904219503
192270665 1 193082091 301406501
51732453 1 52250552 180843901
90083541 301406502 90127075 602813002
17792303 602813003 18348090 904219503
224430170 180843902 225004235 361687802
273020999 723375605 273300249 904219503
437500702 226054877 438147697 452109752
312297531 452109753 312581568 904219503
14571811 452109753 15451720 678164628
311146331 1 311462905 904219503
381514377 602813003 381607580 904219503
140706596 602813003 140706938 904219503
99020174 1 99367391 180843899
331239308 452109752 332192040 678164627
455250654 452109753 455589644 678164628
231924640 678164629 232562662 904219503
2258240 180843902 3176221 361687802
185543087 542531704 185875654 723375604
68053342 1 68982909 180843901
441437643 452109753 442122151 904219503
81938487 1 82008754 904219503
395583212 1 395945703 904219503
234387107 542531704 234782579 723375604
177982342 361687801 178032028 542531701
255448161 1 256018199 226054876
388451717 602813003 389207732 904219503
306930690 1 307055986 452109752
292962709 361687803 293204423 542531703
274401629 1 274913329 904219503
63223423 602813003 63365998 904219503
404428676 1 405174531 226054876
66385600 602813003 66616850 904219503
300286008 1 301265961 452109752
213325737 1 214051193 452109752
347611277 723375605 347836819 904219503
43278573 678164629 43515724 904219503
105356087 1 105959023 180843901
384561436 301406502 385025071 602813002
2211381 542531704 3129362 723375604
319082040 542531704 319109216 723375604
433022150 542531704 433293529 723375604
137773521 542531702 138036638 723375602
247291392 361687803 247585817 542531703
437500702 452109753 438147697 678164628
371147537 226054877 371604528 452109752
83284151 180843902 84218485 361687802
34378622 602813003 34460657 904219503
316032095 1 316829677 904219503
919440 723375605 1565407 904219503
349641737 1 350509140 180843901
146442305 1 146562388 904219503
99367398 301406502 99456636 602813002
438454826 1 438735776 452109752
32004451 226054876 32187692 452109751
75881137 602813003 75975777 904219503
434113255 301406502 434661589 602813002
86960724 301406502 87313028 602813002
200775595 1 201521033 452109752
231924640 1 232562662 226054876
19459676 1 19631465 180843901
131739418 452109753 132349478 904219503
48673424 301406502 48805345 602813002
323118415 180843902 323814502 361687802
94895378 1 95355954 452109751
355836658 301406502 356307593 602813002
359432641 452109753 359618988 904219503
323118415 361687803 323814502 542531703
103757484 361687803 104028647 542531703
99545881 678164629 100303646 904219503
189489388 1 189612476 301406501
273757107 361687803 274034627 542531703
119834634 180843902 120018985 361687802
51325523 301406502 51632890 602813002
68259124 723375605 69188691 904219503
311462909 1 311880217 904219503
144023689 602813003 144997512 904219503
457403070 361687801 457592755 542531701
394322337 452109753 394837059 678164628
138994986 678164629 139425093 904219503
52206627 180843902 52724726 361687802
93615398 452109753 94025097 904219503
407285537 1 408051408 301406501
187574233 301406502 187758571 602813002
425820874 602813003 426651155 904219503
274987730 678164629 275097040 904219503
430581557 1 431394780 904219503
282265699 452109752 282690356 678164627
14571811 226054877 15451720 452109752
365654357 361687803 366080386 542531703
62896183 723375605 62930995 904219503
344930409 226054877 345193372 452109752
381478993 1 381572196 301406501
401701497 1 402374337 904219503
130617152 602813003 130991239 904219503
323118415 723375605 323814502 904219503
422823804 602813003 423194460 904219503
46551411 602813003 46807549 904219503
196385998 361687803 196601099 542531703
211096270 1 211422303 904219503
919440 1 1565407 180843901
372061521 1 373056509 904219503
460210485 602813003 461156295 904219503
278308115 1 279015690 904219503
50738397 1 50928050 301406501
256588247 678164629 256909281 904219503
447906229 1 448765200 301406501
257246667 1 258072107 904219503
47073647 301406502 47104027 602813002
9570935 542531704 10128274 723375604
259921811 1 260424819 904219503
62938271 1 63080846 301406501
273757107 723375605 274034627 904219503
15503572 1 16462761 180843901
2258240 361687803 3176221 542531703
182191496 1 182741716 452109752
457023698 723375603 457213383 904219503
204749010 1 204806120 301406501
371147537 1 371604528 226054876
185331355 452109753 185377678 904219503
397297398 361687803 398060001 542531703
227981616 301406502 228741673 602813002
84807621 226054877 85800750 452109752
379365765 301406502 380016754 602813002
188366358 301406502 188927871 602813002
4047351 602813003 4438001 904219503
75953029 301406502 76047669 602813002
17604151 723375605 17789321 904219503
258118679 361687803 259043526 542531703
4828663 1 5010733 452109752
430286463 1 430303387 226054876
124983348 1 125834792 301406501
224042574 361687803 224616639 542531703
224042574 542531704 224616639 723375604
167387426 1 168124747 180843901
5192814 678164629 5790207 904219503
344978552 452109753 345241515 678164628
62868637 542531704 62903449 723375604
354070591 602813003 354281993 904219503
82938946 723375605 83873280 904219503
298820025 602813003 299109733 904219503
95624365 1 96562210 904219503
427498482 1 428007635 301406501
19803265 1 20163366 904219503
286003383 1 286750936 301406501
245212880 1 245989897 452109752
160597032 723375605 161094162 904219503
462102113 1 462447031 904219503
120963502 301406502 121647867 602813002
288208275 180843902 288750389 361687802
220503780 452109753 220848809 904219503
161240500 678164629 161289277 904219503
359686489 1 359843707 180843901
305492559 226054877 306362572 452109752
139335160 226054877 139765267 452109752
48937278 1 49837833 904219503
359692733 542531704 359849951 723375604
379544002 602813003 380194991 904219503
178081716 1 178131402 180843899
366931722 1 367676885 180843901
120172638 1 120225886 180843901
161651339 361687803 162019887 542531703
119803925 361687803 119988276 542531703
164712955 1 165076441 904219503
403272181 1 403328430 180843899
150925614 602813003 151866209 904219503
329775658 226054877 330076115 452109752
422028804 602813003 422823799 904219503
99367398 602813003 99456636 904219503
258072109 1 258996956 180843901
298525843 1 298647737 452109751
398822615 723375605 399398224 904219503
392660252 301406502 393639756 602813002
197520094 1 198514577 452109752
411214099 452109753 412175070 678164628
104038372 1 104173330 904219503
35329279 1 36142716 904219503
193972806 723375605 194131548 904219503
363739143 452109753 364696745 678164628
345864649 301406502 346273149 602813002
353168453 180843902 353619520 361687802
428007636 301406502 428516789 602813002
84807621 1 85800750 226054876
10685618 542531704 11489069 723375604
382990263 1 383544030 452109752
380667754 301406502 381073369 602813002
90170611 1 90427981 904219503
204920352 1 205366164 226054876
450408464 1 451374199 452109752
64268621 452109753 64407235 904219503
359313789 1 359500136 452109752
129460723 1 130038934 452109752
326333887 1 327134268 301406501
349814992 542531704 350682395 723375604
254365081 1 254906620 452109752
62075195 1 62471912 452109752
102029655 1 102355247 904219503
256588247 1 256909281 226054876
329685659 678164629 329986116 904219503
168864270 602813003 169094104 904219503
369690216 1 370418871 301406501
419665902 1 420438806 180843899
50793161 301406502 50982814 602813002
371147537 678164629 371604528 904219503
48286183 1 48673423 226054875
355432590 1 355903525 301406501
119803925 1 119988276 180843901
37442198 226054876 37943451 452109751
436185381 452109753 437160831 904219503
358314601 723375605 358814194 904219503
38444713 1 38963336 904219503
74857585 542531704 75278991 723375604
15732052 361687803 16691241 542531703
