1000 1000
836 624 495689
136 556 588483
347 456 187950
315 88 273816
748 856 94327
595 269 591009
591 802 738296
867 178 757225
338 899 369301
803 87 953104
815 274 814728
504 409 843635
338 755 597442
287 69 304530
454 816 436737
780 411 728357
140 353 573159
788 219 879336
12 556 501235
664 710 99673
768 877 544947
495 380 571707
481 69 345462
923 355 409882
804 808 913050
540 940 945812
248 79 438164
406 218 145382
94 229 77290
680 245 575999
352 12 589875
650 858 614606
357 338 238674
170 612 166380
403 415 155188
452 306 848479
263 554 320909
778 959 827127
160 52 640707
801 731 130951
799 435 250962
26 436 848171
631 144 733509
657 313 53472
36 716 79887
575 519 282192
53 134 388745
962 911 489056
440 422 462459
146 222 326542
97 373 180976
58 398 119763
581 380 681907
441 36 245571
912 72 704286
798 998 520157
342 51 606290
438 364 433552
493 803 630974
952 948 308547
493 396 525919
820 806 389316
582 386 29696
840 826 202083
411 737 40154
48 887 248152
204 580 674554
845 17 640269
397 510 972423
722 813 311722
268 657 789118
187 828 171923
854 761 824660
901 601 964485
984 11 677573
489 58 43811
992 262 345390
545 458 487407
165 854 475268
587 575 255080
661 195 186088
778 733 932915
52 586 131675
711 487 464275
547 822 692637
119 310 4695
930 302 953308
319 198 144765
77 715 528971
696 301 736897
775 961 77091
214 90 591823
480 141 186761
155 203 891599
781 749 908420
770 868 310081
464 149 828382
123 819 686932
239 248 9646
209 943 285298
458 70 309259
548 283 419700
723 763 272193
835 269 691395
433 401 158144
204 170 866363
284 985 859863
18 107 967681
301 698 709928
946 906 78223
243 363 811292
853 263 611574
905 337 444688
97 171 442308
491 955 68709
986 510 532878
348 145 872215
210 162 523673
243 814 148370
522 759 791628
744 354 190342
35 206 421604
961 462 626292
648 558 958462
956 49 858768
16 34 719277
245 734 366422
459 295 144935
132 889 741749
501 411 682859
128 506 737212
470 541 246770
425 853 631231
69 500 162789
882 807 49189
650 174 448574
278 419 743659
699 877 277954
986 8 568194
86 861 291604
296 988 559110
508 809 182002
629 586 771854
211 654 289705
351 887 177864
539 536 505037
465 814 320455
123 864 496332
428 201 72691
622 638 681551
577 934 630891
686 441 111051
39 421 59988
892 631 103993
597 982 717880
460 872 760415
496 688 983580
303 811 753796
634 590 215996
676 563 144634
227 140 222567
469 177 703359
519 216 350131
859 459 277761
851 55 198094
730 866 160318
145 714 613005
76 16 816167
871 1 564109
219 676 908671
204 254 174162
122 722 403339
480 593 810906
962 451 168716
722 653 250123
168 383 232988
837 879 655053
841 954 804068
360 177 725420
468 395 459096
490 598 235701
652 719 169775
342 550 888719
599 511 452521
314 584 965173
436 103 144555
776 939 267433
828 780 833739
248 139 80915
667 958 741309
114 447 992258
815 98 539976
589 791 636877
659 389 116739
179 703 257322
351 138 289425
258 913 889715
690 93 638494
428 340 900984
342 6 241293
2 120 51740
259 286 539189
586 226 106980
814 884 82368
552 62 150422
874 764 44912
650 21 515176
364 711 216268
210 490 468607
545 184 997613
838 537 295084
929 796 80369
117 733 39594
96 547 577829
816 98 114890
589 323 648653
500 972 840026
676 688 440088
295 249 282577
902 793 481112
866 630 260649
301 558 129796
669 27 144880
614 474 426426
442 289 123876
683 230 494550
687 729 827874
712 756 13561
799 51 722809
728 952 372953
191 169 172583
191 469 722492
986 489 45518
218 102 281344
995 895 995984
870 577 856213
772 615 906942
645 327 696049
205 477 407099
365 204 541402
317 747 612922
251 937 400390
95 275 16878
964 492 18331
307 486 982577
291 708 24505
503 479 309120
796 123 676446
845 679 599274
295 395 327478
697 711 891224
618 314 67512
360 408 469786
589 371 759277
920 678 395115
848 320 984822
353 822 55652
472 618 919126
269 814 588804
542 108 336550
371 804 502612
946 774 775925
458 133 911684
243 721 955407
872 992 188436
986 840 606755
159 544 66576
810 367 507545
935 635 109358
90 528 795466
639 899 623621
250 196 690394
527 653 428878
210 248 855951
968 119 506294
403 104 362485
157 614 449028
733 423 591394
277 709 982380
635 798 704908
452 788 119158
72 389 116353
818 915 280358
47 477 564605
997 444 761075
291 847 748530
775 355 28143
155 87 655565
548 716 582625
280 702 365422
187 153 889561
696 576 624949
48 745 380216
405 792 67044
361 788 640839
787 430 290037
316 557 621392
810 711 217830
726 610 70545
350 889 321598
123 427 250102
683 122 479678
984 170 733422
551 926 956565
594 639 972353
784 425 836134
821 93 877690
564 902 578752
393 628 14362
290 977 683250
887 452 323029
989 134 20150
18 117 923671
791 19 313949
356 612 271939
60 748 558715
193 920 922807
235 483 425061
986 227 204688
347 868 877016
949 107 323819
329 95 401953
478 464 285421
501 254 354440
449 961 192403
387 20 956502
101 565 420421
260 799 238255
320 136 627834
359 835 659701
726 135 171807
545 463 414253
849 940 866716
621 792 295322
60 240 140282
815 978 890302
316 431 414218
89 42 73368
343 713 446503
528 71 580689
229 148 642823
387 44 472285
640 244 605577
707 865 966368
380 276 384960
662 90 133289
315 758 770071
532 198 218112
251 892 418824
753 420 93246
442 1000 634746
616 386 850789
901 377 692385
829 436 412249
548 815 397524
507 828 356966
148 142 247075
218 25 488272
682 275 351515
857 380 431934
103 821 938285
200 788 526023
340 688 125751
724 868 604186
972 416 289353
848 274 805180
813 421 74674
887 991 995698
510 24 674325
24 880 40704
310 334 191876
946 533 770663
968 873 765703
719 948 782570
256 920 820337
608 767 747611
140 931 730383
813 169 538725
862 678 390748
538 53 737980
241 714 157313
468 660 799846
131 627 549070
185 697 581017
106 953 824288
443 560 160054
405 51 977984
139 215 525152
216 429 806181
315 966 172586
294 559 572651
607 26 428310
804 508 298289
873 692 791985
241 798 29937
529 592 817849
582 348 477251
918 486 566466
421 701 113894
954 368 310211
539 661 679769
541 267 930795
851 70 866654
491 294 220346
475 535 323495
764 415 480086
964 348 470433
214 265 541270
31 38 231323
924 991 447690
487 881 928350
255 421 346969
401 623 503390
55 113 946684
400 940 290570
246 55 842984
331 18 280331
115 583 96948
736 614 334337
58 537 798679
747 375 662559
449 630 531331
417 30 833306
806 84 866770
841 835 423709
762 80 83115
97 762 630132
780 228 574715
727 964 999680
63 21 502568
93 120 909943
651 568 901572
333 336 440953
990 493 878389
760 334 950575
820 447 464655
935 544 449768
418 323 376348
484 401 269311
163 815 392683
731 907 194154
25 909 602073
596 593 963408
900 583 297901
288 694 68586
863 513 566032
869 799 665927
636 569 132249
335 52 94649
645 567 403815
680 649 825721
833 673 55629
906 620 141222
665 519 432156
917 807 278849
502 21 137713
886 889 575512
812 876 771432
61 211 267483
61 207 612401
876 238 792401
948 423 201073
577 328 289044
150 344 464563
305 261 638721
505 114 245741
217 999 266629
80 811 183856
511 223 341066
346 283 556625
98 510 706862
499 458 502284
923 386 544963
967 535 798307
881 191 592919
953 47 481032
693 615 61383
673 695 967193
528 205 879767
946 902 861049
922 1000 863911
783 850 681368
67 772 918105
381 90 198991
39 970 472533
957 922 17579
341 966 488193
723 990 976239
267 870 736796
33 167 553697
433 88 72048
343 870 567897
62 288 758669
166 669 449758
156 707 622080
688 16 914353
618 356 572319
811 430 895308
401 696 583529
196 728 461695
893 160 602782
940 855 713652
837 916 329291
857 434 961959
966 589 959018
45 629 913385
398 246 306092
68 408 198521
727 809 590568
256 4 329295
950 248 824806
732 540 941012
735 728 842928
25 584 481361
336 549 55301
705 946 520929
89 343 928527
180 410 766286
700 136 10446
267 743 397802
913 693 482049
70 776 851588
82 510 590667
361 886 425250
721 573 354151
373 277 999448
302 717 242790
180 896 205551
465 947 783038
263 565 558781
64 829 510825
112 899 725600
52 332 949461
70 692 511698
672 764 374271
899 269 621789
616 410 911968
863 312 484785
47 726 572481
110 555 599657
573 805 325256
976 136 791068
46 827 302766
717 590 193388
890 77 722286
510 866 611253
919 833 339116
582 617 132277
282 15 775002
115 124 413556
771 49 535360
379 24 568847
446 69 269025
563 785 904966
950 674 801043
236 535 318908
488 453 265092
955 386 696061
231 668 195075
233 134 259551
140 904 352599
852 634 821622
698 80 121043
723 642 614179
688 592 51205
82 179 181739
989 18 514544
81 325 763929
141 555 459948
567 139 175081
117 279 25337
67 482 335970
689 179 414401
83 253 563395
261 293 976338
817 374 375516
556 363 404885
451 795 887209
379 287 471116
679 853 415254
111 322 165884
799 388 258365
121 428 777896
521 862 477148
915 123 293792
252 291 996166
119 846 935880
356 296 378026
916 27 502312
31 57 536516
637 167 740189
520 318 949577
237 438 535356
132 958 102218
631 225 780692
423 828 621982
588 947 324180
819 654 401827
844 569 135205
155 600 984261
22 588 156780
211 107 678097
139 695 916886
494 826 254843
63 457 804419
754 879 509247
88 818 777545
267 636 14198
93 479 622766
298 985 590717
910 358 333304
41 568 532763
137 58 447457
635 217 835966
91 987 655072
321 233 96159
138 777 861425
773 974 544869
603 740 363518
587 808 166428
944 112 642468
864 226 312957
273 682 900330
176 316 258898
885 565 635078
117 75 576567
339 219 270719
941 310 634237
879 118 317016
175 581 475835
38 158 305143
310 839 205473
722 331 86616
606 247 238046
595 200 27829
474 669 861196
648 601 337031
37 758 158525
997 183 322806
71 865 409422
676 111 647467
750 783 978430
69 305 507732
959 898 693327
510 726 422152
178 274 655799
778 656 430835
532 834 373529
67 640 234599
626 394 502879
376 528 481308
796 833 505392
718 967 436807
869 144 918080
19 273 769087
267 88 268345
147 154 197984
745 437 53396
370 182 556274
933 893 47541
324 350 380622
393 317 333781
613 812 768212
631 437 537299
917 627 988291
63 780 186274
807 568 239669
528 749 312294
625 458 382579
902 570 687324
295 238 537456
259 50 305667
242 838 359317
428 784 675233
54 427 143295
186 52 514453
105 73 803333
854 718 301309
663 296 166177
364 198 85098
687 844 901336
142 102 823737
161 343 804574
709 710 140528
65 539 57161
170 963 860493
23 680 161801
329 400 33525
426 439 83368
113 932 293821
849 92 369516
774 921 787990
517 321 82337
497 751 289525
989 125 614205
141 513 330532
469 912 364056
247 702 963775
359 634 773947
560 77 143462
333 997 931451
315 253 271402
927 152 121831
483 644 138343
14 465 788606
308 195 371421
293 141 373980
369 955 384665
718 757 425183
374 9 730328
776 172 184034
54 675 305864
536 318 444206
549 782 232812
969 844 794471
515 265 762115
655 596 584483
552 718 589443
247 145 861168
607 473 887943
130 506 508348
804 370 303883
474 927 637783
607 90 874103
451 560 976617
67 674 235624
662 509 794584
274 60 617653
68 658 564798
235 265 242270
530 394 620127
877 550 303848
760 23 948127
894 981 825216
997 783 13128
613 849 446801
661 172 929488
73 176 328555
730 973 105141
670 92 105721
899 641 925920
658 15 874046
903 995 699262
899 130 712389
864 330 675541
451 192 689554
974 31 221626
150 585 770707
122 78 484405
716 747 13496
488 707 281654
854 105 880909
200 366 468807
998 825 927202
551 798 578233
528 299 74169
235 773 675246
345 486 698627
341 325 501685
347 178 695141
506 413 742058
259 917 992863
391 59 560022
977 831 235267
967 22 313963
804 1000 738656
177 608 877033
34 372 619090
997 806 83157
309 416 474426
523 176 960278
913 234 520299
918 207 754789
880 10 573788
823 888 230793
999 847 624178
385 219 759619
776 41 149144
553 563 850319
830 828 734904
129 68 885671
46 275 640459
277 284 730598
164 773 657772
403 565 117123
507 820 799713
690 744 406193
53 440 124933
450 714 281743
727 349 528692
890 121 186464
292 38 303586
444 712 11843
570 754 886667
166 590 14041
59 720 530484
517 380 239948
987 778 985262
556 531 388280
762 86 669011
241 995 483158
407 936 13550
817 655 60385
290 921 728901
945 762 812687
594 604 808655
408 460 725472
1 806 208629
759 741 738530
914 216 461668
888 893 994289
975 257 252029
921 860 60684
661 512 90868
848 771 189761
912 526 397455
347 789 7596
1000 116 459852
116 763 233976
979 982 273988
647 829 506758
407 557 280454
358 799 222349
729 212 489065
144 578 120029
611 340 870356
344 587 335501
101 993 838409
907 610 694606
624 400 464609
739 586 374170
883 164 10550
20 380 192701
607 326 677746
230 725 658707
422 30 203664
591 413 202283
491 5 140919
149 407 676413
794 870 132152
981 954 598633
994 796 227637
232 534 314187
412 327 904056
951 411 21474
32 491 291500
330 546 569235
516 957 27561
518 226 10633
878 149 391398
108 619 50657
815 638 462320
164 304 976021
158 167 283283
508 13 868380
996 475 998198
983 473 731782
297 275 284164
790 476 345770
642 378 787704
231 426 924615
875 534 997679
846 677 199976
765 596 195962
946 574 11041
376 646 400860
485 89 602683
175 671 172266
850 300 422642
427 571 846001
73 208 375500
511 148 717852
271 468 997247
184 706 163145
239 146 744117
311 353 635968
504 300 725364
94 445 469480
931 603 991169
94 467 270453
271 173 947990
548 181 852791
758 402 608004
688 4 115524
752 471 23284
285 286 654786
812 390 235377
88 266 823301
438 522 95332
14 751 89700
202 883 189090
753 896 644148
605 979 941351
228 224 862429
980 472 22928
832 823 707322
928 839 405995
380 602 886073
643 651 772216
156 657 806862
20 824 798688
197 581 558457
234 382 896455
491 40 292883
561 854 761079
943 440 745810
278 748 739130
126 712 592442
424 615 664932
975 524 905316
125 99 169340
668 87 811970
467 392 308747
334 534 795578
908 790 771252
718 979 887545
189 150 785094
752 241 247897
562 463 163588
514 594 738987
583 560 619068
938 980 818256
737 746 812425
790 397 34661
394 249 948749
168 781 739836
925 903 871295
43 618 720441
108 278 609730
316 455 909432
161 147 998654
892 525 923530
91 632 557160
691 741 658123
990 579 861491
971 885 424257
293 143 346038
799 384 143466
566 292 732568
800 604 665947
472 194 53991
658 975 570938
790 109 357017
466 174 492149
29 36 166726
483 461 660584
779 967 776915
163 684 508860
142 272 172013
824 404 884428
766 297 175656
199 878 932273
941 905 35572
152 264 901251
720 288 555162
85 584 91219
742 784 179199
399 625 185175
681 822 798265
220 960 2047
926 633 254489
152 432 769702
965 618 432784
206 891 301902
486 190 833931
7 716 179193
66 963 519043
153 3 565114
897 264 228967
95 448 753284
173 891 710923
139 786 358530
11 414 735121
434 609 62417
498 442 886543
74 590 222621
842 338 536262
476 843 765947
942 100 344950
100 697 616804
270 440 37546
28 512 71985
322 127 408497
108 281 774285
685 708 388187
138 188 941964
960 934 220964
572 981 866492
797 864 75868
552 738 153611
588 769 304633
56 972 659065
362 438 489286
166 704 245182
388 151 213163
617 221 508767
759 213 673819
543 50 768347
18 666 398689
129 360
520 539
622 638
643 643
313 313
478 464
832 832
383 749
579 579
637 637
196 952
903 714
127 322
860 570
372 200
574 574
832 888
183 183
209 209
104 263
568 851
2 2
956 956
478 407
566 773
957 922
434 517
547 822
391 391
298 97
546 330
982 979
162 162
801 801
268 268
700 700
643 651
81 81
969 569
671 581
399 625
241 145
6 6
157 474
382 234
222 239
520 489
665 665
950 139
365 365
284 97
827 827
482 67
260 260
847 635
826 840
418 418
514 594
435 435
739 739
983 473
651 568
368 368
862 256
685 685
96 96
725 122
382 234
66 66
725 683
232 232
861 861
732 540
2 120
312 312
598 598
431 431
257 257
782 997
770 347
10 10
101 263
35 35
597 982
174 650
632 91
367 367
677 677
945 945
432 432
302 359
372 16
667 958
502 502
354 354
696 433
911 962
502 502
309 309
740 603
339 339
546 546
860 570
793 669
455 105
59 720
155 87
382 693
858 780
429 429
485 485
474 961
446 446
742 742
57 214
189 344
28 28
212 687
932 932
142 25
885 853
538 538
513 141
855 855
213 213
451 428
299 299
165 165
282 282
823 226
367 810
737 780
738 718
586 864
230 683
463 246
346 346
622 622
197 197
877 550
861 86
925 903
897 927
850 783
446 446
56 500
245 310
520 318
466 466
171 171
451 77
368 368
626 626
186 864
426 668
251 745
369 369
399 625
45 629
350 886
847 217
155 990
563 510
584 254
199 149
206 400
76 556
289 442
409 300
868 178
190 190
10 880
505 505
109 790
225 225
43 43
831 977
735 735
646 376
831 290
99 99
426 231
628 628
203 155
568 507
155 990
392 94
209 209
199 878
76 76
439 231
387 20
657 156
605 588
146 796
732 732
578 437
377 377
236 535
514 514
782 336
858 21
890 274
324 350
580 580
272 25
367 810
181 181
930 302
900 890
390 390
407 557
87 803
713 713
983 983
242 537
520 318
222 222
446 446
298 985
859 238
503 503
262 262
602 602
664 664
480 305
969 844
51 437
685 708
764 403
920 4
285 285
282 68
2 821
434 857
431 431
109 790
706 706
197 380
208 208
993 993
691 759
766 297
925 903
168 749
649 680
429 519
685 708
599 599
976 976
530 394
991 320
394 238
521 862
786 833
76 76
128 130
480 141
980 472
667 132
346 283
391 59
823 160
209 209
554 554
108 748
337 337
877 342
182 182
39 421
497 14
486 207
768 342
165 165
45 45
15 658
143 69
453 453
128 128
614 634
312 287
280 247
693 674
414 11
213 487
681 353
99 125
362 331
585 150
739 739
467 314
396 396
40 40
532 198
492 492
677 677
244 673
431 316
777 777
935 507
255 255
802 591
675 427
779 779
549 336
497 497
143 143
81 81
664 710
754 814
734 310
308 195
62 465
389 722
151 151
504 850
588 775
445 229
382 234
372 34
861 861
213 487
957 922
521 678
699 144
235 915
409 409
162 796
225 225
700 700
619 108
516 957
825 998
683 122
224 224
337 905
463 545
847 217
419 419
131 131
531 531
703 179
874 565
546 330
894 981
6 745
299 299
624 95
420 420
456 456
942 487
417 30
744 93
392 94
13 13
576 576
509 662
578 578
620 946
602 602
56 56
418 418
544 935
845 679
99 125
699 699
197 581
680 23
494 840
928 839
391 62
764 415
212 212
845 428
417 417
6 6
562 562
303 303
898 959
888 893
933 52
646 376
745 48
28 28
938 980
942 942
313 313
877 869
952 948
309 416
971 971
660 395
884 884
185 697
383 205
280 702
467 25
431 176
770 770
328 577
179 82
78 78
492 492
96 96
901 433
237 237
755 755
739 864
594 639
706 545
17 679
426 231
925 995
280 247
875 875
250 250
720 62
96 547
623 623
271 876
466 466
971 971
130 814
443 560
189 150
648 558
632 91
983 983
708 291
855 329
767 608
827 682
404 404
199 176
378 378
404 404
901 648
9 374
579 579
977 290
583 121
584 780
880 24
486 918
391 59
324 324
571 571
668 87
295 238
533 533
209 209
443 219
856 856
307 61
466 21
860 946
466 466
524 524
42 42
600 155
83 83
960 934
184 458
466 174
307 61
485 485
11 984
598 490
9 374
512 661
678 256
9 9
712 444
761 761
593 261
802 802
764 415
237 237
29 348
694 694
280 702
677 692
290 754
523 22
620 906
143 143
475 535
503 503
546 330
993 263
336 997
5 5
190 486
705 705
527 527
277 698
503 93
520 520
664 710
503 479
635 145
648 301
810 711
765 141
530 394
742 742
472 170
140 227
691 691
936 105
481 449
478 478
846 968
993 425
74 74
925 903
514 639
223 148
765 765
166 211
337 905
659 659
585 585
611 611
753 180
189 189
705 705
661 966
897 927
842 842
792 405
152 669
435 435
299 299
592 848
971 425
352 12
445 445
223 511
455 455
448 95
632 987
691 691
983 983
505 505
406 618
346 346
9 374
797 797
620 906
877 799
765 765
576 576
867 867
128 128
642 116
59 967
285 286
652 719
888 52
993 101
278 748
768 768
302 717
509 662
770 347
544 935
312 312
454 454
802 802
222 239
929 929
488 707
753 896
690 436
689 689
637 167
620 620
337 941
675 54
526 526
174 650
562 348
805 721
176 73
3 187
532 198
525 18
635 714
850 783
693 950
202 773
898 959
35 19
209 209
159 544
457 457
395 682
272 218
252 291
981 954
562 562
418 323
276 276
928 310
180 616
555 261
110 110
181 181
802 591
600 155
926 551
409 504
524 524
538 538
782 549
106 106
383 383
572 572
201 201
34 688
505 114
578 578
691 741
685 708
926 798
510 117
346 283
485 485
244 244
392 392
199 199
99 99
2 120
212 636
592 815
33 773
504 850
109 790
531 531
286 917
271 238
885 219
392 392
782 549
530 329
448 448
863 305
124 115
222 239
535 22
925 903
704 704
272 501
832 586
878 176
222 146
946 669
78 78
843 476
382 382
498 498
200 964
467 612
445 94
993 101
316 355
318 172
949 949
757 757
257 975
298 284
825 714
527 527
855 791
450 450
266 266
75 75
766 766
732 540
199 199
298 985
299 299
525 452
6 6
734 245
212 212
193 193
291 635
257 68
584 204
10 10
460 360
324 886
817 655
621 745
823 888
633 926
154 147
871 871
317 716
168 749
739 739
735 735
932 113
574 669
751 14
33 47
221 617
787 430
800 594
351 595
17 17
127 111
319 319
572 981
313 865
740 603
409 409
171 171
842 842
9 655
805 573
25 618
478 464
319 881
280 702
324 324
805 573
756 756
282 282
928 839
83 253
220 220
374 305
649 760
349 349
212 729
368 368
734 245
239 673
209 943
266 266
740 740
157 157
664 373
903 995
703 179
44 387
877 550
476 397
829 607
288 552
236 236
744 726
740 603
351 966
346 346
516 516
606 145
97 762
9 593
206 940
802 506
33 167
786 786
533 533
431 431
244 640
543 543
635 798
620 620
844 267
559 294
594 639
530 530
503 503
823 888
545 458
128 128
785 785
163 123
378 642
280 145
562 458
14 449
845 679
836 624
685 217
209 943
220 934
573 721
843 843
993 363
2 26
417 30
374 24
464 176
106 355
509 509
40 491
255 255
521 521
884 884
725 230
942 100
932 113
875 875
520 398
557 947
956 49
74 74
151 151
872 460
900 900
461 483
675 427
897 264
148 501
768 877
33 235
942 487
5 491
44 44
759 438
670 92
498 498
518 518
210 248
632 91
188 188
628 716
485 89
199 199
262 872
443 107
170 411
86 698
988 988
697 487
431 431
25 584
652 948
518 518
391 391
546 330
221 617
794 794
543 50
882 882
672 764
706 706
154 154
860 860
382 913
231 803
209 209
229 142
613 273
158 31
520 520
521 862
262 262
192 192
352 12
97 698
209 943
2 528
327 567
719 948
417 440
768 437
383 781
565 263
644 483
494 494
382 674
724 724
832 823
261 287
124 124
382 234
337 337
761 761
223 223
904 904
794 794
899 363
2 93
377 601
453 453
33 33
925 995
220 960
470 541
666 666
318 539
272 142
478 478
971 885
513 733
664 710
366 366
150 344
430 811
454 454
234 615
448 448
643 651
753 180
859 400
670 670
65 65
675 675
502 502
601 558
605 979
372 34
2 120
958 889
633 633
911 962
309 416
349 349
167 974
303 303
985 373
973 973
843 790
494 826
805 805
734 734
56 56
482 482
936 854
699 869
664 710
672 672
924 887
439 439
232 119
527 653
936 557
769 769
859 859
777 351
183 183
603 140
9 9
185 487
165 165
572 572
619 619
646 646
845 425
514 514
543 568
242 838
974 265
308 195
393 548
242 242
464 316
529 592
977 774
455 176
564 570
298 298
513 141
859 295
446 446
147 161
735 948
531 531
2 120
154 147
619 619
994 994
33 167
158 235
165 589
422 820
374 261
495 495
830 830
383 383
405 144
740 740
439 439
240 240
538 538
599 599
76 76
485 485
735 948
956 956
174 21
686 686
244 640
167 31