731 706
460 123 375958
527 115 275427
218 90 182472
387 339 963023
70 145 560432
619 286 503906
113 657 989079
115 302 383101
306 2 149899
558 13 4629
340 378 599363
304 79 999809
43 296 277235
277 588 41975
117 564 253719
404 451 109139
182 469 513540
268 489 615212
666 64 969225
544 621 492787
513 229 505391
604 439 558711
715 481 655505
90 27 576168
535 143 117216
393 546 172926
442 634 316351
322 76 808306
597 10 70039
49 459 712080
150 240 470135
534 112 720160
266 1 253933
294 727 286630
84 530 781273
437 97 781940
321 444 825242
37 34 416609
148 631 906437
227 585 477328
196 640 133910
205 348 991897
15 614 51097
211 176 105097
434 165 163166
705 507 511728
696 96 292623
590 39 986688
558 92 241837
442 318 27295
52 419 319496
633 623 656534
593 637 113472
366 23 829462
134 456 380671
337 335 400666
637 205 578725
650 700 714845
696 433 133684
453 143 905280
63 194 774418
312 95 178526
83 594 870469
374 134 104178
108 173 682635
7 509 870760
317 415 999548
723 333 377890
342 203 938745
146 655 104902
174 717 353688
620 203 819014
226 191 41831
375 564 556884
452 672 985621
253 584 7559
294 169 618074
540 67 142492
660 408 51148
481 460 618582
444 633 839384
412 427 65753
569 558 986927
494 108 683672
458 559 501803
594 81 338342
508 280 110307
10 88 396421
576 653 911528
518 308 789312
384 657 967756
234 338 704925
193 175 212049
342 575 326891
229 207 669980
57 70 440303
467 483 508619
315 492 390826
41 336 981167
175 29 218384
36 412 723732
436 551 850897
436 649 935244
263 259 502252
103 394 657860
502 450 354983
155 185 150236
182 406 628988
109 446 966436
688 620 213726
112 562 989440
99 172 649313
517 513 775451
285 45 354778
532 53 70967
255 554 458524
684 709 855791
133 65 373073
711 79 439494
162 35 450231
372 53 194594
262 57 673043
608 574 74150
141 33 126316
664 470 156431
23 631 867177
469 489 182506
368 622 160092
672 507 674407
502 668 706619
221 308 507814
501 475 285371
33 351 406539
172 398 806561
260 236 987689
401 258 124133
271 632 87227
23 268 27207
571 114 573060
373 616 207573
209 11 111767
97 512 824137
678 450 477644
371 621 364089
1 150 354602
7 456 36501
643 632 868311
306 655 705820
589 400 954806
554 41 538409
360 249 906859
568 251 771102
330 104 804180
443 474 80241
128 380 725602
142 293 929397
320 204 526097
304 509 730913
555 273 703936
189 1 119571
344 360 200790
510 102 971756
361 432 717841
568 49 361935
28 177 710599
273 318 751520
243 543 641534
20 21 951517
356 576 257730
361 670 133233
219 189 269246
325 698 326593
587 233 613057
222 70 606281
141 3 186706
440 275 225285
300 424 758517
270 443 654714
654 67 136046
485 334 673670
316 552 322347
412 51 956231
610 637 346424
414 33 329808
267 174 986624
201 519 526121
359 88 910400
329 263 181909
319 185 71561
59 669 283290
468 159 969371
335 570 330593
73 449 822359
681 37 162511
533 303 745686
387 410 766130
516 37 491715
242 365 47622
317 589 418071
458 647 860791
107 290 509014
213 624 664690
369 696 621706
336 552 25822
242 353 483320
321 9 697256
94 430 376562
590 577 312460
618 162 159661
98 525 54212
59 537 186133
177 18 877771
134 386 601708
445 628 704368
156 138 548262
712 365 87308
215 364 396683
391 222 870434
107 108 723175
412 112 26464
538 76 63592
222 158 836631
435 292 159823
518 642 855525
422 66 602599
678 683 179435
117 166 835810
716 463 579791
335 569 491702
22 249 989615
140 692 934320
157 182 867535
97 522 453948
329 309 315264
363 730 993658
629 582 972447
433 698 465240
507 588 364949
71 97 467681
473 25 965802
68 164 397169
562 320 947916
389 322 44867
413 557 257027
348 188 837819
348 722 819152
205 330 321037
134 105 740156
525 175 946943
23 553 697275
312 620 533968
655 357 4261
355 651 944784
577 333 548064
281 680 636921
715 202 846656
173 406 873057
235 446 519229
152 239 397666
72 167 32774
110 478 381462
123 402 927107
455 662 20891
284 507 149464
668 57 628090
415 677 450426
153 24 621622
219 258 606918
390 316 287614
640 387 615037
712 403 587694
579 525 86400
707 249 575422
118 438 99628
404 374 948747
638 695 960598
248 116 954332
264 240 283691
724 535 172477
598 444 83984
545 330 231839
238 83 150009
238 59 359105
168 82 803911
511 486 548842
179 298 747171
429 546 245553
609 78 917045
315 707 313578
336 480 800115
649 199 958485
728 436 170148
506 579 362212
438 652 555567
76 432 932379
724 516 120737
605 120 54715
506 728 388638
553 217 729424
404 552 848333
603 375 909458
307 371 951436
731 51 609722
481 488 427033
219 469 535701
348 462 884472
44 335 917590
284 15 622091
414 474 765313
519 52 36084
278 654 518387
235 136 444062
533 135 512171
678 615 49116
649 9 924213
321 356 653601
320 399 17154
532 589 260425
646 271 300457
245 695 967180
301 241 577060
731 475 88582
707 276 188245
3 128 754613
423 45 343251
486 271 402889
374 590 570617
501 296 384796
455 116 266768
245 360 429604
723 566 754340
393 472 117729
197 353 20262
42 261 555308
501 589 182603
237 344 437849
234 623 689163
630 298 403192
58 22 169320
393 266 269213
54 164 222600
498 556 580573
685 658 787193
416 699 354629
180 468 331998
626 610 676215
611 19 524529
454 648 410445
499 612 594388
566 273 893166
261 233 273957
427 730 830173
334 684 134043
405 274 406517
5 454 885853
100 348 915303
538 133 930458
136 586 501934
669 260 530879
585 94 767708
579 354 191079
5 686 38979
717 194 945489
531 598 930870
312 603 583132
372 608 84878
405 415 873956
362 456 155880
142 393 333842
532 247 577161
370 731 155049
346 5 806458
321 627 628311
59 426 407802
165 643 15910
536 284 784632
523 594 906535
548 131 389795
334 178 161207
378 615 331512
422 254 793875
630 505 854955
156 731 828572
607 59 881474
99 223 903823
99 665 814177
69 362 11486
266 85 975262
281 418 691087
688 64 206191
517 391 804634
251 290 677494
720 351 380100
353 132 374294
318 230 74593
101 328 580479
166 303 493181
731 568 203007
695 23 382188
105 710 848214
380 219 477933
575 82 676082
101 39 702803
232 690 94644
462 8 423012
695 627 565557
172 146 719586
645 479 848877
667 499 185605
552 488 728524
127 136 592429
684 617 133826
497 717 571675
569 123 867466
134 490 754200
435 454 737765
171 531 214510
638 445 410613
243 286 988904
589 12 415408
240 139 536508
109 91 733991
59 493 731508
685 331 739234
51 116 791956
410 415 362247
115 34 168475
465 226 823579
657 90 696991
668 442 298927
75 198 493291
71 382 337833
564 551 754049
163 17 37730
438 704 108314
510 288 916663
659 403 939520
714 42 889342
186 698 828068
247 635 698553
546 615 621897
129 686 795583
501 518 184424
638 586 345202
487 292 884004
547 642 242722
218 230 587987
166 585 756831
132 299 139017
672 454 820129
556 75 994532
510 620 23119
202 347 805754
693 634 658822
159 162 103852
134 708 981895
674 101 315810
301 255 909279
505 384 88537
228 233 632472
208 117 303481
97 406 582379
349 602 155479
709 412 186692
17 389 684939
597 395 517100
237 660 572518
491 231 195612
268 281 472723
381 303 776203
477 709 358581
305 395 587548
433 412 802687
141 277 215161
107 419 24894
374 84 776609
414 132 100509
587 318 573231
236 621 865786
619 504 740718
713 257 771129
138 561 846909
706 262 440233
106 308 265995
474 259 376245
557 118 229507
594 356 200405
181 309 99087
165 479 287740
52 641 575220
190 376 938480
164 638 378713
176 120 644707
712 440 304487
699 263 581171
562 618 297927
648 195 913366
402 582 235371
679 40 146145
619 265 870945
30 410 222610
459 464 376072
547 286 559806
181 177 290562
63 560 119108
10 505 265253
428 614 969357
552 72 381233
439 242 252178
468 557 474787
371 497 794918
469 295 212916
555 377 19829
534 4 845238
268 545 297064
538 320 790067
49 645 231519
306 277 983731
314 411 913058
514 566 373809
160 289 796867
205 613 520495
152 609 834283
675 519 317747
236 473 515422
171 252 704234
476 434 687964
59 114 601022
478 585 491182
264 611 869747
720 526 844403
17 584 796384
208 331 97210
440 48 743525
703 659 613272
252 326 519865
46 507 777092
12 254 2911
316 62 458299
682 383 686105
281 692 802082
393 80 316311
168 528 231136
644 77 612617
540 424 812616
1 257 873924
682 640 76380
138 600 394813
437 592 734849
516 383 457047
722 294 769832
119 244 649810
297 355 954516
166 599 5013
221 694 415502
580 210 686730
385 106 420725
651 348 70791
548 605 96857
53 676 818022
567 202 140106
289 94 238781
43 209 925510
371 26 341740
161 540 456621
592 499 858483
165 155 243209
200 686 718132
409 184 663170
723 482 393187
137 647 809893
700 522 800191
663 585 347574
357 211 824787
111 619 579296
652 581 261205
431 41 784259
201 225 901333
37 124 991379
364 344 713308
708 673 523494
391 500 12086
69 396 430360
231 586 967723
601 381 132621
12 184 319667
341 701 250622
690 352 60013
367 455 331902
550 630 484406
636 62 879222
245 32 646196
61 716 663359
29 521 523259
78 278 433460
350 638 765362
75 443 766119
725 660 15208
144 691 661403
204 187 290386
169 153 541095
38 418 714002
572 410 319908
683 161 13138
489 291 741961
534 392 255195
349 414 715873
689 326 269474
151 610 530604
48 345 48433
520 293 517204
577 77 564160
699 702 625400
287 564 746522
280 528 341175
245 74 429769
144 432 386405
100 656 243259
134 529 948233
596 233 938101
109 212 367869
39 376 879457
471 667 501168
254 216 266317
671 563 242540
516 56 255307
718 118 983157
192 156 426781
346 103 797394
232 39 492070
434 425 201514
224 502 377987
28 60 438680
662 373 456981
242 282 57799
269 341 496478
191 458 521575
563 719 33712
165 542 704429
576 701 123348
367 250 941724
115 470 133719
1 465 866089
719 21 736995
484 141 788870
447 162 588563
86 191 316958
134 578 903537
449 236 37599
447 343 26076
433 466 278025
624 53 178661
417 320 555123
674 591 638874
178 206 809410
93 172 745560
515 174 420081
350 126 495616
494 625 860075
637 679 507143
179 483 290848
237 130 694403
121 253 913269
67 595 295477
661 458 556658
461 287 36089
713 379 971397
89 412 472953
170 365 381078
423 115 785201
603 20 655232
457 537 686213
149 68 474936
351 183 148154
417 539 227914
398 368 824828
15 441 486262
226 448 220652
84 411 347586
606 234 392502
87 224 707558
496 159 630779
433 220 1472
210 10 402218
502 541 457602
711 721 704680
324 603 716106
257 503 841346
147 544 579874
368 16 443379
283 170 38815
128 14 910345
244 286 684625
377 154 919343
402 421 595958
716 442 991098
253 313 7783
94 47 657503
651 327 709959
172 639 234093
58 726 722444
5 388 808849
197 583 176744
495 638 448459
176 311 719734
565 562 300148
347 573 744800
50 561 142562
125 364 505846
687 65 28670
412 397 254232
524 543 399301
358 280 809073
498 729 749239
6 101 388742
55 524 446888
352 31 162648
142 214 449534
199 549 102932
323 392 36819
215 279 721185
3 697 177515
272 506 444302
177 256 874104
332 623 975087
423 407 32338
420 367 844074
95 246 716978
474 310 526057
179 122 35620
78 540
41 404
11 11
507 277
22 249
459 173
31 352
408 408
323 323
573 715
726 22
21 20
370 370
569 460
652 438
559 559
38 418
328 328
483 90
339 339
301 273
493 493
485 485
428 588
710 105
382 382
512 512
177 141
563 20
111 111
31 39
600 600
408 408
115 516
571 114
578 578
691 432
81 81
363 427
325 325
416 699
44 723
311 311
407 423
129 129
710 710
19 150
250 250
24 169
670 361
207 229
563 719
109 446
113 113
520 293
671 21
285 34
312 603
239 609
359 359
246 95
91 91
129 129
153 169
533 303
314 314
481 450
426 426
16 16
359 88
567 567
423 640
407 34
450 393
186 186
453 453
89 89
92 92
169 330
176 357
485 684
559 458
612 592
628 445
359 384
359 505
297 297
635 532
413 557
122 122
198 198
212 212
274 274
496 496
429 429
170 365
45 423
453 453
319 185
112 51
466 433
503 257
602 349
689 689
212 212
535 383
425 425
331 208
452 452
95 312
148 631
45 387
520 293
14 14
280 168
580 210
324 324
2 2
248 248
15 507
206 334
26 26
61 716
222 450
511 511
17 76
279 469
485 485
30 30
691 144
86 86
377 555
40 679
573 573
646 271
89 89
617 684
328 328
121 322
597 218
689 326
401 401
122 630
143 383
425 425
611 240
16 368
73 260
681 681
461 461
37 682
302 302
694 221
213 624
110 110
567 567
476 165
38 418
726 22
31 352
625 625
526 720
153 722
201 519
163 163
89 89
149 68
385 385
665 146
183 183
452 452
269 269
487 292
696 433
19 611
63 194
148 148
678 546
273 678
396 69
431 336
55 524
250 250
729 498
241 301
276 276
688 551
673 708
542 542
56 56
447 562
707 249
650 700
650 522
82 375
498 556
225 225
509 7
496 162
89 89
16 368
295 295
703 703
358 168
515 515
34 37
464 464
158 158
526 720
295 295
641 641
326 252
82 342
608 372
295 295
484 484
149 149
573 715
207 517
246 95
725 237
315 249
573 202
96 96
6 6
170 242
646 646
399 399
446 235
512 512
693 634
164 695
302 302
140 281
461 287
111 111
274 405
702 699
263 33
628 445
689 171
295 295
467 467
403 365
607 607
696 433
143 387
73 73
420 367
184 589
518 475
45 423
713 257
496 496
92 488
571 571
347 202
137 647
288 288
647 191
163 163
529 529
4 4
373 455
379 713
40 637
148 631
646 632
11 11
295 295
580 580
487 487
496 496
213 624
38 418
216 216
135 533
601 381
319 165
28 309
345 345
131 120
464 459
102 102
344 469
346 588
109 446
625 625
673 673
477 709
265 265
601 601
519 419
106 308
639 639
727 727
453 453
635 635
66 66
145 145
438 118
408 237
147 544
256 181
339 339
131 131
408 408
389 562
50 156
407 423
24 24
64 688
75 443
515 515
315 249
453 143
359 88
269 269
32 32
681 681
179 505
399 399
246 375
244 219
137 137
626 626
73 449
687 687
711 79
89 89
394 103
451 451
519 419
140 140
574 574
285 45
725 725
282 132
153 169
45 423
626 626
91 91
517 222
279 215
673 673
110 110
13 558
542 542
233 587
550 550
570 570
140 692
714 714
409 409
346 5
596 596
636 636
666 64
227 227
30 30
581 557
26 26
658 685
29 525
255 336
285 285
154 154
254 475
181 329
687 133
131 548
428 507
115 34
430 430
167 167
50 50
581 162
659 712
25 25
127 127
280 82
288 288
607 607
580 580
514 514
585 117
239 67
135 135
217 217
504 504
500 678
168 321
131 131
522 97
54 164
457 457
267 236
159 618
611 240
359 359
272 272
563 719
500 500
549 549
528 342
533 303
343 343
478 436
696 290
697 697
372 53
636 62
158 158
28 177
394 394
82 436
579 728
228 233
121 121
127 127
38 418
53 532
196 196
323 323
556 443
195 195
691 691
119 119
570 570
22 249
441 441
207 207
673 708
244 286
40 679
340 340
160 289
596 596
500 70
188 188
656 656
549 199
521 521
676 676
143 535
636 636
653 653
464 459
636 636
153 169
612 612
653 576
92 558
176 357
63 717
666 666
416 219
388 5
464 459
658 685
558 488
541 541
339 410
600 600
220 220
388 388
40 40
6 6
352 232
227 564
27 27
729 729
582 552
274 405
28 309
270 270
409 184
129 672
61 716
464 459
601 381
386 386
158 158
520 293
60 28
710 105
206 108
508 508
726 726
496 496
721 7
686 672
633 444
6 6
583 197
365 242
600 138
492 492
714 261
174 717
163 17
664 34
343 447
467 483
309 329
126 350
729 498
250 250
93 93
333 318
397 397
567 715
694 694
650 700
616 616
20 695
430 649
135 533
149 68
35 35
504 518
720 351
581 652
396 396
38 418
421 421
471 667
644 644
396 134
688 627
246 95
514 514
617 617
464 464
328 328
345 440
35 35
710 710
305 502
606 606
457 537
112 51
343 447
714 42
658 685
137 191
535 724
81 81
647 226
515 515
42 261
285 285
390 390
180 180
727 727
120 306
726 58
6 6
673 708
338 234
126 126
487 292
243 475
360 268
521 579
583 583
560 560
508 508
714 714
250 250
291 291
55 243
539 539
4 4
477 477
113 113
220 220
275 440
511 486
503 257
94 585
730 427
604 439
521 29
658 658
229 517
476 434
195 648
461 287
2 2
32 32
25 473
407 115
672 277
581 581
363 363
703 703
322 538
47 47
22 245
659 712
198 198
515 497
646 632
453 724
529 723
278 540
725 660
176 306
246 95
578 578
267 371
11 209
595 595
604 439
274 274
524 543
267 267
644 77
535 410
149 149
339 339
160 289
550 550
13 590
27 27
551 436
85 85
47 551
227 585
343 447
476 476
481 488
213 589
721 721
145 57
399 399
687 65
8 462
122 122
567 488
122 122
110 478
275 275
260 238
252 627
166 489
689 326
641 641
16 368
533 23
313 313
514 514
314 314
570 335
315 707
663 663
686 454
113 113
305 597
269 341
727 330
246 95
539 539
4 4
279 344
98 627
313 584
11 43
55 243
664 406
660 237
622 622
596 596
523 523
388 3
193 193
137 647
658 658
480 480
343 447
78 278
407 37
409 409
496 108
670 670
207 513
29 175
256 256
677 677
585 489
667 406
61 716
359 359
394 346
207 70
25 473
32 32
59 83
8 8
491 491
396 69
44 335
288 510
726 22
319 185