66 62
26 19 295629
29 59 975574
38 35 14549
30 17 934779
46 23 366316
5 23 165815
18 12 786179
53 54 367699
11 7 865479
52 15 200945
49 40 169813
53 1 69761
36 38 865735
33 65 941336
31 44 468598
24 47 340706
9 62 478745
5 48 389625
40 59 502131
64 42 466279
32 24 505768
15 8 878224
57 44 312125
66 8 287932
25 36 72423
4 57 193789
3 65 951561
13 2 434126
9 39 18960
11 36 334995
27 66 451540
15 14 180576
66 4 14027
23 1 450090
42 25 456247
36 26 882461
9 26 927252
43 39 860445
58 45 82443
64 56 942372
53 24 200020
35 46 511904
51 48 263738
10 60 176408
34 6 489405
24 50 88199
21 39 30571
10 51 958523
33 12 322381
14 26 507053
59 10 349637
66 55 98435
58 54 347498
12 17 292651
41 21 612586
48 30 690686
22 61 361314
20 52 689116
13 43 524272
63 23 347615
34 12 172114
28 45 469335
64 37 185966
61 39 331612
16 31 18480
44 35
16 31
45 58
45 58
52 1
6 17
16 4
18 18
55 66
6 12
63 63
36 46
26 46
20 20
40 59
55 38
18 5
49 40
65 48
20 38
7 11
31 8
7 11
44 8
41 39
3 3
16 16
42 25
2 13
28 45
16 57
63 63
59 48
6 34
22 39
22 46
6 34
56 42
32 32
2 43
28 54
22 61
64 42
64 46
3 33
34 12
16 16
31 66
20 52
49 49
19 19
18 18
32 24
49 49
56 64
15 36
50 50
56 64
37 37
13 39
18 12
41 41