332 306
332 128 561219
133 106 812857
44 135 457562
311 163 923457
120 83 883850
34 51 471159
163 321 716494
152 145 669534
317 240 564035
171 197 355718
132 117 176942
215 169 776919
15 212 254601
256 110 566236
252 229 248326
122 183 8792
224 13 133672
205 85 188408
175 69 224067
45 159 550247
98 211 855275
199 93 177179
73 27 87082
82 283 296859
93 122 97436
186 243 330990
249 135 779046
300 259 395174
3 21 175246
197 65 338081
255 83 763983
98 281 530523
28 22 934205
170 23 465295
8 115 47249
327 300 47563
164 136 970101
14 103 15004
199 25 368156
41 221 109945
41 63 596087
171 160 36227
313 188 690932
149 277 363858
268 204 104888
96 199 162347
86 30 61378
211 295 452004
262 82 38984
1 122 46384
309 82 540803
115 172 377514
122 152 766401
69 300 278193
291 155 242453
294 170 272967
105 256 700724
130 134 821123
98 315 29336
89 235 533313
221 212 671134
83 326 723133
24 35 703480
153 24 95435
145 314 364294
9 195 40951
323 299 689322
3 17 795859
229 114 859213
124 202 763892
60 10 136191
329 92 55844
105 116 559079
284 188 885882
18 252 367407
239 261 657597
218 171 402448
199 173 663336
154 321 408617
170 32 193626
9 11 548396
311 7 530079
275 31 516190
193 234 273129
134 252 111793
308 78 790985
12 295 583671
267 82 706928
206 235 465524
178 324 437852
272 253 640870
123 231 262065
317 173 57271
215 33 213617
219 86 859240
143 61 358433
247 325 235796
190 259 729705
305 53 603315
328 150 264894
51 89 961982
37 211 863473
109 116 508857
51 250 973566
307 56 143479
322 199 418708
83 113 940496
58 222 627642
274 324 400034
92 193 409972
100 235 60780
231 95 490004
266 127 976499
183 32 192961
238 103 268663
24 74 702797
57 117 889078
278 6 321415
60 200 357066
89 211 657610
88 310 952840
124 208 111542
267 61 295453
49 243 452928
138 69 270234
216 92 506247
296 68 682755
101 14 3257
19 325 950888
180 81 311502
201 168 269183
125 291 20051
62 146 851391
126 194 559738
222 251 789406
259 54 627933
118 17 495177
306 244 284127
298 263 578598
298 80 47031
53 207 468303
12 129 33820
77 111 378438
190 4 692335
109 217 276465
162 110 366842
99 70 172678
55 43 981769
30 260 741748
183 225 845931
125 277 702945
191 208 96361
319 284 857520
240 142 694767
222 170 321420
210 331 92357
236 17 358470
273 72 286156
141 101 136207
192 203 180195
323 328 208555
247 186 976903
300 92 826850
131 331 80747
297 140 783696
188 18 488567
188 173 926087
177 33 475682
128 173 388774
6 285 793017
28 195 702736
327 109 135289
89 76 608145
54 206 16091
161 91 51463
24 278 507076
120 17 238806
152 218 792466
244 108 998683
116 200 385095
310 207 496413
87 319 100985
82 271 532406
288 62 560926
298 72 889494
163 271 706627
136 310 449847
286 49 185101
151 292 825480
273 76 742523
91 305 395005
155 59 182775
307 61 578690
181 268 507047
54 233 3218
283 315 6464
318 119 792185
288 324 46485
64 62 462404
279 2 416259
29 93 846276
157 247 471886
20 142 373738
73 242 400269
187 295 862473
40 166 338968
83 71 833758
103 26 69297
91 10 870754
38 288 236811
313 237 585267
228 61 412534
121 80 819595
327 152 371560
135 6 596650
176 297 933415
119 299 55777
180 69 929935
232 159 290044
265 117 412527
299 97 72611
94 244 665300
255 329 321942
75 260 440345
332 73 937572
297 52 290118
94 212 179882
97 144 122306
123 41 606481
17 325 12552
13 190 820758
192 190 813973
265 285 712881
316 166 793684
3 226 124767
97 25 304648
193 168 943306
168 198 517919
6 240 901000
18 257 887888
285 189 229421
214 49 11299
202 218 775354
36 234 993359
120 15 69734
317 182 883995
231 107 900923
186 45 30535
133 329 35147
110 131 983227
215 142 95403
98 14 861525
314 11 196183
173 266 259898
199 248 334007
52 160 42688
161 290 25915
104 150 180269
165 136 778275
179 324 910282
146 173 871633
234 126 925947
42 62 487999
201 70 524475
158 60 280018
227 264 550783
30 154 593433
22 279 732378
276 222 600341
327 31 672346
291 72 571908
193 77 741411
57 253 318025
172 226 634513
133 264 500934
266 174 60145
134 39 59124
312 169 326494
280 40 857837
169 268 583438
121 40 795696
5 8 819897
102 141 631135
66 40 721247
139 320 221314
46 281 610176
48 299 3121
235 156 32880
303 196 563571
136 139 814798
261 241 629707
101 147 745629
156 293 281015
151 40 748720
124 185 233005
166 258 517659
304 57 116814
317 254 220142
84 63 762663
76 246 382167
68 87 956437
6 220 741384
135 230 773304
218 213 535966
292 78 246430
172 239 528971
178 245 666382
205 315 579126
147 302 474940
101 67 319044
94 55 52332
14 223 753705
145 167 266387
289 237 608713
60 137 802245
276 270 28683
50 225 696904
195 148 490023
143 330 646735
89 90 827444
303 116 628493
107 184 705747
287 116 527842
153 79 170375
16 91 873121
209 4 817917
258 301 652048
36 269 431238
47 136 431895
274 112 599957
282 198 299277
187 187
117 265
108 108
280 280
228 82
208 202
88 10
27 73
262 262
184 184
29 29
272 253
179 179
35 278
184 184
19 19
110 256
220 220
316 121
75 75
47 53
182 182
130 252
85 85
95 41
306 94
194 126
320 139
263 263
81 69
59 291
241 261
280 280
117 265
7 7
7 7
209 4
130 188
302 302
272 272
320 136
286 286
301 301
296 68
174 174
131 256
230 230
86 30
139 310
194 126
111 77
129 12
302 101
7 311
97 199
296 296
115 226
301 258
132 132
99 99
86 163
249 249
203 192
127 266
150 323
78 40
221 120
260 321
149 72
8 115
28 145
85 205
108 108
29 29
245 178
124 202
187 187
57 93
99 70
263 263
328 25
241 241
61 315
7 271
148 9
184 184
84 63
276 222
301 258
296 68
30 163
47 136
141 98
270 170
184 184
194 194
294 294
129 12
203 203
164 136
191 208
208 202
44 135
257 257
90 90
123 41
229 252
275 31
296 284
233 233
230 135
194 194
66 66
304 304
63 221
27 27
162 256
279 22
90 90
289 289
27 27
144 144
78 151
79 153
242 73
181 169
232 159
304 304
24 278
130 134
269 36
79 79
309 309
61 283
318 318
33 240
130 130
47 310
282 282
5 8
45 325
111 111
319 284
213 213
324 62
75 30
75 163
169 317
216 216
272 272
176 160
249 249
331 110
126 234
219 283
301 301
233 233
215 173
244 94
2 28
37 37
113 113
209 4
330 330
177 33
191 208
285 317
43 43
128 199
79 153
81 81
272 272
316 89
228 228
126 122
246 246
318 119
320 136
262 262
263 263
261 83
308 78
16 60
196 196
194 126
275 31
129 12
141 101
16 16
74 74
75 260
48 299
310 60
253 57
59 59
232 232
5 3
182 182
276 222
318 119
275 31
210 210
302 302
100 100
47 305
66 66
248 248
79 79
34 34
318 25
194 126
310 91
144 144
214 243
112 146
130 130
46 281
185 185
96 96
27 73
257 257
294 294
28 11
150 328
58 58
29 29
181 169
254 254
95 123
177 33
150 97
191 208
95 15
106 106
275 31
79 153
79 153
310 305
232 159
203 192
204 204
224 224
182 182
232 45
245 178
47 47
179 179
194 126
254 254
224 13
164 91
130 130
73 332
40 72
106 106
261 226
330 330
22 28
34 34
220 220
321 89
275 31
185 202
35 35
184 231
214 214
153 24
104 299
34 34
66 66
35 35
274 324
34 34
102 101
106 106
47 207
75 260
279 28
249 249
2 314
106 106
32 183
102 141
74 24
308 308
50 225
289 289
87 319
22 314
114 114
241 241
289 237
228 61
42 42
16 91
144 144
39 252
144 144
129 12
286 286
115 172
181 181
64 64
320 310
274 324
47 305