850 923
213 804 263874
286 517 942642
288 548 438285
27 40 808413
212 87 245846
152 178 74305
226 261 571032
626 712 773837
779 269 568336
813 194 543185
35 406 277589
58 394 630107
299 383 227906
436 409 525597
650 620 822485
847 473 563615
352 401 734677
33 176 365989
671 104 613459
56 66 842302
393 100 540810
683 709 546755
341 710 993487
546 847 396947
194 646 748666
779 643 687790
393 696 809340
521 430 758416
809 802 580769
218 7 290537
371 101 453936
80 783 883897
436 273 490356
622 520 744302
68 714 970499
685 344 414793
627 438 667840
416 108 784319
83 67 87122
704 836 111881
540 356 918131
177 138 299814
523 573 919738
728 47 489458
79 666 567273
330 501 459316
372 277 245553
812 394 177012
532 477 586978
204 330 637965
136 571 655923
466 747 181660
431 420 794634
669 849 971980
278 630 626996
600 109 24698
117 480 336524
369 143 920869
430 377 19797
260 282 214076
626 417 343298
498 584 828695
507 165 586866
791 535 591814
822 514 104193
117 263 94501
166 379 493883
789 449 970177
360 580 307703
406 541 626286
484 317 5102
281 814 911338
527 173 612102
342 665 576188
708 338 293053
300 157 813617
553 322 113547
435 813 438395
713 322 997876
518 727 862617
603 360 703285
807 343 659450
744 19 429124
547 63 290588
34 770 764878
288 219 446284
804 771 875855
550 57 906467
446 770 458988
71 437 69567
789 189 435926
123 697 934068
525 590 909039
248 286 431351
338 21 609170
765 308 546688
498 261 371111
254 810 576319
271 107 616138
310 178 347326
226 116 879817
204 791 735063
821 465 824403
11 712 792640
411 199 699611
730 665 354718
120 312 87931
832 566 496442
750 538 534999
290 847 201476
817 775 391193
683 128 807435
449 102 330461
13 391 750321
763 701 779351
578 171 387772
39 751 367303
306 142 439504
843 192 127843
542 419 679860
466 762 628044
593 746 827643
392 47 851644
202 59 668285
423 523 700887
225 250 604559
146 289 596161
600 296 567853
103 841 107246
448 532 848115
207 147 980176
52 739 436023
845 832 1521
38 184 777631
174 308 503704
713 532 806003
571 379 160343
32 680 251589
186 484 429179
531 81 649762
147 839 514058
822 593 317248
797 587 401281
817 326 580266
300 202 604523
603 64 286106
305 336 12786
550 69 151865
240 806 175551
770 487 178981
131 335 391072
190 9 923514
689 805 120302
319 473 316727
685 772 213778
507 226 28693
265 531 366031
400 782 305599
67 171 447955
217 90 900343
149 220 510877
70 111 776085
285 799 648341
236 267 612814
215 101 479837
394 310 236763
637 574 205945
67 123 547726
117 741 546398
421 107 114787
63 808 935358
40 579 522168
576 14 708816
217 801 412934
32 165 182085
618 261 653494
282 47 629619
178 665 90541
5 781 253534
2 54 745090
640 116 293247
647 707 805428
466 433 172441
233 649 63643
267 382 279410
103 149 549870
248 133 420068
116 310 256034
658 315 363366
241 316 190019
483 106 636335
681 454 245893
608 622 278427
250 556 865925
693 822 686608
704 626 671257
423 23 605689
442 690 212200
275 498 522164
590 738 114682
109 72 104539
295 753 943444
39 510 153565
216 462 476421
742 304 324944
800 157 397572
156 281 831444
196 424 805236
247 698 376783
61 139 832322
742 799 916944
82 795 956598
725 834 240359
842 199 457020
112 90 670223
457 39 192081
280 746 572463
126 643 231436
661 40 941385
843 652 65676
316 245 794326
711 326 763671
158 200 252306
667 191 22306
786 4 939595
61 163 723486
43 144 45233
8 269 510526
395 79 364267
630 623 128620
407 641 401914
132 501 321391
354 659 797790
261 177 533733
366 664 5638
263 724 54802
198 469 78796
282 476 425414
159 20 416245
75 351 428069
344 757 293209
559 591 444960
249 646 356270
691 609 267498
175 124 119311
512 386 614637
416 285 945555
463 567 200880
778 725 644751
322 502 702202
191 547 471610
401 808 747302
560 206 809300
781 46 909908
328 772 587783
539 136 266169
325 551 217605
281 163 970973
712 90 553150
312 114 844753
815 6 458049
375 406 827656
778 668 274964
127 300 597761
636 628 846133
419 18 542068
289 44 256720
443 324 68884
568 185 403973
567 496 227288
471 163 934193
369 537 850601
777 464 421470
242 293 3069
602 78 379248
586 496 152965
705 784 455208
524 79 231531
207 646 715517
532 64 35565
671 534 410227
816 604 827465
516 232 34580
287 473 840872
655 777 188952
205 512 633897
69 367 990933
529 592 477663
461 501 65060
578 182 306273
594 554 78758
220 519 324211
84 736 419345
113 172 122769
137 529 32245
238 733 26609
536 503 647927
470 181 152918
482 642 126818
841 71 489951
115 664 469605
772 585 32675
35 668 513411
379 482 849632
47 618 77112
194 557 542394
2 243 947499
728 712 714929
47 46 625272
717 36 394044
419 151 56809
675 624 23793
600 658 638812
410 738 420094
93 785 241213
305 128 291122
100 681 687364
398 260 969927
27 306 100122
550 724 659360
294 293 437560
402 669 62535
797 418 825793
158 529 179380
553 622 246066
418 628 58095
839 727 642075
354 275 678636
282 3 287992
554 552 662367
265 547 775361
126 651 612930
610 597 207747
52 754 105928
784 159 124399
599 576 372976
244 564 910404
270 619 651478
556 50 343830
849 305 129084
165 569 884930
326 694 184530
305 454 51676
403 207 641532
180 140 374190
280 739 523567
157 684 864432
761 103 600500
788 360 218049
520 358 333554
803 225 122724
782 252 506768
264 258 580923
639 362 654629
620 542 423619
461 523 650309
27 680 876442
708 292 776796
307 781 513656
508 450 407715
163 104 121341
386 588 913542
155 1 429951
377 639 361963
806 111 815504
226 273 464028
384 300 647807
77 709 826300
722 718 618281
579 77 883930
794 239 785036
636 326 173823
178 481 751173
528 559 85113
390 216 817175
495 441 321548
825 526 638149
431 304 115057
31 176 385476
113 754 151102
644 399 778192
429 185 873118
801 64 975350
25 293 665810
738 385 82776
412 581 682568
61 555 115496
9 688 257999
368 420 886874
295 532 548480
597 325 650530
838 456 314366
257 406 969881
156 431 47026
316 20 391410
393 133 367592
612 194 406897
507 754 189834
706 823 59055
781 268 600136
462 14 246062
244 553 265517
761 810 348675
492 667 246707
217 132 44726
28 226 76258
419 838 662851
217 494 475357
702 51 112479
756 832 476046
193 145 717159
805 388 646714
723 299 105123
197 492 100439
653 708 298473
830 437 781998
588 557 749935
240 774 834131
646 625 776231
727 531 495814
522 723 541359
33 379 79746
96 804 458046
670 702 129787
508 207 658346
180 186 435132
630 475 860441
216 715 308464
296 212 1738
129 640 999318
494 312 934043
452 46 51973
500 141 618626
547 810 499028
534 169 456236
631 51 502271
315 680 746096
555 45 366912
718 43 840075
655 171 278065
825 664 673278
17 818 742873
515 767 589165
176 396 875798
46 231 337129
96 803 266295
775 150 539549
522 211 121266
564 738 221072
96 801 163831
664 768 423055
505 86 589321
421 801 605198
518 50 513693
748 780 172639
402 124 738215
552 574 600186
464 41 531501
351 163 48636
256 258 712937
788 624 627106
292 278 973594
564 698 909246
713 67 720695
356 814 901977
802 562 21368
526 150 211832
566 300 614784
430 36 508290
390 274 81977
163 131 595071
440 74 697484
47 55 870516
104 570 288844
451 636 154747
162 404 7774
311 337 485542
611 620 809121
348 309 815060
323 786 373072
453 406 470713
229 291 282951
449 39 285657
16 142 97376
559 592 112414
756 754 148819
329 766 397055
722 228 260074
143 575 631383
504 599 601020
430 467 709191
580 506 994847
596 349 608575
304 91 720988
761 546 869806
792 163 266860
663 391 526933
67 161 917066
688 338 760469
14 627 539500
183 167 403979
390 414 740774
228 530 144677
690 777 14482
631 90 797693
146 480 840977
652 848 515644
812 413 824033
299 731 781797
76 330 200181
794 211 746470
59 134 812457
548 361 424739
474 753 860515
407 235 543454
149 380 340235
376 182 422083
371 695 937347
203 696 213080
601 473 28311
331 416 247521
152 475 207505
711 172 522567
99 348 722919
263 754 295154
219 53 651435
355 130 422268
489 500 336965
60 17 594605
485 649 309000
339 825 516504
199 699 555422
297 196 794693
261 651 606198
181 703 257632
536 832 196252
726 183 533216
613 587 580875
629 741 762658
208 757 50615
183 362 371013
31 235 342461
778 577 825474
578 176 363504
133 560 329491
17 849 532376
629 585 629602
110 475 908611
617 551 198168
225 668 869500
288 132 259982
224 743 268759
503 466 952987
678 369 292819
387 212 32384
849 228 711782
324 558 7466
527 667 30392
587 135 493495
5 61 7212
454 348 408293
636 572 668187
446 776 237202
23 802 565842
234 586 159890
716 720 840237
392 537 870628
732 85 400188
781 828 908823
221 129 717718
502 434 920142
809 829 415758
95 371 149644
475 499 156217
798 333 558798
33 620 102380
284 577 213765
114 246 179416
547 787 233673
821 711 859863
637 499 318824
317 157 618020
687 52 787844
37 618 354494
369 767 292476
187 533 85282
465 297 351045
711 264 275292
647 387 940214
210 101 989350
646 805 665318
291 544 994837
734 614 883154
688 533 71814
686 627 843026
652 120 482922
188 434 408781
840 235 942543
316 353 950908
663 10 132577
655 255 643766
241 18 526919
301 472 917120
704 365 790547
480 340 686448
302 663 524487
437 346 164526
671 438 958093
726 797 523207
735 626 647712
459 804 903631
630 755 506742
483 821 297288
664 12 983735
771 551 663572
296 74 37361
391 799 362057
225 824 36911
82 432 549517
113 763 137773
154 395 873494
25 683 530597
1 477 537281
385 760 371740
609 734 925003
819 504 152530
591 657 863476
36 399 312986
513 429 253921
790 387 973615
750 290 233530
179 822 310384
572 86 715985
318 312 119749
638 282 358651
19 282 693345
460 203 32480
486 478 90657
529 721 69785
623 751 485477
410 88 497946
722 786 42392
54 362 676607
674 381 802588
342 500 318478
819 706 386906
266 510 847223
676 597 345169
249 234 903912
406 509 132786
613 563 788548
769 88 137430
357 607 258121
850 369 945263
397 421 65594
347 654 969505
752 313 618642
141 432 369064
570 490 932020
378 94 950058
614 198 432014
287 65 212813
393 816 311775
186 181 989403
327 612 358466
598 804 806838
692 843 205815
786 400 582758
257 549 344031
727 486 431876
147 545 585314
284 444 574410
736 770 848422
707 846 447970
214 431 457284
317 49 435916
492 748 98760
656 660 974416
63 240 678199
346 98 830580
236 103 997937
473 621 480163
789 372 916078
389 787 633278
759 18 104243
798 292 503745
667 719 415488
605 240 847917
438 210 379105
162 628 650708
218 238 642077
262 825 948117
743 57 903957
455 798 409765
402 239 913509
500 764 905177
233 11 804369
760 737 472673
469 656 237713
747 68 749287
84 246 693323
270 776 500723
238 508 169150
591 686 448926
323 337 695167
197 230 604318
808 634 134950
347 447 125255
376 729 278176
589 647 663499
633 300 922190
720 229 384497
341 420 604226
283 184 744489
774 378 347147
525 38 417504
370 809 827870
820 838 717169
237 70 536463
102 154 683070
227 685 146717
652 443 266330
582 505 799999
614 566 556587
683 679 634700
174 596 14167
826 740 796848
673 469 191624
649 105 149836
465 632 658676
482 607 418367
831 555 584907
732 337 945882
320 65 819988
595 268 958257
790 458 364275
405 239 539302
118 568 506402
691 209 783679
756 298 270525
616 463 512647
322 511 203459
472 800 724618
15 158 24648
463 783 199652
661 332 159505
126 343 346370
729 602 7255
614 374 776811
561 227 287853
486 359 673720
583 360 188220
844 499 228381
326 253 82558
586 121 858129
488 84 585194
510 119 435187
425 541 837702
421 168 362403
188 125 958916
495 618 408567
30 290 399150
135 22 295320
736 89 84828
559 793 51657
488 516 947240
612 199 381243
51 648 644688
703 66 463413
174 42 937123
824 837 207569
677 604 670982
221 565 182865
690 468 813967
26 422 626020
97 307 178470
408 692 153524
245 122 348764
835 676 582359
143 513 960244
196 381 573377
412 344 247535
99 716 106177
414 355 723690
6 503 549671
165 26 88069
844 497 248904
666 62 383973
484 42 832911
160 806 471415
654 619 155878
311 833 66733
153 493 326849
645 639 561394
514 201 574574
242 164 166515
700 165 234210
333 222 316908
55 758 559392
595 303 160386
781 428 262618
288 827 371455
615 72 646082
223 363 19373
625 635 960627
153 521 218461
426 159 723625
306 259 875586
815 93 494026
92 797 776128
766 130 39437
588 479 715622
591 427 125936
350 797 186856
321 437 839915
404 491 368900
740 381 367372
784 745 551996
598 314 974041
662 580 442808
155 364 160986
623 334 828026
313 672 688278
66 682 333241
499 195 695801
439 124 98590
373 156 198661
417 73 607848
251 720 907759
193 290 928225
844 672 744019
796 200 596883
445 605 447497
380 170 614438
708 29 64406
415 93 502351
223 759 620175
495 543 567718
381 279 36809
796 811 45431
423 606 545940
276 480 614548
486 148 75755
586 272 161882
573 773 341909
68 345 794129
457 24 501806
749 441 460814
48 723 787232
839 839
233 233
48 48
253 253
504 504
838 838
777 777
775 775
414 414
168 168
295 295
781 781
737 737
180 180
131 131
605 605
551 551
810 810
393 393
79 79
17 17
757 757
306 306
358 358
687 687
552 552
342 342
1 1
599 599
215 215
735 735
290 290
149 149
782 782
542 542
354 354
471 471
170 170
279 279
34 34
40 40
275 275
517 517
776 776
156 156
349 349
233 233
706 706
308 308
625 625
486 486
26 26
234 234
791 791
85 85
622 622
194 194
129 129
623 623
495 495
343 343
507 507
784 784
193 193
140 140
177 177
249 249
610 610
347 347
229 229
345 345
386 386
503 503
11 11
311 311
360 360
61 61
543 543
767 767
368 368
20 20
402 402
95 95
805 805
45 45
732 732
278 278
238 238
10 10
602 602
732 732
54 54
810 810
665 665
798 798
99 99
544 544
196 196
410 410
40 40
424 424
457 457
425 425
628 628
169 169
437 437
689 689
230 230
682 682
605 605
299 299
403 403
709 709
96 96
59 59
753 753
827 827
336 336
692 692
538 538
640 640
574 574
293 293
599 599
90 90
240 240
400 400
633 633
138 138
511 511
374 374
263 263
117 117
500 500
593 593
286 286
639 639
431 431
217 217
172 172
738 738
515 515
574 574
596 596
312 312
334 334
200 200
288 288
371 371
41 41
527 527
160 160
316 316
819 819
759 759
406 406
761 761
10 10
740 740
48 48
520 520
816 816
310 310
637 637
465 465
52 52
624 624
253 253
185 185
840 840
126 126
72 72
206 206
699 699
369 369
518 518
734 734
568 568
507 507
255 255
608 608
736 736
414 414
74 74
704 704
24 24
181 181
316 316
585 585
70 70
363 363
255 255
35 35
375 375
41 41
202 202
128 128
366 366
156 156
312 312
57 57
282 282
85 85
814 814
682 682
453 453
183 183
566 566
170 170
392 392
820 820
480 480
277 277
85 85
553 553
682 682
661 661
733 733
148 148
395 395
504 504
510 510
351 351
539 539
586 586
391 391
442 442
714 714
458 458
597 597
727 727
514 514
28 28
514 514
478 478
412 412
116 116
362 362
127 127
838 838
753 753
648 648
467 467
179 179
434 434
169 169
11 11
796 796
603 603
158 158
43 43
256 256
369 369
393 393
496 496
105 105
486 486
87 87
520 520
93 93
386 386
396 396
309 309
115 115
611 611
488 488
526 526
727 727
849 849
354 354
416 416
752 752
151 151
32 32
632 632
287 287
752 752
642 642
232 232
504 504
501 501
274 274
759 759
20 20
667 667
107 107
676 676
302 302
193 193
345 345
96 96
578 578
442 442
404 404
395 395
203 203
41 41
70 70
631 631
40 40
424 424
196 196
493 493
276 276
779 779
274 274
562 562
680 680
66 66
794 794
35 35
268 268
769 769
495 495
287 287
287 287
601 601
664 664
290 290
794 794
710 710
386 386
223 223
4 4
789 789
617 617
758 758
532 532
389 389
538 538
273 273
812 812
435 435
765 765
237 237
363 363
188 188
799 799
744 744
805 805
444 444
778 778
223 223
64 64
422 422
211 211
351 351
173 173
25 25
342 342
668 668
734 734
727 727
592 592
439 439
368 368
61 61
346 346
49 49
449 449
33 33
321 321
112 112
169 169
787 787
348 348
531 531
124 124
848 848
424 424
79 79
143 143
53 53
301 301
207 207
475 475
511 511
259 259
349 349
237 237
600 600
166 166
673 673
179 179
459 459
261 261
546 546
519 519
607 607
296 296
669 669
341 341
318 318
780 780
510 510
254 254
830 830
190 190
79 79
529 529
316 316
157 157
672 672
70 70
159 159
580 580
544 544
372 372
540 540
594 594
608 608
289 289
759 759
430 430
467 467
70 70
691 691
714 714
290 290
447 447
711 711
109 109
489 489
178 178
590 590
148 148
133 133
569 569
40 40
212 212
248 248
57 57
70 70
621 621
126 126
229 229
52 52
372 372
302 302
591 591
115 115
59 59
29 29
576 576
191 191
198 198
645 645
583 583
613 613
84 84
731 731
474 474
192 192
369 369
651 651
782 782
517 517
486 486
202 202
556 556
697 697
151 151
612 612
766 766
771 771
439 439
696 696
822 822
810 810
147 147
562 562
75 75
758 758
293 293
650 650
98 98
490 490
444 444
680 680
252 252
229 229
560 560
427 427
123 123
630 630
228 228
606 606
296 296
415 415
807 807
553 553
261 261
108 108
16 16
728 728
580 580
455 455
574 574
254 254
414 414
422 422
517 517
488 488
329 329
809 809
839 839
426 426
150 150
432 432
807 807
104 104
363 363
218 218
530 530
485 485
848 848
459 459
792 792
293 293
23 23
748 748
548 548
835 835
557 557
563 563
713 713
839 839
167 167
138 138
242 242
581 581
559 559
758 758
770 770
38 38
419 419
759 759
463 463
568 568
42 42
122 122
373 373
404 404
339 339
53 53
590 590
336 336
213 213
531 531
331 331
788 788
131 131
28 28
772 772
389 389
590 590
634 634
79 79
757 757
771 771
22 22
189 189
182 182
482 482
108 108
219 219
50 50
568 568
383 383
319 319
610 610
504 504
394 394
715 715
843 843
148 148
455 455
30 30
360 360
687 687
360 360
297 297
519 519
89 89
219 219
58 58
679 679
554 554
688 688
287 287
177 177
710 710
475 475
358 358
341 341
284 284
278 278
92 92
2 2
660 660
410 410
611 611
314 314
803 803
475 475
8 8
100 100
631 631
37 37
162 162
170 170
99 99
458 458
688 688
187 187
378 378
447 447
15 15
634 634
285 285
3 3
512 512
144 144
477 477
19 19
186 186
761 761
848 848
277 277
464 464
657 657
686 686
224 224
120 120
341 341
400 400
679 679
142 142
733 733
716 716
303 303
52 52
814 814
463 463
441 441
702 702
542 542
38 38
717 717
325 325
322 322
719 719
836 836
167 167
48 48
556 556
352 352
510 510
553 553
330 330
123 123
360 360
717 717
48 48
181 181
207 207
149 149
562 562
51 51
31 31
427 427
353 353
634 634
92 92
517 517
777 777
793 793
209 209
814 814
361 361
235 235
837 837
782 782
221 221
705 705
829 829
478 478
758 758
190 190
181 181
237 237
312 312
242 242
103 103
61 61
124 124
12 12
209 209
685 685
62 62
792 792
813 813
116 116
277 277
54 54
633 633
203 203
549 549
841 841
718 718
59 59
225 225
406 406
840 840
147 147
260 260
520 520
327 327
167 167
709 709
209 209
105 105
722 722
152 152
208 208
782 782
275 275
219 219
693 693
662 662
280 280
634 634
326 326
395 395
60 60
82 82
729 729
815 815
630 630
421 421
682 682
390 390
348 348
238 238
82 82
494 494
199 199
601 601
820 820
68 68
162 162
178 178
172 172
33 33
31 31
379 379
517 517
306 306
299 299
359 359
669 669
280 280
142 142
144 144
377 377
753 753
225 225
255 255
419 419
556 556
676 676
803 803
96 96
173 173
190 190
177 177
368 368
90 90
479 479
40 40
157 157
640 640
769 769
31 31
375 375
800 800
111 111
41 41
807 807
410 410
101 101
625 625
391 391
242 242
470 470
767 767
696 696
695 695
172 172
265 265
102 102
549 549
217 217
197 197
423 423
108 108
75 75
790 790
749 749
554 554
829 829
608 608
45 45
748 748
638 638
419 419
399 399
748 748
161 161
355 355
9 9
261 261
129 129
400 400
204 204
598 598
18 18
602 602
144 144
741 741
16 16
246 246
439 439
784 784
144 144
11 11
593 593
771 771
503 503
193 193
474 474
481 481
800 800
220 220
80 80
587 587
639 639
478 478
187 187
501 501
832 832
747 747
762 762
662 662
296 296
667 667
112 112
314 314
418 418
807 807
756 756
135 135
202 202
345 345
68 68
48 48
57 57
362 362
818 818
559 559
555 555
143 143
742 742
206 206
64 64
523 523
793 793
702 702
703 703
681 681
55 55
386 386
577 577
518 518
198 198
575 575
334 334
11 11
590 590
752 752
817 817
495 495
36 36
721 721
839 839
656 656
768 768
598 598
719 719
437 437
8 8
125 125
281 281
451 451
331 331
344 344
124 124
825 825
748 748
528 528
655 655
802 802
63 63
83 83
171 171
812 812
657 657
504 504
822 822
396 396
405 405
789 789
41 41