453 458
65 419 556389
102 143 787191
275 25 519980
66 206 829552
189 29 936519
197 161 170958
427 83 108243
294 386 635179
130 355 388463
100 234 397268
236 298 226872
81 397 412332
200 217 394347
31 280 811919
45 15 945335
380 210 687081
189 181 206821
269 20 334632
371 149 631921
127 248 64768
361 28 858586
234 447 99494
450 357 897091
276 20 524240
289 164 604259
43 12 855235
223 394 214453
240 256 208849
388 17 108059
181 9 920889
206 299 960589
312 79 412621
165 73 291704
47 346 466352
425 179 102687
274 221 942454
311 442 472689
163 228 337556
385 161 350694
279 341 428600
80 93 881443
436 403 385926
333 114 413787
133 158 988180
403 128 493391
382 401 563254
372 259 102851
303 421 391250
34 351 482982
232 174 324513
439 251 730939
38 233 73193
166 112 901712
364 244 662643
2 192 363872
269 120 642361
305 39 320641
328 339 645868
125 372 826889
80 148 488115
375 134 34082
307 169 941730
189 335 656385
181 243 953396
331 242 815468
153 57 377991
374 360 67065
401 234 871731
392 356 129544
278 435 707549
337 356 550698
193 209 56785
280 395 611734
23 123 145683
9 451 130461
185 149 92160
25 69 77683
356 14 706232
117 404 401760
247 228 614544
71 112 701800
27 302 394467
151 126 765736
154 148 750024
399 155 493621
431 339 909453
67 363 607177
59 263 940137
287 379 586905
412 170 341665
68 238 725234
74 262 771693
289 412 422773
444 110 851208
267 54 526747
86 29 781209
53 95 992584
86 152 227936
133 438 875347
129 396 64360
353 8 986172
231 82 224183
411 368 351531
263 358 496299
260 170 287819
412 255 889255
448 306 392765
390 391 876033
142 70 561642
269 199 851352
111 96 359705
189 327 821206
78 284 630321
374 91 36432
326 350 822268
330 308 997801
364 301 956130
35 237 337135
313 376 564602
117 191 258138
317 302 759407
70 37 277291
354 112 616186
100 30 682512
204 356 843829
21 230 143234
91 138 394641
13 172 557929
326 29 893738
253 146 277413
378 7 289667
143 76 916671
233 428 382606
152 74 588060
162 275 996626
66 294 412475
277 384 241213
336 397 875604
175 267 224386
392 66 816495
345 441 52338
143 128 775269
431 360 322844
376 59 325383
350 218 335671
224 283 208678
325 106 909500
112 439 943323
68 161 130929
53 97 553271
181 441 501190
316 131 701389
71 106 947509
253 28 372089
53 375 141288
237 43 86709
341 340 983884
326 126 273015
31 179 302882
128 294 149244
113 397 564295
243 174 238262
347 308 751424
374 48 106320
294 2 796887
436 239 212482
450 124 537577
119 447 805995
311 25 721693
101 152 190661
69 264 677171
352 52 865069
250 396 476
398 314 24323
145 154 189457
18 137 2581
387 131 302077
188 249 234409
115 107 713937
216 205 963825
160 271 695339
42 167 462924
98 416 64519
6 358 956869
414 47 327229
370 65 122698
108 451 913632
423 183 200267
277 296 771968
153 58 931617
180 215 344809
14 257 59486
351 352 346613
178 355 957613
316 315 515157
154 229 816132
129 336 589371
231 304 372451
131 127 455013
133 278 75101
452 358 316256
253 90 274135
149 237 296532
50 288 275797
364 384 98642
137 90 560537
20 245 936064
323 129 28208
447 308 892320
271 89 720751
273 85 377639
285 337 126715
195 30 706052
280 79 759352
225 440 327809
326 124 228750
99 141 235413
101 10 130878
234 3 965003
46 272 906932
192 89 788590
241 373 429016
380 115 917679
300 392 680353
54 164 438039
192 34 494526
417 130 640865
433 231 39203
124 11 457191
120 54 432866
204 243 820232
371 29 451897
422 408 85642
47 252 17998
203 305 557466
346 41 286335
157 2 281494
108 434 995357
397 27 908464
450 256 614741
237 121 109606
265 358 549839
219 252 907750
15 86 946014
320 82 422315
358 108 909494
360 264 37536
338 197 204781
440 138 345568
203 132 919220
170 369 345808
53 180 224292
356 397 188417
253 411 686892
352 277 226480
341 182 85106
34 88 225226
286 425 360701
148 409 952308
36 159 34643
177 326 551343
439 378 183663
147 281 993543
109 78 129661
154 429 103137
278 314 598985
56 346 737571
96 178 826374
333 323 974514
254 358 123157
306 81 887043
274 64 859427
419 211 622850
54 317 568710
99 15 159372
421 290 817150
16 343 967890
149 439 649127
252 318 65641
308 118 79351
67 421 93125
178 160 277142
386 445 466434
247 354 785387
259 238 207475
95 434 744900
436 68 19894
421 331 121262
283 9 713495
400 45 428884
365 159 547668
48 352 614748
40 154 463693
393 54 610015
176 372 791069
156 251 862023
221 279 321508
98 100 126968
107 229 155450
151 421 318644
309 311 595933
62 333 42885
378 55 605666
337 208 913345
275 429 757270
387 368 900196
160 47 679494
281 367 959506
372 366 300253
162 425 486758
4 349 331809
217 231 563452
391 59 30653
9 443 382617
183 149 373679
53 273 716087
230 251 654428
410 182 105062
372 321 574097
169 200 672705
227 429 128579
216 120 484648
362 308 552915
234 430 576326
372 110 384864
431 446 619935
160 362 400618
104 55 261104
272 254 933808
313 258 544037
196 268 956312
320 102 140405
428 353 848948
39 330 662553
137 337 779507
406 135 229667
72 250 65396
334 415 331597
168 414 940648
142 313 305948
178 187 968500
390 221 24884
75 300 321011
144 97 902758
445 173 816890
65 213 987928
426 155 839765
278 3 450154
209 165 448816
201 335 265706
49 244 739330
453 398 583531
152 291 676387
251 105 358442
449 439 140499
334 78 531448
56 65 222962
388 392 637933
361 73 776944
319 20 144198
367 79 903297
297 376 499781
323 13 613468
413 415 809804
261 133 384108
414 334 501466
43 140 179469
394 161 88266
16 200 462277
408 371 8961
77 126 229200
345 188 775493
418 133 323534
424 61 647701
122 264 997315
310 57 813404
24 434 940026
407 156 650331
293 165 161882
246 161 79811
278 212 263146
310 90 945474
33 111 92014
26 176 951841
167 431 469097
4 142 630978
210 424 43203
32 183 822701
288 339 558154
342 125 204449
319 83 407943
38 215 798185
68 437 100197
22 104 638292
339 194 827715
255 295 615806
413 402 710287
394 103 152401
135 72 418095
130 359 543356
384 198 675513
365 228 140038
224 329 373865
332 274 958031
150 31 122443
287 48 981802
327 19 381739
191 261 743299
236 269 293579
186 262 755510
214 326 572646
131 1 793270
220 44 503419
377 168 315784
341 60 842223
5 51 546179
412 268 9883
99 116 745237
389 335 537063
116 282 31417
139 444 250441
37 426 895055
5 290 230612
4 171 156426
440 123 483103
215 190 73651
381 155 987460
63 336 823024
252 207 184757
412 202 81456
383 63 490032
266 147 385064
49 270 522850
324 378 707111
104 292 757146
66 373 394788
432 256 940895
216 322 649072
184 8 13741
44 120 948087
348 322 954212
84 143 841236
24 235 222050
226 165 30591
87 109 932202
420 328 827164
427 94 769169
405 138 472732
429 344 917399
404 92 178191
222 420 472910
136 360 910178
367 367
428 428
153 153
319 319
53 53
199 199
170 170
99 99
377 377
202 202
182 182
142 142
369 369
131 131
310 310
213 213
97 97
214 214
435 435
193 193
409 409
186 186
324 324
388 388
147 147
107 107
385 385
384 384
240 240
291 291
395 395
151 151
263 263
92 92
17 17
313 313
290 290
186 186
410 410
211 211
386 386
138 138
351 351
301 301
269 269
207 207
59 59
363 363
420 420
40 40
100 100
374 374
224 224
423 423
308 308
370 370
76 76
237 237
301 301
316 316
74 74
240 240
13 13
335 335
330 330
27 27
194 194
164 164
213 213
150 150
375 375
143 143
286 286
272 272
441 441
99 99
23 23
46 46
8 8
441 441
84 84
107 107
361 361
307 307
74 74
213 213
223 223
149 149
450 450
68 68
9 9
68 68
306 306
22 22
402 402
180 180
48 48
141 141
343 343
258 258
290 290
262 262
400 400
120 120
78 78
386 386
218 218
101 101
431 431
225 225
86 86
61 61
329 329
446 446
365 365
402 402
205 205
133 133
96 96
199 199
198 198
104 104
267 267
50 50
125 125
213 213
229 229
171 171
353 353
117 117
428 428
188 188
376 376
373 373
307 307
1 1
305 305
72 72
99 99
280 280
294 294
184 184
339 339
168 168
174 174
250 250
114 114
376 376
380 380
209 209
122 122
125 125
313 313
386 386
174 174
435 435
145 145
401 401
150 150
45 45
62 62
125 125
232 232
437 437
42 42
85 85
435 435
344 344
154 154
80 80
168 168
446 446
261 261
53 53
160 160
432 432
301 301
273 273
355 355
227 227
27 27
21 21
351 351
339 339
406 406
70 70
318 318
97 97
15 15
15 15
141 141
76 76
137 137
372 372
59 59
176 176
2 2
39 39
66 66
153 153
118 118
231 231
145 145
377 377
282 282
304 304
353 353
129 129
122 122
254 254
353 353
148 148
274 274
249 249
31 31
224 224
318 318
346 346
321 321
330 330
360 360
8 8
405 405
41 41
378 378
8 8
216 216
377 377
46 46
279 279
76 76
162 162
57 57
221 221
83 83
338 338
69 69
435 435
11 11
188 188
234 234
363 363
335 335
52 52
156 156
363 363
276 276
18 18
256 256
141 141
347 347
160 160
146 146
298 298
201 201
70 70
304 304
414 414
444 444
349 349
238 238
65 65
55 55
294 294
285 285
137 137
176 176
351 351
117 117
184 184
86 86
350 350
91 91
418 418
399 399
247 247
328 328
221 221
264 264
128 128
359 359
156 156
285 285
52 52
451 451
30 30
119 119
301 301
444 444
110 110
195 195
228 228
174 174
249 249
66 66
3 3
384 384
239 239
353 353
45 45
422 422
438 438
394 394
57 57
401 401
337 337
303 303
275 275
103 103
112 112
400 400
8 8
267 267
231 231
59 59
264 264
261 261
178 178
110 110
251 251
287 287
304 304
23 23
5 5
97 97
86 86
7 7
25 25
324 324
357 357
69 69
290 290
342 342
7 7
344 344
289 289
344 344
194 194
108 108
446 446
303 303
54 54
453 453
114 114
282 282
57 57
377 377
89 89
234 234
31 31
337 337
65 65
334 334
357 357
69 69
429 429
442 442
75 75
453 453
310 310
429 429
67 67
144 144
317 317
73 73
35 35
150 150
414 414
226 226
255 255
406 406
73 73
306 306
404 404
186 186
133 133
7 7
107 107
221 221
238 238
138 138
103 103
302 302
16 16
6 6
370 370
444 444
446 446
442 442
442 442
300 300
417 417
53 53
442 442
279 279
125 125
21 21
426 426
86 86
246 246
226 226
36 36
316 316
76 76
437 437
48 48
208 208
443 443
154 154
429 429
227 227
291 291
76 76
73 73
305 305
79 79
442 442
293 293
69 69
428 428
281 281
367 367
390 390
331 331
355 355
213 213
3 3
373 373
185 185
86 86
163 163
408 408
119 119
25 25
31 31
103 103
72 72
238 238
92 92
225 225
211 211
317 317
61 61
286 286
387 387
365 365
363 363
376 376
204 204
431 431
348 348
30 30
344 344
284 284
360 360
243 243
43 43
360 360