95 89
38 27
59 97
52 97
27 1
10 63
38 47
74 67
88 54
80 71
56 43
16 51
61 88
87 52
10 70
69 14
4 38
3 11
34 96
15 0
73 99
46 75
77 17
20 14
40 55
40 16
53 0
60 99
51 22
92 83
24 59
100 46
74 82
86 75
30 66
52 37
22 33
42 99
29 23
75 10
51 59
9 97
22 24
75 7
12 4
5 46
85 49
80 56
14 66
44 82
53 25
33 76
59 27
64 62
27 23
58 87
44 96
40 4
10 67
71 39
41 64
54 68
53 31
33 15
88 31
90 18
0 95
25 8
5 75
28 47
88 62
11 73
32 61
69 40
94 68
70 22
18 87
17 9
19 26
13 21
23 45
7 80
10 59
37 21
17 52
64 59
42 75
38 15
12 38
75 13
35 7
91 86
66 86
88 82
30 48
48 36
45 33
35 35
6 92
34 88
7 44
31 30
38 35
44 61
89 12
4 37
15 12
60 92
94 98
49 20
45 54
69 5
23 94
69 58
15 23
29 90
35 18
5 7
3 33
85 93
0 49
17 97
99 9
90 77
52 79
46 68
100 15
70 2
65 50
85 76
48 28
24 17
1 24
41 33
71 77
39 67
22 41
100 24
54 65
62 47
25 11
30 90
4 12
31 5
70 66
23 61
66 41
30 47
73 28
80 12
31 64
33 13
56 38
11 19
41 40
56 25
53 21
97 30
25 74
17 74
10 95
19 24
9 51
29 81
78 63
78 89
81 65
60 66
92 66
91 96
64 23
44 24
94 94
24 20
34 92
94 72
59 61
17 67
49 3
15 79
13 92
87 78
44 76
98 45
64 98
