85 95
11 83
50 45
43 62
28 29
67 10
67 44
84 7
26 61
62 21
85 49
95 12
24 75
93 97
39 0
93 1
28 59
35 52
58 91
33 23
5 57
1 91
11 90
58 96
60 19
37 23
13 0
99 70
25 1
40 35
70 76
59 23
65 71
27 3
52 37
50 40
61 93
55 25
33 40
17 62
58 19
10 58
28 3
42 70
49 26
2 14
40 95
78 45
44 8
70 65
83 33
60 4
41 94
13 89
34 21
23 79
48 27
51 4
60 22
7 66
31 75
94 99
68 81
63 3
64 64
71 21
5 47
11 13
29 51
81 57
27 68
3 64
9 85
42 22
65 29
61 23
43 93
41 14
15 76
76 43
53 45
94 10
17 71
99 89
65 70
74 59
51 3
47 32
22 26
59 97
73 53
11 46
37 3
3 55
66 29
100 67
22 91
31 28
5 86
11 47
31 83
72 8
81 46
91 16
51 55
60 44
9 97
73 58
82 11
31 81
13 46
92 70
50 70
72 13
27 30
23 46
80 93
69 63
17 38
46 79
62 89
19 33
6 1
52 55
50 58
32 34
81 78
41 82
7 70
93 69
48 20
26 19
53 7
27 23
68 54
19 35
31 9
16 36
18 95
6 55
54 68
98 61
65 16
54 72
11 86
23 59
51 60
6 34
79 48
42 18
44 32
10 95
4 87
96 40
49 58
21 75
29 15
49 1
82 75
96 75
89 91
53 69
64 8
52 49
7 25
45 67
72 67
22 56
11 88
49 43
27 52
90 5
74 68
66 47
84 35
82 77
27 35
9 92
84 0
36 8
31 20
