90 87
10 18
9 95
62 98
76 60
85 38
80 60
54 44
38 33
47 72
91 20
34 32
84 68
56 99
60 50
49 30
58 87
98 56
88 22
99 92
4 87
9 5
28 44
89 50
12 35
23 4
89 4
24 7
78 31
16 80
66 66
59 7
56 92
65 30
93 27
94 38
11 47
10 92
38 90
75 44
13 90
85 22
54 20
35 6
37 37
83 17
34 74
82 7
78 0
46 83
99 25
32 57
77 95
76 28
38 78
41 80
26 25
97 15
86 32
81 58
82 82
80 11
89 72
13 13
47 60
44 41
51 13
44 32
2 36
71 73
87 53
23 25
44 42
38 59
18 48
19 54
42 21
97 23
76 5
62 29
54 62
90 30
6 84
30 23
88 37
10 34
42 79
45 31
28 92
79 57
70 37
54 97
89 71
76 95
52 83
39 62
62 85
88 26
88 14
72 13
30 22
19 58
76 89
74 38
44 91
26 49
1 26
79 75
64 2
60 33
86 15
45 29
23 46
56 26
14 46
9 49
9 96
97 88
29 86
92 1
14 90
4 51
90 94
23 97
80 60
33 80
98 13
92 39
31 71
2 89
22 82
30 9
9 61
80 87
3 26
59 83
79 3
95 8
22 36
44 53
88 14
13 45
27 32
19 60
66 68
14 64
26 75
79 35
83 99
49 57
64 14
83 90
26 6
17 22
81 53
35 90
90 17
44 89
5 33
79 79
74 34
87 36
32 25
85 17
68 48
70 17
81 47
77 7
18 49
30 13
66 11
54 45
78 44
42 78
4 20
58 39
58 44
36 47
