72 87
8 50
78 2
47 77
14 85
67 92
40 21
80 42
87 21
70 74
91 46
66 49
39 31
9 7
6 81
84 67
16 5
38 10
89 98
54 75
69 65
24 93
16 62
7 86
66 21
42 8
58 47
19 93
55 14
90 32
9 50
100 46
89 26
0 82
77 9
72 51
77 8
89 95
73 78
96 57
68 10
36 2
66 63
36 93
23 54
11 12
84 12
18 17
82 95
99 38
17 4
44 89
40 24
79 42
52 21
60 96
23 86
68 81
9 12
67 8
16 13
16 71
43 47
31 49
4 61
49 87
49 49
64 49
54 44
45 83
4 32
34 56
9 45
60 72
35 15
36 63
84 79
38 75
20 17
94 89
95 33
14 21
27 83
81 52
40 46
52 0
72 18
45 2
62 71
1 33
21 22
48 5
50 68
14 89
16 8
55 12
81 22
52 15
89 8
45 9
31 32
36 76
78 78
38 6
91 25
32 9
62 80
0 79
89 67
15 12
98 69
28 38
93 37
6 73
41 89
41 72
51 0
0 47
4 1
69 6
39 85
57 6
40 19
17 43
56 19
53 7
58 24
71 44
15 40
71 70
74 81
3 37
42 65
12 49
30 16
82 15
34 74
92 70
60 99
77 59
77 5
41 47
20 46
75 93
37 46
53 93
58 95
94 81
12 10
66 2
46 49
65 100
65 11
86 2
48 81
64 36
69 37
47 94
1 44
51 36
