54 89
83 67
34 21
36 97
35 54
15 16
34 17
54 63
76 35
99 26
96 65
3 85
80 88
96 18
44 44
29 89
35 0
78 96
18 8
76 46
9 48
78 48
89 44
68 39
69 35
12 61
54 47
25 13
9 2
45 41
21 12
0 30
11 33
13 47
100 95
93 56
59 71
85 92
96 40
56 96
59 56
17 62
23 90
34 27
21 72
74 67
80 90
87 85
56 37
0 76
56 94
92 28
3 48
23 30
38 51
64 30
53 29
54 30
62 66
41 59
30 16
43 67
38 57
81 55
85 64
63 70
91 23
55 40
88 63
37 42
8 4
33 100
35 44
90 52
86 81
17 100
89 25
50 33
52 11
60 29
35 21
60 89
38 47
12 4
91 70
100 66
50 89
81 3
83 50
46 31
31 2
11 54
14 42
41 3
34 58
41 31
72 52
34 25
32 80
63 90
70 46
25 69
13 98
95 96
21 2
96 29
54 98
47 85
39 15
60 32
46 37
84 2
50 89
34 95
89 5
42 99
98 73
7 28
29 16
87 17
21 98
6 68
86 2
4 94
31 29
59 22
78 23
61 14
9 5
31 89
61 67
27 54
90 44
60 20
92 85
95 46
91 29
98 57
56 93
61 74
10 30
60 55
96 13
46 16
