86 49
49 10
65 79
69 21
28 29
72 95
22 18
65 87
10 41
4 91
82 47
73 16
81 18
100 18
100 84
80 48
37 76
79 76
97 59
31 88
76 33
34 40
56 39
81 7
65 2
24 80
54 85
27 7
60 36
80 46
30 13
80 44
79 14
97 89
31 100
76 77
35 6
44 25
35 21
40 93
90 19
86 96
97 16
37 82
82 79
28 82
3 25
70 29
60 8
26 40
33 79
41 65
2 80
39 17
85 16
98 88
87 47
28 24
98 64
98 36
96 26
47 30
98 89
62 99
49 65
12 95
88 19
87 44
85 52
96 63
19 56
30 10
0 100
24 15
13 66
18 8
26 57
80 36
82 60
54 38
26 40
89 74
19 82
11 56
35 88
29 65
79 1
100 18
35 62
73 70
28 84
67 50
38 80
9 10
94 34
72 98
37 82
10 23
89 39
46 98
18 22
60 68
63 1
87 23
33 96
72 18
100 23
62 19
67 47
89 28
86 35
40 86
75 29
0 67
55 87
58 61
4 12
81 80
2 5
79 27
16 79
48 28
100 36
5 76
9 88
84 19
43 78
73 18
51 51
25 20
54 61
28 72
26 60
96 57
9 30
6 50
