77 98
29 56
40 97
25 11
93 30
40 74
4 34
22 0
8 62
48 82
53 30
88 57
42 2
5 44
40 45
65 35
86 53
25 25
57 37
7 98
78 52
85 55
40 89
27 5
69 55
66 28
13 89
81 41
95 34
3 3
65 41
64 20
87 71
37 10
77 1
79 73
9 90
64 41
3 89
72 23
36 4
29 46
2 72
37 30
85 87
21 41
9 93
60 55
74 62
1 17
94 24
17 99
28 63
74 28
6 96
45 15
95 97
11 20
78 39
15 62
48 50
52 97
41 40
54 94
94 13
56 45
48 89
37 8
70 12
98 36
57 75
29 6
89 1
94 81
9 64
7 0
43 47
96 34
11 5
1 34
97 76
62 74
61 75
50 62
86 26
19 25
70 27
45 97
77 57
62 30
24 41
51 53
88 67
47 86
56 65
21 41
19 68
43 57
95 92
94 22
90 12
79 71
90 83
29 64
45 92
49 86
16 21
15 17
57 21
26 46
17 86
80 15
85 88
83 78
47 67
1 11
80 56
16 100
67 21
36 0
74 12
40 44
44 1
40 92
31 92
62 90
82 12
39 38
35 83
67 100
64 67
97 58
65 34
19 58
47 95
35 51
81 82
74 17
58 43
24 82
87 83
4 90
4 29
61 2
25 28
28 10
92 86
91 69
38 6
32 86
1 26
32 28
73 60
82 12
91 17
73 69
60 100
59 46
44 59
77 75
61 90
16 81
66 5
15 100
96 78
36 42
54 75
51 16
5 58
97 52
35 19
90 61
69 24
98 37
36 16
34 36
