100 66
36 99
21 21
15 29
63 78
40 19
12 11
45 84
40 19
25 0
71 89
74 66
77 68
32 53
67 55
33 23
31 45
81 77
49 26
74 57
28 88
96 32
92 53
10 42
18 29
85 76
41 38
76 37
15 28
93 9
47 90
57 96
98 48
77 1
19 48
92 94
2 53
59 57
15 78
31 94
95 94
64 33
49 3
42 35
69 51
89 20
52 10
87 13
54 99
71 5
39 46
47 76
47 74
44 90
14 12
52 49
96 31
82 84
85 97
43 77
54 9
79 39
57 70
98 78
55 92
24 15
57 79
3 47
5 75
11 0
41 70
63 94
42 78
23 20
54 34
11 34
79 46
83 62
24 91
33 100
81 3
23 45
10 32
34 48
98 92
28 31
63 41
42 60
79 41
16 42
17 61
74 43
94 6
34 19
15 77
33 45
87 82
41 41
45 9
80 33
7 70
74 21
100 93
51 24
43 54
7 11
85 54
11 45
34 32
42 92
3 36
11 90
13 40
25 10
43 70
85 97
42 66
91 90
66 82
74 36
57 9
43 19
71 49
73 9
3 34
86 12
30 17
14 7
5 19
74 68
71 15
23 29
5 7
47 51
4 28
34 1
13 86
30 5
75 1
89 47
84 50
45 51
98 3
18 21
83 16
35 1
41 51
11 69
70 55
73 6
58 35
46 25
34 11
66 56
43 99
50 94
53 49
94 29
88 57
47 88
91 57
24 72
95 20
45 90
19 94
15 74
8 59
