37 93
42 27
79 81
55 58
7 55
15 48
82 39
89 0
47 34
79 86
100 3
83 83
68 73
98 21
14 85
38 73
84 60
75 82
19 24
49 23
41 26
0 91
55 39
3 81
13 71
70 97
86 93
96 36
97 6
79 55
44 60
81 90
70 6
53 21
19 17
84 25
41 7
96 21
0 18
32 81
94 58
82 60
37 73
8 83
87 27
74 79
35 68
51 48
36 55
36 75
48 40
31 6
84 74
47 44
92 17
21 96
11 91
39 25
90 96
95 74
59 88
41 68
26 50
95 4
47 49
95 32
9 100
36 74
25 83
65 22
99 50
100 48
51 85
92 85
73 98
4 0
3 73
31 100
38 64
47 35
64 15
8 98
20 64
68 1
5 93
41 65
31 87
7 71
26 71
18 27
21 38
51 17
58 72
73 58
33 78
48 4
91 46
17 50
73 7
97 65
25 47
58 79
99 97
22 11
56 49
19 81
43 60
1 80
100 91
35 21
77 19
11 24
14 64
5 79
22 60
57 19
34 32
96 16
31 57
67 46
60 65
26 73
40 21
75 56
74 33
26 35
6 18
12 30
7 11
70 71
37 65
