49 55
70 58
4 7
39 94
14 12
41 59
88 23
52 41
13 36
35 60
79 57
98 94
37 71
71 80
94 52
47 96
29 100
94 2
2 29
15 10
81 98
33 3
22 75
2 27
75 8
69 36
90 24
86 74
1 13
38 67
7 2
93 81
18 85
66 72
7 54
68 83
87 52
43 20
29 99
0 48
6 45
36 53
68 36
98 1
38 50
18 94
8 43
7 96
12 36
27 87
31 5
74 60
5 92
16 80
100 4
77 84
96 72
55 78
77 68
45 39
51 18
39 13
62 24
99 6
57 25
73 0
27 51
73 38
21 85
52 100
17 63
25 52
10 51
82 18
89 51
5 16
99 30
7 87
92 66
38 77
81 57
27 77
15 97
70 16
39 82
21 44
7 1
89 65
65 16
29 28
95 22
90 95
10 96
36 37
4 78
0 66
83 42
38 23
84 94
93 26
4 85
43 59
22 98
40 68
71 92
