95 53
77 11
82 52
92 80
45 61
7 18
64 42
69 31
64 85
94 63
57 17
95 82
20 15
49 72
53 5
46 84
40 58
37 90
37 55
9 35
58 10
65 30
96 65
96 44
33 62
7 8
49 30
84 5
15 79
65 21
86 31
18 67
96 58
30 97
77 58
57 94
20 40
53 71
84 90
100 97
69 65
40 98
31 38
32 20
54 89
87 27
85 5
4 66
45 1
57 24
3 34
78 11
23 83
55 91
62 63
27 26
31 13
89 30
86 17
9 62
90 47
51 99
11 3
0 25
36 56
29 21
16 68
26 87
25 16
82 100
64 29
93 67
97 12
78 35
55 55
55 74
5 69
6 9
55 45
51 38
92 29
53 5
85 90
97 18
77 1
6 36
95 68
93 90
25 87
87 72
9 70
14 81
35 24
40 57
27 49
44 35
24 9
13 1
7 67
79 44
12 32
91 82
63 20
13 33
15 85
77 46
57 98
92 36
34 31
13 51
35 77
39 9
32 87
89 87
89 76
77 76
17 13
26 89
27 32
60 82
53 14
63 54
28 60
77 6
76 3
63 43
82 75
42 0
44 7
91 100
19 66
36 76
86 87
72 24
43 100
65 48
24 4
15 85
65 75
60 44
79 24
99 81
62 83
56 23
83 48
1 53
46 14
86 31
45 6
