269 678
285 739
337 287
115 979
676 609
370 693
505 665
135 260
215 422
378 381
988 820
527 433
347 406
810 219
570 79
833 971
835 788
259 47
969 381
996 928
52 787
424 957
748 622
8 777
533 903
440 815
261 686
110 653
558 410
654 515
750 758
872 386
104 746
903 456
586 572
661 589
570 927
160 502
129 443
151 979
24 665
765 464
568 845
697 79
522 251
435 452
135 719
40 887
231 620
82 684
721 528
581 136
140 758
397 429
905 924
674 295
149 226
296 182
423 436
982 309
625 347
414 655
323 869
830 46
373 876
118 734
523 838
759 393
686 269
599 74
65 886
141 808
789 340
2 699
79 385
934 534
859 967
752 375
50 448
843 642
598 328
858 224
495 255
481 994
343 215
189 615
761 356
297 110
345 871
404 960
394 56
769 551
913 808
813 68
189 729
850 357
66 814
414 275
143 554
207 590
810 162
305 44
137 55
87 621
702 8
238 371
106 549
730 918
150 18
955 255
124 860
849 720
827 562
713 682
736 393
952 179
785 231
421 842
869 795
924 765
782 692
431 187
326 39
409 879
532 928
932 557
411 177
142 239
192 174
551 283
514 649
41 301
294 894
985 598
138 190
331 469
499 579
691 105
502 852
307 334
254 250
488 692
701 375
958 270
112 576
844 203
750 888
73 755
875 722
604 680
915 524
998 173
696 191
498 255
937 95
811 657
404 520
441 580
324 143
905 934
391 267
108 266
247 436
413 361
837 836
201 875
212 438
707 958
690 344
346 541
481 661
510 905
596 681
273 531
570 373
162 986
41 119
774 694
121 98
222 895
808 201
196 465
208 996
206 981
499 758
596 405
849 801
829 207
931 602
590 277
620 23
531 285
342 525
372 880
105 968
135 922
785 810
7 442
299 362
594 939
971 969
913 297
331 479
556 85
686 372
223 747
276 821
445 284
73 380
993 341
817 500
138 379
624 932
495 382
643 406
282 858
134 683
278 428
976 887
187 631
833 372
808 96
649 220
165 111
599 333
65 608
171 699
474 871
777 986
207 631
652 452
408 171
793 441
826 633
553 811
968 400
636 754
514 772
224 447
189 943
369 561
183 781
795 2
874 781
119 829
188 569
357 974
632 79
894 161
80 489
187 916
244 941
935 765
143 67
296 332
116 591
6 128
755 493
763 925
356 979
381 57
27 66
996 282
337 499
918 711
603 355
761 680
47 987
544 522
42 158
362 472
460 15
524 128
604 637
773 699
574 5
578 601
302 438
812 175
274 827
454 551
533 143
173 262
178 21
480 206
413 217
232 219
205 572
539 911
625 548
252 296
97 845
189 123
969 309
567 398
671 773
593 634
917 307
807 504
705 535
178 333
545 617
305 914
71 703
615 871
642 179
891 979
601 126
607 229
47 560
355 733
445 499
127 476
129 751
596 896
194 650
763 391
720 847
983 130
922 332
203 355
791 480
119 688
737 896
872 921
175 375
703 338
983 701
900 417
463 490
895 434
113 907
752 880
702 235
40 154
733 901
326 495
894 695
728 816
634 625
367 791
950 276
598 702
382 340
777 435
909 589
392 231
865 836
671 884
221 449
501 474
968 847
245 976
535 410
984 912
812 626
746 880
556 855
131 156
761 28
924 626
696 937
832 963
609 450
894 242
288 299
657 93
103 869
175 972
945 936
804 608
563 77
325 89
873 605
424 406
407 694
9 103
212 373
574 840
177 918
772 418
304 45
186 266
76 575
605 440
207 80
568 359
14 733
737 344
644 804
269 698
850 587
564 305
285 996
389 983
732 508
426 158
813 994
883 846
160 560
547 613
353 793
501 20
159 27
595 632
59 915
30 883
292 224
421 50
462 711
53 586
652 310
608 167
19 54
982 343
965 43
683 672
269 553
124 212
516 767
482 939
924 75
919 681
206 498
17 721
568 576
539 350
422 749
564 407
951 321
9 218
560 389
177 127
106 196
377 379
342 35
661 398
734 181
402 275
934 84
783 93
136 332
611 567
704 158
326 240
386 920
816 936
718 403
32 655
791 526
347 609
376 419
943 714
619 496
194 652
830 226
386 927
343 975
557 196
407 668
742 953
677 204
581 305
551 311
576 26
832 777
372 346
195 438
482 613
215 786
339 843
335 986
4 950
833 558
763 321
617 582
218 120
210 293
944 305
544 714
808 760
783 40
128 816
551 299
326 338
63 940
447 424
872 675
81 286
259 518
990 699
90 578
498 376
185 899
393 515
343 273
670 476
869 733
279 680
91 130
912 790
730 226
611 972
742 681
820 267
624 327
846 210
108 529
416 431
584 964
910 60
937 818
90 395
837 17
132 136
604 923
556 789
193 763
247 319
270 309
63 545
316 28
301 60
895 587
822 171
442 867
225 493
867 14
532 968
853 593
302 449
130 184
858 806
583 797
414 270
497 272
927 52
172 316
268 701
868 3
425 703
685 611
229 559
805 530
515 982
714 524
881 59
108 604
536 658
242 512
158 521
70 909
547 458
792 151
70 339
180 725
790 68
994 552
172 368
405 567
477 648
621 408
221 299
419 36
35 439
613 643
869 373
205 619
963 674
554 136
32 618
639 425
125 607
80 955
527 265
743 603
628 615
71 832
776 12
96 699
605 398
532 992
681 438
78 725
976 460
607 840
482 625
155 614
361 355
604 940
956 250
765 103
246 132
175 48
89 111
427 608
255 30
965 131
429 355
265 374
314 893
750 285
545 38
162 255
563 334
815 865
943 770
94 78
921 272
530 23
672 744
441 682
879 818
477 508
498 621
668 170
67 110
338 483
431 911
798 799
879 242
519 637
157 111
507 267
526 399
529 429
544 845
323 915
685 492
273 737
433 797
143 148
276 868
4 368
312 267
630 233
458 726
534 89
847 44
794 348
453 963
279 371
65 26
278 794
91 811
956 282
70 836
172 174
280 925
979 600
237 632
400 834
411 764
998 268
389 717
563 394
88 317
163 587
338 78
314 311
908 732
96 695
663 164
945 577
127 56
933 694
899 838
828 612
348 868
181 108
367 597
393 520
482 376
972 286
432 259
356 648
210 718
89 59
490 33
249 359
532 118
360 497
152 47
897 121
649 719
25 455
590 901
509 25
81 767
267 782
416 220
832 413
511 8
473 179
219 836
99 466
514 937
333 719
610 637
196 872
112 924
371 508
491 905
461 714
992 749
586 57
726 815
337 357
504 62
246 102
123 647
285 475
809 282
423 971
608 281
587 479
530 946
493 856
432 996
589 362
195 850
324 148
556 461
867 264
203 499
930 21
280 205
50 927
679 643
288 459
33 556
826 43
631 508
363 531
490 761
868 820
190 309
279 271
236 705
162 680
340 837
282 113
125 911
370 858
215 744
447 988
104 74
396 877
565 800
128 685
180 136
431 636
20 353
768 239
469 70
371 728
513 299
876 21
891 316
263 523
968 778
137 85
272 427
523 230
649 883
51 506
241 703
304 418
879 605
938 255
710 904
468 445
478 898
885 897
186 785
649 401
760 413
860 352
366 891
184 267
776 169
19 823
515 81
188 507
512 348
319 285
127 279
584 279
666 700
159 522
501 900
253 762
496 564
530 375
942 683
255 977
932 754
209 188
300 762
855 206
885 503
770 10
47 262
70 675
916 102
430 834
362 75
547 338
87 954
401 370
438 499
225 526
55 557
462 777
646 232
593 123
475 846
267 778
116 445
227 588
550 967
898 9
403 524
563 973
252 855
430 382
906 901
747 668
947 86
136 791
58 215
477 379
256 626
687 859
80 311
692 382
608 708
353 619
978 811
680 238
762 260
776 677
61 70
49 423
728 922
816 646
972 531
884 73
976 945
965 350
235 621
669 363
860 535
402 946
495 426
762 454
802 651
267 767
953 398
160 215
618 301
83 292
120 573
593 40
721 827
789 251
347 665
565 126
1 108
96 238
437 165
399 643
12 822
227 253
656 495
197 6
693 556
471 392
448 655
500 425
835 476
336 98
803 422
754 281
368 236
976 95
366 664
479 395
451 311
643 616
665 863
419 969
517 579
893 230
255 510
182 585
291 646
819 199
758 5
98 422
48 877
303 267
591 266
746 447
260 369
710 536
716 207
134 203
720 63
792 251
609 496
350 94
366 762
885 315
448 153
145 507
710 439
402 640
77 908
626 92
259 434
308 836
51 409
344 996
72 593
131 573
990 257
773 16
583 730
339 212
637 201
439 921
617 244
494 127
678 166
833 524
610 544
640 890
760 120
556 175
396 328
52 958
351 285
871 663
979 47
387 371
287 324
858 587
