132 740
522 669
418 656
373 876
164 150
469 537
434 700
577 517
414 65
455 32
632 843
354 243
288 161
892 649
172 699
887 248
818 448
314 335
92 439
800 315
367 913
534 748
981 997
648 767
19 615
231 831
901 743
124 373
371 761
64 409
87 74
97 932
162 931
288 20
56 679
399 571
975 562
147 621
440 146
677 368
151 110
137 975
869 895
199 331
92 340
106 798
928 410
109 206
239 257
381 706
374 851
655 181
537 694
644 239
222 111
153 82
501 571
185 0
871 289
503 87
879 805
208 996
658 63
96 899
137 487
413 360
626 673
893 899
99 94
839 647
52 72
207 266
257 140
817 392
9 173
126 368
832 662
979 738
743 653
327 421
155 234
310 216
921 302
99 882
424 390
29 632
886 618
501 317
933 640
674 328
583 86
590 754
505 665
59 976
408 193
80 989
726 701
550 310
167 336
907 436
526 524
594 854
483 857
952 435
520 475
936 191
233 93
176 657
330 959
36 674
502 897
398 187
616 531
65 790
237 351
836 985
200 120
766 317
92 891
381 511
430 895
817 591
431 412
931 574
378 600
539 686
830 609
461 409
565 53
266 939
197 137
353 518
130 349
223 894
535 434
239 733
218 737
772 243
559 144
799 666
322 544
916 934
825 93
995 939
223 640
175 974
531 110
323 400
879 852
972 846
694 480
911 823
493 913
649 727
207 51
440 759
147 851
987 800
822 74
766 51
430 529
156 290
823 410
248 195
488 807
77 850
625 603
95 936
376 178
186 540
710 269
787 234
460 51
169 36
372 261
741 83
89 507
160 175
517 152
265 50
729 782
367 450
312 649
937 178
345 462
988 957
858 467
972 664
869 124
554 714
91 468
716 922
161 470
955 520
307 149
386 617
293 578
860 724
826 68
836 316
74 176
533 643
69 690
431 997
601 295
703 382
726 623
453 202
101 694
645 682
636 418
861 617
654 0
828 867
268 192
797 448
642 699
838 141
994 561
274 968
388 994
31 814
762 241
580 326
882 909
921 147
237 157
85 266
901 795
463 313
579 867
976 739
880 707
688 680
124 944
211 955
470 347
205 356
583 827
123 809
343 194
726 271
176 956
292 648
459 269
20 213
790 245
861 150
427 975
647 691
516 503
828 217
651 826
89 86
442 39
250 270
209 664
747 341
959 276
813 692
390 952
386 106
876 810
700 930
284 998
499 329
844 331
938 15
491 235
396 397
635 652
448 545
140 89
426 37
671 300
650 242
16 438
417 924
382 710
682 562
600 245
959 473
753 225
696 806
986 511
536 317
675 1
367 699
74 724
149 797
516 361
755 594
409 176
81 782
975 535
838 794
2 335
759 698
191 125
926 400
308 990
971 783
855 7
566 329
258 351
163 587
507 233
493 19
138 640
603 244
666 155
487 45
979 20
607 653
340 723
351 314
522 599
436 82
179 709
484 371
197 322
916 205
460 435
99 697
579 84
623 473
787 507
311 630
84 180
251 286
746 184
853 179
342 430
340 549
547 316
147 427
223 385
792 982
76 956
317 860
953 427
697 184
772 148
532 846
331 972
551 607
552 150
608 427
210 551
891 44
790 798
343 283
240 59
506 610
272 863
52 148
633 778
101 360
684 966
195 279
877 63
200 717
628 619
544 446
12 456
578 131
971 711
492 637
781 326
167 25
369 219
368 999
418 135
84 400
445 468
320 767
900 618
806 833
627 502
300 555
113 374
404 601
120 143
578 301
525 977
57 279
797 104
168 145
431 260
524 348
461 674
829 689
794 75
614 350
454 713
34 727
937 761
561 284
480 121
150 794
329 387
344 897
565 621
235 1000
584 583
70 328
650 318
94 331
484 112
132 325
21 639
164 847
87 798
143 649
95 512
736 953
413 244
211 582
957 815
135 580
612 11
815 798
561 130
795 374
348 213
959 933
57 364
364 669
7 279
691 107
50 15
640 963
263 396
515 891
950 910
45 491
494 910
941 477
756 798
806 827
276 226
668 338
717 535
52 430
162 793
507 314
24 385
228 99
419 920
160 969
775 865
575 67
891 372
6 784
702 463
320 287
145 442
61 131
907 339
851 983
691 385
815 190
575 143
883 401
589 882
66 669
814 648
63 728
761 350
253 698
724 508
231 102
96 266
331 104
767 540
304 929
886 672
838 711
48 557
743 535
591 702
678 575
481 621
373 507
517 338
209 18
209 165
462 907
214 380
693 286
387 373
78 811
747 743
501 701
303 658
656 238
136 561
758 240
35 907
70 309
606 977
55 967
990 331
655 935
316 567
788 633
851 784
338 641
320 338
120 822
201 550
599 395
753 223
735 474
524 859
4 460
900 439
154 841
321 537
731 2
814 586
663 769
573 193
597 471
936 374
823 443
860 218
353 284
340 254
166 267
665 552
417 85
928 416
964 36
412 674
754 76
142 501
180 503
479 230
781 279
794 32
968 276
117 340
629 456
113 98
466 116
628 455
263 144
269 522
356 73
505 858
448 887
927 992
36 723
733 729
349 512
367 796
194 442
877 237
716 623
104 127
464 555
118 21
639 432
237 628
822 696
23 126
486 563
859 927
544 317
830 897
336 444
651 289
885 632
588 925
876 361
824 564
382 526
758 942
411 346
569 688
472 939
61 355
541 64
784 401
237 407
350 37
628 134
890 329
280 381
864 508
194 179
7 661
276 624
213 58
237 915
280 841
714 182
469 693
268 854
636 871
815 651
493 754
970 11
539 520
29 243
673 675
417 979
985 890
67 818
79 392
748 858
200 906
298 283
708 280
355 185
924 602
46 47
772 423
3 544
250 264
682 140
352 115
209 639
152 705
650 614
488 14
986 575
45 95
413 600
548 655
380 494
337 759
652 462
505 905
809 251
54 207
805 446
496 326
379 513
209 465
245 543
304 552
901 339
264 585
202 789
779 933
277 915
861 792
764 157
360 812
126 289
796 381
98 416
334 833
800 874
399 287
937 358
751 848
675 224
113 196
485 882
824 672
101 618
449 116
977 662
448 513
531 674
154 554
597 614
61 800
619 613
589 900
7 496
15 468
123 322
911 921
481 564
941 661
468 616
615 705
956 312
632 153
224 338
644 852
60 266
105 352
437 907
971 688
3 910
245 428
274 351
573 406
600 191
192 395
766 459
288 844
240 636
735 940
686 910
958 804
256 523
399 787
821 933
131 470
674 397
320 803
994 41
40 327
190 200
861 278
61 197
491 82
285 239
708 165
502 846
13 682
176 95
371 949
508 41
549 45
474 872
940 759
462 776
565 701
727 820
588 226
177 406
471 104
814 933
131 392
208 846
513 827
538 524
112 318
614 10
267 164
511 754
480 15
332 713
237 222
391 507
433 15
236 979
102 275
398 160
809 171
39 747
449 236
139 996
625 204
497 604
750 76
333 247
459 467
556 926
730 154
546 39
479 230
37 441
533 944
63 596
468 83
13 974
620 475
218 219
935 259
216 964
629 668
283 817
386 37
76 199
734 929
642 208
276 535
425 386
643 593
718 720
812 145
826 291
709 924
910 264
503 66
173 16
39 25
738 982
823 267
121 360
64 741
134 329
750 599
846 828
728 976
154 40
363 60
902 147
366 922
278 220
397 940
681 601
368 667
806 790
86 826
347 481
109 578
222 117
739 68
386 657
196 375
176 247
193 536
79 520
729 913
819 922
501 351
857 997
119 748
769 599
721 19
742 857
337 982
806 91
817 94
893 465
222 809
702 1
872 630
150 504
807 475
119 304
353 149
354 139
187 623
629 802
419 93
80 449
456 79
183 463
204 587
65 345
135 351
338 285
848 3
604 71
841 933
363 268
974 740
406 975
430 88
526 422
501 993
34 606
600 279
736 663
306 619
544 107
995 101
37 780
273 672
803 163
61 109
839 675
499 515
932 655
0 565
164 573
757 746
327 497
805 988
683 619
960 785
855 802
529 864
