133 253
197 961
434 770
859 211
17 221
424 491
73 94
715 474
951 327
624 290
63 609
466 649
40 681
98 943
480 316
79 141
574 472
957 107
800 206
594 971
371 307
203 693
37 465
668 0
950 82
147 577
239 665
740 443
975 651
216 897
602 472
662 862
493 253
634 758
287 249
792 600
978 258
99 491
256 898
943 913
730 366
438 132
721 595
408 264
443 93
630 449
570 586
248 603
84 243
898 400
818 731
458 736
405 287
387 71
410 522
645 3
187 572
141 257
598 468
672 381
877 525
395 309
464 790
796 983
24 311
174 162
757 806
153 15
965 63
896 973
365 582
9 986
987 37
179 712
932 904
910 430
906 331
376 520
201 844
67 866
405 250
653 139
200 187
99 910
275 630
705 410
377 544
318 644
77 634
152 36
640 314
170 863
374 514
624 393
161 265
311 475
45 681
932 31
783 369
841 913
134 596
511 30
756 513
992 483
498 286
42 567
218 995
514 195
604 267
536 699
391 950
450 823
522 207
1 718
453 742
426 727
281 767
406 853
871 417
315 747
841 559
711 214
480 344
48 139
491 42
706 375
591 988
57 631
559 458
372 329
217 592
458 606
586 389
49 619
331 897
663 987
579 769
34 906
746 132
816 292
214 245
985 286
823 396
150 882
15 70
589 517
128 610
363 687
522 658
914 180
306 117
54 218
3 285
413 347
874 155
595 100
72 626
2 514
517 383
828 142
462 231
581 461
849 778
896 66
501 717
472 268
205 68
158 28
208 469
449 966
97 700
623 69
129 444
181 970
475 18
823 694
502 255
781 756
481 326
114 412
272 529
341 572
706 605
268 961
339 899
659 149
35 707
513 91
817 701
871 18
82 668
126 283
7 660
160 330
116 571
288 540
543 468
208 323
965 692
548 241
828 131
634 932
503 180
158 552
33 949
501 578
934 749
653 460
557 413
859 95
435 457
169 271
820 561
241 395
720 612
714 630
0 651
715 542
15 440
292 212
2 509
949 428
639 584
811 834
166 535
687 143
604 905
683 763
253 957
961 472
641 76
890 952
50 638
252 134
731 391
324 24
957 259
549 529
916 307
725 768
917 354
14 914
214 633
648 23
26 224
648 936
664 515
860 3
249 782
816 749
917 795
642 338
210 443
538 253
331 404
843 14
966 964
820 543
738 65
266 515
832 481
868 525
251 436
65 805
828 206
304 288
966 585
210 663
694 473
66 92
285 698
534 783
831 539
770 437
514 52
500 112
634 545
204 691
829 720
140 355
782 483
127 142
841 52
776 772
939 687
238 185
198 77
657 859
69 270
650 879
860 86
720 951
349 20
614 734
687 139
280 261
537 519
543 438
546 252
326 540
115 582
955 994
235 585
674 278
665 361
769 610
168 221
959 174
14 130
744 267
891 272
867 592
32 59
572 986
453 254
836 51
53 451
349 140
900 298
762 276
232 289
80 630
348 966
284 599
916 419
982 152
226 704
469 533
687 142
985 864
274 95
548 608
3 21
170 471
73 700
951 625
702 249
712 242
864 583
221 274
78 337
274 358
686 240
918 764
391 638
704 150
550 494
4 702
255 424
498 826
784 617
233 180
425 240
242 934
298 585
442 802
665 610
310 609
222 330
73 597
86 101
880 871
5 682
662 606
258 768
293 553
128 457
713 454
179 774
215 889
146 900
317 681
749 617
460 791
357 462
545 401
135 295
369 520
157 13
604 512
288 764
599 995
709 973
133 185
183 440
552 174
284 920
