51 495
201 324
918 4
146 506
967 636
529 551
328 248
127 295
594 64
981 669
896 543
645 974
304 317
903 149
274 852
44 169
533 779
306 120
218 345
185 656
860 99
512 862
559 242
760 399
217 155
828 4
141 972
471 721
485 104
276 343
739 750
862 173
416 408
889 936
116 826
918 499
774 554
186 95
312 10
577 805
0 985
112 607
695 627
631 297
260 449
263 256
900 91
770 140
745 69
6 377
754 937
215 143
169 966
341 648
622 147
411 225
358 437
97 834
829 900
581 526
231 158
407 574
52 327
526 164
201 681
576 748
581 115
314 807
261 264
105 203
594 141
670 826
867 115
175 500
255 813
472 224
303 66
291 539
551 718
489 254
14 900
243 794
32 659
610 213
732 890
347 796
738 23
388 811
85 738
400 960
977 654
638 526
351 446
694 652
965 269
464 42
254 42
818 30
351 847
237 933
841 560
3 50
720 978
93 793
980 12
127 122
216 789
354 957
121 779
256 469
839 560
834 43
13 961
774 761
367 840
917 983
267 462
517 226
122 545
827 429
249 267
217 612
507 60
952 978
956 510
840 190
699 682
543 704
708 306
107 919
113 744
313 865
146 510
733 798
499 836
697 214
847 518
894 811
560 252
390 758
65 801
950 387
259 230
363 207
20 340
190 588
68 691
40 999
90 446
436 115
640 909
799 358
940 809
481 252
53 395
274 18
936 634
610 917
467 823
323 81
486 563
519 201
258 882
272 705
311 115
116 265
170 724
916 34
552 259
396 715
661 787
518 171
266 557
796 32
17 169
843 92
245 58
168 44
415 930
212 424
916 55
485 749
990 519
172 749
538 775
670 517
94 434
403 617
545 226
417 631
884 175
495 506
871 598
813 971
241 644
126 646
796 347
937 604
100 409
695 521
959 239
786 903
934 944
750 898
853 837
672 813
908 373
974 312
585 945
821 363
715 819
75 177
958 902
550 118
46 93
262 15
886 929
129 352
672 272
266 349
922 634
328 326
595 202
805 301
146 760
283 364
140 195
794 737
478 791
479 817
371 305
186 412
837 1
602 755
613 1
335 485
170 234
21 161
979 240
318 331
776 230
754 206
792 938
208 851
27 570
613 509
922 246
169 640
533 571
287 184
188 702
352 911
800 320
783 596
930 668
626 706
929 768
448 247
500 314
541 823
711 953
233 651
181 405
8 184
331 298
237 376
675 55
648 876
566 633
379 164
931 937
398 757
175 28
292 446
912 530
382 959
55 611
712 435
438 415
696 168
287 278
342 250
391 676
758 197
477 515
497 629
339 228
304 635
573 631
51 475
109 347
442 684
723 509
789 148
100 191
465 66
750 269
414 658
809 833
386 475
71 952
390 521
774 803
381 801
588 925
756 322
65 284
360 733
817 618
25 575
213 870
73 110
895 889
543 345
101 611
614 950
735 601
620 202
171 873
497 935
28 138
767 101
150 344
580 488
915 212
173 333
895 792
315 658
648 166
404 314
322 647
185 73
163 526
777 169
508 514
659 517
355 893
106 459
570 13
235 602
262 39
234 861
449 926
370 49
607 277
66 182
777 419
734 904
834 624
882 831
197 25
44 757
974 823
99 401
798 935
185 728
706 200
219 217
18 752
975 360
479 711
224 634
225 708
295 983
496 548
543 907
424 219
408 15
20 580
322 940
289 986
896 698
766 938
927 217
465 21
756 402
473 733
281 653
895 598
6 184
590 615
844 825
44 189
783 514
296 16
199 3
524 829
802 915
180 792
648 551
538 705
960 944
986 149
58 398
378 409
801 731
677 830
363 652
773 16
788 6
266 393
804 483
981 951
866 789
618 304
410 567
776 248
724 718
247 179
266 212
385 19
412 768
936 602
985 866
542 655
269 826
674 389
372 763
28 487
789 782
659 468
477 691
747 377
157 3
633 243
813 550
748 774
354 420
404 844
794 312
456 225
59 542
583 36
274 738
329 900
298 141
105 904
209 567
602 167
981 196
193 253
350 579
342 323
858 333
988 755
118 579
168 850
18 298
212 487
8 597
82 85
115 846
993 969
849 150
166 585
254 418
822 124
390 232
765 91
242 604
672 90
20 145
16 41
41 450
381 588
628 986
702 982
154 605
260 513
74 40
641 282
441 900
197 705
814 154
3 37
420 962
35 335
370 908
64 891
383 561
14 167
492 62
657 627
798 195
687 102
908 590
994 225
979 526
85 481
514 295
637 36
53 542
897 973
61 880
825 152
300 546
72 300
297 896
712 117
306 178
837 488
488 319
887 834
26 477
929 232
878 922
798 351
510 211
434 393
327 600
592 351
520 247
709 933
254 83
881 593
663 38
134 225
956 536
348 847
169 92
22 132
188 182
357 162
223 35
596 998
217 993
271 826
64 740
319 196
541 32
9 426
862 318
186 331
879 453
355 824
785 922
198 767
700 852
915 755
124 786
53 637
874 645
364 454
499 192
593 967
483 662
814 556
