645 26
7 315
857 77
323 717
608 421
639 375
260 939
216 285
617 684
661 979
912 794
193 531
839 429
254 562
202 350
227 679
362 343
75 184
468 613
226 616
146 585
656 667
292 711
974 389
112 537
339 139
490 402
112 812
388 125
795 800
239 982
52 282
415 734
70 41
255 152
334 813
246 515
949 791
128 877
946 374
670 660
409 0
901 311
967 617
49 606
53 961
586 277
45 599
163 928
651 984
228 337
372 401
79 365
29 94
850 421
982 370
625 691
946 495
229 239
965 282
235 263
922 198
136 12
69 296
366 324
683 577
638 429
881 511
208 185
860 737
759 370
269 837
789 964
492 112
277 146
171 664
182 16
731 627
700 251
238 242
239 345
335 959
653 611
53 690
908 0
545 473
166 36
318 31
773 647
931 107
812 921
533 406
744 178
203 481
187 325
379 955
382 780
484 359
163 717
409 28
779 132
21 51
593 973
318 1000
195 272
793 342
919 122
390 768
325 1000
485 282
898 491
898 611
207 139
447 917
503 184
852 148
854 510
507 399
942 508
366 989
397 710
43 122
295 210
897 74
537 994
910 932
72 553
792 639
283 581
30 747
721 353
932 277
266 631
265 315
747 192
479 190
898 228
698 439
147 980
465 631
330 530
701 946
322 872
561 504
753 624
869 758
337 795
218 512
314 448
263 95
372 369
578 184
895 636
93 996
167 703
943 395
45 590
546 570
889 909
165 815
243 464
35 760
387 431
88 261
446 505
461 564
490 420
342 419
319 816
686 722
345 385
794 197
646 768
367 367
222 407
499 291
850 46
857 949
248 513
618 471
50 624
977 880
170 180
916 693
555 133
775 991
697 111
350 314
624 380
348 304
223 811
454 263
906 596
890 361
393 554
543 260
785 579
909 79
718 776
126 149
399 582
67 204
356 191
269 746
798 189
72 884
274 6
930 445
889 825
805 300
496 37
145 144
570 385
292 361
737 285
296 187
996 131
747 173
788 274
736 714
53 676
780 790
405 491
414 484
727 419
329 49
617 0
459 806
890 83
356 107
141 964
698 408
25 221
105 196
682 212
327 339
30 149
160 118
4 981
426 626
470 503
579 799
677 231
132 274
729 924
602 986
463 699
506 21
997 98
581 481
309 531
518 772
982 967
462 739
934 986
830 588
677 44
997 742
346 675
396 750
80 393
353 904
395 981
856 456
932 809
359 105
98 699
783 817
323 335
870 305
44 140
541 25
228 439
673 192
972 211
469 2
544 878
928 809
161 468
583 993
984 992
189 2
468 883
962 356
682 228
999 602
318 942
35 774
329 293
963 542
495 96
180 522
132 434
879 608
645 103
874 439
924 662
773 201
285 752
726 179
385 156
532 765
938 836
782 331
427 552
653 165
675 250
408 196
715 677
213 766
405 538
23 482
312 959
345 447
589 504
908 621
795 165
300 441
869 638
8 118
192 854
708 199
850 202
288 957
578 142
866 256
54 920
242 951
101 397
2 806
485 702
914 49
852 510
154 179
715 788
937 809
185 491
796 324
708 629
183 876
80 681
814 161
68 492
208 630
477 248
881 530
473 724
367 352
759 443
162 746
861 95
242 499
219 519
940 152
980 225
315 645
895 428
555 39
534 280
49 548
470 211
95 7
909 79
549 586
666 936
755 304
190 726
749 500
72 937
772 653
28 811
533 373
351 353
438 838
805 222
681 938
278 142
152 389
81 191
474 212
158 630
720 956
829 96
126 272
738 465
507 836
641 242
728 634
681 377
395 688
744 340
761 505
295 896
748 968
132 747
571 497
669 907
805 363
637 858
92 886
138 666
718 452
492 59
725 514
722 630
551 875
983 494
842 861
12 466
563 80
137 113
770 787
681 950
237 552
787 469
284 426
824 376
115 745
368 560
376 898
379 44
260 676
442 847
207 451
569 366
640 120
166 31
165 994
393 282
26 763
115 503
813 40
666 405
502 125
251 255
745 463
488 54
196 293
710 134
377 501
180 675
51 277
398 637
520 855
209 443
246 427
610 844
911 981
345 719
963 120
583 937
502 18
778 936
419 767
880 294
665 251
212 903
272 103
237 755
779 105
808 910
403 586
776 363
696 265
800 421
541 332
887 194
287 588
737 302
261 275
597 913
77 69
617 504
177 391
944 934
846 29
739 98
669 973
462 40
595 997
503 337
266 332
741 234
551 852
832 31
874 791
752 133
726 408
673 212
174 675
44 697
504 15
542 559
992 524
220 320
652 217
450 968
191 628
975 520
624 53
70 151
142 757
333 543
603 451
214 279
260 498
983 364
165 407
685 84
217 252
432 753
877 649
453 992
80 879
126 332
945 789
289 310
317 979
93 363
260 354
8 632
752 526
941 79
816 824
889 79
240 175
652 75
505 799
725 136
154 742
612 573
344 780
427 477
980 125
510 795
807 628
392 396
901 134
192 271
953 637
961 70
359 363
649 193
930 317
968 656
928 489
585 129
573 992
258 354
431 450
252 552
245 389
709 0
885 280
834 260
20 770
868 147
667 75
428 530
925 315
597 510
133 56
842 731
770 103
705 879
894 177
687 117
545 743
788 97
989 893
94 673
237 2
66 184
665 473
648 992
562 710
117 861
856 351
767 922
630 524
232 818
191 525
811 930
308 896
708 839
1 398
237 352
844 58
26 647
983 379
847 177
367 302
845 840
580 647
272 383
394 917
717 990
481 361
608 8
945 574
841 645
806 587
160 734
398 691
626 766
144 883
548 665
250 550
153 475
462 930
916 618
627 580
232 419
1 689
32 310
151 560
151 725
276 143
857 271
797 48
177 778
420 352
313 940
148 593
335 566
444 196
893 879
816 151
932 122
152 800
194 979
272 355
169 281
437 854
50 765
172 30
485 845
646 572
639 191
832 42
66 595
496 837
146 458
346 973
447 48
809 818
266 302
595 250
88 680
396 415
701 400
422 278
589 354
35 216
924 630
982 226
245 937
64 970
97 771
648 545
825 368
998 940
704 273
957 117
905 280
489 959
48 881
352 480
641 216
518 63
883 383
331 761
