606 255
9 86
634 418
21 370
222 411
898 185
917 638
193 828
2 8
406 81
542 286
195 297
389 655
965 475
556 435
775 476
648 176
945 524
249 805
965 662
851 193
133 265
620 549
266 583
457 7
389 306
369 350
807 102
78 820
406 362
758 916
921 411
274 770
705 89
375 893
923 865
254 54
545 635
926 818
372 731
334 798
27 740
110 122
362 967
796 981
347 405
280 55
797 218
739 135
597 426
494 605
660 382
664 170
284 436
981 606
300 267
475 976
566 471
373 656
663 234
474 565
23 798
572 853
899 285
279 923
665 445
118 766
926 83
562 383
749 571
728 615
536 37
906 228
393 962
706 191
675 680
287 316
552 425
623 212
315 919
996 572
596 445
212 933
331 459
941 479
140 906
671 341
729 810
275 750
270 549
602 839
720 642
490 598
581 16
30 886
556 652
234 617
966 861
577 904
755 898
472 817
374 456
437 572
996 86
739 796
74 518
449 869
800 584
843 971
893 651
512 375
947 47
315 674
332 306
351 683
925 872
272 983
14 298
795 236
260 813
793 598
271 294
201 413
554 556
587 533
371 363
354 878
378 237
669 886
178 364
688 983
408 905
542 954
542 282
427 252
6 835
912 384
531 602
777 993
629 457
660 4
305 951
890 538
257 118
905 649
30 473
276 430
171 852
972 987
638 196
435 178
837 189
443 704
977 887
25 770
86 113
274 382
214 79
23 557
242 464
905 26
851 137
569 218
257 372
213 249
549 894
146 584
817 260
938 931
368 624
290 189
547 559
925 556
690 65
857 909
185 120
730 721
461 913
609 441
265 815
63 194
581 440
620 628
208 457
322 89
581 956
39 843
133 131
5 172
547 929
436 20
697 211
249 854
685 685
266 285
765 98
448 155
148 423
292 269
78 216
850 964
109 884
531 441
785 808
17 835
371 434
321 293
247 679
268 262
57 317
647 915
307 223
576 121
225 812
188 151
626 329
844 835
971 255
291 511
99 410
566 466
894 13
437 736
744 660
240 170
703 37
630 7
73 97
827 641
996 957
158 170
926 903
776 531
357 88
370 422
356 770
267 721
904 575
237 539
196 818
780 972
345 40
953 434
663 753
684 816
852 83
381 327
173 866
728 276
623 138
512 320
335 81
464 751
526 802
768 882
72 389
81 261
988 531
599 297
646 883
190 408
986 347
798 432
475 466
387 876
137 911
438 995
544 56
575 922
643 198
296 552
266 50
580 792
563 657
188 739
300 267
410 115
463 453
113 456
556 425
284 384
265 451
572 273
655 633
621 938
464 178
818 421
43 996
1000 233
696 991
782 216
699 713
493 176
8 972
359 447
496 576
746 121
530 246
292 924
686 387
828 583
850 273
174 340
845 83
957 575
207 66
738 20
766 797
917 367
111 171
948 661
509 405
380 679
509 144
61 63
372 725
260 301
866 290
884 726
81 608
603 150
224 517
57 811
647 155
846 213
405 70
364 99
279 871
364 404
500 455
752 157
700 391
299 678
89 866
556 968
107 609
45 322
45 296
848 370
9 335
765 327
946 232
778 899
325 528
145 594
528 167
815 257
231 416
310 79
571 355
116 276
53 320
99 153
9 225
285 488
125 123
0 582
998 432
335 271
650 877
803 960
159 721
70 169
151 792
431 448
886 45
732 918
921 966
94 860
597 729
418 628
992 377
452 969
962 296
890 623
811 817
682 485
38 980
867 842
874 695
800 207
170 967
859 128
65 787
865 51
3 150
19 527
780 417
682 684
514 248
361 23
238 528
803 219
217 668
763 493
358 215
884 705
807 484
132 545
924 705
16 151
1 146
228 250
911 70
958 189
168 552
380 546
952 200
374 764
535 266
61 58
406 457
595 318
595 778
562 260
599 711
688 767
414 602
635 254
509 217
690 515
746 691
709 302
856 83
512 58
160 938
928 629
901 379
185 340
368 741
451 484
78 684
341 774
797 331
632 765
265 427
694 363
327 597
123 812
742 337
836 926
610 753
829 298
12 849
9 130
612 392
662 682
983 342
210 76
622 176
1 979
702 858
181 273
309 642
637 273
143 166
930 739
161 737
730 81
976 704
783 403
270 310
306 155
616 528
589 206
176 66
861 848
156 466
303 935
642 948
722 677
938 135
547 578
12 326
496 216
118 899
479 602
97 174
234 55
332 543
856 106
769 34
364 855
785 984
184 456
29 78
271 389
768 965
328 696
59 610
616 946
984 648
803 211
654 829
667 915
626 454
368 313
975 883
837 796
607 897
330 331
835 517
19 886
129 810
606 834
257 675
654 895
441 48
906 704
981 161
3 287
712 862
556 655
56 988
496 560
299 24
263 153
79 4
971 416
934 279
735 536
92 900
619 253
710 27
326 646
714 248
519 236
214 338
809 200
270 528
838 276
762 326
243 435
695 188
899 778
240 287
56 465
372 62
166 706
667 894
87 630
844 175
968 114
359 64
950 245
127 907
283 455
742 655
262 697
162 455
869 243
129 610
285 119
854 295
620 500
724 300
608 658
88 936
981 154
125 618
178 588
911 868
378 969
936 648
955 761
913 442
404 828
696 754
721 204
362 8
89 459
792 539
774 637
766 299
613 505
868 634
856 276
273 597
51 814
0 667
599 809
357 450
826 724
850 919
938 986
837 719
464 408
25 239
374 430
104 474
566 790
59 399
654 52
954 473
92 698
997 400
845 739
797 56
711 773
163 444
773 579
185 610
18 853
926 899
7 723
246 508
644 605
992 638
815 203
875 407
635 850
156 810
353 67
30 178
45 899
751 95
18 729
153 492
735 511
68 265
178 855
237 770
552 710
25 62
183 132
859 108
931 399
210 826
249 478
97 952
140 171
56 350
711 377
649 978
189 16
191 204
845 9
475 690
696 384
527 210
411 458
753 427
708 437
101 782
367 888
203 307
758 778
660 103
918 421
334 999
817 495
428 215
182 665
910 403
612 296
624 39
223 506
83 812
855 349
193 827
908 591
271 556
506 322
129 831
407 62
977 922
45 964
226 140
254 773
281 608
880 269
609 468
573 187
772 782
463 469
263 605
304 14
284 684
921 207
362 578
0 905
743 669
538 362
506 291
421 597
384 321
142 769
773 935
234 813
648 299
594 43
354 210
22 166
663 36
578 457
74 255
13 214
873 267
972 184
310 383
121 556
684 844
997 290
52 619
880 94
11 798
234 259
819 126
686 460
285 672
466 502
472 266
543 864
759 170
591 64
667 899
537 412
174 875
784 682
419 851
743 114
966 649
182 271
642 373
536 412
333 279
645 391
752 134
730 399
782 295
2 467
559 785
658 625
851 342
788 57
633 679
294 69
164 269
618 642
378 90
733 453
325 516
331 189
243 580
426 213
185 164
952 620
596 866
70 455
926 920
992 187
350 420
218 742
302 843
208 424
763 373
220 313
542 312
792 585
601 79
849 314
675 85
297 878
331 804
345 196
448 41
79 750
475 430
539 313
792 989
829 409
309 783
28 914
806 299
897 544
567 781
479 957
738 823
741 489
497 350
389 199
589 883
625 775
100 468
3 4
338 583
998 428
454 275
152 946
888 918
184 787
23 938
330 429
271 99
580 167
742 30
982 296
898 804
38 283
62 826
661 51
80 921
706 701
65 22
538 6
607 432
713 571
984 205
322 331
741 970
328 468
843 551
252 525
837 284
607 391
861 61
43 62
445 210
284 153
16 269
670 24
326 427
800 96
604 276
874 484
141 752
971 230
240 497
316 874
134 102
919 892
581 39
84 237
929 951
559 462
617 197
897 619
331 852
67 951
719 242
642 508
567 899
787 483
480 964
873 235
716 353
166 582
72 359
653 268
291 989
632 522
237 570
381 838
371 859
790 943
11 326
773 77
446 73
974 962
681 411
883 486
151 789
