75 43
546 775
652 353
965 128
525 595
689 639
426 522
153 338
168 205
244 536
729 669
487 754
625 378
573 142
681 204
836 378
943 236
708 523
833 585
379 132
516 286
478 316
779 13
348 326
548 510
463 995
891 217
781 594
851 587
88 414
191 756
99 946
189 443
183 566
181 830
676 333
888 257
179 743
551 728
962 37
11 977
342 152
447 717
968 124
330 322
691 673
489 769
991 744
679 947
776 978
219 297
389 380
674 307
710 522
226 762
644 972
661 436
565 717
117 955
606 341
640 422
48 742
739 105
44 95
128 147
607 388
301 485
363 977
209 139
233 541
684 135
879 93
486 818
170 719
250 537
508 997
874 662
188 710
496 793
465 998
684 836
698 852
663 768
305 150
671 423
110 652
454 781
449 387
489 484
811 660
50 266
847 73
841 985
974 712
538 818
669 478
856 830
743 578
588 730
216 719
991 263
146 584
118 137
376 454
175 438
393 788
546 717
65 337
323 707
412 169
463 366
253 299
367 560
457 261
425 591
962 923
199 272
462 327
530 388
