768 198
247 89
499 877
591 505
358 545
347 602
222 369
771 752
787 0
833 893
247 221
312 534
362 409
197 190
889 877
701 766
318 897
763 766
28 768
642 246
255 500
264 995
6 729
963 502
769 267
0 896
784 616
952 816
598 340
894 153
846 609
992 109
56 311
959 780
939 439
200 144
54 49
436 334
980 75
69 559
434 864
255 563
822 150
626 784
783 936
296 821
113 642
32 775
863 409
720 425
595 222
107 132
643 695
658 262
203 609
369 913
145 832
719 287
651 284
948 440
721 573
450 617
599 232
937 417
241 18
18 4
884 845
27 737
201 57
985 529
388 905
435 304
934 192
528 239
612 32
334 140
318 607
567 409
249 404
733 414
691 187
136 495
962 390
733 530
210 218
463 905
481 426
999 521
389 226
791 1
752 860
675 693
552 961
144 348
884 171
337 12
866 168
534 226
397 16
856 502
997 125
334 985
118 589
167 51
605 906
735 869
910 327
998 754
135 125
47 727
755 484
284 394
540 539
208 493
338 787
226 156
711 996
57 765
206 887
613 133
528 786
739 804
446 873
299 381
811 610
553 537
273 677
428 828
365 884
271 391
679 184
88 716
771 817
537 620
395 450
590 646
556 125
571 363
770 92
794 344
548 481
176 907
330 228
656 525
560 482
76 267
771 120
590 167
334 963
441 562
982 547
732 78
923 829
245 408
97 622
834 963
63 637
921 781
623 828
645 997
24 875
240 564
586 467
995 726
116 354
261 614
27 954
311 591
355 614
518 725
683 154
1000 776
553 494
719 925
414 708
340 936
287 880
970 746
329 856
164 807
224 794
506 858
58 820
906 442
905 582
432 780
288 652
339 499
811 943
717 297
548 335
752 759
641 653
842 241
255 144
926 287
493 285
831 20
993 943
596 498
913 687
13 269
99 218
43 671
986 570
102 598
683 892
237 929
986 740
243 995
974 518
485 393
655 301
549 151
40 396
118 492
578 130
100 288
956 232
368 666
999 854
968 528
623 421
214 664
57 138
826 921
748 615
967 228
377 477
631 690
845 873
430 864
6 231
423 567
766 804
691 23
269 573
580 174
635 780
692 968
800 973
129 721
246 628
836 588
946 846
460 332
949 454
228 972
33 303
316 618
583 969
567 132
451 775
591 440
972 272
203 822
771 204
586 712
53 82
193 280
481 496
480 724
560 646
911 508
209 792
370 903
533 504
533 277
53 393
430 108
519 434
182 927
998 888
948 871
296 348
387 345
660 930
467 46
974 60
825 175
30 681
216 705
569 999
442 122
332 594
902 378
50 671
919 258
896 501
134 368
129 919
390 47
369 44
808 468
399 133
136 924
412 919
67 228
907 466
970 417
704 685
944 689
8 297
213 291
973 66
779 131
872 540
404 813
207 484
419 699
938 755
537 473
203 556
629 154
269 150
483 386
992 902
130 477
702 266
798 36
103 630
838 395
444 919
975 190
504 863
882 841
835 124
837 36
313 755
216 574
324 698
350 19
253 320
113 330
534 868
12 567
742 722
155 635
591 472
991 873
131 699
118 810
478 447
23 165
976 58
422 9
619 461
773 448
316 524
858 218
591 660
579 912
269 463
451 506
592 935
366 239
763 428
417 291
153 1
130 333
349 930
721 52
271 917
89 130
289 638
145 981
693 178
913 27
290 668
764 677
795 347
338 779
854 866
613 384
912 384
511 375
766 92
896 987
72 692
268 988
352 289
913 260
302 639
959 920
591 187
153 619
806 591
291 931
495 118
182 215
991 197
565 864
788 737
478 590
800 277
2 974
243 574
899 92
435 435
52 971
424 40
484 809
967 767
368 606
177 894
849 681
710 559
413 633
763 675
166 537
533 790
921 983
256 305
803 990
824 732
843 621
508 793
899 58
747 559
396 747
977 656
318 744
727 859
577 597
899 754
632 677
681 325
83 156
72 301
766 300
225 246
541 755
735 401
85 992
132 788
566 997
952 725
926 735
649 535
371 228
626 178
823 261
964 903
788 117
436 731
304 608
692 976
725 143
952 360
21 189
492 272
142 173
480 507
839 46
278 376
156 891
953 62
197 909
30 51
470 411
762 38
329 174
113 838
798 268
235 364
413 136
811 941
187 730
770 842
801 363
120 444
785 388
696 860
799 329
674 119
446 100
156 183
946 21
622 794
401 660
762 124
825 966
597 78
479 82
411 67
183 128
162 82
994 341
370 701
632 905
980 459
108 708
100 926
490 805
379 440
36 70
925 348
995 652
670 287
289 607
483 81
210 436
395 197
940 471
117 139
777 306
637 526
474 193
179 846
369 340
590 49
379 601
747 368
58 148
827 582
515 597
861 418
109 407
39 506
112 173
788 912
196 671
405 905
506 140
332 394
847 885
80 658
470 225
35 109
934 774
133 592
823 257
980 136
121 322
848 478
357 150
247 127
687 872
943 734
884 979
68 501
160 49
928 596
510 458
510 629
543 802
778 70
677 398
587 337
626 776
737 552
66 748
236 819
610 635
835 496
783 444
299 877
152 812
699 378
120 793
675 936
246 683
75 657
568 128
37 308
694 742
805 929
559 400
809 771
66 547
119 239
901 246
29 179
81 67
823 868
70 72
190 893
602 332
234 349
498 914
558 951
29 545
783 423
773 971
500 541
843 666
504 66
473 36
497 679
840 694
743 657
584 614
512 123
825 379
126 185
554 47
525 556
939 348
52 505
869 952
366 331
521 67
976 165
512 51
142 10
419 951
996 977
686 862
197 796
755 710
389 27
505 527
476 172
225 565
335 922
928 548
151 208
680 729
385 740
665 870
689 592
384 69
840 22
162 26
211 415
957 839
760 874
529 989
461 387
530 844
670 354
376 337
378 875
176 98
773 919
546 737
594 417
422 961
863 632
304 139
714 156
962 126
813 37
803 864
169 126
59 178
857 760
37 767
649 442
937 32
295 990
292 653
220 926
178 310
891 485
695 73
305 853
708 741
726 343
250 707
794 499
344 786
147 751
988 177
743 779
695 174
265 207
544 541
585 659
347 167
586 585
166 376
556 780
860 464
520 427
780 920
773 596
923 314
441 426
642 661
308 932
972 544
753 239
455 727
96 994
109 939
536 74
363 809
649 93
78 392
45 819
901 854
738 910
375 266
464 234
22 397
344 42
374 12
619 627
253 56
795 307
18 123
593 368
630 967
741 946
939 894
777 472
867 530
568 546
78 580
829 664
636 268
878 80
720 667
45 533
954 635
39 622
445 706
433 982
511 318
742 222
853 525
390 835
596 199
607 520
85 507
353 173
712 385
857 220
958 267
62 473
782 455
612 223
171 433
208 792
735 32
964 460
496 362
880 997
107 590
688 10
448 351
930 295
359 832
9 626
281 472
676 104
110 306
233 620
227 425
680 394
899 289
354 896
806 822
391 32
516 274
575 246
677 516
97 270
527 727
671 455
309 108
656 468
402 107
762 31
784 876
281 198
721 928
245 67
549 522
559 832
844 473
9 511
485 710
873 50
145 556
349 538
117 561
11 211
906 402
535 741
71 448
976 474
281 621
97 536
856 780
698 893
261 62
559 236
482 125
182 780
998 629
805 438
298 542
367 536
667 829
287 409
120 620
751 235
948 743
380 71
781 644
176 560
574 606
917 19
168 275
664 722
258 323
271 280
396 271
396 673
564 419
759 341
308 990
416 9
383 839
287 286
771 978
190 505
423 187
828 220
735 500
347 56
977 803
765 298
429 536
790 982
726 750
649 594
821 666
99 338
608 688
128 523
351 931
629 688
411 855
132 745
105 301
243 486
114 85
217 599
2 716
523 787
430 805
462 6
797 559
717 490
403 586
274 621
807 780
548 393
258 334
366 487
481 706
624 101
596 644
221 582
403 601
605 617
238 205
494 237
661 430
909 365
795 693
593 484
783 317
7 424
200 513
499 856
431 261
180 645
873 683
946 188
915 400
643 318
565 519
610 511
105 276
340 431
38 675
87 110
353 430
492 596
859 453
779 378
607 612
716 650
691 646
313 831
0 943
412 563
684 996
264 139
238 544
503 674
149 303
969 539
80 239
453 977
218 557
996 494
441 664
96 760
834 833
379 367
814 994
558 955
213 371
310 881
892 759
211 421
686 273
666 651
147 406
812 479
233 293
545 834
630 335
43 907
41 88
278 982
362 664
570 790
561 417
888 320
709 117
246 689
202 13
712 963
848 525
115 999
307 715
744 606
337 737
756 871
306 68
317 299
983 957
321 742
710 746
620 13
72 356
389 229
53 671
547 914
230 991
986 907
914 551
263 944
254 111
54 99
766 944
862 360
430 495
102 589
888 584
976 854
318 164
916 501
893 800
618 505
531 775
502 815
801 228
125 187
808 270
908 395
