941 216
752 383
75 690
672 339
253 234
660 364
6 186
724 836
980 463
109 956
377 840
579 840
755 743
33 516
433 656
249 641
560 237
540 312
427 962
112 252
972 452
322 607
294 73
111 303
127 313
839 180
405 849
471 389
272 252
18 617
773 645
959 436
125 229
962 233
590 41
301 154
903 928
74 194
508 721
290 966
893 956
510 423
911 633
604 638
125 46
545 524
45 457
991 945
909 261
468 846
311 328
67 292
406 797
199 471
533 674
972 120
380 834
612 496
960 44
97 106
580 639
467 94
769 103
801 123
35 860
329 246
995 577
951 964
613 822
926 479
725 810
779 988
596 506
661 681
848 249
463 906
973 86
578 214
673 78
76 226
540 276
106 346
248 558
131 486
26 4
995 120
961 733
532 561
716 975
618 525
817 603
681 689
689 969
907 565
677 244
49 466
510 785
336 630
726 379
814 368
981 646
209 30
763 57
353 677
874 788
250 505
87 574
206 607
52 520
858 291
605 450
453 702
846 600
709 92
108 859
140 660
716 890
523 831
723 500
271 742
210 910
153 684
168 523
826 110
642 233
940 621
207 906
575 204
348 986
744 264
272 311
464 505
259 215
477 130
405 199
213 315
612 948
359 651
590 783
411 374
258 461
179 913
95 926
868 165
724 485
304 113
514 784
91 264
663 752
321 598
175 985
27 477
96 808
444 496
996 716
843 804
82 898
583 419
54 62
167 217
47 749
912 935
321 323
631 78
232 70
17 357
985 863
206 830
168 1000
552 921
395 349
1000 438
295 445
154 591
354 755
674 770
496 455
307 94
26 300
574 438
802 522
72 763
469 367
803 7
526 726
465 332
412 827
761 937
139 709
707 391
499 332
128 348
404 932
331 621
877 927
38 460
43 380
99 404
172 458
440 613
688 709
660 624
580 910
609 681
841 345
492 628
11 488
519 917
419 935
891 336
336 305
861 875
615 805
815 139
474 241
137 703
728 574
792 316
748 699
196 619
627 617
541 727
292 989
598 617
904 12
814 597
134 934
44 358
660 202
192 716
507 88
682 191
425 234
921 64
524 556
892 36
447 336
968 911
963 88
943 384
970 22
293 353
807 257
303 392
823 31
16 9
299 908
411 318
842 731
410 727
887 986
988 593
507 536
69 334
907 956
687 369
585 250
952 45
709 986
790 709
661 24
393 861
151 315
830 406
999 653
586 225
8 504
155 709
634 452
253 922
145 124
741 775
932 771
511 390
516 635
673 817
499 234
873 83
775 603
44 112
481 271
128 484
227 323
539 279
698 318
758 594
608 234
628 176
125 784
584 138
419 789
412 618
499 302
553 21
414 115
733 936
718 813
320 671
386 737
301 514
198 73
25 524
445 80
113 922
115 870
382 81
308 36
269 532
619 218
537 95
500 562
244 148
305 709
175 557
985 855
591 845
316 447
607 989
482 498
614 910
1000 199
415 864
467 644
866 715
669 643
801 681
199 310
183 436
362 165
70 298
10 841
899 792
534 586
531 508
56 827
872 45
341 336
195 977
269 276
478 596
765 343
166 158
163 647
428 109
964 618
212 403
519 932
349 952
844 181
986 320
231 735
655 135
819 433
388 404
259 86
39 299
784 346
811 165
286 451
787 571
582 893
412 709
385 665
232 121
747 116
226 605
426 798
368 138
366 412
161 435
487 633
845 337
409 68
7 158
761 949
295 883
986 410
891 958
359 268
853 360
922 826
130 465
573 438
883 671
351 310
457 238
467 27
434 327
301 529
324 87
888 604
356 76
718 330
288 903
523 634
999 98
978 43
316 618
407 548
661 887
389 697
863 211
517 646
284 429
221 363
462 94
581 341
905 819
255 89
541 475
321 366
749 670
30 345
271 648
115 141
93 269
265 354
778 882
432 721
261 178
539 328
850 280
479 224
524 664
191 474
17 99
902 767
843 934
671 387
175 458
962 666
796 895
868 530
628 530
689 786
380 25
531 145
72 741
153 27
323 94
20 851
86 704
57 587
90 1
693 331
211 50
385 82
329 87
657 336
356 217
298 98
539 706
615 424
328 782
310 172
372 507
89 625
786 608
465 750
767 860
263 185
893 167
768 884
689 341
667 391
103 303
258 821
140 651
378 659
926 285
823 740
848 354
460 576
56 690
683 742
431 797
884 218
38 615
377 669
414 870
270 80
969 877
98 305
694 998
765 125
988 835
430 933
940 924
359 786
392 46
995 632
574 455
208 749
689 726
800 332
168 465
595 397
337 177
432 182
270 70
685 241
170 713
477 583
220 535
464 644
552 467
401 671
472 918
644 755
797 539
530 758
853 767
814 781
135 814
243 890
773 237
353 742
872 601
710 324
789 252
921 541
847 496
275 457
239 879
829 404
200 981
184 512
289 92
250 326
695 664
816 199
529 654
82 818
446 446
87 446
217 955
855 492
869 548
758 350
953 284
556 858
586 939
233 418
609 841
483 953
601 930
194 927
253 66
799 956
45 748
906 118
553 198
812 744
124 535
618 410
727 244
332 936
940 609
704 932
912 786
812 0
71 396
199 300
415 168
933 907
137 936
584 729
360 75
945 943
298 361
387 545
639 149
900 178
416 458
804 297
474 454
877 450
898 164
239 450
576 180
844 563
743 843
187 866
423 497
0 988
851 38
735 85
975 498
937 724
372 946
353 574
737 278
837 423
400 967
444 745
922 814
580 516
96 259
622 447
335 305
738 123
837 725
294 446
119 937
939 419
603 574
445 101
824 868
906 496
404 909
371 32
928 721
918 196
470 385
950 201
450 135
574 189
618 417
493 617
248 534
751 369
988 377
67 884
124 603
410 302
713 943
163 613
906 641
53 393
610 237
577 592
928 558
730 855
110 748
277 26
337 888
254 192
89 373
663 312
513 797
767 519
476 966
901 267
701 310
167 544
907 295
480 395
395 454
277 394
970 781
293 975
943 563
616 863
962 348
928 783
795 919
512 686
219 624
516 409
335 859
543 161
320 645
282 890
83 506
946 592
404 156
160 403
551 373
310 230
253 360
125 58
59 37
978 94
866 348
877 169
908 860
548 678
300 722
102 188
867 117
980 564
277 150
924 979
218 690
969 599
743 297
467 240
621 956
692 958
356 784
475 914
829 548
866 231
73 839
976 668
987 428
722 828
905 97
729 871
834 384
289 896
592 431
589 419
253 231
20 179
512 469
9 350
142 47
469 524
461 172
276 288
111 698
695 160
167 179
583 692
710 407
371 983
210 262
178 195
369 38
225 804
331 523
584 941
570 993
928 624
97 731
322 1
132 675
678 201
162 91
816 434
46 976
108 111
568 840
289 866
839 863
936 698
722 851
457 178
792 494
70 919
566 424
207 784
760 981
542 683
632 896
641 28
989 73
242 8
603 640
957 920
789 134
163 164
382 95
899 612
500 356
928 212
410 321
565 247
398 605
372 567
510 726
115 487
128 947
35 327
981 405
524 223
335 590
706 566
784 159
7 978
795 738
76 507
998 768
487 705
594 647
159 346
493 76
736 197
128 153
788 474
340 770
709 833
83 388
818 52
550 187
428 455
597 208
798 457
957 908
699 721
428 663
831 375
543 296
241 647
825 538
346 253
281 785
991 331
528 973
329 192
551 503
275 989
714 15
85 863
257 845
419 140
65 949
720 684
178 747
64 231
570 428
123 916
223 893
220 564
463 773
526 984
111 690
494 905
468 965
594 327
141 841
171 88
285 85
336 268
660 325
787 133
405 574
144 275
697 692
494 463
219 494
715 788
986 306
558 320
617 423
686 616
129 56
902 35
327 409
794 870
472 533
199 588
186 34
943 893
938 103
566 310
904 190
357 137
986 669
388 627
988 693
431 767
789 413
580 824
538 345
784 712
435 959
686 58
524 465
194 867
765 280
529 835
377 285
250 829
89 459
118 966
461 76
974 685
25 138
659 423
115 889
157 498
347 215
527 869
513 563
844 881
421 314
274 937
616 49
698 741
766 341
371 351
40 542
470 237
496 20
474 326
122 328
535 146
740 731
394 93
497 982
937 615
294 300
256 95
889 80
702 783
177 129
582 976
90 645
425 162
768 216
233 565
462 519
404 433
413 456
69 786
576 146
46 518
777 849
545 217
892 127
680 481
502 941
16 746
292 198
500 257
3 88
736 856
917 366
56 617
962 887
879 68
259 555
888 775
122 891
614 526
137 952
792 196
824 324
540 435
209 103
894 14
655 463
371 64
604 940
303 171
494 260
652 730
832 587
529 424
613 497
130 751
302 53
144 426
689 221
114 640
387 224
77 744
784 640
798 125
598 363
516 933
70 792
494 233
329 746
823 633
50 242
951 461
542 553
58 861
6 619
794 313
147 366
688 35
46 753
666 783
7 20
50 804
219 458
381 713
117 264
876 65
816 968
521 638
631 249
686 573
757 272
623 797
406 698
913 996
981 206
967 520
347 181
269 500
27 633
376 709
566 664
649 673
934 913
461 15
812 92
34 46
709 850
183 669
90 62
102 361
520 312
856 902
281 812
868 338
557 799
355 533
24 240
795 382
263 280
799 78
81 931
622 782
383 885
436 243
763 607
443 487
821 489
710 319
238 296
291 318
374 496
744 689
688 735
845 136
716 903
957 243
902 357
758 544
107 678
623 590
364 338
993 678
629 26
358 410
568 618
246 108
521 349
219 2
2 186
500 225
637 657
889 970
170 781
253 773
890 940
435 921
762 66
476 973
352 35
957 733
977 537
703 810
943 996
591 649
414 997
395 388
614 215
456 704
299 13
494 633
831 424
922 185
465 650
442 104
824 494
328 386
408 7
979 782
634 508
873 667
990 637
732 200
773 737
529 757
373 379
419 836
253 853
577 744
268 383
572 860
773 788
606 335
201 50
856 701
248 235
328 271
140 859
663 262
286 742
284 909
59 585
536 437
182 624
746 98
179 458
550 300
629 154
673 121
424 284
245 596
743 469
838 445
828 902
133 38
126 242
181 87
164 455
878 283
16 403
507 412
555 544
53 997
118 488
759 151
15 251
1000 681
240 582
514 139
845 738
467 570
992 636
153 631
776 71
416 99
702 240
28 155
839 125
252 81
576 749
532 933
603 185
744 94
657 561
314 375
787 748
989 773
943 918
131 254
745 710
543 550
921 627
750 201
748 862
83 966
49 580
219 132
593 5
128 742
235 12
316 61
860 111
622 638
325 265
671 337
218 845
80 559
762 477
197 506
92 844
225 483
788 191
