913 821
924 595
185 78
941 146
744 549
837 710
414 86
347 994
844 789
137 812
156 295
263 139
350 442
542 84
602 671
411 121
399 556
730 193
944 485
667 230
30 770
366 227
232 246
948 852
24 169
832 920
579 180
146 86
864 337
555 683
928 784
885 663
201 688
988 471
808 200
522 845
440 60
406 342
672 684
643 120
614 188
259 133
168 199
81 996
114 447
963 207
635 279
527 808
566 18
756 937
517 669
994 774
696 828
387 544
331 129
258 338
47 11
63 558
182 998
910 465
552 110
464 29
847 666
300 553
654 698
367 724
651 307
423 791
165 431
722 231
591 927
398 392
963 773
276 924
220 336
595 795
463 204
18 243
923 796
663 100
582 111
735 860
921 543
760 768
213 34
151 413
640 614
825 798
75 916
345 107
168 908
719 560
184 756
43 12
302 288
203 82
177 667
231 195
605 940
928 616
210 794
896 608
318 656
305 414
736 594
564 917
744 22
666 964
232 616
336 136
369 493
901 638
453 226
284 892
273 981
203 651
839 889
122 254
187 193
811 278
294 364
168 690
149 951
854 584
839 367
204 721
24 393
973 863
852 705
153 753
221 122
330 774
434 890
581 835
671 642
164 510
225 548
985 31
505 492
620 340
941 751
686 89
80 186
485 996
307 636
678 25
213 523
762 178
804 976
77 484
983 835
440 209
647 63
455 427
420 447
259 417
22 906
861 355
716 534
621 209
65 525
492 627
965 723
319 627
188 341
942 676
928 196
130 96
568 720
55 889
943 981
653 706
289 29
617 90
406 960
826 380
7 72
449 455
116 846
80 232
772 837
532 883
293 926
985 988
72 883
257 158
611 741
273 612
645 395
721 375
105 221
867 361
70 277
661 513
978 176
540 659
984 49
442 718
829 640
995 748
921 512
684 971
169 46
489 841
783 437
412 525
756 277
244 102
22 475
357 615
344 830
639 915
88 792
336 410
911 373
667 827
442 625
593 315
766 189
983 356
733 719
613 729
375 527
654 920
712 63
656 194
310 40
521 329
469 325
684 394
350 640
342 886
196 350
197 124
475 471
689 280
682 198
851 703
434 54
311 955
276 988
322 851
872 176
529 934
751 847
286 186
324 761
146 295
398 595
556 609
357 395
782 18
524 644
555 893
118 220
368 538
663 620
639 747
337 930
78 909
109 668
757 644
125 212
490 396
18 842
268 446
818 947
368 288
887 281
749 815
595 762
424 46
253 567
998 333
800 685
724 193
827 894
626 473
319 754
716 610
724 505
507 370
724 433
959 153
897 558
907 350
271 372
11 806
889 191
579 910
829 6
339 588
317 194
176 375
50 248
978 36
584 264
272 427
38 154
303 922
445 956
103 684
260 270
294 941
573 741
409 860
704 213
185 590
264 871
706 927
73 285
367 161
45 287
914 411
249 403
839 425
333 755
215 228
387 40
958 391
976 56
243 625
992 558
953 5
599 125
29 841
987 697
304 182
565 128
412 853
156 917
30 236
243 704
666 237
375 619
303 350
127 141
944 464
85 848
548 950
65 713
143 227
579 544
807 130
615 203
35 503
447 737
783 849
504 510
398 113
232 678
950 446
156 131
860 358
368 772
644 321
1000 902
326 123
717 485
544 924
259 916
282 806
363 224
607 499
724 893
508 565
698 598
482 835
88 447
521 703
167 868
812 74
174 589
718 235
353 198
165 601
73 185
875 552
81 172
619 461
29 183
939 38
412 978
172 648
14 391
240 529
690 572
983 784
402 668
442 578
177 27
470 556
654 990
197 506
6 220
248 78
581 665
304 930
271 499
494 747
417 81
757 685
999 450
203 721
984 202
659 763
578 685
890 676
874 270
453 993
461 63
686 450
924 228
440 780
696 476
77 577
112 264
4 356
10 61
468 123
499 405
31 823
159 875
26 99
659 632
889 329
936 690
258 519
744 331
343 863
977 554
132 641
11 481
490 662
977 820
931 944
952 262
540 925
561 684
766 173
335 930
363 887
938 285
920 659
553 983
461 122
599 848
921 580
610 765
351 565
139 783
559 33
391 437
617 511
643 667
879 415
776 765
211 705
906 858
550 893
571 969
240 721
554 682
522 502
724 177
467 251
37 996
714 488
570 228
359 103
152 768
62 159
544 417
28 709
260 2
837 725
322 953
805 692
853 97
895 456
842 844
391 263
860 874
619 280
867 291
845 381
706 510
467 703
734 29
455 720
593 589
342 142
247 814
626 639
816 83
41 741
670 876
680 328
323 422
210 626
914 1
178 491
124 356
624 526
427 979
99 521
654 438
545 483
208 759
361 344
214 867
805 813
475 249
429 590
38 91
832 583
838 441
836 988
308 887
78 143
949 506
930 22
989 247
671 406
790 624
843 397
155 426
913 969
130 191
467 290
974 951
140 925
601 601
570 872
893 371
619 800
133 901
653 59
810 925
263 691
71 133
74 705
657 890
426 489
753 343
380 880
846 516
461 294
507 627
508 279
155 819
724 199
229 293
403 934
54 614
449 675
997 633
998 847
979 935
785 447
857 695
263 415
177 500
863 573
49 194
949 758
501 814
518 420
240 703
208 44
437 55
355 696
41 555
461 410
889 256
252 674
532 635
279 77
413 398
587 83
17 717
621 258
541 571
803 786
403 407
119 52
213 539
242 330
85 870
23 262
118 145
361 254
579 894
220 25
3 691
700 291
292 295
126 664
239 196
293 764
391 590
952 974
849 834
415 52
417 990
913 111
84 333
634 126
356 703
522 17
0 68
385 372
982 457
936 291
783 740
774 440
796 734
674 762
340 65
754 74
633 374
613 430
195 193
828 211
406 475
157 71
883 390
437 113
800 219
585 707
663 11
233 336
507 403
278 397
880 272
608 826
632 356
229 281
792 777
961 360
259 391
169 962
868 984
850 862
695 24
662 414
915 697
240 915
509 352
177 505
337 834
813 759
936 574
363 770
254 76
236 223
941 979
359 470
909 949
720 65
70 300
404 358
384 545
789 958
436 60
423 84
639 821
760 406
916 219
948 233
317 271
964 296
657 372
124 819
64 319
765 913
833 482
594 634
803 192
830 462
773 781
380 780
968 40
430 896
245 619
812 414
557 269
252 561
786 865
100 363
604 256
177 249
398 464
268 397
328 454
930 799
208 66
749 175
908 163
594 46
325 151
859 575
767 684
115 157
703 712
799 206
968 541
169 181
187 494
445 181
496 147
915 189
920 28
761 746
402 121
996 449
13 887
682 846
559 703
32 531
974 173
428 925
726 792
450 943
228 14
866 725
182 889
972 563
853 411
38 803
99 559
118 975
255 863
533 713
473 145
401 535
554 214
238 9
264 556
701 819
217 499
904 733
879 790
783 934
519 694
189 500
822 128
314 754
382 219
171 296
970 204
810 365
422 955
266 395
422 367
667 246
391 628
970 447
237 788
264 703
531 515
478 459
260 723
960 52
177 700
509 263
385 591
922 58
177 168
478 322
404 67
380 856
367 150
542 827
759 862
761 769
750 325
560 267
557 778
171 937
42 863
632 273
403 491
280 235
347 991
950 590
609 12
532 527
997 622
465 198
603 788
358 925
96 584
477 76
80 357
910 38
139 746
706 866
593 783
389 156
949 763
564 285
320 808
193 244
370 343
910 606
914 954
717 873
79 807
201 82
712 645
679 98
478 759
476 672
884 248
214 10
400 346
134 432
255 257
610 357
689 526
368 199
166 38
652 862
9 351
385 445
655 123
244 235
143 479
611 876
227 329
242 911
706 914
786 712
483 63
397 308
908 25
263 635
452 72
290 355
357 613
679 485
728 217
929 206
407 471
217 589
457 2
149 690
375 697
521 690
313 46
746 755
238 595
220 799
6 658
126 275
970 382
323 402
334 106
997 880
396 180
627 40
545 634
395 377
37 990
27 294
31 324
407 698
739 679
581 276
725 633
545 183
759 810
98 609
6 603
74 649
450 918
577 52
771 736
342 116
684 369
823 20
494 750
782 194
26 779
532 277
926 213
560 82
174 167
405 208
261 409
609 802
860 183
247 891
884 242
182 1
80 249
482 385
813 337
207 594
495 184
544 91
503 644
569 367
245 199
811 514
796 732
787 731
235 79
198 776
358 423
40 278
423 143
30 805
977 685
798 89
849 474
37 336
884 607
538 802
674 211
170 992
820 66
977 151
455 943
726 635
552 847
138 930
217 634
42 569
652 607
558 630
856 185
314 114
744 98
478 41
228 794
55 683
100 100
978 524
156 468
758 275
90 146
23 694
494 700
38 942
789 536
104 863
948 411
9 782
661 964
699 557
161 265
543 206
78 957
18 143
769 638
263 914
74 526
381 609
272 350
213 632
382 940
210 944
135 884
955 297
921 813
538 823
512 559
362 602
726 17
922 454
217 483
559 69
96 777
18 107
987 508
888 709
579 539
826 349
629 168
280 878
185 610
681 348
848 714
737 919
283 504
655 540
120 824
476 230
920 443
582 850
905 692
383 405
67 192
584 456
890 250
367 928
184 841
263 151
517 183
712 443
857 384
891 301
927 540
858 510
933 299
613 864
206 78
408 891
351 835
322 913
313 707
353 155
886 348
834 603
395 253
851 793
136 749
214 469
117 418
350 753
561 198
310 868
525 991
289 257
815 870
639 808
275 107
149 340
695 222
650 627
812 892
516 552
190 115
177 123
279 119
513 413
655 916
782 211
812 36
725 758
118 555
953 584
525 399
661 122
683 899
799 43
599 809
524 619
686 722
345 391
59 65
692 792
332 326
928 594
405 338
771 802
622 255
513 274
54 606
764 862
889 777
774 353
559 833
36 948
849 506
704 178
185 796
17 646
826 239
696 429
424 93
471 756
442 162
989 59
159 36
144 180
872 487
282 777
623 360
954 24
196 249
739 429
209 164
819 379
907 704
259 909
42 727
818 234
108 462
226 958
790 49
975 466
237 791
612 232
726 867
260 109
729 98
353 365
745 969
736 46
331 392
52 836
377 141
578 390
638 978
322 38
62 288
290 919
854 220
404 775
329 704
315 779
983 986
581 732
706 299
587 129
746 736
607 906
721 358
812 363
856 682
636 521
827 972
786 48
605 221
124 434
946 223
984 813
824 676
708 158
972 874
993 918
912 499
443 472
238 561
201 760
557 79
982 446
296 659
241 340
808 497
951 656
746 414
65 655
895 20
544 99
530 608
718 996
777 507
153 227
365 317
124 625
568 959
978 655
809 212
524 701
475 983
489 789
432 870
594 939
393 914
876 432
7 843
153 694
421 363
410 33
624 929
396 178
793 33
871 423
443 241
405 904
166 618
461 688
503 485
677 640
198 465
664 622
892 900
444 871
384 492
768 772
103 699
705 739
416 236
934 22
754 127
618 88
454 611
673 265
486 708
95 105
246 888
582 621
179 252
803 926
671 956
944 283
553 397
806 697
392 235
805 19
739 778
653 255
77 382
665 765
968 554
214 651
649 353
323 984
949 241
540 316
673 691
81 391
332 734
201 337
243 18
717 588
21 813
532 346
978 466
558 31
988 856
168 227
517 441
182 918
351 390
592 277
735 509
105 527
560 529
470 791
176 755
657 319
64 875
495 576
2 32
878 6
123 719
365 602
304 336
43 237
726 586
642 716
876 526
928 213
617 443
206 957
686 662
205 205
733 10
428 186
210 588
667 502
589 578
227 668
234 469
548 372
363 330
511 661
173 888
412 666
313 213
819 70
480 43
756 879
854 957
464 827
720 148
173 928
202 944
50 786
369 758
654 458
978 658
284 395
894 91
1 211
913 816
820 104
292 787
633 572
78 669
504 487
314 870
899 692
137 500
859 635
760 679
731 578
740 569
653 108
118 26
200 796
420 878
322 763
616 2
417 889
954 595
24 33
603 116
870 462
162 126
747 4
880 767
189 852
627 839
885 176
567 655
249 674
223 87
250 905
914 187
440 636
603 53
152 195
19 915
991 466
256 445
137 472
220 478
590 904
880 412
862 85
22 990
3 838
208 666
393 745
435 39
808 999
161 857
285 537
214 71
330 284
350 119
504 837
740 542
638 377
348 985
803 261
135 493
630 897
619 318
758 323
735 716
357 899
728 740
633 742
329 541
593 262
446 621
192 989
260 964
817 515
175 990
736 898
956 68
176 17
48 147
231 818
856 872
967 149
155 919
354 797
555 341
727 89
917 902
163 63
270 118
560 112
633 930
457 977
694 250
255 502
541 378
586 952
963 556
535 22
749 693
687 913
209 795
187 271
685 297
585 862
415 388
482 15
37 948
668 792
81 261
457 690
156 176
983 501
134 466
510 456
908 706
870 827
546 474
425 275
833 18
399 297
371 980
915 496
891 776
33 144
419 415
112 758
937 901
677 106
432 691
185 864
519 707
624 13
743 18
716 33
598 87
610 948
3 533
684 546
625 241
301 801
176 186
484 110
31 187
945 129
829 722
841 83
337 507
790 889
839 930
343 740
3 318
606 641
739 614
800 247
889 354
602 51
793 44
224 283
625 521
821 844
511 502
291 699
683 760
762 341
593 479
224 744
454 268
740 429
647 476
655 358
530 774
398 55
934 276
867 484
639 269
801 88
138 707
45 347
9 919
105 305
468 551
716 822
119 482
134 454
415 974
330 881
698 880
806 391
937 897
848 674
567 795
545 666
367 542
677 512
486 939
492 405
429 740
605 713
921 885
779 25
10 287
309 142
836 784
841 104
733 608
776 550
851 168
146 720
590 324
806 299
567 344
512 975
760 871
24 653
591 400
555 494
301 88
217 786
173 45
114 942
909 397
317 134
329 401
417 485
567 503
42 974
78 146
926 945
464 891
970 311
798 461
461 798
458 214
219 885
700 628
428 636
645 583
52 888
527 306
880 653
676 229
556 337
570 288
277 715
438 457
709 56
680 986
116 92
115 485
590 909
695 991
406 187
15 11
371 406
78 836
383 951
946 102
78 653
34 182
791 964
670 162
552 164
84 84
631 668
4 424
88 17
630 926
684 516
962 751
362 919
914 719
32 10
306 960
851 678
983 18
466 729
70 408
800 0
615 695
228 197
722 491
218 679
949 2
251 10
798 159
891 180
914 865
999 65
873 928
402 682
807 241
226 381
521 806
139 77
16 291
380 637
946 54
438 903
641 768
946 771
240 84
858 934
197 446
516 517
609 508
906 90
899 379
771 105
820 373
871 110
824 218
698 413
866 39
903 668
190 948
953 994
916 180
535 849
188 621
306 414
297 938
608 459
230 442
761 559
285 308
879 458
460 930
912 854
269 395
552 435
952 462
816 682
168 678
957 76
836 533
226 231
387 568
514 952
64 570
63 382
633 722
770 405
65 445
995 78
843 222
668 845
858 950
854 470
818 29
12 508
23 738
570 323
614 785
75 69
90 575
671 155
997 711
575 729
403 421
179 671
21 837
224 328
171 926
185 156
269 859
579 524
376 429
929 251
303 641
925 451
662 648
665 361
267 414
196 746
354 416
685 643
914 615
42 758
683 771
372 877
950 49
298 567
544 806
428 461
884 375
583 3
813 950
79 406
908 405
578 838
435 288
232 953
436 122
305 149
478 281
480 688
763 993
698 938
175 525
427 193
641 101
341 983
752 966
949 6
315 569
195 137
634 320
427 555
556 396
562 45
30 145
254 942
698 310
428 431
488 476
510 758
148 248
483 124
507 15
98 117
621 651
256 164
583 720
289 356
691 677
747 340
944 149
642 640
832 902
59 253
229 58
986 205
470 827
227 473
840 746
98 171
888 669
452 58
697 791
482 646
775 181
79 554
560 164
681 838
871 350
155 327
762 166
138 261
520 703
200 433
196 565
821 792
689 601
