487 95
513 748
217 799
344 643
979 641
337 720
183 568
734 964
893 3
988 443
634 119
202 407
905 116
770 579
627 236
209 159
498 887
593 689
863 828
271 498
143 546
840 800
711 601
920 431
310 56
119 952
509 8
761 207
939 686
445 24
279 860
926 55
436 264
360 649
886 245
215 349
308 35
295 953
147 751
330 20
679 569
856 442
308 287
66 538
910 131
625 900
345 508
680 589
412 987
659 277
266 629
756 489
879 420
10 743
127 425
619 848
602 753
591 526
356 727
425 704
204 59
368 353
542 23
744 947
482 474
850 506
30 873
785 870
46 608
251 233
791 858
312 428
354 52
250 689
211 373
340 579
687 61
644 486
496 232
33 791
177 581
294 939
937 495
613 710
83 944
726 914
713 64
887 364
737 609
80 587
631 549
469 685
629 968
116 639
869 336
912 895
593 903
108 590
5 494
942 188
64 842
337 596
360 133
756 852
499 502
783 466
883 30
463 187
873 381
2 983
302 706
959 312
575 248
489 496
537 302
362 710
415 292
855 314
126 48
681 49
475 176
919 694
809 818
642 933
542 260
148 322
739 697
12 264
153 172
425 885
84 377
317 642
249 886
369 360
179 736
136 433
1000 219
827 779
480 88
764 158
459 687
651 586
412 129
756 367
920 491
630 388
246 534
750 785
89 133
832 139
556 818
760 532
549 387
630 684
500 708
7 525
621 641
328 217
759 478
300 844
792 218
801 642
952 381
573 409
614 642
963 674
206 423
655 226
340 732
966 280
866 878
618 524
979 161
440 603
228 718
260 818
906 627
171 415
222 908
510 295
601 429
274 66
728 833
577 889
814 652
373 94
720 168
234 413
243 721
56 542
865 449
93 227
980 515
211 53
669 580
477 620
40 174
288 606
851 180
947 977
109 625
246 729
998 875
666 285
475 87
757 203
437 109
47 955
247 480
216 270
513 640
180 677
662 202
526 698
866 483
947 103
181 250
251 652
816 592
349 140
444 915
621 926
741 542
15 625
718 867
59 540
904 800
153 944
530 426
370 923
96 700
297 658
883 21
249 650
324 218
800 836
673 297
405 345
944 502
408 316
507 847
79 377
676 246
281 218
377 54
854 232
136 445
715 201
405 603
970 760
624 881
93 380
360 622
768 193
615 581
688 689
79 62
702 376
706 89
717 865
437 512
124 388
896 579
925 761
235 353
570 260
561 140
635 253
684 67
625 673
136 161
480 252
506 897
416 485
30 909
396 100
621 936
459 552
846 44
443 737
666 72
250 956
884 8
351 199
450 833
291 790
990 167
345 634
717 506
643 810
1 328
721 208
780 496
790 548
437 147
748 99
289 708
369 701
362 27
127 933
584 433
131 350
440 711
340 798
383 965
419 69
272 523
820 888
452 774
972 45
32 499
588 335
368 396
190 219
420 601
570 349
243 151
23 594
859 309
836 490
169 187
473 746
324 658
581 498
119 805
955 125
258 350
447 260
154 212
85 179
880 540
551 451
707 716
353 382
407 369
611 454
623 630
836 795
98 26
550 792
861 437
751 144
130 794
329 374
597 980
685 179
265 873
95 697
135 132
860 194
529 444
48 972
443 537
703 767
189 244
215 842
33 408
5 200
138 846
508 973
427 954
463 592
692 384
494 215
705 899
662 622
454 411
225 779
826 701
37 894
718 796
785 383
616 424
913 406
79 740
690 670
654 843
629 822
115 131
874 408
596 252
538 218
378 238
388 485
225 542
347 131
170 625
648 547
355 74
993 651
998 181
688 723
25 945
899 17
434 341
164 798
274 692
444 535
471 911
247 297
459 11
25 290
787 129
800 164
81 118
288 256
706 886
866 729
498 173
613 521
232 341
190 766
836 594
573 238
330 471
138 593
780 249
594 561
915 825
778 770
353 485
653 685
778 483
717 260
787 34
531 349
670 337
79 25
112 906
816 120
279 429
427 433
665 586
848 638
716 155
960 495
801 282
50 963
263 735
376 137
125 179
857 490
919 121
210 250
955 918
829 33
567 942
550 729
557 362
111 621
509 748
911 115
92 624
750 230
154 451
315 743
41 857
991 536
328 668
517 69
431 415
135 458
206 948
212 764
59 312
782 332
94 326
663 98
225 876
975 177
813 639
934 229
194 683
504 941
367 417
421 612
680 184
202 651
458 281
418 849
310 824
287 502
275 635
927 102
96 896
718 157
962 355
318 251
887 594
949 213
757 348
278 866
16 346
602 860
116 533
287 326
824 630
113 490
642 206
826 275
769 395
18 83
591 359
539 768
702 400
739 671
890 46
304 547
24 158
480 946
172 781
388 274
446 400
60 478
761 169
592 970
119 759
87 935
810 459
721 897
809 43
51 398
550 103
718 604
242 927
604 563
193 836
52 702
487 418
866 347
865 311
844 624
905 81
56 18
724 406
365 99
413 251
384 690
545 420
578 80
860 785
546 5
958 374
806 46
563 333
409 758
124 867
661 932
805 124
111 202
482 232
999 381
411 23
722 213
336 857
892 478
902 11
577 858
556 103
182 401
454 431
180 341
587 416
996 779
880 908
511 225
744 483
939 377
547 578
952 468
288 317
647 502
613 997
600 539
180 941
388 964
786 656
2 458
564 721
72 855
780 91
391 379
409 809
