636 866
14 592
298 240
833 149
754 727
281 882
470 849
945 899
378 68
68 907
17 928
3 240
567 349
464 218
841 206
318 569
425 959
222 290
440 807
179 722
322 618
523 794
739 830
99 521
993 211
710 876
660 453
459 417
746 309
144 362
683 742
678 444
917 389
890 821
893 298
131 760
756 180
294 0
986 770
997 878
645 977
980 72
80 97
512 72
260 119
723 853
15 839
417 153
948 137
964 41
720 912
142 362
949 409
141 385
300 533
147 369
302 185
554 189
117 645
167 742
548 916
787 273
575 541
674 129
722 54
691 32
883 871
629 416
164 754
954 326
834 941
868 103
739 909
302 85
521 383
903 206
326 711
147 900
281 837
987 153
740 901
659 415
177 692
10 759
360 929
921 592
481 418
783 352
22 142
7 69
445 651
190 681
468 852
407 800
480 130
680 471
436 503
531 301
329 847
800 635
704 860
25 896
670 242
357 564
164 412
203 694
981 948
690 494
16 821
470 720
930 950
312 752
831 474
92 3
296 946
318 499
880 811
103 403
431 478
595 468
707 318
125 760
44 717
383 553
845 529
969 120
61 834
44 313
981 958
970 681
181 43
823 772
42 982
162 295
39 59
667 355
435 591
193 76
592 671
186 710
695 746
975 621
410 40
429 450
782 169
443 81
742 130
824 393
820 445
735 3
606 146
335 941
865 618
308 723
871 974
132 272
66 285
941 818
321 535
796 240
152 980
801 537
850 877
72 977
726 396
744 168
292 384
629 888
382 855
585 968
160 980
350 745
463 137
622 338
660 295
604 294
246 116
927 308
398 166
340 84
482 343
918 222
651 764
721 409
923 823
475 638
700 691
750 855
718 640
157 666
298 786
993 489
754 82
929 570
626 606
668 488
114 492
72 270
560 441
271 31
290 711
612 471
364 939
758 530
959 433
346 29
719 791
229 394
10 219
782 745
924 390
962 206
812 887
478 409
407 602
176 220
783 43
723 964
192 162
983 780
487 750
59 904
631 743
521 263
630 741
458 1000
318 767
177 920
686 735
393 626
37 61
71 128
394 246
306 203
707 809
617 278
76 896
2 787
995 955
916 369
137 563
11 840
454 190
662 95
555 974
472 713
442 655
188 250
832 133
696 53
267 803
438 762
854 478
127 868
489 678
489 528
997 843
455 299
191 910
781 232
111 449
96 142
498 530
252 179
477 223
755 479
825 556
745 308
502 66
794 236
831 61
439 606
159 985
283 257
40 137
266 617
58 484
235 434
131 600
309 286
874 477
112 275
189 100
317 322
767 363
975 193
598 75
7 1000
723 269
329 202
915 261
906 29
229 209
473 586
316 481
512 977
671 843
414 259
401 157
195 146
713 427
801 623
605 949
810 594
883 712
732 44
915 882
876 339
367 49
681 15
746 585
847 644
101 964
78 882
648 554
970 948
608 717
378 623
154 815
116 643
39 370
542 179
225 280
597 886
291 64
839 843
250 88
336 166
593 25
597 964
760 0
753 719
144 773
832 660
91 885
591 656
82 239
970 31
660 531
266 125
936 424
882 926
989 567
16 339
139 729
888 84
670 855
511 497
449 773
330 182
66 823
837 230
797 821
657 683
306 368
815 169
442 388
578 653
194 457
305 188
160 961
392 635
904 732
767 805
899 643
562 785
69 109
568 292
823 294
18 296
649 548
252 721
529 149
614 567
511 268
121 223
902 949
385 484
279 81
302 584
101 547
659 757
638 398
425 951
347 589
443 468
432 648
551 86
926 425
32 650
600 711
279 376
414 654
983 357
775 543
977 671
956 856
517 223
557 873
476 660
712 825
528 312
538 895
325 662
607 198
73 349
520 393
478 700
484 913
523 58
577 22
304 158
974 121
357 789
697 349
83 273
262 978
955 681
460 644
626 650
630 616
153 698
948 802
254 392
55 714
117 615
330 286
578 854
964 987
845 11
801 239
223 327
548 943
327 903
886 155
356 247
102 920
755 907
371 765
706 322
859 959
356 906
363 485
197 343
562 85
750 351
534 484
798 238
834 475
92 217
225 130
663 957
434 963
753 295
332 789
484 457
532 548
899 47
984 464
455 834
536 709
100 352
168 822
811 89
120 167
547 6
816 861
505 964
493 939
729 94
911 64
819 129
653 72
118 18
575 175
578 15
808 637
875 291
256 72
418 212
220 765
687 764
467 365
805 449
471 737
588 120
591 580
74 358
448 179
280 912
996 761
808 154
312 418
415 954
176 330
15 387
94 829
996 35
883 459
213 927
990 379
572 562
935 774
305 970
98 265
836 300
404 326
885 975
499 565
421 598
602 191
924 646
347 664
660 380
459 842
104 805
393 620
439 648
772 588
901 346
455 408
489 609
625 118
618 198
745 695
133 612
247 329
603 324
286 722
596 972
974 489
546 234
459 339
311 589
871 908
483 836
484 819
886 781
476 342
643 510
64 819
797 403
740 14
850 238
874 989
641 510
834 352
193 517
823 261
812 686
604 202
495 32
324 386
356 252
236 740
593 736
397 457
7 858
767 103
791 170
633 715
679 778
710 699
905 347
363 134
323 194
204 235
578 901
84 713
341 189
948 706
875 977
523 868
657 640
673 223
842 809
356 49
969 970
760 775
47 90
189 657
612 219
259 439
193 177
126 870
227 551
656 452
808 623
631 29
346 393
289 856
913 956
404 650
430 33
123 548
423 165
762 744
969 575
488 696
531 4
249 112
166 130
635 966
202 601
653 967
267 503
898 740
318 453
962 914
302 368
643 391
416 260
148 794
742 4
252 367
107 945
614 631
410 11
253 707
900 539
996 225
928 587
747 705
381 775
425 420
327 355
280 986
831 346
197 738
500 165
865 163
383 185
470 552
240 657
898 448
999 154
611 910
801 654
895 682
66 258
511 595
717 125
906 975
297 378
185 269
120 88
395 739
395 554
372 767
639 945
785 574
154 853
213 981
379 361
659 742
840 951
878 967
531 854
92 830
715 850
755 260
209 920
348 610
115 192
422 458
509 379
331 158
555 747
107 680
299 553
739 2
27 583
994 221
545 161
34 701
640 486
340 164
267 372
642 450
56 364
293 16
933 527
297 68
554 243
251 904
232 925
155 822
336 851
465 367
153 36
33 348
438 882
68 76
766 12
444 410
826 855
29 771
926 770
707 527
130 135
148 253
645 160
559 576
221 294
402 963
269 593
859 569
334 92
759 788
213 486
396 638
851 123
628 829
303 943
969 9
32 703
11 476
984 85
11 257
454 507
157 88
783 699
243 966
471 774
983 364
778 350
603 21
899 237
397 39
822 510
346 347
472 453
705 852
310 726
291 438
820 192
928 224
397 375
671 650
485 450
189 634
786 158
124 172
52 79
856 697
777 295
51 54
781 106
967 672
976 856
348 784
96 379
639 880
221 826
599 184
619 566
848 901
609 417
688 541
338 510
396 509
478 343
137 336
538 262
561 235
17 837
176 256
442 960
45 512
275 765
449 101
685 96
959 965
485 261
374 696
497 708
673 318
132 969
473 553
167 68
476 514
429 507
737 610
452 544
138 975
341 326
16 769
35 427
645 771
56 673
177 900
630 738
775 715
751 918
503 789
742 191
200 234
750 367
785 462
585 401
655 363
16 231
236 804
206 98
852 579
824 694
244 851
749 973
621 43
247 793
867 754
44 505
713 757
496 583
306 653
981 968
73 25
301 199
576 537
311 466
360 955
134 744
907 238
269 749
511 587
721 875
494 871
311 31
404 847
209 57
701 685
71 404
907 399
908 823
554 346
208 221
257 923
596 319
623 826
172 136
742 284
365 868
933 677
155 323
107 600
772 863
949 786
468 113
831 430
210 186
370 229
173 106
47 874
163 648
671 168
204 474
887 563
525 229
160 249
838 324
36 58
338 335
863 955
256 604
187 137
167 657
89 944
581 786
812 453
596 548
180 898
425 695
164 236
610 373
596 201
749 214
632 688
746 321
27 626
794 219
554 630
877 51
693 17
949 744
447 54
335 19
153 816
322 340
557 892
859 958
822 126
236 528
818 221
595 339
55 5
816 207
962 804
384 917
83 563
987 178
461 308
764 347
147 471
833 943
637 360
728 464
913 407
240 222
792 275
953 837
28 938
120 560
249 198
381 778
707 428
876 688
464 610
884 641
261 633
369 83
537 520
571 886
552 592
744 497
318 850
651 102
38 636
921 396
714 590
462 102
280 252
507 443
408 168
335 970
609 34
890 915
551 498
589 586
64 525
191 661
595 74
533 175
322 251
494 542
710 510
424 972
18 774
474 399
859 869
286 952
657 367
833 842
187 731
857 709
810 772
632 681
339 609
976 361
484 132
813 727
870 570
259 1
489 235
513 203
225 166
70 565
958 964
599 842
316 882
453 108
750 304
272 999
173 78
60 833
813 793
86 596
276 251
866 294
427 914
425 615
130 301
60 5
62 642
9 899
400 341
660 430
747 710
719 252
320 803
494 728
736 675
72 67
583 782
552 469
162 901
601 532
77 532
355 585
584 761
18 422
848 21
415 878
837 181
47 47
73 852
819 474
29 580
53 59
730 243
659 215
948 649
982 288
769 799
133 1
931 464
293 394
117 201
906 864
874 4
803 402
718 947
855 882
679 157
495 19
344 594
269 271
325 716
645 816
533 541
130 201
668 704
36 514
851 645
154 42
199 552
788 515
350 349
50 176
583 931
102 244
417 979
385 278
587 605
772 793
164 481
939 491
582 456
759 185
994 847
339 845
333 333
951 211
544 5
585 16
377 850
657 825
132 684
126 185
236 454
128 42
371 42
630 80
937 883
787 480
535 966
61 77
796 123
702 686
667 679
833 506
159 111
143 104
632 416
491 952
664 886
108 774
896 516
91 728
233 13
57 48
118 46
499 630
415 792
313 903
689 939
597 364
237 597
234 878
338 640
331 105
311 125
252 781
560 365
733 31
868 472
795 739
57 720
572 857
323 598
792 904
117 139
880 440
614 103
111 865
491 859
75 259
189 578
437 963
288 892
687 67
682 6
960 24
622 633
405 209
728 420
646 204
75 907
948 831
728 485
100 405
192 975
84 261
837 917
172 897
138 499
481 486
434 741
985 622
423 532
295 374
363 905
229 213
766 603
431 174
502 845
463 599
658 678
173 582
130 955
951 101
943 593
569 324
670 854
670 325
606 990
330 483
502 249
869 718
819 103
242 773
836 587
559 478
617 852
64 157
794 906
316 256
219 978
911 754
134 268
580 770
941 316
414 381
704 263
724 273
156 512
868 755
955 753
196 465
780 164
823 511
500 109
863 157
120 944
313 583
610 216
721 193
185 150
956 214
428 972
30 247
659 889
527 774
622 869
520 295
790 786
163 281
530 368
436 921
869 968
308 492
123 654
385 699
720 630
462 445
451 469
734 77
987 137
202 306
144 709
511 62
183 32
543 39
501 306
481 403
256 649
958 24
305 744
268 523
627 945
676 201
727 78
555 221
893 759
406 432
390 175
298 902
393 162
710 827
1000 235
460 57
318 237
996 217
627 360
612 703
21 874
154 632
367 700
533 198
440 540
455 58
623 177
427 140
611 262
21 980
165 210
590 10
38 688
326 624
344 326
479 41
805 427
788 563
204 812
630 262
863 8
691 613
474 515
145 94
948 293
445 416
862 505
460 22
747 493
556 246
108 726
321 225
315 842
364 730
573 640
775 672
678 715
538 335
240 415
461 443
821 834
401 725
618 769
931 116
141 259
274 28
230 610
450 193
971 547
400 536
894 491
384 600
825 169
654 932
641 475
68 425
973 906
691 51
643 520
358 480
93 875
550 510
853 895
535 387
554 73
344 135
188 791
508 308
764 111
243 25
329 613
495 833
416 520
287 183
965 954
818 3
5 258
969 358
820 55
672 95
865 914
906 145
600 87
37 65
431 706
562 951
299 20
179 196
787 67
375 163
550 155
535 598
254 498
271 449
595 14
877 580
715 339
331 402
898 374
68 845
252 310
444 629
172 222
935 848
799 99
135 420
840 985
570 355
102 209
867 621
968 359
980 384
541 538
231 346
707 880
619 239
84 363
346 421
29 258
574 312
101 584
403 889
346 817
203 787
281 601
337 893
698 45
422 950
643 3
157 997
622 783
366 318
355 766
103 440
390 810
190 854
602 953
592 338
845 6
150 264
920 233
198 590
621 829
453 755
751 40
662 65
590 919
633 752
920 506
806 615
350 453
448 260
403 763
303 105
374 89
424 714
635 779
845 297
48 355
973 928
624 786
479 297
293 393
879 251
731 509
386 690
358 229
520 531
436 757
484 158
864 930
973 158
36 6
202 561
795 954
856 981
899 76
795 469
560 585
50 489
843 278
12 523
681 409
232 445
35 660
128 443
881 917
986 166
946 508
284 692
446 652
929 225
449 522
584 517
352 695
31 497
874 55
111 888
486 932
528 339
720 844
580 161
8 624
846 989
825 697
431 996
818 166
229 814
307 337
319 90
695 873
440 64
931 180
148 707
404 201
171 474
311 162
215 101
622 256
697 758
651 171
402 734
11 250
613 694
319 654
58 104
549 261
684 386
999 193
388 603
751 50
843 51
29 368
467 87
214 221
24 448
948 697
965 637
693 170
847 355
302 620
513 404
159 722
896 373
666 86
352 857
67 298
555 468
882 744
426 989
629 805
630 796
125 326
798 820
220 519
775 456
158 16
298 20
487 196
239 947
902 570
910 346
375 894
719 489
77 222
736 408
784 897
84 316
852 818
46 470
552 139
72 413
703 30
153 927
82 928
369 448
474 537
741 953
931 684
