593 476
451 614
338 873
333 968
969 653
340 223
547 623
361 896
948 690
853 641
729 749
511 184
492 603
926 247
555 281
989 86
651 473
31 585
566 18
981 959
601 198
663 120
400 599
376 615
989 782
871 449
68 187
139 133
808 262
388 954
57 682
206 75
685 208
888 881
964 434
318 561
501 301
595 607
168 161
176 73
342 310
192 609
104 190
162 178
970 452
351 711
242 888
429 561
279 812
851 583
923 638
874 721
408 103
466 704
484 94
441 964
664 748
383 947
185 526
125 333
873 743
277 998
983 932
943 268
118 90
986 816
35 564
948 509
150 852
300 10
47 182
344 925
226 301
910 505
701 635
278 427
704 324
229 72
737 687
809 491
99 435
290 856
858 820
620 579
638 509
688 440
232 198
760 325
745 568
743 670
773 527
451 914
346 547
593 75
309 660
402 837
731 746
716 634
957 441
918 520
540 329
335 178
239 266
740 674
333 801
209 987
53 226
271 448
188 798
140 585
926 789
183 583
264 547
108 358
351 378
857 29
82 907
821 110
787 692
234 343
223 63
701 153
261 475
955 117
144 889
270 438
933 985
834 307
635 764
143 452
79 357
10 748
474 345
511 616
497 518
652 389
868 293
427 570
918 683
445 417
59 911
543 706
297 280
29 906
688 118
657 403
497 547
228 345
219 737
902 692
516 624
789 725
622 329
989 0
719 791
64 401
672 473
295 174
49 65
698 960
587 26
311 622
268 268
701 564
209 593
40 875
889 687
95 588
407 844
253 285
841 753
813 414
424 450
673 423
680 253
1 91
832 661
865 349
48 579
389 748
132 619
631 567
653 330
223 918
299 313
205 738
526 701
827 79
72 956
250 251
974 553
860 615
230 399
467 226
149 370
34 478
687 337
294 155
972 521
371 322
963 930
714 801
33 885
450 374
741 209
679 927
933 196
225 84
691 425
150 619
64 389
41 965
714 129
840 32
740 225
239 944
866 261
980 389
369 764
783 471
24 966
666 203
835 36
802 437
845 7
143 905
718 864
164 13
43 471
754 399
89 894
678 445
884 662
978 96
778 445
556 112
812 334
380 847
94 539
858 76
997 981
640 218
772 922
45 700
390 846
247 114
965 783
590 878
803 307
31 373
220 423
600 523
471 76
357 1
636 179
780 966
544 192
353 418
190 159
562 16
168 706
898 859
132 531
866 832
518 631
221 705
92 395
855 293
571 190
534 384
283 656
995 793
707 836
32 777
414 574
812 31
384 756
672 320
450 787
107 164
921 363
569 123
944 460
944 97
548 417
391 597
140 32
452 211
390 333
293 180
981 308
487 851
977 908
531 219
16 640
640 418
681 415
938 720
644 457
601 893
99 131
562 219
223 39
159 336
287 324
184 692
958 753
573 253
423 220
595 213
50 345
495 354
87 189
319 844
416 241
590 869
202 668
354 586
927 13
48 437
399 370
192 564
832 741
248 702
395 501
849 88
101 256
428 532
456 378
285 90
193 737
10 339
586 353
276 238
552 59
336 369
506 324
810 869
758 100
915 938
984 617
218 51
490 31
553 510
921 756
757 238
975 989
115 320
328 458
381 367
775 587
509 69
248 454
675 522
416 17
875 360
901 342
538 164
193 482
935 900
564 315
808 300
603 647
733 168
736 306
893 584
609 902
852 662
741 281
64 930
89 421
799 2
717 173
275 842
452 612
785 912
581 703
269 669
600 490
331 852
426 104
399 834
70 871
260 207
605 749
929 498
192 897
149 618
521 298
670 577
264 358
40 164
162 82
917 514
336 608
154 589
76 642
208 268
214 716
680 415
723 159
803 744
107 826
873 66
393 555
293 665
95 437
903 472
854 129
34 922
417 790
279 926
460 448
660 58
597 115
185 235
778 736
429 30
930 42
248 4
788 266
495 888
302 224
855 264
994 831
434 182
662 874
600 459
758 937
404 682
66 883
380 386
598 738
338 643
230 467
262 486
748 495
153 930
434 332
728 268
60 196
74 199
505 834
536 597
861 582
155 996
775 914
738 156
365 83
204 782
239 968
197 367
19 616
161 427
437 233
781 638
523 35
414 482
105 410
989 691
801 539
849 981
989 460
795 937
64 7
702 807
488 277
857 887
48 715
742 643
138 546
414 817
870 41
972 694
16 339
902 835
814 993
872 417
684 722
105 756
601 661
292 539
895 530
366 440
643 744
347 917
517 947
937 251
494 696
865 958
169 498
447 339
401 167
333 477
533 53
898 27
261 462
136 36
84 444
139 665
368 933
523 335
71 399
551 467
275 536
423 269
930 455
4 70
205 709
479 2
229 851
184 474
339 843
703 509
314 840
572 520
603 592
855 719
395 55
677 825
595 827
75 98
144 488
617 377
740 290
492 943
158 960
354 43
890 82
133 571
440 236
649 359
149 57
881 151
133 842
883 509
119 797
701 355
984 706
866 645
949 949
321 248
112 979
530 231
755 689
992 564
75 964
451 34
884 574
389 673
749 727
617 473
521 105
475 323
887 775
196 273
297 648
761 595
1 304
492 363
94 155
150 63
504 818
206 615
336 167
493 371
279 239
873 437
162 417
169 272
115 441
761 970
279 739
654 489
918 622
735 60
317 717
551 18
878 165
736 851
269 367
301 819
908 686
394 581
533 320
482 580
630 823
350 704
206 360
845 741
987 702
44 720
207 275
693 518
414 888
934 571
78 647
431 155
733 723
857 302
930 918
870 378
170 427
836 176
566 664
817 222
443 312
108 572
149 312
173 159
633 922
32 919
681 522
511 218
916 690
864 133
934 817
437 618
555 612
962 873
676 591
92 310
69 341
714 878
884 281
809 746
280 15
276 97
901 408
966 949
179 710
881 601
573 1
64 490
701 255
517 65
190 282
851 491
230 337
828 848
575 637
286 759
850 318
277 681
803 833
790 724
982 480
456 29
304 586
429 327
64 836
12 898
258 714
528 20
178 145
742 371
656 175
935 555
150 189
135 683
914 465
441 799
616 918
640 839
295 46
639 922
431 9
235 53
620 978
783 117
426 69
553 979
988 229
484 135
144 896
315 47
498 193
922 475
230 922
988 143
433 930
789 69
985 137
336 574
664 718
221 567
653 838
135 883
397 365
108 965
224 96
732 758
878 669
982 641
176 117
452 166
67 327
86 156
953 102
775 441
978 926
75 782
3 371
930 834
380 28
378 648
974 912
257 893
237 824
994 174
139 834
654 627
185 307
365 755
282 120
698 198
734 297
990 931
587 906
558 16
614 803
979 23
136 121
0 717
839 48
281 394
483 711
957 940
895 463
683 478
365 157
890 13
652 376
957 161
498 864
208 167
219 845
204 587
531 432
832 444
662 831
373 119
354 842
923 198
797 702
903 415
226 934
314 504
512 476
379 803
690 155
161 592
983 795
375 720
642 378
597 215
719 213
369 120
876 992
136 431
774 258
178 844
413 99
807 218
734 644
199 294
681 510
950 126
846 922
3 351
383 196
287 926
813 388
513 132
644 257
217 278
544 759
69 682
914 356
232 175
875 552
500 363
63 289
918 567
59 808
35 642
148 52
469 839
628 670
562 291
85 989
412 43
380 74
311 310
34 438
360 599
606 704
108 476
718 229
409 579
86 547
327 677
372 208
150 503
549 397
900 315
42 816
713 272
261 466
867 704
115 284
463 137
683 27
77 896
612 321
931 45
488 567
10 812
798 868
440 366
22 40
147 252
994 579
742 120
128 18
5 45
532 922
747 441
799 631
197 701
575 817
189 845
160 19
78 582
777 430
895 12
720 613
21 531
529 975
828 878
45 207
0 403
748 376
508 301
221 484
34 78
485 90
163 95
21 48
812 458
641 855
115 369
701 486
584 125
909 65
204 526
311 442
900 719
559 392
28 632
976 429
907 442
259 653
919 604
579 990
531 348
896 310
743 826
644 43
972 759
44 688
38 289
798 629
11 353
505 715
355 468
326 62
193 890
213 398
619 204
891 754
633 635
760 437
731 203
821 190
492 934
173 44
148 339
359 305
321 949
910 623
516 947
573 29
434 220
633 524
862 518
929 643
434 0
83 429
898 17
150 951
110 580
611 641
580 729
895 924
682 233
749 539
507 243
425 550
330 420
711 411
904 716
918 78
205 337
636 898
748 179
437 377
666 516
25 622
358 628
281 228
400 339
265 794
22 449
272 481
62 157
520 119
222 501
318 257
760 372
895 652
496 24
781 580
291 283
866 281
538 949
902 492
439 575
510 765
691 422
964 111
441 693
695 668
410 474
553 750
444 324
40 734
322 401
214 502
543 983
695 583
437 558
101 690
851 299
122 995
392 500
358 122
244 855
265 751
210 441
931 170
536 43
470 901
255 46
832 271
428 411
158 85
871 681
169 915
852 701
142 190
476 896
880 232
609 591
155 83
697 262
0 623
347 39
48 948
186 365
590 225
587 507
462 878
541 688
742 224
925 479
305 292
676 315
324 301
917 489
605 921
791 342
526 821
109 977
275 392
477 629
585 984
179 185
13 529
331 218
153 258
570 352
761 914
437 257
304 533
957 890
178 802
853 436
492 64
292 82
143 726
784 328
159 320
440 851
537 661
386 133
38 317
924 383
261 908
143 366
74 82
119 452
422 499
964 602
757 685
953 57
423 856
712 392
580 356
982 357
177 497
730 206
816 72
517 424
337 623
404 400
668 335
856 627
80 275
43 605
392 610
283 195
935 710
41 431
27 8
734 669
757 836
674 806
618 151
439 312
682 678
232 884
475 691
977 327
961 43
215 475
535 900
859 776
886 9
870 220
446 687
105 944
695 521
4 565
430 584
308 898
20 527
459 893
873 659
300 407
