898 352
775 81
454 726
82 198
105 449
183 458
317 24
434 628
258 541
986 590
646 550
972 845
864 515
526 816
988 991
804 609
220 502
356 321
425 642
557 930
788 640
22 91
350 762
205 190
707 990
484 724
698 295
151 469
661 323
187 763
272 454
761 441
636 58
324 406
717 622
617 938
112 207
192 690
621 40
765 18
621 489
936 209
617 472
316 965
982 471
224 681
712 569
297 624
49 841
689 606
391 838
353 530
142 176
994 462
699 154
121 736
337 369
579 222
33 328
575 949
69 601
305 577
634 56
325 78
916 166
138 694
890 540
454 875
277 965
40 70
372 2
800 820
159 670
992 557
825 420
941 690
515 326
770 253
585 155
40 913
92 83
55 501
923 79
530 994
12 226
786 968
704 236
581 73
793 818
864 608
369 602
653 853
815 425
343 783
368 740
479 189
39 335
635 742
524 802
329 823
372 41
722 408
727 982
839 318
848 930
106 600
943 874
402 572
620 778
454 569
724 773
334 637
708 195
523 24
525 660
108 237
106 729
50 428
933 925
964 65
907 636
663 844
399 572
527 843
802 594
114 951
976 798
443 632
547 952
847 111
802 900
115 718
72 673
269 105
729 23
599 776
362 783
401 883
32 415
832 823
742 564
985 233
978 54
77 160
209 556
661 374
999 499
588 996
480 53
322 631
789 477
347 641
694 430
54 792
961 49
567 425
249 576
809 76
510 997
295 665
298 822
518 910
778 805
548 476
350 719
942 938
553 92
60 906
612 366
134 165
415 395
383 900
442 782
308 660
691 428
656 225
228 607
531 80
930 425
128 869
232 65
160 469
294 547
703 346
922 989
707 326
277 290
227 476
928 823
882 514
898 994
491 405
372 152
780 930
372 1
810 530
72 367
924 235
436 374
520 10
774 450
393 429
822 886
918 197
607 277
155 192
336 0
973 931
977 229
718 633
705 627
344 562
485 658
79 123
603 148
408 646
249 146
794 199
261 807
103 138
202 795
934 633
564 78
960 734
831 781
686 472
798 336
700 352
618 757
1 610
242 451
743 156
150 676
131 536
429 80
43 832
260 189
653 782
295 546
959 917
161 561
99 824
966 312
502 574
714 992
512 115
229 387
532 261
317 7
968 54
617 776
305 986
322 887
622 280
874 264
961 785
142 573
800 287
7 384
675 227
397 799
892 933
116 348
765 493
708 387
701 962
868 811
916 987
712 716
832 290
419 353
509 304
835 919
496 889
631 368
40 998
786 223
601 803
633 606
270 221
741 841
680 679
846 563
351 92
871 543
492 533
174 797
877 128
284 389
156 748
858 329
926 328
71 890
260 493
183 734
183 573
634 274
938 506
175 27
262 271
649 653
716 651
677 359
342 108
296 771
904 147
955 691
320 67
980 585
816 511
319 165
225 642
441 716
186 114
381 226
561 637
759 884
98 144
741 854
331 453
794 912
871 561
469 492
656 644
140 779
235 49
369 500
841 779
332 618
838 595
904 769
677 269
114 885
308 775
7 137
18 132
352 382
337 220
238 74
540 960
587 73
940 637
505 793
690 856
791 481
974 39
140 860
242 485
736 824
283 324
191 660
450 698
786 964
86 932
438 524
877 751
586 914
922 476
955 320
907 552
348 441
360 358
96 676
760 846
949 405
232 751
814 981
121 494
350 798
359 682
491 577
299 272
302 732
261 930
804 614
648 264
593 47
370 474
158 794
169 967
195 910
307 156
349 786
889 807
392 985
157 667
755 256
508 660
202 132
743 499
658 753
382 196
314 654
743 848
142 924
729 588
140 271
945 222
75 787
8 370
936 944
866 824
805 139
692 311
385 929
1000 859
362 142
369 189
114 13
639 937
488 789
407 363
412 979
55 267
883 241
362 703
826 614
332 782
859 929
724 684
2 513
333 540
16 803
354 938
284 49
619 668
52 848
133 438
468 358
3 725
907 855
578 480
894 410
789 391
377 563
252 784
7 501
367 707
810 630
338 273
130 133
827 723
425 517
859 280
475 594
243 293
237 388
278 256
309 799
874 78
966 92
316 250
719 717
848 596
144 976
234 297
974 312
848 242
811 303
344 203
636 131
34 224
810 700
427 535
618 45
389 79
333 540
178 378
828 896
458 863
230 272
304 987
130 908
563 93
406 409
539 414
237 391
268 908
465 415
369 735
58 105
789 488
450 570
411 324
898 51
231 1
581 988
881 438
987 750
429 42
37 932
20 22
435 33
536 158
49 436
846 170
813 369
665 615
97 518
541 727
151 846
120 228
630 611
288 144
176 228
507 888
197 628
628 198
699 83
923 324
888 131
646 923
920 862
948 120
535 597
974 309
562 719
120 514
66 399
397 985
55 496
637 538
336 608
630 312
770 909
535 66
454 567
551 557
75 178
324 237
691 763
488 790
155 668
148 120
63 251
101 793
463 737
311 532
599 597
561 314
627 832
736 744
620 53
294 20
784 141
844 578
740 986
762 898
416 707
251 925
872 102
280 991
457 559
83 428
496 637
378 777
901 37
862 214
900 601
245 620
769 301
988 549
238 364
936 240
875 803
364 867
706 400
831 1000
356 325
333 959
195 396
761 363
747 717
124 377
144 243
12 656
18 867
142 731
54 754
989 242
125 113
349 306
471 838
888 986
750 291
42 686
733 278
793 666
775 9
306 971
354 43
153 280
552 977
243 138
421 959
107 490
642 930
308 518
763 513
553 924
383 851
702 649
718 157
977 741
525 818
606 595
3 235
536 983
537 533
323 884
250 435
810 408
637 135
486 197
764 205
870 799
540 601
662 992
501 675
601 633
184 192
878 815
227 293
205 753
895 588
311 914
588 271
235 365
380 329
630 993
189 115
558 274
768 188
388 532
672 506
325 103
566 569
56 103
288 62
728 374
845 926
871 60
717 540
789 239
57 408
160 587
796 903
420 319
350 601
163 522
549 263
31 362
616 420
807 305
50 568
756 577
496 286
659 817
374 215
185 75
41 549
686 528
339 521
849 681
213 543
136 93
421 189
32 775
949 99
155 613
686 774
402 664
925 957
52 241
214 246
621 825
117 66
352 304
166 801
369 263
926 843
546 986
747 413
14 174
530 957
278 68
964 574
360 844
17 297
381 25
543 260
632 957
820 130
422 185
181 614
891 83
780 652
884 827
521 478
376 480
46 190
90 892
151 804
755 637
260 503
899 207
968 696
501 586
382 704
497 572
978 186
302 537
831 68
333 98
117 338
381 384
459 876
101 13
821 120
278 773
655 120
851 240
902 770
976 581
737 200
159 173
333 939
935 647
699 522
653 138
5 334
427 943
825 487
847 122
258 628
34 72
156 62
831 920
589 884
288 372
499 102
657 201
403 672
817 425
504 944
952 569
839 266
81 113
292 517
193 993
227 528
727 66
3 425
471 562
961 509
477 762
163 98
840 5
639 64
838 884
665 920
457 380
127 44
122 281
822 627
312 927
802 534
178 487
422 975
778 642
113 843
786 118
665 36
240 73
487 745
25 262
589 817
465 645
464 934
359 112
482 969
849 536
339 720
586 697
694 204
623 87
985 962
761 365
779 878
963 970
449 156
170 575
403 759
857 232
18 333
802 706
58 570
833 782
900 454
549 471
93 396
801 51
843 679
266 491
971 89
936 291
942 545
497 889
27 929
697 213
633 773
352 21
979 936
685 674
892 444
559 461
298 79
499 811
169 255
745 713
814 244
471 5
168 971
591 167
668 724
192 834
607 615
650 406
130 554
106 703
513 440
648 98
232 307
342 411
773 180
0 544
879 196
527 160
204 700
73 364
821 337
754 464
469 762
879 333
902 875
195 999
355 392
582 712
481 771
955 551
785 737
325 525
218 200
650 506
960 173
560 42
987 18
526 759
282 106
793 427
810 578
406 766
711 302
439 883
531 199
572 69
137 33
69 686
621 781
38 810
33 997
771 526
347 912
538 5
211 280
504 925
496 745
486 798
443 783
573 445
719 591
753 558
618 835
305 93
886 368
56 542
486 620
899 569
600 421
940 517
508 390
920 470
504 778
49 672
768 704
345 977
15 864
273 610
739 856
600 140
234 637
564 496
834 723
242 954
778 393
489 131
260 893
53 903
638 197
81 537
755 197
406 11
855 127
623 841
517 470
803 355
877 797
744 56
51 871
879 983
489 336
486 661
837 987
181 580
85 603
845 228
956 834
313 110
599 724
759 132
261 525
984 818
932 195
356 711
713 387
473 767
366 63
267 928
881 15
848 113
8 498
179 101
192 893
974 105
756 945
26 161
618 408
682 112
325 907
492 33
416 815
272 885
599 608
833 790
524 910
156 358
163 30
572 951
773 178
492 147
542 133
762 177
279 236
675 289
627 291
495 688
318 234
273 820
447 955
706 645
468 297
70 670
422 820
920 428
996 294
0 256
173 766
71 313
198 966
42 40
487 109
406 926
435 136
403 195
720 772
301 263
193 314
209 494
836 787
355 428
483 387
195 744
501 872
114 744
173 735
40 168
358 904
507 214
961 320
460 197
360 370
96 506
642 351
475 550
425 111
5 307
892 978
643 130
222 927
870 551
726 533
253 216
930 939
722 33
840 242
873 561
456 677
847 688
498 168
779 560
201 895
619 580
955 968
784 537
390 446
145 459
870 814
402 36
703 382
536 186
444 315
709 499
336 895
346 372
984 352
237 536
72 920
356 143
839 80
659 24
889 149
453 795
379 891
119 502
226 728
238 896
609 654
370 575
835 352
481 121
285 673
422 98
197 16
992 22
975 744
817 281
87 854
950 279
156 854
431 369
859 170
275 321
176 619
94 78
574 430
949 22
714 50
560 642
128 65
994 320
644 506
982 215
492 226
592 631
201 218
616 343
842 111
535 516
199 410
3 952
484 541
654 517
59 956
189 847
258 601
157 654
696 371
109 195
86 712
426 470
18 853
167 976
179 696
931 913
884 900
145 626
494 687
628 747
618 314
794 448
126 144
17 178
336 945
128 431
386 902
435 497
516 627
435 67
181 606
752 855
957 929
839 236
837 959
997 443
882 533
373 237
582 66
141 879
723 708
819 218
909 572
257 219
270 125
284 418
733 310
62 419
473 733
705 663
273 236
268 725
117 104
210 486
171 629
192 575
524 568
357 157
372 298
928 282
240 963
703 935
318 160
876 491
99 295
586 898
360 888
492 606
800 876
888 324
771 133
108 501
405 21
411 481
115 964
681 581
885 600
183 426
408 602
498 546
535 230
645 525
761 381
971 882
178 378
162 707
302 434
339 329
280 728
704 311
872 551
167 681
799 286
116 109
48 222
687 294
132 309
709 903
329 727
222 10
250 793
685 604
891 892
244 809
839 166
186 566
774 815
69 894
120 5
723 797
33 781
165 548
383 104
402 77
458 520
264 527
775 920
658 815
602 885
552 682
418 694
235 208
312 660
555 414
610 748
533 188
76 64
279 886
339 888
293 807
1 832
190 265
97 572
162 747
457 431
508 781
522 923
831 441
971 673
669 453
287 198
491 830
346 592
91 748
52 559
506 406
781 345
67 114
386 677
873 440
290 42
583 638
413 354
755 369
772 310
895 760
758 973
163 520
669 383
106 381
523 623
435 611
989 927
322 595
447 249
86 457
822 73
419 628
510 386
525 594
388 576
591 254
255 70
