634 968
101 162
849 530
427 26
780 438
360 369
423 927
11 794
33 777
355 234
950 554
140 453
5 46
284 760
315 128
939 682
780 718
392 891
39 578
422 845
645 228
280 921
609 37
911 643
133 39
473 928
772 229
273 619
459 106
616 489
102 279
921 319
0 500
317 238
491 45
301 657
565 427
312 697
708 657
96 858
266 710
99 604
896 35
641 548
145 52
855 157
767 441
167 554
982 191
173 569
2 767
165 292
86 155
972 534
549 28
717 796
671 3
572 721
86 39
858 479
515 836
801 680
117 464
146 609
312 639
919 328
881 954
885 25
41 431
159 795
209 833
857 925
26 651
639 933
100 317
480 845
929 719
309 950
42 91
333 100
826 572
844 758
724 379
455 448
576 754
683 476
149 968
896 147
823 526
595 155
941 495
150 14
931 487
324 739
888 640
442 217
61 561
482 446
523 794
784 826
80 517
82 661
539 291
321 660
819 319
614 157
338 576
955 615
975 707
544 866
89 718
266 82
898 725
282 618
30 543
875 372
22 934
11 741
877 660
875 853
380 231
34 841
246 872
210 70
17 45
872 531
525 619
31 649
738 915
32 759
719 212
584 120
429 373
261 694
279 952
997 461
846 942
62 909
26 168
429 371
309 69
741 407
379 520
95 97
592 693
284 939
413 658
751 705
778 8
772 407
784 67
122 95
808 20
635 410
436 211
864 104
24 571
403 966
126 113
327 216
336 573
81 194
4 457
452 300
423 758
15 488
441 914
798 497
940 952
195 556
258 152
876 310
878 86
354 734
23 959
271 526
620 289
176 157
277 476
49 973
277 61
247 811
105 86
690 430
1000 654
791 530
144 295
437 933
369 970
515 875
4 941
776 980
229 802
593 706
358 322
888 566
119 134
875 573
284 578
25 564
388 838
882 657
732 0
725 23
91 171
783 286
768 7
378 388
304 284
38 488
850 415
698 984
204 414
463 366
507 151
675 170
621 585
106 242
146 452
827 943
728 363
762 95
80 170
607 53
632 542
501 673
228 420
691 46
761 661
752 899
921 187
199 672
863 927
430 88
281 882
759 167
216 650
684 830
816 2
251 958
241 67
731 21
785 599
276 189
867 863
19 873
277 979
769 164
478 296
471 383
867 51
136 854
505 780
704 12
566 10
392 70
854 381
954 439
100 589
666 157
18 21
224 797
25 272
104 278
896 473
298 185
403 169
234 783
701 766
51 208
644 570
801 870
402 723
809 568
740 92
566 724
756 888
14 712
212 488
885 300
100 119
392 233
730 350
929 113
454 299
311 125
222 399
902 521
701 659
640 498
488 186
200 271
952 725
247 982
914 329
439 621
779 70
988 443
528 883
573 216
721 782
913 585
55 996
173 678
785 233
6 964
2 892
511 528
19 293
165 195
185 828
864 413
591 534
144 856
173 117
66 433
569 917
419 812
675 221
613 703
51 923
222 640
101 156
877 319
461 735
355 49
139 879
621 864
211 678
948 985
997 552
458 783
230 917
605 359
841 116
859 834
96 553
396 19
506 877
863 710
894 988
421 41
384 815
499 188
102 298
749 311
124 221
671 591
869 694
950 327
994 489
327 966
325 166
63 150
911 764
77 135
912 773
179 736
787 451
445 607
547 524
614 919
538 800
645 173
554 983
376 356
605 850
173 175
52 337
110 8
261 850
532 983
854 506
114 727
703 708
574 438
394 71
675 296
252 654
132 31
531 564
314 138
76 297
895 254
468 796
696 457
326 679
564 522
765 57
13 913
940 194
203 494
756 294
486 98
870 760
786 79
817 96
665 569
572 885
522 92
341 931
318 921
272 371
739 639
474 358
421 494
723 863
189 959
32 373
878 401
826 776
840 436
808 496
253 477
599 721
307 692
476 776
906 272
707 34
670 894
231 159
647 709
595 310
581 263
63 725
116 95
556 223
619 122
664 266
91 917
753 443
258 940
771 589
868 717
818 390
991 531
953 539
955 990
615 308
220 385
566 963
512 228
815 835
823 705
75 405
624 256
975 1000
726 502
257 191
807 34
949 295
596 141
650 321
997 435
673 653
655 640
416 589
811 534
384 556
424 132
862 751
469 1000
580 975
283 558
958 731
467 596
115 813
736 873
276 363
932 324
596 104
361 747
352 810
189 667
923 769
373 150
794 716
809 362
817 520
969 768
231 541
127 985
892 87
388 248
91 895
738 438
969 758
860 643
378 278
218 230
338 229
614 780
678 640
476 597
184 251
675 806
372 739
740 173
264 995
838 998
160 235
158 840
856 704
812 840
893 339
430 477
950 922
197 711
676 396
443 909
825 245
145 749
227 375
949 181
939 971
682 504
558 284
900 936
353 68
7 141
551 953
389 741
517 126
543 680
186 816
652 549
639 982
412 343
19 310
297 741
674 224
918 542
828 515
699 88
376 211
111 665
959 430
312 90
481 881
54 378
1 584
956 216
833 889
977 195
868 278
641 91
753 359
552 271
351 523
361 664
89 476
114 338
480 524
435 600
176 530
410 515
283 27
599 261
478 92
888 476
892 368
912 636
880 688
347 251
483 979
46 54
362 693
203 973
957 212
882 895
590 991
409 138
785 737
440 220
937 807
407 175
233 436
577 503
868 509
678 23
504 783
895 768
525 148
111 859
565 46
716 608
720 217
727 612
415 737
981 185
344 288
177 942
719 554
56 161
505 417
962 607
934 914
839 730
477 993
897 380
222 760
415 619
383 567
518 796
130 907
393 967
791 460
305 290
373 919
923 627
962 613
411 710
556 242
407 59
757 342
355 894
693 506
880 923
688 912
316 527
233 719
613 38
82 149
238 929
32 560
522 459
596 956
194 493
554 152
670 192
121 5
741 576
151 544
948 62
827 37
494 665
891 139
703 142
344 650
799 726
547 580
143 266
809 891
491 169
318 263
488 107
666 816
819 184
188 861
973 338
868 368
940 53
85 428
822 550
572 80
782 629
463 103
729 160
968 126
226 751
544 511
105 529
429 123
886 341
717 409
757 847
71 721
540 423
911 100
648 424
325 128
711 493
400 812
271 227
814 914
93 264
145 837
788 452
660 114
599 466
776 257
445 554
59 796
233 435
66 528
689 238
386 449
95 608
886 918
95 610
345 221
981 171
928 664
293 703
672 29
783 990
707 510
908 670
214 406
422 20
502 258
706 312
815 199
307 576
759 838
464 343
27 867
416 494
67 298
290 219
713 497
32 742
482 608
114 579
382 255
323 604
388 622
714 384
680 898
485 604
395 948
381 250
833 271
285 208
846 746
37 41
98 493
104 709
856 627
187 482
376 225
155 336
741 240
729 571
799 899
771 963
778 476
884 535
783 139
3 478
239 278
30 135
944 921
416 353
441 963
907 61
108 460
513 67
96 913
474 88
318 758
579 651
10 298
598 1000
239 183
536 857
478 915
713 224
83 619
29 288
789 801
111 186
895 210
662 334
0 800
623 73
788 674
274 458
605 475
304 962
648 618
129 449
519 824
331 610
243 870
809 144
108 816
480 643
760 128
826 289
487 64
815 753
767 222
6 987
301 677
363 956
946 859
59 156
173 208
871 420
461 293
750 77
43 668
359 797
835 645
531 478
912 691
573 941
932 461
765 218
964 959
463 821
136 67
620 701
619 63
213 580
793 587
79 756
814 2
82 371
223 229
257 737
677 113
80 668
52 306
657 486
423 513
464 209
36 475
155 328
915 159
1 397
605 162
143 114
385 682
883 334
793 461
956 393
566 864
811 193
16 943
824 849
890 221
122 87
436 512
338 188
109 451
372 714
543 72
808 7
258 655
828 385
172 88
687 678
784 731
68 289
180 295
67 407
85 797
819 852
993 835
537 489
395 532
758 780
24 14
434 309
930 218
467 471
889 860
969 26
386 315
246 144
473 893
327 898
650 870
25 146
581 215
953 436
762 473
799 637
440 69
522 830
752 704
297 196
66 822
983 125
365 442
633 60
268 911
200 783
157 277
762 927
216 973
480 710
63 795
334 415
219 99
401 607
718 553
844 638
599 22
254 169
119 113
514 761
57 798
609 217
828 312
797 324
292 398
176 134
594 298
933 677
668 303
88 97
727 789
381 463
527 263
981 238
951 289
580 781
784 137
744 735
260 103
434 625
675 43
63 345
410 640
317 679
935 638
337 334
269 518
913 603
782 626
322 615
970 365
100 818
805 677
530 287
482 859
965 457
34 518
293 657
111 295
826 31
238 758
275 336
221 0
973 976
965 8
238 814
181 631
660 855
435 821
208 472
979 410
356 858
651 367
26 662
261 291
784 585
815 233
533 392
256 511
106 185
58 564
153 160
920 252
827 536
302 765
478 471
35 734
608 887
289 489
547 664
256 624
971 440
417 888
494 596
492 23
581 916
109 767
900 306
839 291
397 334
644 413
185 20
802 166
140 268
402 385
622 105
391 460
539 351
904 69
473 226
826 659
723 82
403 977
860 480
435 32
854 642
15 491
378 30
33 513
791 704
369 560
291 48
961 781
846 343
77 413
914 438
900 577
231 948
489 883
946 986
515 840
931 703
680 250
480 38
529 290
309 873
449 81
551 189
224 299
950 308
227 850
702 399
69 880
765 141
226 40
33 654
568 421
42 550
222 218
281 740
211 95
105 667
695 215
932 136
818 987
601 714
564 200
579 857
269 744
912 79
827 796
844 925
268 333
566 321
597 885
172 584
126 345
3 588
21 64
602 506
457 617
673 339
586 209
413 731
943 354
924 875
710 447
330 2
909 766
154 784
428 78
293 587
655 754
450 55
455 323
281 267
605 209
638 371
512 517
445 617
445 729
180 487
30 137
815 758
169 304
837 583
45 890
46 289
914 459
431 712
710 253
453 168
660 627
918 520
593 897
58 515
763 733
511 112
817 125
886 516
158 652
531 300
78 591
28 794
326 846
752 534
848 904
472 62
609 319
344 819
386 908
659 599
786 929
488 407
596 611
821 336
170 303
322 856
225 479
721 263
858 888
559 956
984 747
998 978
870 39
303 940
819 954
854 395
749 261
828 356
122 85
561 516
793 175
0 890
337 606
658 370
487 537
640 309
320 977
350 209
246 807
929 363
557 336
810 142
408 113
168 365
211 291
738 433
533 989
580 34
542 920
837 531
766 531
250 827
145 109
356 113
931 96
387 369
926 293
410 537
159 284
899 868
894 74
993 300
746 82
153 148
314 319
244 905
221 224
191 795
586 385
501 656
779 952
275 388
826 752
609 531
927 55
421 111
353 410
930 633
297 32
843 3
806 230
88 926
635 208
218 191
923 115
49 393
490 317
167 590
417 637
889 818
768 613
431 205
588 451
608 633
899 869
336 845
42 188
456 635
298 6
657 175
431 956
508 721
193 419
652 856
193 720
153 787
650 898
240 49
234 154
825 702
158 121
642 690
288 419
23 987
135 595
220 759
754 252
149 144
896 229
736 665
849 809
95 368
899 37
22 570
540 169
46 742
529 5
335 618
684 567
413 510
319 594
298 834
979 592
714 15
550 350
504 144
325 934
261 453
362 751
93 515
632 332
738 230
110 630
719 956
562 145
112 320
988 930
408 274
121 555
245 50
432 283
670 669
495 819
94 32
688 621
5 692
70 972
277 174
832 833
325 794
652 398
602 188
752 406
876 211
712 707
847 587
276 77
747 570
59 849
732 393
926 890
286 88
969 76
896 339
186 888
897 431
398 52
1000 676
86 836
832 922
99 165
846 913
823 809
848 900
918 824
251 856
902 534
289 602
127 955
816 864
497 951
634 130
567 630
280 842
798 337
231 331
967 353
173 78
76 469
545 176
483 299
264 763
566 167
955 147
491 277
560 37
148 208
496 830
707 403
332 426
54 336
307 706
798 11
912 392
315 86
403 309
624 117
919 844
569 988
384 328
114 775
164 475
102 226
984 201
631 810
509 792
909 112
879 718
558 211
807 193
428 919
296 609
217 798
311 530
673 728
397 70
102 796
612 935
40 983
375 551
902 32
767 783
390 622
83 867
574 97
269 550
821 108
526 607
719 145
366 866
568 109
888 308
391 776
391 25
405 818
433 939
61 650
417 601
610 68
534 702
958 517
197 387
680 493
401 718
851 180
102 329
415 150
187 768
765 821
122 427
894 929
92 911
256 987
118 514
144 185
256 199
352 434
172 726
461 407
129 63
658 684
612 606
263 109
854 863
8 974
672 819
14 168
225 157
924 230
291 747
799 946
524 804
701 348
776 130
947 58
155 529
817 286
506 416
429 274
528 331
605 303
412 965
352 360
368 101
603 383
554 127
197 337
23 159
758 694
734 487
347 555
996 8
972 797
621 922
222 654
803 256
979 350
540 140
328 349
921 815
364 262
323 825
197 831
646 201
716 534
689 852
808 625
317 565
248 316
574 696
353 280
360 139
88 484
707 273
864 114
933 259
676 992
770 829
923 185
993 667
33 551
196 475
372 432
963 34
416 218
799 976
47 254
687 855
813 860
779 805
181 913
9 170
104 109
60 115
236 442
538 912
693 164
543 759
164 308
624 75
289 822
131 227
131 906
178 225
571 969
734 566
857 637
621 625
319 417
710 38
876 248
322 853
654 548
731 570
252 551
592 490
675 906
143 58
383 488
352 177
849 699
595 879
500 662
924 489
754 78
460 822
860 713
155 908
450 597
542 278
262 914
858 957
289 665
378 484
189 849
285 923
462 655
362 366
1000 543
974 658
793 398
923 131
384 251
252 905
581 508
661 350
74 100
192 522
278 784
335 778
107 994
408 352
334 863
913 302
724 900
102 829
213 900
78 616
320 94
360 313
679 580
598 764
104 581
66 40
398 175
974 982
957 204
508 516
492 209
41 940
723 391
760 575
554 951
216 396
958 757
863 640
162 157
5 489
107 726
747 53
739 677
732 18
543 117
964 999
779 494
325 107
4 477
998 116
328 537
422 198
743 227
492 86
370 925
695 713
618 267
671 333
921 28
444 240
753 334
261 975
106 758
64 108
684 150
364 792
0 128
127 191
954 96
184 726
842 841
756 662
580 444
312 813
185 679
46 780
844 628
214 334
461 464
829 430
895 409
203 372
438 532
771 534
581 562
493 343
22 626
303 913
655 508
646 766
434 711
779 1000
745 900
88 666
185 841
579 593
999 317
346 757
541 678
590 736
492 460
252 1000
572 573
867 797
240 511
560 380
652 961
627 77
926 820
477 855
481 279
692 307
856 573
962 222
500 654
517 300
201 701
152 140
423 843
