636 657
475 315
865 408
704 462
511 468
199 752
542 123
88 1000
211 502
793 377
250 836
368 772
144 480
533 586
3 173
265 959
702 661
61 789
738 675
978 448
883 299
894 741
871 305
127 800
182 316
799 441
558 29
527 65
951 351
737 19
153 924
624 520
227 436
111 442
744 516
538 720
859 385
959 675
248 956
944 440
618 917
353 381
219 530
792 878
842 307
800 775
410 589
610 998
950 507
482 971
249 413
91 204
36 350
821 551
978 202
146 284
156 40
306 851
876 532
989 602
243 215
426 393
79 341
735 207
991 303
228 510
885 603
46 623
749 327
231 717
747 193
290 629
147 263
690 925
334 401
680 766
223 504
501 357
802 600
402 912
312 392
483 487
645 620
844 932
123 381
471 642
999 597
487 860
952 270
805 86
314 250
429 40
906 475
556 630
848 439
356 957
692 639
865 494
507 815
911 668
70 195
373 736
831 905
869 447
655 138
206 948
302 889
827 225
836 976
384 307
878 738
996 754
677 126
138 110
172 859
919 475
442 385
172 482
13 220
333 778
549 39
536 18
164 420
648 525
215 573
625 511
70 194
253 450
670 516
212 189
667 819
769 733
532 598
897 120
87 974
388 148
874 575
323 700
310 101
921 788
446 107
678 691
787 492
823 727
414 254
765 350
845 104
187 724
509 267
730 880
925 342
941 392
763 794
333 550
903 747
933 815
516 390
983 125
304 231
495 100
224 359
647 287
902 278
154 918
253 761
292 597
791 630
87 834
241 177
868 323
853 77
713 737
980 31
288 644
40 329
894 683
827 476
346 44
316 415
868 480
330 256
490 246
949 422
976 684
627 122
41 346
582 892
110 117
489 766
440 122
742 331
828 551
312 9
801 2
11 307
14 635
41 995
67 722
859 340
305 260
430 891
788 757
536 661
150 745
659 317
662 986
675 502
844 297
35 126
494 445
190 216
253 134
951 785
253 244
535 368
554 700
443 830
771 350
183 896
1 664
793 17
350 69
715 47
804 630
705 632
184 6
105 833
942 398
172 171
363 900
959 661
40 964
270 83
842 998
289 147
52 752
919 954
378 343
361 634
536 991
251 630
758 799
156 188
220 190
921 116
161 462
586 786
799 889
258 915
644 628
664 539
639 135
457 467
921 822
392 156
558 819
304 671
482 936
890 640
559 852
571 652
524 349
422 323
456 699
233 689
586 894
544 710
95 159
442 36
572 752
105 783
196 236
212 105
297 798
584 318
830 689
510 490
91 970
981 382
194 484
303 150
339 687
427 891
829 826
638 139
182 28
126 109
983 661
858 690
676 960
486 500
933 700
903 211
323 412
514 882
708 946
566 978
1000 440
616 522
14 552
995 105
817 751
323 80
778 765
884 661
927 949
868 406
958 1
465 169
698 839
272 544
660 434
357 175
1000 845
703 998
413 272
19 9
595 706
824 554
110 781
454 272
765 107
780 301
177 202
818 837
391 288
179 954
440 374
747 611
484 430
333 900
2 713
568 69
620 901
172 643
576 283
130 141
802 334
182 740
763 193
932 828
244 912
195 855
117 817
354 758
587 123
577 969
61 187
195 21
847 955
433 321
680 418
205 829
766 9
139 101
718 449
390 179
511 384
939 664
594 165
504 920
490 432
796 933
636 414
520 123
8 540
521 430
411 275
584 265
953 968
788 350
617 699
271 991
141 247
903 470
608 839
65 868
424 587
34 452
477 987
631 574
135 885
424 668
378 497
126 181
506 596
524 868
540 626
489 943
8 287
244 307
19 138
595 979
154 733
293 876
140 183
847 973
567 770
967 159
433 883
114 438
578 682
344 248
546 305
970 547
907 368
524 526
69 405
674 270
521 379
600 86
964 629
246 317
20 692
96 832
41 940
624 545
570 415
292 683
319 903
470 858
64 879
878 819
375 644
204 208
148 438
670 601
27 675
388 876
112 541
164 759
496 554
254 308
591 476
174 911
662 728
437 841
994 87
252 13
663 228
319 848
895 525
475 17
687 846
363 842
471 41
106 349
291 851
280 995
254 363
580 290
473 52
230 994
536 368
167 415
449 461
777 664
780 321
385 691
643 996
124 446
402 284
908 469
778 634
25 524
175 647
4 536
520 12
552 701
532 448
117 416
316 493
767 683
579 765
524 185
837 576
409 63
0 967
582 627
798 244
481 113
443 773
256 781
880 101
63 812
623 293
207 108
948 984
119 599
147 980
213 846
565 572
463 401
903 683
494 40
768 984
239 669
963 955
932 743
973 697
4 540
710 403
442 396
966 434
737 592
30 777
140 993
783 805
464 941
572 655
642 88
930 923
908 173
627 836
435 451
104 366
561 310
936 514
504 596
901 753
586 944
646 359
113 873
726 192
327 527
93 808
196 9
105 301
661 131
611 997
497 73
875 543
868 482
150 535
122 298
152 781
11 166
9 30
508 924
91 790
603 203
346 758
293 281
427 669
93 141
972 609
906 921
339 691
114 830
893 73
559 303
706 578
487 704
486 302
370 123
709 231
728 922
799 614
681 567
196 338
590 154
941 119
184 489
574 153
872 733
444 1000
155 741
218 189
934 594
763 57
629 755
723 962
996 113
207 444
447 758
836 275
161 964
907 606
278 59
275 841
988 420
769 22
810 413
965 506
770 548
538 369
684 959
286 680
760 29
976 794
362 888
856 659
191 557
221 647
486 75
821 302
846 482
613 29
469 859
28 440
15 765
551 983
879 190
356 294
770 983
107 246
799 73
383 391
101 874
451 649
345 157
622 403
37 973
482 799
299 482
239 924
305 195
624 814
957 705
931 57
836 999
214 489
271 162
536 620
862 888
258 545
807 26
62 947
708 586
111 186
895 71
115 456
845 761
804 256
801 626
504 759
1000 45
993 301
545 792
44 354
208 449
526 920
180 667
446 321
745 379
760 694
983 111
305 672
194 884
887 721
199 658
660 373
630 846
441 858
929 960
736 270
336 872
808 658
17 608
56 495
590 801
872 664
585 960
886 729
924 216
308 416
188 451
678 377
437 544
770 717
990 425
516 790
841 653
479 636
927 584
981 957
529 865
494 271
944 28
400 36
938 558
700 379
36 912
434 100
323 861
276 967
454 929
184 394
801 26
586 436
430 50
83 896
518 851
90 596
314 300
695 999
624 407
883 820
6 780
28 959
507 769
456 671
508 611
564 355
599 583
969 760
78 536
443 171
385 242
466 664
710 783
449 873
427 907
519 357
33 361
525 118
452 844
740 453
457 763
235 911
553 411
237 1000
556 187
369 592
933 679
377 816
909 28
689 1
680 252
450 586
273 959
722 155
257 90
234 17
723 316
379 232
400 260
0 360
443 256
489 74
992 935
397 425
671 870
4 4
951 393
48 820
705 60
521 822
283 300
737 557
573 133
304 42
613 239
323 388
975 34
572 947
180 643
106 588
62 132
404 217
647 932
766 683
323 955
685 151
530 948
447 337
64 749
926 891
891 772
188 157
303 915
552 691
7 694
183 5
943 150
203 317
738 594
75 924
460 974
731 876
376 199
875 402
669 459
345 17
87 243
803 63
384 573
470 772
240 686
888 231
410 18
958 514
209 299
909 781
89 901
128 46
941 923
224 427
866 948
493 435
370 125
227 281
278 607
625 9
758 788
793 198
434 994
918 622
710 595
842 515
686 281
998 241
277 544
590 389
841 612
733 18
11 512
416 104
614 181
892 286
892 950
446 191
594 82
691 51
138 168
91 286
324 251
336 218
907 44
434 617
900 853
522 572
51 418
608 84
636 630
959 392
710 481
159 476
513 980
342 119
749 116
714 196
985 138
530 584
264 368
747 232
340 213
891 932
175 96
754 326
453 626
286 511
922 626
598 957
706 687
766 170
201 917
553 895
689 610
678 110
739 990
888 348
160 627
86 889
569 428
972 174
53 891
118 216
97 754
756 207
856 219
116 671
508 812
949 198
187 36
789 189
306 7
900 483
616 554
862 649
301 434
341 691
416 770
887 783
551 528
527 188
55 547
560 433
108 745
520 739
763 430
214 902
203 466
205 711
17 24
686 806
749 990
248 252
783 343
986 79
253 549
595 849
367 936
200 238
56 943
300 258
571 725
828 748
415 922
754 39
206 44
654 656
586 535
303 945
816 794
673 62
170 495
809 146
976 532
514 485
509 417
995 189
598 710
641 785
527 498
752 572
21 920
770 736
971 221
744 801
504 671
383 627
963 593
579 644
170 641
433 519
169 11
50 119
69 657
967 414
540 613
479 344
578 229
273 258
675 722
424 622
36 969
241 102
346 361
313 300
868 539
558 480
390 432
774 207
430 767
815 535
454 615
316 402
62 442
383 365
211 883
389 500
787 626
439 14
905 796
319 49
680 464
843 936
629 984
841 424
454 966
478 346
912 94
716 760
679 880
266 749
870 240
255 263
326 144
74 727
817 912
560 201
401 711
315 107
512 577
652 656
410 640
584 98
930 617
325 169
175 78
580 3
139 360
922 741
474 793
575 576
979 155
222 89
28 181
879 767
285 233
832 427
158 778
326 309
947 777
122 723
582 898
274 409
475 140
814 401
459 721
995 558
512 996
780 588
163 661
2 971
923 170
503 419
70 218
248 468
845 605
737 596
556 750
616 388
613 229
649 608
709 275
959 924
730 630
795 677
439 204
480 271
203 76
630 847
977 985
837 161
677 941
412 76
72 558
333 949
270 819
535 950
376 684
15 135
428 750
611 184
485 117
435 112
273 960
213 524
594 331
119 590
503 93
455 766
268 231
372 952
713 517
24 769
936 111
927 430
36 835
738 302
280 844
554 38
72 189
814 269
105 660
524 45
707 611
634 334
993 519
795 324
862 269
231 687
568 85
953 354
695 12
827 553
177 250
952 237
77 563
66 329
84 586
177 397
776 339
167 141
626 767
702 82
932 242
746 547
712 919
398 413
691 566
254 319
288 423
604 780
670 199
127 693
527 68
264 916
932 880
681 581
411 356
535 957
940 508
63 148
423 253
837 334
62 438
53 188
483 850
159 292
157 44
373 328
578 29
543 961
323 422
187 671
719 442
223 36
406 978
984 52
369 206
260 30
52 757
682 527
888 933
860 202
947 761
824 928
859 74
110 543
276 218
835 41
702 630
454 297
607 992
612 40
919 32
250 174
525 653
397 163
733 3
810 762
676 322
74 635
25 276
386 224
557 681
793 831
750 171
73 217
62 274
88 124
717 299
542 641
21 857
200 828
716 931
380 496
861 303
838 12
780 918
680 573
372 542
685 641
654 928
364 117
100 189
351 932
436 87
846 907
159 21
400 660
967 747
370 917
949 152
525 5
306 795
283 238
888 540
227 915
37 300
336 187
389 895
392 74
899 12
830 92
415 252
176 87
794 584
862 237
873 863
136 731
634 662
501 323
379 933
920 765
162 610
902 793
384 756
718 132
963 739
374 971
431 713
906 889
920 772
227 913
1 955
347 103
577 686
939 846
370 945
366 37
947 919
975 499
853 473
280 41
302 580
114 542
583 564
301 644
145 522
922 204
115 933
601 737
1 633
383 738
245 487
637 942
398 392
712 880
884 149
829 141
619 396
191 136
369 772
672 635
379 174
277 369
32 980
337 564
41 562
364 37
392 211
137 752
202 57
304 562
19 638
327 269
371 345
284 521
570 199
424 125
169 639
501 474
506 762
560 132
809 516
385 419
91 957
784 604
201 886
118 491
547 1000
395 293
726 136
916 981
501 541
454 512
515 151
719 568
52 936
759 766
542 710
632 504
914 488
146 378
323 948
678 59
904 593
443 419
11 206
246 900
347 576
605 110
691 748
347 119
378 344
140 821
807 683
470 504
20 369
758 434
