137 912
994 659
396 25
799 183
950 599
20 112
190 12
671 451
379 782
41 258
564 942
476 717
306 350
839 687
449 620
781 443
142 847
686 930
989 218
397 84
134 849
872 537
883 601
989 902
193 645
8 722
326 893
881 108
514 293
390 542
152 68
78 317
201 361
348 73
944 490
725 883
477 962
688 101
312 244
420 199
935 505
496 471
757 500
981 528
318 379
676 781
515 351
591 441
274 460
538 197
904 955
546 603
945 847
162 739
862 24
580 871
286 867
880 853
551 14
550 81
810 112
20 868
256 920
621 668
105 871
159 647
168 427
951 440
210 285
782 370
871 902
193 615
861 194
72 329
212 108
593 152
520 424
975 784
495 667
384 548
5 587
799 994
561 118
973 785
280 31
513 724
502 492
903 196
604 92
395 1
584 715
581 249
24 578
423 888
501 180
987 674
183 911
417 776
328 116
549 244
377 789
760 515
343 414
738 513
339 15
448 933
999 902
588 902
119 925
663 838
924 112
509 319
535 214
29 309
981 740
483 845
125 341
323 265
332 554
848 807
476 586
168 764
124 353
647 32
34 891
190 110
224 345
304 886
744 393
296 143
265 423
237 430
718 134
443 520
215 324
770 330
635 792
406 617
423 157
526 237
540 483
792 632
248 196
674 625
288 575
782 181
733 860
906 861
986 529
527 427
786 222
386 250
601 526
56 138
861 721
602 714
190 299
284 848
252 230
232 613
547 604
841 297
835 491
983 328
987 284
898 610
608 646
563 849
102 115
591 280
811 460
540 99
633 197
617 868
905 570
743 467
85 220
85 60
324 950
906 854
564 808
246 751
590 465
212 93
27 169
799 915
106 536
44 10
969 887
207 810
806 884
579 144
711 361
218 918
522 879
735 870
109 895
606 133
278 322
449 601
904 683
799 792
439 768
36 933
831 419
346 681
189 206
979 722
255 471
901 182
578 68
508 387
387 314
876 903
389 903
605 897
630 841
110 253
657 535
423 474
349 238
374 769
324 192
257 257
197 193
399 258
898 417
284 473
610 433
665 44
71 828
249 148
738 293
323 76
921 780
323 738
159 610
421 957
424 997
849 303
209 591
639 94
133 389
293 536
223 385
727 238
726 403
564 850
361 201
917 180
241 402
931 122
406 976
381 166
800 234
655 722
416 6
275 153
590 28
507 718
742 622
47 939
665 954
974 440
470 104
512 804
426 71
22 484
891 18
226 118
106 656
582 683
610 80
775 926
805 344
524 578
180 462
894 367
145 523
462 849
539 3
395 573
25 778
495 480
322 819
420 732
434 750
232 15
438 880
299 615
378 888
540 343
613 629
469 667
101 712
210 325
1000 86
582 111
314 582
881 364
79 71
400 692
201 699
965 855
566 828
514 283
997 207
756 176
721 797
586 331
461 238
621 836
613 667
313 152
3 949
565 627
280 463
639 14
46 188
73 926
164 14
445 835
822 150
152 955
741 857
341 743
551 393
223 123
954 704
207 908
94 773
360 320
644 462
58 262
504 229
305 187
869 491
859 765
937 126
56 738
611 912
594 277
274 915
918 292
707 824
784 301
657 263
797 115
942 495
813 887
146 302
836 750
643 869
958 297
920 987
405 988
490 67
378 173
220 139
521 64
676 918
765 342
832 189
288 332
364 398
757 930
877 252
544 566
933 721
983 8
335 259
966 993
502 267
972 653
270 705
351 447
760 906
392 187
33 534
710 237
297 973
979 733
340 94
255 649
170 746
888 987
924 892
837 80
402 682
326 986
405 573
363 245
488 476
379 400
767 112
108 449
282 534
970 928
105 644
969 759
902 556
450 552
148 137
949 65
991 835
605 788
602 662
906 764
935 654
12 183
496 484
375 106
280 808
892 487
472 925
830 639
1000 813
88 159
557 968
447 107
940 947
17 9
72 1
596 471
17 947
552 42
999 838
362 696
121 87
754 408
559 954
349 324
100 359
216 907
731 830
408 875
296 652
970 508
579 774
498 532
666 410
84 574
393 668
113 799
68 88
554 393
977 162
643 992
129 605
505 479
828 269
4 318
507 106
259 917
206 91
281 951
576 748
957 488
393 793
888 713
913 330
517 16
801 13
248 339
108 17
335 612
135 520
289 937
50 869
583 958
139 368
902 430
668 104
146 478
66 657
21 627
144 179
138 740
299 561
644 341
209 261
416 427
96 541
136 700
191 900
407 672
944 249
106 921
269 985
180 704
351 536
930 209
947 515
657 425
721 45
258 539
603 566
963 896
189 800
811 708
425 339
95 651
477 472
126 916
108 126
82 967
491 553
575 799
572 74
607 764
437 177
767 868
918 149
7 71
457 206
465 825
876 103
78 982
184 880
343 146
350 938
671 289
546 290
634 285
924 424
989 747
843 657
705 698
586 455
989 253
201 331
428 845
262 843
938 312
521 633
605 94
276 941
927 138
590 515
18 102
56 60
844 650
62 967
590 751
508 969
857 595
23 56
203 727
745 474
530 86
851 300
229 581
562 563
948 216
587 387
541 293
597 765
675 706
519 512
815 301
683 314
155 507
864 59
925 96
376 354
876 422
918 999
485 766
822 77
914 210
997 704
367 947
146 785
934 36
148 344
718 454
682 75
423 471
901 429
28 476
836 273
972 365
772 875
171 717
10 409
354 717
345 349
792 746
650 735
277 139
37 610
165 151
872 784
748 98
492 777
445 994
320 456
652 940
892 93
417 702
447 384
886 478
621 627
241 466
596 378
114 385
400 268
60 608
691 528
454 357
374 912
652 22
153 419
464 85
4 882
396 341
188 666
379 511
982 470
874 373
94 536
610 978
390 8
319 158
127 461
197 204
891 776
963 235
420 744
666 141
450 553
185 603
571 929
839 283
969 833
653 305
114 849
100 617
15 379
888 683
538 924
983 158
158 235
759 967
98 343
442 750
431 1000
653 847
317 421
8 651
778 986
376 81
252 428
965 977
555 746
149 959
848 734
480 316
348 397
197 457
321 293
581 42
762 528
207 485
315 585
450 184
44 825
812 615
446 117
89 366
661 584
778 107
171 773
80 316
447 299
116 530
253 492
801 276
479 687
439 73
628 722
861 806
394 691
758 899
810 832
585 930
221 829
963 995
182 791
578 500
213 159
330 732
900 901
302 786
499 27
247 906
32 608
354 840
802 692
681 912
838 169
66 942
377 840
1000 639
887 406
182 491
546 490
194 158
186 955
857 941
945 349
217 186
616 203
865 544
103 296
546 944
376 617
423 850
170 145
85 535
559 821
318 365
166 50
126 426
666 407
802 84
199 414
734 768
154 942
755 442
258 134
227 593
386 132
358 553
347 421
651 464
98 234
57 862
598 308
602 410
576 224
328 292
111 413
472 75
803 281
356 754
144 392
664 223
261 685
772 817
250 32
591 975
959 191
65 269
272 7
638 868
890 362
465 221
679 776
211 806
239 224
555 119
224 37
362 642
69 323
141 107
88 712
214 75
266 178
898 63
509 146
74 333
300 360
962 700
234 226
314 266
513 878
427 379
998 576
738 938
398 312
899 903
977 180
417 680
458 235
376 440
786 210
464 697
161 173
343 432
350 819
584 848
954 812
628 618
157 624
964 380
514 356
512 773
15 325
428 693
90 351
3 417
946 807
754 174
742 107
319 664
839 252
67 896
914 860
628 585
200 348
792 579
13 25
223 153
896 171
950 17
530 22
778 216
239 485
710 306
691 687
395 852
273 115
910 674
873 206
553 817
943 523
331 360
473 590
494 868
905 668
403 4
863 844
633 285
509 852
677 890
956 770
369 844
149 369
106 706
276 690
516 466
576 967
253 443
195 39
592 204
392 667
286 573
653 88
440 851
688 798
988 994
152 966
193 786
507 361
519 720
377 933
177 757
892 912
556 208
514 406
142 109
897 654
202 275
853 94
738 537
106 199
162 714
305 828
456 864
410 529
813 731
247 673
784 16
891 298
711 945
309 707
27 971
865 791
45 640
651 28
73 134
894 259
2 435
25 603
693 773
318 647
815 235
857 374
812 816
278 742
344 246
78 64
205 473
272 587
361 935
895 962
20 168
144 620
407 889
616 529
510 27
783 316
633 585
675 403
521 884
294 599
342 541
605 465
472 461
512 261
562 826
778 271
373 939
659 822
390 547
950 44
975 535
242 550
524 678
686 515
13 522
545 849
726 137
189 738
293 453
658 426
946 226
712 746
889 450
833 408
649 645
963 169
537 41
732 975
657 828
180 429
866 981
538 293
868 311
692 388
350 994
772 680
615 358
911 557
446 4
155 790
571 534
171 685
291 808
80 910
269 313
586 899
388 244
750 411
555 197
964 835
627 357
266 811
195 456
133 675
176 825
384 988
96 890
371 404
680 30
209 208
906 861
579 587
649 398
378 877
31 644
746 753
436 811
703 271
672 52
299 477
233 983
866 73
696 611
469 692
912 960
118 589
868 793
667 370
743 282
576 437
973 905
99 41
918 122
233 483
427 505
531 330
713 777
413 884
106 676
342 241
607 459
507 553
722 6
702 10
226 863
593 963
362 827
109 149
875 951
110 463
442 309
666 449
114 829
914 503
228 487
491 192
14 300
685 222
943 218
90 517
977 12
124 588
483 313
229 649
390 696
495 424
816 265
213 753
268 798
30 288
835 459
967 933
100 534
513 881
578 467
720 776
428 922
515 7
613 872
626 574
387 695
620 226
995 353
663 353
34 421
218 625
786 224
35 440
606 533
710 546
976 389
650 744
341 590
