319 272
632 356
517 102
680 471
777 543
738 702
705 55
775 910
187 448
936 265
421 567
323 420
690 218
31 540
526 428
823 585
369 776
484 122
175 338
780 175
954 913
231 1000
686 319
352 560
419 868
723 101
669 904
706 6
699 952
233 109
225 941
193 140
504 367
120 760
740 409
671 6
562 584
732 510
169 169
338 674
167 832
964 809
237 363
68 885
289 722
922 904
570 767
497 811
359 347
19 583
112 122
78 719
388 146
169 344
674 679
388 63
968 60
299 788
658 48
485 32
673 408
554 403
563 863
268 580
102 277
645 477
548 0
875 851
253 599
610 408
359 989
714 704
248 1
198 544
634 165
12 870
964 210
601 183
152 159
657 658
363 825
273 635
618 548
405 818
615 365
71 335
369 514
392 829
591 488
188 360
13 126
248 634
497 848
163 851
950 847
407 246
385 224
611 690
482 605
449 233
997 1
84 127
424 628
440 277
336 199
99 254
431 109
711 476
742 633
516 375
920 761
984 9
655 856
54 801
93 17
724 566
986 470
42 332
820 449
764 867
597 911
992 169
545 42
870 644
644 296
738 575
763 247
552 210
312 741
765 926
416 867
718 835
787 968
723 472
561 1000
303 837
538 892
34 312
899 306
175 356
435 639
447 526
751 275
608 195
152 28
668 265
220 267
380 424
951 468
170 17
211 46
334 303
981 322
263 77
203 926
987 636
627 135
968 512
900 809
540 346
455 323
373 206
216 620
903 775
305 986
788 548
266 501
154 466
349 1000
623 978
334 67
35 49
323 212
785 539
438 515
351 257
364 750
982 853
355 36
310 637
92 916
741 833
879 115
871 409
715 486
506 186
111 794
99 297
811 810
213 637
826 173
953 787
82 858
625 901
316 838
215 429
990 978
303 144
553 572
138 342
753 716
1000 618
677 850
181 634
479 783
99 751
604 807
216 759
757 367
557 211
346 258
756 591
334 403
45 816
352 301
16 901
944 38
774 545
694 116
876 518
811 340
513 970
733 577
310 62
338 652
293 300
541 216
672 153
392 928
254 696
571 34
534 419
759 277
900 55
301 17
961 736
23 163
838 31
645 803
320 240
557 691
277 535
704 784
180 579
742 667
561 274
379 117
369 981
809 319
883 568
301 215
604 875
118 71
92 536
19 654
806 992
477 44
786 432
972 826
781 702
648 888
896 814
574 782
339 402
59 394
421 884
345 667
670 870
278 37
261 378
357 998
371 763
443 492
315 216
563 524
615 189
362 439
623 21
399 196
530 780
541 34
887 67
397 96
712 162
903 226
620 736
963 182
479 996
588 579
840 596
582 508
54 872
675 86
478 122
643 517
802 291
23 951
510 434
208 777
936 95
328 271
157 568
891 166
604 339
3 154
357 818
431 236
426 731
933 8
902 564
570 48
566 855
8 539
81 325
943 508
982 435
395 906
798 209
354 869
450 986
12 90
934 566
910 733
706 78
763 552
112 355
473 620
129 334
130 91
659 550
682 55
959 743
351 706
350 59
16 5
306 36
162 567
931 458
418 46
156 263
236 395
456 838
636 67
58 212
40 65
122 257
373 803
347 162
897 60
25 114
345 643
510 272
925 662
633 679
807 261
23 750
2 989
734 583
554 137
165 671
847 298
702 600
936 244
223 652
777 639
798 760
823 959
174 153
230 915
659 188
866 766
622 110
714 101
964 638
76 449
864 118
254 185
936 179
283 457
725 509
937 616
8 956
531 501
418 536
823 33
515 581
307 543
816 215
124 279
573 807
828 992
736 806
425 349
721 75
496 885
996 449
220 39
455 772
115 159
259 468
975 936
299 482
1000 329
844 111
658 653
942 878
814 569
663 983
352 641
737 190
268 338
822 309
362 355
43 640
704 755
960 448
563 632
934 413
415 322
74 956
673 409
845 410
559 135
694 410
421 805
249 418
10 848
557 926
748 43
339 72
2 519
401 524
988 351
44 886
455 107
838 247
183 783
967 595
376 262
443 840
976 137
646 725
409 965
816 466
809 119
254 175
212 292
135 910
276 545
404 147
183 980
257 499
459 343
530 74
95 341
393 749
916 465
742 871
940 250
192 401
107 533
662 618
783 625
594 207
325 356
355 896
414 420
227 671
964 281
188 770
386 869
698 762
692 420
346 847
765 792
65 829
629 102
669 160
177 85
381 809
705 242
110 912
212 657
987 856
95 230
124 917
752 258
355 80
140 672
938 443
967 482
957 539
159 634
259 879
144 438
200 758
11 354
135 148
726 613
535 541
122 967
366 587
247 491
807 309
226 406
643 589
134 226
778 882
35 734
26 35
718 433
933 904
661 147
24 384
853 721
97 711
380 370
537 659
611 896
11 656
389 34
238 631
431 928
894 548
364 782
380 876
398 204
193 247
426 859
543 329
315 527
955 367
289 78
760 925
182 761
877 693
366 993
252 94
764 727
265 225
550 290
692 44
604 726
570 662
116 508
140 523
748 241
52 505
261 867
663 540
4 343
590 631
46 591
234 146
799 323
901 746
748 882
633 308
117 659
267 843
792 745
790 19
95 729
75 780
822 185
877 656
365 884
40 347
656 830
144 937
313 556
794 115
319 321
66 938
355 758
200 392
962 752
63 372
612 752
110 64
98 753
894 259
917 630
991 393
23 249
527 200
34 774
698 360
259 171
693 234
166 378
857 811
