632 639
328 897
44 644
306 55
923 234
67 428
588 682
574 162
478 215
840 206
180 327
845 886
160 161
380 366
960 894
291 131
858 645
768 987
645 840
826 71
599 404
426 464
121 672
186 189
563 900
410 38
400 77
293 632
207 649
924 541
573 880
808 528
72 955
640 663
457 564
317 230
574 366
614 51
192 552
887 57
9 428
910 324
770 469
334 886
708 313
882 508
463 825
268 323
713 864
36 248
193 448
535 428
834 137
327 871
681 954
255 672
47 578
39 888
387 226
358 283
238 1
728 384
507 503
254 133
119 683
972 511
200 418
620 662
701 447
79 154
242 310
689 993
576 202
362 730
919 332
856 588
625 348
292 736
989 516
562 395
569 24
707 524
721 315
238 132
947 121
229 280
685 532
713 19
185 655
876 863
398 260
67 369
932 954
848 634
952 174
191 267
316 835
519 95
747 463
916 490
69 386
567 178
389 41
779 670
102 885
298 590
800 519
830 449
139 407
975 125
360 113
104 618
1000 956
134 348
439 698
171 632
745 432
422 254
259 582
661 245
72 435
233 840
306 686
993 935
913 465
316 266
442 132
830 946
533 545
858 315
944 59
74 835
498 780
587 644
589 737
426 22
364 817
699 107
717 977
276 280
828 191
103 151
566 252
346 751
113 870
826 182
471 795
505 657
114 225
963 365
113 616
975 500
455 978
117 111
266 620
592 692
694 619
856 257
499 912
181 8
659 147
766 594
362 436
734 351
422 722
344 463
270 730
858 701
893 939
895 89
963 956
574 174
686 12
609 169
227 682
828 698
589 144
614 671
72 747
875 431
177 685
350 790
122 295
648 892
696 263
668 153
584 980
912 498
337 332
797 886
428 642
595 952
74 700
470 56
665 878
110 165
387 515
101 585
186 897
719 123
551 731
46 83
61 130
267 375
410 550
126 256
299 482
346 36
710 283
699 455
735 706
845 219
68 395
444 84
670 570
729 696
606 403
846 551
442 873
26 619
821 328
907 400
87 164
507 733
332 54
422 118
580 497
439 576
567 739
650 493
316 824
657 906
105 722
259 665
591 695
121 367
516 796
506 873
694 491
644 265
177 801
235 298
548 900
673 558
851 975
992 245
767 103
366 158
971 871
723 227
774 815
192 63
580 88
365 166
701 591
470 224
795 829
573 352
962 940
347 672
714 985
710 235
315 5
367 65
250 642
274 696
684 274
486 750
428 299
913 759
808 912
379 67
583 533
630 151
495 791
633 418
623 78
915 392
199 376
76 120
265 588
59 878
864 134
968 294
793 150
25 944
795 993
243 31
959 798
833 780
843 946
943 46
295 155
812 154
366 120
688 998
578 150
49 436
777 380
520 122
807 629
314 178
530 314
350 18
117 299
334 481
669 461
88 913
818 691
875 369
187 231
456 189
866 550
340 916
435 470
785 908
88 179
404 610
66 411
13 344
482 534
586 106
6 749
382 441
796 384
13 144
293 480
421 756
624 1000
214 254
738 503
807 506
656 265
684 860
358 301
504 412
494 724
356 753
598 150
175 969
305 216
875 771
164 54
81 990
402 52
217 765
5 828
272 431
893 135
477 663
339 359
851 521
1000 94
56 19
402 121
521 276
485 149
930 601
869 634
630 445
736 668
254 44
557 497
875 633
901 804
754 726
662 941
18 730
14 298
632 199
345 439
490 631
554 303
245 300
776 814
6 363
162 249
963 955
313 242
40 491
910 658
785 153
440 359
451 237
639 396
216 240
646 111
77 385
472 842
836 60
153 247
560 307
154 142
204 230
751 531
290 190
851 373
12 413
609 389
327 372
469 439
641 745
926 245
890 482
99 504
958 301
141 196
474 328
787 992
184 304
638 2
984 444
31 613
290 149
49 812
501 284
195 870
24 100
521 225
770 473
476 959
729 12
820 785
295 525
783 787
156 354
502 506
424 140
237 938
14 738
943 146
45 336
896 945
620 647
590 10
642 663
737 137
185 11
793 48
142 800
723 224
106 928
328 237
784 444
889 532
698 384
918 176
279 14
498 447
899 333
501 605
746 850
399 178
805 203
341 638
663 881
951 148
790 983
40 273
579 187
262 162
322 734
761 614
584 228
638 323
740 335
593 548
760 769
959 140
426 540
477 903
611 714
615 364
834 943
384 360
312 303
844 462
126 200
423 147
997 788
784 180
412 845
193 158
789 832
982 499
508 709
241 263
954 226
419 665
952 646
985 67
366 695
807 452
110 524
877 201
258 407
571 484
382 354
951 819
40 751
601 406
38 566
983 293
298 980
894 49
527 159
739 948
513 260
815 93
109 491
621 31
683 717
135 263
759 943
354 772
725 580
319 639
731 878
133 847
260 790
960 672
111 110
610 360
573 105
112 638
991 413
921 674
799 117
856 935
756 209
110 232
542 841
573 709
346 954
710 776
250 260
728 968
469 359
65 215
107 469
101 949
35 898
975 954
182 474
874 80
461 72
751 678
675 879
658 724
12 517
283 42
213 481
806 192
597 148
198 70
76 432
52 715
626 41
522 227
28 973
100 883
197 483
946 53
613 711
140 654
918 130
538 343
952 66
93 968
827 517
610 854
867 40
771 287
922 264
132 295
94 382
326 944
596 465
338 554
39 572
489 534
416 642
937 643
871 893
282 449
388 152
268 875
428 937
457 781
92 11
740 44
612 291
463 586
146 108
696 432
272 296
493 514
222 367
753 409
206 967
361 169
743 323
898 224
206 892
229 229
818 46
513 920
323 467
836 572
33 466
993 434
639 68
276 408
311 601
433 927
674 391
810 404
969 79
772 157
985 522
135 269
315 447
693 190
670 182
268 137
450 739
462 897
575 917
31 365
627 271
381 926
155 962
676 669
479 27
506 149
166 556
833 44
530 371
991 925
381 158
548 914
552 795
799 830
798 599
880 932
421 403
667 455
601 303
712 588
215 331
34 862
781 301
605 934
39 262
308 865
965 496
27 870
949 81
566 627
245 152
142 471
121 524
336 839
794 688
169 170
509 385
999 16
80 54
366 884
829 832
265 556
606 570
216 391
493 50
356 538
66 733
182 83
179 620
47 168
645 19
787 473
828 268
551 190
36 16
175 152
961 950
931 456
211 947
986 652
13 124
569 551
457 915
231 473
566 183
63 598
210 310
959 782
416 720
124 730
836 263
411 988
707 712
275 165
421 444
667 86
567 404
50 654
478 927
568 27
833 776
532 746
726 180
258 252
417 961
42 1000
6 952
104 654
99 738
244 395
834 358
149 515
139 23
856 737
133 838
428 563
58 620
990 568
189 294
571 461
873 583
320 234
862 428
764 541
541 122
549 57
458 959
852 131
42 508
489 100
70 349
987 964
933 62
943 13
866 995
485 848
608 981
629 316
27 826
663 296
691 495
577 430
341 242
934 559
442 209
843 907
204 856
810 401
344 548
503 800
437 665
201 815
201 856
55 737
832 170
513 307
459 518
613 252
801 137
625 647
331 698
700 719
927 17
877 379
554 450
222 899
595 15
496 800
444 318
46 367
401 977
413 227
193 713
941 387
516 86
901 381
804 946
272 83
786 353
442 736
376 547
308 523
499 426
167 913
203 763
209 256
135 329
414 639
729 665
45 728
75 200
315 515
565 981
997 587
901 702
474 239
142 106
841 121
683 599
642 286
961 210
605 385
14 336
276 856
171 980
352 388
193 132
410 902
274 529
298 10
499 330
888 568
771 780
615 971
554 57
339 620
193 339
216 313
143 72
787 303
335 403
364 705
350 704
481 628
429 116
74 165
208 435
789 121
589 429
893 727
148 205
822 348
668 634
486 202
53 824
489 160
729 110
869 362
702 216
887 959
637 584
156 314
954 955
498 996
573 464
831 729
150 476
87 510
584 879
938 242
572 154
494 271
40 223
912 516
171 763
514 642
496 977
58 897
69 458
894 920
269 823
58 661
400 968
91 858
467 505
390 440
979 601
520 959
33 335
156 197
173 425
245 2
704 202
520 595
895 833
312 654
241 964
360 268
693 23
689 286
324 555
985 550
440 971
905 636
308 59
790 885
36 708
684 665
215 662
55 718
245 858
371 439
884 504
770 278
177 313
620 99
399 296
150 742
354 203
990 626
874 808
900 555
139 168
673 831
790 504
146 855
926 183
716 647
332 926
772 847
99 895
321 315
167 534
514 747
868 93
242 451
283 536
623 844
821 301
119 647
39 931
441 701
970 546
856 248
912 308
42 973
612 485
358 516
910 376
947 847
657 740
955 892
274 542
129 922
416 633
502 218
429 331
515 754
355 287
571 811
163 510
624 757
689 289
975 991
800 170
236 395
81 303
610 178
169 34
428 180
661 935
840 257
938 519
771 362
801 40
678 579
377 637
957 692
777 632
35 274
378 552
469 372
488 774
7 600
151 683
608 978
842 670
909 743
520 171
969 77
501 960
564 525
151 202
81 828
407 709
952 552
457 264
872 360
811 220
325 475
740 857
588 273
694 213
281 526
553 343
842 668
644 937
108 717
943 220
58 797
761 222
1 34
982 960
542 484
272 938
689 697
994 875
162 876
581 129
780 169
982 695
924 110
991 79
309 168
992 538
862 407
195 745
180 971
39 661
711 989
611 296
409 923
200 382
188 803
164 743
747 445
351 74
150 726
790 476
825 699
384 147
410 210
754 510
163 647
532 647
906 837
370 660
680 972
851 982
787 650
98 964
534 732
868 896
475 917
891 175
679 574
255 90
154 962
807 692
640 719
308 34
146 477
497 214
820 761
213 238
168 828
275 283
245 384
36 534
317 379
454 901
407 125
188 250
824 952
780 636
954 997
253 32
622 963
540 52
49 194
244 826
250 147
149 14
333 268
277 764
142 348
594 840
918 765
31 754
676 742
415 253
453 398
343 510
34 833
303 280
30 784
606 903
803 383
361 577
951 347
978 883
700 610
109 420
477 705
629 839
38 800
998 970
119 273
433 538
135 82
790 285
261 243
7 402
391 646
752 774
859 555
996 792
908 950
405 963
425 212
550 718
769 836
149 99
358 607
343 82
41 121
919 474
406 237
533 964
747 429
692 641
565 805
624 400
727 947
16 726
789 207
200 744
157 498
893 699
462 395
963 685
66 884
768 938
700 964
585 90
293 444
902 75
521 590
982 753
863 370
852 754
849 449
887 790
931 24
93 985
756 361
757 752
573 786
488 118
467 610
59 675
584 119
905 160
243 705
283 370
657 513
455 273
311 364
97 120
807 584
9 169
701 436
59 920
348 619
619 511
28 218
958 163
746 57
700 650
269 441
574 425
840 347
809 283
581 900
446 462
809 686
57 293
838 233
277 833
622 605
202 636
658 453
379 499
323 338
63 785
869 265
439 643
171 438
44 293
910 286
150 643
834 430
832 552
925 509
867 719
248 77
293 44
654 259
367 838
834 14
671 75
81 759
165 696
110 13
882 511
185 639
576 807
950 360
867 907
709 436
946 689
29 302
763 957
908 266
884 826
138 57
801 902
336 915
845 865
530 543
368 495
451 671
242 744
233 840
221 853
157 185
324 214
433 536
793 120
514 693
218 800
342 573
137 737
44 244
226 488
442 867
770 698
820 962
640 603
874 490
823 205
499 250
849 896
967 511
345 149
640 593
218 892
476 631
655 142
347 434
167 795
451 497
372 145
555 434
6 781
340 638
452 58
449 226
125 388
869 999
676 421
641 375
229 682
351 414
49 243
815 495
958 402
549 274
41 577
548 845
649 704
898 308
864 881
