970 980
761 822
390 393
955 630
345 939
155 798
255 824
18 464
293 543
932 219
296 949
66 36
838 70
864 300
214 466
861 408
949 519
755 882
560 268
652 62
478 908
314 706
238 758
261 152
32 612
211 437
632 612
998 830
525 982
233 445
831 440
948 931
850 64
576 414
778 183
570 437
233 448
354 217
8 593
859 925
225 174
447 214
720 909
643 680
645 231
142 541
276 758
173 937
420 18
650 946
328 255
939 223
207 254
682 680
15 797
576 647
776 677
729 842
65 638
299 105
79 279
131 80
272 487
760 121
368 507
261 265
765 247
47 409
950 63
37 900
403 891
956 366
489 611
529 542
679 654
366 389
191 414
860 832
244 359
422 15
584 225
412 74
557 170
363 27
644 367
359 589
693 196
261 92
353 393
859 771
196 406
603 973
826 323
11 145
294 424
974 862
71 952
293 223
186 414
406 643
362 111
684 89
355 761
379 68
625 718
819 534
730 300
973 248
748 30
138 464
519 783
957 743
662 832
701 869
970 951
131 499
518 649
180 909
2 479
92 872
687 234
62 326
45 640
939 150
267 929
772 539
193 772
620 139
690 966
726 468
77 244
723 947
378 661
295 340
968 481
105 415
103 166
120 112
624 549
516 347
428 716
658 955
605 512
964 388
998 702
307 408
593 325
397 889
155 97
568 660
804 593
898 116
528 667
478 782
197 52
449 838
331 127
241 317
58 567
644 183
52 775
494 28
324 957
349 678
47 684
233 190
824 625
827 611
650 15
63 636
217 671
948 450
275 611
538 54
366 879
725 474
906 795
682 612
697 452
953 797
834 126
281 730
819 758
863 396
654 314
833 986
951 325
894 45
128 934
855 210
44 503
598 882
4 600
459 834
635 932
302 586
38 535
319 963
518 319
178 759
222 553
87 76
613 757
750 408
689 572
215 489
901 421
377 984
39 894
923 620
597 757
14 761
420 527
919 910
531 671
133 889
512 344
332 952
667 106
309 541
148 760
23 791
212 471
861 265
613 597
312 908
519 616
967 953
602 275
4 146
173 6
803 649
429 668
890 724
411 325
166 99
343 84
763 160
696 126
711 17
389 543
352 392
315 517
219 250
207 11
639 451
714 262
878 553
438 299
169 265
739 799
420 101
714 107
781 963
593 173
578 609
902 23
253 886
109 290
253 40
85 390
627 120
386 744
653 314
774 86
668 105
535 273
646 995
145 332
511 113
768 884
262 672
587 814
638 380
859 25
371 206
655 799
80 535
922 80
16 352
707 199
156 264
456 236
480 344
540 517
432 246
843 529
984 849
640 83
725 935
82 203
532 25
356 178
520 112
240 617
342 887
241 393
213 408
968 162
641 945
84 370
311 428
945 185
30 177
165 180
297 429
884 979
750 539
632 897
668 218
531 454
451 135
740 336
511 409
965 924
573 427
394 126
832 327
309 601
729 678
607 205
205 380
165 655
800 982
404 486
44 351
760 883
902 411
797 8
705 54
336 870
754 547
305 852
431 702
494 950
537 716
789 160
202 925
740 415
162 236
588 851
797 585
334 727
652 255
158 929
629 373
467 549
81 253
602 233
58 615
773 180
387 135
940 770
581 121
238 12
414 848
591 776
895 440
609 104
56 642
96 650
944 493
81 835
186 502
153 652
124 655
641 813
848 502
410 740
852 437
970 755
218 717
42 571
348 159
385 260
544 125
47 674
988 154
119 545
946 65
394 963
862 894
747 940
949 969
991 783
384 844
708 56
808 164
930 179
24 116
161 312
90 775
294 614
140 936
589 625
932 477
753 67
70 480
839 589
137 539
37 30
69 906
676 782
585 525
47 704
412 636
942 260
27 15
397 189
351 363
471 499
870 334
128 617
756 934
453 22
6 558
293 195
412 961
766 360
214 794
814 598
287 731
659 983
83 336
106 558
327 780
332 181
85 232
174 622
785 248
614 388
648 552
93 46
736 750
724 761
344 224
27 847
575 972
545 599
725 754
434 212
869 739
708 166
706 387
530 333
72 672
599 775
33 154
840 683
701 506
646 36
929 509
626 344
859 941
908 317
743 468
303 747
286 558
986 508
947 23
179 776
376 649
502 87
139 429
179 433
229 184
242 800
599 853
399 360
765 786
450 913
871 984
447 275
560 7
862 614
426 43
644 900
163 578
894 508
27 330
403 24
892 932
535 301
712 804
452 118
221 114
213 347
363 505
313 248
237 343
683 489
714 124
853 21
785 259
473 964
624 288
923 810
276 921
540 890
1000 878
921 668
459 822
911 393
900 581
99 263
826 692
781 875
140 696
113 122
139 377
845 564
7 823
24 226
102 937
508 638
313 238
970 808
948 804
194 890
951 535
460 152
608 527
996 393
327 516
515 214
690 781
911 166
11 368
323 647
227 812
651 617
742 330
873 274
227 124
809 286
886 111
441 921
199 282
351 713
80 466
208 172
632 439
889 183
896 237
104 338
563 316
599 112
44 316
818 757
199 126
995 198
636 789
556 270
738 377
582 610
281 848
193 605
484 533
936 524
40 425
708 434
954 90
192 817
964 239
155 922
901 688
261 510
277 315
24 319
157 509
228 551
479 361
782 480
830 476
176 72
292 501
938 965
750 742
168 185
780 156
106 829
131 365
987 841
386 820
755 570
866 846
226 30
818 942
186 660
566 316
575 760
893 183
411 726
730 520
938 120
992 503
63 491
931 324
639 41
368 811
871 805
625 154
76 754
675 914
686 381
990 417
994 195
615 278
709 797
708 266
987 30
779 747
44 209
266 824
987 826
199 661
966 647
858 9
398 266
447 116
199 730
502 753
928 202
291 710
18 709
182 671
343 318
24 551
715 731
539 418
805 690
362 720
737 498
431 800
895 135
61 730
617 487
794 489
351 18
467 675
247 388
117 946
829 957
577 38
584 772
30 801
577 193
87 764
525 153
88 913
451 183
839 540
567 371
386 833
700 784
349 915
45 840
993 305
498 845
444 659
562 634
964 346
85 570
131 723
367 554
54 654
475 246
40 265
814 539
621 497
108 775
612 238
506 863
459 180
242 224
467 837
627 673
208 537
516 79
485 607
781 974
410 169
900 529
941 537
514 677
948 959
786 669
624 773
322 684
248 65
923 958
524 187
16 942
67 992
388 786
660 875
823 308
822 52
53 455
610 804
450 422
913 360
973 556
370 691
321 707
857 120
339 937
734 425
576 152
640 906
601 502
407 550
69 145
745 171
294 187
537 103
469 230
281 679
421 237
602 670
955 83
860 106
82 582
194 571
788 63
26 579
10 210
267 742
585 805
217 739
69 846
267 768
268 590
892 21
31 495
378 193
595 491
831 552
617 326
660 119
827 44
231 715
554 291
352 934
910 949
310 620
769 751
729 94
913 919
484 543
260 593
193 309
294 716
958 986
953 64
654 183
989 816
989 49
476 504
537 116
3 396
145 512
799 78
160 340
381 510
356 0
218 928
909 417
54 587
187 312
210 474
663 384
787 802
526 173
30 948
911 982
274 333
935 608
197 508
467 900
820 843
106 235
132 258
459 177
842 864
521 245
820 936
444 50
845 467
695 977
616 931
504 376
347 735
324 803
29 318
100 159
541 408
811 798
562 150
164 838
841 510
428 137
4 188
580 937
554 250
863 537
574 695
628 537
602 559
611 26
232 508
111 65
828 391
824 877
421 66
127 360
238 647
100 505
385 632
865 369
847 170
48 54
951 51
45 98
175 12
328 118
302 618
327 628
343 360
948 262
194 358
817 387
225 812
790 519
374 543
655 253
923 250
927 661
494 989
799 869
245 134
943 964
175 210
398 178
621 201
928 600
867 992
144 476
923 40
336 346
0 125
497 560
214 582
42 442
484 993
77 910
609 483
64 543
855 223
927 550
51 194
139 938
288 393
260 343
731 446
364 438
61 688
958 619
729 345
899 461
341 312
140 958
143 731
977 962
236 312
722 802
607 420
142 762
882 347
549 487
551 744
43 612
10 611
175 275
347 331
251 439
804 576
300 319
536 888
726 582
975 220
534 425
747 836
283 213
835 233
209 246
308 250
395 221
5 148
674 736
466 111
326 81
853 285
701 81
782 826
632 42
923 814
721 857
689 649
110 961
468 958
199 900
88 234
545 340
894 837
712 26
492 767
903 893
357 177
1000 587
329 687
889 361
309 253
411 366
265 413
365 803
575 217
651 506
459 570
33 17
320 249
280 762
907 886
642 714
28 948
141 782
387 131
573 498
900 890
935 760
967 714
166 220
363 782
736 87
88 520
224 811
342 338
522 600
89 551
889 3
416 855
134 820
652 709
220 324
698 759
998 807
671 598
340 521
651 218
243 484
265 867
781 510
96 298
146 216
906 660
210 776
436 198
814 897
841 883
903 958
306 693
872 245
959 600
952 442
134 782
138 774
230 234
964 247
370 826
383 253
993 693
667 737
512 495
340 277
489 836
40 898
763 617
55 851
983 872
779 583
299 743
569 162
827 577
253 584
693 387
758 387
138 245
251 624
213 537
362 23
610 203
558 520
478 512
776 211
627 930
48 128
893 780
874 745
186 233
1000 81
479 632
176 23
374 961
124 762
883 847
620 548
594 660
332 337
872 105
737 928
169 521
41 653
541 262
109 818
159 55
558 993
978 316
992 871
114 293
738 189
160 315
748 529
513 975
154 391
229 35
361 939
98 238
291 443
711 432
864 158
390 835
887 923
150 831
445 51
626 203
373 160
612 936
161 390
418 788
254 101
123 943
839 559
498 902
648 348
638 246
610 632
183 807
481 91
311 981
832 914
742 613
943 749
260 105
862 522
516 469
282 434
508 921
754 749
90 88
737 318
500 175
697 523
162 305
84 978
606 493
710 572
638 25
343 453
256 445
664 172
708 764
608 793
994 436
646 602
779 716
708 726
394 897
270 621
520 504
578 536
719 684
256 863
944 158
815 658
961 658
2 398
325 748
164 563
744 542
891 742
56 371
701 263
841 420
471 138
573 379
193 28
222 884
803 741
410 930
9 660
50 381
644 168
600 494
704 697
713 144
930 858
9 110
840 747
363 959
747 544
916 907
681 448
572 258
765 920
740 541
856 312
441 890
821 718
744 718
422 579
54 882
354 180
90 679
564 182
528 318
453 891
378 449
539 194
308 577
532 428
427 899
772 589
291 946
106 839
729 979
632 702
583 803
290 58
32 823
93 617
125 840
50 952
491 466
21 415
954 991
899 57
864 739
798 416
31 859
82 451
514 443
440 419
720 933
798 922
901 346
909 19
308 912
900 80
779 989
9 902
696 515
80 330
623 696
461 896
367 803
344 150
468 395
765 86
704 464
524 957
321 828
408 758
917 314
305 599
416 620
353 755
841 491
417 511
492 744
70 386
489 337
412 102
748 837
14 132
95 624
743 191
488 88
535 632
601 418
855 347
202 775
222 223
298 390
661 931
224 618
362 246
572 300
24 749
333 213
873 517
218 214
862 155
894 19
543 772
992 255
694 446
401 705
874 350
883 154
320 401
214 562
989 394
839 495
671 369
346 841
838 602
785 997
852 339
52 984
458 866
598 632
184 457
263 791
189 948
324 886
427 348
540 541
707 100
64 12
408 665
967 490
635 549
16 429
994 330
326 655
34 608
484 366
700 580
943 944
763 175
538 70
170 556
978 267
882 847
540 828
51 956
156 907
455 406
569 19
765 433
986 631
765 0
737 413
525 121
793 42
377 317
223 300
468 175
53 453
213 729
116 582
941 909
463 703
760 677
258 514
978 882
603 237
906 432
5 274
480 57
657 682
205 267
616 103
517 401
40 873
70 326
161 34
346 709
792 809
5 22
535 433
273 588
20 142
553 529
922 424
256 963
301 434
616 204
959 959
642 270
953 408
361 860
592 406
739 400
835 710
386 302
739 124
569 525
42 972
610 433
277 555
476 717
441 161
847 951
340 49
569 623
202 437
257 664
121 877
316 190
104 787
109 892
366 129
561 662
664 931
366 830
123 605
761 483
246 187
535 965
459 507
973 708
20 411
314 802
178 652
24 50
488 770
210 673
408 98
830 674
505 477
778 859
306 380
46 372
812 106
161 600
511 333
935 285
168 340
584 658
604 83
832 466
45 32
530 409
21 33
693 429
215 0
799 187
492 107
255 890
539 719
971 305
309 588
218 942
750 874
955 482
450 495
334 400
385 614
258 815
265 111
74 185
398 874
303 297
402 898
233 951
215 743
893 894
47 724
362 545
716 849
131 526
511 224
978 127
186 844
367 60
240 167
519 641
932 620
92 905
14 61
841 60
107 147
111 754
412 972
827 510
844 548
164 452
128 479
759 157
423 852
889 190
809 914
181 303
356 374
964 760
646 28
530 266
439 6
153 737
265 66
420 948
508 367
199 769
584 302
839 730
380 212
811 754
924 751
502 159
748 248
625 251
925 737
588 26
410 715
964 348
88 7
853 833
238 296
403 837
406 725
199 852
767 176
417 436
961 369
521 617
198 435
309 237
84 698
265 85
265 982
805 133
889 105
177 825
695 338
511 143
939 579
816 148
320 278
553 854
786 513
537 269
2 631
449 504
436 984
598 845
555 175
123 150
866 413
557 403
717 345
74 538
196 986
168 190
32 823
570 909
687 805
308 118
20 250
867 123
189 324
496 737
327 929
433 3
145 257
788 655
252 334
903 943
389 372
408 237
457 154
589 439
478 217
641 18
993 28
181 766
232 59
439 828
224 367
390 337
615 65
226 274
603 195
70 376
874 676
506 846
122 753
542 96
600 38
527 516
588 588
298 925
653 955
820 725
732 730
872 45
646 389
9 647
592 491
839 331
431 241
297 540
29 422
248 554
189 489
489 153
755 629
271 448
93 548
789 825
365 38
661 353
135 661
741 749
395 401
107 135
203 636
832 516
691 206
115 27
281 149
930 915
43 394
102 263
941 953
967 466
465 394
173 40
32 418
547 91
923 752
207 604
412 489
83 915
558 690
971 128
993 135
173 670
39 135
859 146
483 724
672 228
837 389
457 12
33 785
200 364
624 119
907 340
607 742
684 108
268 960
111 308
672 105
386 655
970 234
686 994
259 291
509 420
936 845
505 716
565 717
500 356
356 319
374 571
255 380
844 240
683 550
992 61
661 521
561 646
70 209
177 569
580 647
2 907
153 950
324 864
690 706
270 142
998 25
548 123
398 734
307 159
145 512
193 27
379 294
967 682
780 201
104 837
308 560
951 43
923 729
785 617
643 425
612 800
127 448
453 692
895 340
438 727
671 406
378 658
623 280
606 579
608 215
87 76
721 479
86 510
819 763
0 698
554 904
928 93
670 809
279 631
242 813
132 840
808 802
405 135
708 219
315 213
1000 194
534 628
333 76
33 955
130 881
333 5
325 204
936 212
219 854
886 876
440 111
727 60
670 821
763 935
634 308
15 251
698 169
381 682
397 288
139 468
49 104
590 334
831 941
629 519
510 588
312 483
949 184
934 961
684 2
11 477
461 799
889 3
426 561
441 177
978 302
452 826
490 226
267 654
734 803
68 924
126 898
319 156
951 858
41 872
833 248
431 775
954 187
808 414
838 795
732 417
871 825
385 41
709 555
335 738
478 726
674 807
743 355
81 16
836 103
733 472
307 973
87 558
956 815
841 750
551 922
947 496
272 676
61 562
350 987
821 339
646 772
98 203
107 577
431 881
999 27
808 288
179 450
582 500
169 616
325 28
506 211
763 465
439 320
650 790
185 488
600 883
526 838
729 407
22 234
909 219
206 699
519 558
840 689
440 779
350 408
778 705
425 790
375 968
38 949
55 646
588 427
309 311
797 528
293 885
10 663
677 203
9 491
442 537
495 333
231 64
864 78
30 974
774 924
296 412
837 197
361 763
571 938
647 754
490 728
778 419
122 703
527 11
812 402
311 389
172 495
202 447
891 156
950 512
822 592
328 766
944 268
377 252
955 709
804 314
15 245
9 580
240 746
942 138
691 172
958 14
436 826
938 365
17 860
374 877
222 851
548 688
131 929
555 881
790 612
504 923
796 452
960 132
405 627
611 827
861 337
921 628
0 666
446 34
368 793
269 443
302 5
327 219
643 437
436 289
906 288
249 814
514 402
207 536
592 263
380 61
370 236
812 79
618 300
121 89
206 249
377 44
931 903
662 583
363 262
385 753
264 114
15 542
413 649
736 451
840 667
994 307
128 676
133 231
29 709
718 517
693 391
436 721
270 318
562 974
853 825
541 601
381 504
725 609
215 544
343 30
147 738
839 838
342 210
652 382
299 978
82 872
870 0
980 362
185 935
716 407
848 3
149 310
961 119
482 78
199 551
992 712
62 95
214 189
706 681
97 227
758 158
707 49
90 848
229 229
315 810
394 572
943 486
77 315
792 249
87 210
371 935
692 667
503 387
545 219
22 887
689 735
359 767
59 776
963 621
981 980
306 587
321 852
381 382
299 240
728 556
385 708
121 624
560 274
530 332
428 217
416 904
83 885
90 698
754 466
202 482
223 166
31 304
132 288
696 160
399 440
890 238
146 284
101 861
971 944
95 368
165 326
196 233
290 265
916 13
563 536
545 851
29 692
699 108
924 485
795 166
378 615
934 251
817 936
935 573
271 771
375 360
724 499
82 807
857 822
90 96
821 157
259 63
140 859
799 537
584 332
899 922
278 351
565 462
547 248
541 85
860 688
164 315
624 492
142 804
653 392
165 853
991 986
863 660
939 293
916 508
89 866
786 361
270 62
16 963
358 750
932 126
757 827
124 298
79 118
978 211
486 875
506 807
725 710
249 583
162 399
400 207
657 353
863 368
