2000 100 1000
1 1 16
5 3 58 151 203
6 1 87
11 7 30 107 110 174 225 249 285
16 8 96 196 206 260 315 406 433 476
19 3 78 164 201
24 7 93 131 223 275 353 409 472
25 8 11 107 172 266 326 425 524 586
27 2 33 47
31 4 99 199 216 314
33 7 90 169 230 271 278 283 353
38 6 47 87 141 221 311 348
42 9 19 62 71 125 133 134 164 185 210
43 10 6 25 122 169 204 299 359 365 438 494
46 6 40 135 188 275 300 364
48 4 73 95 166 207
50 8 93 111 184 262 305 308 333 396
52 8 62 106 120 151 247 277 290 317
55 7 93 190 285 335 370 427 437
59 2 71 110
64 5 77 101 142 200 252
66 3 36 105 149
68 7 4 95 149 242 309 330 382
70 10 36 54 138 158 180 243 253 268 315 322
75 9 20 104 157 229 271 299 329 355 445
78 6 14 102 161 192 278 306
82 3 21 65 113
84 9 100 183 219 236 251 261 352 414 504
87 6 17 32 114 172 183 266
89 6 28 112 203 257 316 383
92 7 83 151 189 252 329 427 485
94 2 78 161
98 2 84 167
102 5 36 68 71 95 99
104 9 17 79 144 176 230 322 373 409 489
109 10 89 153 228 276 315 322 376 436 477 514
110 6 77 89 174 249 329 387
112 3 99 112 174
113 10 54 142 144 146 200 272 350 357 361 440
117 7 66 95 177 250 274 372 420
122 1 79
123 7 69 128 209 305 353 435 507
127 3 89 188 232
131 5 91 141 165 200 286
135 2 4 42
137 7 69 120 205 274 368 462 471
141 3 53 118 213
142 4 44 80 175 260
146 4 14 26 55 87
149 10 71 132 200 245 277 318 328 403 492 590
151 6 33 116 135 154 245 316
155 10 60 123 169 239 288 379 435 465 548 572
160 10 47 53 57 100 167 261 267 319 327 391
161 7 77 145 166 171 200 214 271
163 3 48 74 115
166 10 46 84 128 176 254 284 378 446 476 494
169 5 5 93 178 219 283
172 4 99 170 189 233
173 2 63 80
177 10 40 104 115 141 197 287 372 466 541 598
181 1 21
184 2 28 110
187 7 81 133 148 177 253 259 344
189 6 44 53 83 175 177 196
190 9 7 56 128 155 209 277 300 359 451
193 10 35 38 99 197 280 298 352 363 456 537
195 10 96 121 173 238 261 282 293 320 321 356
200 2 61 148
203 8 73 127 212 309 346 362 383 445
207 1 49
209 1 77
212 8 72 110 172 241 312 376 433 531
216 6 75 145 169 190 233 310
218 6 87 90 148 231 322 348
219 5 61 111 184 215 252
222 10 62 98 101 123 200 201 299 376 400 426
225 6 55 114 171 233 322 324
228 6 20 45 82 111 150 176
232 10 29 87 181 238 287 300 326 361 460 514
233 9 67 130 176 180 246 314 412 459 481
238 5 9 49 57 62 151
239 7 96 187 201 223 245 276 288
240 1 9
244 2 33 93
246 1 26
251 5 40 52 93 94 193
253 4 95 138 182 190
254 5 12 52 103 119 143
259 2 62 90
263 3 78 91 109
266 4 52 139 237 296
269 10 60 128 221 246 335 418 472 530 562 660
271 9 31 35 121 192 232 312 333 363 372
276 1 84
281 1 86
283 3 35 103 122
287 4 59 132 141 214
290 3 99 171 200
292 1 22
296 1 95
4 6 12 21 22
18 10 15 22 25 30 31 41 51 60 66 73 77 79 86 95 96 104 113
32 10 11 21 22 25 26 31 34 43 48 50 60 63 70 77 87 92 100 108 112 118 120 123 126 135 137 141 148 152 157 162 170
48 9 13 20 25 34 43 50 58 65 68 72 79 80 82 84 91 101 102 111 112 114 117 124 129 134 135 140 149 157 165 173 179 182 187 195 197 206 212 215 221 231 237 246 247 251 256 260 264
32 1 10 12 18 22 28 31 38 42 48 58 65 69 78 81 89 97 103 109 117 124 129 131 136 138 142 150 155 156 163 167 171
13 10 13 16 18 25 28 29 33 35 45 53 54 63
16 7 10 17 24 34 38 44 45 46 53 62 71 80 88 91 100
16 1 3 8 9 18 23 30 32 41 46 49 57 67 73 81 90
2 3 4
14 1 10 17 19 23 31 32 36 41 49 53 57 58 64
16 8 9 12 13 19 28 32 34 44 46 56 63 71 77 82 92
14 8 11 12 22 31 40 48 55 64 73 81 84 86 95
15 1 10 12 19 25 35 44 49 54 60 62 67 69 78 88
1 2
15 4 8 12 22 26 36 43 50 56 66 75 83 92 93 102
19 6 9 10 11 21 28 31 37 41 48 54 56 60 61 69 76 85 90 91
35 5 8 9 19 22 31 40 44 53 56 57 67 74 81 90 93 99 105 107 109 118 124 134 140 149 159 168 174 178 180 182 186 187 191 196
42 5 9 11 12 22 28 32 37 39 42 43 46 47 56 63 66 76 80 84 92 94 104 105 110 116 120 129 135 142 145 148 154 164 173 178 179 189 192 198 199 206 209
34 6 11 18 27 34 40 46 52 57 61 68 77 80 81 83 86 96 106 108 109 118 127 136 141 142 145 150 158 163 165 173 183 193 194
13 8 9 12 22 30 38 40 46 48 52 59 64 72
24 9 13 21 30 32 42 52 55 65 70 71 81 90 92 102 110 114 124 134 138 142 148 153 154
22 7 9 18 27 29 30 33 42 51 56 63 73 82 90 93 97 106 116 119 121 123 125
50 5 14 20 21 30 31 35 37 46 48 54 57 64 65 71 76 79 81 89 93 98 104 106 116 120 127 128 129 131 136 139 142 149 154 163 169 172 180 188 189 190 195 205 214 221 230 233 236 242 246
11 4 13 23 33 43 47 50 57 61 68 74
15 6 7 16 22 30 40 42 51 56 59 63 72 75 83 93
2 4 13
27 5 14 19 26 29 36 43 52 54 57 64 66 69 71 73 77 86 96 101 105 115 120 130 135 142 143 151
7 8 17 23 24 28 29 33
33 4 7 8 15 22 31 38 48 56 59 68 71 75 77 79 88 96 99 100 108 110 112 120 123 133 142 150 156 160 165 166 172 179
33 9 11 14 19 21 26 29 35 45 52 59 67 75 84 91 100 109 113 122 125 135 142 152 160 170 176 186 192 195 200 203 211 213
14 8 14 19 24 31 39 46 51 61 69 75 80 84 87
22 4 6 13 22 32 39 42 46 51 58 63 66 72 77 86 92 102 111 115 120 121 125
24 2 3 5 12 15 17 27 36 45 55 59 64 65 72 79 85 93 98 99 107 115 125 129 135
39 7 8 12 13 21 28 38 48 52 53 56 57 60 67 69 76 80 88 97 100 107 115 124 127 136 142 147 150 154 164 170 177 178 183 185 193 196 206 216
50 6 15 18 27 29 35 41 45 49 59 61 71 74 84 94 103 111 112 115 124 131 139 140 147 150 155 159 165 167 175 183 185 195 205 214 218 224 234 237 244 245 248 249 252 255 264 266 274 279 285
45 2 3 11 21 22 23 30 35 39 49 54 62 65 74 76 82 87 95 104 112 120 128 137 145 151 155 162 164 169 170 179 183 192 197 200 202 212 220 222 224 226 235 242 244 245
42 6 15 25 27 36 39 42 45 52 56 59 67 74 76 78 85 87 95 97 98 103 111 117 124 127 133 139 149 155 159 168 176 179 185 192 201 205 207 212 220 227 228
2 4 6
31 9 11 18 25 27 35 36 44 51 54 61 62 68 76 84 94 101 109 112 116 121 127 131 138 147 150 156 164 167 174 181
17 8 10 15 19 22 29 33 35 39 49 53 57 62 68 71 75 82
36 2 11 13 18 20 27 35 38 39 44 54 59 65 67 76 80 81 82 84 86 88 93 103 109 111 113 118 121 125 133 142 148 151 152 160 164
29 6 13 18 24 32 39 43 52 55 63 69 73 78 82 87 94 101 109 118 120 123 132 135 138 144 146 148 158 167
3 10 18 28
31 8 14 15 18 20 27 33 37 42 52 58 62 71 76 78 85 86 90 100 103 104 113 114 124 125 126 129 130 135 138 146
34 5 9 15 16 24 33 40 48 49 51 57 62 68 76 82 88 89 95 102 103 108 118 120 130 139 147 153 154 158 165 172 173 182 192
3 6 14 24
47 4 7 10 17 24 27 37 42 44 48 56 63 66 75 77 87 97 106 110 118 119 125 130 139 148 149 150 151 159 167 173 176 186 187 190 199 200 208 211 217 218 223 228 233 241 242 245
43 5 7 15 19 26 34 40 46 53 60 63 70 75 81 82 92 96 100 108 117 124 128 133 142 146 156 166 171 176 186 193 194 197 205 208 218 222 231 234 238 246 256 263
18 2 7 16 21 27 28 32 39 44 47 55 63 70 77 82 91 93 101
31 3 7 13 22 24 31 36 37 44 53 56 65 70 78 88 98 106 108 113 117 123 130 134 144 153 156 161 164 167 172 181
13 1 4 7 12 21 29 37 45 55 57 65 74 75
4 6 16 26 35
18 6 8 12 17 22 23 28 33 42 46 54 63 67 75 78 82 91 95
16 9 12 20 22 23 29 31 39 40 45 54 55 60 61 67 76
37 1 2 9 12 18 26 31 38 41 43 50 56 65 72 77 83 88 93 98 102 105 106 110 112 117 120 122 131 135 141 146 152 157 161 162 169 173
36 1 6 10 19 27 33 39 41 47 49 54 59 63 72 76 82 85 92 101 108 118 127 137 145 149 158 165 170 180 183 185 192 202 205 214 223
42 10 12 13 17 27 37 39 42 49 55 62 65 69 75 81 87 91 97 107 117 124 132 142 143 148 150 160 167 175 179 184 186 187 189 193 198 207 210 218 223 226 235
21 10 16 22 26 34 35 44 46 53 60 61 69 76 77 87 90 98 101 111 120 125
10 7 12 20 25 34 43 45 55 63 65
34 6 9 13 18 25 29 32 33 39 49 52 61 63 70 74 75 79 80 83 84 93 94 98 108 112 122 125 135 140 141 150 151 158 166
25 2 10 12 15 18 27 36 39 42 52 55 58 63 68 77 84 89 97 101 104 114 122 126 136 144
33 8 14 16 19 25 35 37 39 44 54 63 71 78 80 81 90 100 102 112 114 116 117 126 136 141 144 153 160 164 165 171 173 180
10 6 9 10 13 18 19 27 31 35 42
45 1 5 6 9 11 21 29 32 42 50 52 53 59 63 71 73 75 76 85 87 91 92 99 105 112 121 130 131 135 140 150 158 168 169 175 182 192 202 210 220 223 229 236 242 246
15 3 6 13 16 17 18 22 28 32 36 45 50 58 66 71
29 1 4 11 16 19 25 30 37 47 50 54 57 67 71 76 79 84 94 104 108 114 115 117 119 127 128 131 132 137
42 1 5 7 15 21 28 37 41 48 58 66 74 78 82 84 89 96 100 109 118 128 137 141 147 156 159 168 173 183 187 190 200 203 204 210 217 220 224 225 229 236 244
3 4 14 16
43 8 14 15 23 32 41 44 45 46 54 57 58 65 70 78 84 87 93 95 101 106 109 112 122 126 135 139 149 157 167 176 181 186 196 202 205 212 214 223 226 231 233 241
1 10
18 9 13 15 17 24 25 32 39 43 51 60 69 72 75 79 83 85 88
2 7 14
6 8 15 21 31 33 35
48 7 10 14 16 19 20 26 31 36 43 53 59 66 69 73 78 80 85 94 102 104 112 119 126 135 140 148 157 160 162 165 175 177 187 192 201 209 217 223 225 229 239 243 249 255 264 271 277
16 9 17 23 24 28 33 41 45 47 50 59 62 64 65 72 73
2 10 20
35 3 6 15 25 26 28 36 45 53 61 64 68 76 78 81 86 95 101 105 113 115 116 117 124 132 138 144 146 153 163 168 176 185 190 192
37 10 19 22 24 33 41 48 49 51 56 60 69 76 83 93 100 108 111 112 122 126 129 137 145 155 157 158 167 170 179 181 183 192 193 201 202 203
30 6 13 23 28 33 34 43 44 47 52 54 60 64 70 77 79 85 86 94 97 100 109 115 118 127 135 145 154 160 164
30 1 4 10 13 15 17 19 20 26 27 29 35 43 51 54 59 66 67 68 77 82 88 90 93 101 107 117 119 128 135
40 8 18 22 32 35 38 41 46 49 53 59 67 76 77 79 84 94 98 100 110 120 128 135 136 138 147 157 164 171 179 182 185 192 198 201 208 214 224 231 234
23 8 12 14 19 22 23 29 32 34 43 50 51 56 58 64 70 72 78 85 88 98 102 104
25 5 14 18 19 21 29 31 35 40 49 55 60 63 72 81 82 86 87 96 106 113 117 124 128 129
24 4 7 14 21 31 34 43 45 54 58 64 67 73 80 88 92 99 107 115 117 126 133 136 140
18 1 3 8 17 27 30 37 46 53 62 72 74 83 88 97 102 108 110
37 10 11 21 26 36 45 54 60 61 67 70 72 78 85 92 99 104 108 114 119 128 133 140 147 156 166 173 175 180 185 187 191 199 208 210 220 229
13 4 9 14 16 17 23 29 37 47 51 60 63 69
37 10 17 18 23 24 26 32 42 52 55 56 58 67 77 78 82 85 89 91 98 102 112 113 116 117 123 133 136 140 143 147 153 157 165 175 182 190
45 7 11 16 19 24 31 36 39 44 52 57 58 62 68 69 70 79 87 91 99 100 106 113 121 123 124 127 129 138 146 153 156 163 168 176 186 194 199 205 213 220 226 234 241 246
13 1 3 9 14 20 25 26 29 37 40 43 52 59
27 9 12 14 24 27 31 37 40 47 56 62 67 70 78 84 94 103 113 118 120 130 135 137 145 151 159 164
37 9 13 16 25 28 35 37 38 41 45 52 53 56 65 67 69 77 84 85 90 94 101 108 110 117 121 124 131 133 142 147 149 152 158 163 167 177
10 3 10 20 28 37 45 49 56 66 73
19 2 12 18 19 22 25 28 36 44 47 52 55 56 64 69 74 83 89 95
29 10 20 23 29 37 40 47 52 55 64 68 72 81 85 92 100 108 113 121 129 134 137 147 156 160 170 179 180 188
20 1 7 16 18 27 35 42 48 58 66 73 80 90 93 96 106 115 123 128 129
38 4 6 9 14 17 25 32 39 45 50 51 56 60 67 77 82 90 96 106 113 122 125 133 136 143 145 154 158 159 162 167 174 178 181 191 192 195 204
21 3 12 21 30 31 34 44 47 51 55 59 62 65 67 72 74 75 82 84 88 98
40 3 6 12 14 15 19 27 34 40 49 59 61 69 72 80 84 85 86 90 93 94 102 112 114 120 123 131 138 141 146 155 161 165 174 182 184 187 190 191 193
11 9 15 19 27 31 38 46 51 53 61 70
7 6 11 20 21 24 26 34
38 3 9 14 21 28 32 35 41 46 49 50 52 58 62 63 64 66 72 75 83 87 94 103 107 109 111 121 131 136 139 141 147 156 165 168 170 180 187
25 1 6 8 12 17 26 28 32 42 50 57 62 64 69 76 77 81 83 93 98 103 105 113 122 124
28 10 13 21 29 30 38 45 52 58 63 68 74 80 88 92 96 100 109 117 127 129 135 140 146 150 159 166 167
48 6 10 14 24 25 34 37 45 54 63 72 81 87 94 95 96 100 105 111 120 128 136 139 142 143 146 150 157 159 167 171 179 188 190 195 200 207 209 213 218 223 230 234 238 240 247 251 257
13 2 3 10 19 22 25 26 33 34 38 47 51 60
4 5 12 15 16
26 8 11 14 21 27 33 43 46 55 57 59 66 69 75 82 89 95 96 100 106 115 116 119 126 136 145
19 2 11 20 25 35 38 46 56 66 74 77 86 89 95 99 103 104 105 110
11 1 3 9 17 25 26 34 40 48 54 62
18 7 17 25 35 39 41 49 52 60 64 73 81 90 96 106 108 110 117
20 5 7 10 18 22 32 33 38 47 52 59 65 69 78 82 88 89 96 97 103
26 7 11 16 17 18 27 33 34 40 44 46 49 56 61 66 70 73 80 90 95 99 102 111 118 120 127
40 2 5 6 12 18 24 34 36 42 50 57 66 67 72 73 75 84 91 99 107 116 122 131 136 146 151 158 159 167 170 175 183 186 192 197 202 209 219 223 232
49 9 14 17 26 34 40 46 52 55 62 64 71 74 76 77 87 89 93 95 105 111 115 118 120 129 132 136 137 142 147 155 157 158 166 172 176 179 186 187 195 204 214 217 224 230 237 245 254 256
36 10 20 21 24 26 31 35 45 46 49 53 57 61 69 77 82 91 94 102 110 111 114 124 134 142 144 151 161 163 170 177 185 190 191 201 204
30 1 10 18 28 38 47 57 60 67 68 69 75 83 88 94 101 103 106 109 115 119 122 124 130 133 143 153 156 160 161
28 6 8 10 11 14 23 29 36 38 40 48 50 54 57 64 67 76 82 91 94 101 107 115 118 125 133 142 151
30 1 6 12 20 29 30 38 45 48 53 55 64 73 83 92 101 107 109 113 116 125 134 135 144 154 158 166 167 177 184
33 4 5 9 12 14 24 25 33 36 44 46 49 51 60 64 65 72 74 83 85 89 91 92 95 97 103 106 116 125 131 133 142 146
17 4 12 18 22 26 36 41 48 56 59 60 68 74 78 83 86 88
34 10 17 23 28 29 31 39 45 49 56 59 67 71 80 85 89 94 100 108 111 116 120 128 132 141 142 147 154 160 162 168 175 178 185
28 1 10 17 26 31 34 39 45 53 56 58 62 71 79 84 88 94 96 105 114 122 126 134 143 148 153 159 169
16 6 9 15 20 22 24 28 37 47 56 64 73 74 84 90 93
48 8 15 21 27 33 43 49 50 54 55 65 73 75 83 91 97 100 101 104 105 115 123 124 125 135 144 148 149 159 165 168 169 177 178 181 190 200 201 206 207 210 220 228 231 240 242 249 255
22 2 6 12 21 29 30 33 35 40 43 48 54 55 65 66 73 80 86 87 95 97 98
3 4 11 14
5 1 4 10 12 16
48 3 9 11 12 20 26 32 33 38 46 48 54 62 64 68 78 87 92 102 103 105 110 117 122 128 136 137 143 148 150 153 155 163 172 182 186 189 192 195 196 197 202 208 213 223 229 237 238
10 7 16 20 27 31 32 40 49 51 54
42 9 19 20 23 31 40 46 48 49 51 54 59 66 74 81 85 89 99 107 116 120 130 134 135 140 148 153 163 168 175 177 179 187 193 203 204 209 211 213 215 225 233
44 3 12 17 21 22 24 33 36 40 48 53 59 60 70 79 89 98 101 103 105 106 113 122 124 134 138 145 146 155 164 169 170 173 181 191 195 204 207 209 215 222 225 234 236
10 6 9 10 18 27 35 40 50 53 58
45 8 17 26 35 41 43 44 49 59 62 65 72 76 84 87 97 103 112 114 121 130 135 137 141 148 157 164 169 170 179 186 193 195 200 205 207 217 224 234 238 248 256 258 260 269
41 10 14 18 22 27 29 36 41 43 50 56 60 69 72 78 80 81 82 85 91 95 96 105 110 112 119 120 129 136 140 144 146 147 150 152 156 161 171 179 187 188
3 10 19 21
23 6 11 20 27 33 37 38 45 47 56 62 63 69 72 78 88 92 93 102 107 110 120 125
3 3 9 19
18 3 7 15 22 26 33 40 47 48 51 52 59 60 69 74 84 93 96
48 1 3 11 17 20 28 32 37 46 53 56 63 65 73 74 76 78 84 89 98 103 110 119 120 126 128 133 140 143 149 152 153 157 159 168 170 177 178 185 192 197 199 205 212 222 230 240 248
47 3 12 16 18 28 35 45 49 56 60 63 68 71 73 75 79 81 90 98 106 107 114 117 125 126 130 137 143 148 154 162 169 175 184 194 200 207 214 220 222 227 235 238 239 244 249 255
42 4 11 17 20 25 30 36 45 52 59 62 64 70 78 81 83 85 94 102 105 115 125 135 142 152 155 156 158 159 160 161 171 178 185 193 201 210 213 218 228 234 244
27 2 9 17 19 25 30 34 41 51 53 58 60 62 72 82 85 95 100 103 109 112 114 115 125 134 139 142
4 1 6 11 15
29 10 14 17 18 23 25 28 35 41 48 54 61 70 78 84 86 92 98 102 106 113 123 127 134 139 145 146 147 154
6 9 12 18 26 28 29
23 10 11 18 21 27 35 38 39 44 53 61 70 75 83 89 93 98 107 115 121 127 136 140
12 10 18 28 32 41 46 54 58 67 69 71 79
14 8 17 23 32 38 47 49 59 62 64 66 70 78 79
4 3 10 11 19
48 7 13 18 20 21 29 31 40 42 49 58 59 67 76 81 84 87 92 100 104 106 112 113 120 123 130 133 141 144 146 149 159 164 174 178 188 189 192 199 200 207 209 218 226 230 232 236 244
4 8 12 13 15
39 10 11 21 31 34 42 49 56 65 68 78 85 89 90 99 102 107 115 125 126 128 134 136 145 151 153 154 161 164 169 172 175 181 185 191 192 195 197 202
31 5 10 12 15 20 22 27 34 41 51 56 58 61 63 64 69 78 83 84 87 93 103 111 118 124 129 137 141 142 143 145
16 3 4 5 8 14 15 25 28 30 34 37 45 47 48 53 63
1 10
50 5 15 22 32 38 41 42 48 55 64 73 80 90 92 100 104 111 121 131 132 141 149 152 154 159 160 169 170 173 180 189 196 203 213 218 220 229 239 247 252 257 266 274 277 279 283 286 287 295 303
33 9 10 14 19 25 26 29 30 40 50 56 62 63 72 80 83 85 92 100 102 106 107 114 119 123 124 132 133 143 148 154 160 165
13 3 12 15 25 26 36 40 42 47 55 58 67 68
17 1 2 8 16 26 32 36 39 42 48 52 53 54 56 62 63 67
49 7 10 16 24 25 32 34 35 40 49 58 61 68 75 79 89 90 91 95 103 111 121 123 131 132 137 140 149 154 157 162 165 169 172 176 179 182 185 195 198 205 209 218 224 234 240 247 255 261
5 5 15 18 20 21
47 10 13 17 27 31 35 45 55 62 70 80 87 88 91 92 93 96 99 105 109 113 114 117 126 136 143 148 153 156 158 166 169 173 175 178 188 191 194 196 205 208 218 223 226 235 238 239
22 9 10 16 19 23 27 35 36 37 42 48 55 61 68 75 76 77 79 86 93 102 103
20 1 5 13 16 26 28 35 45 55 62 68 74 82 92 96 105 111 112 114 118
42 1 10 15 22 25 35 42 52 56 57 59 60 63 73 83 86 94 101 110 115 118 119 129 132 139 147 156 166 176 184 192 202 211 216 225 228 237 240 241 244 251 256
11 6 16 21 29 36 38 46 51 59 61 62
30 6 11 14 22 26 31 37 41 42 44 49 52 54 62 64 72 79 89 96 97 100 106 113 116 119 127 134 135 142 152
38 8 10 16 20 28 29 37 43 46 51 55 58 67 68 75 85 94 98 107 117 124 126 128 134 141 144 153 157 161 165 169 174 180 183 192 194 204 207
22 10 13 22 27 36 37 39 43 48 52 58 59 68 73 75 82 90 100 108 112 120 129
41 3 13 18 19 22 29 35 40 50 59 63 71 79 80 85 94 98 101 106 113 116 123 132 133 141 143 151 153 159 169 177 178 183 191 200 207 216 224 227 228 237
17 8 18 23 31 40 46 48 54 61 68 69 76 78 84 94 97 99
43 10 19 21 28 36 44 47 50 57 66 74 78 85 91 99 103 112 119 128 131 136 141 143 146 155 163 165 174 183 192 201 211 218 222 229 237 247 254 256 266 268 270 272
47 6 10 16 26 35 45 49 58 64 70 74 75 80 86 94 103 106 116 120 126 130 140 142 147 151 158 164 166 173 176 179 182 185 191 197 201 211 212 213 222 230 234 237 241 248 249 257
8 5 13 14 24 33 38 41 44
49 6 15 24 32 42 52 59 67 73 83 84 87 91 96 102 103 104 113 118 119 128 134 136 146 151 161 164 170 176 186 191 193 201 203 207 209 212 215 223 226 233 241 251 255 258 259 261 262 264
4 10 20 25 34
49 2 9 12 18 21 31 36 40 45 53 59 63 65 68 72 81 89 97 105 107 111 116 122 130 138 141 149 158 167 172 173 175 181 187 188 196 197 200 205 213 223 233 238 240 244 254 256 262 263
33 3 8 17 22 32 38 47 53 56 65 68 77 83 87 91 97 104 113 123 132 137 140 147 154 156 163 168 176 181 184 192 198 199
43 8 9 15 17 22 27 28 37 46 47 56 65 74 80 83 90 94 104 114 123 126 134 136 146 154 161 168 177 178 179 189 194 198 203 213 221 225 230 240 249 257 263 268
37 7 13 20 29 35 40 50 53 59 62 69 72 78 81 86 87 90 94 97 99 101 109 114 116 118 127 134 135 145 152 158 159 164 166 173 178 179
41 7 12 13 15 22 31 33 39 45 53 57 61 66 71 76 77 86 93 103 104 108 109 113 114 124 134 139 144 151 158 163 171 179 181 185 191 200 201 203 210 211
14 8 12 21 30 34 42 50 51 55 63 69 75 85 92
37 7 8 15 17 20 25 31 39 43 46 52 59 65 66 74 80 85 95 104 113 117 122 124 134 141 148 152 153 154 155 164 168 174 178 184 188 189
28 2 11 17 26 27 28 35 45 51 55 65 72 73 82 89 95 102 106 114 123 129 133 143 147 157 163 164 168
14 7 15 19 20 27 36 44 45 51 55 56 61 67 70
41 10 12 13 18 27 37 45 49 50 59 63 72 73 77 86 96 105 115 124 131 133 143 152 156 163 169 177 183 184 193 201 209 210 211 217 222 225 229 238 239 240
42 4 7 16 22 24 26 35 42 51 61 64 74 82 85 90 99 109 114 121 128 129 138 140 143 147 150 151 155 160 165 169 170 179 183 190 198 203 212 214 221 230 235
10 2 6 10 13 20 29 30 40 47 57
50 10 12 19 28 31 39 45 51 55 60 61 70 77 86 93 102 108 110 114 117 125 134 143 149 153 154 161 165 167 174 176 182 192 195 196 204 210 215 221 226 232 242 250 259 261 264 273 282 284 287
12 9 13 17 25 26 31 32 35 39 45 55 60
25 2 11 17 24 33 35 40 44 46 51 57 67 72 79 88 93 103 104 109 110 112 113 115 124 133
24 10 12 15 19 26 29 37 46 54 64 69 77 81 85 86 93 98 101 104 113 118 121 131 139
4 5 7 17 27
46 3 8 15 18 19 20 29 35 42 51 53 62 63 64 73 81 90 94 98 99 107 117 119 124 129 130 139 142 146 153 154 164 166 174 175 182 184 186 192 193 197 198 200 202 210 215
32 6 9 16 18 19 23 24 26 31 38 43 51 54 61 63 73 77 78 80 81 90 100 103 107 116 123 130 134 142 146 150 151
38 4 6 12 21 25 28 31 37 47 56 64 66 73 80 83 87 94 97 102 110 112 119 120 129 132 133 135 140 147 154 162 170 178 183 189 194 203 210
12 7 9 10 16 23 27 28 30 32 37 38 43
9 5 10 18 23 32 39 46 51 52
13 5 8 13 20 29 37 38 40 44 49 53 57 62
26 6 10 14 23 30 33 42 52 58 63 71 72 77 84 87 93 94 99 101 109 113 123 129 136 137 144
49 3 7 8 12 14 24 27 32 41 44 51 52 61 69 76 83 88 97 100 110 114 124 133 139 147 148 157 165 167 176 177 179 185 188 192 199 202 204 210 214 222 223 227 236 245 246 249 254 261
23 9 17 22 27 31 38 45 51 55 62 69 70 77 83 92 95 101 111 117 125 135 141 142
43 6 14 17 20 30 40 41 45 47 56 63 70 73 76 80 81 90 95 105 107 112 115 122 127 130 134 141 151 159 163 171 178 184 193 195 198 206 215 223 226 236 241 246
19 6 16 26 31 40 46 49 56 59 62 68 77 82 87 88 95 100 109 112
42 3 10 11 15 25 34 37 41 43 48 54 61 62 70 77 81 85 89 91 94 104 114 118 125 132 139 144 153 161 169 179 182 191 198 207 208 212 213 220 223 231 232
6 1 3 9 14 23 32
7 1 9 11 19 23 24 27
14 9 18 21 28 37 39 44 49 54 55 60 64 74 76
35 8 14 22 30 36 43 47 52 53 54 61 70 71 80 86 90 98 104 114 117 126 131 133 141 151 158 160 166 169 175 183 189 190 191 192
5 1 9 13 17 26
21 8 17 20 27 35 40 50 60 63 72 80 88 95 104 108 113 119 121 123 130 135
50 6 16 23 28 29 30 40 43 47 50 59 68 70 80 86 95 99 108 112 122 130 138 144 146 150 158 162 166 175 177 185 188 197 199 208 210 211 219 227 228 231 235 236 237 240 246 252 260 261 268
34 7 11 12 16 18 22 24 34 35 45 54 57 59 61 68 74 77 81 86 90 97 107 112 117 120 125 129 133 135 141 147 154 163 173
34 4 12 17 23 27 31 39 42 51 60 65 70 78 86 87 88 90 99 107 116 126 136 140 142 150 157 158 165 168 176 182 183 187 193
10 7 17 25 32 35 38 43 48 55 60
26 8 10 20 26 32 41 50 57 58 64 72 74 81 88 97 104 105 113 114 119 127 135 139 144 148 158
36 7 16 17 24 28 36 44 50 52 54 55 63 72 74 81 82 85 88 93 96 99 101 103 106 108 109 117 121 129 134 141 147 154 156 161 166
14 1 4 5 11 17 23 28 30 39 49 51 58 62 67
27 2 6 11 13 15 19 24 33 38 41 44 50 59 63 68 74 81 87 88 92 98 100 101 103 105 106 113
22 7 12 14 15 20 23 24 32 37 42 45 54 59 69 74 81 83 87 93 99 104 107
17 9 19 28 31 40 50 52 53 55 62 64 65 68 77 84 88 94
23 10 12 18 23 27 31 36 46 50 53 56 64 65 72 77 78 86 92 97 107 110 116 125
22 6 14 21 26 30 36 41 51 55 58 67 68 69 73 81 90 94 97 100 103 105 106
4 2 9 13 22
12 4 13 19 29 32 40 46 49 56 63 64 66
2 7 11
34 10 16 20 21 24 27 37 42 48 56 61 64 66 76 84 93 100 104 111 118 122 128 129 132 142 150 155 157 161 171 178 187 193 202
36 8 14 22 27 35 44 48 56 59 66 70 76 78 82 92 101 105 111 116 120 126 129 139 142 148 153 159 164 174 179 181 184 187 196 206 211
43 5 10 14 16 17 26 32 41 48 58 64 74 83 84 91 95 105 110 115 123 125 129 137 138 148 150 159 165 166 172 181 188 189 195 199 204 214 216 220 225 232 234 244
31 1 6 7 14 20 26 27 28 35 38 45 50 51 57 63 66 70 72 82 89 96 100 101 107 108 109 110 117 122 130 138
14 1 6 15 21 23 28 29 33 40 45 49 54 63 72
36 7 8 9 19 27 28 31 33 38 40 45 46 50 59 65 72 79 81 91 96 97 105 108 114 120 128 133 138 140 145 154 162 168 175 183 190
36 3 4 10 15 18 25 33 43 48 52 57 64 71 72 75 82 92 95 98 104 107 114 115 116 126 136 146 152 161 168 170 177 178 181 183 188
45 4 6 15 18 25 32 42 47 54 56 57 63 73 77 87 95 96 98 99 103 110 119 121 129 139 141 149 153 156 160 163 167 171 178 186 190 194 200 205 210 219 223 225 228 234
9 6 14 20 24 34 37 47 55 57
6 4 13 15 20 22 27
46 8 15 18 26 33 42 43 47 54 63 70 72 77 86 93 98 108 112 117 124 133 140 146 150 152 153 159 167 171 175 185 187 191 193 197 203 210 215 225 228 230 232 241 247 255 256
48 5 15 20 29 31 34 44 47 48 56 60 69 79 86 91 99 106 113 114 124 127 134 140 144 147 157 158 167 176 178 185 188 198 206 215 224 228 230 236 241 247 253 255 256 260 266 272 273
15 10 15 21 26 29 38 48 53 54 60 61 71 74 79 81
46 5 12 22 26 28 33 38 48 57 58 65 68 70 75 79 81 87 94 101 107 108 117 124 126 135 139 146 152 156 164 171 177 184 190 197 198 206 208 213 216 222 230 235 241 248 250
2 6 10
26 1 5 7 9 12 16 19 25 27 29 39 40 44 49 54 56 59 61 70 73 78 87 97 101 108 111
38 2 3 10 12 18 21 27 36 44 53 60 61 64 72 80 86 90 97 104 107 109 111 117 123 129 138 139 140 144 152 154 158 167 172 178 183 187 190
42 7 17 24 32 33 39 44 49 53 56 65 73 75 80 90 91 98 108 118 121 129 136 140 142 146 152 160 170 177 180 188 189 196 205 213 217 218 228 235 242 251 261
12 7 16 26 36 37 44 54 58 66 74 76 77
42 7 9 16 18 22 24 31 33 38 39 41 43 45 51 55 59 66 73 75 84 94 104 108 109 114 117 120 123 128 135 136 137 142 144 148 150 156 158 164 174 184 191
49 1 7 11 18 19 22 29 34 40 43 48 54 55 60 70 76 77 83 85 93 103 110 117 121 127 129 139 142 143 153 161 169 173 181 189 191 198 208 214 222 224 233 240 241 248 256 262 270 279
44 5 13 22 30 34 44 47 53 61 70 79 81 85 87 93 94 102 103 106 107 112 122 129 131 139 140 148 155 161 162 169 173 178 184 192 194 198 202 207 214 216 226 231 235
13 7 12 14 20 23 31 41 46 47 53 55 59 64
5 7 11 20 23 27
36 2 8 16 26 29 34 44 54 60 70 79 88 96 102 108 118 122 125 135 137 143 151 153 155 164 167 171 179 187 192 202 211 214 221 229 235
12 2 8 17 19 29 38 47 57 67 70 73 74
34 3 11 16 25 33 40 43 47 49 51 60 62 67 70 71 77 83 87 90 99 105 112 121 130 134 142 145 149 151 161 162 171 174 182
48 5 6 13 23 32 41 44 46 54 57 62 67 69 74 78 87 92 96 100 102 107 114 120 122 130 140 148 152 154 162 166 169 174 181 189 194 201 203 211 221 224 230 234 244 250 255 262 264
29 3 8 10 14 18 25 30 35 44 47 57 59 69 79 82 86 92 97 99 108 114 115 122 125 135 137 139 143 147
6 2 5 11 17 24 33
16 7 13 15 18 24 30 32 33 39 46 51 53 63 69 76 84
19 9 16 17 21 23 27 37 45 50 52 55 56 64 74 84 88 91 100 105
3 1 8 9
36 4 6 11 20 28 37 47 49 57 61 70 74 83 89 98 102 112 114 122 125 131 136 142 145 154 163 167 176 183 193 202 203 208 214 219 229
22 8 18 28 30 32 35 36 40 50 57 61 69 77 81 90 93 97 101 108 113 122 125
21 7 9 16 17 26 28 33 35 37 40 43 49 57 62 70 76 85 93 103 113 115
14 3 10 13 22 24 29 36 42 49 55 60 65 67 77
48 2 7 12 18 26 33 38 48 57 64 72 74 75 82 87 96 105 107 115 117 123 126 128 129 137 142 147 152 153 160 164 173 182 192 194 199 209 218 220 226 235 238 247 255 258 263 266 276
1 3
42 2 11 15 19 21 27 35 37 45 46 50 55 59 61 71 75 80 86 95 97 105 112 122 128 138 147 156 162 172 181 182 183 192 195 201 209 217 222 227 237 241 245
28 3 12 18 28 37 38 45 48 55 57 63 64 73 77 83 92 96 99 101 106 107 117 124 134 135 144 148 157
12 6 7 9 16 20 28 32 34 43 45 54 58
2 1 4
18 10 18 19 23 26 31 39 43 47 55 57 62 72 73 79 81 90 92
38 1 3 6 8 18 27 36 37 47 51 53 62 64 65 70 74 75 80 87 97 101 102 103 105 110 113 122 127 133 137 146 154 157 159 160 165 168 172
21 8 13 15 17 19 27 35 39 45 47 53 56 62 64 74 77 82 85 91 101 109
41 9 10 15 16 21 25 35 40 44 54 58 59 67 72 73 78 80 85 87 90 94 97 105 110 119 122 130 131 141 143 144 150 154 161 162 165 168 175 183 193 198
14 10 16 19 26 28 34 39 47 49 56 57 65 73 75
28 3 7 15 17 21 24 30 38 46 51 52 56 64 72 73 76 86 91 96 105 108 113 114 115 121 127 134 138
20 4 8 18 26 32 37 44 52 60 63 69 72 73 79 84 87 89 92 97 107
25 10 20 30 33 42 49 53 54 62 63 67 72 74 76 81 85 86 94 104 105 109 119 124 131 140
30 1 6 8 9 15 24 33 38 41 51 60 61 69 72 82 90 95 97 99 104 114 116 117 125 134 136 140 143 153 154
32 2 3 9 12 20 29 39 40 42 48 57 66 67 75 80 88 97 102 111 112 120 126 129 136 137 140 145 149 153 156 166 173
4 3 6 8 12
37 9 18 21 26 35 39 43 48 50 55 61 64 68 72 81 83 84 85 87 93 98 104 108 118 125 133 143 151 154 159 164 171 181 190 195 201 206
42 4 8 17 27 32 33 39 44 51 60 68 75 79 88 97 106 115 125 135 142 146 155 161 170 178 183 193 202 209 218 223 225 229 230 237 247 248 250 253 254 255 264
7 5 15 19 29 34 38 44
32 7 17 19 24 27 33 37 44 45 49 51 53 57 66 73 76 78 80 82 90 93 96 106 110 114 115 118 122 124 126 133 140
17 9 18 27 33 39 45 55 61 69 72 80 83 85 95 96 100 102
28 8 18 22 27 35 39 47 52 54 55 57 58 65 70 75 77 79 86 95 104 113 114 116 118 127 129 136 137
32 2 3 12 14 22 31 38 41 51 52 56 59 69 79 88 90 95 99 108 116 125 126 131 132 137 142 147 157 166 173 177 181
47 10 16 25 31 32 34 35 45 47 52 58 65 74 78 86 88 93 97 104 108 116 122 125 126 127 131 135 139 140 146 148 152 153 162 169 171 176 180 181 188 192 201 206 209 217 218 222
35 3 7 9 12 20 27 33 38 48 51 58 66 73 74 80 84 91 92 96 99 102 108 111 112 119 123 132 140 146 156 157 166 167 176 183
36 10 11 17 20 23 27 28 37 39 47 48 54 57 58 60 61 68 69 74 80 90 95 101 103 113 119 126 136 145 148 152 153 154 163 167 170
24 3 7 8 17 21 28 37 45 47 49 59 64 67 69 78 84 88 94 97 106 112 116 121 125
16 9 11 15 17 19 22 24 25 34 42 45 55 61 70 75 82
17 8 15 25 32 34 41 51 58 60 63 67 75 83 85 90 91 98
46 8 12 13 15 25 35 44 45 49 58 62 72 81 89 99 103 107 115 119 123 125 131 138 146 149 157 165 168 171 172 182 184 192 193 194 203 210 218 223 225 235 245 250 255 256 259
26 8 18 24 26 35 37 41 45 50 55 64 74 78 82 83 89 90 92 96 100 103 106 116 125 135 137
30 7 13 16 17 21 24 26 30 39 42 46 55 59 67 73 75 84 89 96 105 115 116 119 123 130 131 141 148 149 153
22 10 12 19 27 35 42 47 50 58 61 68 78 82 83 85 90 99 108 111 118 123 132
42 6 16 22 32 41 43 48 54 63 66 72 82 89 96 99 108 113 121 123 127 130 139 148 156 158 164 165 168 171 176 185 189 193 195 205 214 216 223 228 238 245 253
27 7 10 18 26 27 35 45 46 54 60 63 73 80 83 92 98 99 102 108 116 124 131 132 137 141 151 157
32 7 8 16 25 35 44 45 55 56 59 69 79 87 90 96 102 104 111 117 118 122 130 139 142 149 158 165 166 167 171 173 178
9 2 6 14 24 29 30 40 41 42
17 8 9 15 16 22 28 36 37 42 47 48 57 65 69 74 84 93
12 1 7 13 23 32 41 50 51 58 61 62 64
29 5 9 15 19 29 38 39 46 55 61 70 77 80 82 92 94 96 106 112 116 121 131 137 140 148 154 160 165 175
22 2 7 9 12 13 20 22 29 30 36 39 41 49 52 56 64 69 70 76 83 86 90
1 10
19 2 9 12 19 24 33 43 44 48 58 67 77 86 96 103 110 118 122 130
24 2 12 18 28 29 31 34 37 43 48 56 63 66 73 79 81 83 89 90 92 95 100 108 118
25 3 13 22 27 33 42 46 50 55 57 63 72 80 85 95 102 108 112 114 119 120 130 137 146 155
37 10 14 24 27 36 38 39 42 48 50 55 62 68 75 82 85 93 101 102 111 116 120 130 139 149 156 166 176 182 190 198 208 211 213 220 227 229
41 1 8 16 22 25 31 40 46 55 64 65 71 74 77 79 82 90 98 105 115 122 132 135 137 145 148 149 152 159 168 169 178 185 192 202 208 211 218 220 222 223
39 7 17 18 27 35 36 44 51 61 64 67 77 86 94 95 97 99 108 110 118 127 128 137 143 146 150 160 162 167 174 184 188 195 197 198 205 214 218 219
4 9 18 21 24
22 2 8 15 21 25 28 38 43 50 57 59 61 69 70 75 80 90 97 100 102 103 110
8 5 13 18 27 29 31 38 42
31 10 18 23 33 43 44 52 58 65 67 74 76 78 81 88 95 101 111 117 121 131 136 144 149 154 159 164 168 171 175 185
36 1 11 21 22 30 36 41 50 59 66 76 84 92 100 106 116 120 128 136 140 146 154 157 159 163 173 175 179 186 196 199 209 211 217 226 236
1 2
38 3 5 8 17 23 25 32 42 50 53 59 62 70 79 89 92 94 100 109 119 126 133 137 139 144 153 158 162 165 171 178 185 195 199 201 211 217 225
3 5 12 22
10 9 18 23 25 35 43 51 53 58 62
36 10 17 22 32 42 45 52 58 64 71 75 85 89 98 104 107 109 112 114 116 118 124 125 134 143 144 148 149 156 165 167 169 176 182 192 202
50 5 6 10 19 24 34 43 50 56 65 73 74 81 82 84 87 90 91 100 103 104 107 116 122 127 136 137 143 147 150 160 170 180 182 190 196 204 207 215 218 220 224 234 244 250 252 255 259 269 273
44 3 4 13 22 32 40 42 46 54 59 63 73 82 88 98 106 116 122 127 133 140 148 156 161 166 168 172 176 184 187 189 193 200 209 214 219 227 233 240 248 257 265 267 277
2 2 10
38 1 3 5 7 9 15 19 22 23 32 42 49 53 55 61 67 75 78 86 87 91 92 95 101 108 114 115 118 120 124 133 141 151 161 170 178 184 192
22 5 7 15 20 22 25 30 39 48 52 55 64 67 74 75 83 88 93 95 96 98 107
8 1 7 8 11 13 23 29 37
11 3 8 14 17 26 30 40 50 52 53 61
35 3 5 12 17 25 28 35 42 50 58 68 69 75 85 86 94 95 100 108 114 117 126 136 145 152 158 166 174 184 187 192 193 199 207 214
25 3 7 10 13 21 30 34 41 43 50 56 64 70 74 78 87 88 90 96 99 104 108 114 115 120
34 9 12 21 25 30 34 43 52 58 64 69 76 79 81 87 94 97 98 101 109 112 118 121 130 139 144 150 152 162 168 177 182 184 185
12 2 6 16 26 31 36 38 39 47 53 63 72
35 10 14 19 21 22 31 37 40 49 50 51 52 57 63 69 71 75 78 79 84 85 86 89 99 104 109 116 125 131 138 143 152 157 166 175
8 6 16 17 18 28 36 40 50
28 4 12 20 29 34 38 40 50 55 63 73 82 83 86 88 89 94 98 104 105 111 121 126 132 142 152 158 168
6 9 10 11 20 22 28
36 5 10 13 20 29 31 33 37 46 55 59 63 65 74 76 83 86 87 95 97 99 100 105 109 117 126 132 138 144 148 153 159 164 171 181 188
23 4 9 18 26 34 39 48 54 61 66 71 76 84 90 91 100 101 103 112 121 124 128 138
14 2 11 19 20 24 28 33 42 49 55 62 69 72 73
44 5 13 16 22 23 27 31 34 35 40 42 49 58 61 65 66 74 83 84 88 91 97 107 110 114 121 126 129 138 148 149 150 154 157 166 170 173 180 181 183 186 189 199 208
46 4 6 13 21 28 38 40 43 52 62 68 72 81 91 92 96 100 108 116 121 127 137 143 148 154 158 164 170 172 178 182 184 190 191 196 204 209 219 224 226 233 234 236 238 241 245
26 1 2 3 9 10 16 19 21 26 32 39 46 50 51 59 65 70 78 86 91 98 102 105 112 114 118
33 1 10 16 20 28 32 40 45 47 53 63 67 69 73 77 84 92 96 102 107 112 117 126 131 140 149 159 164 169 178 186 194 200
50 5 8 9 16 18 21 27 28 38 46 52 62 64 73 75 78 88 93 99 107 116 126 135 138 148 154 164 166 174 175 181 189 195 197 201 211 219 220 221 222 229 235 243 250 253 258 267 270 280 282
49 3 8 11 15 22 28 29 30 32 39 48 50 52 54 64 73 74 76 77 85 94 95 101 110 118 124 126 132 137 140 145 152 162 166 175 182 192 200 206 212 221 225 231 233 235 240 241 246 253
34 6 8 17 27 36 44 46 55 63 73 83 93 96 106 114 120 123 129 131 136 139 148 154 159 166 173 182 191 200 202 203 213 223 224
20 9 16 18 25 35 36 43 45 47 53 57 58 68 70 73 77 79 84 87 95
42 9 17 24 27 35 40 48 56 61 69 74 81 86 94 104 110 120 127 136 141 149 152 160 163 170 176 177 182 185 194 199 205 213 217 226 228 237 240 248 252 253 262
25 9 12 22 28 37 46 53 63 66 73 77 79 88 89 98 101 109 112 113 118 124 129 136 140 149
23 2 12 19 23 26 36 40 44 52 58 60 61 67 77 80 82 87 91 95 100 106 109 110
6 4 5 13 15 22 28
1 7
19 8 14 22 30 40 47 51 59 67 76 84 92 93 99 107 110 111 120 125
21 4 13 14 20 26 28 37 47 48 50 54 64 68 71 80 89 97 101 102 109 112
5 2 8 11 18 26
22 6 10 17 19 24 32 36 38 44 54 60 67 76 80 90 100 108 117 118 120 126 133
33 1 11 14 17 20 29 36 40 47 57 65 73 82 87 92 102 112 116 123 128 135 139 145 154 160 165 174 176 181 182 187 193 202
3 1 7 10
23 4 12 15 21 23 25 32 40 43 47 48 50 56 66 69 73 80 83 92 94 100 109 112
40 1 4 10 14 16 20 21 24 34 39 45 52 61 65 69 70 79 89 98 106 116 126 133 140 142 144 148 156 157 159 165 172 181 185 187 188 189 190 194 200
13 6 15 23 27 29 37 44 53 57 61 71 72 82
19 6 14 16 19 20 23 33 37 41 45 51 53 62 72 80 83 92 98 101
7 2 11 15 16 18 26 27
4 5 14 21 29
5 10 11 13 18 21
15 5 8 13 20 23 27 32 39 40 43 48 56 65 73 80
43 6 8 15 22 26 34 36 46 52 62 66 68 76 86 89 92 95 97 99 106 113 122 129 133 135 136 137 142 146 152 153 162 165 175 183 192 200 202 204 207 209 212 216
42 10 11 14 19 20 25 33 39 40 46 52 59 60 62 64 74 78 86 93 100 109 117 121 130 135 142 145 154 156 164 171 175 185 191 198 204 208 214 219 223 231 235
15 5 14 16 21 24 25 29 37 40 42 50 58 65 66 76
27 5 6 13 23 29 38 41 48 54 60 65 71 78 79 80 86 93 95 97 105 109 117 120 126 128 138 146
36 5 11 21 28 37 42 46 53 61 69 75 84 86 94 98 100 109 110 114 117 127 128 135 140 145 146 152 156 160 165 167 174 179 181 182 190
2 1 4
10 9 12 19 21 28 37 46 51 57 59
50 10 19 20 24 25 34 37 39 48 49 52 57 59 60 62 67 70 71 79 81 85 88 98 101 103 107 114 118 120 124 125 126 132 142 143 146 152 159 169 175 176 184 188 195 198 204 207 208 210 218
26 4 12 17 21 27 31 35 42 51 56 62 72 79 85 92 101 104 112 115 122 132 140 149 156 165 166
40 6 13 15 21 29 33 42 48 53 63 67 74 79 81 91 98 105 109 111 117 120 121 126 136 145 150 157 161 165 172 179 188 195 201 205 214 218 219 220 229
40 6 14 17 22 31 37 45 55 64 69 76 86 88 96 98 101 103 112 114 121 124 133 142 150 153 156 161 168 176 185 186 190 191 201 204 214 220 221 231 240
32 5 6 9 10 18 24 25 31 36 45 52 56 62 63 73 81 90 92 101 106 112 114 121 124 133 141 151 161 171 178 183 187
41 8 17 22 24 25 30 31 36 38 39 44 51 54 56 62 71 78 82 87 88 91 92 101 108 113 116 121 131 137 143 150 155 165 174 176 177 178 183 193 200 203
43 9 10 20 24 27 36 39 45 50 51 55 60 64 70 78 79 82 85 91 92 93 95 99 101 104 112 113 117 126 135 143 153 160 164 166 172 174 181 186 195 197 201 208
13 5 10 15 23 28 33 43 48 51 60 69 79 84
1 9
12 7 10 17 20 24 30 36 42 48 51 61 66
50 2 3 10 16 25 32 35 42 46 47 49 58 59 69 72 77 80 88 94 95 98 106 111 114 119 123 130 140 150 155 157 167 173 174 183 192 201 204 206 209 216 226 229 238 243 251 252 256 264 267
40 9 15 18 24 31 41 50 54 55 56 60 67 77 82 83 84 94 102 110 111 116 126 135 139 142 151 152 155 162 164 174 181 189 194 195 199 202 203 211 218
28 5 14 20 28 37 42 46 56 63 64 74 80 88 98 100 105 110 115 120 122 131 135 139 144 145 148 158 165
21 6 13 18 19 28 31 39 42 45 55 56 66 69 78 87 93 101 104 107 111 120
25 3 11 21 22 29 38 39 46 55 65 71 81 89 90 92 96 97 98 99 107 116 120 127 136 146
9 1 3 9 14 24 32 42 52 53
6 8 16 19 28 29 31
14 2 6 16 20 21 29 32 34 35 43 51 55 60 61
15 7 12 18 20 27 32 41 45 53 59 63 68 69 76 79
11 4 12 19 24 33 41 49 59 65 74 84
5 9 14 18 23 31
8 10 13 16 18 22 32 35 40
43 9 11 12 19 23 33 39 48 56 66 72 77 82 84 92 102 108 116 120 130 134 136 140 143 150 151 156 157 159 160 161 171 178 188 197 201 205 211 220 230 237 239 247
26 7 15 23 30 40 50 60 61 69 72 74 81 86 89 91 94 98 107 108 118 119 123 124 128 134 137
3 2 5 6
7 1 5 15 18 25 35 41
48 5 13 18 19 28 35 40 49 50 58 64 67 72 80 84 91 98 105 114 117 123 132 141 148 149 156 165 174 181 187 196 201 210 212 219 220 222 223 231 238 244 253 263 264 270 274 283 290
9 4 13 19 29 37 47 53 54 59
7 5 14 20 29 36 40 43
34 6 13 21 23 28 30 34 38 40 41 49 53 62 63 70 71 78 86 92 97 99 102 108 114 121 124 132 138 145 148 157 161 169 174
19 4 7 15 23 30 34 39 40 45 54 61 64 70 77 78 81 91 101 110
4 7 11 14 18
11 4 14 17 27 30 33 43 49 54 55 60
45 9 17 24 31 34 41 44 46 55 61 69 79 89 91 98 101 103 104 107 117 126 134 144 151 156 161 166 174 177 187 197 198 201 203 210 214 221 231 233 235 239 247 253 259 265
21 6 9 15 25 33 39 41 50 54 63 69 70 75 80 84 91 96 101 105 115 125
27 5 9 17 23 33 43 49 59 68 72 74 80 82 91 94 101 108 113 114 121 123 132 133 136 141 149 152
26 2 9 11 15 21 25 33 36 42 49 53 59 65 69 79 82 90 97 105 109 117 125 127 134 144 154
6 10 15 24 33 41 47
43 3 12 13 22 28 34 44 48 51 55 62 65 68 74 79 84 88 98 103 109 115 120 122 127 134 143 152 160 166 169 179 180 182 183 186 192 197 204 210 213 216 224 227
6 2 6 14 23 29 33
3 7 17 20
29 10 19 26 32 33 42 48 52 55 61 70 75 83 88 98 104 106 114 118 127 128 135 137 142 152 153 158 159 160
28 5 11 15 25 31 39 48 50 55 62 70 71 76 82 85 90 93 97 100 109 113 114 115 122 132 141 151 152
17 6 14 21 26 31 41 47 56 59 61 70 74 81 91 92 94 101
26 3 9 17 26 30 35 36 37 42 48 57 58 64 73 82 89 91 96 104 106 109 119 128 134 136 144
46 9 10 14 18 24 30 34 36 40 43 50 56 58 68 72 74 81 82 87 92 95 96 104 111 119 123 125 128 135 144 151 156 163 171 177 182 191 201 207 211 221 226 227 236 240 244
31 10 11 19 26 31 34 38 45 53 62 66 69 76 77 86 92 96 99 108 118 128 130 139 141 147 152 162 164 169 176 186
15 2 11 13 17 26 31 34 35 40 43 53 55 59 63 64
6 6 16 17 22 26 30
49 2 9 18 21 24 28 32 36 42 45 52 62 69 77 86 91 100 101 104 112 120 127 134 139 148 149 151 156 160 169 177 184 186 189 190 198 200 208 211 220 228 231 237 241 242 246 256 262 268
32 8 18 19 20 29 34 43 48 58 62 72 78 85 89 94 99 106 113 121 129 137 147 153 154 161 171 175 185 189 195 199 204
37 2 4 12 16 23 33 42 46 53 62 63 66 72 80 82 87 90 97 102 109 115 122 124 126 130 139 140 148 152 159 163 171 181 183 187 190 200
46 1 6 8 15 23 33 43 47 50 52 61 71 79 83 89 94 101 106 113 122 126 132 138 146 150 157 165 168 170 173 181 190 199 208 211 218 224 232 238 245 248 255 259 267 270 277
36 4 10 11 20 21 30 31 32 36 45 51 61 65 69 70 72 74 77 86 96 100 104 107 108 110 112 116 117 126 135 139 147 152 156 163 172
28 5 15 24 30 33 43 49 54 63 67 74 77 87 94 100 104 113 114 124 134 137 139 144 151 153 161 170 173
47 10 16 20 29 32 36 46 47 48 54 56 66 69 79 87 97 102 106 111 112 115 119 126 135 137 145 150 157 164 169 172 174 179 186 195 205 212 221 230 239 243 250 256 266 270 271 274
13 3 6 9 12 17 21 31 41 47 50 57 59 64
31 9 10 20 27 30 31 41 51 56 60 65 73 78 85 88 95 102 111 118 120 124 128 138 140 143 147 149 159 168 174 175
22 7 15 18 19 23 31 32 39 40 49 57 65 72 74 82 83 91 93 95 98 101 108
15 9 15 17 26 33 36 45 47 53 60 65 71 75 85 93
10 5 6 13 22 29 39 41 50 54 63
20 5 6 10 13 19 22 29 39 45 50 58 62 64 71 74 81 85 88 90 93
23 3 12 22 32 37 46 49 55 59 65 66 71 78 85 88 90 100 108 116 124 126 130 132
2 5 14
13 1 7 11 18 26 32 40 41 51 58 67 69 71
13 9 17 24 31 33 43 46 52 57 58 68 77 82
33 7 8 15 23 25 33 42 46 54 59 60 70 73 75 79 85 92 98 100 101 107 117 123 124 127 133 138 139 141 144 152 162 167
34 2 3 8 18 22 27 32 39 42 50 52 53 54 60 61 67 72 75 79 85 93 101 103 104 107 113 117 124 126 129 131 135 145 151
18 2 5 9 19 20 24 28 32 33 36 42 48 57 60 70 77 85 89
47 9 18 25 29 36 45 50 57 59 69 76 82 86 91 92 94 104 114 122 127 132 142 149 155 160 161 166 174 177 178 183 191 196 202 210 215 216 221 229 235 241 243 248 256 266 273 280
9 6 7 10 17 18 26 30 33 38
48 9 14 18 25 32 39 48 55 58 63 71 73 79 85 89 92 101 102 107 116 122 125 135 140 142 148 154 155 159 164 167 170 178 182 185 191 192 197 204 205 214 219 223 225 228 234 243 252
26 4 10 11 16 23 26 27 34 37 40 48 53 55 64 67 72 79 83 92 93 96 97 101 102 103 108
23 5 8 12 16 17 23 31 37 46 51 57 65 67 75 81 87 97 103 107 114 123 127 134
7 4 5 14 18 21 30 31
36 8 15 24 31 32 35 43 51 57 64 73 82 87 97 98 103 106 107 117 121 122 130 137 146 150 155 161 163 169 175 183 191 194 196 199 200
28 8 9 18 28 37 44 53 60 62 64 74 84 85 88 91 94 100 106 107 112 116 117 119 126 134 138 141 145
21 6 13 21 30 37 44 53 63 71 73 81 86 95 102 107 113 114 123 129 133 137
17 5 14 16 26 31 39 43 53 55 60 61 62 71 78 86 88 97
47 4 8 16 19 24 27 37 44 50 56 65 69 76 80 89 98 102 111 113 117 124 131 141 149 152 159 168 170 173 178 181 184 185 191 200 205 212 219 225 227 230 236 241 250 255 265 271
23 6 11 17 20 22 28 36 41 50 54 64 67 69 79 86 88 91 96 98 108 114 119 126
27 2 7 16 22 29 30 39 47 50 52 57 62 63 73 76 82 88 90 93 102 110 114 120 125 127 135 143
33 2 10 14 19 23 24 34 40 43 48 52 53 61 63 69 76 82 89 98 108 116 123 129 130 134 143 149 155 158 168 177 183 189
25 2 4 8 16 20 23 29 37 40 45 54 55 58 63 69 75 79 88 98 108 112 113 117 126 129
34 8 16 17 20 24 32 38 47 53 62 71 74 78 81 88 98 102 104 105 110 120 130 139 143 145 152 155 157 160 165 172 175 178 183
9 6 7 15 23 30 36 46 51 56
18 10 14 16 26 31 39 45 49 54 58 68 72 80 86 88 98 108 110
17 7 13 16 22 32 36 41 51 59 66 75 79 81 87 91 100 103
4 2 4 13 16
13 7 15 25 30 40 41 42 44 51 58 67 70 79
5 5 8 12 16 19
32 6 15 22 27 37 45 55 65 72 80 85 90 93 102 110 118 119 122 129 130 138 146 151 155 165 174 176 177 178 182 183 191
39 10 16 21 22 25 33 41 51 53 54 63 65 75 76 77 80 89 95 96 105 108 117 118 121 123 127 133 139 143 151 158 162 163 172 177 178 180 189 199
1 1
13 3 9 11 18 24 29 31 32 35 39 42 52 60
14 10 15 19 26 28 36 41 49 54 55 59 62 69 75
12 10 12 19 26 36 38 44 53 58 66 70 80
3 1 11 20
8 5 15 19 29 33 36 37 39
17 2 9 19 21 24 26 36 42 44 54 60 69 73 82 90 95 97
15 6 9 15 24 33 37 43 51 59 65 66 67 68 70 73
20 7 14 19 23 33 43 53 63 69 74 78 83 92 100 110 117 121 127 136 146
35 3 12 16 23 24 34 42 51 60 63 68 75 81 85 94 99 105 111 118 122 132 142 144 150 156 157 165 172 180 184 190 199 206 211 213
31 3 8 9 17 19 24 34 40 50 60 70 74 78 87 95 102 106 114 115 122 131 134 143 149 150 153 158 168 173 175 177
39 2 9 18 23 25 26 34 41 50 53 61 71 72 73 74 80 90 100 105 109 111 113 114 120 126 135 137 143 146 152 160 164 165 169 174 183 191 198 208
44 1 2 7 13 22 26 29 34 41 50 53 63 73 75 76 80 88 90 95 105 114 117 120 124 134 138 147 151 161 167 169 175 177 182 190 192 193 202 212 215 224 231 236 239
25 2 12 17 19 29 34 39 41 51 53 60 68 70 71 73 75 79 81 87 89 97 106 107 111 113
25 1 8 10 17 18 28 36 42 46 56 57 62 63 67 70 71 77 87 92 96 97 101 106 111 118
50 3 12 14 22 29 33 40 42 50 60 66 67 68 73 76 79 80 83 88 95 99 101 102 112 113 116 124 130 135 141 148 158 163 164 167 176 181 191 199 206 211 219 220 224 230 231 232 236 245 253
24 2 8 11 20 23 25 33 40 50 51 57 61 66 74 83 88 92 94 100 105 111 121 129 132
1 5
43 6 16 25 28 29 31 35 44 51 60 64 70 75 80 89 92 102 109 111 112 120 125 134 140 144 153 160 170 171 177 180 187 193 197 201 208 217 220 229 238 248 258 262
36 1 2 11 19 22 26 32 42 48 52 59 64 68 69 74 83 87 91 96 106 115 117 122 132 134 136 145 149 151 159 168 175 184 188 197 200
23 2 7 11 16 26 29 35 36 41 43 52 60 62 71 76 78 87 88 90 96 103 106 112
7 4 14 17 21 28 36 38
25 7 12 19 23 24 26 34 42 52 58 64 69 78 80 90 91 94 98 101 108 118 127 136 139 142
2 2 5
43 1 6 10 11 18 26 34 38 44 53 59 67 69 74 79 88 96 101 103 108 109 119 129 130 131 138 140 150 158 166 174 180 187 196 204 212 214 220 224 225 231 240 242
9 4 10 20 24 33 43 52 61 66
19 4 5 10 11 12 19 25 27 36 39 47 50 55 65 66 67 69 70 74
20 8 9 10 13 17 21 27 31 32 39 48 55 58 59 67 76 81 83 92 96
23 10 15 20 27 37 38 48 54 56 63 71 76 79 87 89 92 102 112 113 118 120 128 138
50 2 12 19 28 38 39 46 50 56 63 64 66 73 74 80 87 91 94 101 108 113 118 127 130 133 143 144 153 160 162 169 176 181 186 196 202 205 208 209 218 228 235 236 240 244 249 254 263 269 270
27 10 20 30 39 45 46 56 66 73 76 79 87 96 98 103 106 109 110 118 127 131 140 148 150 157 160 162
44 3 13 23 31 34 39 45 52 59 66 68 78 84 94 100 101 104 109 111 116 124 128 136 140 145 152 161 162 169 179 188 190 191 194 202 205 214 217 219 224 233 235 236 246
15 3 6 10 19 25 35 40 46 56 57 63 69 73 80 86
2 8 12
3 4 7 17
44 6 13 14 24 33 37 45 55 64 66 76 80 86 95 103 112 113 115 124 128 137 147 152 154 162 163 164 167 173 175 177 181 189 194 196 204 211 221 222 230 231 233 239 248
35 7 13 20 28 32 37 40 45 49 52 56 63 69 71 76 86 94 100 102 107 111 113 120 122 130 133 134 143 149 150 153 154 157 162 169
18 1 8 13 22 26 31 38 48 52 57 65 68 70 79 87 88 89 98
43 6 16 20 21 24 32 40 43 51 54 55 57 62 64 71 73 76 84 90 97 106 111 117 127 131 141 146 149 156 164 165 166 175 183 191 200 204 209 219 226 232 235 241
38 9 12 19 21 29 33 35 45 54 64 65 69 75 77 84 91 95 102 112 116 120 126 131 133 139 144 151 152 154 157 158 164 171 181 184 187 196 199
31 8 11 19 22 32 41 42 47 48 57 58 67 74 80 89 90 97 99 100 109 113 116 123 132 135 139 145 152 154 161 170
17 8 17 23 26 33 42 51 57 67 71 80 84 93 101 110 117 123
9 2 12 20 23 30 32 37 41 51
11 6 13 16 26 33 34 43 46 50 52 57
35 2 11 15 24 30 40 49 58 67 76 86 95 97 106 109 119 121 123 124 131 132 134 144 154 159 162 167 173 176 184 185 194 197 202 203
19 6 14 23 29 38 39 42 49 58 68 72 80 87 88 89 95 102 103 108
40 7 8 17 22 25 28 34 36 39 48 55 65 71 73 77 87 96 105 114 123 125 128 138 141 149 154 159 164 174 183 193 194 197 205 208 215 216 219 228 234
22 10 14 20 28 29 36 38 48 49 51 55 60 64 72 79 82 84 94 102 109 111 113
42 7 8 14 22 23 31 38 43 45 52 53 58 64 72 78 83 91 101 102 110 116 122 132 141 149 153 156 157 164 167 168 173 181 185 191 197 205 215 221 231 240 243
14 5 15 25 29 34 40 47 48 51 60 62 70 75 79
21 1 4 14 23 28 38 44 53 56 57 59 68 69 79 89 94 104 112 114 123 125
15 6 7 10 17 25 27 30 34 41 46 54 62 70 77 79
10 5 7 15 25 28 38 43 50 60 67
49 8 13 18 27 30 31 38 40 41 50 58 66 75 77 80 86 95 104 112 118 124 127 137 146 150 156 161 167 173 178 180 186 188 198 201 211 212 216 224 226 233 241 247 257 264 271 272 276 277
30 9 18 19 29 35 44 48 50 56 63 65 71 75 78 79 88 98 99 105 111 117 120 121 124 131 140 144 152 153 163
28 7 9 18 23 24 26 28 35 41 49 50 52 60 66 73 78 86 88 98 105 114 115 116 119 127 137 146 147
16 9 13 18 20 29 35 39 45 55 59 69 70 73 77 87 95
15 8 13 14 15 18 26 29 32 33 37 46 50 52 62 65
17 5 7 8 13 19 26 31 38 42 47 50 54 56 61 64 72 82
1 9
24 9 18 21 28 30 35 39 40 44 45 47 54 57 59 60 66 72 77 79 86 91 100 105 111
50 5 8 13 16 20 26 27 31 38 44 49 55 64 69 75 80 90 96 102 112 118 126 131 141 144 150 158 161 169 176 178 183 190 199 209 214 216 219 228 230 233 243 249 258 264 269 270 280 288 293
34 5 10 20 21 23 24 25 29 36 44 50 57 61 69 72 82 85 89 99 101 108 111 120 121 123 126 129 138 139 144 151 161 162 169
18 8 10 14 15 22 28 33 39 40 43 49 51 57 61 69 71 81 84
18 10 15 23 29 33 40 41 47 57 64 70 77 87 88 89 92 95 100
35 5 9 12 17 20 30 38 47 51 55 65 73 75 78 88 89 99 103 105 112 114 124 126 135 144 151 155 165 167 175 185 195 200 202 203
32 2 12 17 25 33 37 41 48 49 54 64 71 74 76 79 87 93 100 102 105 110 116 126 129 131 138 146 154 164 165 174 176
19 10 11 15 19 26 36 39 45 47 49 53 56 64 65 73 80 86 89 90
7 3 10 15 21 26 28 35
29 10 17 18 28 31 34 40 44 45 53 59 69 70 80 83 89 90 100 102 105 113 117 121 122 129 131 132 139 149
14 10 20 24 34 40 44 51 55 59 63 72 74 84 93
24 4 13 19 29 34 39 44 45 46 51 54 57 63 70 74 76 86 94 102 108 118 123 131 133
9 8 14 19 26 29 38 41 48 55
36 1 4 6 12 18 22 26 33 39 46 50 56 60 65 68 69 78 81 82 86 89 92 94 102 107 112 119 126 130 137 138 141 149 152 162 163
43 6 9 13 18 22 29 35 37 46 47 53 58 62 66 72 80 86 90 98 104 114 117 127 136 144 151 155 160 167 168 177 187 194 201 205 207 217 227 231 238 243 248 249
38 6 14 17 18 21 24 27 30 35 45 54 63 64 73 82 88 91 93 100 109 119 125 131 137 139 142 148 153 157 164 168 173 181 191 197 201 207 217
18 8 17 23 33 34 35 37 43 45 53 61 63 66 74 77 82 90 96
21 3 13 19 28 33 40 41 50 52 62 66 69 72 79 87 95 96 102 104 110 115
5 5 8 17 19 27
44 3 6 13 20 23 33 43 47 48 56 60 70 76 77 80 86 94 95 103 106 114 124 129 134 142 143 146 156 163 170 173 176 182 186 195 199 203 210 212 214 222 230 235 241
10 7 10 16 23 29 30 34 42 48 50
32 6 13 20 28 35 36 46 55 61 67 68 71 73 82 91 98 104 114 123 127 136 137 146 149 155 156 161 169 176 181 188 198
45 3 5 15 20 21 31 41 45 53 59 60 65 70 71 73 80 89 99 103 110 117 126 131 132 137 138 142 152 157 161 167 174 181 188 190 192 198 199 201 209 214 224 228 233 241
8 2 8 11 21 30 33 36 46
42 4 7 14 20 24 27 30 33 34 37 44 53 59 61 66 72 79 81 83 89 90 99 103 105 107 111 120 121 125 127 131 136 142 149 159 165 169 175 185 193 196 198
31 6 7 15 18 24 33 37 44 48 57 64 70 72 78 79 85 93 96 101 103 110 111 116 117 122 132 139 144 150 156 165
50 9 14 18 21 31 34 41 47 56 62 66 70 77 84 88 89 99 104 110 118 125 129 136 139 141 145 149 156 160 168 171 173 177 180 186 192 201 205 206 207 217 223 228 229 233 238 243 251 260 264
49 4 13 18 26 27 35 41 49 51 60 69 73 83 85 92 96 100 103 108 118 123 124 132 138 147 150 157 162 170 176 184 194 200 206 207 208 217 221 230 237 242 244 249 255 261 270 279 285 287
48 3 6 8 17 19 24 29 31 34 36 43 50 52 54 56 65 73 74 76 77 87 95 100 102 111 117 124 128 136 144 151 161 171 172 179 187 188 198 199 204 208 218 221 227 234 242 246 249
2 4 6
42 10 12 15 19 27 29 39 41 42 46 54 62 65 68 69 70 75 82 90 99 107 110 117 122 131 140 149 152 159 161 163 167 168 178 180 185 190 193 194 199 206 208
4 3 13 17 19
8 8 14 16 26 28 36 43 44
17 8 13 20 21 28 34 39 40 41 44 47 48 55 56 61 69 72
25 4 13 16 22 25 28 36 43 47 55 64 67 68 78 81 91 97 106 114 120 123 129 137 139 144
13 7 17 24 28 35 39 47 49 50 60 63 65 66
25 1 2 8 11 16 19 20 30 34 38 40 48 49 51 60 69 78 88 91 101 105 115 116 123 128
46 1 11 21 25 26 27 36 40 49 54 57 66 70 74 81 89 94 96 104 114 120 129 133 134 136 145 149 155 159 167 169 172 176 181 185 188 196 204 208 216 220 224 231 236 239 245
36 9 11 18 21 31 35 40 46 55 58 67 75 79 80 85 93 102 111 120 129 134 144 147 153 163 166 168 176 184 188 195 203 207 217 224 230
4 9 15 16 20
21 4 14 20 26 32 34 42 45 50 51 59 62 65 67 69 70 72 74 75 76 84
30 8 16 21 25 31 40 50 53 59 67 71 74 80 89 95 101 106 112 121 130 139 142 147 157 160 162 168 172 179 186
18 1 11 14 18 22 28 35 39 44 53 54 61 64 69 72 76 82 91
30 1 9 10 12 17 19 20 24 29 38 43 45 53 60 66 71 77 79 88 90 92 95 105 113 114 119 128 129 132 133
45 6 8 17 19 22 32 39 40 46 54 64 68 69 79 89 99 101 104 112 113 117 122 128 132 137 143 146 156 158 162 171 176 182 185 192 197 203 209 211 215 220 230 231 241 246
49 6 13 20 29 33 35 41 48 52 55 63 72 80 82 83 85 90 100 109 115 122 130 136 146 151 154 161 166 175 178 185 189 195 203 209 213 217 220 228 231 241 244 247 257 263 270 275 284 285
2 4 6
44 3 4 5 11 15 21 31 34 41 49 57 65 70 76 82 88 95 98 108 117 122 127 129 135 137 142 147 154 163 171 175 185 192 200 210 220 230 235 240 241 245 247 249 256
50 5 14 22 25 34 44 52 59 60 66 73 78 79 82 91 99 105 111 117 119 129 131 134 142 143 147 148 153 157 162 167 177 186 191 197 199 202 212 217 221 228 238 244 254 263 269 277 280 284 292
36 8 16 21 23 28 29 39 49 51 59 63 69 70 73 77 78 83 86 87 94 95 96 105 106 108 113 119 126 127 128 136 138 141 143 149 150
29 5 12 13 23 26 33 37 42 52 62 71 74 75 83 89 95 105 107 116 119 126 136 141 151 152 156 164 169 172
48 6 8 16 17 26 31 41 50 54 58 62 65 67 74 75 84 94 97 106 107 117 127 135 143 147 157 159 161 165 169 179 182 186 187 190 197 198 205 215 216 225 233 238 248 249 259 266 268
24 8 12 17 18 26 33 34 35 42 50 55 57 66 71 81 90 92 94 101 108 111 120 126 136
26 7 9 11 21 30 32 38 39 45 52 62 64 71 79 85 86 89 91 98 101 108 118 126 135 141 145
6 4 12 17 21 24 29
11 5 10 19 29 39 40 50 58 59 60 69
21 4 9 17 24 28 32 39 40 42 51 56 59 65 68 73 80 85 87 89 99 104
27 4 7 16 26 34 40 50 55 58 68 78 83 88 93 103 113 121 130 134 144 150 152 153 163 168 178 187
24 4 5 12 16 23 29 37 42 48 53 62 66 68 69 77 79 80 82 85 94 98 108 112 122
20 2 12 22 29 37 41 47 53 56 61 71 80 81 85 94 101 105 108 112 117
8 10 12 20 25 26 35 43 47
20 9 14 15 19 26 29 34 40 48 54 61 71 76 79 81 90 100 108 111 116
36 6 7 17 26 33 34 43 53 63 72 80 87 95 97 98 103 104 107 112 119 125 133 142 148 158 167 171 177 182 188 189 198 204 209 218 220
21 10 20 28 36 43 49 52 60 64 66 69 71 77 81 91 94 95 98 105 114 119
1 8
3 5 13 19
37 3 11 19 22 31 36 42 43 51 53 62 71 76 85 87 94 99 101 103 106 113 120 128 137 142 152 161 164 167 177 182 186 195 205 211 220 227
1 9
50 6 7 17 23 25 34 42 51 54 63 69 76 78 82 84 88 95 96 99 102 109 114 116 120 124 132 134 141 150 153 154 156 159 161 168 178 185 191 200 207 213 217 223 230 233 241 243 246 252 261
47 4 12 20 21 26 33 39 48 50 55 61 68 72 73 78 81 83 91 96 101 108 110 119 121 131 137 139 149 150 151 159 162 172 179 187 189 197 203 209 215 217 220 221 225 233 234 239
27 7 9 17 22 28 30 34 44 50 60 61 65 66 68 75 76 78 80 86 92 102 104 113 120 121 123 129
41 2 10 18 27 35 38 47 51 58 64 73 78 84 91 99 107 111 113 114 119 129 137 138 141 148 158 165 171 180 190 200 207 216 225 229 238 239 243 245 247 252
12 3 7 17 18 22 24 27 31 36 45 54 64
31 8 11 21 25 35 41 48 51 59 69 74 80 86 96 98 108 113 121 126 136 140 142 148 158 161 162 168 171 181 188 197
43 10 11 20 27 31 41 46 52 58 60 67 77 82 92 96 97 104 113 121 127 129 130 135 140 147 149 151 159 169 170 177 181 188 197 201 206 212 214 218 227 230 237 243
44 2 10 13 17 20 28 33 40 41 47 57 60 61 68 76 85 87 91 99 103 107 112 118 120 124 129 131 139 146 154 158 164 172 182 188 193 202 203 206 210 211 220 225 226
40 2 11 18 21 31 36 42 44 53 61 62 72 82 89 98 104 110 114 115 124 132 137 138 144 146 150 160 164 169 170 174 175 176 180 188 191 198 205 208 213
2 6 7
3 5 9 19
19 7 9 18 21 24 27 28 29 34 40 46 48 53 63 67 71 75 78 83
1 5
34 1 8 15 20 28 29 39 44 52 57 66 75 81 89 97 100 103 108 109 110 111 115 117 124 126 135 143 145 150 156 166 169 174 176
35 3 13 21 29 36 42 51 53 55 59 69 79 86 95 97 103 108 116 119 128 138 139 143 144 145 147 151 161 169 179 181 187 192 199 209
10 8 12 14 17 21 24 25 28 31 35
19 3 4 10 20 30 34 36 41 46 50 59 69 74 79 87 97 100 110 117
24 3 12 15 16 22 32 37 39 45 47 51 55 56 60 67 73 82 89 95 97 98 103 112 116
35 2 11 21 31 38 41 50 57 60 64 66 69 78 87 93 102 110 113 115 117 126 134 143 151 157 166 172 182 189 194 195 196 202 206 208
13 5 12 18 19 26 33 39 44 53 54 58 61 66
17 10 17 19 28 31 36 38 41 51 59 64 68 73 74 84 85 92
1 6
27 7 16 20 24 32 39 42 48 49 54 61 70 79 87 92 95 100 105 111 117 118 126 135 137 146 154 157
25 9 19 25 30 38 45 46 51 57 58 60 68 73 83 84 91 92 99 106 113 121 128 136 144 152
40 6 15 18 25 35 44 54 61 65 74 80 82 89 93 98 108 118 119 129 138 142 149 157 158 167 174 184 190 192 200 202 211 219 229 236 241 244 245 251 255
50 9 18 23 32 41 50 52 53 56 66 74 82 90 98 106 108 110 114 119 126 132 136 141 144 154 159 169 178 180 188 190 192 199 206 207 211 218 221 226 227 234 240 245 250 251 257 267 270 271 276
12 9 18 21 29 32 38 46 48 52 58 63 68
43 6 11 18 24 27 36 43 45 54 58 67 69 77 86 95 96 100 105 115 116 125 130 132 141 147 150 157 166 168 176 182 187 197 198 204 211 219 228 237 246 255 261 266
35 2 11 12 18 26 32 41 51 52 61 67 70 78 87 93 100 102 112 119 125 129 136 138 141 149 152 160 170 174 180 189 198 200 205 213
3 8 12 22
46 4 11 16 21 26 34 43 51 55 60 69 78 86 93 99 103 113 119 121 127 137 144 149 156 165 174 182 187 190 194 201 211 220 226 231 236 245 248 255 260 270 277 287 295 297 302
40 5 12 13 20 28 34 39 49 50 56 62 70 80 81 84 88 93 102 105 108 115 125 128 133 139 140 148 154 163 164 171 180 190 197 200 207 212 216 219 225
43 8 10 14 24 32 36 39 48 57 67 77 84 94 96 101 110 111 113 117 126 133 135 140 149 151 161 165 169 172 175 185 190 196 201 208 213 217 221 231 238 240 242 247
8 7 13 21 29 33 43 50 54
13 7 10 11 13 20 28 36 44 53 60 63 66 70
12 2 5 15 22 23 28 32 38 40 45 48 50
5 9 12 16 25 35
43 3 11 14 16 21 26 33 40 44 51 60 62 69 76 80 85 93 103 108 114 118 128 129 130 137 140 142 143 153 156 160 162 172 182 189 190 196 202 203 211 221 230 235
20 7 10 12 16 18 25 26 32 33 38 39 47 57 63 68 73 83 91 92 101
18 2 6 12 15 20 23 33 37 44 45 51 61 68 69 71 81 83 93
7 5 14 15 17 21 25 30
22 1 3 13 17 20 21 29 34 37 43 48 57 64 72 80 84 94 100 106 113 117 121
41 7 17 23 30 33 40 46 51 52 59 69 79 88 92 100 104 105 107 109 110 115 119 126 130 132 138 148 153 156 160 169 178 180 187 192 196 203 205 211 212 216
42 5 14 15 18 22 32 36 42 48 55 57 61 63 71 80 83 89 97 103 111 116 120 122 129 135 139 144 145 153 155 160 166 168 177 182 190 193 197 203 206 208 213
21 7 11 16 23 25 26 31 35 38 40 41 49 54 62 66 69 74 83 86 89 95
5 6 14 19 21 30
8 4 14 16 19 20 22 26 36
9 2 3 5 12 16 17 25 32 42
8 6 11 21 30 31 36 40 41
42 5 10 12 22 32 38 42 47 51 55 57 59 63 68 74 80 90 97 102 108 116 122 129 135 142 143 148 152 156 157 164 173 177 183 190 196 201 209 218 221 223 229
48 2 8 17 19 29 32 33 35 44 49 57 67 75 80 86 93 96 97 103 112 118 119 125 128 131 138 144 151 152 157 160 161 162 166 171 172 179 187 197 198 206 209 210 214 220 225 229 230
35 2 5 9 13 18 21 25 34 36 45 51 60 61 62 65 72 80 85 86 87 97 103 111 113 115 116 120 128 134 138 142 148 149 155 165
30 3 11 15 22 25 32 33 43 45 52 53 55 56 60 64 65 73 74 79 83 86 92 93 100 103 107 117 123 124 132
22 3 13 22 31 39 47 52 58 59 69 75 77 84 93 101 111 113 119 129 137 146 148
21 6 16 17 22 25 30 36 41 46 52 62 67 74 80 86 92 99 107 115 119 127
24 2 8 13 23 33 34 41 45 51 57 63 72 74 81 90 93 94 98 104 111 120 127 135 140
16 2 3 4 8 9 17 23 32 33 40 44 50 52 61 68 78
34 2 12 20 25 30 37 41 50 55 56 60 66 73 77 80 89 94 98 101 111 115 118 119 121 127 133 139 140 150 159 161 168 178 186
32 9 19 20 30 36 39 48 49 53 63 64 69 73 80 85 95 101 105 106 107 116 122 124 126 127 137 145 155 163 171 179 183
50 2 12 13 14 24 28 30 36 38 43 44 47 52 56 64 71 79 81 89 90 98 104 113 121 128 136 142 143 147 149 159 164 173 180 185 195 202 207 217 222 231 239 249 254 260 261 267 268 271 272
30 4 8 18 26 30 37 43 53 56 64 70 74 79 81 82 92 93 94 101 111 116 118 126 127 129 139 146 156 160 161
36 9 13 14 24 31 35 37 39 41 50 58 63 70 71 75 81 89 99 106 112 121 129 132 140 142 143 144 150 153 161 164 167 169 172 174 175
39 3 5 7 8 10 11 14 20 29 30 39 45 49 57 65 73 78 86 89 98 104 110 112 121 124 134 143 153 160 168 169 174 180 183 190 191 193 196 206
31 10 11 13 19 21 29 30 39 41 50 54 64 72 79 86 90 93 102 107 108 110 119 129 130 138 147 148 151 160 164 165
48 10 18 26 29 32 35 40 49 56 58 68 73 82 90 98 101 102 112 118 122 128 137 141 151 153 154 157 163 167 176 183 186 187 195 203 204 206 215 224 226 230 233 241 249 254 264 272 280
39 8 11 13 21 30 39 45 49 59 61 62 70 77 83 88 92 94 96 102 107 113 121 123 126 136 140 144 145 152 158 162 170 178 188 194 198 205 209 212
39 4 9 17 22 25 27 32 37 38 39 41 49 54 60 62 71 75 76 77 84 91 100 102 108 118 127 132 137 141 151 155 162 170 175 181 189 196 206 213
14 10 18 19 27 36 39 41 48 58 63 69 77 81 91
16 9 11 20 28 34 40 44 51 59 64 72 80 85 93 98 107
43 10 19 26 34 39 43 50 52 53 56 60 62 67 75 80 86 87 90 100 109 113 121 131 134 135 140 148 149 155 159 160 165 174 175 182 184 194 199 203 207 209 217 223
39 5 11 21 30 35 41 50 51 59 68 77 85 88 89 97 98 102 112 118 123 127 136 138 142 145 151 153 162 172 182 189 198 208 216 223 230 239 242 246
2 10 13
25 10 11 19 28 36 37 41 50 58 64 71 73 79 85 87 96 102 108 113 121 129 138 140 141 148
9 1 7 14 15 17 25 29 30 32
11 2 3 8 12 13 17 24 32 42 50 53
49 8 13 20 21 31 36 37 45 49 57 60 63 65 69 78 86 95 97 101 105 107 111 116 124 126 133 141 143 153 161 162 164 172 175 180 190 194 204 213 223 224 229 236 239 245 247 248 249 252
19 10 17 21 23 30 37 41 49 52 54 56 58 66 67 74 77 82 92 100
39 7 14 19 24 29 39 48 52 59 60 64 67 69 71 72 75 84 87 92 102 109 116 117 125 128 131 134 137 138 142 144 145 148 156 159 164 172 173 180
12 1 10 15 17 19 26 28 32 39 42 48 51
7 6 15 21 28 34 40 48
41 2 3 9 18 20 24 30 39 40 41 49 59 64 70 76 86 91 99 100 102 109 119 128 132 141 148 153 159 163 170 178 184 185 188 196 200 208 216 220 221 231
3 9 15 20
47 6 9 19 20 26 32 39 46 54 60 61 67 70 74 76 86 89 93 100 109 114 116 121 126 128 135 137 145 151 161 166 170 174 183 191 195 200 209 212 221 226 234 239 241 249 254 260
9 7 12 20 26 30 35 38 39 45
17 10 12 17 21 25 34 43 46 54 61 64 66 75 84 91 94 100
30 5 14 23 31 32 40 50 58 64 74 78 85 90 93 103 107 110 113 120 125 129 132 140 147 148 151 155 157 166 168
32 9 13 17 19 25 28 37 47 53 62 70 72 74 75 85 91 96 104 105 109 115 123 133 139 143 146 156 164 174 175 176 180
14 9 10 18 24 34 42 49 56 58 66 70 75 81 91
38 10 15 20 29 37 42 45 49 54 59 62 66 68 75 84 85 88 96 98 102 108 112 120 125 134 141 147 156 157 159 160 170 179 180 185 190 199 209
4 8 13 15 19
37 9 17 23 24 34 36 45 46 53 54 61 68 74 80 86 87 91 101 102 108 117 123 131 135 137 138 140 142 147 149 159 167 168 170 175 184 192
3 2 4 6
41 5 9 18 20 23 24 30 33 43 46 53 62 65 71 80 90 93 102 109 117 121 130 136 138 148 156 164 165 167 171 174 182 185 189 192 197 200 206 211 213 221
45 1 7 11 19 22 29 34 37 42 45 48 50 53 63 65 69 79 86 90 92 100 102 107 112 118 122 124 126 127 131 132 134 136 141 148 152 156 165 172 173 182 185 188 198 200
41 3 4 8 14 21 23 26 31 32 39 44 50 56 62 65 72 74 80 87 92 99 106 107 109 111 113 123 132 134 141 147 151 154 162 167 170 176 178 186 187 195
12 1 5 6 8 13 16 22 24 27 33 41 46
26 8 16 22 27 30 35 36 38 44 52 60 68 72 82 89 96 102 109 115 123 126 133 134 144 152 155
43 5 8 15 20 22 23 27 36 46 50 52 54 63 69 71 77 79 80 82 86 87 96 100 107 115 118 125 130 131 133 141 150 154 160 167 172 182 184 193 202 205 207 211
19 5 11 16 22 23 31 32 41 49 55 62 71 79 85 91 93 98 108 115
49 2 8 9 11 15 19 26 29 37 40 42 43 46 47 57 66 72 73 77 86 94 95 98 106 116 124 125 128 135 138 144 150 153 157 161 164 168 178 180 187 193 199 201 202 208 214 216 219 222
42 4 11 19 23 25 35 45 47 49 55 63 64 71 72 77 84 89 92 96 102 111 115 124 125 135 136 139 145 146 152 158 165 168 174 184 194 200 205 213 220 222 232
43 10 12 21 31 33 34 43 52 61 68 74 77 84 91 92 93 95 101 110 111 120 122 126 135 143 147 152 154 156 165 171 181 187 196 206 208 211 214 217 222 232 241 245
25 5 9 10 16 23 27 29 39 45 50 53 60 66 68 72 76 83 86 93 103 108 110 119 123 130
26 10 11 17 19 26 34 43 45 50 52 61 65 75 80 83 87 88 94 101 109 115 120 123 132 142 151
28 3 7 9 17 24 29 39 46 52 55 62 64 66 67 70 78 80 84 85 89 95 98 106 116 125 134 137 141
44 7 8 15 16 22 24 32 37 44 52 55 64 72 77 82 91 100 110 115 124 130 132 139 140 150 157 161 163 171 177 185 187 192 201 208 215 219 229 234 239 249 256 259 262
15 9 13 14 19 21 26 28 38 46 49 53 58 59 68 72
10 2 8 18 27 34 37 43 49 58 62
10 3 12 14 22 23 33 37 39 48 55
2 2 3
12 5 15 16 25 35 44 54 57 66 69 79 81
29 9 17 27 35 42 44 45 48 50 60 66 68 70 79 82 90 94 95 98 103 112 120 123 127 132 138 142 152 160
29 9 11 12 17 26 32 36 46 52 56 59 66 70 76 83 88 91 94 98 100 101 104 111 112 121 130 132 142 149
19 9 14 24 26 33 34 42 46 55 63 73 81 86 88 94 101 110 114 122
15 4 7 9 12 13 18 25 33 36 46 55 63 71 73 81
30 3 8 14 18 23 25 30 40 46 49 55 65 74 80 90 91 94 104 108 109 118 123 125 126 134 143 150 155 161 166
50 10 19 25 33 38 43 45 47 50 53 56 62 63 73 79 84 89 98 99 102 104 105 114 119 128 132 133 143 144 149 158 164 167 177 182 188 193 198 207 217 220 230 237 245 252 254 258 267 272 279
4 1 3 7 8
33 1 3 10 18 19 26 31 40 42 47 56 64 72 81 88 95 103 106 109 114 121 123 126 129 137 138 146 150 160 161 166 169 177
22 6 15 25 27 29 33 39 43 46 56 63 69 73 82 86 91 96 98 106 111 116 119
41 1 3 6 16 24 30 36 40 50 57 60 69 70 76 80 90 92 100 110 112 117 122 131 132 138 142 147 149 159 162 172 176 179 181 190 200 201 211 215 218 221
38 8 9 16 18 24 25 32 41 42 46 47 48 51 60 68 74 82 92 97 103 112 117 118 123 124 127 135 144 151 156 157 158 164 168 177 187 189 199
30 4 5 13 22 24 29 34 42 44 47 56 58 67 72 82 91 95 105 106 116 119 129 138 142 151 159 166 168 175 178
48 2 3 4 7 16 19 22 25 30 38 41 46 48 49 57 66 73 79 84 85 86 95 104 105 112 118 127 130 139 146 156 166 169 178 185 187 191 194 199 205 213 222 227 237 240 242 246 256
40 5 12 20 28 36 38 42 48 52 60 69 72 78 84 90 97 99 105 115 120 129 139 141 143 152 159 169 170 173 176 182 186 190 195 198 207 210 213 223 230
7 5 15 22 27 32 33 34
5 3 12 19 26 36
46 10 16 22 31 34 38 46 55 59 64 66 70 72 75 85 92 95 99 105 111 113 118 119 126 135 140 146 154 158 160 168 172 181 186 192 196 202 205 213 215 224 234 242 247 252 256
21 5 8 18 22 23 29 32 33 35 39 44 54 58 60 62 68 78 86 94 100 107
28 9 12 21 28 36 43 44 53 62 63 73 79 82 84 89 91 98 99 104 112 117 122 124 126 131 134 139 145
24 4 11 13 20 26 31 40 47 53 62 64 68 73 80 89 96 98 101 103 109 112 116 117 125
6 9 10 12 17 22 23
45 4 11 18 27 28 29 31 40 45 50 56 58 67 71 72 73 75 77 86 89 94 101 105 111 112 122 129 133 137 146 149 152 158 168 173 181 186 187 188 192 196 202 212 213 215
38 2 7 16 25 31 37 43 44 54 58 65 67 73 82 84 94 102 104 108 116 122 127 136 141 149 150 158 161 162 167 170 172 175 184 190 193 200 205
8 9 11 21 26 34 39 44 52
18 9 10 17 27 30 39 41 48 53 61 63 71 73 80 90 96 99 106
21 2 7 15 23 30 40 45 50 59 63 70 79 84 94 102 111 112 117 118 127 130
37 5 13 14 16 18 20 30 39 45 53 63 73 81 91 96 106 113 123 131 132 136 142 143 152 158 166 173 177 183 189 199 203 209 218 221 230 235
13 10 12 17 20 23 30 33 39 41 45 47 51 57
24 3 8 18 24 32 36 43 51 57 59 66 67 75 77 82 92 96 97 105 109 118 124 126 134
27 4 8 12 16 18 27 29 32 37 47 51 52 60 66 75 77 87 96 104 110 116 126 131 141 148 150 153
13 3 9 11 18 21 30 40 42 49 53 61 69 78
40 5 15 22 24 26 36 45 46 51 60 63 67 70 71 80 86 90 95 96 105 115 118 125 126 132 137 144 149 159 166 174 183 192 197 200 203 205 211 221 223
40 10 19 26 35 38 43 53 55 56 62 63 64 72 74 75 82 84 91 100 110 117 124 125 131 138 145 152 154 163 164 169 178 186 187 197 199 202 209 211 217
20 4 7 16 26 30 32 34 39 47 52 61 69 76 85 92 97 100 106 116 123
19 5 8 12 14 23 30 39 48 51 57 64 69 72 78 83 88 91 94 104
34 9 17 21 29 32 39 43 50 60 69 71 75 77 87 97 99 106 116 119 123 127 130 133 139 144 145 147 154 164 171 177 183 184 193
41 10 17 25 28 33 41 47 55 61 66 73 78 82 89 93 98 103 112 117 121 128 135 144 150 154 156 161 171 179 189 199 205 208 212 222 232 233 238 248 255 256
41 8 16 22 32 41 46 53 54 64 69 72 79 80 87 88 96 102 105 109 114 119 126 131 141 147 156 165 175 178 182 186 191 196 206 210 217 218 223 233 234 244
20 2 3 7 14 19 26 32 42 52 56 63 67 73 74 84 91 98 108 115 120
3 1 3 11
49 7 8 12 13 22 29 33 37 46 52 57 63 65 71 74 75 83 86 95 105 108 113 114 119 122 129 133 135 139 142 143 149 155 158 162 171 181 189 193 202 205 212 218 223 230 235 239 243 244
41 10 17 26 34 36 37 42 44 46 53 56 57 66 74 78 87 94 103 109 110 119 127 133 140 148 155 156 161 167 177 178 184 188 192 195 200 210 220 226 232 239
37 1 7 14 16 20 28 37 44 48 53 55 58 66 70 79 85 90 94 98 102 103 111 116 119 126 134 138 148 154 158 162 171 181 185 189 194 195
17 3 10 11 13 15 22 32 34 38 39 49 58 66 72 81 91 100
29 7 9 16 24 29 34 35 44 52 57 59 66 76 86 88 94 103 109 112 113 117 124 128 131 141 150 155 165 167
7 7 13 15 18 24 25 33
32 1 5 14 20 22 31 39 45 53 54 60 68 74 83 87 97 103 113 122 123 132 134 139 145 155 164 166 168 169 172 177 182
15 9 12 20 24 34 41 48 51 55 56 62 71 81 82 83
2 8 12
26 9 14 21 24 32 42 52 53 56 66 71 80 85 92 100 110 113 115 123 133 140 141 144 148 149 153
10 10 20 28 34 42 52 58 64 70 75
24 9 12 22 23 30 37 46 48 54 55 65 75 85 95 97 103 107 113 123 129 137 142 150 159
38 2 3 9 11 14 20 28 37 46 51 55 58 68 77 86 90 99 106 108 109 118 123 132 141 144 148 150 158 165 168 174 183 188 189 190 193 198 200
33 10 15 16 25 28 33 38 41 46 51 61 70 74 79 83 86 96 103 110 112 117 126 131 135 143 148 157 164 174 180 185 193 202
31 8 16 26 28 35 44 54 57 64 67 71 79 82 83 88 93 97 101 111 117 119 120 125 132 139 147 157 162 169 175 183
29 6 12 15 16 17 22 23 30 31 41 49 53 63 71 79 87 96 106 108 113 114 117 122 126 127 128 135 140 147
43 8 18 28 30 40 50 52 62 72 77 85 92 101 110 115 121 123 133 142 152 159 161 162 171 174 180 183 193 201 207 217 221 230 236 238 239 243 251 255 260 269 276 283
17 2 4 12 13 17 26 34 35 38 39 41 47 50 51 52 54 60
50 9 10 14 18 24 30 35 37 39 45 48 57 65 72 74 76 86 95 98 103 107 109 115 116 123 132 133 138 146 149 158 167 173 174 178 185 195 197 202 210 212 218 224 233 237 246 251 260 261 267
48 1 3 10 20 23 30 39 46 51 59 61 70 78 86 92 99 103 108 115 125 130 137 143 145 147 157 164 165 170 171 174 178 187 190 192 201 210 211 221 223 226 230 232 242 243 247 256 262
5 7 12 16 23 29
41 10 15 24 33 43 44 52 62 70 79 82 87 94 96 101 106 111 113 118 120 129 133 141 142 147 152 154 156 158 159 161 162 171 178 182 189 194 195 204 214 217
2 8 9
4 4 11 15 19
49 4 9 10 17 25 27 32 34 42 49 50 55 64 65 71 81 87 93 103 112 116 121 122 127 137 141 151 161 162 165 168 176 179 185 187 197 207 213 217 224 230 234 236 238 240 241 242 246 253
5 8 18 19 21 23
13 4 12 21 23 26 32 41 47 52 60 65 66 71
36 6 16 22 24 25 31 36 39 40 49 54 60 67 72 77 82 87 90 96 102 106 110 114 123 131 134 143 153 158 159 166 175 178 181 191 192
16 10 18 28 29 38 40 44 49 59 60 63 72 74 77 87 91
43 7 13 16 21 24 27 36 38 45 47 55 59 63 70 75 85 88 90 97 105 111 117 121 127 135 139 140 148 155 159 160 167 170 173 177 178 182 189 194 196 205 206 212
24 8 17 18 22 30 36 40 46 48 57 58 62 63 64 65 71 74 82 84 94 103 106 108 109
5 5 8 12 18 25
2 8 18
4 10 13 23 28
22 9 15 20 21 28 30 36 40 47 53 54 58 65 70 75 80 82 83 87 95 99 106
32 10 11 15 19 22 26 36 39 47 50 53 63 65 71 79 83 87 93 95 99 104 106 109 112 113 118 122 124 131 137 147 154
29 6 7 12 21 30 35 40 46 50 58 68 75 83 87 97 107 114 122 132 134 137 140 145 147 157 161 163 168 176
37 8 18 20 29 34 36 46 55 63 73 75 80 81 90 100 102 106 116 119 129 131 139 144 151 158 162 164 173 180 183 191 200 203 209 215 221 226
15 6 13 17 27 29 31 39 42 49 51 60 67 71 77 83
27 1 3 13 19 26 27 36 41 50 58 67 70 80 89 91 97 107 117 124 128 129 134 141 143 149 155 165
47 1 11 15 22 29 38 40 44 49 52 55 60 66 75 78 84 90 91 101 103 108 109 111 114 123 131 132 139 146 153 161 165 168 178 186 189 190 198 201 203 212 218 226 235 245 250 258
19 5 12 15 20 26 35 44 54 55 60 63 71 77 87 92 96 102 107 114
42 4 11 12 22 23 27 33 36 37 38 40 44 47 55 65 68 73 82 84 89 91 92 94 103 113 121 123 127 131 132 136 138 148 155 164 165 168 177 187 193 195 199
27 6 16 18 28 35 42 51 53 54 58 61 64 67 75 80 83 85 90 91 96 104 114 119 122 131 139 144
11 4 8 12 17 24 25 35 40 42 48 54
23 6 14 16 18 25 30 40 43 52 60 67 77 85 94 97 101 106 113 120 130 132 141 145
33 7 15 18 23 32 34 42 50 52 62 66 70 80 83 86 90 98 108 114 118 122 128 131 137 141 148 157 160 169 175 177 181 188
43 7 10 14 21 28 36 37 46 49 54 55 60 69 79 89 96 101 109 118 120 130 133 136 140 149 153 159 168 175 184 192 200 201 202 208 212 215 217 225 227 233 239 245
36 4 9 11 21 22 27 31 32 36 39 42 48 50 57 61 67 70 77 81 84 90 99 102 111 120 128 136 140 149 154 162 169 177 183 190 195
18 3 8 16 18 19 21 24 34 44 49 56 57 64 65 67 72 74 78
14 5 13 20 30 39 43 49 59 61 62 69 73 79 85
34 2 5 7 14 23 25 27 37 42 49 52 57 59 65 75 78 79 84 85 91 94 97 98 102 106 115 119 124 125 130 139 141 142 145
3 3 8 17
10 1 6 15 23 33 38 42 47 55 60
48 2 4 9 19 20 26 27 32 40 48 56 57 67 76 78 81 85 94 102 112 119 128 130 137 143 151 153 163 172 181 183 187 194 195 203 206 216 221 224 231 238 246 252 256 266 275 276 278
30 8 13 16 20 29 34 44 45 52 61 64 73 75 77 87 93 103 107 113 118 119 122 126 134 137 142 151 154 162 167
44 6 9 19 21 28 34 40 43 53 63 66 67 74 75 82 85 95 98 100 105 109 117 124 125 127 131 141 142 146 148 154 159 160 163 165 168 169 178 180 181 187 189 198 203
35 9 18 24 28 36 38 48 57 63 65 66 68 71 78 88 93 98 99 109 113 118 125 126 131 137 142 152 160 168 169 178 187 189 199 204
27 8 15 17 20 23 27 29 37 41 46 48 52 59 69 70 71 74 76 77 87 96 99 103 107 110 120 122
4 1 11 19 28
48 2 8 10 12 17 21 29 34 44 49 55 63 65 72 78 84 90 99 105 113 116 123 133 139 140 148 152 158 164 169 179 183 193 202 211 214 222 223 230 240 246 253 256 263 267 274 280 288
7 10 13 19 24 25 31 34
9 3 9 14 19 21 22 23 27 35
12 5 12 21 26 29 30 33 43 47 52 61 67
22 1 3 4 13 15 22 29 36 40 41 42 49 55 56 60 61 71 73 76 80 89 93
11 5 7 16 26 36 41 48 52 61 66 72
22 10 16 19 20 29 34 43 49 53 59 68 70 75 83 90 99 109 111 120 121 131 141
24 4 13 16 20 26 29 34 38 45 46 56 59 63 66 69 76 85 86 92 97 100 101 104 108
25 4 5 12 21 28 33 34 35 42 45 50 59 69 75 81 85 93 96 98 108 114 123 130 132 139
48 9 12 18 22 27 34 39 45 51 55 58 59 61 71 79 82 90 92 93 102 106 112 117 125 126 130 133 138 146 149 151 157 164 170 174 178 179 187 196 205 209 215 225 227 234 244 245 247
27 5 7 10 19 21 31 40 41 47 49 58 68 78 84 88 90 98 107 111 115 124 134 139 146 149 155 156
50 2 8 14 15 23 25 35 38 42 49 53 57 58 68 75 78 87 88 91 93 100 108 116 117 124 130 137 143 145 148 155 162 169 170 180 184 189 193 200 202 209 215 224 226 234 238 239 246 251 257
2 1 9
43 10 20 25 33 41 49 53 54 62 70 74 78 85 91 93 103 108 115 119 123 130 134 140 150 160 168 174 181 182 192 193 197 204 212 222 229 239 247 257 258 264 272 277
20 3 13 22 29 31 40 48 53 60 68 69 79 81 83 90 97 99 105 115 119
35 6 9 19 25 34 41 46 51 55 65 74 80 90 93 97 98 104 108 112 121 123 133 140 142 151 154 163 166 174 176 182 183 188 196 199
24 1 5 11 18 24 27 37 42 49 57 64 68 76 80 83 91 94 100 104 113 121 123 124 130
36 2 11 14 22 24 28 32 39 44 51 54 57 62 65 73 78 81 87 95 100 104 106 107 111 113 117 122 129 135 136 140 144 148 154 160 162
1 9
37 5 13 18 24 33 41 45 54 62 72 76 86 95 99 101 106 110 118 122 123 132 134 140 142 149 154 162 166 173 182 191 201 203 212 222 231 233
28 7 10 15 20 27 35 41 46 56 65 74 78 87 90 97 106 109 115 125 130 132 134 142 146 149 154 158 165
11 6 10 12 19 20 24 27 36 42 47 51
28 7 15 24 25 35 40 42 50 56 60 65 69 74 81 88 98 103 106 108 111 115 117 120 126 132 142 145 153
48 8 12 18 25 27 33 39 48 53 55 59 68 70 79 82 92 100 101 110 113 117 125 134 141 147 150 154 162 171 175 184 192 193 197 199 209 213 218 224 228 229 239 242 247 255 265 266 273
35 7 15 18 24 25 27 37 39 49 56 63 70 75 77 83 92 102 104 110 112 121 131 133 135 139 145 153 154 155 165 170 173 176 182 186
21 2 11 12 14 16 24 34 44 50 57 63 64 66 76 83 87 93 101 110 118 124
40 8 10 16 21 23 31 40 46 55 64 72 73 78 86 96 105 110 114 122 128 130 140 146 155 158 167 171 174 178 185 191 201 203 213 220 228 234 239 244 253
23 8 11 18 26 27 33 37 38 41 51 57 60 64 70 77 86 95 99 100 103 105 106 111
16 6 16 17 20 24 29 38 43 45 48 50 53 57 59 67 75
34 4 14 21 28 29 38 41 47 53 59 65 75 78 85 90 91 100 105 115 117 122 124 131 134 138 146 147 148 157 162 166 174 179 189
28 10 11 15 23 27 29 38 40 44 45 53 58 63 71 72 74 75 78 87 92 97 106 113 121 127 135 142 147
16 5 8 14 17 26 29 34 36 46 47 52 58 65 71 79 83
31 9 19 20 22 28 38 40 43 52 53 59 66 73 74 77 80 81 90 97 101 105 110 112 115 119 120 121 130 139 143 144
20 7 13 14 19 25 34 39 40 41 43 45 48 53 57 64 66 75 78 84 88
49 1 10 12 14 18 23 27 33 38 45 53 62 64 71 81 86 93 95 103 110 115 120 124 126 134 138 145 148 150 154 156 160 169 179 181 185 189 197 204 210 213 219 224 232 233 236 242 246 253
33 1 6 12 16 22 25 35 44 49 56 66 70 71 73 74 81 87 97 101 105 114 117 126 127 130 139 142 152 156 158 166 171 180
25 5 15 17 19 23 30 38 40 41 45 54 64 69 75 77 80 88 95 96 102 104 106 112 116 118
2 1 5
1 1
24 10 19 25 26 34 37 44 52 61 66 70 80 90 91 95 100 107 113 116 120 123 124 130 134
41 4 10 14 17 19 20 26 30 40 42 48 52 54 59 62 70 76 81 89 95 105 112 122 123 128 138 147 155 156 165 171 174 182 184 185 194 204 206 207 212 217
9 6 9 14 20 27 31 36 44 45
19 8 13 21 28 29 35 36 40 41 47 48 49 56 61 71 74 76 81 86
19 3 11 18 21 27 35 37 38 47 52 56 62 63 65 73 79 81 86 90
36 1 3 13 17 23 27 37 47 51 54 61 62 64 66 72 81 88 89 98 107 113 116 125 133 134 144 147 151 158 160 164 165 170 177 181 188
40 2 12 15 16 20 26 30 35 37 44 49 57 66 73 80 86 88 90 99 109 112 116 122 126 132 136 141 151 154 156 164 167 173 175 178 180 189 193 203 213
37 3 5 12 21 28 31 41 48 53 54 58 65 71 79 86 96 105 111 119 125 129 138 141 151 159 161 162 171 173 176 177 187 196 201 210 220 229
44 6 8 18 25 29 33 38 44 52 57 58 59 63 67 77 78 88 97 105 106 109 116 122 127 133 138 145 155 162 172 177 182 191 197 204 209 217 223 228 229 230 235 244 251
34 3 5 11 19 27 37 47 57 58 64 65 71 80 85 86 88 91 95 99 101 107 108 115 124 132 135 142 151 160 170 177 184 185 186
9 8 18 22 27 36 38 40 44 47
28 3 6 7 14 20 24 26 32 35 37 44 52 62 67 72 81 90 93 100 108 116 119 121 125 134 138 141 149
27 9 12 20 23 28 31 39 40 41 43 46 54 64 73 83 85 90 91 92 100 104 106 109 115 118 127 133
8 5 7 11 16 21 30 39 43
20 1 6 15 24 33 36 43 51 61 62 66 75 84 90 93 95 96 98 100 108
31 8 15 22 30 38 40 42 48 49 54 61 65 75 82 86 93 95 96 101 107 109 117 124 134 137 142 150 158 165 170 172
14 7 16 17 24 29 31 35 44 47 52 53 54 55 59
15 9 11 21 23 31 40 48 53 59 64 68 74 79 88 89
50 1 10 18 22 25 30 33 36 40 46 51 52 54 61 66 76 79 81 84 92 96 105 109 117 119 126 132 140 150 158 160 162 166 173 176 179 189 192 195 204 206 207 217 222 223 229 235 245 246 254
16 10 20 22 29 37 39 47 51 55 58 64 73 78 84 91 101
30 2 6 7 16 23 28 38 40 45 46 54 63 69 74 75 79 89 96 98 102 111 112 122 123 128 138 143 144 148 150
31 5 7 17 24 33 35 41 42 51 59 61 62 68 71 77 85 86 96 102 105 112 122 130 131 139 147 156 159 163 164 174
49 9 18 22 26 28 35 39 41 50 52 61 69 72 77 80 83 85 93 95 96 103 105 112 118 127 128 138 139 144 146 148 149 154 164 167 174 183 184 192 198 200 206 212 216 217 221 223 230 237
40 10 14 23 27 36 46 51 54 62 72 82 86 95 105 113 115 120 129 138 147 149 155 159 168 170 179 181 190 196 203 212 220 224 229 232 237 246 247 252 261
38 4 11 16 21 31 34 41 45 51 52 59 64 71 80 89 92 101 110 116 125 127 132 135 141 145 148 149 159 167 172 176 185 193 201 206 208 215 219
2 5 8
1 4
10 9 11 19 25 30 39 47 53 62 67
10 7 14 24 32 37 41 47 51 55 63
35 7 11 16 22 32 40 47 52 62 69 79 88 94 104 110 112 118 124 132 139 149 157 162 172 182 192 196 203 204 210 220 224 233 234 238
25 5 12 18 25 29 33 38 48 55 58 65 67 70 75 80 90 91 100 107 109 113 123 126 134 138
17 5 13 19 26 36 37 42 52 54 56 63 69 79 84 88 97 98
31 8 11 17 20 24 32 37 42 52 55 58 66 76 77 84 93 100 107 111 113 117 127 134 139 148 152 155 161 165 170 180
34 8 12 22 25 31 39 45 51 52 60 65 73 79 85 91 99 104 112 113 114 115 117 119 128 129 138 146 148 153 159 162 170 176 179
3 6 12 20
18 1 3 7 14 23 27 35 43 48 51 61 66 71 74 83 84 87 92
47 10 12 19 22 27 31 32 40 43 51 60 63 69 79 83 91 93 98 104 114 119 128 131 139 141 151 152 159 168 174 179 182 187 194 199 208 211 220 225 227 231 232 238 246 253 254 263
13 7 16 23 27 33 37 41 43 49 50 51 54 60
35 7 8 13 23 33 41 47 53 56 58 65 71 78 82 92 95 96 105 108 111 113 121 131 138 145 146 147 157 163 171 181 189 197 206 212
8 2 7 9 11 16 22 29 32
25 3 12 19 22 27 32 38 40 44 45 54 63 65 72 79 83 93 99 101 107 111 114 117 121 128
49 7 13 21 23 26 29 37 39 47 49 54 55 56 63 69 73 74 75 81 88 90 96 98 103 111 114 119 120 126 135 136 144 152 154 161 162 163 167 171 172 174 182 190 194 201 204 207 213 222
33 5 11 21 29 33 43 44 48 49 56 58 59 60 61 65 70 72 79 81 90 93 99 107 112 118 120 129 138 142 147 149 158 164
9 4 6 15 18 26 31 39 47 53
22 9 10 12 17 18 24 27 28 30 31 37 39 44 48 51 60 67 71 78 83 85 94
36 9 16 24 26 35 36 45 52 61 67 72 80 87 96 105 110 112 116 125 134 141 147 156 159 168 172 181 189 196 205 208 213 220 221 222 227
45 10 16 25 26 28 31 41 43 47 57 67 73 78 79 80 87 94 103 111 113 120 127 133 134 136 141 142 152 159 163 173 175 181 191 200 210 216 217 219 229 231 236 240 246 255
49 2 11 16 25 33 37 45 55 57 65 68 71 77 82 83 91 93 98 104 105 106 116 123 133 141 147 154 162 168 173 183 191 195 196 204 206 214 222 226 229 232 238 243 251 260 266 275 280 283
33 7 16 21 24 26 28 38 46 56 60 67 70 80 81 91 96 101 110 112 115 117 123 124 125 135 136 146 151 157 165 172 173 182
38 1 2 9 12 15 18 24 34 42 51 60 61 67 73 81 84 85 92 94 96 103 113 116 126 134 139 140 145 149 156 164 174 184 194 200 206 213 216
15 2 8 10 12 14 17 24 32 40 41 49 58 66 71 77
32 8 16 18 27 32 34 41 46 49 59 65 68 74 76 78 82 85 90 92 102 110 120 128 129 137 143 148 158 165 170 171 172
18 3 8 11 19 25 29 35 36 42 51 55 64 67 71 79 87 96 106
9 6 15 25 27 32 39 49 59 62
38 8 10 17 26 29 34 40 49 57 65 70 75 85 92 100 105 110 111 112 119 121 130 132 141 148 154 158 162 167 172 180 187 189 194 201 211 220 228
18 7 10 19 22 23 25 26 33 38 41 48 50 58 60 64 68 77 84
49 3 13 15 21 27 30 33 37 39 45 49 57 63 65 66 76 77 84 88 96 97 99 106 116 122 130 135 140 142 149 156 166 172 174 182 192 195 197 206 207 214 220 222 231 235 237 240 245 246
42 10 19 26 36 39 45 54 64 69 78 79 86 90 100 106 115 116 125 134 139 142 150 157 162 164 171 177 183 184 192 199 206 208 217 218 226 233 243 251 258 261 270
43 5 15 23 27 34 36 43 52 54 55 59 60 67 70 79 86 88 89 93 94 102 109 115 119 126 133 137 141 142 148 154 156 158 164 169 178 186 192 197 200 204 207 212
31 3 11 12 13 14 15 17 25 28 38 39 43 52 58 66 75 81 84 91 92 99 104 106 116 120 130 133 138 143 149 157
5 8 16 22 29 38
12 1 11 18 20 26 33 35 40 49 50 51 55
37 4 9 18 19 28 32 34 37 39 47 54 58 60 67 75 76 85 87 88 98 105 115 124 134 140 143 152 155 165 174 184 190 196 203 208 211 215
41 7 11 15 23 25 35 45 50 60 70 73 74 77 82 86 90 96 99 109 110 118 124 128 129 136 141 151 161 164 169 179 186 192 197 207 217 220 227 237 247 249
6 1 3 7 17 24 33
27 6 13 15 16 26 33 34 44 54 63 72 73 76 82 92 95 97 107 117 124 129 139 143 144 147 155 158
35 2 11 15 17 27 28 35 45 51 55 59 63 71 79 85 95 98 100 102 108 110 117 123 132 141 151 158 162 166 176 184 185 189 197 201
12 4 12 21 30 32 40 50 56 60 61 62 72
11 8 10 12 18 24 32 33 43 50 58 68
5 4 6 15 20 25
26 1 9 17 25 31 38 44 48 56 63 66 75 82 89 90 91 97 101 102 106 110 119 126 132 133 140
25 9 17 27 36 45 48 52 54 57 58 61 70 77 86 94 97 104 108 114 116 118 119 128 131 136
10 4 9 11 18 28 36 41 50 52 57
22 6 12 16 22 27 29 35 43 53 56 60 63 73 81 83 85 92 95 98 108 113 114
5 2 3 6 14 22
19 10 12 21 22 23 27 31 38 45 50 59 62 66 74 80 83 85 91 101
4 1 11 15 24
47 1 6 10 11 18 23 25 35 40 44 51 53 54 56 64 67 71 76 83 92 95 99 104 110 112 114 116 125 134 140 150 157 164 165 168 174 179 180 189 197 206 209 216 223 232 234 236
21 4 9 19 29 37 41 49 52 54 58 62 63 69 78 88 94 103 112 117 125 133
45 3 5 15 21 25 31 40 44 46 51 60 65 72 75 79 85 89 99 106 115 116 118 123 130 134 138 147 153 156 160 162 163 171 176 180 184 189 197 204 211 215 225 230 238 247
48 4 14 20 23 30 32 40 47 56 62 64 71 72 76 86 88 96 99 107 117 123 128 135 145 147 151 160 167 170 174 175 183 188 197 201 205 215 224 225 232 240 246 248 253 258 260 261 270
17 1 6 15 17 26 36 41 49 50 53 56 63 64 74 79 83 92
8 5 11 20 26 33 41 48 52
47 1 6 13 15 24 34 39 48 53 61 62 71 80 86 94 95 105 110 115 125 131 133 138 141 143 145 147 152 153 155 160 161 167 177 178 188 189 194 203 205 214 220 225 232 239 247 249
38 5 6 16 26 32 42 43 52 56 62 72 77 83 93 95 105 109 111 113 114 124 129 137 139 144 149 158 165 167 170 172 177 182 189 190 197 205 207
44 6 14 19 28 30 37 41 48 53 59 62 63 67 69 71 73 81 84 87 90 94 100 107 116 118 120 122 130 137 145 154 158 167 177 182 186 190 196 200 208 210 218 225 230
33 4 8 11 17 19 27 30 32 42 48 50 51 54 61 69 70 73 78 79 82 84 86 87 89 99 104 106 116 124 125 132 135 142
44 1 7 9 14 22 27 37 38 40 46 53 54 60 66 71 78 79 80 88 96 101 108 116 120 123 124 129 130 134 144 146 156 160 163 169 177 178 183 190 192 194 203 207 213
1 8
45 1 8 14 22 32 33 40 50 57 62 71 78 85 91 94 96 102 109 116 118 123 128 134 143 148 151 160 166 175 177 184 193 199 208 214 222 227 231 241 251 260 262 264 266 269
23 1 5 14 24 26 32 36 44 48 50 54 62 63 72 73 83 87 96 106 111 117 120 125
40 9 19 27 31 36 39 44 46 55 63 69 76 77 81 84 85 93 101 107 111 116 119 123 130 135 138 140 149 158 166 170 172 181 187 196 201 202 204 212 219
47 5 13 23 30 32 37 43 50 60 66 73 76 79 89 97 104 106 112 119 125 132 133 140 145 155 156 166 173 181 182 183 184 187 195 204 212 214 223 224 227 237 240 250 257 261 265 274
18 8 17 18 25 28 37 40 49 59 61 62 69 78 85 93 102 108 117
48 8 15 25 33 37 40 48 49 56 59 64 70 77 83 88 98 102 111 119 125 132 142 150 157 159 164 171 174 177 180 189 192 195 204 212 215 225 229 236 240 242 252 262 272 274 278 288 289
27 1 3 11 16 22 26 29 38 42 49 55 64 69 70 78 84 86 95 105 111 117 119 128 138 147 151 161
50 8 9 14 23 31 38 39 42 51 52 62 69 75 79 81 90 96 98 106 107 109 114 122 131 139 148 156 166 169 177 186 189 198 201 210 214 221 231 236 237 244 253 256 260 264 269 270 277 279 283
11 7 9 17 19 25 32 33 38 40 45 46
27 4 10 19 28 32 40 50 54 57 60 65 66 70 72 82 84 87 95 104 110 118 125 130 136 140 150 156
34 1 7 9 19 26 36 42 49 53 57 59 69 73 83 89 93 103 104 109 117 120 123 124 133 141 146 148 155 160 161 165 175 183 189
13 3 10 12 15 22 30 40 41 47 49 59 61 71
11 2 4 9 10 18 27 29 33 41 46 49
46 1 11 21 22 24 30 37 45 52 60 62 69 75 84 93 101 109 115 117 123 128 135 138 140 150 160 166 168 171 173 174 181 190 196 205 208 212 213 219 224 228 232 236 245 250 260
18 6 11 19 28 37 42 51 55 61 64 68 77 82 83 87 92 96 104
31 10 20 21 25 29 33 42 48 49 51 57 67 68 69 78 80 84 85 88 93 95 100 101 106 108 111 117 124 132 136 140
31 10 18 20 23 33 40 45 46 51 61 69 75 81 91 92 95 103 110 116 121 125 131 134 136 144 150 156 162 164 172 181
35 7 14 15 19 23 27 31 38 43 50 52 54 60 63 66 72 77 85 91 99 101 111 115 125 134 143 146 149 154 158 161 165 170 180 182
47 10 14 20 25 34 44 53 60 67 70 72 76 78 79 86 93 100 101 107 114 119 127 133 143 145 153 155 161 169 179 184 187 194 202 210 220 227 231 235 236 242 247 252 257 262 268 271
9 5 6 10 11 12 21 29 35 40
44 2 5 9 10 11 14 20 28 34 38 41 42 45 48 57 63 68 78 87 88 94 102 109 111 115 120 121 126 136 140 145 150 155 160 169 173 178 181 191 200 201 202 209 210
7 10 11 18 26 27 29 35
21 1 9 10 16 25 32 41 43 48 56 61 62 69 71 73 81 89 94 100 103 106
13 3 8 16 18 21 25 29 32 39 44 50 55 57
4 3 5 14 16
8 5 9 18 26 28 33 40 49
1 9
16 5 8 13 22 28 31 38 48 53 54 63 72 74 77 85 87
3 8 15 24
14 5 7 10 13 16 26 32 40 48 55 57 64 71 72
29 2 4 10 11 12 18 26 33 34 40 50 55 57 67 70 78 87 97 102 104 112 119 126 129 137 138 147 154 164
48 3 8 12 19 23 29 36 38 41 45 47 48 53 55 58 68 72 77 83 90 95 99 106 107 117 121 129 136 145 146 156 157 162 169 175 180 188 194 198 208 209 216 218 223 230 235 244 246
15 4 13 23 25 26 30 37 39 47 56 64 65 71 73 82
33 2 10 12 13 22 31 36 43 48 57 58 62 71 75 80 89 99 109 112 118 120 126 135 137 138 148 154 162 170 180 182 183 191
40 1 4 13 23 29 30 34 35 39 47 53 58 63 67 74 81 86 92 99 105 113 120 130 134 137 145 151 161 168 169 170 172 179 181 186 194 204 206 213 219
22 5 13 17 22 31 34 39 46 56 63 69 75 85 90 99 109 117 118 125 128 134 135
27 7 15 18 23 33 37 42 47 52 53 57 60 68 75 82 86 87 89 90 97 106 112 118 128 133 135 145
43 1 6 11 15 21 25 29 30 33 38 46 56 60 68 75 79 84 85 89 97 98 100 105 113 119 120 126 135 136 144 146 156 164 173 181 183 186 195 199 205 214 218 224
25 6 14 19 21 31 38 48 50 53 60 61 68 75 79 87 91 97 102 110 113 122 125 133 142 145
5 5 10 17 26 34
34 5 13 16 23 28 32 40 49 52 57 58 66 68 72 81 86 92 98 104 113 114 116 126 134 135 140 148 154 164 170 174 177 181 190
43 7 13 23 26 28 34 36 39 44 47 52 62 72 77 84 87 88 89 90 97 99 102 112 114 122 127 134 139 146 151 160 162 168 178 183 191 195 197 201 209 217 222 229
43 1 11 12 14 22 23 25 31 37 39 44 49 52 56 61 69 78 86 96 98 102 112 121 123 133 134 138 147 152 157 164 169 175 179 186 196 199 209 216 222 227 228 230
2 4 5
34 7 17 24 25 33 37 41 48 53 54 56 63 73 81 91 92 94 100 109 114 121 129 139 145 149 158 163 173 177 180 190 198 202 203
1 10
26 9 10 12 19 25 33 39 47 53 54 57 65 74 76 80 87 88 95 104 112 120 128 138 146 155 157
17 4 7 11 19 21 30 37 43 49 55 64 67 70 76 85 86 88
22 10 17 20 29 34 39 45 49 53 57 58 66 67 70 74 84 86 87 92 99 104 107
36 5 12 21 27 36 46 49 50 55 57 63 66 70 80 89 97 100 109 116 123 127 135 137 140 141 149 154 163 165 169 171 181 189 193 194 195
39 10 11 20 30 33 35 42 51 58 59 66 72 81 88 96 101 104 110 115 122 127 134 135 138 146 155 156 159 167 177 184 191 195 200 206 215 217 221 230
39 3 4 6 10 11 13 14 16 23 28 35 41 49 55 62 69 73 79 81 84 90 92 96 97 103 106 114 118 126 128 138 142 149 158 161 169 175 181 184
14 5 9 13 19 27 31 39 42 50 59 61 63 72 75
28 8 18 28 35 36 45 54 62 68 73 78 82 91 94 100 104 112 121 123 129 132 140 143 144 148 151 155 161
40 7 11 12 19 20 24 33 38 39 46 52 55 57 66 69 74 80 90 98 108 115 124 129 139 147 156 162 172 182 189 193 198 201 211 213 220 222 229 237 246
22 9 12 19 25 30 31 37 38 41 48 51 56 60 64 70 77 85 89 90 93 96 100
9 5 9 14 24 30 37 38 41 42
25 10 15 22 28 36 37 44 52 53 59 69 79 85 92 102 110 117 118 126 131 134 136 145 154 155
9 6 7 16 26 33 42 46 52 54
13 4 14 24 29 33 40 41 47 57 62 64 70 77
45 1 7 14 24 29 39 45 46 55 56 60 68 78 81 86 96 105 107 114 120 127 134 138 142 149 153 156 166 167 168 169 175 176 183 191 196 203 206 213 223 233 237 240 246 249
3 2 6 12
40 5 11 18 27 36 39 43 49 54 60 66 72 80 83 84 93 98 102 104 114 117 124 129 136 145 146 149 153 156 160 163 170 177 180 182 187 189 194 204 207
8 1 11 15 24 25 28 32 37
35 2 9 14 20 24 25 33 43 53 63 64 71 74 78 81 90 100 103 111 114 118 124 127 132 133 134 141 151 157 167 170 171 177 183 184
