2000 100 1000
1 2 77 126
4 6 49 61 120 144 212 276
6 4 7 55 79 157
9 3 7 10 44
13 3 97 185 264
18 10 33 45 129 212 247 250 301 344 388 476
19 3 6 57 76
24 1 37
28 4 60 131 135 149
32 5 83 90 128 228 251
34 5 65 97 99 183 239
35 10 63 110 123 215 227 266 275 329 413 435
37 7 75 101 194 283 376 459 470
38 9 30 110 189 195 215 306 341 419 483
42 2 71 163
43 4 42 113 200 271
46 1 92
49 7 100 174 228 232 303 362 449
51 9 92 130 197 244 309 364 460 493 545
53 4 57 105 110 191
57 5 47 104 163 194 246
60 5 11 96 183 273 372
62 3 7 15 110
65 4 6 104 176 225
67 9 87 167 178 244 283 345 389 485 493
70 7 53 149 229 288 364 441 458
71 3 6 29 70
72 7 3 34 88 91 154 214 228
74 8 28 33 93 136 214 271 294 309
77 1 35
81 10 40 138 205 248 308 398 409 504 576 601
86 1 70
91 8 15 54 87 180 232 283 330 410
96 2 45 53
101 5 84 176 217 247 323
102 6 72 102 162 220 244 287
106 7 93 192 280 317 401 465 497
108 1 43
109 4 7 52 131 159
111 10 96 138 153 213 298 343 426 500 505 605
116 2 60 62
119 5 77 171 195 211 247
122 6 76 78 178 219 267 321
127 9 53 125 152 200 265 311 349 428 506
130 2 70 71
135 6 12 25 125 128 158 163
139 5 59 151 219 275 297
144 9 16 29 82 144 204 227 319 384 430
148 6 8 103 179 269 274 351
151 2 13 109
156 6 89 126 131 203 219 291
159 8 55 146 246 278 341 412 416 466
160 5 86 110 131 171 255
163 1 83
166 6 92 120 209 273 332 416
170 9 43 137 181 233 297 299 357 445 544
172 5 16 65 121 217 271
174 1 81
178 6 8 32 74 86 169 183
179 5 6 41 118 181 236
180 7 66 161 200 203 267 320 392
185 3 64 157 251
188 6 66 93 117 129 135 137
191 7 28 87 106 175 194 262 320
195 9 93 127 179 184 220 300 354 356 442
198 4 30 40 65 144
199 4 10 65 113 172
200 8 95 184 282 347 375 422 488 505
204 5 63 124 176 219 242
205 2 93 140
206 3 4 93 124
209 9 32 129 168 211 282 294 351 367 369
213 8 1 47 82 166 216 300 302 394
214 1 15
218 6 61 95 191 223 244 338
219 8 51 81 136 172 256 264 344 387
220 1 65
221 9 43 132 226 310 398 448 485 564 617
224 4 27 52 112 211
225 4 81 132 165 249
226 2 98 175
229 6 12 32 89 178 229 321
234 6 9 45 91 185 268 368
238 7 68 141 180 254 327 340 421
241 4 9 84 162 178
246 10 78 128 166 238 338 413 438 445 471 543
247 5 73 97 142 204 217
251 5 12 54 132 216 312
256 1 30
257 6 17 21 67 120 195 268
259 3 66 144 186
260 2 54 118
265 8 91 170 211 224 305 369 432 512
270 10 68 105 202 280 309 366 411 423 467 544
271 7 79 135 219 283 346 368 458
272 4 85 93 146 149
273 1 69
275 6 93 98 151 199 248 319
280 6 39 116 158 203 242 295
282 4 62 77 154 194
6 2 12 20 22 29 33
14 10 12 16 19 20 24 32 39 47 49 52 61 66 73
2 8 13
18 7 13 15 18 19 28 34 43 52 62 63 73 76 85 90 99 106 107
35 9 15 19 27 34 35 41 46 49 59 67 74 78 82 87 91 96 100 102 105 112 120 126 129 137 143 151 160 170 176 177 185 187 193 198
33 8 10 14 22 26 34 36 38 43 48 49 51 52 61 67 72 75 79 88 92 98 104 110 116 124 129 135 143 148 150 151 154 161
9 1 10 18 24 31 41 49 59 64
7 4 6 15 18 20 25 35
34 9 17 19 29 34 40 49 56 60 65 71 76 78 87 88 91 94 104 113 122 128 138 143 151 157 166 175 185 186 193 203 207 211 214
18 3 5 7 14 18 27 32 40 42 47 52 61 64 72 79 80 89 95
31 7 9 11 17 26 36 38 47 52 55 65 70 73 80 87 88 89 95 104 113 114 115 122 130 135 140 141 149 154 156 160
22 1 4 10 17 19 22 25 35 36 38 46 53 60 64 70 74 76 86 88 97 101 109
40 6 13 21 31 34 35 40 43 48 58 61 64 70 76 80 81 87 97 106 109 114 124 132 137 145 150 158 168 175 179 180 190 198 200 205 206 207 209 214 220
45 2 10 14 24 25 30 31 36 46 50 57 65 73 76 77 86 87 88 91 93 100 105 108 110 113 116 120 124 125 129 131 136 143 149 152 155 165 174 175 183 190 191 195 204 206
40 2 11 18 25 26 27 33 37 43 49 50 53 55 56 61 71 81 89 91 101 107 111 120 127 130 134 142 143 148 154 160 170 171 178 186 196 197 202 209 215
32 5 13 14 23 24 26 33 43 53 57 61 68 71 73 78 82 85 90 100 101 105 113 121 128 136 137 140 145 153 161 164 173
16 9 18 19 21 24 29 35 45 54 56 63 71 73 79 81 90
21 10 15 21 29 36 38 39 40 43 44 51 57 66 69 77 79 89 97 107 109 114
23 5 13 17 18 20 29 30 31 32 36 45 47 49 59 67 77 86 95 101 102 107 108 117
36 4 11 18 25 26 32 41 45 51 60 65 72 82 90 98 101 102 111 118 124 125 127 136 137 144 154 162 171 172 176 185 195 196 204 209 212
24 8 15 22 24 34 41 48 55 60 62 72 73 82 84 86 91 99 108 111 114 123 128 137 143
23 7 13 22 30 33 41 50 55 65 75 84 90 98 105 112 114 119 129 137 145 150 160 166
39 10 14 19 26 32 37 38 46 54 55 63 65 67 71 81 83 91 96 102 103 111 117 120 128 132 142 144 152 156 161 165 166 171 173 174 179 186 187 193
48 5 8 11 16 25 30 35 40 42 51 59 61 66 69 72 74 79 87 91 101 111 119 125 132 140 150 160 170 176 186 189 194 204 208 213 215 223 230 237 247 250 259 263 268 273 275 285 286
23 6 9 11 17 24 32 34 35 44 51 54 63 67 77 82 87 90 100 109 119 126 136 143
32 5 9 12 18 19 22 25 26 36 43 48 52 54 63 73 80 87 90 98 100 103 108 115 116 118 124 130 137 146 156 161 165
35 10 12 15 17 18 23 24 26 33 40 49 54 64 72 79 83 84 94 102 112 121 130 131 140 141 146 152 161 167 175 185 188 192 196 203
37 2 9 11 15 19 21 28 33 37 41 47 57 61 65 69 74 76 86 94 95 100 102 106 111 116 124 130 131 137 141 151 155 165 170 175 178 186
20 3 9 18 20 30 35 41 48 54 58 59 62 66 68 76 86 94 101 103 111
12 2 3 9 11 19 25 32 41 45 51 55 57
17 1 6 14 15 16 25 28 34 42 45 46 48 53 59 65 67 74
46 9 10 19 28 38 46 55 56 58 64 70 74 84 93 103 113 119 122 123 129 138 146 152 162 172 181 185 189 192 202 210 215 224 228 231 239 240 241 250 259 260 263 264 267 275 279
3 8 13 16
38 4 9 11 14 23 33 39 45 51 52 56 64 71 77 83 86 96 97 101 104 112 122 128 137 144 150 159 160 163 165 175 179 189 191 194 200 203 204
28 5 13 19 20 25 29 32 39 46 54 56 64 69 70 73 80 90 99 104 107 109 112 119 129 131 139 147 156
47 3 10 16 25 32 34 44 46 56 58 64 68 75 85 94 104 111 114 115 117 119 126 128 129 132 133 141 148 150 158 168 172 181 190 195 204 212 217 224 225 226 229 230 239 243 246 249
5 8 11 19 24 32
1 4
38 1 7 17 26 28 29 38 43 51 60 69 77 78 85 90 92 100 105 106 107 109 118 126 130 140 149 158 167 169 174 178 188 193 198 206 211 217 225
44 8 14 17 22 30 31 33 40 43 44 46 53 61 66 76 80 90 92 98 108 115 121 124 133 143 151 152 158 159 162 166 172 182 184 193 195 199 207 217 224 233 237 239 244
4 5 10 18 25
32 5 9 14 21 25 33 35 43 44 45 51 52 53 55 59 62 67 70 80 90 92 93 102 109 119 125 130 135 137 143 150 155
14 8 15 22 32 35 36 46 53 58 59 60 62 68 73
12 5 11 15 22 27 37 39 43 50 53 62 66
1 8
45 2 8 15 25 26 30 40 47 54 58 64 70 76 82 84 93 96 106 109 119 129 136 143 145 155 164 167 168 177 183 187 194 196 203 208 214 223 229 234 237 239 242 247 256 263
37 5 10 16 18 22 30 35 37 45 53 55 57 61 68 78 88 96 101 105 114 116 123 129 139 146 150 156 166 169 179 184 191 193 195 200 207 209
24 6 10 12 15 25 26 33 37 43 46 53 56 64 66 71 75 83 93 101 102 111 116 122 125
2 2 9
49 9 10 18 21 23 30 39 49 54 61 71 78 82 91 96 103 110 113 116 119 123 133 134 136 145 146 154 160 170 176 184 192 201 207 212 221 231 241 243 251 258 267 272 276 285 294 297 303 312
27 8 16 18 20 25 33 42 50 51 52 61 62 71 77 84 90 92 94 98 107 113 120 121 128 137 147 156
43 5 12 15 19 25 31 33 35 44 46 47 48 49 59 66 72 73 80 83 84 92 100 107 109 114 123 133 137 138 145 149 156 157 166 168 170 178 182 185 194 195 197 207
35 9 14 24 32 42 43 46 56 64 72 73 75 82 89 93 99 108 110 115 117 122 126 136 139 147 157 162 168 175 180 189 198 202 210 220
31 7 15 16 22 29 35 42 52 59 65 66 68 76 83 85 91 98 106 107 117 124 125 132 138 141 150 155 163 168 178 184
30 5 10 12 21 26 32 36 42 50 52 58 59 62 71 79 89 93 98 106 115 118 122 130 132 133 142 144 147 156 158
31 5 12 13 16 25 35 41 49 58 61 68 76 84 85 95 104 109 119 124 126 130 136 137 147 151 160 166 168 170 179 180
13 6 8 12 16 17 27 35 41 49 53 59 62 72
31 9 11 15 18 19 27 30 34 40 46 52 61 62 70 76 77 86 88 89 98 103 104 108 116 121 124 128 132 135 141 143
40 9 18 25 35 36 40 45 46 50 52 60 67 71 74 81 90 95 101 110 111 113 116 125 127 136 137 144 147 150 159 163 173 180 190 197 199 203 204 205 207
43 4 5 9 13 15 18 23 28 32 34 41 50 55 62 66 75 83 86 93 96 99 107 109 111 119 121 128 136 140 150 159 165 168 175 177 178 186 187 197 202 209 218 222
24 8 11 12 14 17 23 27 28 32 33 41 50 56 63 66 73 78 81 86 90 98 99 108 114
33 7 16 18 28 36 44 47 54 61 70 80 85 86 93 103 104 109 112 113 119 124 132 140 148 156 160 169 172 180 186 194 204 213
50 10 18 27 37 39 44 48 57 63 72 79 81 87 88 90 91 92 100 102 110 114 121 124 134 140 144 154 155 157 158 164 172 174 179 181 188 192 199 203 207 217 222 226 235 238 240 241 244 254 263
5 9 18 28 29 33
20 5 12 13 22 32 36 39 47 57 67 69 71 77 85 86 96 98 108 116 126
2 4 11
26 8 11 12 19 23 32 40 50 51 56 57 61 69 78 80 90 95 102 112 121 130 135 141 148 155 164
22 9 13 19 25 31 34 37 42 48 51 53 54 62 72 76 86 88 98 102 109 113 117
12 1 3 10 16 25 34 44 52 55 59 60 67
26 8 18 21 25 33 39 44 53 54 62 70 73 80 81 84 94 101 104 111 119 122 123 131 132 134 139
12 7 17 19 28 38 46 51 61 70 72 74 80
10 7 13 16 25 29 34 40 45 49 50
45 1 6 7 16 25 31 40 47 50 57 62 71 78 84 94 99 100 101 110 117 124 128 133 136 144 154 163 172 174 183 187 193 196 203 211 220 222 227 237 241 244 250 253 257 266
23 6 9 16 17 18 28 32 37 42 43 44 52 53 58 59 60 69 71 73 81 84 93 97
15 2 11 14 21 24 28 36 42 50 57 62 72 78 88 92
21 2 6 8 11 16 26 33 35 41 46 56 63 67 70 79 82 88 97 99 105 109
7 2 5 9 13 19 26 29
35 4 10 18 23 29 38 46 50 54 57 62 70 78 88 90 100 104 113 118 122 129 139 144 148 151 154 163 167 172 174 178 184 192 193 200
31 2 8 12 17 21 22 28 31 41 48 54 63 66 70 75 82 89 93 101 109 112 119 129 133 143 147 155 161 169 175 176
29 3 13 21 23 32 40 42 44 48 57 61 65 67 73 78 80 82 87 93 98 102 107 112 115 116 121 125 130 137
13 4 13 22 32 39 42 46 56 57 65 74 82 92
32 3 6 13 16 22 27 37 47 52 60 61 63 68 72 81 86 92 102 106 107 115 125 129 133 140 149 152 155 161 164 168 171
28 1 11 14 23 25 30 39 45 47 50 53 63 69 71 76 84 90 94 95 103 111 112 116 117 124 131 138 147
35 1 11 14 19 21 29 39 43 53 58 62 68 75 77 82 91 99 102 110 117 126 130 140 141 144 148 154 158 166 167 176 186 191 193 194
18 7 13 22 32 38 47 52 54 62 72 75 81 86 90 100 101 109 117
12 4 6 8 12 20 26 30 33 38 45 54 62
36 6 7 9 10 15 18 23 24 26 32 37 45 47 55 61 68 71 81 85 91 96 97 102 110 116 120 125 134 139 148 150 156 159 163 172 174
21 2 6 14 23 28 32 37 40 41 51 60 68 69 79 89 97 103 106 109 110 119
40 9 15 23 25 32 37 38 43 46 51 54 56 66 74 84 91 98 100 105 111 117 118 125 130 140 147 154 163 173 182 187 189 194 196 202 205 206 207 211 220
43 1 11 15 22 26 35 44 54 57 63 68 70 75 83 89 96 104 106 108 115 122 124 131 138 145 149 158 165 166 167 169 178 187 197 203 211 213 218 220 230 234 236 243
21 3 4 9 16 17 27 30 31 34 38 39 42 47 51 54 64 72 80 81 88 95
6 1 2 3 9 10 18
17 7 14 16 21 23 31 32 34 40 43 51 58 65 74 81 84 93
10 1 9 10 14 23 24 28 36 44 50
37 3 11 12 20 26 27 30 32 42 50 58 61 71 74 77 85 91 97 102 106 116 120 122 127 135 140 141 145 146 152 153 163 165 167 170 177 180
47 6 13 21 29 34 44 54 59 63 67 70 80 87 92 95 102 105 113 123 131 132 140 148 153 158 160 168 169 173 175 178 180 186 194 197 202 211 217 221 228 231 241 242 244 252 253 262
3 3 9 14
47 1 5 10 15 19 24 31 35 45 55 63 69 72 73 76 83 89 99 103 110 120 123 124 129 135 141 151 157 164 172 175 185 187 196 203 207 212 222 223 225 234 236 241 250 254 256 259
22 8 11 21 24 25 33 40 47 55 60 66 74 83 91 99 108 110 111 115 118 119 129
27 9 14 16 23 32 33 42 43 44 47 52 53 60 66 71 81 86 91 100 108 117 123 126 135 144 154 161
24 5 12 19 29 35 38 44 49 59 69 72 78 79 81 85 94 101 109 111 115 122 128 133 136
17 10 11 18 22 26 27 36 44 49 57 62 69 79 84 93 103 108
1 5
39 10 11 15 22 25 29 39 46 52 58 68 71 80 86 89 99 105 114 118 124 133 138 147 152 161 169 172 174 184 188 193 202 212 218 224 226 230 237 238
29 5 7 8 16 23 28 34 35 39 43 44 52 59 69 76 81 83 90 100 104 107 116 120 122 128 130 136 145 148
47 5 8 9 18 22 28 36 43 51 59 62 64 68 70 79 87 90 99 106 111 113 114 121 122 131 135 141 146 147 156 165 169 176 181 185 192 201 208 209 212 214 222 231 239 243 246 250
29 4 11 15 21 24 27 35 41 45 51 55 60 70 76 85 87 96 100 109 116 117 119 128 131 134 142 149 159 166
1 8
36 1 2 4 13 14 16 19 25 30 38 45 50 58 67 76 85 91 98 103 106 113 121 129 138 141 150 160 163 168 178 180 183 191 199 201 202
41 8 16 26 27 29 33 42 51 57 58 59 66 71 73 79 87 94 102 104 111 117 127 131 133 137 139 141 151 160 161 163 173 180 183 193 198 200 208 212 220 221
26 10 18 19 21 24 34 38 45 47 57 60 65 68 77 81 82 88 94 95 104 105 112 113 114 121 123
32 7 13 14 21 31 40 48 55 58 66 68 75 83 90 94 97 107 116 121 130 140 144 151 160 170 172 178 182 187 193 197 198
22 9 12 19 21 28 30 33 39 43 47 54 61 69 70 80 88 97 98 105 115 116 123
1 6
2 7 17
31 6 11 13 17 19 29 34 37 47 57 67 73 80 87 94 103 106 114 116 123 124 127 131 137 144 149 157 164 165 172 177
32 1 7 17 23 26 31 35 44 46 53 57 63 68 77 87 89 95 100 103 110 120 128 132 138 141 147 150 157 166 174 179 186
30 5 9 16 26 33 43 49 53 59 65 68 75 82 90 99 100 109 115 119 120 130 139 149 152 155 165 168 178 180 190
7 5 14 16 18 19 22 29
8 8 14 16 17 25 31 34 36
22 8 15 19 28 35 43 45 47 48 55 64 74 82 91 96 104 110 113 123 124 130 135
30 4 10 17 20 22 25 30 35 40 49 51 61 70 73 74 84 86 90 91 99 108 111 116 123 133 135 145 155 163 173
22 1 2 7 12 15 25 31 32 38 43 47 57 67 73 75 77 84 93 95 100 104 106
9 5 6 16 19 29 35 45 51 53
38 1 8 17 22 24 29 37 43 49 59 67 71 77 87 94 97 106 111 120 126 132 133 142 145 147 149 153 160 170 176 177 179 184 194 203 210 211 212
7 4 5 13 17 27 28 38
12 10 13 23 27 29 37 39 41 43 47 52 60
42 5 8 14 18 22 24 25 34 40 46 53 54 59 61 66 75 81 83 88 97 103 105 108 109 116 122 131 140 141 151 158 166 173 176 183 192 198 200 207 208 217 218
36 3 9 16 25 26 31 39 43 44 46 50 53 57 61 66 69 77 81 82 84 92 93 103 108 114 121 130 136 137 147 148 158 164 168 176 186
41 1 6 14 22 23 24 26 27 35 44 48 50 55 56 66 74 84 85 94 102 107 113 114 115 118 124 127 129 132 140 146 156 166 174 177 187 195 205 207 214 222
21 10 11 21 26 34 35 45 55 60 70 76 79 86 96 105 108 111 112 116 122 127
42 3 9 17 26 31 38 44 48 54 62 71 79 87 97 104 105 115 117 121 131 133 139 149 150 159 168 177 183 186 196 198 202 209 215 219 222 231 232 235 242 244 249
32 4 6 14 23 24 25 28 32 36 44 45 52 57 62 72 73 80 83 86 93 96 100 108 111 115 120 127 129 132 139 140 141
47 5 10 19 20 28 31 33 36 38 41 44 52 59 63 71 77 78 84 86 88 94 101 105 108 114 115 123 127 137 141 151 158 160 167 172 174 178 188 195 196 197 202 209 211 213 220 230
22 8 13 22 30 36 43 50 56 65 71 77 86 88 96 105 112 114 122 123 126 129 138
40 8 11 20 27 37 42 48 55 61 69 76 79 89 98 99 109 113 116 123 129 134 143 148 151 154 164 165 168 170 173 179 182 185 192 202 207 210 217 222 227
8 9 19 20 25 26 28 29 31
28 8 12 16 22 23 25 35 40 46 49 54 62 68 72 76 78 82 83 92 101 104 109 119 128 138 148 156 162
36 10 14 24 32 36 39 44 45 51 58 59 63 67 75 81 90 99 109 111 121 127 131 134 140 146 148 150 151 153 162 169 170 173 177 179 182
44 2 3 10 11 19 22 29 39 44 51 57 59 60 61 71 76 85 89 98 107 116 120 125 135 137 145 147 153 158 159 169 174 175 182 191 200 208 209 211 220 230 238 245 250
10 1 4 11 12 16 24 32 38 47 48
9 1 11 17 19 29 34 42 50 60
18 10 19 20 23 24 28 29 32 39 44 51 59 66 70 72 81 88 92
7 9 15 21 25 33 43 46
42 8 9 18 26 28 34 43 45 48 56 60 63 69 79 84 91 94 96 97 104 106 115 120 127 136 139 146 153 159 160 164 170 178 188 198 200 205 208 215 221 231 241
7 6 12 22 23 29 39 43
23 5 14 17 23 27 35 45 54 60 65 70 78 85 91 94 96 106 108 114 117 120 130 138
13 6 13 18 26 35 38 39 46 50 60 69 78 83
44 9 17 26 32 36 39 47 53 58 59 69 71 73 81 85 86 93 100 107 109 116 123 133 136 138 145 151 154 162 172 180 187 196 202 210 214 216 224 227 228 229 233 242 251
44 10 11 18 24 26 29 32 39 40 41 46 51 61 63 65 71 79 86 92 94 95 99 104 105 112 119 121 127 134 141 144 145 150 153 156 165 172 182 188 196 197 203 205 208
39 5 11 18 22 25 30 33 35 42 44 49 58 61 70 77 85 86 95 104 109 110 115 121 126 135 137 140 147 156 160 164 169 178 182 192 202 204 206 211
31 6 7 13 19 25 35 37 38 39 42 43 53 62 71 75 81 89 90 96 106 109 114 120 123 127 128 133 134 139 140 149
40 3 12 17 22 30 31 34 40 49 50 51 57 59 67 69 76 86 91 98 100 110 118 123 124 128 133 138 145 155 158 164 166 170 179 186 193 199 208 213 214
25 2 11 17 24 27 29 38 47 50 52 53 62 64 73 81 89 93 100 105 112 119 129 136 142 144
29 2 6 13 15 20 23 27 28 36 45 55 61 62 69 70 74 79 81 82 90 99 101 109 111 119 125 130 140 142
49 9 17 25 34 36 42 45 55 62 66 73 81 89 92 98 100 101 110 117 124 128 134 135 142 146 150 159 162 166 176 186 190 197 201 208 214 215 223 227 229 236 240 243 248 253 255 261 264 265
22 1 6 8 10 13 14 21 31 32 40 44 50 58 60 62 70 80 81 84 92 97 107
1 6
28 1 11 18 24 33 42 46 56 58 61 63 68 75 81 90 93 101 107 115 119 124 128 137 142 145 146 148 149
36 10 13 15 16 18 26 30 31 40 50 53 58 67 71 72 75 80 82 85 91 92 102 105 112 122 128 130 132 141 150 155 158 161 162 168 171
36 2 6 15 17 18 22 31 36 39 42 50 53 61 64 66 76 80 86 93 99 105 107 109 111 117 121 125 131 137 143 152 156 165 170 173 181
12 1 11 18 27 28 32 35 41 51 57 65 69
47 7 12 13 17 22 30 40 48 52 60 62 71 80 83 90 92 97 104 111 112 113 119 122 132 140 142 144 154 160 162 169 172 181 183 187 189 197 207 216 220 228 231 241 246 253 263 273
43 8 18 28 29 33 42 47 56 60 65 73 81 82 89 93 95 100 109 119 122 129 138 142 144 154 158 167 168 177 178 181 187 195 202 209 215 217 220 222 230 236 237 243
16 3 6 7 16 23 33 40 42 52 59 61 71 77 80 88 95
36 8 17 18 24 28 36 38 41 46 47 55 56 61 67 72 82 90 96 97 99 108 118 128 138 142 148 152 158 159 162 165 169 176 183 185 192
44 3 6 14 17 26 29 31 32 38 43 50 58 65 73 78 82 87 90 94 97 107 109 112 122 123 126 132 139 145 147 153 158 162 164 172 174 181 183 192 194 195 197 198 202
33 7 10 17 25 32 35 39 44 52 58 61 62 67 68 70 71 81 89 92 98 108 115 123 133 137 143 153 154 159 168 173 174 175
26 9 19 21 25 26 29 33 43 49 57 59 60 69 78 85 88 94 101 110 115 120 123 129 139 141 144
50 7 15 24 26 32 35 40 46 52 57 65 70 80 84 85 92 102 105 111 114 122 129 136 141 148 154 161 167 174 175 185 191 197 202 208 215 223 233 243 247 257 265 274 284 291 299 304 313 314 317
28 5 6 12 18 28 38 39 45 54 64 67 76 86 90 93 96 97 105 115 125 128 132 137 142 149 151 160 162
29 5 15 16 23 29 33 38 40 47 53 57 59 63 71 78 83 88 96 104 113 121 124 134 140 145 146 147 157 163
10 1 7 14 15 24 31 35 43 51 56
6 9 13 17 22 32 36
23 9 18 26 35 37 47 48 49 50 57 65 67 76 84 85 94 98 108 112 119 129 135 142
47 4 13 17 22 29 36 39 44 46 50 60 62 64 71 80 85 91 92 96 98 106 108 115 123 128 134 142 144 152 160 169 170 171 174 181 186 192 201 211 220 228 229 234 239 243 249 252
2 5 11
17 10 11 18 25 29 34 35 43 49 59 61 65 72 73 74 82 83
39 8 18 26 28 32 35 44 54 57 60 69 77 79 80 85 94 99 104 110 120 121 125 135 137 145 155 163 166 169 172 182 186 188 195 198 202 211 219 227
20 4 9 12 22 29 35 36 38 45 52 59 63 71 76 77 85 86 95 100 104
16 4 9 11 17 27 32 36 39 45 48 52 55 65 74 78 83
25 5 15 23 27 34 43 50 54 59 63 69 79 84 93 103 109 118 123 126 129 133 135 139 141 148
14 2 9 13 17 27 33 34 43 52 56 59 64 67 71
44 2 10 16 18 28 37 40 44 54 64 68 70 79 89 94 103 104 111 113 114 122 125 126 129 135 137 146 152 154 160 162 169 174 184 193 203 207 217 223 225 228 236 245 251
26 7 12 16 25 30 31 40 42 50 54 59 68 73 74 84 94 100 110 115 123 126 131 140 150 160 164
37 9 10 16 18 20 27 37 42 49 56 65 68 78 80 87 90 97 98 100 103 104 111 120 126 133 134 144 150 157 167 170 180 184 194 199 203 213
12 7 13 19 20 26 31 41 43 44 47 50 55
38 1 11 16 22 29 30 31 36 40 41 49 57 63 66 70 74 84 94 96 106 108 112 119 120 123 130 136 139 141 149 158 165 173 180 188 189 194 195
10 6 10 12 13 16 26 36 37 40 50
42 9 18 20 28 37 42 49 50 59 60 64 71 73 74 83 93 94 102 105 115 116 122 130 138 147 149 152 159 165 172 175 183 186 193 196 206 214 222 228 238 241 242
36 6 13 20 30 32 42 49 57 60 67 69 78 87 88 94 104 113 118 120 125 131 133 135 145 154 159 167 177 185 195 201 207 213 219 224 225
6 10 11 17 25 32 35
19 2 12 14 23 33 41 48 50 53 57 67 75 83 88 98 107 110 111 119
37 1 4 13 16 25 28 30 36 39 42 43 47 54 59 67 72 73 74 84 91 98 107 113 119 126 128 138 140 145 152 159 164 168 178 183 189 194
12 5 8 12 20 22 31 32 37 46 49 55 57
19 10 19 25 35 41 49 52 59 67 69 73 77 84 92 100 103 105 106 107
4 1 9 13 22
20 5 9 14 24 33 41 49 52 62 68 72 76 77 78 85 90 95 105 110 114
34 3 12 20 24 32 34 39 42 49 55 63 69 79 89 99 108 116 120 125 132 142 152 158 168 170 173 176 180 190 197 204 214 219 222
44 10 14 18 19 27 34 35 41 42 45 47 54 62 64 67 76 81 85 91 94 97 101 111 116 118 127 131 137 139 147 153 157 159 160 163 172 180 181 183 189 197 201 205 213
19 8 16 17 26 30 36 44 54 56 60 67 75 81 83 90 96 104 107 108
12 6 10 11 15 24 28 34 42 44 49 54 55
17 7 9 17 24 31 35 36 43 44 54 64 69 71 76 77 83 91
40 8 12 19 26 29 30 37 39 46 52 54 55 64 68 77 83 90 100 106 114 122 125 135 144 151 160 163 165 174 183 185 192 200 203 210 215 221 227 232 237
27 3 5 9 14 19 29 38 45 51 55 65 71 76 80 84 91 97 100 103 104 109 117 118 120 128 133 139
5 8 13 23 29 33
29 7 13 21 23 29 32 38 41 46 51 56 63 67 76 80 89 94 104 106 111 119 122 131 132 142 145 147 152 155
12 1 10 16 26 33 41 47 52 59 67 75 78
25 10 12 22 24 25 34 41 44 46 49 55 60 62 67 69 71 78 81 84 92 97 107 110 117 122
48 9 12 16 22 23 33 43 53 62 65 69 76 83 91 97 101 102 110 118 124 129 136 141 146 150 156 159 169 177 187 194 203 212 217 224 225 231 240 247 251 256 261 271 279 288 293 295 298
5 3 6 13 21 23
34 7 17 27 36 44 51 60 68 73 80 85 86 87 97 102 106 111 114 116 119 127 131 139 140 145 154 155 157 165 168 173 176 186 192
29 9 12 22 29 30 39 48 50 59 61 62 64 71 73 74 76 79 82 84 86 91 93 97 101 102 103 104 114 117
48 10 17 27 35 45 48 58 63 69 75 82 85 88 95 103 104 111 119 126 131 133 139 144 149 154 156 161 170 176 184 194 202 204 210 219 227 232 233 234 235 241 247 250 254 263 273 275 283
26 5 12 13 19 27 30 31 40 44 51 52 58 67 69 78 87 97 102 104 109 118 124 130 133 138 146
33 1 9 16 20 23 30 40 50 51 55 59 67 68 71 77 87 92 100 107 116 120 126 133 137 139 149 153 154 159 165 174 176 180
40 10 13 17 22 23 28 37 47 53 62 64 65 73 77 85 89 93 102 104 108 115 118 128 137 142 144 152 157 164 172 175 178 180 187 192 199 205 208 217 226
49 7 13 19 22 25 29 37 41 48 55 65 75 80 88 98 103 112 115 125 134 138 147 152 162 171 175 176 179 183 191 199 208 217 220 223 232 242 244 248 253 260 270 279 284 293 300 310 317 325
22 2 11 15 17 23 25 30 31 32 37 42 43 53 59 65 70 75 82 88 96 103 106
7 1 4 9 12 19 22 27
31 9 15 19 29 31 39 43 45 53 62 72 80 84 85 87 91 98 100 108 115 119 128 136 139 145 155 158 167 174 177 178
17 1 7 11 13 17 25 29 37 38 48 49 59 67 74 84 87 89
39 8 18 28 38 41 45 52 60 65 72 75 83 90 93 103 110 113 120 128 136 144 145 152 155 158 159 165 171 172 176 183 190 192 200 208 209 217 218 219
19 5 13 23 30 32 34 44 47 56 60 67 77 82 83 85 91 95 105 114
12 8 18 25 26 32 42 45 50 51 61 66 70
6 2 4 10 14 15 21
46 9 17 26 27 30 38 45 49 50 54 63 65 68 73 78 88 89 90 96 104 105 109 116 120 123 130 135 139 141 151 158 164 168 171 178 179 189 194 203 208 218 219 228 232 233 234
14 3 10 12 21 24 30 38 41 42 49 55 58 64 66
22 7 9 16 23 28 31 32 36 46 56 62 67 75 79 89 91 101 103 111 113 114 123
3 8 13 18
6 6 14 15 25 29 35
34 6 15 20 30 35 41 51 55 61 64 70 72 78 79 84 89 98 100 105 110 117 123 132 140 149 150 151 153 154 164 172 179 181 188
24 3 12 14 20 28 32 37 40 42 52 57 60 70 75 85 88 97 101 110 111 116 124 125 129
24 5 9 12 14 16 26 32 33 37 39 47 52 62 69 73 76 84 87 94 99 100 110 117 124
46 5 7 13 20 22 28 33 38 47 56 65 74 84 89 94 103 113 116 121 125 133 141 150 157 167 176 177 185 188 189 199 206 215 216 217 223 229 239 246 250 253 259 265 275 282 288
4 4 6 16 24
7 6 11 19 24 29 31 38
4 1 6 13 18
25 7 13 15 24 31 40 50 58 64 67 68 70 78 86 89 95 103 111 118 125 134 136 141 142 143
17 2 3 10 18 27 36 39 47 52 54 62 70 77 80 89 96 104
39 3 4 7 11 21 31 40 46 47 49 52 53 54 62 65 75 83 84 93 99 104 109 116 121 125 132 133 140 146 151 155 157 159 162 170 177 186 189 199
30 2 4 14 17 21 26 27 31 40 41 45 52 53 62 70 80 88 95 99 102 111 116 118 121 127 135 141 147 149 153
4 8 12 21 28
36 7 13 23 28 36 44 47 54 60 65 70 72 77 78 79 80 90 99 103 113 118 120 129 132 137 144 146 155 157 164 167 168 176 183 192 200
5 3 12 20 26 36
35 5 11 15 16 19 24 34 41 45 46 48 49 55 60 62 72 77 84 86 91 101 111 113 121 126 129 132 141 148 157 166 171 176 180 183
41 7 11 19 29 31 35 41 47 53 63 65 68 78 87 92 99 106 107 113 120 124 133 138 141 143 144 147 154 161 169 172 175 183 190 195 196 201 202 203 204 213
49 1 7 15 16 21 28 38 48 55 61 67 70 71 80 89 91 100 105 109 110 112 120 129 135 136 143 146 150 153 162 171 179 180 181 184 194 203 204 211 215 224 226 227 231 232 241 247 257 260
31 6 7 8 16 20 29 31 38 44 46 50 60 66 75 79 80 89 94 99 109 118 121 122 130 135 142 146 153 163 164 165
24 2 4 13 17 27 29 34 35 38 40 43 47 48 57 60 61 63 73 83 86 87 92 95 100
48 8 16 18 26 27 37 47 52 62 71 73 74 83 93 99 101 105 107 110 119 128 134 139 145 146 148 149 153 163 169 174 182 189 195 202 209 212 221 223 230 233 235 241 250 255 258 265 271
17 2 6 11 16 20 21 29 30 33 42 49 56 63 73 81 91 96
11 5 8 17 20 25 30 40 48 50 53 59
11 9 12 19 22 31 32 41 44 49 58 65
17 4 9 10 12 22 28 29 32 42 44 51 54 58 65 68 75 81
42 9 13 19 20 21 23 25 34 41 49 58 66 67 77 86 95 103 111 120 127 129 130 135 136 137 143 147 153 162 168 175 180 188 197 206 208 211 213 223 227 229 230
17 9 16 24 34 38 39 48 54 61 69 75 83 92 96 97 105 108
12 5 13 15 21 24 26 33 36 42 47 51 54
48 3 7 15 16 24 32 40 45 47 50 55 59 65 75 80 90 97 102 104 112 120 127 136 140 146 152 155 162 165 173 177 186 194 199 201 209 212 218 220 225 227 232 235 236 240 244 254 264
3 4 13 14
44 1 2 3 12 16 24 30 36 39 42 46 51 52 62 67 70 79 85 91 100 110 120 125 134 135 142 146 154 157 165 169 176 179 182 186 193 197 198 207 210 220 224 234 240
46 7 9 19 24 28 36 40 50 57 62 69 75 84 86 93 97 102 106 116 121 123 130 132 142 152 153 161 162 167 173 180 189 192 196 202 211 221 224 233 237 240 250 253 255 259 262
33 9 13 19 24 31 34 41 46 49 58 67 71 80 81 91 98 105 109 117 127 136 146 150 157 161 169 177 178 187 195 205 210 215
5 9 16 19 23 30
27 7 14 20 21 28 30 33 40 43 45 53 63 71 80 90 94 96 97 102 108 114 120 128 132 141 143 150
35 6 16 17 19 23 28 37 39 43 52 59 64 68 71 81 91 100 101 111 112 115 125 131 136 144 152 160 162 163 168 178 188 193 197 199
41 2 7 8 18 20 25 32 34 38 45 47 49 51 56 59 68 70 75 80 84 89 90 100 104 109 113 116 117 123 128 131 138 145 153 163 166 174 178 187 190 195
36 4 13 20 25 27 33 43 52 55 61 69 78 88 90 92 100 110 114 118 125 133 138 145 151 152 157 158 168 170 178 182 186 195 203 206 207
39 9 15 24 25 26 33 34 43 44 45 55 65 68 77 83 88 97 105 108 118 119 122 127 135 137 147 152 155 160 163 171 175 176 184 185 193 200 203 204
6 8 10 13 14 20 21
21 9 18 26 35 41 42 49 55 59 67 76 79 85 90 100 107 111 112 121 131 133
29 8 17 20 28 38 42 43 52 60 63 72 77 83 91 96 99 106 113 122 127 134 139 147 149 151 153 162 163 172
12 2 4 6 9 10 15 24 34 44 51 52 59
16 10 12 16 22 24 34 39 40 46 53 62 65 69 76 84 93
39 5 12 16 25 33 39 44 46 56 66 67 76 77 81 89 90 97 99 107 110 119 127 133 138 142 151 157 162 170 179 186 187 197 203 205 208 215 222 223
49 10 17 20 23 31 38 40 49 51 60 70 71 78 83 88 98 99 104 106 107 115 116 117 120 129 134 141 147 154 161 167 174 176 185 186 191 193 201 209 214 215 217 226 236 238 242 245 246 252
18 3 9 18 27 32 35 40 45 47 56 63 72 75 76 86 96 101 108
29 6 14 23 31 35 41 49 59 64 71 75 83 86 96 101 111 118 125 127 132 134 139 145 146 156 160 168 174 182
44 3 8 14 16 21 30 33 38 48 50 54 59 66 76 80 90 99 105 113 120 121 125 134 139 144 152 156 161 164 165 168 172 176 179 187 194 204 210 217 223 228 229 239 240
31 10 17 21 23 24 33 39 49 53 59 66 75 79 89 92 94 98 102 112 119 129 130 137 139 145 149 156 166 172 176 178
15 4 5 10 11 19 25 29 37 41 46 51 59 61 69 70
43 1 7 8 16 23 30 32 39 41 50 57 66 68 75 85 91 96 98 101 102 106 115 121 127 137 144 149 156 164 166 175 179 188 194 200 208 214 215 219 221 231 238 244
17 9 13 15 18 24 32 37 42 44 45 47 48 55 64 71 78 84
49 6 9 17 19 22 23 27 29 33 38 46 48 50 56 66 76 85 89 92 95 98 104 108 115 125 126 130 135 137 147 157 167 172 180 186 193 198 199 204 207 213 216 218 225 231 241 251 261 263
4 5 9 17 19
42 6 11 14 22 27 29 33 35 40 49 56 64 71 77 87 96 97 99 104 113 117 119 122 126 134 140 141 149 158 161 170 175 177 180 183 190 196 197 203 208 214 216
22 3 12 17 21 29 32 34 38 46 54 58 61 67 71 79 82 84 90 96 97 103 105
24 8 12 14 16 24 31 35 37 45 51 52 55 57 65 69 72 81 86 96 97 101 102 111 113
13 2 4 11 21 25 30 40 50 53 56 57 66 76
23 3 6 10 17 27 37 47 56 65 69 77 79 89 98 104 114 115 123 131 139 147 156 158
2 6 8
26 9 10 12 20 21 29 39 49 52 59 69 77 83 91 93 94 98 99 109 119 127 128 131 137 141 142
4 1 10 13 23
33 3 5 11 17 18 19 23 27 36 42 46 49 53 60 67 69 75 78 79 83 89 98 104 109 114 115 116 119 121 123 129 130 132
32 6 8 18 23 33 43 52 59 69 77 83 84 91 92 97 105 114 119 126 136 140 144 149 150 157 159 166 170 179 187 193 201
46 10 14 21 29 31 37 44 52 59 69 75 84 89 91 98 108 112 120 127 133 137 146 147 148 151 160 165 174 183 186 193 202 208 215 219 224 227 232 241 245 255 259 268 276 280 281
45 8 15 24 27 33 40 44 54 64 71 76 77 82 83 85 95 103 108 110 115 124 127 130 136 144 150 157 164 168 169 170 178 187 194 200 207 210 216 226 229 238 248 254 257 265
4 7 14 16 25
47 9 16 25 35 42 46 52 60 70 79 88 94 97 102 111 117 122 129 137 145 146 148 154 164 170 177 187 193 199 200 201 209 214 219 225 226 235 242 252 258 262 269 275 279 285 288 291
25 3 11 21 28 32 36 45 50 59 67 77 83 91 96 99 109 111 116 120 121 123 128 138 139 144
20 10 19 29 35 37 40 47 55 59 62 65 73 77 87 88 90 92 102 104 109
35 6 9 13 21 24 29 32 38 48 50 52 58 66 67 76 81 84 85 94 101 110 111 112 117 126 133 134 135 145 152 158 162 168 175 180
49 4 12 18 23 24 31 41 46 47 54 60 64 70 73 77 78 79 86 90 91 101 103 104 105 115 119 125 126 128 130 133 140 141 151 157 160 164 167 177 185 192 202 211 220 226 230 234 244 253
42 9 10 13 14 16 18 28 31 40 48 55 63 70 72 74 80 84 92 100 110 113 121 122 126 131 135 138 147 156 159 168 174 177 178 179 180 181 189 193 194 204 214
2 10 12
29 7 9 14 20 30 35 39 48 50 58 63 64 69 78 84 88 94 99 108 113 122 130 138 148 153 154 155 159 162
11 7 9 11 12 16 24 28 32 36 42 47
4 3 4 13 19
24 10 11 21 29 38 48 57 63 71 81 88 90 93 99 102 103 106 108 109 118 124 133 134 141
9 2 11 13 15 25 28 30 39 47
34 7 17 19 23 32 33 38 46 51 58 61 63 65 68 69 77 87 89 98 103 109 116 122 124 130 137 138 139 144 150 154 160 161 165
42 3 11 21 25 33 40 49 57 59 60 64 70 71 73 80 86 87 92 97 103 104 114 123 127 128 134 137 142 143 144 145 155 160 163 171 175 183 192 199 202 210 211
13 1 2 9 15 17 19 25 31 34 35 40 44 48
18 1 2 6 8 17 24 27 33 41 49 56 58 62 65 73 76 77 81
21 8 9 19 25 35 43 47 55 59 63 70 80 84 88 95 96 102 110 119 125 130
11 7 11 16 18 23 27 31 35 37 46 48
23 5 11 14 16 22 28 38 43 45 52 56 58 61 65 70 74 78 79 82 84 89 96 105
4 9 12 18 28
22 7 17 26 27 35 37 44 48 56 61 65 73 74 79 81 84 91 98 106 114 117 125
34 2 10 13 15 17 21 26 30 32 34 41 44 52 58 61 67 73 82 89 93 99 107 109 110 111 120 126 135 142 144 154 161 167 173
47 9 18 22 23 27 31 33 35 42 48 50 53 61 65 70 74 82 87 88 94 103 110 120 126 130 133 138 143 153 154 160 167 176 177 182 191 201 207 211 215 225 231 240 248 251 257 266
39 5 12 21 29 32 36 39 44 48 54 64 73 77 84 91 93 98 103 111 119 127 132 142 151 152 161 163 171 180 183 186 192 198 205 208 209 217 220 221
34 5 9 10 18 26 33 38 42 44 53 58 59 65 69 72 80 84 86 92 95 97 100 107 114 124 127 134 135 140 144 147 154 157 167
49 1 4 5 11 15 18 20 26 31 33 39 49 52 62 71 81 83 91 94 95 96 98 107 117 127 133 139 147 149 157 161 166 172 177 183 185 190 191 198 203 206 213 216 223 231 241 245 250 253
13 6 15 16 26 29 33 41 48 57 58 64 69 77
11 2 6 13 23 27 32 37 38 48 58 59
30 5 14 16 22 29 37 46 50 51 56 64 71 80 82 85 90 100 106 115 117 126 131 136 145 152 158 162 168 169 177
34 2 10 17 18 27 28 29 33 40 45 51 56 59 68 78 84 85 88 89 93 97 100 107 117 118 127 135 141 142 149 159 162 170 178
21 6 8 13 16 20 24 25 28 31 37 47 48 57 63 68 73 76 79 84 90 92
26 1 6 8 11 13 22 27 35 38 41 44 49 51 53 57 60 66 68 75 76 83 87 89 90 96 105
26 10 11 19 20 26 27 36 42 48 52 56 58 65 73 81 83 87 88 93 102 103 111 118 121 128 134
9 10 11 18 26 36 42 47 50 59
43 5 13 20 23 25 33 37 38 48 50 55 65 72 77 85 93 95 99 109 117 127 133 137 144 153 160 167 171 181 190 192 202 207 216 224 226 232 237 241 247 250 255 264
19 5 12 17 21 30 39 48 51 59 67 70 75 82 89 98 100 108 118 121
35 8 17 19 26 28 31 41 42 47 53 57 67 75 84 90 97 101 108 110 111 114 123 128 130 133 142 144 153 156 157 163 168 174 182 189
3 8 17 20
27 6 13 20 24 25 28 33 37 44 47 57 62 72 74 76 82 87 89 92 100 108 114 118 119 123 125 128
21 1 8 14 18 26 36 44 50 52 60 67 68 72 82 88 94 101 106 111 119 127
14 1 2 11 17 18 23 28 37 41 50 56 62 66 72
27 8 16 22 28 34 43 50 58 63 71 79 87 89 91 97 107 114 119 129 134 142 143 153 155 163 173 177
2 5 7
39 2 8 12 14 15 21 27 32 35 40 44 48 54 58 65 75 81 88 90 92 101 103 107 115 122 129 139 148 150 157 164 169 176 181 188 192 199 201 210
50 9 10 19 20 26 27 31 32 38 40 49 54 56 57 61 67 74 75 76 77 82 91 99 101 102 110 114 122 123 130 138 143 144 150 154 159 164 171 181 185 187 188 195 201 202 207 213 214 215 222
34 7 10 11 19 21 30 36 46 48 50 55 58 63 68 78 81 90 99 104 114 120 127 133 134 139 143 146 153 155 163 164 165 169 170
24 10 12 15 24 26 33 36 37 41 49 50 51 53 62 68 71 72 80 87 88 95 103 111 112
16 10 15 19 20 22 29 36 37 38 48 53 59 66 76 79 80
26 5 8 12 14 16 26 29 30 32 34 36 43 45 46 53 57 58 59 69 72 75 83 84 85 95 99
25 8 16 21 28 37 44 51 53 58 67 73 82 88 96 104 108 115 122 127 135 143 144 152 153 156
23 3 11 12 15 23 31 41 48 57 58 59 66 68 74 80 90 92 94 98 103 110 117 119
5 10 11 15 18 22
45 9 12 18 27 34 44 54 63 68 71 72 78 79 83 92 95 105 107 113 121 124 125 132 139 149 151 156 160 165 174 180 188 196 199 206 216 223 231 237 243 244 246 248 252 261
13 2 4 7 13 19 24 27 29 33 37 39 48 54
38 3 5 12 21 31 35 39 43 46 54 64 69 73 75 78 88 91 97 105 107 117 125 134 144 147 148 154 160 168 171 176 186 187 196 198 200 207 214
37 3 5 9 13 15 18 27 34 43 48 49 52 56 58 61 64 74 75 80 86 94 98 106 116 126 136 138 139 146 156 157 167 171 173 178 180 183
4 8 13 20 22
12 4 8 18 23 27 36 46 47 52 59 61 67
3 8 18 20
36 10 20 30 37 42 47 49 58 63 73 83 89 96 102 112 120 130 132 138 148 153 161 164 174 181 183 191 192 193 194 200 210 211 220 222 230
30 9 12 13 17 23 32 39 44 48 54 63 71 76 84 90 97 99 100 107 110 117 119 126 131 137 147 153 162 170 178
50 3 4 8 18 24 31 32 34 35 37 38 39 45 55 58 59 60 66 73 81 90 96 106 112 118 128 137 145 152 161 166 171 172 173 180 187 196 204 212 220 222 225 232 241 249 255 260 269 277 282
36 7 12 18 21 25 30 31 40 43 44 48 51 54 56 62 65 74 81 91 99 101 111 114 116 118 125 133 143 144 151 153 155 160 169 176 181
22 9 19 21 28 29 34 41 48 54 58 62 63 64 71 81 88 92 96 97 107 110 113
49 3 12 16 20 29 36 45 54 57 60 69 75 83 90 94 102 109 116 123 131 139 145 152 154 162 169 177 187 191 200 201 202 210 211 219 220 224 228 236 239 240 241 251 252 259 263 265 270 277
21 1 11 13 14 16 17 23 27 34 43 50 57 67 76 86 88 98 106 107 109 118
13 4 7 13 23 31 38 46 55 57 64 65 67 70
7 4 10 13 19 25 34 43
24 4 5 9 18 20 23 32 35 41 51 52 61 70 79 89 92 98 106 114 116 126 133 138 147
29 5 14 24 34 43 45 48 54 56 63 65 75 77 78 83 85 91 101 111 117 119 123 131 141 146 154 159 165 174
39 10 18 22 30 36 43 48 54 64 74 76 86 91 96 97 107 109 116 123 131 137 143 145 149 151 161 162 169 174 178 179 185 194 202 207 209 211 217 222
38 2 7 16 26 32 37 42 47 57 64 67 68 69 71 80 85 86 89 98 102 108 109 117 124 133 142 145 149 156 164 168 173 179 184 189 191 201 208
30 2 8 16 25 31 34 37 41 43 51 57 61 67 74 78 82 88 92 96 103 113 123 132 137 145 154 155 162 169 178
47 3 5 11 13 14 21 31 33 34 43 45 53 63 67 72 82 90 96 100 101 105 113 121 125 129 138 146 152 159 166 176 186 189 199 207 211 219 227 236 239 243 253 257 261 271 281 289
43 2 9 11 15 23 24 25 26 27 36 42 46 49 59 68 74 84 86 95 104 112 115 120 126 128 134 137 138 141 144 145 150 154 162 166 168 174 183 188 195 199 202 209
35 9 17 21 31 41 48 50 57 67 76 81 86 96 104 108 114 117 118 128 129 138 144 149 158 163 167 168 175 185 189 196 198 206 209 214
18 2 6 8 14 22 28 35 44 47 54 64 70 74 84 85 90 92 93
8 3 11 14 23 28 32 33 35
33 7 9 10 18 20 30 34 38 45 53 59 66 68 72 73 77 83 91 93 103 106 113 114 124 132 138 147 150 160 169 178 179 181
43 2 7 15 17 24 33 41 49 53 60 62 66 68 77 82 89 90 100 103 113 122 126 127 134 143 146 149 157 164 165 172 175 176 179 186 193 194 203 213 219 224 232 233
49 6 15 23 29 32 41 50 57 58 63 70 77 82 84 86 87 91 98 107 108 109 119 126 133 143 149 154 160 162 169 173 174 175 183 186 187 189 196 197 203 206 213 219 222 228 233 235 244 252
6 6 7 17 26 30 31
44 1 7 13 21 28 35 42 43 51 56 62 72 73 79 87 90 93 99 109 112 119 124 129 137 147 152 160 164 174 183 185 190 192 201 202 206 215 217 223 224 233 239 246 247
26 1 7 17 26 29 30 37 44 52 57 60 70 79 89 93 100 105 109 117 122 130 136 138 148 158 161
18 9 15 22 31 41 49 52 58 60 64 65 66 69 76 82 88 90 95
46 6 14 21 29 37 40 46 54 59 69 72 76 83 93 97 102 107 109 111 119 126 133 140 149 155 162 169 177 186 196 206 207 211 221 228 232 235 239 241 243 247 252 253 256 258 260
1 5
6 3 12 17 26 31 38
17 4 7 9 19 28 38 43 48 56 63 72 78 83 93 103 107 116
46 10 14 16 25 34 41 47 55 61 69 74 79 82 88 97 105 115 116 118 121 128 133 141 150 157 166 172 181 185 194 199 202 207 208 209 214 215 225 228 233 237 246 252 256 265 272
13 8 11 15 25 28 31 35 43 50 58 61 66 75
3 2 6 16
47 4 5 12 21 30 33 38 43 46 47 48 55 60 63 72 76 81 87 93 100 110 119 129 134 143 144 149 154 163 166 175 185 195 204 208 216 225 226 233 241 244 246 253 255 264 267 276
45 4 11 14 16 18 26 34 42 48 56 66 71 78 86 94 103 105 113 116 118 126 133 143 152 155 162 167 168 176 177 178 187 197 207 209 210 212 217 226 228 232 233 242 248 249
40 9 19 22 23 31 34 42 52 56 60 68 69 77 78 84 85 94 100 105 114 121 122 130 136 138 145 150 156 165 171 181 189 197 204 205 209 210 213 222 230
23 8 10 12 21 22 30 38 44 51 54 62 67 71 76 78 83 90 93 96 106 116 125 126
13 5 9 10 15 23 33 34 36 41 42 45 50 55
9 3 7 14 19 27 36 41 46 56
16 5 9 17 27 32 33 40 43 52 56 57 61 71 77 78 79
9 10 19 21 23 25 31 38 45 54
18 7 10 14 15 16 23 28 36 38 40 42 47 54 56 65 74 82 86
7 6 16 21 28 35 43 48
12 3 4 12 20 30 34 44 50 59 67 69 75
13 3 12 20 23 25 28 29 34 39 43 48 52 62
49 4 8 14 22 24 33 37 38 44 46 50 59 66 73 75 79 83 87 88 96 104 113 115 116 125 128 130 133 139 141 149 151 158 165 168 169 174 182 188 192 193 200 204 209 213 215 223 224 231
38 8 16 17 20 30 36 39 44 50 57 58 59 65 75 80 82 90 96 101 110 113 116 125 127 129 130 133 139 143 149 159 162 164 170 172 179 189 198
12 7 12 21 29 38 45 53 57 63 73 81 84
35 10 14 17 20 22 25 35 38 41 46 47 55 58 68 70 78 86 92 102 111 113 120 121 129 135 143 150 151 153 159 166 167 170 177 181
8 3 4 12 18 23 27 28 38
15 9 17 21 26 29 34 35 44 46 49 50 52 53 56 58
33 9 12 18 20 21 30 31 37 43 47 56 60 63 67 71 77 84 93 98 102 109 116 126 127 134 136 144 150 153 160 168 173 174
12 7 13 16 17 24 33 41 50 57 62 70 76
44 5 14 21 29 38 40 44 50 56 59 67 70 74 77 81 86 96 102 111 116 122 128 130 131 137 146 152 156 158 167 172 181 182 191 199 201 210 220 222 228 236 238 239 248
14 4 7 12 20 26 30 39 43 47 48 55 62 69 79
45 4 9 18 22 23 32 42 49 51 54 57 61 70 75 82 88 92 102 111 120 128 134 135 137 143 149 159 163 165 173 179 184 193 201 211 218 221 231 237 240 249 250 255 264 272
25 9 16 23 29 35 40 49 50 55 60 64 66 69 75 81 86 94 97 99 101 103 108 109 111 120
50 5 10 16 25 27 35 38 43 44 45 54 55 59 62 69 74 76 86 90 96 105 107 117 121 124 132 141 151 154 164 173 181 187 197 198 200 207 211 217 219 221 228 231 236 245 255 258 267 274 282
45 2 10 20 24 25 30 32 38 42 52 58 63 72 77 83 92 101 106 114 122 129 134 143 153 157 160 169 171 180 182 187 195 197 200 205 209 210 220 226 230 234 236 238 246 249
11 3 8 10 11 18 27 29 35 36 42 52
32 5 9 18 27 29 32 33 36 45 51 60 66 74 78 88 96 101 104 114 122 123 131 138 141 148 152 155 157 162 171 179 184
36 10 20 27 34 41 43 52 59 68 76 81 88 90 95 99 104 111 121 123 132 134 142 144 147 156 157 160 168 178 183 188 191 193 194 199 201
46 5 7 17 18 26 30 40 49 59 64 66 67 71 75 76 78 87 91 92 98 99 101 102 108 113 117 120 124 128 130 140 150 158 165 173 180 181 182 190 199 203 212 214 222 223 226
15 6 8 15 18 26 27 36 42 47 57 61 65 74 77 87
40 9 13 15 20 27 34 43 45 48 52 53 57 62 67 72 79 87 95 104 112 122 125 133 139 144 145 153 157 159 169 171 174 177 181 189 194 204 213 222 224
26 2 6 7 15 22 25 29 38 40 45 55 62 65 69 72 73 77 83 93 103 107 112 120 121 123 133
17 9 12 13 20 29 34 41 46 56 66 69 79 83 85 89 91 94
30 9 13 14 18 28 36 41 43 45 47 50 59 68 78 88 93 94 98 101 111 113 116 125 131 141 148 153 163 165 173
30 5 6 15 22 27 37 38 45 50 52 61 62 64 73 83 90 96 106 107 117 120 122 129 138 145 149 156 158 160 161
5 1 8 13 14 17
30 1 11 17 26 31 39 43 51 52 62 68 73 77 82 91 98 108 111 114 121 129 132 138 139 140 143 153 157 163 168
6 10 13 19 20 21 24
2 9 12
42 3 9 10 18 24 29 31 39 47 57 62 69 75 76 77 79 88 94 97 105 109 115 122 132 136 138 144 145 155 158 159 165 167 174 181 187 189 194 196 197 207 215
14 6 16 25 32 41 45 50 57 58 66 72 80 87 95
38 3 10 14 23 30 31 39 47 50 58 62 65 71 74 80 84 92 101 106 112 116 124 134 138 143 146 154 160 161 170 172 177 180 183 186 193 199 205
42 1 7 15 18 24 30 36 42 43 47 52 59 60 65 75 81 83 85 90 94 102 110 113 119 121 123 133 141 148 154 155 165 171 181 185 186 194 200 206 208 214 218
23 3 5 12 14 15 18 23 29 32 39 45 49 51 60 61 66 76 85 92 99 107 113 114
11 3 9 10 17 22 25 28 38 44 46 47
13 3 13 14 16 22 28 31 33 38 43 48 55 61
19 10 15 17 21 27 32 33 36 43 46 50 57 60 64 69 77 85 87 90
49 10 12 19 24 34 38 41 50 56 58 65 71 73 74 78 81 90 91 95 105 108 113 118 122 126 135 144 147 156 157 161 171 172 176 180 185 190 199 208 217 218 222 232 242 252 254 259 265 273
36 8 17 20 24 27 35 37 40 48 52 54 64 73 79 84 86 95 99 105 113 116 125 129 137 138 142 152 161 163 164 171 172 178 187 188 192
42 1 9 11 18 24 31 33 42 45 48 49 50 57 67 68 78 82 89 93 96 99 106 115 119 126 136 144 145 152 158 167 170 173 182 189 199 207 217 226 234 241 244
29 8 14 21 26 27 31 36 41 50 56 64 68 72 75 76 78 88 89 93 94 103 105 109 118 123 132 141 149 157
34 8 11 15 24 33 36 46 51 59 66 68 71 76 79 85 91 100 101 107 108 118 122 124 127 135 139 143 145 154 163 169 174 176 183
13 3 10 18 22 24 31 41 50 57 61 69 70 75
49 10 13 15 17 22 31 37 44 53 54 55 60 69 75 81 83 88 91 99 109 111 113 123 132 142 147 148 154 156 158 161 162 171 175 179 185 194 195 204 210 219 220 224 234 242 249 259 266 267
27 8 11 20 27 36 40 47 54 58 65 71 79 82 92 98 108 109 119 126 133 142 144 153 160 165 175 180
41 10 20 25 28 35 38 45 54 57 60 69 78 84 86 95 104 106 111 114 116 117 124 125 129 131 138 148 157 164 166 174 176 178 185 187 195 200 204 211 213 216
31 8 12 13 15 17 18 21 28 37 43 50 55 58 60 70 78 85 94 102 106 109 119 126 131 133 140 150 156 164 173 175
13 1 5 11 17 18 25 30 31 37 43 53 63 68
41 9 14 15 21 28 35 37 39 40 46 50 59 63 68 71 73 81 83 85 92 94 102 103 105 110 119 121 126 136 137 141 151 155 158 168 177 179 184 190 193 196
14 6 7 11 21 24 34 37 39 49 58 68 69 73 82
41 9 15 24 27 33 38 46 56 61 62 68 69 76 84 92 94 100 101 105 110 116 126 131 140 141 144 151 153 157 164 168 172 179 184 191 195 202 203 208 211 213
33 7 10 16 23 32 38 42 48 53 59 68 72 74 75 84 87 96 106 108 110 119 123 132 139 141 149 157 161 168 175 183 191 195
1 10
47 3 9 11 16 20 24 28 31 40 49 52 57 60 65 69 74 84 89 98 99 107 114 124 128 130 132 138 143 146 147 148 150 157 163 167 170 171 177 182 183 187 194 200 209 216 225 227
23 1 6 13 21 22 25 31 37 44 53 57 67 77 86 88 93 96 100 102 106 112 113 115
47 6 13 23 25 34 42 43 48 49 53 56 60 65 71 80 86 91 96 106 111 112 118 128 137 139 140 146 153 155 163 171 174 175 181 187 192 200 206 215 219 226 233 239 240 248 253 255
47 5 13 14 22 25 31 38 48 56 58 67 68 74 82 91 100 108 115 123 130 135 143 151 157 162 169 171 181 187 197 207 211 219 228 230 236 240 243 244 251 253 255 262 272 280 290 299
10 10 14 24 26 34 42 52 55 60 64
7 3 12 15 24 32 42 52
50 6 14 21 30 37 42 49 53 54 57 67 70 80 84 94 99 104 105 109 115 116 118 125 134 141 147 152 159 162 168 175 179 183 187 189 199 206 215 225 234 239 246 251 261 269 272 276 286 291 299
25 3 4 8 11 15 24 27 37 42 50 59 68 77 84 86 95 98 103 105 113 123 130 133 136 146
34 8 12 13 18 19 29 37 44 54 59 60 70 74 82 89 97 103 106 107 115 116 123 132 140 145 153 155 160 163 168 173 174 179 185
36 6 7 9 17 27 34 35 43 49 57 60 65 71 73 81 84 91 93 98 108 117 119 123 133 141 151 159 168 175 182 190 193 202 210 216 224
24 10 12 13 17 23 26 31 36 38 40 43 51 59 60 70 71 80 85 89 90 98 102 105 115
3 10 16 20
1 6
12 1 11 14 15 25 32 40 44 54 56 60 62
7 7 14 19 20 21 28 35
2 3 11
18 8 9 10 13 16 20 27 36 41 44 48 58 59 67 77 86 90 93
12 5 15 21 28 33 34 44 46 52 62 72 82
13 3 12 17 19 27 30 38 43 44 54 64 68 77
3 10 19 22
12 2 7 9 10 16 22 27 35 36 44 45 47
6 7 12 15 21 26 33
44 9 12 13 20 25 32 37 38 48 54 63 64 70 72 77 86 89 94 102 112 115 123 131 135 143 146 156 157 166 171 176 185 193 202 206 210 218 224 228 235 239 245 252 259
13 4 11 17 27 35 41 46 56 58 61 67 71 75
39 10 20 26 28 31 36 42 48 54 61 64 65 71 77 87 93 95 99 103 112 121 127 133 143 152 156 163 171 177 187 190 200 209 212 217 223 232 234 243
10 10 13 19 28 31 35 42 50 55 64
47 8 16 25 34 44 54 62 69 79 83 92 102 105 115 121 123 129 130 140 148 153 159 163 171 179 181 188 198 208 209 214 223 224 230 239 247 253 256 261 265 270 276 283 292 300 309 311
3 1 4 11
16 10 13 15 19 21 25 32 40 43 46 47 54 59 64 66 71
6 5 8 17 23 26 31
15 2 7 14 20 23 28 37 44 46 48 54 63 70 74 75
10 4 7 12 22 27 34 40 44 49 56
35 8 11 17 18 23 27 36 38 46 49 50 56 59 60 61 71 78 79 81 87 94 100 109 117 120 130 140 150 159 163 172 178 184 193 199
26 1 7 14 23 26 31 37 44 50 55 61 68 77 86 93 101 107 109 112 115 122 128 135 142 147 152
2 8 15
39 1 10 13 22 23 33 37 40 48 54 59 65 75 84 87 95 101 111 114 124 125 132 137 144 149 157 158 167 176 179 183 187 189 194 198 204 210 215 223
40 4 13 21 29 32 42 43 51 60 69 76 78 84 90 97 104 107 112 115 116 118 128 137 139 149 158 168 176 184 193 200 204 212 214 221 227 234 242 249 250
10 1 8 16 24 33 38 40 41 51 52
43 5 7 13 16 26 30 36 44 54 61 66 76 81 84 91 97 98 104 106 110 114 116 121 127 133 142 147 153 157 161 166 170 174 176 180 182 190 191 201 202 210 220 227
28 2 8 12 17 26 31 32 34 40 41 45 46 56 58 62 63 69 76 81 87 90 95 97 99 106 112 113 114
38 10 17 19 26 27 30 39 45 46 49 54 62 64 67 75 81 85 94 104 111 118 119 123 128 134 139 144 152 162 169 179 186 196 205 207 213 219 225
39 10 11 13 20 22 30 32 38 40 42 45 50 56 64 68 74 77 83 92 101 111 118 120 123 125 135 144 146 148 150 151 160 161 165 169 174 182 192 201
22 6 8 18 26 30 32 37 44 54 58 66 73 79 84 87 97 101 111 117 123 125 131
30 6 7 10 18 28 34 39 47 52 54 61 63 70 79 87 88 91 95 99 109 117 124 130 136 140 143 147 153 157 163
23 3 7 17 23 25 33 35 37 42 44 53 59 62 70 75 80 83 89 91 94 95 104 110
30 9 12 13 21 27 29 33 40 45 53 60 64 66 73 74 75 76 85 94 104 105 107 108 116 121 123 132 136 141 142
6 6 8 12 17 24 29
1 7
17 5 7 16 23 25 35 40 45 48 57 59 60 62 71 81 89 90
30 3 11 17 24 33 40 50 59 61 65 71 76 86 89 96 99 102 104 109 112 121 126 135 141 148 156 160 163 170 178
46 9 14 24 34 35 45 49 51 58 63 64 68 77 80 85 90 96 97 100 110 115 118 128 132 141 151 154 162 166 176 186 187 193 203 212 216 220 221 231 237 239 241 250 251 254 263
3 4 14 24
31 2 5 7 17 27 35 44 45 52 57 63 65 70 77 85 91 98 102 106 115 118 125 134 135 142 145 154 159 164 174 180
17 1 9 19 25 33 34 39 40 49 57 66 72 81 88 95 98 103
43 7 17 21 31 39 41 46 55 63 71 75 82 87 96 97 107 110 114 123 124 127 135 138 145 154 159 166 176 185 191 198 206 211 215 219 223 233 238 241 243 253 258 265
23 1 4 7 14 19 26 29 35 42 50 52 57 60 61 66 75 79 82 91 97 107 112 113
12 10 15 20 27 37 43 49 55 57 64 68 70
4 4 5 15 24
28 8 15 18 22 28 37 45 55 65 71 81 83 84 85 94 95 99 107 109 117 122 126 130 136 138 146 153 156
23 8 17 25 28 37 46 48 52 55 64 67 70 71 72 81 85 90 99 108 116 117 123 128
49 8 13 22 25 31 39 47 48 55 61 66 70 72 74 82 85 90 98 107 109 115 119 124 131 141 151 160 164 174 178 179 189 198 205 210 220 221 224 233 238 245 247 255 263 266 273 275 281 290
1 2
27 8 16 18 26 29 34 35 45 49 55 56 59 63 70 79 84 92 99 102 107 116 117 120 125 129 135 145
49 4 11 15 20 26 30 38 46 50 52 56 66 76 85 94 102 105 114 123 124 132 137 145 148 157 158 163 166 167 173 181 184 192 201 211 219 224 225 233 236 238 241 251 252 256 266 273 278 286
15 2 9 15 16 23 26 32 40 45 52 56 64 74 84 90
9 2 8 10 14 15 22 30 38 46
8 3 5 11 19 25 31 35 43
14 9 15 18 20 28 31 39 47 50 60 64 65 73 82
47 10 12 15 20 21 30 36 41 48 52 53 60 70 74 78 82 91 92 93 96 99 102 110 120 126 131 139 148 157 167 172 179 186 187 197 198 199 208 217 223 232 238 244 253 254 261 271
11 10 11 20 27 29 31 33 39 42 51 57
9 2 12 22 29 34 38 44 52 60
31 9 15 23 25 32 41 44 46 54 61 66 67 77 80 86 89 90 96 98 103 110 119 125 133 142 148 157 164 166 175 178
45 9 11 15 23 26 30 31 37 43 46 52 58 67 76 78 84 94 104 108 109 111 112 120 128 130 132 142 149 155 164 167 176 178 182 191 200 204 213 223 231 233 242 247 252 258
3 10 17 21
45 1 10 16 19 20 22 32 35 42 52 60 70 80 88 90 95 103 106 116 118 122 126 133 134 135 141 146 156 161 167 177 183 189 193 203 213 219 228 229 233 237 244 248 250 252
7 2 11 17 19 23 28 33
34 6 7 12 21 26 36 41 50 52 61 62 72 74 77 78 81 84 87 96 100 101 104 109 111 118 120 127 136 139 146 147 149 151 161
31 8 13 21 29 34 35 40 50 51 52 59 62 65 66 70 73 78 88 90 95 104 114 118 125 131 133 141 149 150 159 169
30 2 7 15 22 28 37 41 44 51 59 68 78 81 86 95 96 99 100 101 106 108 110 112 116 122 124 134 144 150 158
6 1 11 14 23 31 39
4 7 17 26 34
24 9 14 20 29 33 34 44 50 58 65 72 79 81 84 86 94 102 104 110 118 124 129 131 136
16 6 14 24 31 36 37 39 40 43 44 52 59 64 72 74 83
48 1 11 18 24 27 33 35 38 44 52 62 67 77 83 84 88 96 97 98 107 111 118 127 133 138 139 146 151 161 167 175 185 195 204 209 212 214 222 229 235 238 243 253 254 261 263 272 275
6 6 12 13 20 22 32
37 5 14 24 29 31 36 37 39 45 47 51 53 56 66 68 70 77 81 82 87 93 102 109 117 123 125 131 138 140 150 154 159 168 170 172 180 187
3 2 5 7
36 7 10 15 25 30 33 34 37 43 44 45 50 57 64 66 71 79 80 88 94 103 106 109 110 119 122 124 126 133 137 147 157 160 167 174 175
22 10 11 14 16 25 33 42 44 52 57 63 67 74 83 85 92 102 112 121 126 131 139
28 5 14 17 26 29 33 36 40 44 45 54 64 73 82 85 87 97 107 110 116 122 132 136 142 144 145 155 159
47 4 7 13 22 28 37 41 46 55 56 59 62 65 66 70 77 87 89 91 97 102 110 120 122 132 138 147 151 156 161 163 172 177 180 185 194 200 202 212 221 231 240 246 254 259 267 270
30 5 11 13 23 24 32 35 43 53 56 65 73 82 91 95 99 105 114 118 121 122 131 136 138 142 144 154 155 162 164
9 7 11 20 23 29 31 40 42 44
31 1 10 15 17 27 32 40 50 52 58 67 75 80 90 96 102 105 106 108 113 114 120 124 127 131 141 145 155 156 159 165
41 2 4 13 18 19 28 37 41 50 56 57 67 71 77 78 86 91 93 101 106 115 117 119 129 134 137 144 145 151 161 170 177 179 186 196 203 210 219 229 232 234
24 3 8 16 21 29 35 37 47 56 66 76 81 82 88 98 100 108 116 126 135 137 139 144 145
6 4 6 9 16 18 20
48 10 15 24 27 36 38 47 53 63 72 75 85 93 103 107 111 114 122 124 130 136 145 147 149 151 156 163 168 173 182 186 191 195 203 206 209 212 222 226 234 235 245 250 254 263 269 271 274
6 9 12 15 22 30 31
28 9 17 27 37 40 43 49 52 62 65 72 73 82 83 87 88 97 98 101 107 112 114 121 124 129 138 146 149
26 7 12 15 20 21 26 28 33 43 50 53 57 59 66 76 80 88 96 101 105 109 111 118 121 131 134
37 6 16 21 24 28 34 41 43 47 50 59 65 67 71 72 80 84 86 95 105 114 117 125 133 135 137 139 140 144 147 149 151 153 158 160 165 169
32 9 13 18 26 33 35 38 43 53 61 65 74 81 90 100 102 107 116 126 130 140 142 145 152 160 164 167 168 169 178 186 191
42 5 11 14 17 21 28 29 33 36 42 48 51 56 63 67 76 80 88 98 101 106 109 111 114 115 123 129 132 135 145 146 149 153 156 163 173 182 191 195 202 210 216
20 10 14 19 27 33 42 46 49 57 65 67 72 81 84 89 96 100 107 114 122
4 1 5 10 14
42 7 8 12 15 25 27 37 47 56 57 58 64 67 76 77 86 92 99 101 109 119 129 132 139 149 158 168 169 174 180 190 200 209 219 227 229 238 245 249 253 254 256
29 1 10 15 25 33 43 45 48 55 59 69 73 77 81 86 95 103 108 111 118 123 129 139 149 159 166 172 173 177
46 7 14 19 26 30 35 42 45 47 51 60 70 80 81 91 92 95 98 104 110 111 112 117 118 120 126 130 132 134 140 150 155 158 163 170 178 186 189 197 198 207 211 220 224 234 238
3 4 12 15
30 1 8 16 22 31 33 39 46 47 57 61 68 73 82 91 100 110 113 114 118 127 132 133 135 141 146 156 161 166 173
2 5 11
31 7 10 13 17 22 24 30 39 40 46 49 57 61 70 78 81 82 85 87 94 96 99 100 108 115 119 125 126 135 144 147
18 1 10 16 18 23 32 37 47 50 58 67 74 84 89 99 108 118 120
40 9 13 14 18 28 36 37 47 51 52 54 62 69 70 76 86 92 101 110 118 121 122 130 138 140 145 153 159 164 174 177 184 185 193 203 207 215 223 225 227
18 3 13 19 24 28 38 39 41 46 49 51 53 61 62 70 80 88 92
43 6 9 11 16 17 18 22 27 29 35 44 46 54 58 61 64 73 83 93 99 102 105 111 117 127 130 136 144 153 155 165 170 178 187 197 201 209 214 218 223 233 237 243
19 6 8 17 21 25 35 45 52 54 63 64 72 79 89 92 95 99 105 114
39 6 15 22 28 29 32 41 48 55 64 70 78 84 89 98 102 105 114 121 124 131 139 142 143 150 158 159 167 176 186 187 196 200 206 214 218 222 225 234
21 4 10 19 20 30 39 47 50 59 64 74 82 86 88 97 99 104 111 117 124 133
41 4 13 20 24 32 42 47 48 57 66 70 78 79 88 95 105 107 112 113 121 127 128 131 136 143 153 159 167 169 178 185 191 198 199 204 212 221 225 233 238 245
14 4 9 18 27 37 46 55 60 65 74 84 93 102 104
1 8
29 4 6 13 15 24 28 33 41 51 61 68 78 79 83 88 92 102 109 115 122 128 130 135 138 141 151 154 160 162
12 8 18 19 24 34 38 46 52 55 65 75 76
18 8 15 22 25 30 31 39 44 53 54 55 58 64 74 80 88 98 99
10 4 11 19 23 33 37 43 53 57 62
5 6 7 12 22 25
13 6 14 18 20 29 32 35 36 37 46 47 50 52
43 8 17 25 35 45 46 56 61 65 72 81 83 90 96 105 112 116 118 121 124 127 133 134 138 144 154 155 157 159 162 163 171 174 176 186 190 199 207 211 218 224 228 235
46 9 19 22 28 36 37 45 48 51 59 68 76 86 88 97 106 110 117 123 127 133 137 139 149 154 156 161 167 176 182 184 186 192 202 211 212 222 228 231 238 247 257 263 272 279 289
1 5
19 1 11 21 23 25 32 34 35 38 45 47 52 54 58 62 72 77 80 89
42 5 12 21 30 32 33 42 51 58 67 71 72 74 75 82 88 89 91 99 103 111 112 120 126 131 139 147 148 157 158 167 169 170 177 178 186 192 193 202 212 215 221
36 8 17 20 29 38 44 49 50 53 57 61 64 72 77 82 92 99 101 111 121 122 126 133 143 148 156 160 162 169 177 183 192 194 204 206 208
25 9 10 13 21 26 35 40 41 45 54 56 60 62 70 80 89 96 98 102 111 113 120 122 131 135
30 10 11 19 28 29 37 42 50 59 66 73 76 77 86 95 97 102 105 114 117 125 134 136 144 150 154 162 170 177 181
38 9 12 20 26 28 38 48 54 62 65 69 76 79 89 97 107 108 115 118 120 127 133 138 145 154 158 159 169 177 179 181 189 193 203 206 213 217 221
2 3 13
3 3 7 15
8 2 11 21 25 35 44 53 57
45 7 9 13 14 22 30 32 33 38 43 51 61 70 76 86 96 98 103 106 114 117 123 127 135 137 144 145 149 152 153 158 167 174 177 187 189 195 198 206 209 218 225 229 233 239
41 2 3 12 14 16 21 31 40 48 56 66 67 74 76 78 82 90 95 104 114 120 127 133 135 137 145 147 156 157 159 161 165 168 170 178 183 188 191 199 200 202
13 1 2 11 12 15 22 29 37 43 49 55 64 70
36 2 4 6 9 14 23 26 32 39 49 55 65 71 75 85 89 92 98 104 107 109 117 118 120 124 130 138 148 152 153 158 165 167 174 175 178
40 7 13 17 25 35 38 46 55 60 61 63 71 81 83 84 90 96 97 103 112 117 126 131 134 143 146 156 158 165 170 174 181 189 193 199 208 214 218 224 231
8 1 2 4 8 15 18 27 36
28 2 3 11 21 23 26 27 34 37 45 54 55 56 64 67 72 78 82 86 89 92 96 100 105 115 125 133 140
12 10 14 22 23 32 39 46 47 55 59 64 74
45 3 6 13 16 21 28 34 35 39 45 53 60 65 66 72 75 83 85 91 98 104 112 120 130 137 142 151 155 159 163 169 170 179 185 193 203 208 214 217 220 221 222 232 242 252
43 1 6 9 19 28 33 36 44 54 56 61 63 73 77 82 88 89 93 99 103 107 108 118 127 131 140 144 152 162 166 175 176 183 185 192 202 203 209 213 218 221 224 228
34 4 9 18 19 29 33 34 43 44 48 55 64 68 73 82 91 95 101 109 110 112 118 120 130 132 139 147 150 157 165 173 181 191 192
10 10 18 22 29 37 47 55 58 65 67
25 7 9 11 21 30 39 44 49 55 59 67 72 75 76 82 83 86 94 99 102 109 111 114 116 125
4 8 10 18 26
50 9 19 22 32 33 40 44 46 53 58 61 71 72 73 76 86 88 97 103 113 122 129 132 136 142 143 145 155 165 168 169 170 174 176 184 193 194 196 205 212 218 223 226 228 235 236 238 240 248 258
30 2 5 12 20 22 29 38 45 53 63 68 69 74 76 83 84 91 101 103 105 112 121 123 127 135 143 146 148 158 160
44 7 16 24 33 41 49 56 58 67 74 82 90 92 102 112 122 131 138 139 141 143 149 153 163 166 174 184 191 192 196 199 200 203 208 216 218 227 234 244 250 252 254 258 268
14 4 13 21 30 34 44 51 53 60 65 69 72 81 83
30 7 14 17 22 25 28 32 40 46 53 56 63 67 69 78 88 98 105 114 118 123 133 142 152 158 159 164 167 168 171
3 3 12 21
46 3 7 8 9 17 26 31 33 36 40 44 54 59 62 72 74 83 92 98 108 117 124 129 133 142 151 154 163 165 167 173 175 184 189 196 199 208 215 225 233 238 247 255 261 267 271
15 7 9 15 20 30 31 40 49 56 66 69 70 79 87 95
48 2 5 14 17 18 25 32 36 37 41 47 51 52 58 68 71 81 83 92 95 102 108 116 118 123 130 134 139 145 154 161 164 171 175 181 189 196 200 209 212 221 222 227 235 236 245 250 257
2 1 10
1 1
39 4 10 19 24 26 34 38 40 41 44 45 55 65 66 70 79 86 89 95 103 111 121 125 135 137 144 146 147 151 158 161 171 179 180 186 195 198 201 211
24 8 9 12 17 22 28 29 37 39 41 46 53 55 56 64 67 76 77 87 94 96 101 106 107
33 9 13 17 26 33 40 41 44 45 48 53 57 64 72 77 80 90 98 108 109 112 121 124 125 133 137 138 141 146 147 148 149 157
3 8 14 24
12 5 7 13 14 23 32 37 39 46 55 61 62
49 6 15 23 30 34 36 38 42 51 61 63 66 67 68 74 76 77 81 90 95 99 101 110 119 125 126 133 135 143 146 156 160 164 169 173 178 185 191 196 206 212 217 220 226 236 243 245 250 260
33 10 11 21 24 28 30 32 38 48 53 61 71 79 80 87 96 105 112 117 126 133 139 142 145 147 150 157 160 163 167 175 177 179
34 5 10 12 20 26 35 44 52 56 63 73 76 84 91 93 97 107 117 119 120 129 139 144 151 154 156 159 162 165 173 181 187 188 196
8 5 10 14 21 31 34 44 49
42 2 6 15 16 18 20 27 29 38 45 52 58 65 66 74 84 86 91 99 100 106 108 110 116 120 126 135 137 142 146 156 166 168 178 187 193 199 200 209 211 218 220
46 8 15 23 33 39 42 43 50 58 63 65 75 79 81 91 98 99 101 109 112 118 127 129 130 131 140 142 148 151 157 161 168 176 180 182 186 188 190 193 198 201 211 217 218 223 231
19 3 5 9 16 26 31 39 43 46 56 65 75 78 84 85 90 97 105 111
6 6 12 22 24 30 38
1 3
16 1 5 14 23 26 36 44 49 55 60 70 75 84 89 99 108
26 3 8 12 15 23 30 35 41 43 53 55 64 66 67 76 82 86 95 102 104 111 117 122 124 133 137
16 4 9 11 15 21 31 32 36 40 50 54 56 65 73 75 79
24 6 8 13 15 24 30 40 49 58 60 61 68 75 85 87 96 97 104 107 110 111 119 124 129
24 10 12 14 16 23 24 32 36 38 42 45 46 51 52 54 55 60 63 71 77 78 87 88 97
23 8 12 19 22 25 34 35 45 53 57 62 68 75 76 82 88 97 105 111 113 115 124 134
47 9 16 19 20 25 31 37 39 49 50 58 66 75 82 88 90 100 101 108 114 116 126 130 136 142 151 158 163 173 174 178 182 184 186 188 195 199 208 216 224 233 243 248 252 253 262 268
48 6 9 16 26 28 32 40 47 55 56 57 58 62 69 70 79 88 94 97 98 101 106 108 116 118 125 131 137 146 152 158 160 170 176 181 188 191 194 201 210 217 226 230 234 243 250 257 258
32 10 13 23 30 38 40 46 51 55 60 66 70 79 82 84 87 93 103 107 117 127 136 144 150 156 162 171 175 185 194 201 206
1 5
27 4 9 15 20 25 30 32 36 43 48 51 53 55 58 65 71 74 83 85 87 93 98 101 107 111 120 127
17 2 3 11 16 19 25 33 36 46 49 51 56 62 70 80 86 90
13 4 10 18 21 27 37 41 43 48 53 54 62 64
40 3 13 14 20 24 28 32 37 40 41 42 48 50 53 55 65 72 81 85 90 94 102 112 118 126 127 131 139 143 149 151 153 155 162 166 170 179 183 186 194
12 4 7 13 22 32 38 46 53 57 58 59 60
6 10 19 24 29 38 43
14 8 13 23 28 29 37 45 51 59 68 76 79 86 93
11 4 5 12 17 23 29 32 34 35 40 41
9 2 3 7 16 21 24 33 37 45
35 3 12 22 25 28 31 37 40 46 47 48 55 61 68 74 76 81 85 91 99 107 111 121 123 132 136 140 143 149 157 158 165 174 177 180
36 10 17 19 26 34 44 47 51 55 63 65 68 71 74 81 85 86 91 98 103 108 112 116 125 133 143 147 149 151 156 166 173 183 193 203 208
29 7 15 25 30 34 41 42 43 51 52 57 58 60 69 70 80 88 89 97 100 104 112 121 124 132 133 137 143 146
6 7 15 19 22 31 34
27 6 9 10 11 20 23 26 27 34 38 41 50 55 62 71 73 78 86 90 95 99 100 105 115 122 130 134
4 3 9 15 17
39 3 10 17 23 25 30 38 46 54 63 71 79 89 95 97 103 113 122 127 137 140 143 153 163 165 168 174 176 181 183 190 192 198 204 210 220 225 233 241
14 8 15 22 32 37 43 47 55 60 69 78 84 93 97
42 1 11 16 25 32 42 51 54 62 66 73 79 82 83 88 91 93 95 97 98 100 107 115 124 128 137 140 146 147 154 160 169 176 183 187 188 194 195 205 210 220 227
32 9 10 18 20 27 34 36 44 46 49 53 61 71 78 82 86 90 97 98 101 104 111 112 117 121 123 124 129 130 131 139 145
8 3 7 17 23 31 35 38 43
29 1 8 10 14 16 20 30 31 34 42 50 52 57 65 66 68 75 81 82 87 96 104 106 110 116 119 127 133 141
31 2 3 5 7 12 17 20 29 34 38 42 50 55 62 65 66 75 84 86 91 93 100 105 111 116 118 124 126 131 135 145
46 9 14 17 27 36 39 46 56 61 66 68 69 76 79 81 89 98 108 112 120 126 134 137 145 155 159 160 166 167 175 185 191 199 209 211 217 226 232 234 238 239 244 248 251 257 265
4 2 4 9 13
13 3 9 14 17 20 27 35 36 45 51 54 64 70
21 5 7 9 15 16 24 30 40 48 57 64 69 74 78 82 86 87 88 97 99 108
1 4
41 2 6 7 11 12 13 21 29 30 40 49 52 53 57 58 65 74 80 84 89 92 100 106 109 113 118 128 134 141 144 146 150 151 155 164 171 175 180 187 196 197
39 9 11 17 22 28 37 41 50 53 57 67 68 78 88 98 106 114 116 122 123 131 138 143 147 157 163 171 175 180 185 194 203 207 211 218 219 227 233 241
40 2 12 22 24 30 40 41 50 55 63 67 75 84 89 95 99 103 110 119 125 132 138 143 149 150 152 159 162 169 171 180 187 193 196 205 206 213 221 222 225
7 7 11 18 26 31 38 42
2 3 11
6 8 9 14 15 18 27
18 3 10 12 19 21 29 38 44 54 62 66 72 78 85 86 93 96 101
35 8 14 15 24 31 32 39 47 49 51 55 65 74 82 85 89 94 100 101 111 115 124 131 141 150 152 156 161 169 179 185 193 202 204 211
44 8 9 15 16 21 24 33 42 48 56 65 67 70 76 86 90 96 97 103 108 117 122 129 134 136 146 155 165 170 179 189 199 209 211 214 215 220 225 228 230 238 241 251 253
42 4 13 20 27 32 40 42 47 57 60 70 71 72 82 90 98 105 111 118 124 127 136 143 144 154 161 165 171 175 185 186 188 194 203 212 215 223 230 231 238 243 247
27 4 8 18 24 33 36 42 47 48 53 63 70 72 74 83 88 91 97 102 112 116 124 131 139 142 144 145
41 8 16 21 29 31 39 43 47 49 50 52 57 62 69 72 79 86 94 100 101 109 115 119 123 125 133 137 147 157 167 171 174 175 179 185 186 196 199 206 208 212
14 5 7 16 24 29 38 40 45 55 65 72 76 86 91
8 2 3 12 13 16 24 32 42
20 1 8 9 14 15 22 32 34 37 44 48 50 52 62 70 72 73 80 90 100
35 1 8 17 23 33 42 46 56 65 66 69 72 82 85 93 101 103 110 120 126 132 134 138 141 149 152 154 159 160 162 164 173 176 177 182
37 2 7 14 16 18 28 35 40 41 44 52 57 59 65 73 81 83 85 95 99 101 108 110 113 122 131 134 138 139 145 154 162 164 174 175 179 184
26 9 16 19 26 27 31 41 45 55 64 69 74 75 82 92 96 104 109 118 120 122 125 133 135 145 153
48 4 8 15 24 27 36 41 43 53 62 67 74 83 92 97 106 111 119 125 127 135 140 141 145 152 162 166 170 175 185 191 194 198 203 206 210 211 213 222 224 233 234 240 247 251 261 270 271
45 1 10 11 20 24 30 31 41 43 46 47 55 57 60 70 80 82 92 101 103 109 114 119 129 139 145 151 157 163 171 174 181 185 192 199 200 204 211 220 227 228 232 240 247 252
30 8 18 26 30 38 42 48 52 58 64 71 75 80 83 87 96 103 109 110 120 128 137 146 155 165 174 175 181 182 191
26 10 16 20 23 27 31 35 40 42 49 56 66 68 71 72 77 80 90 96 100 106 112 113 118 124 127
32 8 15 23 31 37 47 52 58 64 66 69 71 72 77 82 83 93 98 106 116 123 128 136 141 148 152 157 164 165 169 178 184
25 7 8 18 28 38 44 47 53 54 59 64 65 66 67 76 77 85 87 96 105 109 119 121 126 136
43 3 7 8 18 24 30 35 44 51 54 61 62 70 71 77 83 85 91 96 101 103 112 118 120 129 133 140 146 152 155 164 165 174 176 186 195 204 214 215 224 230 240 241
49 10 19 26 33 34 39 41 45 47 56 66 69 78 88 91 93 99 102 105 115 122 125 126 132 141 143 151 158 160 166 167 176 185 186 190 193 195 205 214 220 222 225 226 231 235 240 247 257 261
47 1 10 14 16 26 34 36 41 49 55 63 70 73 75 79 86 91 100 104 109 119 122 130 138 140 149 153 155 160 163 172 175 181 191 194 196 201 203 212 216 226 227 236 242 252 257 260
42 9 19 20 23 33 43 51 58 61 63 73 76 80 84 90 97 99 103 105 115 120 125 129 130 140 149 159 163 171 176 178 183 186 196 200 206 214 219 220 221 230 234
34 2 8 10 19 24 32 36 45 51 55 62 72 77 87 90 93 103 107 113 122 126 129 138 141 150 158 167 168 175 179 188 189 198 203
43 9 14 18 25 27 32 39 43 53 60 65 66 75 84 86 94 96 103 104 109 115 125 134 137 138 143 144 150 158 159 169 176 178 188 189 196 201 211 216 220 228 232 233
19 9 10 11 18 21 24 26 28 37 42 51 57 62 72 74 82 90 92 93
19 10 12 21 31 40 41 51 61 65 66 70 79 86 87 88 97 103 108 117
39 9 19 21 30 32 33 36 43 51 58 67 72 75 78 81 84 88 92 94 102 109 114 120 126 131 135 136 146 148 154 157 166 176 179 181 189 190 198 205
38 2 12 22 23 30 36 46 54 63 65 70 79 81 83 85 91 95 98 107 117 126 132 138 148 151 152 153 155 163 165 168 174 175 176 184 191 192 199
32 8 18 21 30 35 43 48 55 56 57 59 67 69 72 79 86 93 102 105 109 110 117 124 126 127 129 134 135 142 145 154 156
13 3 13 19 21 29 36 39 41 44 53 62 66 67
5 10 18 20 25 27
32 8 16 21 27 35 45 55 60 61 64 74 79 81 87 89 93 101 104 110 120 121 129 138 144 150 151 158 160 169 178 188 189
3 4 7 15
48 9 12 17 19 26 30 38 41 42 43 53 63 68 70 75 85 92 101 111 113 118 120 124 128 132 134 142 147 154 164 172 181 187 194 197 202 205 214 216 225 228 233 235 236 243 253 263 264
22 2 11 17 18 19 20 23 33 38 45 50 55 59 62 69 70 80 81 90 93 103 108
29 1 11 17 25 31 38 46 56 60 67 71 80 90 96 100 104 110 117 123 130 139 141 146 156 158 167 175 183 193
20 1 8 11 18 27 36 43 51 53 55 61 67 75 80 83 89 91 94 100 109
33 6 8 11 12 15 17 24 34 37 38 47 51 55 61 70 77 84 87 91 93 97 102 108 109 114 115 116 124 129 131 139 145 154
25 9 14 19 26 31 41 44 50 60 66 72 81 91 96 106 107 108 118 124 130 138 148 158 164 169
2 10 12
38 10 15 21 27 33 40 46 51 54 62 67 71 81 87 97 107 117 119 125 127 136 145 151 161 162 164 171 172 182 185 186 191 198 203 208 216 223 231
28 9 15 22 30 38 48 49 55 58 63 71 78 79 88 90 100 105 109 115 122 125 130 134 135 142 150 152 160
2 10 20
11 3 6 8 9 16 21 26 27 28 36 37
2 7 8
44 1 4 11 20 21 25 29 34 39 43 46 56 60 66 70 73 78 86 87 93 100 103 105 108 117 127 135 137 143 144 147 148 156 159 162 166 168 169 175 177 184 193 200 209
47 5 6 15 20 21 27 36 43 51 56 66 68 72 79 83 84 86 96 105 107 116 117 120 124 132 141 149 150 152 159 165 166 176 180 181 187 190 191 200 207 212 213 219 225 230 233 238
34 6 9 19 22 27 29 33 39 45 52 56 65 71 73 83 90 97 107 108 113 118 127 129 138 147 155 164 169 177 179 186 187 193 195
39 3 8 10 17 24 32 35 43 51 61 63 73 83 84 87 88 94 100 109 117 119 127 132 139 146 154 163 164 174 178 184 185 193 194 204 210 214 224 227
2 1 6
25 1 8 9 17 24 33 35 41 50 60 61 68 72 80 84 90 97 107 114 121 131 139 146 151 155
15 5 12 19 29 37 42 51 53 57 65 69 79 85 92 93
36 1 5 12 20 26 28 31 36 37 42 43 45 48 52 56 59 64 69 79 86 95 104 112 119 128 132 138 142 145 146 147 149 155 158 162 172
24 2 3 8 15 25 27 31 35 41 49 57 63 66 72 74 77 87 94 99 106 107 113 118 119
33 2 10 16 18 22 30 40 50 53 59 67 69 74 83 92 95 98 105 114 117 125 131 136 142 148 153 159 168 176 178 187 192 195
22 6 9 11 16 25 33 37 40 46 49 51 53 63 68 76 84 90 99 103 106 113 118
13 5 8 18 28 36 44 54 56 65 70 74 81 87
20 1 3 11 14 15 20 23 28 32 37 41 44 54 56 65 67 69 71 78 87
14 3 6 14 24 32 40 46 55 63 64 68 75 82 92
29 2 5 14 20 24 28 36 39 48 57 61 68 71 73 83 90 92 101 108 111 120 126 128 134 144 145 155 164 170
18 2 7 8 15 17 21 26 27 32 34 41 51 55 62 64 71 80 88
12 10 14 16 19 23 28 30 33 35 37 39 46
7 2 11 15 22 31 38 40
6 4 5 11 14 19 29
40 5 7 13 21 23 26 33 41 49 54 58 61 66 74 84 92 99 107 112 117 125 129 136 140 141 148 154 160 170 179 185 190 197 200 208 213 219 220 225 226
38 2 6 16 17 22 31 37 45 49 50 51 59 69 70 75 81 86 96 106 115 117 127 135 144 149 157 162 171 173 177 182 191 194 197 203 208 213 218
15 1 7 15 25 32 36 44 49 53 54 59 67 68 76 78
38 2 10 12 13 17 20 25 26 30 32 38 45 55 61 70 78 87 92 93 100 110 116 125 133 139 147 153 158 160 161 170 177 186 195 201 206 214 218
47 7 14 24 26 34 41 43 51 58 60 69 74 83 86 93 94 98 106 116 117 127 128 129 130 133 139 146 154 155 156 157 166 170 175 178 183 192 193 199 201 205 206 212 220 226 235 238
47 5 11 18 22 28 34 44 53 62 70 79 82 86 88 92 95 100 102 109 112 117 127 132 134 140 141 144 148 158 166 169 170 178 186 187 192 193 195 198 202 203 212 219 225 227 230 235
33 6 8 16 17 20 30 34 43 53 56 61 62 67 70 77 78 87 91 99 105 113 119 122 126 136 141 149 159 160 165 172 177 186
9 8 11 14 17 18 25 26 34 44
22 2 12 13 18 21 23 29 31 39 42 47 53 59 65 67 68 75 82 85 94 99 107
27 10 16 25 27 28 32 39 45 50 57 63 69 72 80 86 88 95 96 99 100 109 118 128 133 137 146 147
11 5 7 9 12 15 20 26 33 39 48 53
12 9 18 19 29 32 37 47 57 64 69 71 74
6 9 13 20 26 27 32
42 8 13 22 26 27 35 41 43 53 55 59 66 69 79 80 88 96 103 112 113 114 122 127 129 131 141 146 147 152 158 163 167 170 174 177 184 185 187 189 193 201 210
2 2 12
31 8 11 14 22 28 38 44 54 58 60 66 73 77 81 82 85 89 91 92 96 102 107 111 114 118 120 121 122 129 137 140
21 1 4 12 22 26 36 42 51 56 66 67 68 69 75 76 81 91 94 104 109 119
15 7 17 18 21 25 32 41 46 48 52 60 70 76 82 90
24 7 14 16 21 30 32 42 43 50 56 61 67 76 84 93 100 101 110 119 123 127 137 143 144
15 1 6 15 20 22 32 37 41 51 53 62 69 72 73 82
24 5 8 17 26 35 42 45 51 57 58 64 68 70 80 88 94 97 99 107 117 122 124 128 136
37 2 11 15 18 22 25 26 34 42 46 54 58 61 68 74 79 82 87 92 100 109 119 127 132 140 150 160 165 172 175 184 185 193 203 207 210 217
31 2 9 14 18 20 28 37 43 53 57 66 76 78 84 92 96 99 104 110 120 129 132 142 151 156 163 164 172 179 189 191
29 4 11 21 25 31 37 40 50 53 55 63 67 70 79 86 89 92 99 106 114 120 124 128 131 132 136 140 147 149
43 1 6 7 16 26 35 38 40 49 53 54 56 66 67 68 73 75 83 87 91 100 104 108 112 115 124 127 134 139 141 150 156 166 172 182 183 188 194 203 207 213 215 217
30 1 8 18 23 24 26 33 43 53 60 67 76 85 91 99 100 104 111 114 118 123 128 130 137 139 148 152 159 160 162
22 7 12 20 26 35 37 46 47 56 57 60 64 69 74 79 82 88 94 99 103 105 113
3 9 11 15
24 8 16 22 25 34 35 39 49 50 59 69 76 83 88 92 100 107 110 116 118 124 125 135 137
49 1 10 17 23 27 28 37 38 39 47 57 59 64 70 72 73 74 78 82 88 95 101 103 111 117 126 128 129 138 142 150 151 152 158 163 172 177 183 189 194 199 207 208 216 225 228 230 236 244
41 5 8 12 19 22 26 31 41 45 53 58 61 63 71 73 75 77 87 91 97 99 104 105 109 113 119 128 132 134 141 147 150 152 162 168 175 178 181 189 198 207
49 4 6 10 17 20 23 28 31 41 46 48 50 59 63 67 76 80 84 88 97 104 113 123 129 137 147 148 149 150 152 154 162 164 167 171 176 182 185 194 202 205 206 208 209 214 218 227 237 246
30 3 13 20 27 36 42 51 59 68 71 75 85 92 98 100 104 112 119 124 133 140 144 148 153 156 166 175 180 182 186
1 10
1 7
11 7 10 12 16 24 26 27 33 37 44 46
21 9 17 22 23 31 33 36 44 48 55 63 66 69 77 84 90 96 106 113 117 124
40 10 12 19 26 29 36 39 42 47 55 63 68 76 86 96 104 109 118 124 134 144 150 158 166 169 174 183 188 193 201 207 215 218 225 233 240 242 244 254 258
32 5 8 10 15 25 30 39 47 56 63 64 72 81 90 94 102 103 112 115 120 122 124 128 129 130 139 143 144 150 153 156 163
24 4 10 12 18 21 26 36 46 54 55 58 59 64 74 77 81 89 91 93 102 103 105 106 107
9 3 11 20 27 31 40 50 51 53
11 2 12 15 18 19 29 32 33 39 48 50
3 8 15 25
45 2 10 12 21 30 33 39 42 52 57 67 70 71 77 84 93 94 97 106 108 114 115 122 129 138 142 152 159 164 166 171 181 190 198 199 204 210 215 223 228 234 244 251 256 257
12 2 3 10 11 20 25 32 40 43 53 60 61
18 2 5 15 25 28 30 37 41 42 43 51 56 66 76 82 88 98 99
14 8 15 21 30 37 46 53 59 61 65 71 74 79 83
8 1 9 12 14 24 27 29 35
41 9 13 15 16 20 23 27 31 41 45 49 50 52 61 66 67 71 74 81 90 97 98 99 108 114 117 120 124 132 137 140 141 145 149 153 156 166 167 169 175 184
34 9 19 20 27 36 37 39 43 53 60 70 80 83 93 99 100 107 113 122 123 131 133 138 146 149 152 161 163 166 169 174 181 182 187
11 4 12 15 23 33 38 39 48 50 57 66
20 6 9 17 20 28 32 33 37 41 47 51 52 57 64 69 77 78 81 86 93
49 7 13 14 15 22 29 39 47 55 60 63 64 66 75 76 82 91 101 106 107 117 118 127 133 140 148 149 155 161 170 178 185 186 188 198 205 215 217 220 224 233 243 246 254 260 262 267 276 277
36 2 3 6 15 24 34 37 46 51 57 59 65 66 70 72 79 81 87 90 99 108 115 116 118 120 125 129 130 136 146 147 157 163 168 175 183
2 8 9
40 10 16 23 33 34 40 43 45 52 56 58 62 63 70 78 85 90 92 99 103 110 111 113 123 127 129 138 141 148 156 159 164 174 181 186 195 199 200 202 209
2 2 9
37 4 9 12 16 17 23 28 35 44 53 63 68 70 75 78 85 95 96 101 106 107 110 113 122 132 141 149 155 161 166 167 175 178 182 183 192 196
40 6 14 21 26 36 42 43 45 51 54 64 73 83 93 95 98 102 112 115 120 124 127 134 142 152 162 168 173 183 184 191 192 197 203 213 220 224 234 237 246
6 1 10 13 23 31 41
21 8 17 25 33 40 48 57 63 68 73 76 85 95 103 104 114 123 133 136 137 140
15 4 11 20 21 23 33 37 46 49 57 59 66 72 76 77
12 10 12 14 22 29 36 44 46 53 62 65 73
37 2 11 18 19 25 35 44 45 47 53 55 59 66 69 73 76 83 84 94 100 110 113 116 118 128 137 147 148 158 168 173 177 185 194 202 203 208
39 5 9 15 21 31 41 51 54 60 62 64 66 69 73 77 80 89 90 99 107 115 123 131 139 144 151 158 168 171 172 181 184 190 199 206 213 215 224 226
10 4 7 14 17 18 24 29 39 43 51
27 8 13 16 25 33 37 40 47 50 60 68 70 77 87 93 101 106 114 115 116 125 128 133 140 145 150 156
4 7 10 18 21
47 9 13 15 25 28 33 34 44 50 52 57 64 66 76 77 82 84 93 102 110 119 121 123 130 139 148 157 161 170 175 182 186 191 192 197 201 202 206 208 214 222 227 236 243 251 259 267
41 1 7 8 9 17 21 31 33 34 36 38 42 50 60 66 76 85 91 99 105 109 117 119 120 130 134 143 145 146 154 162 164 166 175 184 188 189 199 200 206 216
19 7 10 11 16 22 26 27 33 43 50 59 64 68 71 73 76 84 87 90
31 8 13 17 19 27 30 31 38 47 51 52 57 63 68 78 79 84 89 97 98 102 112 120 121 126 128 136 146 152 156 164
13 3 12 19 26 30 39 44 50 60 69 71 78 87
49 3 6 14 19 28 32 39 43 44 51 56 62 68 77 81 88 95 104 113 116 120 130 140 148 155 158 160 167 170 180 181 183 189 199 205 215 219 225 232 242 247 250 260 269 274 279 285 287 290
50 2 9 10 11 17 26 34 39 42 50 59 65 72 74 75 79 89 91 92 101 111 112 114 124 133 134 136 140 146 148 150 159 160 165 171 181 182 191 201 205 215 221 224 230 240 247 252 262 265 274
49 10 16 23 30 36 38 46 47 53 54 57 60 67 77 85 90 92 101 105 112 113 115 119 126 132 136 143 147 155 160 168 175 178 184 192 198 200 201 202 207 209 216 224 228 236 240 244 251 260
15 4 7 8 11 19 29 38 45 51 56 61 66 72 79 84
48 9 18 22 27 30 39 47 56 59 61 62 69 71 77 79 88 97 106 115 122 130 138 140 145 149 156 160 169 179 188 192 201 207 211 218 228 231 237 245 246 256 257 265 270 277 279 280 290
34 5 14 22 30 33 41 42 52 56 61 71 76 81 89 99 107 115 121 125 130 133 139 140 141 145 151 159 168 175 179 183 191 199 208
37 7 11 19 23 27 30 39 49 57 64 73 75 84 86 90 97 98 100 102 106 111 116 121 128 132 136 140 141 146 153 157 165 168 173 178 181 182
21 8 10 19 27 37 38 46 49 59 63 71 76 83 89 93 97 102 109 116 126 134
14 4 5 7 10 18 28 36 41 47 48 58 59 66 68
35 10 18 24 25 33 39 45 49 55 56 62 67 77 85 87 91 93 95 98 101 110 115 125 129 134 137 145 154 164 173 183 193 198 203 207
37 7 9 18 27 36 45 51 55 60 63 69 78 88 97 105 111 113 115 120 122 127 136 142 145 154 159 161 166 172 181 190 195 201 206 208 218 223
9 6 7 8 15 20 23 28 34 38
5 4 13 23 31 34
8 4 5 6 14 24 32 42 52
10 3 6 8 17 27 36 45 48 52 62
10 7 15 18 26 28 33 35 45 48 51
43 1 8 12 17 21 25 29 36 41 45 48 57 65 70 80 89 91 98 104 105 106 108 113 119 126 135 145 148 156 164 173 177 182 183 188 194 199 209 211 219 221 230 234
24 9 14 16 23 29 32 39 49 57 59 61 65 72 75 77 81 87 93 99 106 110 113 118 123
31 8 15 22 28 38 39 47 52 54 61 67 70 79 89 91 92 95 98 106 112 114 115 116 121 130 131 134 137 141 145 155
3 4 10 11
31 6 15 23 33 40 41 49 54 56 57 63 70 73 78 87 91 98 101 110 114 122 123 132 142 151 156 157 159 163 164 170
5 4 7 10 15 21
11 9 10 11 16 23 32 39 45 46 55 61
25 10 18 20 22 30 32 33 39 40 46 54 56 58 67 69 76 81 91 92 100 104 109 116 122 124
17 5 15 25 28 29 36 42 45 50 55 56 58 62 66 75 78 88
37 8 14 18 19 28 29 35 40 44 50 51 59 62 69 78 84 94 101 110 114 121 131 140 146 151 161 167 171 178 179 188 191 195 196 200 207 210
42 9 11 14 24 30 35 45 52 61 64 73 76 77 86 89 98 99 105 114 115 119 129 132 134 138 146 153 157 159 162 167 172 181 182 186 188 193 203 207 213 222 231
39 7 14 22 26 33 42 49 57 62 63 71 77 80 82 91 94 103 108 113 121 123 132 134 144 146 154 157 164 173 182 192 196 204 211 213 221 224 234 239
47 8 18 20 24 29 37 41 48 51 60 62 69 75 76 82 85 93 97 102 108 111 119 127 132 141 147 153 158 168 169 178 187 194 200 205 207 215 220 228 231 240 245 251 256 265 266 275
8 2 3 7 15 16 26 35 41
46 3 9 14 15 23 32 33 40 46 55 58 64 66 67 74 75 83 91 95 96 103 109 118 122 130 134 143 151 152 162 164 167 169 171 179 183 184 188 195 198 208 209 217 220 226 227
25 4 10 15 24 25 35 42 47 55 59 60 65 72 76 77 84 86 87 97 100 107 113 123 129 137
38 2 9 19 25 32 35 43 50 53 62 72 82 87 90 98 108 114 117 126 127 129 132 139 142 146 154 161 168 171 180 182 183 192 196 200 210 211 216
42 6 15 25 27 35 37 41 45 55 64 71 77 85 90 96 104 114 116 120 126 129 133 142 148 157 159 165 170 174 182 188 192 201 210 212 213 214 219 225 234 238 245
23 6 9 17 19 22 26 29 38 47 51 58 61 68 73 82 86 90 100 106 115 116 121 126
40 1 3 6 12 15 21 23 29 36 45 50 57 66 70 71 79 87 95 105 113 119 127 135 145 154 156 157 160 168 169 171 173 176 178 179 182 189 192 198 203
11 3 6 15 21 25 30 32 40 46 51 57
25 9 10 15 18 21 31 35 39 40 45 51 54 62 69 78 79 81 82 91 101 110 113 114 122 127
3 4 5 14
35 1 10 16 26 32 39 47 48 56 66 73 74 82 91 95 104 107 110 113 123 130 138 141 151 159 168 172 174 181 184 192 193 200 208 211
1 8
14 6 7 8 18 23 26 27 28 30 38 40 44 49 57
41 5 7 14 16 23 26 31 40 47 52 61 68 69 73 80 82 89 91 101 104 107 108 110 117 123 129 130 137 147 155 163 168 169 170 176 179 183 190 199 202 212
26 8 11 18 20 29 39 48 50 52 54 57 62 69 79 86 96 97 103 110 114 124 125 126 127 136 139
6 9 15 17 27 36 42
35 5 8 9 16 19 23 31 35 45 47 50 51 53 63 66 71 79 85 92 102 112 117 126 133 141 151 160 165 171 180 187 192 193 202 207
30 10 11 18 26 34 40 42 46 54 59 64 65 68 75 82 89 94 96 99 109 112 113 114 118 127 132 134 141 151 161
7 6 10 16 23 30 32 41
5 6 9 19 20 24
44 2 12 22 31 35 43 48 53 60 67 76 83 90 98 106 114 115 124 125 127 128 131 138 145 153 157 164 170 174 177 185 186 193 201 208 217 219 224 225 228 233 234 240 242
7 10 19 23 33 37 40 45
2 7 11
37 5 12 20 23 26 33 42 46 56 65 69 75 84 94 104 111 119 121 128 130 134 142 148 152 153 155 164 168 178 180 182 187 192 199 208 213 219
2 10 15
39 1 7 15 22 32 35 36 41 44 47 57 62 63 71 78 80 88 96 98 100 109 112 115 120 129 134 143 152 153 156 157 166 170 178 179 187 196 200 208
50 8 11 20 26 32 37 38 46 56 59 67 69 70 80 85 94 96 100 102 112 113 123 128 137 138 148 151 158 161 169 172 175 182 184 185 193 201 205 213 223 233 234 244 254 257 266 268 275 282 285
30 7 17 26 34 39 43 49 59 62 65 74 84 90 96 100 109 115 120 127 131 139 146 156 166 170 179 182 187 194 201
24 7 13 17 24 33 36 46 49 51 59 69 71 75 76 84 93 94 98 105 112 119 124 126 135
21 6 12 14 17 24 31 41 42 45 48 53 56 59 68 76 84 86 90 94 98 102
13 4 9 16 25 33 42 45 50 54 61 65 69 70
35 8 14 20 25 32 39 48 58 60 68 69 73 82 87 93 98 106 111 121 123 130 135 142 149 155 159 164 172 182 188 197 198 201 206 211
44 5 12 20 26 29 38 41 44 48 51 53 58 66 74 81 85 91 93 99 103 111 112 118 122 126 128 131 141 145 154 156 166 172 179 184 192 196 197 198 206 214 224 230 234
7 8 13 17 21 28 33 34
21 4 14 24 26 31 38 45 49 57 58 64 71 80 82 86 94 101 103 106 110 115
41 3 11 12 22 27 32 42 52 58 61 67 73 75 84 89 93 94 104 111 118 119 120 125 130 138 144 148 155 163 172 182 192 198 203 209 211 215 225 233 234 239
27 3 11 15 19 22 27 35 40 44 47 53 55 65 74 81 88 97 101 102 111 115 118 122 123 133 134 140
20 2 7 11 18 24 30 32 34 42 43 51 59 61 62 72 73 78 85 92 94
10 9 19 22 25 28 32 36 38 47 51
22 6 14 21 31 36 39 48 53 58 64 74 79 85 94 101 108 113 117 119 127 131 136
14 1 4 7 8 13 15 16 21 29 30 37 41 47 48
1 6
22 6 11 12 15 22 27 36 39 40 41 51 58 65 75 85 89 94 101 107 109 117 119
39 9 14 15 21 24 34 37 45 53 55 60 64 73 77 87 88 97 98 103 107 110 117 123 128 136 137 139 140 143 146 156 161 162 165 166 174 175 179 187
11 10 16 21 22 31 35 42 48 53 62 66
35 3 11 20 29 36 41 47 50 55 57 63 69 77 85 87 94 101 104 109 114 115 123 130 132 135 143 144 150 158 161 164 165 174 181 191
42 8 16 17 18 28 29 36 41 49 57 61 68 77 81 85 89 92 96 102 110 112 122 127 134 143 144 151 152 162 167 172 174 182 186 187 189 192 198 201 209 219 224
3 1 3 4
12 1 6 10 13 14 23 30 32 38 42 44 54
28 2 12 21 29 38 45 50 55 65 73 79 85 92 95 100 103 111 112 114 122 131 141 145 155 163 173 175 180
29 10 15 17 27 34 39 40 42 51 61 65 70 75 85 86 94 97 99 105 112 117 126 134 140 142 145 154 156 165
12 7 17 18 20 21 22 28 36 39 45 54 60
48 3 4 8 14 19 28 32 41 44 54 55 64 69 79 83 93 94 103 113 115 123 130 137 140 150 153 163 167 168 173 174 176 179 184 187 194 195 197 200 202 205 212 220 223 232 234 241 242
19 8 17 26 32 35 36 45 46 56 58 68 74 79 80 85 92 98 99 101
34 10 14 17 24 25 31 41 47 49 58 61 66 67 70 79 82 88 98 100 101 103 104 113 121 131 138 147 157 159 166 174 176 180 183
28 4 7 13 14 24 32 34 35 43 44 45 54 64 73 77 87 96 98 102 112 119 126 135 136 146 152 160 165
45 4 9 11 18 21 23 28 34 40 43 47 49 52 57 62 67 73 80 81 88 90 91 99 108 113 121 129 137 139 142 144 151 156 162 165 175 185 186 190 196 206 211 218 219 228
33 1 2 6 14 17 23 30 40 48 50 57 63 64 73 82 87 90 91 92 94 95 100 102 111 118 127 134 144 153 161 167 170 178
26 9 14 15 16 17 27 30 33 41 49 53 60 63 67 69 71 78 88 89 97 107 115 118 124 130 140
27 2 9 19 22 30 39 46 51 57 64 65 69 73 83 92 102 103 104 112 113 121 128 131 138 144 154 158
17 1 7 9 19 25 26 30 35 40 46 48 57 67 69 78 85 94
47 5 14 20 24 33 42 51 58 65 71 78 83 90 92 96 98 101 105 106 113 116 118 120 127 137 138 140 143 145 150 156 158 159 162 163 171 172 177 186 194 203 210 211 212 217 226 235
21 5 10 13 14 16 19 21 25 28 36 46 55 62 64 74 76 84 87 94 99 100
50 5 13 20 25 26 29 37 38 47 57 59 67 71 79 86 87 94 103 112 121 127 130 132 140 150 157 164 167 172 173 180 187 189 190 193 202 205 214 224 234 236 237 239 249 250 257 267 269 278 283
14 3 9 16 17 25 35 41 47 50 60 69 72 73 82
39 6 9 14 24 29 32 36 45 46 56 60 67 76 79 88 92 97 100 110 120 124 128 138 144 145 155 162 166 170 173 174 182 190 195 203 207 214 215 216
43 6 7 14 21 29 39 44 49 56 59 66 70 71 81 83 87 95 102 110 111 115 116 118 127 133 138 146 147 150 155 164 174 182 184 187 190 192 199 208 211 212 218 221
31 9 14 17 18 25 30 40 49 56 57 63 65 72 81 89 97 104 108 113 118 128 133 141 149 153 157 166 174 176 178 181
5 5 12 22 32 36
37 9 14 19 29 36 37 42 50 57 65 73 76 78 84 93 96 103 111 112 119 121 123 133 143 150 157 162 168 173 178 181 188 191 195 196 203 212
17 8 18 24 29 32 40 44 48 56 64 65 69 70 77 80 89 94
17 4 12 22 30 34 39 44 47 57 61 63 66 76 82 89 99 109
43 9 18 20 23 28 34 42 46 49 59 68 70 79 88 93 97 98 100 106 115 118 126 134 139 142 144 145 149 153 161 168 175 178 186 188 194 197 206 211 214 220 225 227
13 5 15 25 33 38 42 49 53 63 73 79 87 95
28 4 8 13 17 23 24 27 33 40 42 47 51 59 64 65 71 80 87 90 92 94 104 107 114 117 123 126 134
8 10 18 28 34 39 41 48 51
50 5 9 14 16 23 33 40 50 57 58 63 70 76 86 92 98 106 107 116 118 124 130 136 142 145 151 157 163 169 170 179 184 187 196 206 214 219 220 222 231 235 238 242 248 258 264 270 279 288 293
48 10 11 13 21 30 34 39 41 47 54 55 58 61 68 77 84 85 93 101 111 119 129 131 132 141 148 151 159 161 163 170 175 184 189 194 198 203 206 208 218 228 233 243 251 254 260 267 272
43 4 8 18 28 36 44 49 51 54 60 67 68 73 80 83 92 93 95 101 106 108 111 115 119 121 128 137 139 144 154 159 162 171 181 188 195 204 212 218 224 225 231 234
30 9 19 28 38 39 43 45 48 52 60 66 73 82 91 96 97 103 106 112 117 119 124 134 135 145 147 155 156 166 170
19 10 14 23 28 38 47 52 59 62 66 75 80 89 90 95 103 110 111 119
50 10 17 20 21 28 29 31 38 39 46 52 62 71 75 76 78 87 96 97 98 108 118 121 128 132 140 142 143 145 149 156 158 168 173 180 184 191 196 197 198 200 206 211 215 224 230 239 241 249 255
49 1 11 13 18 24 32 41 48 49 52 58 68 77 81 88 91 92 98 107 108 110 114 115 123 126 127 133 137 142 152 156 161 165 175 182 185 188 189 197 199 203 206 212 216 224 226 228 238 243
25 2 3 11 17 22 27 33 43 45 48 55 61 70 73 83 91 94 95 103 105 112 118 120 122 129
26 7 17 21 23 33 35 42 46 47 49 57 64 67 77 85 91 93 95 98 108 112 115 117 127 134 140
16 7 9 16 24 29 39 46 49 54 58 61 66 75 76 79 87
11 9 13 16 25 31 33 39 42 43 52 58
43 9 19 27 35 43 46 48 58 63 69 76 86 95 102 107 117 121 124 128 130 138 145 154 160 168 171 174 175 178 181 188 194 198 203 208 211 214 215 218 223 231 239 240
2 4 11
34 3 7 16 25 34 35 44 50 52 61 67 74 79 82 90 94 103 108 114 119 120 126 129 134 139 148 150 159 160 161 169 173 182 187
5 8 15 20 24 33
11 9 19 25 26 31 33 38 48 52 56 59
24 3 12 22 32 33 37 40 42 52 61 68 70 77 84 85 93 101 106 114 117 122 129 136 137
12 1 10 14 19 24 25 26 28 36 44 46 49
26 5 14 21 23 26 32 41 45 55 60 69 72 77 79 84 93 99 100 108 114 118 126 136 141 147 152
15 9 13 19 21 27 29 35 42 50 57 65 69 70 80 88
44 9 16 19 29 31 40 42 47 48 50 58 62 70 80 83 89 97 107 113 119 121 130 132 137 141 148 152 160 166 169 172 176 179 182 191 201 206 213 214 220 223 224 227 232
20 7 14 19 20 24 32 34 43 53 59 67 73 75 77 87 97 107 109 116 117
49 10 14 19 29 39 46 54 64 67 69 70 73 79 84 90 93 100 106 108 111 115 124 131 137 146 151 156 162 167 174 184 194 203 209 214 219 224 228 233 242 250 256 261 268 274 284 294 295 299
6 1 9 17 27 34 42
40 9 19 26 35 42 48 51 56 58 61 67 72 77 87 94 100 107 114 120 126 128 137 146 154 161 166 175 182 188 197 201 211 221 226 227 235 244 247 256 262
50 7 11 15 23 30 38 41 43 52 53 57 65 72 77 87 89 96 98 107 109 110 118 126 128 130 140 147 153 161 165 168 174 181 183 189 193 199 202 206 215 220 222 225 229 238 247 252 255 257 267
49 9 19 21 24 29 37 41 46 52 53 55 62 69 70 71 73 83 93 103 112 117 126 134 140 146 152 154 157 158 165 167 177 183 185 194 203 209 214 216 219 227 229 230 232 235 239 242 252 255
44 3 8 12 16 19 27 34 35 39 49 50 54 61 69 77 81 85 95 97 102 103 107 108 111 118 126 132 137 145 146 151 154 162 171 177 182 183 191 201 202 203 213 215 217
28 5 7 17 18 26 33 43 47 51 54 58 67 76 84 94 96 102 104 112 119 126 130 135 141 145 155 160 165
43 5 6 13 22 25 28 30 32 40 50 52 56 64 72 81 85 94 101 109 113 122 129 132 137 142 152 153 162 172 173 178 186 192 201 203 211 213 223 232 239 249 253 255
17 5 13 23 31 37 39 43 45 46 54 64 66 72 73 82 87 94
2 2 11
2 3 11
48 8 10 11 19 27 34 37 43 49 59 61 62 68 71 80 89 90 100 105 115 117 118 126 129 135 136 143 151 156 166 172 174 182 192 195 196 200 202 207 217 224 231 236 245 253 257 266 268
5 3 13 19 23 30
31 9 11 14 21 31 35 43 47 51 57 63 64 69 73 83 85 95 104 111 121 123 131 141 151 152 158 160 170 178 184 186
35 8 10 14 19 25 34 39 46 52 54 62 68 72 80 85 93 95 96 105 109 111 120 121 130 136 146 153 161 168 177 185 194 197 203 213
27 4 9 18 25 31 35 37 38 43 47 56 59 64 66 74 77 83 87 93 98 101 108 116 124 128 129 134
2 9 12
24 6 7 16 21 27 36 44 51 54 56 66 68 77 82 84 92 96 100 106 110 116 122 132 139
21 4 9 18 26 30 34 43 51 61 63 67 70 75 79 88 91 92 93 99 107 115
35 7 10 11 15 25 31 33 36 46 54 59 65 72 76 81 84 93 97 103 109 115 123 127 133 135 138 142 148 157 160 167 177 184 188 194
24 2 4 11 15 22 27 37 47 53 54 56 61 64 69 76 83 87 97 103 111 121 130 140 143
30 8 18 24 27 32 35 39 40 43 48 57 63 71 77 83 92 95 105 108 114 120 130 140 141 149 150 160 167 177 183
46 5 9 10 12 19 26 31 41 48 55 59 64 69 78 82 91 93 96 100 108 116 122 126 132 139 148 158 160 161 169 175 177 187 194 199 205 215 220 223 224 233 241 242 245 253 256
13 4 9 13 15 22 27 31 37 38 42 46 51 59
18 2 6 16 25 32 41 48 58 65 74 80 83 85 88 91 97 101 103
14 7 10 12 22 27 30 32 41 48 54 64 71 72 79
49 10 12 22 28 31 41 44 46 47 54 61 70 73 75 80 89 93 99 104 112 113 115 117 118 125 130 134 141 144 145 147 155 160 167 171 175 185 188 194 198 204 212 214 218 222 231 235 240 248
16 8 9 15 16 22 28 29 33 39 43 52 53 59 69 74 83
15 3 13 19 21 30 31 35 45 47 54 62 63 66 72 82
3 5 14 23
26 1 10 20 26 29 39 48 58 63 68 74 75 79 82 91 93 100 107 115 119 128 130 135 143 147 151
25 10 15 17 18 28 35 38 43 49 51 53 60 66 69 76 80 86 90 98 100 105 111 116 122 124
46 10 18 23 31 34 36 46 51 54 61 63 69 77 80 82 89 90 96 105 110 115 125 129 134 137 141 142 149 152 155 163 167 170 176 185 193 200 207 214 222 229 234 238 241 247 255
4 4 12 14 22
9 6 14 18 27 30 35 39 47 57
41 3 4 7 10 19 21 23 26 34 36 40 43 51 60 67 68 74 83 85 88 96 99 107 108 117 118 128 131 139 147 148 158 160 169 178 179 188 197 203 209 214
38 2 4 7 10 18 20 27 31 33 40 49 57 63 67 74 80 89 91 95 101 103 110 112 120 122 125 132 142 144 150 155 156 166 173 174 179 186 187
45 8 12 15 23 30 36 40 44 52 56 60 65 66 74 80 83 89 90 91 101 108 117 127 132 135 141 147 148 152 158 168 171 172 181 191 198 200 209 211 212 216 224 229 239 248
30 3 13 15 24 33 40 45 49 56 59 61 62 64 69 74 75 84 88 97 104 110 119 121 129 130 138 146 153 163 167
42 3 7 13 14 24 31 35 37 39 46 56 57 61 64 72 77 83 85 92 97 100 106 107 117 122 125 128 133 135 139 148 151 158 159 160 166 176 183 185 186 196 204
27 8 16 20 29 36 41 48 57 62 66 68 73 77 84 94 103 107 115 118 120 127 132 140 144 153 161 165
23 2 4 12 21 30 35 42 46 51 56 66 67 74 80 84 92 97 101 102 109 113 116 125
38 7 13 22 29 36 39 41 43 46 56 61 71 80 86 93 101 110 111 120 129 137 143 146 151 155 156 158 163 168 175 184 185 194 195 203 211 217 222
44 4 8 13 15 17 26 27 31 41 48 51 61 71 75 79 80 89 94 102 110 112 118 121 126 130 134 136 139 146 156 166 176 179 186 196 197 206 209 212 216 224 230 234 240
15 8 17 21 23 24 30 38 39 49 57 61 69 70 76 82
27 8 9 19 28 29 36 43 45 47 54 63 68 69 74 78 88 95 97 106 113 119 123 131 134 137 147 153
23 3 11 18 28 37 39 45 46 52 57 67 76 80 89 90 99 108 117 118 125 135 140 147
30 6 7 17 23 24 30 35 45 48 58 64 69 75 80 81 89 95 101 108 114 119 125 129 135 140 145 152 156 166 176
38 2 12 21 30 33 41 46 56 65 66 72 75 76 85 95 100 108 111 118 121 131 137 138 140 141 151 156 166 169 176 184 189 194 198 204 213 214 222
39 8 9 12 17 23 28 38 40 44 51 54 63 68 71 77 81 85 90 100 103 106 116 121 124 132 140 149 159 166 169 177 180 185 186 191 199 207 210 218
30 10 13 17 22 25 31 34 41 42 52 53 56 60 63 67 68 77 87 92 99 107 113 115 119 120 121 131 136 140 146
41 9 11 17 26 32 34 36 41 43 47 49 55 64 70 77 78 86 89 97 105 112 117 122 124 131 135 142 144 149 153 158 166 167 177 178 184 188 194 204 205 206
11 2 10 14 17 23 25 31 40 49 57 64
4 3 7 13 15
38 2 12 14 20 23 33 34 42 50 59 60 69 75 83 87 92 99 104 105 115 122 124 128 132 133 138 147 154 162 164 170 180 186 190 197 199 205 211
37 3 9 11 17 26 30 33 35 43 47 54 55 59 62 72 76 77 83 90 98 105 108 110 113 115 119 122 125 129 138 146 148 150 158 163 172 175
6 5 6 14 17 22 28
19 4 7 9 13 15 22 28 32 39 44 45 53 58 61 71 81 90 92 93
37 9 18 25 32 39 47 51 61 67 71 76 86 93 95 102 103 113 119 124 131 134 141 142 152 158 162 163 170 173 179 183 191 198 205 214 223 232
