31 48 3 954
794 334 971 903 751 29 369 726 424 776 731 854 576 592 435 172 975 602 276 971 768 373 392 702 118 849 741 266 225 665 579 568 930 527 222 619 417 598 391 556 512 131 713 209 872 608 487 60
277 886 453 987 791 384 648 683 410 367 163 618 446 189 646 792 586 595 756 456 158 218 283 158 121 673 222 215 930 274 931 825 799 306 678 557 102 158 122 811 541 189 132 388 459 853 443 981
789 789 597 989 584 387 289 799 841 78 317 164 699 708 417 536 219 372 132 932 519 169 490 135 740 51 702 536 883 55 16 44 46 739 550 167 518 629 192 173 596 143 267 345 648 476 137 826
555 402 522 511 507 571 322 983 6 733 963 1000 979 628 95 762 965 37 580 795 788 836 783 410 888 973 395 899 982 767 630 800 466 194 9 486 268 346 837 693 393 760 673 530 556 228 266 19
890 921 695 95 294 981 462 292 335 355 461 269 610 527 904 969 831 802 597 31 403 403 154 949 555 476 944 67 602 596 271 173 83 504 256 296 445 192 759 87 855 465 712 473 353 26 911 893
167 229 845 10 19 870 325 587 681 747 588 305 551 372 28 710 56 375 905 675 727 869 921 86 264 409 264 436 453 7 80 262 62 784 21 124 459 782 18 768 351 391 13 812 767 621 79 447
531 364 887 929 807 127 932 271 740 429 714 524 542 50 324 17 816 925 537 808 584 47 947 20 47 692 360 925 339 756 129 765 567 922 375 750 311 373 971 444 768 589 709 74 450 492 629 330
203 399 27 185 143 92 473 86 216 344 755 38 40 313 830 328 483 721 674 729 490 741 831 785 653 645 196 628 347 76 403 684 807 603 761 675 525 264 334 313 266 548 419 227 650 919 986 952
349 704 130 340 458 585 267 839 147 273 897 695 140 791 652 809 888 49 295 263 498 384 667 379 80 385 119 531 823 258 84 137 655 165 669 783 793 96 802 362 957 890 270 488 615 121 546 135
997 888 666 796 831 751 560 848 694 771 57 667 195 28 587 450 415 294 655 359 688 755 437 863 510 475 980 125 476 368 662 229 871 571 591 598 153 795 156 896 501 975 539 211 901 670 189 998
427 189 481 845 518 923 70 48 827 869 424 912 531 823 768 119 945 829 353 820 624 290 618 821 756 204 643 312 938 356 933 559 2 952 496 209 426 203 50 641 940 789 265 444 586 181 199 814
606 645 770 214 569 102 724 51 925 713 245 827 944 370 429 350 636 756 246 20 48 515 433 321 344 153 78 987 67 702 979 170 67 993 588 458 923 498 203 431 443 303 803 40 800 613 820 290
159 832 957 234 538 353 458 711 15 77 630 500 374 11 368 928 117 280 9 800 939 608 58 520 849 431 824 410 678 961 642 423 63 525 223 866 183 273 863 860 23 2 909 154 345 102 121 571
872 189 318 347 475 146 767 385 172 154 711 62 429 335 197 451 313 505 721 936 258 841 612 463 699 529 602 861 731 160 960 150 457 929 830 915 656 813 751 526 185 208 800 461 496 563 171 668
443 889 370 562 678 877 596 369 800 621 331 490 518 432 776 71 350 520 221 350 358 878 886 835 349 313 626 235 27 573 171 250 636 565 52 139 40 522 185 171 539 485 433 774 602 561 821 739
164 543 266 36 235 313 482 282 795 765 58 456 989 330 231 934 36 548 384 765 617 55 17 518 935 260 861 368 769 22 820 942 401 215 137 840 131 747 145 530 942 92 761 316 883 492 302 149
947 909 984 283 814 31 580 897 883 92 753 441 910 466 162 825 239 515 547 627 99 589 410 403 740 136 65 577 232 391 193 759 754 550 678 148 633 243 291 96 211 329 816 132 227 288 518 402
212 533 641 684 186 688 433 630 287 173 387 28 223 509 886 986 231 649 226 841 234 963 26 498 473 569 6 45 519 659 796 159 731 317 581 918 314 871 998 348 541 232 272 212 485 91 548 471
365 73 413 858 546 33 876 149 349 162 140 329 124 310 461 328 31 142 470 757 656 510 967 167 974 31 507 515 132 750 977 285 161 984 656 170 171 336 613 64 735 264 792 521 119 797 388 439
621 393 942 366 876 373 384 120 350 316 526 859 655 374 966 796 347 29 255 348 286 856 475 430 954 385 375 644 871 980 668 670 465 868 961 640 779 116 537 253 846 745 152 366 668 62 999 1000
171 558 428 641 858 747 384 847 870 920 672 30 429 911 951 61 902 206 683 921 138 564 970 208 923 844 134 449 183 86 709 881 456 416 709 437 715 179 302 468 182 491 607 277 885 469 934 542
507 375 854 216 628 128 703 555 399 645 488 680 886 65 37 258 157 951 543 801 363 809 129 256 887 736 524 745 831 931 100 983 616 584 580 263 4 20 14 300 331 464 134 630 336 96 979 276
494 401 946 994 793 343 872 993 168 147 323 886 608 888 503 862 79 979 691 587 237 31 127 403 502 405 998 312 324 100 854 239 395 451 812 976 125 877 965 711 612 37 441 249 671 924 368 565
461 259 814 14 110 258 224 478 138 187 104 570 180 35 827 12 341 327 190 353 197 341 682 129 864 729 557 133 646 518 802 744 193 620 917 134 655 280 471 968 669 599 597 392 628 174 662 181
871 53 960 589 367 168 843 438 988 775 985 617 412 618 982 606 233 15 260 853 436 536 955 964 265 946 604 130 724 870 107 846 286 192 230 980 765 450 725 986 190 551 563 805 401 754 969 829
745 728 583 426 622 486 982 911 22 871 990 152 604 533 49 100 25 163 375 623 84 135 608 371 420 605 915 343 704 315 695 332 243 204 870 677 507 397 231 554 400 372 884 212 572 74 512 28
949 620 706 440 311 87 742 417 559 685 695 274 852 478 206 515 968 242 649 319 290 294 579 1 573 685 297 404 21 433 810 932 80 715 144 366 201 428 133 661 333 707 906 507 444 533 290 181
296 638 801 844 247 995 378 889 986 411 198 461 19 773 246 193 690 197 128 902 26 476 397 278 88 743 751 270 751 184 505 818 605 356 178 541 182 13 251 287 193 408 672 364 242 69 265 534
611 581 125 521 597 732 102 32 295 367 742 569 537 165 252 371 369 959 790 378 350 864 900 528 860 111 302 699 506 42 652 449 776 937 496 48 257 420 650 523 33 970 547 415 147 600 534 179
105 805 173 841 4 352 631 660 180 443 452 330 322 309 123 410 545 415 206 413 378 288 367 643 384 161 29 348 830 888 559 616 275 155 419 105 697 548 488 662 75 497 783 315 272 220 360 359
781 427 223 50 504 904 351 937 390 577 98 936 593 541 181 507 230 457 426 845 26 821 404 385 912 827 268 949 401 705 16 2 411 644 951 627 64 551 709 71 308 676 836 113 4 934 259 324
0
