48 40 1 91172
91 21 44 41 46 32 9 6 12 86 66 32 5 26 75 64 1 8 100 63 34 52 58 74 15 41 39 76 31 94 35 76 79 42 26 10 77 31 69 39
37 96 60 58 98 99 74 31 83 43 91 70 36 36 63 35 51 94 34 49 86 71 22 19 5 51 58 66 11 61 54 36 78 19 24 81 55 57 56 92
64 27 37 42 16 5 26 17 9 26 23 70 14 15 7 22 29 85 74 35 30 77 4 60 15 65 83 19 51 59 84 55 96 86 85 51 90 65 68 47
12 56 28 23 2 65 93 57 62 47 28 71 38 28 76 37 42 51 13 91 21 76 99 79 51 62 2 11 41 18 12 98 65 67 83 7 63 58 70 77
29 31 41 55 50 16 42 67 79 28 17 54 46 24 50 89 24 25 72 66 99 67 88 48 15 77 46 39 11 65 3 19 46 32 96 59 25 68 66 56
91 25 37 17 16 68 21 2 46 76 45 55 17 34 22 18 41 74 26 7 92 11 15 99 68 33 66 80 3 39 86 99 38 77 17 72 41 56 26 55
21 47 80 59 63 44 79 11 35 36 80 53 30 89 49 80 29 9 15 40 73 59 77 3 35 85 42 93 77 93 79 22 86 47 77 100 36 69 10 18
24 11 23 100 43 11 58 73 80 4 57 46 40 97 20 12 82 73 53 22 63 48 32 3 16 100 65 59 97 91 69 61 8 68 86 59 65 35 98 91
52 33 80 85 35 39 55 66 49 83 69 90 4 75 84 49 51 46 33 18 65 23 51 80 40 68 7 8 64 80 25 48 8 17 22 2 32 49 88 21
68 78 12 91 90 69 36 72 99 85 76 54 30 23 16 9 7 55 63 29 46 63 23 16 77 72 43 51 25 1 89 14 46 52 9 33 12 63 73 27
14 36 49 91 49 71 36 97 13 46 46 75 94 55 81 31 68 50 98 96 39 96 97 15 7 1 56 95 88 69 32 79 99 66 50 24 50 63 49 62
96 41 33 64 95 79 3 15 57 3 3 87 53 11 7 93 10 17 9 1 47 72 16 94 31 9 92 80 89 25 33 79 84 18 48 94 79 42 16 97
63 44 97 75 69 66 49 12 58 38 73 98 34 26 32 15 62 2 66 93 4 12 86 4 99 99 44 91 11 30 47 17 7 31 9 60 29 45 2 84
24 45 59 9 77 75 75 92 33 20 83 5 84 21 68 22 62 40 46 97 30 94 18 37 86 93 94 91 17 65 78 50 19 67 85 52 6 45 40 15
89 3 72 81 44 40 59 3 19 37 5 79 96 33 100 16 24 15 59 54 75 58 42 21 83 91 40 94 95 3 79 78 11 5 34 71 33 40 98 25
10 62 58 25 92 63 39 80 36 71 51 84 25 48 17 25 52 8 11 37 93 12 15 9 23 51 34 83 80 98 6 91 2 59 37 24 7 52 42 26
92 16 14 87 3 13 40 13 74 12 18 100 46 38 78 83 13 26 1 52 80 60 81 7 71 87 8 62 31 67 84 71 7 4 55 74 19 100 76 16
19 82 19 23 55 20 51 59 21 8 97 37 99 47 66 95 73 75 70 43 82 65 37 33 5 56 85 27 18 23 62 18 28 43 80 49 6 10 77 21
87 70 35 67 78 28 68 93 58 43 87 46 31 60 60 79 78 69 78 94 30 17 79 48 55 83 66 80 70 35 86 90 54 28 3 60 19 49 84 43
93 15 33 98 98 18 29 94 25 23 80 93 31 90 17 64 52 6 74 33 25 11 67 11 22 65 16 29 81 26 7 25 44 95 8 31 63 39 47 37
9 33 19 53 18 91 61 11 58 40 71 48 26 63 33 12 78 50 10 22 41 11 29 98 75 6 15 75 54 96 18 84 31 52 14 27 93 70 93 29
98 7 6 66 44 80 18 29 25 58 39 56 10 33 33 2 79 42 57 93 82 1 76 78 34 18 44 78 48 83 3 45 8 44 36 20 79 11 14 20
61 8 7 72 57 2 54 87 77 20 100 87 22 75 11 63 73 83 53 8 1 15 37 13 40 83 83 69 52 22 39 74 60 8 77 56 1 69 63 26
20 69 99 66 96 48 33 99 45 22 74 32 88 82 74 97 7 16 75 89 28 60 79 68 61 25 24 34 17 13 8 3 41 84 40 69 84 8 8 39
87 69 46 27 65 2 1 29 26 51 11 83 2 83 84 27 21 37 8 43 34 88 98 9 45 99 95 3 70 58 1 86 65 89 84 16 28 64 77 94
47 76 35 85 46 17 85 47 26 31 31 85 49 74 55 83 98 8 81 84 67 2 96 65 82 14 48 32 74 97 73 82 44 19 55 99 98 47 57 29
88 97 79 42 59 27 25 99 1 18 32 96 71 61 76 58 79 95 12 26 96 64 5 1 97 93 60 11 71 60 15 56 97 84 34 73 71 12 95 36
65 78 92 73 22 27 29 4 78 90 54 48 48 12 38 82 80 70 8 49 51 3 58 43 89 13 58 19 10 9 81 69 13 5 73 85 42 11 45 19
59 89 81 94 25 55 84 16 33 96 20 68 9 60 31 42 82 66 31 34 51 35 99 27 88 35 46 30 77 73 62 75 99 40 95 30 19 74 37 6
79 10 34 24 24 76 5 27 87 30 68 60 37 28 63 87 12 11 32 84 9 54 68 74 100 60 7 85 63 81 58 46 82 80 36 57 4 37 9 77
70 19 75 38 29 77 82 24 65 94 97 84 100 22 62 85 14 73 36 44 16 25 27 73 32 35 50 19 77 79 21 94 72 24 67 25 45 29 36 82
16 20 10 39 21 90 94 64 1 23 48 55 46 75 40 5 56 13 55 88 80 29 55 35 68 76 81 88 89 30 97 98 80 4 87 93 94 95 87 79
57 28 82 7 3 94 89 8 41 98 3 25 58 81 83 11 89 26 90 100 13 19 83 37 17 73 81 38 78 35 62 35 48 23 31 72 27 52 67 29
5 97 93 47 82 48 86 88 28 100 90 4 56 78 24 61 77 22 69 2 19 23 77 2 97 57 36 10 29 59 32 18 100 56 68 1 67 27 31 51
98 83 16 65 82 2 88 39 27 73 32 57 68 74 92 26 23 79 59 31 13 93 99 61 59 20 43 43 32 54 81 30 3 13 2 6 98 98 30 16
20 44 22 69 48 86 13 56 80 94 14 72 2 8 91 99 30 52 88 25 100 57 93 47 57 89 21 79 37 72 78 99 55 98 19 99 76 66 30 34
97 57 60 100 53 55 96 62 15 78 39 25 34 1 6 5 43 75 72 95 49 49 59 97 95 82 46 57 58 48 34 85 87 13 93 86 66 85 80 73
71 40 8 100 48 71 40 39 42 14 54 12 33 36 26 67 4 23 14 67 61 74 69 93 45 50 32 81 72 51 7 97 6 26 51 12 95 71 20 22
18 31 64 69 66 41 40 21 27 44 76 54 88 14 63 5 93 77 2 69 12 60 97 26 89 21 16 81 72 34 2 24 64 13 61 45 63 89 47 33
27 3 88 68 4 75 6 6 100 34 27 87 43 67 65 80 71 93 43 68 25 20 81 82 37 17 21 20 88 59 54 68 48 84 66 60 73 67 18 70
82 25 53 100 82 69 71 32 18 66 44 87 24 66 1 15 86 59 48 99 65 66 88 71 53 98 86 33 61 95 96 51 45 12 55 11 91 66 73 87
74 87 30 10 42 20 96 60 43 93 8 30 39 96 89 63 71 48 72 8 81 48 37 98 9 39 57 32 24 78 36 95 32 100 70 76 8 83 33 30
50 14 60 38 58 84 7 49 61 17 13 40 43 29 56 43 14 92 38 55 21 10 29 51 17 54 53 33 3 1 46 42 33 30 36 91 97 29 77 74
29 12 80 13 82 90 57 2 21 92 61 3 8 2 79 30 45 8 20 21 98 42 65 26 86 87 16 34 83 76 20 9 88 71 78 49 70 18 49 12
77 75 14 33 88 73 69 92 3 1 47 87 95 26 60 21 29 50 93 6 26 35 10 53 51 58 62 5 21 6 45 50 10 94 2 34 53 67 24 22
74 71 56 55 84 38 19 44 22 18 47 23 59 11 18 75 11 95 6 14 80 72 33 12 3 29 73 52 63 62 63 74 90 17 62 2 25 3 26 42
36 15 91 93 31 61 83 44 86 2 48 16 61 73 98 27 10 68 3 89 42 64 23 5 21 73 73 53 2 38 61 96 36 67 55 2 43 2 54 91
84 67 38 16 26 75 39 34 44 46 32 65 13 81 94 80 72 72 32 59 4 77 54 33 88 37 67 64 81 51 94 79 14 60 93 23 20 36 23 29
4899
25 33 308 804838
2 17 451 482757
10 31 956 161366
46 33 400 388966
11 8 64 774362
10 35 314 711690
35 36 741 457036
29 22 335 433520
20 29 599 501026
27 5 159 877086
41 7 692 632054
20 7 402 250402
46 5 569 288047
42 33 606 380143
39 15 859 642507
3 17 535 872700
34 10 233 961520
42 30 521 599367
8 10 560 842922
37 39 424 132264
30 31 281 871520
48 4 532 750609
43 30 154 286469
21 29 856 325135
21 7 259 56446
41 8 699 368066
15 31 259 264234
33 1 124 414003
12 3 160 898435
4 17 894 835325
16 25 658 356927
31 17 922 908890
3 26 75 784665
31 39 755 167357
39 6 672 947251
39 27 287 232
8 7 26 82003
10 27 227 93539
16 34 448 725633
26 26 386 672444
12 35 965 53267
47 3 623 808979
29 31 58 189224
12 9 300 84587
13 37 230 900194
17 28 66 851140
34 38 359 413349
17 28 965 215957
29 16 256 808076
26 8 805 709366
31 12 622 32175
47 17 694 396024
2 16 333 3398
22 27 263 503983
30 29 267 217646
23 34 389 630846
44 28 880 322382
39 19 162 450814
30 32 12 794619
42 18 332 21864
8 25 92 736386
28 35 647 799710
48 19 323 750785
46 36 607 15615
14 30 714 660370
26 15 753 636249
23 27 972 958265
23 22 359 200191
39 31 832 547625
16 28 999 748618
34 36 683 962704
25 9 479 843653
46 15 981 168513
26 26 584 617156
33 26 601 69257
17 37 385 886428
42 27 677 336836
28 2 954 12985
1 20 437 3094
42 19 326 934805
24 40 255 393067
41 27 445 810830
21 14 275 422535
31 10 561 413497
46 2 351 164323
23 1 294 396945
33 40 921 201717
5 32 781 638924
48 18 233 259490
18 30 938 75177
47 35 995 769414
47 18 436 537776
18 24 222 640743
11 28 761 380475
30 18 256 284763
47 25 617 713016
6 14 732 815690
2 13 952 208132
24 1 583 597023
30 33 102 228992
32 38 609 82343
46 2 22 641676
32 33 954 439477
15 7 218 632758
45 8 527 779798
45 20 928 112480
14 16 175 289542
26 31 600 119148
25 20 76 653872
37 7 31 791073
13 16 896 272910
44 23 53 47825
4 38 198 785623
30 29 989 490448
46 21 704 571561
28 40 183 867245
12 22 242 996654
26 39 652 537918
40 34 508 361765
33 36 252 326724
7 8 455 57208
16 15 584 449211
24 38 534 216765
33 26 184 539608
31 4 121 119226
34 10 523 202526
42 37 812 134296
44 10 440 33483
7 36 949 104085
37 26 91 929922
15 2 119 944021
25 16 125 87155
8 35 848 733827
20 17 737 652642
38 20 40 358282
11 12 419 993404
33 33 698 180264
8 40 568 636606
14 35 318 639157
29 12 811 62032
20 6 98 383269
36 38 536 478179
42 37 277 81325
33 18 881 376952
39 1 745 713656
47 20 101 311653
34 32 129 891316
33 8 421 448409
9 20 817 946544
6 30 586 184001
42 20 866 980037
33 34 928 930893
33 15 711 850435
14 16 871 156019
18 39 327 718626
47 1 630 616745
6 7 371 57121
15 9 305 962382
22 30 375 524125
11 38 420 355460
33 3 379 34741
20 14 317 960106
48 20 985 174748
48 9 936 783070
24 11 685 801359
5 30 722 429983
23 25 743 534926
36 18 973 228483
2 33 694 311039
8 37 124 362782
32 11 788 592878
34 32 26 155067
39 28 176 613714
44 21 367 637817
21 16 226 54168
18 23 630 600888
20 1 896 360357
9 3 672 335821
5 3 741 829183
23 7 639 331667
28 4 576 999436
32 26 194 447804
14 23 766 387158
33 7 37 645050
11 4 689 648474
32 9 592 969992
7 29 366 706150
44 5 667 261716
44 10 303 50863
32 16 463 608686
39 17 71 355695
10 7 283 856514
14 2 942 92459
15 24 996 314879
29 30 839 319554
48 28 473 770155
2 33 769 327055
41 4 548 584850
35 14 228 65991
19 6 420 567709
40 36 573 16389
23 4 311 152757
21 23 673 752322
9 5 240 631046
24 18 321 604539
24 20 777 463564
40 31 739 537238
41 17 29 474192
45 35 470 207059
15 12 663 385868
30 35 289 658638
9 1 267 166138
18 18 755 784376
19 17 986 89776
35 5 683 824447
40 11 335 107909
22 25 10 699291
18 30 913 292825
47 38 959 942977
45 34 632 866798
12 27 394 187243
45 34 426 99917
21 10 179 62243
3 33 401 411293
27 17 812 118531
35 32 491 307327
16 18 31 24124
46 37 735 932192
13 38 849 16367
7 14 980 823426
36 26 600 561465
24 34 618 559685
30 20 156 354247
5 14 304 171602
36 17 534 281728
20 39 181 100077
6 4 209 536523
37 27 270 842906
11 22 339 332166
28 19 322 683990
7 18 966 50548
5 31 482 349857
23 26 311 913358
34 33 438 519106
6 32 655 472291
30 14 271 641241
13 10 333 845964
45 24 954 472250
22 10 225 296154
12 22 351 586009
19 10 195 304961
27 24 952 854141
1 36 64 227936
7 17 622 346612
48 30 120 509328
26 9 503 839513
3 2 896 202469
37 3 723 463871
13 1 610 885
8 26 291 852791
24 26 35 752933
39 20 136 382030
34 37 13 929983
12 22 62 517811
2 7 763 439244
37 32 719 907565
37 1 625 976613
21 5 817 544911
48 38 327 133323
46 17 759 505325
36 31 947 817233
8 30 395 507769
36 18 715 684573
36 37 354 902720
44 35 439 670410
39 18 430 204895
43 9 761 922485
3 12 944 473921
28 12 3 22085
21 37 660 374044
32 40 844 828866
13 26 576 659062
48 31 404 942762
22 2 156 239837
18 10 302 17161
42 3 143 963508
42 25 820 156416
35 34 380 782979
43 14 285 388120
14 27 901 788932
32 19 407 520649
44 40 442 110223
28 39 333 688305
27 31 298 573274
5 21 727 100724
40 29 210 302915
2 33 168 511948
11 25 302 930230
41 15 164 925324
12 40 62 784319
33 1 169 334418
33 33 958 331713
32 6 570 568939
26 21 232 763830
11 36 605 63572
26 8 939 859444
14 38 323 264978
33 21 847 569025
25 7 388 868103
3 17 838 503772
41 12 636 606255
11 13 209 900916
39 28 732 681877
16 10 82 524050
46 2 38 993947
26 36 307 804186
4 38 327 930432
6 6 434 939430
21 18 372 888702
22 6 468 87
42 36 304 267667
15 15 362 449401
14 17 798 313247
24 23 356 683715
41 1 485 632755
13 11 915 75197
33 3 345 69681
6 39 70 867765
15 21 140 4582
47 13 996 113447
44 6 623 936182
21 37 274 831823
39 1 726 35247
40 27 249 177337
19 15 186 83506
43 25 578 771977
32 22 525 571818
35 10 400 727361
22 4 783 338407
41 6 534 707585
16 11 883 844527
10 27 917 357289
37 32 70 117382
7 38 253 342007
13 16 544 555534
18 29 503 578293
10 5 138 778769
48 2 107 590114
36 10 44 341181
32 39 107 476365
38 10 544 757848
5 30 108 841069
21 28 842 677620
22 11 214 202444
19 26 534 669530
42 34 315 200277
47 23 513 189438
30 28 215 672460
6 20 954 694847
34 38 395 441925
20 12 553 187634
44 4 589 58844
5 7 692 742753
12 11 110 839033
5 12 830 437435
15 37 933 843693
37 32 196 870834
25 15 464 442242
46 1 922 771208
34 28 872 197708
28 10 475 94930
10 18 772 23244
44 11 272 770301
20 17 236 756079
12 1 113 729304
32 19 488 287161
17 36 498 313831
27 12 634 882300
39 8 614 234468
39 21 967 227654
5 19 512 194040
16 21 799 369506
45 32 11 820686
41 3 936 279435
18 6 545 568196
23 6 525 312664
29 32 136 353350
18 40 830 206180
18 23 144 378110
46 22 484 376926
37 18 701 897507
30 32 841 12613
48 27 924 810996
31 17 101 730920
19 13 836 277580
7 18 73 990793
35 24 366 707706
31 18 267 31760
33 17 755 767628
19 12 606 586492
2 22 16 261272
42 39 749 994512
22 40 698 404593
25 32 83 334032
38 3 903 20739
48 17 542 933502
21 10 484 236474
22 2 125 759585
26 26 873 373605
32 7 219 123947
47 4 453 740394
48 16 627 652636
13 32 88 888711
35 27 423 394218
37 14 844 89037
6 14 919 834030
38 18 905 418687
23 3 697 137423
39 19 869 270080
30 30 260 200526
11 21 792 335308
2 18 401 334915
26 39 586 374230
12 6 686 387169
43 9 852 371960
46 2 95 228355
5 36 527 499480
10 7 190 581607
16 24 817 547782
47 6 415 968719
13 27 97 693560
2 2 228 495947
6 29 119 546477
3 31 840 695053
46 8 159 952762
41 29 935 378896
2 34 547 964790
18 22 89 70783
24 19 582 184549
30 6 619 541707
40 24 35 529570
40 19 738 778084
28 10 242 562390
3 2 661 493907
7 24 9 898313
18 4 925 498154
14 27 579 694969
42 20 742 159553
26 8 86 872587
35 18 755 930164
4 24 750 498356
47 13 501 893853
1 29 718 274535
9 21 993 640175
33 5 165 68692
17 16 986 292019
20 28 128 910411
47 17 650 523965
9 31 283 255174
1 14 537 678887
47 21 360 974745
17 16 600 515695
38 38 699 195897
7 18 413 81653
48 1 908 692338
11 25 947 592547
21 25 211 466893
33 23 5 446796
47 10 808 717438
27 21 457 431877
21 39 289 243976
37 33 938 190967
13 3 834 500841
41 19 378 416291
31 39 641 777781
37 18 537 864860
10 35 349 192879
18 38 891 926805
37 40 712 717339
6 7 52 566845
19 26 860 28460
9 31 648 557608
20 2 661 922557
43 10 628 284661
34 7 881 784883
16 3 254 631882
11 32 587 181133
8 10 822 126270
26 23 435 792089
23 24 371 373560
25 26 495 831896
17 40 206 731415
21 18 24 858199
41 5 657 60405
11 26 298 245833
42 12 353 202384
23 12 549 268014
40 22 200 198904
19 14 362 161812
35 40 292 131679
38 4 980 749570
12 4 785 118928
37 36 768 102333
21 32 693 192690
26 9 665 542459
17 12 892 483159
1 32 805 722836
30 39 512 697643
9 30 631 219701
41 30 935 159529
38 6 4 605658
8 21 848 335157
1 1 222 378848
41 17 681 622589
14 21 94 187064
45 24 515 498134
24 23 144 968457
8 34 444 513750
42 22 562 258178
11 15 265 387031
8 14 898 260364
20 28 33 528782
34 14 534 195637
1 7 561 873703
15 37 169 685680
37 4 678 473226
2 22 736 448128
40 17 434 780030
36 40 943 957236
14 35 4 361828
42 23 616 639120
37 8 225 815934
38 8 869 716405
42 33 957 71879
32 1 836 947822
9 10 395 239877
27 35 693 14059
21 29 543 837827
20 28 521 671991
44 5 57 147191
33 1 448 494138
36 33 512 756962
29 8 578 666422
17 22 402 761019
16 35 542 548813
3 2 177 177054
23 4 979 167966
43 34 658 812409
45 37 306 297548
7 8 622 405954
32 30 469 411652
35 32 320 698888
28 6 620 101014
3 33 444 194590
25 2 859 691327
43 35 996 439573
14 13 944 461591
22 10 711 73149
41 40 519 945436
37 2 205 544643
45 30 891 209483
37 30 179 670233
30 19 396 613862
41 29 789 16482
30 28 846 784750
20 1 28 207204
24 32 744 517913
1 22 159 708997
4 19 58 871910
10 21 651 764264
42 14 716 800093
18 27 895 612346
26 20 278 495017
14 34 416 341942
5 5 407 738699
27 4 28 450141
19 21 444 192434
1 31 824 767647
44 37 418 9480
38 40 181 613995
48 1 939 487833
34 36 999 309570
20 35 993 301601
25 3 905 378872
40 26 873 609511
1 26 396 867057
39 21 948 125621
35 10 201 388380
38 29 879 709874
4 40 864 993242
9 35 665 690968
1 14 256 575331
4 17 40 881716
46 40 758 342589
2 26 504 959550
26 15 53 101905
19 2 219 548284
32 4 125 955799
1 37 33 33352
34 39 159 539381
48 2 907 236889
37 24 943 166715
13 40 633 434673
19 18 998 616733
30 13 143 351771
14 40 207 867871
6 14 511 385637
7 8 759 754398
23 13 390 337274
5 19 375 810891
32 39 805 327204
12 8 806 597886
17 32 157 310946
31 24 10 388377
19 23 674 837411
28 3 640 966177
19 21 177 367301
16 19 531 974785
20 21 388 841857
21 37 486 312628
29 31 165 701174
21 32 532 964269
37 21 556 234288
10 1 193 433032
27 17 590 54165
39 16 336 799456
34 37 39 495328
27 25 517 187023
37 10 198 637560
28 1 876 342832
20 39 680 567851
41 23 332 812208
4 33 843 12023
45 40 615 133508
19 3 781 686491
48 1 663 632550
4 31 296 274453
21 4 822 98011
9 5 26 951422
17 18 450 254572
35 19 697 772497
34 20 504 191345
24 1 800 158799
26 39 236 802916
35 4 40 980893
15 28 39 539246
8 22 500 763133
11 28 967 490551
36 28 609 929141
45 29 618 716118
34 37 31 228343
12 11 36 18482
19 8 229 197735
41 13 456 215715
14 26 176 328715
3 13 366 213615
45 16 63 831737
10 21 158 278282
40 35 903 732566
27 8 844 773011
40 9 216 204430
42 36 355 546891
47 13 439 67318
7 25 587 942240
16 19 376 937391
33 31 936 899955
8 16 92 693877
42 40 241 400972
4 27 806 265752
45 31 693 220568
1 37 742 155430
19 18 49 985360
18 27 722 759852
29 17 594 437029
16 22 15 342894
42 29 11 826269
10 17 115 721750
41 15 299 376850
37 39 237 22626
2 23 387 448505
7 14 272 815851
20 27 78 868417
16 15 217 802623
2 20 682 710292
19 7 443 853932
25 35 667 233452
34 1 650 113760
26 1 269 509252
25 31 812 220546
33 25 813 280
41 12 746 234468
32 40 80 596979
23 4 688 257476
4 30 161 710997
34 40 256 517132
6 11 990 641392
30 5 40 14881
42 3 585 288724
43 2 835 851561
42 15 892 572548
13 7 340 914952
18 15 686 496649
41 13 810 397999
21 7 706 356644
16 7 156 134790
25 29 464 970165
39 18 99 891973
33 31 300 436627
24 36 372 802308
35 26 736 171697
33 22 971 472297
39 10 516 311756
36 33 364 80126
4 7 777 833936
6 39 742 765897
38 34 475 974093
10 20 90 948604
27 5 996 514100
29 19 729 22316
23 27 766 606317
25 30 307 728101
47 33 284 138698
3 12 387 740810
28 22 842 437279
2 1 106 9321
13 7 711 670833
1 32 743 730396
16 28 386 724718
12 18 11 321045
42 3 295 370891
19 4 629 536501
6 19 297 980623
42 8 103 68219
18 33 745 233738
18 17 496 619709
44 19 54 863220
13 22 929 976962
2 4 967 368538
12 3 194 329605
28 19 53 640593
33 6 988 177560
37 9 390 989142
23 11 687 769165
40 32 974 658021
18 40 346 249330
47 9 973 711425
14 23 770 366256
3 29 711 524956
25 40 331 369317
47 21 319 885522
39 23 953 798529
20 13 317 658507
2 11 472 719866
25 34 223 3493
21 25 990 534253
19 12 546 740819
27 18 220 760207
32 1 505 85477
3 21 458 461999
17 31 258 240159
12 17 797 630316
37 37 458 74379
38 26 881 626764
44 12 175 209139
28 16 16 332300
19 19 796 278523
1 39 263 353650
33 39 254 183607
37 18 398 808815
13 38 982 522155
37 40 255 55439
7 34 680 965819
36 7 423 429105
13 1 84 696093
45 2 794 941287
10 24 256 700090
15 25 88 663207
46 33 27 827915
2 33 22 618626
8 16 903 210306
29 17 733 845495
43 15 504 783028
36 18 747 405859
46 4 308 182472
9 12 779 403795
46 33 203 831542
30 20 441 247053
33 40 978 623137
46 12 174 938317
5 33 397 702208
45 29 942 300118
35 25 396 968306
14 21 655 831175
9 21 657 581354
18 20 817 723116
27 15 504 516020
15 7 341 454941
26 6 976 366323
8 36 60 999637
6 4 745 843491
1 11 483 872470
38 10 451 113951
23 38 977 445232
13 11 332 852809
43 33 937 884197
43 5 589 881470
21 24 142 560978
28 32 186 111828
22 22 629 157101
33 17 279 842583
25 16 868 487572
31 15 965 207648
13 7 517 740338
16 8 84 273366
11 28 169 424455
10 20 279 132726
40 27 718 479044
41 23 644 336387
38 19 302 958479
20 2 233 289081
2 34 837 529553
33 13 389 155748
39 27 323 869649
44 13 606 271687
21 33 265 309709
10 34 153 749937
28 40 672 327216
36 15 509 980715
5 11 410 518066
25 38 243 206340
19 32 537 690699
39 5 452 191023
42 15 464 276434
24 4 166 221201
36 10 625 917509
17 10 295 767833
17 2 153 263744
19 17 986 803462
32 29 130 50572
28 19 221 610094
24 9 138 374805
35 28 597 838705
11 13 29 770904
27 19 782 235688
17 10 573 989877
22 36 610 190750
35 20 708 593997
20 33 463 429150
22 12 416 9581
4 32 871 417400
27 16 124 249374
25 6 310 424579
27 5 580 556286
47 6 852 354889
6 22 102 110516
33 36 626 751335
26 23 939 112690
4 35 994 1122
19 14 705 416262
2 39 937 666994
1 22 769 796931
10 3 772 542567
15 3 823 993153
34 4 720 523621
36 25 806 915923
43 19 711 923974
36 13 393 91193
26 27 670 412849
26 11 631 966282
33 11 789 992013
22 24 882 770787
27 40 842 486826
23 36 990 616118
21 6 308 340562
18 36 742 968176
33 7 305 363927
35 15 604 502394
44 14 455 679750
25 19 245 92020
22 17 613 301671
23 35 115 91713
35 31 840 201150
39 23 785 853506
8 14 736 234362
14 30 41 103078
15 12 323 624518
3 19 150 289712
42 7 887 588374
44 11 904 470126
18 23 210 938699
14 18 71 236841
42 5 200 727340
16 2 451 503152
4 37 355 124396
37 37 621 883336
30 36 855 982163
9 27 765 541718
4 23 391 984209
36 20 448 236127
8 29 996 985412
25 24 838 449170
4 35 319 848188
5 34 231 395290
1 34 367 405613
46 17 651 311594
12 28 530 619061
23 15 141 58165
32 18 505 501586
33 16 873 396121
36 3 229 132938
22 17 227 465267
28 5 639 238145
5 30 970 164958
39 30 754 830519
15 18 144 828624
27 11 744 928765
38 22 468 719671
8 28 616 262205
13 23 150 189277
29 3 4 234181
31 31 442 747763
40 22 597 950640
23 33 503 176464
27 38 866 662708
48 31 388 274850
36 4 614 582140
43 38 50 981201
4 19 939 350119
8 32 185 113706
14 35 975 376789
3 20 750 794966
11 31 381 14742
30 6 236 270255
7 40 174 262610
11 17 194 259574
28 7 124 522584
9 11 442 965623
38 12 941 311797
35 19 927 155106
41 15 183 92207
23 12 329 373630
43 20 688 139258
34 5 247 210851
30 4 380 11475
5 22 775 117958
21 25 72 924843
43 30 305 365948
17 34 148 898541
9 26 82 683047
29 19 40 550515
45 2 536 931248
37 15 83 932770
18 21 657 456844
35 37 920 522156
14 36 577 93750
14 22 604 200797
31 15 39 827476
26 36 249 600258
23 32 972 949409
18 33 960 743293
45 16 184 129002
45 33 814 304608
25 28 719 977747
45 13 294 631561
46 26 635 418436
21 35 540 231519
1 5 163 206674
18 23 307 169913
4 29 589 390903
20 17 289 123488
40 21 130 382702
48 9 776 812665
21 21 296 661809
4 40 665 861182
30 7 910 12719
8 26 301 283397
44 16 719 494131
48 12 648 6016
45 14 149 918794
18 9 476 246750
9 21 247 576982
7 27 277 742057
19 11 531 718081
39 8 805 612521
39 17 79 579050
28 9 518 131847
6 9 744 590798
30 29 528 463751
1 25 116 339112
18 7 115 559353
48 6 107 730229
30 14 542 934494
11 27 720 472744
47 21 717 149407
17 1 655 33954
7 14 925 520194
10 5 468 772330
20 33 391 203269
27 10 955 354664
3 14 630 424026
47 14 975 28787
35 16 45 677611
23 10 201 145097
33 6 825 835681
38 15 538 313875
12 40 906 664388
6 24 24 758237
32 21 35 68587
23 18 87 652003
19 8 907 608902
22 2 910 425814
12 11 27 675765
23 25 662 839479
1 7 589 747810
19 12 243 508680
15 21 831 774898
24 34 194 527771
14 32 875 81163
46 31 738 606885
22 31 291 550040
29 1 538 109741
47 15 367 821116
19 30 75 927341
34 8 52 778174
45 37 538 106517
44 11 929 489243
28 31 334 166107
10 21 47 390906
39 31 387 474398
45 7 295 617798
31 16 586 590081
42 34 381 922382
7 38 654 109391
36 8 156 708767
30 8 90 740178
38 40 428 777932
45 31 613 305006
11 36 670 370734
38 16 239 749905
19 22 469 324792
7 33 349 796373
43 20 894 965922
39 14 98 652298
8 33 490 657601
29 36 883 968076
47 35 925 55077
19 20 7 383599
39 26 282 495533
42 9 625 776483
4 32 627 746343
10 22 56 302204
8 31 267 94437
38 24 606 935590
18 36 10 676768
15 38 344 631874
25 4 167 804931
13 19 172 440613
33 25 178 956447
7 3 271 860857
4 36 809 578726
25 2 272 894841
34 8 481 187686
32 32 503 729669
6 20 174 876220
42 10 657 71733
47 22 852 862945
20 3 498 499893
44 8 381 486010
44 2 45 870975
25 32 63 28044
7 34 828 533774
47 5 540 201245
30 33 219 468644
46 4 491 868501
41 35 42 689798
46 37 644 7582
47 36 640 693082
30 5 900 426561
32 26 755 966535
11 14 440 695206
23 25 207 216694
41 12 232 26786
17 3 181 439396
14 23 358 293015
48 29 39 639724
29 36 297 667441
6 30 656 107520
16 20 231 665349
10 13 746 225149
1 14 936 906154
11 32 959 416816
45 32 551 823916
33 20 592 507599
16 13 531 261906
43 7 935 432331
47 5 800 550239
11 21 4 718849
42 31 121 19585
9 32 272 496537
29 1 688 848005
38 5 519 223228
37 1 75 172073
12 16 958 819810
2 10 292 315227
14 22 232 721097
9 20 873 949053
2 9 61 30565
31 14 233 673998
23 32 534 87561
8 30 606 880674
19 3 844 965230
33 38 801 193530
10 20 401 544288
33 40 293 501590
39 23 895 178042
23 10 491 497162
44 19 353 835125
38 15 668 773086
29 17 820 660346
31 33 986 805636
48 1 917 826084
48 15 890 454335
43 7 458 345824
3 9 422 231032
33 40 677 91122
32 14 627 449579
33 25 650 865141
18 13 64 242176
33 36 21 387413
25 4 681 918333
27 17 37 560520
45 26 182 357539
40 23 169 581556
47 2 20 705757
13 5 81 315460
8 30 839 287875
8 9 699 704721
35 34 325 511762
34 29 873 146210
46 4 532 864038
8 11 626 626843
16 19 909 403574
5 8 854 536366
28 34 818 720779
23 30 724 99867
39 26 411 77662
47 4 820 920068
20 14 274 610502
23 39 832 909113
4 2 427 685132
23 5 151 524775
19 39 68 719330
42 29 382 764846
6 13 775 546465
2 25 709 649471
27 35 298 851618
20 5 877 483601
18 28 483 269670
28 9 573 598524
37 23 464 474344
34 5 67 540223
3 4 792 745855
48 23 818 704534
2 26 491 757938
10 33 259 816222
35 22 18 437667
33 11 66 926731
45 31 222 959247
35 1 928 40957
36 16 965 230619
32 24 38 515457
4 2 831 114398
17 9 206 722630
46 16 910 621854
12 16 883 526212
13 7 408 305295
35 1 127 36194
35 6 537 346803
39 3 590 970361
43 23 376 654277
33 21 776 990216
4 5 557 931053
3 40 764 202150
26 16 795 333869
47 13 182 300512
5 22 145 139054
39 1 706 257874
48 19 585 619630
21 24 924 603057
48 14 989 691791
8 29 473 907885
23 10 730 572929
5 38 697 28740
6 38 922 681353
12 30 679 115831
11 13 896 871834
12 40 242 259935
36 23 865 8050
32 40 722 625450
26 5 487 922604
7 34 465 524655
38 26 270 432676
39 22 281 235624
12 34 893 399744
15 9 926 676482
13 15 605 511428
34 31 256 598636
7 20 582 488595
8 8 177 10245
29 5 908 580827
41 4 436 774683
30 23 773 182558
18 2 466 39682
26 9 621 923744
12 16 82 545437
37 14 223 940447
14 34 357 627750
16 22 298 639370
4 21 26 373864
6 25 317 751288
24 25 99 975571
24 12 890 432238
34 17 407 998351
1 27 178 293717
20 13 560 149866
35 20 87 594900
15 28 804 923434
21 38 109 85960
42 38 885 97583
28 1 205 682120
33 5 366 931695
19 27 287 471921
11 39 593 897780
32 34 221 707248
7 27 21 820404
31 38 666 514812
5 38 595 592316
5 5 977 267019
47 3 46 866970
34 34 40 746053
47 16 86 988751
7 9 589 599357
47 1 973 725227
10 5 336 443731
8 17 254 826345
30 35 692 723045
7 36 229 590267
29 18 716 569680
9 32 40 27577
32 27 920 645451
10 30 2 264286
15 37 202 184040
17 28 619 10829
44 9 590 773275
25 26 369 688867
40 35 250 462293
41 22 803 172519
45 8 502 735712
27 23 63 39870
29 28 904 964791
23 14 746 807705
6 38 892 232358
1 1 295 314353
14 16 899 669351
4 35 143 405851
3 5 747 411334
47 25 86 42006
13 36 631 591369
40 14 974 416437
20 23 323 748862
7 20 84 620585
34 18 581 260077
20 20 910 464524
8 23 15 696128
33 3 377 418116
41 14 801 726775
47 17 939 951034
19 19 884 555465
34 14 701 654940
25 5 581 374412
21 3 35 698715
34 16 700 116525
22 33 305 197423
9 4 150 297633
33 7 921 605868
25 27 45 601405
27 40 34 978876
35 31 563 624888
11 18 367 727019
38 4 649 280521
34 37 831 390395
19 36 65 879284
1 40 308 346620
20 33 926 119907
44 16 384 742670
3 33 90 402414
1 32 416 390133
26 20 915 52823
15 26 443 822846
35 8 908 317552
10 37 223 872779
20 5 104 847577
40 11 803 584122
12 33 228 242859
18 35 427 315699
40 24 496 770035
47 40 683 990658
8 39 929 347338
39 5 322 709202
37 24 101 859126
45 4 173 965311
40 27 314 753208
17 5 247 407152
35 13 698 380629
45 7 648 168488
30 25 86 740515
23 34 354 127997
40 13 497 903949
3 27 409 305161
33 37 63 648044
17 18 92 613238
1 3 205 69510
32 31 321 316717
40 34 302 873601
39 26 694 75234
4 27 159 218267
29 10 744 291009
14 39 879 608879
37 38 529 116475
4 17 596 318936
39 32 492 453147
28 16 908 281467
35 20 190 91498
33 12 470 92159
27 25 953 812357
29 12 532 728832
20 32 574 247541
16 2 150 823860
45 19 974 733563
45 40 60 755966
36 33 618 165888
36 8 746 839268
17 26 574 13461
33 11 380 97899
28 24 478 999096
47 34 756 862529
35 8 823 328611
19 31 686 560423
39 39 499 45892
28 24 526 84564
18 17 870 228247
47 2 452 61819
46 28 70 50100
38 4 660 990076
31 16 139 126733
45 33 12 454895
36 31 112 161232
28 30 2 415840
10 5 817 811006
16 10 361 595739
9 1 212 283113
6 14 503 824679
32 22 579 494813
39 1 884 577214
34 13 351 426192
33 3 823 294473
37 4 947 655664
29 14 809 955979
20 8 553 320722
1 20 771 990191
14 34 104 993861
46 3 337 421269
5 2 758 220789
48 5 808 480016
20 22 556 427162
34 6 244 179617
6 34 541 800299
17 35 883 95020
40 12 482 403867
23 39 14 356913
5 30 503 223465
10 29 138 650063
20 9 540 655441
16 34 373 952822
5 39 563 926160
24 18 517 759921
45 38 44 994264
3 7 238 634858
19 12 906 866923
20 16 992 779024
46 27 944 800788
1 34 179 310596
46 5 953 64116
38 19 967 32522
5 40 774 17306
20 15 837 839362
6 13 989 542674
29 18 653 133943
1 22 936 96784
29 34 266 363937
36 26 512 676690
15 34 890 658183
43 17 867 526184
19 40 121 151326
18 3 139 401894
45 2 299 757598
43 19 486 187572
9 1 866 177628
42 26 592 860370
25 21 779 840535
44 13 721 468471
28 9 487 780916
40 30 970 205568
19 6 446 117334
46 24 250 716631
11 37 603 802277
46 26 52 537190
30 17 718 502898
38 30 192 724166
16 21 373 110214
13 27 597 161605
14 17 870 302918
24 26 911 905845
21 10 403 51347
42 2 270 306650
38 36 861 146861
17 33 947 817878
12 33 247 715462
35 33 643 38384
14 24 908 258531
15 10 240 477604
33 15 290 910243
46 35 645 976335
46 27 189 247126
9 20 94 279420
18 3 90 31120
8 39 218 84640
46 39 628 935849
42 11 373 184074
39 30 626 797112
40 8 675 336646
47 27 50 191519
5 13 984 290171
17 39 342 655663
2 5 932 713601
36 14 817 41255
34 1 376 695477
28 34 274 192694
37 11 966 732496
10 7 69 454609
22 5 645 351836
42 24 832 89747
21 37 970 991469
41 10 296 452991
35 11 330 597593
18 20 98 562008
36 8 265 949459
34 27 156 514292
28 21 733 745922
25 9 320 327404
9 27 189 543513
30 39 996 552978
14 33 795 698783
28 30 400 94013
9 10 767 770154
24 25 894 781155
29 18 876 720238
12 40 439 409782
29 9 182 432398
19 40 544 578911
14 21 569 313863
1 40 712 273702
20 36 984 462791
45 24 980 590122
26 13 643 75929
43 13 426 824413
43 31 273 767036
14 26 829 110253
7 14 867 68892
25 13 923 311014
1 18 40 773477
48 10 674 799960
47 24 638 638708
34 37 604 194370
2 22 363 739837
35 15 867 864953
36 8 564 728330
12 7 399 278915
48 11 511 596676
45 13 580 362962
12 32 223 895351
33 18 453 713649
14 19 662 159816
30 37 687 951340
17 37 470 843676
41 34 907 144564
1 9 704 29727
39 40 682 974173
17 14 661 659120
19 23 100 312900
24 30 90 756139
24 17 255 903975
8 25 871 369761
45 2 195 560558
8 10 460 507997
31 33 882 498658
3 35 388 664452
3 21 250 37637
19 14 480 614263
8 8 236 736761
21 32 626 74715
27 22 745 435524
30 3 400 774647
1 31 783 896844
25 6 149 626790
15 6 223 852117
42 15 730 533789
30 21 780 170287
13 16 206 956744
15 32 180 443662
23 9 414 909036
13 35 758 894477
2 38 521 344789
26 34 509 582063
23 39 342 809437
19 34 125 708097
31 34 659 276073
15 37 603 354305
12 11 573 931136
47 5 401 432547
3 12 70 568632
8 22 887 407340
38 15 524 686627
17 7 621 804043
18 17 134 580647
12 13 20 117307
5 24 657 945970
33 25 982 762750
12 4 275 552149
32 10 329 336584
34 19 458 611185
44 24 623 737713
6 10 159 312670
48 10 276 571650
33 18 203 89747
30 4 436 6379
44 15 987 129421
1 34 860 975936
6 1 841 655900
25 1 667 274394
34 5 452 20956
32 38 468 980899
34 1 152 777455
27 23 210 718817
32 8 982 284262
35 3 619 131432
2 35 4 259218
24 19 978 665253
17 18 814 307678
30 26 38 9977
44 34 164 872667
13 1 12 999556
14 37 271 406162
15 4 211 671144
19 30 697 287979
11 12 617 632821
42 3 973 492446
20 20 665 628522
8 33 109 382130
2 8 718 903252
15 40 331 553503
37 3 855 487558
28 25 384 302287
29 22 273 119060
25 7 372 130171
44 39 200 372043
36 20 174 793557
43 35 614 473573
43 5 802 250947
39 16 446 413723
16 12 856 960512
40 4 736 299656
37 16 676 497713
43 19 590 764232
30 39 709 739704
23 33 929 65117
31 20 990 932695
24 19 705 623093
24 17 115 729309
25 23 419 836787
38 1 780 410230
43 31 571 49452
41 37 527 346832
12 24 184 91869
40 5 139 768196
41 8 443 624134
39 25 425 736129
24 18 296 832965
42 17 450 987230
14 18 566 405995
9 40 650 861610
43 29 618 365626
23 13 971 222577
43 4 765 623054
42 35 579 187293
40 17 801 949627
2 27 157 364679
47 30 75 737867
48 4 353 23028
33 12 737 127904
8 9 829 173163
19 2 188 173291
6 1 812 188449
35 6 504 870969
35 7 262 9355
38 29 803 96462
4 40 926 542081
22 25 157 489896
22 5 30 728696
39 11 431 20238
37 20 948 962857
44 13 143 142610
11 38 321 129030
9 1 825 268599
17 15 34 531326
10 5 416 122166
23 17 919 563571
19 40 599 828232
11 34 359 689388
20 29 230 637627
17 36 118 174439
2 28 494 3330
21 31 529 818215
32 3 110 730132
18 15 512 55138
31 10 384 860102
32 30 611 53464
29 39 238 143749
28 15 329 167338
39 8 575 355388
18 20 555 601299
26 36 799 489580
40 2 342 915066
46 2 585 491193
8 4 439 537461
13 27 229 54823
43 8 300 791061
39 35 468 995849
45 3 664 133799
29 7 223 759424
31 17 149 356628
20 20 223 60086
45 16 659 434671
40 27 199 743669
16 25 9 146168
9 10 705 142100
36 22 373 734161
39 1 437 566413
42 17 452 941496
46 21 465 438310
27 2 394 519056
43 9 105 861349
8 18 181 726226
34 2 404 383128
38 39 750 9896
38 16 999 834610
3 13 416 305259
40 14 925 715733
38 8 784 993063
48 36 34 714478
6 18 404 493902
10 29 313 909395
31 26 783 526624
13 38 626 777440
25 38 103 437415
29 28 428 897080
5 2 932 931638
14 28 589 177143
24 18 704 432482
22 35 283 156964
48 17 286 873604
22 16 925 626710
46 21 678 893420
36 3 972 324653
25 26 459 71227
41 21 468 383578
23 22 954 985845
21 12 458 650022
10 2 876 588242
26 8 825 685660
24 33 916 392980
2 1 960 986595
16 31 245 406717
47 16 394 820052
40 10 174 511987
22 24 396 746738
10 10 502 130656
14 20 118 882413
15 39 32 790913
34 7 812 158663
45 28 782 729744
15 8 59 228974
15 20 344 509350
48 26 698 811142
18 37 100 533770
15 12 683 785154
22 27 561 185271
27 35 411 776564
9 31 93 649029
37 34 229 350465
32 3 258 279953
30 6 44 329076
7 35 317 590653
7 15 279 954299
21 36 323 758600
45 8 650 975463
4 8 733 877913
7 7 101 297765
39 22 388 640261
14 21 113 108937
34 32 629 882894
11 10 228 675926
3 27 379 262125
32 22 738 60457
40 14 554 863860
38 7 291 206497
3 13 974 465303
1 1 543 414536
15 30 592 564291
16 28 897 722060
46 16 280 644502
4 9 565 333508
44 40 680 853011
26 34 102 867923
9 12 764 728986
18 39 111 461605
32 21 618 103233
16 6 760 852828
45 5 631 882814
16 24 818 73167
5 2 795 159134
26 11 305 359949
43 18 157 63897
26 4 423 179667
4 17 311 855687
27 34 568 460705
38 17 874 143988
34 10 184 765874
22 29 342 910412
48 31 576 1359
29 1 847 711677
6 29 713 290086
19 24 720 551563
44 23 637 226493
41 9 240 772894
15 9 585 822325
7 35 444 189879
47 11 977 778904
32 1 331 490855
34 27 58 64143
7 3 229 16843
16 1 219 31022
35 40 304 891723
21 38 5 578132
37 3 384 343727
40 13 324 919766
46 31 694 714879
4 23 385 176703
40 36 840 493899
3 3 459 159050
7 10 619 536311
23 19 469 318083
8 37 271 211562
28 33 140 33410
20 9 518 520803
45 16 471 2793
46 8 765 54926
2 39 396 731846
41 20 652 29452
1 12 146 31602
26 1 807 460092
35 40 595 699781
27 31 89 263548
25 21 115 395271
25 20 616 784907
14 24 932 329610
12 4 24 527578
46 38 867 548670
9 37 357 317575
21 6 542 970445
30 10 60 262006
30 12 52 721014
37 26 672 216886
40 40 879 252193
32 31 927 940840
13 8 267 75280
22 4 569 79054
22 18 104 611177
25 34 869 816523
28 21 46 301292
2 34 617 692110
31 23 9 45397
3 21 922 77661
31 17 419 774907
46 30 29 963586
21 24 30 548843
42 6 794 963300
29 33 763 160624
31 28 885 233542
20 26 978 500559
47 39 598 717014
34 9 932 118029
35 3 798 311843
9 20 584 673735
15 22 768 801622
38 16 655 732060
2 6 265 203388
37 16 254 183289
38 17 931 648805
1 26 553 615325
17 39 166 26888
25 37 31 234173
25 26 186 424666
3 20 805 786743
1 38 487 235803
29 9 616 927182
30 7 478 404526
31 28 223 7750
45 18 927 216786
8 7 464 606755
2 22 738 933865
18 29 650 697873
46 9 277 482783
29 20 884 65428
31 33 123 920498
5 2 536 60389
4 21 387 500291
3 1 573 356944
29 38 393 41241
19 15 877 390473
26 19 572 368818
27 36 184 481209
13 28 666 419361
35 7 633 379114
30 31 910 519930
28 25 69 60217
39 13 375 350162
8 33 310 450119
44 31 841 27510
31 10 173 418973
37 17 753 730801
41 16 712 899025
27 30 373 474765
45 27 199 672294
19 4 225 271483
24 19 978 509094
37 26 867 670937
31 15 538 709796
16 39 197 942460
32 30 164 159375
40 3 531 553178
42 3 453 916301
32 38 304 28215
26 27 21 412975
27 15 788 118961
5 3 326 847152
18 17 864 717617
7 1 210 506683
17 39 417 257781
42 20 80 79875
15 29 360 678726
27 28 156 79933
26 7 858 124389
2 23 789 90355
5 11 792 418523
13 33 800 733221
42 22 520 954389
42 24 212 42983
4 8 263 298792
24 13 274 89183
26 30 655 500439
12 22 786 346916
8 33 490 961087
19 3 185 431695
22 19 56 682806
37 2 120 742625
31 31 380 247788
24 9 475 53725
26 12 244 865782
21 12 951 685478
39 4 676 667623
30 30 869 347290
25 28 554 469857
30 38 678 11765
14 32 811 713733
29 35 505 596066
16 37 844 776784
21 34 39 427791
28 28 503 378106
38 11 61 140824
32 36 783 70603
47 11 415 298014
14 38 91 797136
46 32 41 834169
17 4 249 49797
17 25 733 431886
30 7 128 692168
1 38 980 997411
11 29 118 359328
24 21 751 963696
11 18 980 154063
19 37 903 107162
11 23 325 439050
40 39 997 89921
8 32 627 305005
30 9 615 697925
38 28 311 844373
7 34 829 399135
10 1 274 426736
28 40 38 933842
1 4 866 191874
16 25 843 589153
11 13 480 62878
34 10 319 854183
22 17 417 245841
11 10 737 514445
24 27 315 395783
26 33 904 717721
34 4 440 85430
23 39 545 761277
15 12 340 825182
6 20 952 886204
17 31 177 424595
41 19 200 632351
37 23 163 100176
21 21 489 556092
17 16 184 420172
32 28 618 392560
15 11 111 227000
18 4 600 964039
22 31 56 85459
29 33 302 591546
1 29 255 500777
9 22 576 935232
27 9 264 639867
37 4 547 972851
28 9 351 478423
20 1 583 664415
3 22 995 114732
44 21 170 443522
26 27 716 881329
8 23 90 816740
10 1 592 419482
31 16 480 64123
32 13 425 562671
7 36 175 109753
24 5 802 798265
34 3 15 40751
4 9 536 991578
35 16 500 185157
5 9 538 354985
29 3 841 566279
17 1 445 860648
11 24 830 662794
35 3 351 473611
1 31 219 662321
17 16 689 321494
9 25 871 500479
38 12 508 239126
33 2 730 442414
22 2 581 416252
10 37 847 910956
33 30 901 379522
18 30 249 285842
9 13 387 360490
13 7 414 593472
41 34 394 965127
27 16 162 998109
15 20 904 999190
32 14 294 561061
45 12 496 327
4 37 855 304600
33 38 881 691684
32 20 430 280970
6 16 402 265777
6 17 77 167240
23 28 517 485436
37 13 586 123619
37 11 648 178124
33 15 142 379648
32 3 150 403132
39 19 562 306728
46 34 474 402008
32 15 487 831639
8 33 902 1304
4 31 604 472693
12 17 155 593441
33 25 465 886248
48 13 747 694210
45 40 338 786539
16 8 521 780868
31 30 949 332137
3 18 833 26506
2 36 70 840559
41 9 67 186302
9 37 756 377947
35 10 762 962956
2 32 533 837795
44 38 445 900382
1 24 651 821621
8 23 439 377674
29 21 795 53674
7 23 438 476135
45 10 363 625765
11 13 758 652302
31 8 258 172347
20 14 703 206303
2 38 436 365029
6 37 49 762832
30 3 752 788597
7 4 356 294153
42 34 318 317446
40 8 460 956971
9 15 894 203887
47 23 313 465709
16 8 402 158081
26 39 179 208482
15 22 142 627193
28 38 995 811826
21 30 501 324822
23 33 479 915131
23 14 981 148027
39 23 634 668295
21 11 355 982605
36 15 544 596265
48 17 672 842415
4 38 72 483592
14 37 630 106592
20 16 138 402377
38 16 156 194012
7 10 748 217064
35 11 686 172447
11 35 622 341233
9 30 158 184605
15 40 815 816343
4 14 849 262948
16 15 762 413827
35 20 80 680695
33 4 292 455120
44 24 350 716233
34 21 999 858633
32 8 694 239705
29 4 739 976821
24 36 388 513161
46 18 359 431964
9 10 279 137989
29 4 584 816790
45 36 877 793310
9 20 814 606271
34 39 690 439029
1 26 881 507348
24 11 415 600492
23 3 381 257440
26 32 531 717616
40 11 675 350850
47 10 72 239071
33 18 559 53691
6 31 680 321959
18 14 898 938063
19 29 390 221079
14 18 604 262199
18 1 570 849763
30 20 47 93415
6 20 150 78527
45 21 285 958695
12 9 266 277028
7 18 55 257251
6 37 993 761518
39 13 575 892013
33 31 874 951580
37 14 4 370311
34 1 560 844893
31 18 951 652832
13 20 35 735543
40 9 450 861032
38 27 346 950117
44 11 169 129791
30 23 113 963100
31 7 169 176014
27 8 249 490839
1 8 816 543022
36 22 502 986120
24 6 352 253132
45 26 317 850107
28 12 922 647712
4 10 926 92262
3 34 361 63747
41 20 436 539069
43 16 252 731588
23 2 724 627320
32 17 530 882820
45 34 994 483010
31 33 497 977523
21 7 750 935172
33 33 866 332467
13 30 930 678029
43 36 573 550905
43 14 6 510301
26 9 34 383975
38 20 761 894792
43 7 508 854184
35 26 843 126186
24 32 335 816193
33 24 80 441633
5 7 241 404829
40 39 752 934518
35 27 600 628850
44 6 106 16851
20 39 725 328904
7 10 833 142268
21 12 745 584972
28 37 934 972737
25 17 992 137546
12 12 424 870238
18 25 411 556509
10 14 870 468594
21 7 123 13801
48 33 529 646701
22 5 176 378923
20 11 736 694594
20 11 275 52870
32 21 611 120472
8 6 893 102238
2 7 432 488145
14 34 896 1058
30 11 703 359654
8 1 15 28509
15 17 981 116607
39 24 837 718750
5 1 761 824254
18 12 778 405437
35 29 4 89947
29 18 956 440344
38 26 971 872212
31 32 347 402996
14 20 330 975069
37 28 752 294397
37 38 78 409380
42 6 880 886426
13 7 711 317361
26 37 822 914516
45 6 823 929938
22 34 165 631615
1 16 680 606176
41 21 719 605377
33 9 794 374261
14 15 268 278277
19 28 596 461515
33 13 236 772561
25 27 71 408279
41 12 451 455852
3 4 307 400778
34 4 782 993147
25 25 501 753304
47 11 265 599447
6 31 31 142948
23 13 439 186592
20 7 371 39836
24 20 356 865981
37 28 781 361927
46 25 245 269671
34 37 764 499833
47 6 715 342494
7 23 403 93775
36 15 619 897170
25 21 449 419167
22 39 388 330612
44 12 173 64450
18 6 253 923043
27 17 786 83456
26 11 205 123168
10 18 595 156514
24 11 248 38104
15 19 853 769753
37 33 289 523884
4 7 227 75119
27 28 464 687118
40 34 906 84648
29 14 47 332978
38 3 325 917487
10 16 247 627990
15 22 918 141600
28 13 738 654278
24 22 756 802708
20 15 844 633651
17 10 992 316378
47 19 222 678449
42 35 565 736378
12 35 176 122838
16 37 680 594915
28 25 833 557658
20 29 596 226122
48 29 51 890002
6 30 601 115935
2 5 218 498994
33 32 254 409782
23 32 675 235865
48 22 867 323859
13 20 491 957980
22 9 490 604679
17 8 358 63709
35 32 937 847202
3 15 179 928226
33 28 780 801713
32 35 555 121500
17 35 457 927303
15 17 144 530583
11 20 154 922694
11 14 412 857478
2 26 842 877672
9 3 929 396200
26 34 227 326215
37 30 641 409433
19 32 686 397653
44 32 661 302745
10 33 545 89633
28 20 215 219774
29 14 445 372854
46 19 984 880407
8 28 71 192334
28 17 307 103176
18 34 893 328674
13 38 153 495365
14 25 477 230566
32 23 160 386847
16 23 847 879878
5 14 714 877914
11 23 90 896354
8 13 793 469504
42 37 978 459097
44 15 627 484751
9 26 24 962710
19 5 197 915374
40 1 75 536117
2 27 95 207858
30 13 500 978996
33 25 296 773112
6 32 729 389014
34 25 832 404327
46 15 944 642435
9 17 141 404052
37 28 767 274742
41 29 428 686752
15 38 585 269289
21 18 522 955442
9 27 575 217419
14 16 370 414793
37 11 611 491467
22 34 597 863162
21 30 236 803100
16 29 537 391567
14 9 238 17074
42 11 836 548200
30 34 795 388799
42 39 479 619220
7 20 611 83022
25 8 753 636771
40 19 78 460915
19 34 870 238309
18 19 185 124092
30 8 707 917443
39 8 985 160965
33 1 827 312499
7 36 181 436790
34 18 6 707483
30 3 822 801529
34 5 220 967394
21 9 668 736161
44 36 120 874313
8 29 625 43648
6 16 205 32392
19 11 788 452532
24 18 261 45840
13 19 566 930567
7 22 5 252643
43 15 789 250378
2 28 587 116852
48 40 88 471751
21 24 448 708596
27 35 938 11971
28 8 947 825877
41 2 989 598131
8 7 700 789055
30 28 927 936690
42 6 149 819553
32 5 51 814948
12 28 366 214824
15 16 970 233753
40 39 116 940103
20 35 494 932563
26 17 679 359962
22 2 182 259330
48 5 230 158478
8 30 405 288480
7 40 379 214071
28 35 350 762694
34 2 955 294562
9 20 209 968551
34 36 228 363508
35 22 261 855476
31 6 504 835655
24 6 471 987629
26 13 336 503190
29 3 442 573147
16 6 368 232965
11 32 402 132316
24 3 395 531168
41 2 909 434431
42 2 410 855043
9 33 947 907044
24 33 413 702140
33 25 488 205674
46 31 184 46616
3 40 177 524270
31 26 950 293282
1 8 678 605192
7 7 559 553014
35 22 678 72487
16 4 776 448066
14 25 184 336889
18 10 116 615146
20 37 541 381224
45 4 987 680031
15 17 986 493148
16 40 280 969319
32 10 620 681523
37 10 799 731388
28 11 131 183697
40 28 693 907999
9 30 967 49291
17 30 482 295970
13 17 474 965942
10 21 383 10553
10 4 557 339469
13 30 16 712571
44 33 478 986230
21 12 650 800110
4 20 906 860965
26 37 119 406715
10 13 320 138921
44 27 401 342032
44 10 974 316654
2 33 844 149615
40 16 850 309544
9 9 333 289999
35 26 755 457093
35 36 254 774559
25 39 793 122113
10 9 181 343831
24 29 146 756654
29 1 360 575980
10 40 901 697980
40 33 246 656473
13 20 398 839855
23 40 74 956830
3 12 142 725579
7 7 367 634635
39 14 127 934232
22 17 906 701509
30 31 949 988254
32 36 890 634987
46 34 217 564859
36 22 100 751541
16 18 105 438105
13 40 442 176673
29 28 634 183674
26 17 870 86523
42 9 495 685299
19 3 369 585814
33 40 682 612016
44 34 713 769374
35 13 557 929375
17 3 639 945023
23 31 681 393790
20 9 134 987745
12 2 205 707969
32 24 654 795541
36 12 736 706795
12 30 822 234440
13 20 549 368421
5 24 120 22226
12 24 413 89499
41 17 447 338423
10 34 121 263269
41 19 425 554973
42 7 403 49578
37 26 196 372562
39 17 56 508365
38 14 502 65582
7 6 532 171059
8 19 800 6869
19 8 612 840187
20 2 974 100176
44 27 832 59753
32 37 437 760435
30 13 485 216054
23 38 508 913845
32 36 880 492921
5 34 744 909068
43 28 124 2541
48 23 665 214818
36 20 882 952011
41 17 326 913005
45 8 43 52012
14 35 936 118432
44 27 80 220034
26 25 780 537717
22 16 715 778562
27 4 246 331664
23 40 241 822002
30 39 450 7967
10 20 139 845621
11 30 963 121544
3 28 200 693864
44 10 116 206838
46 24 861 571259
26 32 559 323392
29 8 242 762480
7 26 613 120420
14 31 474 867699
44 36 660 536723
12 2 4 921406
1 34 740 667237
42 16 596 933903
34 20 849 135872
35 17 590 753775
1 36 803 709616
24 17 575 560684
12 13 697 24583
15 40 475 36617
42 38 252 989248
32 35 277 218334
21 11 902 2746
44 27 9 316871
14 31 591 965217
4 3 460 720079
17 30 983 811900
15 29 304 777638
40 19 20 462848
27 29 233 661731
7 21 905 644226
5 18 297 730605
29 8 592 250018
27 24 497 793305
39 28 483 425224
41 26 974 897882
15 9 452 70354
11 5 507 754661
9 37 168 462170
12 19 593 955892
43 39 355 548619
16 40 564 391627
31 34 295 692653
21 30 82 938400
28 26 220 144436
13 14 656 83319
10 15 708 855437
40 22 385 633823
43 33 769 446664
6 19 917 444340
14 35 151 299836
15 10 739 683633
46 26 609 438270
37 11 380 277175
17 31 940 152114
4 19 296 772236
17 19 845 916799
29 22 360 175050
21 9 65 88476
18 38 440 616247
15 15 861 156414
29 19 883 458851
48 27 343 254171
41 30 560 556254
28 14 439 340113
13 17 691 239262
12 31 97 456123
7 19 771 428380
45 18 709 144876
20 9 138 331907
19 2 265 375541
18 24 162 801471
1 4 197 546256
30 9 476 943627
41 2 823 715909
48 6 63 703442
46 32 532 792932
33 19 410 585031
3 30 970 672591
8 15 677 625865
4 16 288 175254
39 28 799 63726
41 28 306 880616
32 37 609 420675
6 12 552 740660
38 11 458 243197
31 31 389 217582
46 36 141 223668
29 27 161 325658
35 31 427 950193
2 27 967 938101
32 6 969 98374
24 14 908 909966
18 1 985 764737
27 33 1000 242277
44 30 909 563906
25 23 9 422295
47 12 729 713767
19 23 400 923496
40 25 146 112503
4 31 708 575687
32 28 133 960692
8 19 946 988452
27 38 362 138338
42 33 825 83962
27 30 203 963214
38 27 756 981514
22 2 111 118970
24 12 916 716415
5 26 284 353045
16 37 299 738766
10 13 830 782395
11 6 470 144964
28 21 456 809747
7 34 429 607743
34 28 443 402316
42 13 636 987035
16 31 955 944496
8 8 794 42594
22 24 973 798154
21 5 959 385991
35 33 662 139125
30 32 374 198415
17 6 743 898887
33 15 584 460885
24 32 674 612852
16 38 458 330000
15 18 703 688406
6 25 82 208719
35 14 142 216745
19 11 738 660639
38 4 70 33623
46 7 557 176002
15 34 415 360141
34 4 111 347566
28 12 673 963915
39 18 666 817977
48 35 988 739392
18 12 753 48368
13 31 734 671066
33 6 786 891974
33 35 93 277762
33 40 718 77914
8 9 905 881627
30 5 941 457352
5 17 418 885024
48 13 183 414938
2 30 317 944852
42 36 230 439628
4 7 703 221805
41 9 464 313634
18 29 26 360707
43 11 554 493728
29 35 198 505814
48 4 193 260958
27 8 433 962940
30 12 566 103367
32 13 661 976075
21 25 236 781265
48 4 173 358619
26 16 314 722982
8 30 373 802083
32 36 820 271076
15 21 217 36545
47 23 70 619940
37 36 402 590460
3 9 646 124862
2 11 992 514653
29 22 107 957636
26 37 472 591151
15 23 675 147382
2 22 433 515892
35 16 698 299992
38 22 946 492590
40 36 312 84283
31 22 137 111594
3 27 59 496318
33 7 995 286827
8 8 290 43589
18 7 334 490945
30 29 583 752882
8 38 646 329675
21 30 889 906145
8 37 49 32964
42 18 909 285921
33 31 240 903355
25 29 3 819381
1 10 490 267270
29 17 377 163218
2 33 989 811921
39 33 746 504927
5 16 798 240479
33 24 783 620681
3 40 246 475585
44 8 553 985722
9 35 229 38696
35 28 449 70435
27 11 692 194916
15 6 224 984215
29 18 682 94397
38 6 840 781930
8 13 913 630971
45 15 711 172727
35 22 962 135171
13 4 566 967169
3 19 481 238513
5 21 326 312653
15 36 431 224171
47 20 200 278299
42 26 811 213652
41 40 572 979876
17 35 653 100957
4 16 970 433751
8 18 406 21274
1 22 475 486184
46 1 717 709384
23 23 471 705034
17 24 653 358231
22 25 80 617171
31 19 7 154439
37 23 363 131254
24 24 232 360632
42 1 960 728355
37 2 519 308637
12 20 973 114752
46 22 783 307148
26 24 239 642037
43 12 505 557765
41 2 26 947614
9 13 471 726164
46 6 83 567919
41 8 554 310704
6 40 112 200061
4 3 464 170624
11 19 375 298075
17 27 186 186433
36 17 115 788771
22 13 116 750311
14 27 133 835095
29 19 941 627976
6 4 830 705196
31 32 96 288926
48 5 881 618617
40 3 146 270548
6 40 378 518930
9 38 148 768158
44 12 207 817511
34 4 540 131189
22 5 104 504532
48 17 540 626635
43 2 906 452329
10 35 324 122119
39 16 319 82090
7 3 931 536961
1 18 427 62270
43 6 864 330041
16 15 477 653550
47 26 458 914674
31 1 134 845675
36 13 791 84757
1 19 444 12865
16 7 418 110664
16 33 421 719619
45 40 692 408527
43 9 992 384068
17 40 786 742468
14 17 482 343186
10 14 21 613021
5 24 831 137083
24 27 378 697130
23 23 543 81401
6 7 775 171414
10 14 230 7621
1 27 444 127592
15 28 556 637707
34 16 641 946939
23 19 61 400339
39 10 166 66891
48 12 130 902759
27 8 989 242943
18 39 758 213780
41 17 610 250886
46 30 268 327603
9 3 701 263190
46 27 78 403133
39 19 348 106476
25 15 347 667094
40 14 813 963721
12 25 603 865047
7 18 584 525391
40 7 798 594441
39 19 152 627994
41 10 352 157942
14 39 204 920044
17 25 629 694088
46 21 654 682755
47 12 658 567388
13 28 961 976624
45 10 650 165844
5 35 325 865272
35 6 557 531838
25 40 57 787526
43 15 123 384447
32 2 1 224593
14 40 213 454115
48 17 24 670542
9 32 929 283431
35 19 648 15868
38 1 338 705608
39 32 253 65193
9 14 938 764299
2 17 2 43633
48 29 492 45272
40 20 242 937379
45 36 52 737581
4 36 254 137048
35 26 952 76461
29 36 26 290797
45 34 627 200837
15 4 900 200274
12 37 141 28947
5 37 406 223383
23 39 233 463599
32 9 588 566770
33 32 329 998534
44 6 779 280083
17 38 49 438887
40 21 608 523692
12 3 757 295727
20 6 916 815599
33 14 371 833870
36 11 108 918242
38 5 926 696361
32 15 204 776598
23 19 702 679881
41 27 538 540085
21 39 539 984023
28 15 900 215023
34 7 631 329391
31 39 537 747260
18 3 8 992109
34 9 805 150708
14 19 361 58687
43 2 263 307932
45 39 317 151287
34 6 930 110028
27 36 423 878177
28 18 698 403160
48 31 745 90024
2 13 604 639130
15 8 119 493273
30 38 664 743687
34 39 580 609412
26 16 646 571180
44 8 688 302309
4 10 310 600932
40 16 837 995173
46 37 538 103485
30 18 233 895622
4 31 647 415187
10 10 832 481050
40 36 899 524457
19 30 929 140060
44 14 465 793361
38 5 340 894229
30 28 480 47222
26 26 29 564419
48 29 780 67684
20 24 455 68346
19 11 131 862336
46 29 800 602936
18 35 507 727677
18 19 840 706092
24 4 541 367763
43 24 354 455943
32 13 491 653740
22 4 247 538310
13 15 353 766312
46 6 708 697773
48 39 221 621728
9 27 988 190715
45 22 869 438594
28 31 891 367186
34 7 295 804991
47 38 814 980818
8 12 219 779962
3 32 788 83634
16 12 143 846560
48 23 119 897584
23 40 122 362926
22 26 338 92329
30 39 753 707591
12 18 305 298015
1 39 337 411776
10 14 741 136995
13 2 303 263422
9 9 105 575953
36 10 170 961171
46 5 679 607874
42 23 859 111074
6 9 987 415499
26 14 897 809237
3 26 943 732957
24 27 741 32025
14 23 596 385658
14 12 561 135004
22 29 173 216747
38 37 240 392282
32 17 371 815212
11 29 599 159495
4 4 967 976716
37 40 88 100301
44 13 393 616827
45 38 650 598016
11 34 93 271487
39 25 103 380446
23 17 169 277736
2 16 190 205460
45 7 767 269311
19 33 130 1721
45 2 499 637497
42 37 366 274259
39 38 711 485194
35 1 337 667192
48 19 427 204078
47 34 339 739647
40 19 376 847105
9 23 554 102935
7 2 331 770142
36 3 344 600221
24 11 161 546970
23 13 43 611178
6 33 613 54388
47 34 266 44375
29 37 724 330590
29 33 770 412689
29 7 127 775966
32 17 990 75627
26 12 754 66642
5 4 422 917815
15 28 171 504734
47 2 775 558034
16 4 443 261124
7 30 11 913017
38 12 457 773407
19 35 575 399252
31 26 771 195722
27 38 59 104192
22 23 674 981602
15 7 708 79615
29 20 458 251117
26 12 725 705882
12 39 222 265578
3 29 609 546547
47 32 322 856731
22 5 596 250332
2 2 832 328873
9 6 811 373219
43 5 727 713042
18 25 741 470175
1 20 468 793128
44 34 378 883613
42 29 131 977595
6 5 967 292809
2 24 129 204266
31 17 540 889863
33 38 724 632637
15 7 42 83102
48 1 198 824142
29 12 722 369970
3 8 178 473813
36 16 814 114460
47 32 877 187239
19 15 488 565280
26 30 777 812738
17 5 635 393414
7 30 239 856949
22 2 539 345987
24 40 522 355335
31 9 773 712702
35 2 42 35536
47 35 930 841787
14 8 719 773774
29 22 128 399565
12 5 720 524811
46 33 528 726651
18 31 847 159615
29 19 419 983905
14 13 195 432229
24 15 83 146405
16 30 465 361913
29 27 8 579568
41 22 198 925153
46 35 844 602012
28 35 644 429394
7 31 889 311891
38 23 31 367620
20 3 662 312115
37 21 390 388887
24 28 655 568204
12 35 586 441127
30 8 542 386474
20 5 220 183705
25 6 651 895565
38 25 727 319610
36 39 360 757768
38 2 520 362713
34 28 713 182698
27 36 924 894298
34 11 430 927242
9 37 1 835658
10 24 601 957913
36 30 21 431062
2 18 544 775826
31 26 162 598086
41 34 513 808455
47 28 525 273393
19 35 966 935357
16 22 282 392919
20 17 150 34047
1 20 157 786283
37 30 262 608724
26 25 224 883328
44 12 931 241227
43 17 267 675162
28 39 825 213420
30 18 678 759369
43 20 180 7301
8 20 355 715595
30 23 999 650439
6 17 370 266667
39 14 997 93849
1 22 379 988608
19 1 301 464136
40 31 163 668333
44 5 82 659858
14 4 769 109187
28 7 921 849677
10 26 597 671533
19 3 228 730230
38 14 425 361852
18 39 300 777912
40 7 914 874539
5 32 207 421651
35 15 110 622588
16 25 464 870588
12 35 370 637938
5 34 597 456488
22 19 955 444142
9 22 341 578251
42 24 551 781682
27 17 737 125716
4 29 1 18913
9 18 255 411208
32 29 151 243940
37 22 811 618457
10 39 20 611209
41 17 718 274419
43 31 886 500741
31 36 642 690344
47 14 354 844004
7 7 148 186449
3 13 725 506708
19 19 587 970218
40 33 251 399551
4 14 270 755827
33 3 138 499150
46 36 267 141636
10 12 906 925420
38 38 269 856715
38 37 340 770483
5 15 172 144390
28 38 52 93605
32 37 459 567891
47 33 892 683701
30 22 781 920001
32 24 578 970111
33 19 430 858965
33 14 938 549267
4 23 574 317628
5 38 276 214491
29 10 512 265496
6 38 615 644197
13 14 85 462129
1 12 728 772501
23 21 786 368022
36 27 652 915599
19 24 194 651402
10 22 872 927650
48 30 721 18899
10 5 861 841877
10 24 685 119956
27 1 660 990118
48 22 748 866022
32 14 964 68906
3 39 567 586907
31 4 829 830348
15 4 617 459511
22 11 221 423128
7 5 284 109349
11 32 84 213778
2 35 271 472738
27 16 145 757
15 25 418 430708
48 14 332 805182
29 12 6 905781
41 12 44 755944
4 21 300 35241
34 23 622 643126
13 22 125 135415
46 19 184 620856
10 24 72 445687
11 29 578 565025
13 5 245 275422
16 37 424 70068
42 6 974 697030
3 38 629 375752
32 10 726 824079
19 1 774 760046
48 7 76 261220
14 15 500 604198
23 33 317 425516
15 1 135 706162
37 5 177 447710
36 26 248 81940
43 33 354 940860
6 40 432 938934
13 20 116 966998
25 22 350 213675
1 32 517 315990
28 38 735 878913
26 10 612 758805
31 13 457 579738
25 12 388 141961
3 18 947 442913
32 1 213 133989
32 40 73 766246
38 29 364 463840
19 1 289 8150
4 24 586 808613
16 7 155 920311
11 8 949 410605
31 40 307 209119
31 26 896 613361
3 32 3 743537
48 8 949 312155
39 12 406 733427
15 2 327 512250
5 13 125 201904
1 39 20 532171
28 40 644 141845
11 29 785 344839
17 37 19 615226
12 32 17 125774
12 32 354 509596
38 32 664 329
15 5 389 39361
5 8 124 741772
5 29 640 553987
18 33 433 952121
25 21 539 977441
30 17 208 267183
17 24 960 179673
4 19 450 765595
15 30 198 722310
24 31 72 663074
39 10 277 330100
29 35 890 219406
39 21 17 179964
7 22 731 14604
35 39 513 287579
4 30 469 687876
31 2 820 316801
7 4 529 335574
12 27 48 883274
38 7 655 624142
5 26 725 734527
16 23 40 235348
34 7 75 742051
37 29 716 806889
25 34 142 323056
29 37 496 506982
42 24 600 967795
7 7 657 713270
15 23 677 849615
44 30 234 13029
15 6 250 409247
18 30 43 623013
8 30 951 689379
29 38 63 15401
32 29 817 896272
5 4 590 681559
37 11 934 628275
14 24 804 1261
26 28 63 642469
7 25 538 369935
16 15 370 549779
36 36 796 388814
30 34 38 325329
30 17 60 521435
35 25 892 209858
48 17 494 598957
26 24 264 190254
26 30 679 667164
45 28 206 941977
39 31 518 182814
29 3 792 274771
34 1 662 4141
1 6 654 550584
25 16 6 975226
9 3 963 750762
37 32 860 664375
10 26 587 960549
46 6 747 118453
46 34 63 928213
12 23 342 722092
8 29 394 39578
9 9 635 153114
19 28 141 48483
46 27 913 183652
28 3 405 66831
34 4 649 310051
18 14 93 914728
46 26 333 652668
26 9 845 783308
23 40 399 519181
38 27 589 29399
23 38 992 469500
36 30 791 162555
17 12 627 426992
40 24 128 983565
28 4 695 908898
15 5 247 914586
27 5 230 610655
17 21 454 682253
12 23 982 280356
45 10 975 779727
23 39 719 111752
19 1 853 620652
31 18 788 205261
46 32 711 658538
12 5 956 666533
26 29 258 744673
4 6 819 334507
44 8 547 712117
18 30 4 852821
36 28 714 289438
24 23 768 590567
10 14 468 483769
16 13 777 226616
31 1 57 753784
16 22 830 993565
7 4 385 829032
30 28 240 467824
30 9 179 760653
45 9 803 41454
33 35 160 157353
20 37 129 796487
31 6 544 889229
34 20 582 821924
38 23 738 251515
31 30 928 4873
28 3 974 938639
48 5 838 713231
42 39 868 346367
44 31 88 819356
36 35 369 988699
27 29 141 376219
7 24 770 14894
31 20 291 987725
16 32 958 346646
19 38 742 186282
29 32 104 189659
27 2 878 986886
28 37 631 413863
21 34 919 336999
15 33 351 654362
48 4 634 386574
31 11 851 901504
32 17 427 146923
19 7 553 671475
2 26 253 102176
41 21 913 645250
4 19 199 562649
33 15 408 793877
18 13 988 695595
22 25 112 524776
21 24 553 915653
20 14 703 700394
13 2 574 442658
44 15 733 236462
31 36 767 747228
42 19 967 510515
9 39 477 264347
2 11 230 13236
22 11 15 716467
22 26 646 911032
32 10 300 656495
18 7 937 414299
39 8 370 486963
28 30 748 495248
39 23 630 130308
28 18 595 165588
43 29 665 660699
28 5 52 691210
14 23 846 378864
40 23 345 422902
29 4 737 491231
23 6 495 805451
15 11 95 599719
42 32 832 630065
32 34 855 375452
44 22 543 187016
30 35 903 631972
44 23 257 525274
24 18 915 966081
40 23 485 98130
23 22 448 539952
14 2 971 866761
20 23 524 901249
7 36 580 606543
22 7 43 697885
27 3 613 696130
18 15 209 109458
48 16 799 1200
2 23 351 868546
10 35 916 842786
5 9 835 524256
22 20 237 843750
34 26 937 382746
43 18 279 715931
31 14 569 540574
2 39 836 364967
11 21 194 198431
31 6 679 360160
34 7 799 886660
30 9 600 296489
3 23 862 366079
39 25 237 164175
30 17 408 895529
11 21 221 467326
42 13 980 743094
6 3 185 749059
42 38 50 472364
35 26 944 930315
8 31 320 970384
40 9 648 336698
1 18 25 341258
10 24 53 626953
23 1 838 139926
37 37 68 134644
15 39 746 750079
6 9 144 618179
20 23 303 268844
31 38 116 784537
5 7 284 402260
18 25 366 369185
26 9 80 136706
47 39 81 550975
18 4 813 217403
36 15 128 231368
46 28 550 297801
10 25 205 280489
4 14 437 367938
36 4 118 241454
17 11 364 545180
20 39 544 515661
28 2 879 566746
6 5 720 574666
12 16 108 736785
25 40 61 696315
7 16 259 378527
24 16 121 391752
24 3 542 942466
16 14 523 544411
38 36 175 11713
35 19 578 155542
5 16 687 302500
35 4 614 295161
1 13 105 113359
48 36 506 13757
38 7 919 268480
8 5 762 76862
15 22 46 726640
39 28 859 423468
18 28 17 117328
10 14 146 261768
26 25 506 34509
23 36 581 484001
40 17 262 932009
4 34 500 64208
15 1 238 890792
16 36 749 841051
43 14 886 447369
18 34 489 477120
31 38 883 971665
24 32 601 405922
16 12 738 839813
14 33 21 575078
37 12 866 463414
41 13 865 370183
24 4 677 817415
1 14 855 67769
48 9 677 183041
47 35 172 207394
48 9 953 377802
22 21 309 14406
42 35 787 663271
42 13 791 595287
42 35 803 4088
15 18 791 100133
41 1 596 870880
30 1 644 445237
19 38 805 892087
25 39 942 872106
9 26 278 41982
5 35 19 707587
34 32 199 201610
20 25 837 277139
6 2 632 299141
48 4 505 889074
5 35 741 921249
31 14 101 287815
35 37 678 372761
44 8 607 262667
10 35 299 822320
37 36 907 773636
4 32 212 292562
8 28 164 406384
4 6 555 352404
19 19 870 683384
29 14 591 270293
46 10 337 955570
28 35 598 516795
46 4 933 890663
11 36 701 795880
33 40 286 553179
22 7 428 311489
27 33 937 28048
44 18 394 787596
23 11 583 809496
38 26 278 625031
4 38 805 755346
6 16 444 183948
37 31 420 188166
34 8 972 576821
3 22 60 121179
43 28 983 644521
38 10 888 727081
12 27 564 481806
23 37 247 898900
47 25 773 300081
11 27 278 877181
5 7 384 371461
41 30 662 860909
5 27 905 272664
1 23 956 878329
3 32 539 737566
24 14 690 776139
20 33 932 11011
40 31 825 991533
23 5 25 938757
4 39 765 193758
16 1 719 53271
40 13 183 172954
21 3 786 125798
22 32 327 872964
26 18 921 460650
47 22 294 668499
27 27 163 417421
13 2 85 160519
2 13 537 120373
4 32 273 544977
25 19 897 154825
47 6 426 529489
46 26 836 845610
37 39 813 915966
20 7 725 417183
38 26 760 535680
9 28 76 193266
22 19 175 475337
34 24 927 874707
27 13 21 680251
16 40 833 50354
47 3 94 660484
26 4 285 675339
25 35 86 880685
1 34 181 815228
48 40 166 241084
45 17 670 101663
30 3 70 914824
45 30 771 60232
9 16 833 601243
10 40 966 120663
16 6 692 274030
17 4 451 56172
1 12 362 690493
30 23 66 680699
37 7 854 495313
32 7 235 895893
32 3 544 174233
47 14 558 923823
13 12 269 765837
6 5 845 72247
10 26 569 901811
43 40 594 996986
18 19 451 751990
19 17 585 321829
14 38 920 376061
27 3 770 955753
35 32 580 596948
33 18 699 892384
13 2 725 625954
23 38 97 73810
37 34 529 608869
42 20 864 291872
44 24 471 865193
28 37 331 359908
14 2 156 143228
29 36 954 289580
40 1 713 888370
29 13 382 196925
38 40 816 144071
3 17 715 134503
27 28 69 294926
28 40 443 260647
38 5 663 75904
36 13 781 448178
8 18 956 925618
27 14 145 765324
6 11 287 615091
41 10 101 758054
21 5 413 721678
10 5 674 899395
2 9 893 752146
46 25 404 947493
48 9 523 260871
43 23 604 965211
17 35 190 249742
29 15 283 650213
17 14 662 375948
3 12 989 22448
35 19 24 102119
42 26 225 457302
40 11 988 659533
34 29 417 554015
18 37 771 910823
5 38 144 998537
22 16 936 492856
16 22 10 145145
15 10 563 351918
29 19 341 700340
36 15 787 667177
43 14 240 702328
15 26 371 696940
42 3 19 469053
29 6 342 906739
45 37 564 422420
47 2 243 745335
11 21 625 538284
13 28 928 778287
30 18 150 911183
47 39 887 864729
24 14 552 832399
34 27 637 336972
9 20 514 170452
45 34 360 697239
43 9 99 669207
40 13 499 292061
44 13 77 918250
38 16 644 281595
26 9 907 46189
25 1 938 50862
44 22 697 799971
6 19 193 296493
47 5 444 754891
26 32 808 127393
7 32 784 295800
4 9 785 686394
2 16 210 813832
26 31 605 969717
8 21 15 305657
12 39 803 433280
20 24 187 992958
37 7 173 525121
17 37 360 551955
21 28 432 392209
48 28 690 710673
1 3 977 90776
12 6 420 881278
17 6 572 575627
11 24 493 235502
20 30 126 959042
32 13 834 510602
45 30 872 280012
25 12 506 680333
5 8 913 830941
14 35 236 190800
28 37 336 831738
5 3 32 985639
25 8 208 831614
25 5 731 402202
27 10 789 29188
39 13 1000 243491
31 34 239 113416
44 29 125 409220
2 15 148 364884
37 36 977 637246
41 32 391 94709
40 17 241 483496
27 19 143 99060
47 22 580 68959
12 38 646 91934
35 27 174 121895
35 19 320 693230
2 1 468 983385
32 9 43 415875
47 14 669 678309
17 19 100 143631
44 35 625 783058
8 31 312 302760
46 10 541 775917
4 7 432 243158
33 24 911 672718
22 37 222 236631
44 21 528 950645
24 27 223 376840
48 16 393 10960
41 13 592 4005
10 15 861 760878
16 22 206 127868
37 2 28 642043
15 36 767 267988
44 5 109 711714
25 26 320 391324
19 40 783 122310
23 23 464 626853
21 12 550 526910
5 18 230 132926
4 28 673 577590
33 6 393 39228
39 5 591 882337
47 15 265 553546
3 7 63 514320
21 3 549 616316
5 9 987 774671
43 27 928 375460
18 27 788 909769
6 16 500 609284
45 1 850 637323
25 25 587 612278
37 37 275 529553
5 1 215 318877
31 28 671 118945
13 35 370 712713
6 12 688 695616
36 3 863 793860
21 36 940 588045
27 10 884 36800
17 21 149 597048
19 14 845 137638
42 20 946 785313
26 37 912 412950
19 20 662 118209
22 36 1 880351
44 30 723 116148
15 1 951 464936
31 26 635 23993
8 30 401 761539
11 29 189 789871
8 8 957 838159
19 22 368 424010
46 23 859 200813
18 21 750 54021
46 6 512 295156
22 16 354 123214
46 5 869 783000
3 31 863 916181
29 36 333 280079
10 26 608 95
22 10 786 66854
28 30 929 355694
35 7 900 511456
34 33 808 258458
2 39 651 704886
6 18 389 467474
7 2 935 448249
42 19 731 416085
43 31 604 522550
34 12 240 809100
48 38 714 525347
34 39 650 187257
5 5 170 168528
40 30 269 772408
19 11 596 647085
14 38 528 523014
13 7 312 32886
3 25 435 663630
34 7 885 463046
34 20 687 189769
16 6 870 715978
5 20 572 707323
8 33 731 424557
42 35 906 287790
2 8 520 246373
33 12 242 989922
40 12 442 360770
20 38 880 704001
31 31 544 852578
4 34 300 697602
12 14 437 683445
33 25 634 439801
40 20 699 806393
37 31 102 891320
42 35 645 961203
13 35 613 903450
34 4 441 822926
1 14 610 180564
31 37 295 440297
3 18 244 600658
3 38 920 367774
23 33 109 150540
3 30 726 75571
11 16 82 492075
46 13 348 175378
16 9 836 327040
32 23 713 224206
1 26 565 202319
47 6 434 829629
35 3 981 715344
29 18 667 492151
5 39 306 942254
21 18 688 47886
8 24 615 896972
2 7 144 968807
21 12 890 233724
41 26 58 335369
41 2 771 55156
14 37 927 334711
12 33 439 728588
31 12 944 499417
39 20 566 522750
48 40 607 19908
12 17 33 552541
46 29 87 125440
7 34 95 666860
47 19 553 443305
11 31 845 540280
8 3 311 606339
26 21 561 325141
3 20 647 249456
22 29 345 670296
5 1 876 139126
20 3 740 345745
35 35 585 457461
11 35 356 943792
19 13 771 466247
24 22 230 175350
40 21 855 53365
11 23 319 150057
41 31 50 725912
41 11 738 772747
8 9 914 491257
28 31 523 853465
17 32 114 543533
44 35 685 224304
15 5 787 558883
2 35 34 112944
29 23 145 556013
42 33 342 517636
24 28 860 652537
39 4 363 598087
39 14 882 468104
32 24 576 488516
19 29 105 82223
42 32 507 446408
14 4 190 554378
4 7 114 746318
7 3 837 471190
11 23 450 329473
32 39 877 277218
47 8 948 759795
7 2 743 997745
19 7 209 198797
36 3 714 941608
33 39 808 378862
33 21 122 672328
21 23 168 564862
26 30 711 776759
2 33 273 623703
16 13 952 253943
23 11 712 125328
44 12 749 248278
9 9 473 302913
31 26 374 210985
41 27 704 512546
20 4 768 552366
43 27 822 269752
19 29 616 203207
30 8 492 184969
26 27 376 675436
7 19 308 300427
36 12 194 233731
19 35 344 482234
46 38 448 340880
28 6 360 35921
7 27 414 786942
24 23 326 39018
4 30 250 282503
4 3 556 296386
2 29 844 142233
41 38 644 385886
20 37 546 755759
8 1 793 655038
16 28 719 93556
43 18 451 625146
1 21 49 745951
13 19 952 235725
10 24 12 802533
38 15 669 728646
30 20 48 586001
14 11 121 681615
36 33 539 483884
42 9 392 199078
31 33 586 47789
48 27 310 566462
2 32 675 869596
11 5 263 513144
5 32 474 124221
5 5 861 151851
46 3 93 243483
45 39 559 109592
43 29 603 443354
21 9 999 91151
21 21 13 534613
22 29 67 566674
18 40 182 805096
18 14 348 691743
38 12 552 476866
31 9 780 135086
4 33 168 294914
46 18 975 874041
34 25 318 322875
17 34 744 603145
15 40 502 180348
33 10 47 371497
21 36 202 962630
17 5 207 113285
43 17 470 120823
11 12 744 376514
32 28 104 486953
45 3 440 374024
8 16 101 641290
43 37 42 540599
23 17 206 100782
29 14 314 781572
10 2 827 846550
40 30 40 427076
13 23 205 203287
46 1 695 760842
21 11 314 712137
41 17 773 810470
15 39 281 447363
35 29 396 474140
25 37 37 426828
26 1 534 379544
10 40 368 238971
48 4 281 35914
20 1 783 278512
24 3 602 688418
12 17 706 785895
26 23 776 694027
36 21 892 910455
38 19 383 253963
20 29 979 163536
19 12 239 309415
24 10 435 955421
9 20 527 73533
42 34 806 454378
10 32 28 397885
14 20 306 684202
31 20 918 211704
9 2 267 806859
19 20 141 755323
11 4 42 774053
8 6 977 136050
22 24 56 534318
17 25 370 389692
8 30 862 76706
1 29 849 190391
2 30 507 166851
43 17 903 295380
17 10 924 303943
3 12 869 277335
38 28 280 221085
32 30 414 32073
29 6 980 413610
38 25 77 41483
25 33 51 738773
43 30 445 54793
23 19 15 965578
7 17 956 652499
6 1 555 99099
34 3 236 697814
8 23 733 196600
22 12 962 465493
37 37 201 734118
18 36 182 636184
8 14 986 225652
40 10 212 306272
21 21 341 352108
35 13 433 28725
36 16 762 133054
18 24 495 169210
26 19 235 64666
22 15 181 857398
39 15 144 535302
46 23 256 756352
5 36 279 384886
34 6 339 415969
1 30 903 104576
13 30 310 387630
18 15 976 867032
28 38 240 405266
10 22 209 782922
27 21 180 635648
19 15 227 98879
46 4 312 115117
37 8 40 89472
30 36 449 33587
14 28 773 380186
15 40 305 636837
15 33 585 695952
27 19 667 326943
15 1 749 336067
33 38 259 215816
16 36 175 684114
40 21 201 285840
43 25 22 259349
15 2 847 198458
17 34 347 27316
11 34 589 215814
48 14 90 61132
28 1 779 416408
40 39 947 395579
44 34 519 333749
42 36 189 700979
45 38 107 647569
17 21 140 138728
39 22 382 658060
37 13 507 763530
31 38 400 379259
9 16 516 786596
41 31 681 836870
11 34 635 546228
46 30 975 473216
41 11 50 780110
30 24 771 711333
34 34 853 354162
27 33 655 399750
9 8 375 48115
37 17 718 57512
13 25 462 978274
11 36 694 816116
27 21 725 740124
27 37 417 419139
21 39 50 565841
35 18 367 64564
8 36 311 877925
41 35 186 106958
17 18 169 110961
1 33 574 470391
45 34 115 457751
5 23 157 855362
41 25 324 249457
5 4 977 991027
20 1 130 161210
41 33 554 281228
16 33 881 464516
22 26 684 199940
35 4 448 581092
18 37 11 561751
42 1 704 268800
5 15 927 36155
25 35 165 967489
38 18 390 888309
22 16 943 258842
9 15 244 375649
30 37 77 476376
36 14 692 936261
11 13 893 833210
35 8 513 495299
48 19 152 85552
30 39 197 691549
2 2 378 642297
45 38 669 397295
43 38 913 222388
6 26 260 234382
25 5 261 262538
5 22 10 846475
31 39 293 252014
15 34 257 770090
15 17 290 699363
3 32 288 735680
22 6 702 174049
46 33 515 686999
14 38 713 255566
10 25 491 781832
20 12 238 887919
11 5 786 835258
27 9 218 533782
31 31 382 831287
46 40 311 98224
41 31 772 971780
44 26 490 11115
30 30 160 482867
47 3 238 968403
24 34 501 963728
38 7 717 948422
27 37 999 2672
40 38 354 792019
28 10 112 690108
4 30 249 222076
35 20 915 558156
47 12 901 829300
4 1 942 981257
34 12 348 523648
19 1 781 245884
19 14 576 748473
42 39 797 557082
9 37 509 286845
32 5 600 953485
47 4 250 878503
24 9 993 917432
31 11 414 873517
42 24 664 13860
36 23 124 171438
17 10 565 258573
7 21 807 577231
13 19 280 709715
23 5 599 105272
24 23 661 994562
35 36 684 603068
42 15 616 733182
39 20 707 16925
13 8 18 783632
23 36 283 201977
24 5 133 911527
38 13 637 180789
31 31 186 438735
26 25 985 254092
17 11 309 153915
45 35 948 394728
19 33 498 92362
29 8 80 661601
19 7 776 882249
1 32 657 331684
4 20 854 862030
6 4 808 950215
39 27 684 78564
42 25 370 366789
18 3 141 971194
16 23 395 2870
28 12 53 772131
1 7 958 367237
31 17 736 114702
14 40 84 720750
15 7 957 184530
10 21 853 556601
17 18 678 331212
37 30 840 113881
16 39 641 486058
10 7 116 722834
21 39 247 534009
13 27 986 457311
24 4 791 128648
48 18 347 948400
25 32 562 72903
42 28 660 446479
46 32 354 234012
3 20 124 531716
20 13 34 932319
15 20 722 244420
30 10 739 464669
9 14 806 488418
15 32 522 801612
37 38 750 817373
42 40 398 182687
27 9 413 65417
33 16 475 554190
22 32 963 648262
19 35 22 36927
43 26 920 11076
11 10 57 240186
7 14 618 536640
9 5 929 416409
36 35 404 36769
48 16 325 556412
13 27 922 487292
36 30 724 351565
23 17 1000 661027
15 19 658 646155
11 4 905 259279
33 31 800 748565
47 15 934 750308
29 17 663 140109
47 32 666 705610
36 16 473 458984
5 2 652 698786
17 33 47 421607
37 18 189 606209
34 20 462 252637
15 25 208 578195
39 2 147 303633
20 33 610 589560
34 35 814 286524
48 2 233 735371
37 17 879 158627
20 18 856 731133
22 4 554 456669
23 17 528 69825
38 8 648 305199
23 26 776 574732
28 8 294 901029
41 7 817 421027
14 12 846 948567
41 28 477 899047
46 26 929 675828
42 8 181 76213
44 14 774 122868
40 13 749 467876
42 26 197 778020
14 3 945 162141
17 13 871 717804
5 7 564 613186
8 8 399 475911
3 14 212 300017
42 11 754 461187
4 2 107 214509
46 2 77 873810
26 19 250 280466
32 13 726 678350
24 26 165 544519
21 17 451 215009
18 31 776 541089
39 11 991 805318
13 19 830 333129
31 7 920 77964
43 29 448 241333
29 16 363 722384
44 39 437 845501
37 32 474 504892
27 25 54 271210
32 20 79 406651
45 36 411 838945
7 33 575 563833
41 14 539 136056
6 35 472 925138
28 8 293 482579
47 35 343 821488
14 28 439 612948
22 34 610 724981
2 11 498 840259
21 33 957 737143
17 34 764 825828
39 29 279 447895
22 28 10 882764
1 32 816 487117
33 6 50 435164
40 36 299 976325
44 13 680 299295
38 5 72 883826
1 30 73 406095
19 39 51 274908
17 8 875 647769
2 33 985 681484
46 13 474 870392
14 7 171 708434
6 20 775 380128
2 4 776 63015
36 39 789 61958
43 30 502 81007
29 16 237 679285
37 23 70 151046
25 16 734 493337
8 16 121 170721
19 17 601 588494
4 25 178 735827
11 11 9 526617
33 26 286 802352
5 31 868 701184
30 16 751 838782
13 39 907 995250
38 7 349 557537
40 19 635 980817
11 12 516 236673
43 35 135 783528
38 19 704 630349
16 10 715 743954
25 21 227 55014
34 17 387 342159
30 14 810 907682
6 13 583 871128
39 8 204 80699
14 8 77 806658
16 2 368 849640
26 40 261 428502
43 20 61 329940
39 7 515 953915
14 21 465 393465
12 26 372 640259
7 38 744 510228
30 24 310 904526
30 25 693 440965
28 36 941 372223
4 26 153 601906
2 17 894 935090
24 34 616 495513
31 9 668 333752
18 4 497 422838
32 23 265 157659
31 18 669 136980
37 34 495 726007
25 30 862 916324
22 9 445 101561
31 23 831 187926
6 13 215 980140
6 12 598 167094
10 2 202 576574
41 40 581 47531
40 4 58 235776
46 18 368 328516
16 25 796 349050
8 9 17 361984
8 4 411 686010
33 12 549 1229
46 25 845 501086
33 29 783 996261
1 24 94 378761
17 26 329 948552
13 17 874 196640
33 16 817 926430
34 5 592 732508
5 4 179 642846
30 34 547 485682
26 11 306 851102
8 22 996 926735
30 2 194 906506
31 30 947 138885
44 4 890 216491
13 9 522 583800
10 25 508 516448
39 30 184 769300
35 27 506 204746
18 29 951 631815
30 12 295 512241
6 27 976 595810
44 26 993 913273
1 38 715 548871
6 6 939 24936
13 17 792 203437
9 16 287 862469
5 29 392 182647
25 6 431 250450
43 29 590 652650
20 28 272 595211
46 27 529 356182
11 9 172 56098
33 7 204 145937
39 38 537 885931
26 34 690 753588
43 6 755 21308
18 35 762 875564
33 5 295 512156
7 22 746 148779
22 8 530 249380
3 8 549 895113
39 30 122 625187
6 3 424 339324
11 23 375 410479
39 37 215 655839
23 19 599 238548
46 6 584 931386
3 36 239 247862
27 23 170 379194
22 37 759 286778
40 20 406 41031
16 18 729 928009
35 19 56 594655
6 14 24 783978
12 15 380 55413
42 26 390 926777
47 32 583 469636
37 21 506 543828
32 34 194 86517
39 1 621 18844
47 17 930 773333
45 4 687 25877
41 19 599 968789
40 14 525 686830
4 25 919 681408
7 2 724 72318
17 11 820 239211
11 27 947 238096
4 32 570 748469
48 39 586 934535
33 2 586 677364
21 36 85 119300
2 11 287 568527
3 10 823 534320
15 13 133 696147
28 15 767 757183
15 20 474 605160
43 12 701 985037
23 2 324 765695
43 18 780 452499
8 37 520 953372
42 14 479 292791
39 34 395 330665
45 2 358 91044
40 27 369 434517
39 23 767 209133
13 16 370 670712
6 35 542 502608
40 3 621 741368
6 19 69 952833
10 27 414 516358
2 20 933 503851
28 2 578 474851
16 15 246 696014
34 29 778 724512
9 37 644 756281
48 5 794 878822
5 1 789 866688
24 8 290 777213
42 33 174 215647
26 36 395 665549
24 24 958 647255
40 23 518 700246
10 33 192 170756
9 25 832 730416
8 15 643 582841
39 16 951 345949
4 28 528 391243
33 18 844 562564
48 31 636 176583
33 18 232 513804
27 24 495 667985
29 31 695 837283
43 20 947 364794
38 2 594 63915
25 1 471 440039
29 16 853 933202
23 8 516 340377
37 38 50 793904
46 20 301 424942
27 20 567 330027
10 4 531 780955
42 25 979 311622
9 27 237 462282
1 1 863 538145
1 1 800 920069
2 34 752 801354
34 25 432 208722
12 25 297 724277
18 15 707 276964
14 24 922 514020
46 30 936 71201
5 25 302 272332
17 24 439 276333
24 36 190 780375
20 37 357 464038
40 26 846 385087
23 36 310 345833
6 31 465 385466
42 7 58 717707
17 23 848 161465
37 7 619 707099
29 35 428 23027
25 17 469 205876
39 17 941 396231
28 20 223 387074
10 8 931 391819
15 14 522 676583
13 18 421 81107
40 21 497 52171
6 29 467 40650
6 12 162 557916
10 37 560 132362
9 18 412 292681
41 32 543 908589
10 1 758 759309
48 40 868 87861
20 9 938 943947
34 4 114 336587
4 34 693 904010
18 10 881 347072
43 13 22 361671
33 9 545 560542
48 16 808 226663
3 29 976 603734
28 32 718 797447
11 13 375 566083
28 16 118 132876
5 8 650 408156
45 14 836 391485
7 28 933 307393
26 26 124 697521
14 14 448 393707
12 31 756 826632
19 9 808 8076
13 5 12 697359
3 25 734 63763
38 19 342 511466
27 17 37 44138
45 37 886 767654
25 38 52 165406
43 8 119 797546
36 33 209 923590
24 14 967 110735
24 1 222 246936
35 6 89 409423
35 2 978 519713
48 30 266 339018
29 27 447 737632
29 40 404 592086
26 33 749 73683
43 25 830 534816
35 30 743 336469
22 19 136 658792
24 1 302 280979
19 34 172 33036
8 15 655 422683
37 40 559 220532
46 12 983 569058
45 16 130 370330
40 5 653 510481
42 2 621 984736
20 10 614 390956
13 31 564 738890
17 36 334 210178
38 33 991 980011
43 27 95 749135
44 22 649 324436
38 25 654 609950
1 40 429 573643
10 10 906 509029
13 25 936 132592
35 13 56 465795
35 21 57 323299
20 16 929 25796
4 4 810 81257
5 36 157 196071
39 30 869 749335
12 17 509 370805
17 10 827 798167
13 23 222 160806
37 7 309 854425
8 11 501 178867
31 34 764 419017
20 7 413 651496
44 15 429 987316
29 23 504 267946
28 10 4 498715
18 38 677 276706
10 25 613 501676
25 40 283 162293
13 38 180 542661
18 2 929 140629
13 4 23 972638
35 37 170 228768
28 24 822 878160
46 14 370 704639
22 9 968 409442
4 39 875 302014
23 4 407 534981
34 34 498 666270
45 37 873 715455
23 3 731 742775
7 26 589 863040
5 24 639 314286
37 29 211 280642
45 37 290 464389
3 5 587 622047
9 33 947 342705
41 3 336 97463
20 13 630 421535
27 18 637 403025
44 28 584 105694
35 13 836 872917
30 5 718 555621
29 3 572 494022
14 8 548 620579
5 8 199 108804
47 7 895 679863
35 4 234 892376
31 33 93 345744
42 39 807 665391
11 1 223 525976
10 17 131 808653
43 14 753 796161
35 16 468 972825
29 30 52 624735
30 9 765 215354
15 14 703 5344
25 16 20 307316
22 16 426 468910
32 39 243 238774
31 15 393 252741
42 19 420 219748
32 16 415 881321
23 35 173 172867
46 17 666 416689
35 36 411 41054
39 26 945 722447
17 39 381 986259
32 1 292 983080
14 30 340 23103
37 17 268 374411
44 30 738 595498
11 32 870 302862
28 10 944 289425
46 23 171 332116
2 14 679 969287
43 10 469 383482
22 38 574 628677
47 10 516 615941
23 38 624 73589
28 11 613 36028
48 34 255 58364
42 21 844 248971
32 33 910 833237
43 3 768 448089
15 24 322 950661
12 33 209 386285
40 7 88 148786
13 16 441 791562
6 24 515 542855
11 12 987 497274
8 29 197 230784
19 34 643 196969
17 30 84 747592
39 28 54 274385
46 13 417 53482
30 24 799 153351
47 20 247 963050
43 18 810 731545
18 33 639 832131
25 27 749 409798
10 34 102 906438
40 17 230 788736
24 16 489 735405
28 23 369 768784
44 13 372 176570
16 18 327 978211
26 9 48 724175
7 17 451 938983
31 6 260 577097
27 31 50 884012
32 37 756 765636
21 2 608 956733
21 29 704 12940
11 36 862 193417
42 25 756 466156
11 14 656 671791
13 7 187 176533
44 39 623 57592
41 18 226 760776
16 11 278 190076
16 37 358 401126
15 4 896 528178
5 8 868 369178
33 22 699 71756
25 38 240 650592
12 35 91 676112
4 9 162 666899
17 40 15 531347
26 25 110 978205
36 33 436 320409
39 18 508 637004
23 27 577 535943
34 30 823 657078
40 11 757 955026
3 21 541 77230
38 11 784 647054
40 23 164 298883
24 8 712 15532
2 32 294 805642
5 5 528 682982
12 11 331 325975
19 14 968 48878
15 26 442 540076
35 24 131 316054
28 27 226 862632
29 17 151 568509
44 19 821 331950
10 39 456 549841
25 27 584 482978
30 7 431 202413
15 16 142 994590
26 34 842 824270
48 24 531 19243
39 20 694 942160
48 13 448 145964
33 5 495 724626
16 13 778 505084
4 37 264 578651
30 40 21 495303
4 2 698 601766
4 25 131 560774
45 24 414 126417
47 30 246 837134
32 18 546 725062
13 15 347 963974
1 8 152 132045
37 40 423 652809
44 33 453 818199
43 33 192 414426
6 19 493 83379
30 38 5 269726
39 39 245 553389
27 28 268 407942
43 39 482 214814
12 13 223 362621
43 11 905 221851
15 31 999 656610
5 39 601 996065
39 11 435 750361
43 13 753 83848
34 13 821 906573
9 3 391 700002
48 27 464 290319
37 37 329 133235
13 36 273 323207
7 13 76 967251
38 38 708 323998
28 23 825 481635
14 9 697 753236
37 13 847 367483
26 6 91 839210
44 5 428 443529
45 23 325 456997
6 16 24 985689
42 21 188 298571
31 22 275 85051
43 24 648 743138
36 20 564 94984
40 33 390 902705
32 17 787 329168
19 39 628 25564
7 5 23 680218
41 14 489 956292
21 27 817 955420
16 21 343 99323
30 1 52 459156
7 18 269 463401
8 16 957 389782
43 4 356 285158
29 38 494 619581
29 10 932 662756
41 36 832 924972
33 7 387 654032
16 10 548 50128
45 22 448 531431
16 27 518 901862
36 30 421 862685
26 31 135 584314
12 6 814 92478
34 9 241 685837
40 37 759 647226
3 10 488 581366
9 1 710 762680
18 28 429 597935
26 15 84 601001
36 16 721 455663
16 18 349 956436
28 13 898 298994
15 10 647 197720
27 35 304 923865
26 33 657 484286
2 13 747 429392
23 11 187 309807
30 36 471 649554
24 20 11 49352
36 38 633 208497
35 27 393 918257
17 24 324 634064
13 9 171 604091
13 7 136 634097
38 2 31 837080
6 12 497 428104
35 18 286 117503
27 22 560 83235
33 40 760 772637
21 8 951 374349
29 11 40 184923
44 26 847 768470
4 19 645 106421
11 4 277 963742
24 8 447 828349
12 19 8 128956
3 6 611 407255
11 40 417 233163
45 2 502 887386
22 3 315 664845
37 33 334 465017
2 37 626 97854
43 1 372 408086
48 17 579 888831
3 27 715 836462
31 8 792 880809
18 19 6 535529
12 33 794 974363
20 15 299 966262
41 9 961 159377
30 39 643 515721
38 25 478 738241
24 37 181 705557
26 35 486 588522
31 4 716 278458
44 10 262 341434
29 12 19 520278
48 14 146 985336
27 6 221 990378
43 14 298 738358
32 31 914 880481
8 39 34 363295
46 33 324 395204
31 39 538 830771
37 31 796 96364
19 9 340 38036
5 30 767 336528
25 28 677 65633
30 39 392 219720
36 27 360 412484
45 5 333 843764
40 7 240 205252
32 24 527 251055
43 7 870 38101
34 20 602 425260
14 1 76 286846
7 25 444 983570
46 40 67 271589
21 29 451 551898
6 3 865 176868
39 19 593 540292
11 20 703 232898
23 17 642 362956
18 16 343 233961
5 26 576 715874
10 2 980 325015
39 3 412 275689
1 30 809 514101
2 1 610 110578
27 14 26 474006
48 38 402 779471
22 39 370 118233
23 12 118 587996
35 29 740 690188
4 13 550 638822
25 39 981 17824
33 15 690 423067
6 24 448 998080
10 20 3 803595
5 6 172 347616
14 4 331 637783
47 22 661 147729
34 37 720 203904
41 13 922 192396
47 35 116 873147
40 4 340 35132
35 21 727 149494
23 8 596 429918
42 6 782 52332
4 1 179 627314
20 22 162 414568
22 10 270 790711
21 40 511 792439
14 24 966 897704
4 13 693 109241
47 35 566 69530
20 37 879 352375
9 37 950 784839
24 24 469 851321
48 17 277 259087
5 15 745 758626
22 6 792 827319
48 9 825 922540
32 11 338 16661
30 21 92 344660
48 37 910 776273
10 26 178 909915
16 40 71 544878
20 28 821 366913
3 35 180 724989
9 3 356 338730
41 18 77 393693
38 20 379 456111
13 22 319 820036
18 3 971 803248
38 12 391 629489
45 32 702 227779
2 33 715 362963
48 28 225 729984
27 7 22 749786
18 37 209 449202
12 4 609 148243
3 3 949 671682
14 10 269 361775
2 7 563 504925
45 9 289 524973
45 11 540 641668
34 2 396 939570
33 24 819 743551
15 32 490 68949
14 15 191 735152
13 37 798 379652
18 16 664 24592
13 25 637 527777
27 3 397 294546
45 13 287 9561
29 1 682 245001
14 38 547 937654
32 31 918 32535
19 21 21 758118
19 18 813 45695
16 9 330 165505
11 32 598 371514
33 37 718 641016
47 36 762 960613
24 6 913 808030
42 30 128 283866
11 35 556 437637
48 25 350 680885
13 9 670 151819
43 9 973 913798
38 36 307 884053
42 12 563 157543
18 14 281 599422
15 22 101 102648
40 29 576 963804
32 21 520 258700
4 4 533 94603
41 3 848 128782
24 26 696 724560
10 22 371 173137
46 9 945 751193
13 36 884 886268
2 20 59 452437
24 26 20 978599
4 9 293 946408
8 17 668 409129
31 10 23 50581
48 8 943 353278
31 1 140 57283
41 37 118 606246
26 30 945 172588
40 7 803 850079
6 8 681 304493
3 20 163 732705
21 35 336 997598
9 29 927 640828
30 1 122 248035
31 34 370 209351
46 26 398 968828
29 15 310 135338
14 9 229 449588
39 1 3 736210
6 18 335 799963
33 14 610 804355
7 2 724 792433
3 36 31 216188
26 19 552 622771
45 7 646 311267
18 9 665 171101
8 31 786 9592
23 11 451 280530
41 37 548 394000
9 13 549 281136
36 28 68 336154
38 1 218 385498
11 38 676 543885
48 14 240 909281
44 16 310 946471
37 13 154 780072
9 37 325 7010
21 1 947 307405
27 24 814 216342
17 33 79 60098
4 29 553 38805
33 38 24 965826
10 28 705 78120
15 39 669 591525
2 19 585 528180
13 36 617 578901
29 30 715 755436
6 34 487 514003
25 8 292 809520
1 32 704 960784
41 13 44 241276
23 11 388 338185
27 18 28 37361
11 15 232 180202
22 36 944 619707
34 21 510 153036
39 20 60 417730
12 12 91 98238
3 10 476 133298
22 33 223 6660
30 4 94 270065
44 7 268 460962
33 28 975 454143
43 40 932 812916
25 32 231 662086
29 4 25 423937
37 31 241 473
19 4 809 65180
2 24 281 434797
36 8 1 259246
16 23 609 100032
43 36 672 720682
30 21 450 883107
46 34 643 665430
9 33 425 360170
9 13 649 399342
45 34 681 7786
46 32 993 366943
4 1 157 919430
33 17 559 495212
9 20 684 647398
37 34 153 207014
31 23 229 779550
15 5 182 10319
40 17 187 777107
41 2 890 512764
45 4 7 973766
4 34 695 278389
18 25 352 533391
43 22 866 9605
31 39 567 872362
38 21 628 276417
13 32 333 110491
44 5 615 511291
42 17 946 807012
11 26 277 215273
48 14 741 244463
18 37 387 705039
46 6 262 722280
37 24 723 937449
43 6 19 733661
32 32 598 579399
8 28 923 982076
7 17 649 30883
31 36 969 131450
45 9 902 884490
15 4 634 572804
25 22 474 981963
17 14 244 611298
35 6 968 98903
17 15 920 205555
5 32 823 348128
41 36 795 407688
23 11 216 500440
32 12 53 815131
7 37 633 269990
16 30 459 620022
2 9 835 264257
33 10 180 393976
20 28 692 835006
27 2 536 136578
26 29 843 1414
30 40 391 146779
27 25 459 397194
5 21 786 486566
36 32 902 671261
28 30 309 983879
38 7 763 149131
13 1 537 896636
6 4 795 218847
