20 20
#......#.######....#
.###......#####.....
..........##.#......
.#..#..#............
....########...###.#
.#...##.#......#####
...#.#..#..#.#..#...
.#..##.........#....
..#.#.........#.....
............#.##....
#.#..#..#...........
.........#......#...
.....###.#..........
....#.##.#.......#..
..#.#.##..#....#....
...#.....#........#.
.........#......#...
.......#.....#.#....
#..#.#####.........#
.#########....##....
20
5 8 20 12
3 5 15 14
2 12 6 13
6 15 18 1
19 16 2 16
1 13 9 1
20 14 7 16
15 12 10 8
14 7 13 8
1 10 14 18
7 15 6 15
12 1 3 14
7 9 8 10
14 11 4 19
5 9 7 6
7 18 9 3
19 13 5 13
2 17 6 5
12 1 11 11
19 11 2 17
