20 20
###....#..##.#.#...#
###..##....##....#.#
####.####..#.#####..
.....#.#.#...#.#.#.#
...#..###...#.###.##
#.#.#.#.##.#..#.###.
...###....#.#.#...#.
#.##.###.##....#####
#..#.##..##.##.#.###
#####...#.#.##.####.
.##.###..#..#...##.#
##.##......##..#...#
#.#..##..##.###...##
.##...##..#.#.######
#.#...#.##...#...##.
..#.#######..###..##
..#..###.#..#.##.#..
###..#..##.......###
#.#.##..#.....#...#.
#.##.##.#.##.##.....
20
1 11 14 6
20 9 18 4
18 6 10 7
19 6 16 12
7 12 3 15
18 4 1 15
3 11 11 1
20 6 5 15
16 11 2 5
13 5 9 18
1 7 19 1
9 6 8 8
20 15 19 16
14 1 15 2
7 5 16 5
20 4 13 13
6 3 15 9
17 19 12 20
9 6 20 1
6 15 4 11
