20 20
....................
..............#.....
.........#.###...#..
..........####......
##................#.
##.....#............
......##......##....
#.....##.#....#.....
.#....##.##..##.#...
#.#..###........##..
......##........##..
......##....#...##..
.......#...........#
.......#............
................#..#
.#........#....#....
....#...#......#....
....##.......#......
.....#.........#....
#....#...........#..
20
17 1 20 20
20 17 12 16
19 3 20 9
14 11 11 12
20 18 20 12
10 7 1 3
18 14 3 12
19 5 2 2
5 5 14 8
8 15 1 20
18 6 4 16
8 7 19 5
19 17 17 10
5 3 2 6
3 17 5 6
19 10 20 20
20 3 19 1
4 7 4 8
16 12 13 3
18 13 18 17
