20 20
######...#########..
######...#########..
######...#########..
######...#########..
######...#########..
######...#########..
######...#########..
######...#########..
######...#########..
######...#########..
######...#########..
######...#########..
######...#########..
######...#########..
######...#########..
######...#########..
######...#########..
######...#########..
######...#########..
######...#########..
20
4 4 17 6
5 16 1 4
19 6 3 8
11 3 4 10
7 6 7 9
8 12 3 11
4 15 3 10
7 19 8 14
2 10 12 12
14 14 10 11
20 8 11 19
19 20 4 13
7 16 9 1
12 15 9 6
10 16 14 17
6 2 9 10
20 6 7 20
8 10 18 14
20 15 15 17
2 16 11 10
