20 20
####..##############
####..##############
##....############..
##....############..
##......##..##....##
##......##..##....##
##############....##
##############....##
######..##....####..
######..##....####..
####..##....######..
####..##....######..
######..##....##..##
######..##....##..##
############......##
############......##
####..########..####
####..########..####
####......####......
####......####......
20
4 1 8 17
9 16 1 9
8 11 4 4
19 14 8 16
20 3 10 19
15 3 10 15
4 8 14 19
15 3 20 6
8 15 12 8
17 14 1 4
2 14 17 12
8 2 14 9
6 18 18 6
15 16 18 1
17 11 8 10
13 10 8 20
14 10 11 1
7 3 5 13
11 15 7 19
15 20 17 10
