20 20
#...##..##.####.####
#....##.........###.
#.#.#######...##.##.
.##.####.#...#..#...
.####......##.##...#
#..#.#....#....###..
.#.#..#.#...#.##...#
.####..###..###.##.#
###....##.#.#.....##
#....#.##...#...##.#
#.##..#.####.###.#.#
.####.#.###.#..####.
#....#...##...#.....
#.#.#.#.##..###..#..
###......##.#####.#.
###..#..#..###..#.##
##..###.####....###.
..###..##...#.....#.
.......####.####.#..
.#.#.#..###.....#..#
20
11 16 17 16
13 10 4 13
5 15 8 3
4 12 17 6
19 19 17 15
20 15 11 15
2 18 4 3
16 13 18 14
10 15 16 10
12 1 12 9
19 19 7 18
2 17 14 18
14 13 18 14
15 18 10 18
19 3 18 12
10 14 13 18
4 16 16 19
15 12 8 3
7 1 9 17
16 16 1 6
