20 20
...#......#........#
..#...............##
..#...#.##.........#
#.......#.........##
..................##
..#......#..........
........#.........##
......#.......#.....
..#....#............
.#.#................
......##.........#..
..##..##..........#.
.##...##....#.......
......##......#.....
......##.#..........
....###.##......####
.#..##..##.##...####
..#.##...#.##..#.###
....##..##......###.
....#...##......####
20
6 8 11 17
10 15 15 17
18 20 15 17
17 9 2 4
16 6 14 8
7 4 14 7
19 18 13 20
8 1 11 18
10 9 5 3
13 17 8 16
9 7 13 10
5 14 12 10
6 7 20 16
20 3 15 12
5 13 10 16
16 18 18 10
6 17 13 13
3 2 12 9
7 14 20 6
1 10 11 11
