20 20
#.#.##.#.##..##...#.
###.#.##.###..###.##
.......#.##......#..
..###.....#..#......
.####..###..#.......
##....#.#.#.......##
..#..#.##...#.#.#...
..#.#.#...##..#.###.
##....#....#..###.#.
#.#..#....#.#.#..#.#
#.#.###.####.##.####
..#.#..##..#.#.#####
....#....##......##.
.####...###..#......
...#.#.##...#......#
...#....#..#.#.#.##.
#...#...#...#.#.....
.#............##...#
#...##.#.#....#...#.
....#...#...#.###..#
20
2 15 5 3
2 2 9 20
2 20 11 12
14 3 10 6
12 4 3 2
18 20 2 9
9 2 18 18
5 13 3 18
12 13 7 1
20 1 20 20
16 7 10 11
6 4 3 15
5 11 20 17
5 19 14 10
16 4 10 16
20 12 13 3
18 13 5 15
13 13 14 19
3 6 9 7
10 11 4 3
