20 20
##################..
##################..
##################..
##################..
##################..
##################..
##################..
########..##########
########..##########
########..##########
########..##########
########..##########
########..##########
########..##########
##..################
##..################
##..################
##..################
##..################
##..################
20
16 18 12 12
14 17 17 16
6 14 16 3
18 4 8 1
11 6 18 5
10 12 3 6
14 20 16 10
19 18 14 7
13 16 10 4
14 1 1 13
7 13 4 16
7 14 7 20
19 11 20 5
6 5 19 14
14 7 1 19
4 15 19 15
8 13 3 13
17 8 19 14
17 17 10 19
17 3 17 17
