20 20
..#....########.###.
.......######.######
#######...#...######
#######....#..######
....................
................#...
...#...##..###......
#......#######.....#
.....#...#....#..#..
.....##............#
.....##.............
................#...
#######.............
###.###..#........#.
.#....#.............
................#...
......#####.##......
..#..#.#####.##...#.
.#...#......#.......
.......#..#.....##..
20
17 6 14 3
13 5 20 18
7 11 18 17
16 15 20 10
6 10 9 7
20 10 14 17
5 6 18 17
20 13 12 12
11 11 8 3
11 1 15 1
14 19 20 11
11 14 16 11
10 16 10 9
4 3 18 8
19 10 9 9
4 2 7 7
13 5 8 8
2 13 5 9
15 11 10 7
5 3 13 11
