20 20
#.#...#.#.#.##......
.#.#..#####..#..###.
#.#...####.###..#...
....#.#...........#.
..#........##.##...#
......###...#.#.....
......#####.##.....#
...#...##....#.....#
.#..#.####....#...##
...#......##.......#
....#.#...##........
........#.#.#..#.#..
#.#.#.........##..#.
..#..##....###.##.##
......##......##...#
...#.##.#..#....###.
...#................
..##......#.#.#....#
#.....###.#.#.....#.
.#....##.#..##...##.
20
5 1 9 5
5 6 12 5
10 8 7 7
13 8 17 1
14 8 20 19
20 13 9 16
15 1 4 4
10 2 2 15
13 17 20 9
12 4 16 8
15 1 12 9
11 10 5 4
8 5 20 11
4 18 5 13
20 17 17 16
1 20 14 14
17 8 11 12
15 2 19 6
2 6 3 9
12 18 13 1
