20 20
....................
....................
....................
....................
....................
....................
....................
....................
....................
....................
....................
....................
....................
....................
....................
....................
....................
....................
....................
....................
20
12 13 2 16
17 12 1 11
1 12 2 13
13 7 14 14
15 4 7 9
12 14 8 18
20 11 18 20
6 15 1 5
12 18 16 17
2 8 5 20
8 5 17 8
18 11 9 2
20 2 3 3
14 17 1 1
5 1 18 14
19 8 2 16
13 20 5 10
13 3 12 4
9 9 18 8
7 15 8 16
