20 20
.....#####...#.####.
.....#####..#..##.##
..#..####...#..####.
#...######.##..#####
...#.##.........##.#
.....###.##.#..###.#
..#..#.#.#.....#####
.....##.##.....#####
#....######..#.#####
...#.#.#.#.#...##.##
....##.####.....###.
.#...#.##.#..#.###.#
...#..#.##...#.#####
.....###.#.....###.#
#....#####.....#####
.#...#.##......####.
...##.#.#.....######
..#.....##..#..###.#
#....#####.....##.##
#....#####.#...###.#
20
9 15 16 16
3 2 4 6
12 19 5 2
19 13 9 7
2 12 18 15
6 8 12 20
13 12 17 14
19 18 12 17
4 2 2 14
13 10 8 6
13 6 16 8
7 18 17 9
10 9 17 12
3 4 2 19
17 15 10 17
3 5 3 13
16 15 16 1
14 11 3 17
17 1 18 7
16 12 15 14
