20 20
...###....##........
.####.....##........
#.##............##..
..###........#......
..#.##.##..#..###..#
....#.......#.##...#
........##.#..##.#..
.........###..##....
...........#..##...#
..#...#.......##....
.......###.###.....#
..#...####..###...##
..####.....#..#..#..
..###...........###.
........##..........
#....#............##
....#.......#.......
.....#..............
##.#...#.#..........
#.#.....##.#........
20
2 13 17 3
20 15 8 11
3 11 12 14
19 20 12 10
10 16 4 10
16 15 20 16
7 4 6 2
20 18 19 13
20 4 2 9
17 19 20 9
17 7 11 4
5 6 14 15
15 16 16 7
18 5 1 13
5 6 20 1
17 15 20 16
18 13 5 19
2 3 11 8
17 12 7 12
17 19 2 10
