20 20
###...##.....#......
######......#.......
.###......#.#.......
#..###......##...#..
..#.###.........#...
..#.##............#.
.......###.......#..
#.#...#.##.#........
....#....#.......##.
##..##.###...#..##.#
##.###......###.###.
#...##.#...##.#.##..
##.......##.##..#...
##..........###.##..
##..........##...#.#
...#.........#......
.....#.#.....##..#..
#..........##....##.
....##.......##..##.
....#.............##
20
14 3 7 20
1 8 4 12
1 20 2 2
12 12 4 19
14 2 9 17
2 11 8 19
17 2 3 12
8 18 6 1
7 2 2 16
16 7 2 14
11 3 18 18
9 16 5 4
19 16 1 5
18 6 19 15
1 12 2 9
15 17 12 16
20 9 19 8
2 20 11 7
19 16 3 16
12 15 16 8
