20 20
###...###...########
###...###...########
###...###...########
###...###...########
####################
####################
###...######...###..
###...######...###..
...#########...#####
...#########...#####
......###...########
......###...########
###...##############
###...##############
###...#########...##
###...#########...##
####################
####################
############...###..
############...###..
20
10 18 15 20
16 18 6 8
20 18 2 9
19 9 7 16
13 19 16 13
4 18 6 6
17 17 6 4
19 12 12 11
16 17 11 17
14 6 14 9
16 20 14 18
9 1 10 16
18 18 20 11
6 3 10 2
19 12 7 10
10 16 17 13
13 2 7 8
19 17 18 10
16 2 4 3
8 11 13 2
