20 20
#.........#...#..#..
.#.#.......#....#...
.......#...#....#...
...#............###.
.#...#..........#.#.
..#..#....#...#.....
.#...#.#..#...##..##
....#....#..#.##....
......#.....#......#
#...##....#.#.##...#
..#.....#......#.#..
##.####.#########.##
##############.#####
####.###############
###########.##...###
.###.###############
#####.##.######.####
.#############.#####
#####.#######.##.##.
##.######.##########
20
4 4 14 2
5 10 4 20
17 11 8 13
2 1 20 10
9 13 19 7
2 19 17 1
14 1 1 3
12 20 17 14
18 11 2 20
8 1 15 10
18 20 3 14
12 14 19 11
9 14 13 5
18 8 7 13
3 18 19 6
3 7 14 1
4 5 6 7
2 6 6 7
14 3 15 8
7 5 10 20
