20 20
#..#..#..#######.#.#
##..#..##..#.###.###
.##..########.#.##.#
.##.#.##.###########
#####...##.###..###.
..###....#.###.###.#
##.##...####..#.#.#.
..#.###..####.#.#.##
.#.#.###.#.######..#
###.##.####..#######
.##.##.########.#.#.
#.#...####.#.#######
#.##.###.#.##..#.###
.#.####...##.#..#..#
##..#.#####..##..###
####.###########.###
###.#.####..#.##...#
####.#####..##.#.##.
...##.#########.####
#########.#.#.#####.
20
20 6 10 6
1 12 14 7
13 3 8 8
20 1 18 10
2 3 9 2
6 13 16 8
12 1 4 17
11 3 18 3
14 11 16 20
4 7 12 13
18 8 17 18
18 6 17 13
16 11 6 11
2 16 18 7
1 6 7 11
4 8 11 8
5 18 6 2
4 8 13 11
4 6 8 10
10 13 5 11
