20 20
.............#..#..#
....................
....................
.#............#....#
...#............#...
...........#...##...
.....#..#...#..#.#..
......#.#..#........
......#...#..#.....#
....#...#.###.......
..#..#.#...##..#..#.
.#.............##...
...#...#...#.....##.
#........#.......#..
.....#......##.#....
.#....#.#...........
......####.#.......#
......#.#.....###.#.
###.#########.#.#.##
#.###.##############
20
18 12 8 16
6 12 9 12
16 13 17 9
2 16 17 3
20 16 20 9
2 17 2 6
20 18 16 18
12 13 6 9
15 9 1 10
14 10 14 10
4 5 19 2
14 9 6 16
17 15 5 20
17 1 9 16
4 4 15 8
10 13 8 14
18 14 11 10
20 7 1 20
1 11 3 3
16 2 13 1
