20 20
##....########..##..
##....########..##..
##..##..##..########
##..##..##..########
..######..##########
..######..##########
####..##..####..####
####..##..####..####
....############....
....############....
..####..######....##
..####..######....##
##....##############
##....##############
##..##....####..####
##..##....####..####
####..######..##..##
####..######..##..##
##....##..####..####
##....##..####..####
20
11 1 8 15
20 14 14 20
4 13 16 8
6 17 2 5
20 18 5 4
5 10 12 19
7 12 13 18
9 6 9 2
3 13 4 12
19 7 13 1
12 10 12 11
16 18 16 6
1 17 13 15
4 2 15 4
20 13 9 3
15 9 1 4
8 5 3 1
15 11 3 19
20 13 13 10
7 3 2 14
