20 20
##.####.........###.
.#######........#...
#.#####.....#.....#.
.....#...#..#.....#.
..........#..#.#....
.##.#............#..
####....##..........
####......#..#..#.#.
###..#.....#......#.
....####..#.##.###.#
....#.##...#.###.##.
..#.#.##.....####.#.
##...####.###.......
....####...#..##....
....##.#.#..##....#.
####...#.###...####.
#.##............####
####..#....####..###
.....#.##......#....
....#.###.#......#..
20
16 14 6 13
18 8 6 15
15 15 8 20
20 11 10 10
19 15 4 17
5 18 20 6
11 9 3 15
4 8 15 19
13 19 13 7
2 17 10 13
14 7 7 13
3 7 9 4
10 5 16 14
7 8 13 1
3 6 5 6
9 1 17 12
3 13 13 7
16 18 2 16
9 2 18 3
5 18 4 1
