20 20
......#.....#.##.#.#
.................#..
....................
#.......##...#..#...
.#....#....#..#.....
...##.......#.......
.........#...#......
.#..................
....#....#.....#....
....................
.......#............
..#.................
........#.#.........
....................
..#...#..#.....#....
.#....#.............
.#...........##..#..
.#......#...........
.......#....#.....#.
....................
20
11 12 7 14
12 17 7 20
1 12 13 11
19 10 9 20
20 16 14 11
1 3 19 11
19 14 13 12
2 14 9 8
2 20 6 1
16 6 5 6
9 13 11 7
8 4 14 10
4 1 10 17
10 15 3 19
1 17 18 13
1 16 5 14
16 13 3 9
8 7 2 18
20 8 15 14
1 3 10 12
