20 20
...#...#.#..###.....
#...#.......####....
####....####....####
####....####....####
....................
#.##.#....#.........
...#.....#.........#
................#...
...#................
.........#........#.
...#.##.####.#.#....
.#......##.#...#....
####................
.###.....#.........#
..#.#########......#
...#########........
...#..#......#.....#
........#..#.#.#..#.
....................
....................
20
18 16 16 12
12 18 16 5
1 8 9 1
10 13 6 12
19 18 5 17
3 20 1 8
6 5 19 12
6 7 2 16
8 20 19 4
10 15 20 9
12 6 3 20
11 5 8 4
8 13 19 9
13 1 4 18
11 15 13 3
4 19 4 5
12 10 8 6
5 9 13 7
9 11 4 11
20 14 10 12
