20 20
##..#####...##...###
##...#####...#....#.
...#.##...#.########
..######....########
.##.##.###..#...#...
..####..##.#...###..
##.#.###....####.#..
###..####...##.#####
.##...##....##.#....
##....##..#.######..
..#.####..##########
..######..######...#
##.###..#...##.###..
##..###.##..##.##..#
#...##....##.#..#..#
....###...#####.##..
.#....##.###..##.###
##...#######.#...###
..#.....####........
..###...####.......#
20
19 5 18 4
4 4 5 20
11 17 13 10
4 2 15 3
10 8 6 2
1 10 10 12
16 4 3 20
2 5 13 1
2 20 17 16
1 16 17 11
5 8 7 2
4 13 7 2
11 7 2 8
1 16 2 16
14 16 2 7
9 8 5 19
5 2 8 19
14 18 16 2
2 13 1 9
9 11 5 5
