20 20
.#...#..#....#..#...
##..##.###..##...#..
#...##..##..##.....#
#.#.##..##..##..#.#.
##..#...##..##......
##..###..#..##.#....
#.##....##..........
...#....##..#.....##
...#.#.###....#...##
..##....####......##
.###....##........##
..#...#..#........##
......##.#..##.#....
....##.#....##.#....
..#..#..#...####.#.#
......#....######...
..#.........###.....
....#......###.#.#..
......####..######..
.......###..######..
20
16 3 14 8
1 3 4 8
12 13 14 10
2 8 8 3
17 18 4 19
17 1 6 2
1 1 16 3
7 8 6 17
3 7 1 1
7 1 14 20
4 12 11 14
3 4 14 17
14 5 4 14
1 3 1 16
2 18 14 9
13 10 13 15
3 18 5 17
15 7 8 13
20 6 3 18
5 7 11 13
