15 50
7 14 1 4 2 8 6 4 4 11 6 14 6 13 15 8 10 15 12 11 2 13 2 9 1 11 1 13 10 5 2 14 9 14 3 4 5 15 6 15 14 10 3 13 9 9 14 13 11 5
14 11 3 9 11 6 7 12 8 8 8 1 11 1 8 12 10 1 12 7 12 12 4 12 12 7 14 5 10 1 8 14 1 14 12 11 1 9 3 2 1 3 1 12 12 1 12 2 3 5
9 10 1 2 3 3 7 14 3 13 8 9 13 2 3 6 9 10 15 3 9 6 2 4 7 4 15 11 2 13 11 15 10 6 11 7 3 5 7 11 9 13 5 7 2 4 15 2 14 8
10 9 14 4 9 9 3 3 6 5 10 10 1 10 10 5 15 6 15 13 4 2 11 11 8 2 15 13 8 6 9 15 4 6 9 13 11 12 8 1 6 9 13 6 3 4 7 14 2 4
10 4 5 15 1 12 6 13 14 7 14 14 4 6 1 15 6 10 3 11 13 9 3 4 4 5 15 14 5 7 4 13 14 14 10 13 14 6 14 10 2 2 5 15 4 10 8 10 3 6
1 9 9 12 10 12 13 2 1 1 3 10 11 11 4 1 14 9 8 12 1 2 7 15 12 9 2 7 7 3 6 12 6 11 3 14 15 13 14 12 11 8 8 14 13 2 7 6 10 5
15 6 9 13 12 8 2 10 14 5 8 2 7 4 2 10 5 10 9 11 6 6 2 1 15 15 11 12 7 12 7 2 10 8 2 5 3 1 8 6 4 3 10 15 13 10 5 11 6 4
2 7 6 12 15 5 15 14 14 6 1 7 2 8 8 5 13 3 4 6 15 9 10 2 4 3 14 7 12 5 3 7 4 4 14 13 15 2 3 11 8 1 9 9 13 4 12 7 15 14
3 5 3 9 8 1 13 14 14 6 2 8 10 9 7 13 4 13 3 7 5 11 10 15 7 14 7 11 1 13 1 14 9 15 1 3 8 10 5 14 10 1 6 9 3 1 12 5 15 4
13 5 6 6 4 12 15 8 3 8 13 2 3 15 5 9 5 9 7 1 3 12 5 15 11 9 9 8 10 5 7 12 15 5 12 10 8 6 14 13 6 8 12 5 5 4 4 14 1 2
8 6 10 7 13 14 1 7 12 12 11 2 15 15 6 14 4 7 9 1 11 5 3 3 12 12 11 7 10 15 7 3 1 1 11 6 2 3 6 10 8 10 12 4 6 4 3 5 15 8
2 12 6 2 10 13 8 13 1 3 15 7 2 7 15 8 14 10 6 11 11 8 15 10 10 13 1 12 14 14 11 11 4 14 7 11 7 9 5 11 3 2 5 4 4 8 1 1 7 13
2 11 10 1 9 4 4 7 5 11 12 9 7 13 5 7 9 11 13 1 5 2 4 7 15 6 8 12 10 6 2 4 13 6 2 11 10 8 3 9 11 5 11 4 11 5 5 9 15 13
6 8 12 13 15 8 12 11 12 3 5 8 7 9 7 7 13 9 5 11 4 3 4 13 3 10 10 3 2 14 8 13 9 8 13 4 8 3 1 12 9 15 14 2 3 8 15 1 14 8
4 9 15 3 1 11 9 2 12 1 12 15 13 2 5 12 4 1 6 15 2 1 4 5 13 7 5 10 5 9 11 14 8 14 8 9 2 6 7 11 15 12 5 7 13 6 10 11 12 13
